project,version,total_of_test_files,total_smelled_files,test_methods,test_smells,assertionRoulette,conditionalTestLogic,duplicateAssert,eagerTest,emptyTest,exceptionHandling,globalVariable,ignoredTest,lazyTest,magicNumberRule,mysteryGuest,redundantAssertion,redundantPrint,resourceOptimism,sleepyTest,unknownTest,Physical SLOC,Logical SLOC,Cyclomatic,CyclomaticDensity,HalsteadBugs,HalsteadDifficulty,HalsteadEffort,HalsteadLength,HalsteadTime,HalsteadVocabulary,HalsteadVolume,Maintainability
steel,1.0.0,47,39,603,298,0,25,150,0,0,4,0,11,7,0,7,0,0,0,20,74,11807,12516,1461,470.25300000000004,112.23400000000001,1091.2910000000002,15920161.586999994,44682,884453.423,5208,336706.1630000002,4148.596999999999