"file","type","smells","itCount","describeCount"
"test/unit/utils.spec.js","IdenticalTestDescription","[{""startLine"":649,""endLine"":661}]",42,23
"test/unit/utils.spec.js","IdenticalTestDescription","[{""startLine"":676,""endLine"":687}]",42,23
"test/unit/utils.spec.js","IdenticalTestDescription","[{""startLine"":691,""endLine"":705}]",42,23
"test/unit/utils.spec.js","IdenticalTestDescription","[{""startLine"":731,""endLine"":752}]",42,23
"test/unit/utils.spec.js","IdenticalTestDescription","[{""startLine"":778,""endLine"":792}]",42,23
"test/unit/utils.spec.js","ConditionalTestLogic","[{""startLine"":733,""endLine"":733}]",42,23
"test/unit/utils.spec.js","NonFunctionalStatement","[{""startLine"":10,""endLine"":10}]",42,23
"test/unit/utils.spec.js","NonFunctionalStatement","[{""startLine"":16,""endLine"":16}]",42,23
"test/unit/utils.spec.js","NonFunctionalStatement","[{""startLine"":17,""endLine"":17}]",42,23
"test/unit/utils.spec.js","NonFunctionalStatement","[{""startLine"":18,""endLine"":18}]",42,23
"test/unit/utils.spec.js","NonFunctionalStatement","[{""startLine"":33,""endLine"":33}]",42,23
"test/unit/utils.spec.js","NonFunctionalStatement","[{""startLine"":39,""endLine"":39}]",42,23
"test/unit/utils.spec.js","NonFunctionalStatement","[{""startLine"":40,""endLine"":40}]",42,23
"test/unit/utils.spec.js","NonFunctionalStatement","[{""startLine"":41,""endLine"":41}]",42,23
"test/unit/utils.spec.js","NonFunctionalStatement","[{""startLine"":58,""endLine"":58}]",42,23
"test/unit/utils.spec.js","NonFunctionalStatement","[{""startLine"":63,""endLine"":63}]",42,23
"test/unit/utils.spec.js","NonFunctionalStatement","[{""startLine"":64,""endLine"":64}]",42,23
"test/unit/utils.spec.js","NonFunctionalStatement","[{""startLine"":65,""endLine"":65}]",42,23
"test/unit/utils.spec.js","NonFunctionalStatement","[{""startLine"":74,""endLine"":74}]",42,23
"test/unit/utils.spec.js","NonFunctionalStatement","[{""startLine"":75,""endLine"":75}]",42,23
"test/unit/utils.spec.js","NonFunctionalStatement","[{""startLine"":76,""endLine"":76}]",42,23
"test/unit/utils.spec.js","NonFunctionalStatement","[{""startLine"":175,""endLine"":175}]",42,23
"test/unit/utils.spec.js","NonFunctionalStatement","[{""startLine"":799,""endLine"":799}]",42,23
"test/unit/utils.spec.js","NonFunctionalStatement","[{""startLine"":800,""endLine"":800}]",42,23
"test/unit/utils.spec.js","NonFunctionalStatement","[{""startLine"":802,""endLine"":802}]",42,23
"test/unit/utils.spec.js","NonFunctionalStatement","[{""startLine"":803,""endLine"":803}]",42,23
"test/unit/utils.spec.js","NonFunctionalStatement","[{""startLine"":805,""endLine"":805}]",42,23
"test/unit/utils.spec.js","NonFunctionalStatement","[{""startLine"":806,""endLine"":806}]",42,23
"test/unit/utils.spec.js","NonFunctionalStatement","[{""startLine"":808,""endLine"":808}]",42,23
"test/unit/utils.spec.js","NonFunctionalStatement","[{""startLine"":809,""endLine"":809}]",42,23
"test/unit/utils.spec.js","SubOptimalAssert","[{""startLine"":141,""endLine"":141}]",42,23
"test/unit/utils.spec.js","SubOptimalAssert","[{""startLine"":501,""endLine"":501}]",42,23
"test/unit/utils.spec.js","SubOptimalAssert","[{""startLine"":502,""endLine"":502}]",42,23
"test/unit/utils.spec.js","SubOptimalAssert","[{""startLine"":508,""endLine"":508}]",42,23
"test/unit/utils.spec.js","SubOptimalAssert","[{""startLine"":514,""endLine"":514}]",42,23
"test/unit/utils.spec.js","SubOptimalAssert","[{""startLine"":515,""endLine"":515}]",42,23
"test/unit/utils.spec.js","SubOptimalAssert","[{""startLine"":516,""endLine"":516}]",42,23
"test/unit/utils.spec.js","VerboseStatement","[{""startLine"":6,""endLine"":24}]",42,23
"test/unit/utils.spec.js","VerboseStatement","[{""startLine"":28,""endLine"":47}]",42,23
"test/unit/utils.spec.js","VerboseStatement","[{""startLine"":51,""endLine"":69}]",42,23
"test/unit/utils.spec.js","VerboseStatement","[{""startLine"":112,""endLine"":132}]",42,23
"test/unit/utils.spec.js","VerboseStatement","[{""startLine"":500,""endLine"":530}]",42,23
"test/unit/transit.spec.js","AnonymousTest","[{""startLine"":21,""endLine"":51}]",114,45
"test/unit/transit.spec.js","IdenticalTestDescription","[{""startLine"":858,""endLine"":863}]",114,45
"test/unit/transit.spec.js","IdenticalTestDescription","[{""startLine"":865,""endLine"":868}]",114,45
"test/unit/transit.spec.js","IdenticalTestDescription","[{""startLine"":921,""endLine"":929}]",114,45
"test/unit/transit.spec.js","IdenticalTestDescription","[{""startLine"":931,""endLine"":943}]",114,45
"test/unit/transit.spec.js","IdenticalTestDescription","[{""startLine"":970,""endLine"":978}]",114,45
"test/unit/transit.spec.js","IdenticalTestDescription","[{""startLine"":1035,""endLine"":1043}]",114,45
"test/unit/transit.spec.js","IdenticalTestDescription","[{""startLine"":1045,""endLine"":1093}]",114,45
"test/unit/transit.spec.js","IdenticalTestDescription","[{""startLine"":1100,""endLine"":1106}]",114,45
"test/unit/transit.spec.js","IdenticalTestDescription","[{""startLine"":1108,""endLine"":1159}]",114,45
"test/unit/transit.spec.js","IdenticalTestDescription","[{""startLine"":1373,""endLine"":1379}]",114,45
"test/unit/transit.spec.js","IdenticalTestDescription","[{""startLine"":1381,""endLine"":1387}]",114,45
"test/unit/transit.spec.js","IdenticalTestDescription","[{""startLine"":1389,""endLine"":1392}]",114,45
"test/unit/transit.spec.js","IdenticalTestDescription","[{""startLine"":1406,""endLine"":1419}]",114,45
"test/unit/transit.spec.js","IdenticalTestDescription","[{""startLine"":1421,""endLine"":1441}]",114,45
"test/unit/transit.spec.js","IdenticalTestDescription","[{""startLine"":1443,""endLine"":1453}]",114,45
"test/unit/transit.spec.js","IdenticalTestDescription","[{""startLine"":1468,""endLine"":1481}]",114,45
"test/unit/transit.spec.js","IdenticalTestDescription","[{""startLine"":1483,""endLine"":1497}]",114,45
"test/unit/transit.spec.js","IdenticalTestDescription","[{""startLine"":1499,""endLine"":1517}]",114,45
"test/unit/transit.spec.js","IdenticalTestDescription","[{""startLine"":1532,""endLine"":1545}]",114,45
"test/unit/transit.spec.js","IdenticalTestDescription","[{""startLine"":1547,""endLine"":1602}]",114,45
"test/unit/transit.spec.js","IdenticalTestDescription","[{""startLine"":1617,""endLine"":1630}]",114,45
"test/unit/transit.spec.js","IdenticalTestDescription","[{""startLine"":1632,""endLine"":1687}]",114,45
"test/unit/transit.spec.js","IdenticalTestDescription","[{""startLine"":1702,""endLine"":1709}]",114,45
"test/unit/transit.spec.js","IdenticalTestDescription","[{""startLine"":1711,""endLine"":1773}]",114,45
"test/unit/transit.spec.js","IdenticalTestDescription","[{""startLine"":1799,""endLine"":1811}]",114,45
"test/unit/transit.spec.js","IdenticalTestDescription","[{""startLine"":1870,""endLine"":1905}]",114,45
"test/unit/transit.spec.js","IdenticalTestDescription","[{""startLine"":2524,""endLine"":2539}]",114,45
"test/unit/transit.spec.js","IdenticalTestDescription","[{""startLine"":2709,""endLine"":2724}]",114,45
"test/unit/transit.spec.js","IdenticalTestDescription","[{""startLine"":2732,""endLine"":2807}]",114,45
"test/unit/transit.spec.js","IdenticalTestDescription","[{""startLine"":2809,""endLine"":2879}]",114,45
"test/unit/transit.spec.js","IdenticalTestDescription","[{""startLine"":2881,""endLine"":2958}]",114,45
"test/unit/transit.spec.js","IdenticalTestDescription","[{""startLine"":2980,""endLine"":2989}]",114,45
"test/unit/transit.spec.js","IdenticalTestDescription","[{""startLine"":2991,""endLine"":3004}]",114,45
"test/unit/transit.spec.js","IdenticalTestDescription","[{""startLine"":3025,""endLine"":3035}]",114,45
"test/unit/transit.spec.js","IdenticalTestDescription","[{""startLine"":3037,""endLine"":3050}]",114,45
"test/unit/transit.spec.js","IdenticalTestDescription","[{""startLine"":3136,""endLine"":3149}]",114,45
"test/unit/transit.spec.js","IdenticalTestDescription","[{""startLine"":3173,""endLine"":3181}]",114,45
"test/unit/transit.spec.js","IdenticalTestDescription","[{""startLine"":3183,""endLine"":3196}]",114,45
"test/unit/transit.spec.js","IdenticalTestDescription","[{""startLine"":3220,""endLine"":3228}]",114,45
"test/unit/transit.spec.js","IdenticalTestDescription","[{""startLine"":3230,""endLine"":3243}]",114,45
"test/unit/transit.spec.js","IdenticalTestDescription","[{""startLine"":3290,""endLine"":3297}]",114,45
"test/unit/transit.spec.js","IdenticalTestDescription","[{""startLine"":3299,""endLine"":3312}]",114,45
"test/unit/transit.spec.js","NonFunctionalStatement","[{""startLine"":1942,""endLine"":1942}]",114,45
"test/unit/transit.spec.js","NonFunctionalStatement","[{""startLine"":2046,""endLine"":2046}]",114,45
"test/unit/transit.spec.js","NonFunctionalStatement","[{""startLine"":2234,""endLine"":2234}]",114,45
"test/unit/transit.spec.js","NonFunctionalStatement","[{""startLine"":2327,""endLine"":2327}]",114,45
"test/unit/transit.spec.js","NonFunctionalStatement","[{""startLine"":2736,""endLine"":2736}]",114,45
"test/unit/transit.spec.js","NonFunctionalStatement","[{""startLine"":2813,""endLine"":2813}]",114,45
"test/unit/transit.spec.js","NonFunctionalStatement","[{""startLine"":2886,""endLine"":2886}]",114,45
"test/unit/transit.spec.js","VerboseStatement","[{""startLine"":21,""endLine"":51}]",114,45
"test/unit/transit.spec.js","VerboseStatement","[{""startLine"":1238,""endLine"":1283}]",114,45
"test/unit/transit.spec.js","VerboseStatement","[{""startLine"":1285,""endLine"":1329}]",114,45
"test/unit/transit.spec.js","VerboseStatement","[{""startLine"":1711,""endLine"":1773}]",114,45
"test/unit/transit.spec.js","VerboseStatement","[{""startLine"":2682,""endLine"":2707}]",114,45
"test/unit/service.spec.js","IdenticalTestDescription","[{""startLine"":565,""endLine"":584}]",80,25
"test/unit/service.spec.js","IdenticalTestDescription","[{""startLine"":685,""endLine"":701}]",80,25
"test/unit/service.spec.js","IdenticalTestDescription","[{""startLine"":822,""endLine"":832}]",80,25
"test/unit/service.spec.js","IdenticalTestDescription","[{""startLine"":834,""endLine"":855}]",80,25
"test/unit/service.spec.js","IdenticalTestDescription","[{""startLine"":929,""endLine"":947}]",80,25
"test/unit/service.spec.js","IdenticalTestDescription","[{""startLine"":970,""endLine"":993}]",80,25
"test/unit/service.spec.js","IdenticalTestDescription","[{""startLine"":1692,""endLine"":1720}]",80,25
"test/unit/service.spec.js","IdenticalTestDescription","[{""startLine"":1724,""endLine"":1730}]",80,25
"test/unit/service.spec.js","IdenticalTestDescription","[{""startLine"":1751,""endLine"":1762}]",80,25
"test/unit/service.spec.js","IdenticalTestDescription","[{""startLine"":1766,""endLine"":1807}]",80,25
"test/unit/service.spec.js","IdenticalTestDescription","[{""startLine"":1944,""endLine"":1966}]",80,25
"test/unit/service.spec.js","IdenticalTestDescription","[{""startLine"":1970,""endLine"":2026}]",80,25
"test/unit/service.spec.js","IdenticalTestDescription","[{""startLine"":2030,""endLine"":2036}]",80,25
"test/unit/service.spec.js","IdenticalTestDescription","[{""startLine"":2040,""endLine"":2049}]",80,25
"test/unit/service.spec.js","NonFunctionalStatement","[{""startLine"":147,""endLine"":147}]",80,25
"test/unit/service.spec.js","NonFunctionalStatement","[{""startLine"":156,""endLine"":156}]",80,25
"test/unit/service.spec.js","NonFunctionalStatement","[{""startLine"":165,""endLine"":165}]",80,25
"test/unit/service.spec.js","NonFunctionalStatement","[{""startLine"":174,""endLine"":174}]",80,25
"test/unit/service.spec.js","NonFunctionalStatement","[{""startLine"":563,""endLine"":563}]",80,25
"test/unit/service.spec.js","NonFunctionalStatement","[{""startLine"":644,""endLine"":644}]",80,25
"test/unit/service.spec.js","NonFunctionalStatement","[{""startLine"":704,""endLine"":704}]",80,25
"test/unit/service.spec.js","NonFunctionalStatement","[{""startLine"":1267,""endLine"":1267}]",80,25
"test/unit/service.spec.js","NonFunctionalStatement","[{""startLine"":1431,""endLine"":1431}]",80,25
"test/unit/service.spec.js","NonFunctionalStatement","[{""startLine"":1434,""endLine"":1434}]",80,25
"test/unit/service.spec.js","NonFunctionalStatement","[{""startLine"":1434,""endLine"":1434}]",80,25
"test/unit/service.spec.js","NonFunctionalStatement","[{""startLine"":1437,""endLine"":1437}]",80,25
"test/unit/service.spec.js","NonFunctionalStatement","[{""startLine"":1442,""endLine"":1442}]",80,25
"test/unit/service.spec.js","NonFunctionalStatement","[{""startLine"":1455,""endLine"":1455}]",80,25
"test/unit/service.spec.js","NonFunctionalStatement","[{""startLine"":1459,""endLine"":1459}]",80,25
"test/unit/service.spec.js","NonFunctionalStatement","[{""startLine"":1462,""endLine"":1462}]",80,25
"test/unit/service.spec.js","NonFunctionalStatement","[{""startLine"":1466,""endLine"":1466}]",80,25
"test/unit/service.spec.js","NonFunctionalStatement","[{""startLine"":1467,""endLine"":1467}]",80,25
"test/unit/service.spec.js","NonFunctionalStatement","[{""startLine"":1468,""endLine"":1468}]",80,25
"test/unit/service.spec.js","NonFunctionalStatement","[{""startLine"":1813,""endLine"":1813}]",80,25
"test/unit/service.spec.js","NonFunctionalStatement","[{""startLine"":1818,""endLine"":1818}]",80,25
"test/unit/service.spec.js","NonFunctionalStatement","[{""startLine"":1829,""endLine"":1829}]",80,25
"test/unit/service.spec.js","NonFunctionalStatement","[{""startLine"":1836,""endLine"":1836}]",80,25
"test/unit/service.spec.js","NonFunctionalStatement","[{""startLine"":1839,""endLine"":1839}]",80,25
"test/unit/service.spec.js","NonFunctionalStatement","[{""startLine"":1879,""endLine"":1879}]",80,25
"test/unit/service.spec.js","NonFunctionalStatement","[{""startLine"":1882,""endLine"":1882}]",80,25
"test/unit/service.spec.js","NonFunctionalStatement","[{""startLine"":1888,""endLine"":1888}]",80,25
"test/unit/service.spec.js","NonFunctionalStatement","[{""startLine"":1972,""endLine"":1972}]",80,25
"test/unit/service.spec.js","NonFunctionalStatement","[{""startLine"":1977,""endLine"":1977}]",80,25
"test/unit/service.spec.js","NonFunctionalStatement","[{""startLine"":1980,""endLine"":1980}]",80,25
"test/unit/service.spec.js","NonFunctionalStatement","[{""startLine"":1990,""endLine"":1990}]",80,25
"test/unit/service.spec.js","NonFunctionalStatement","[{""startLine"":1997,""endLine"":1997}]",80,25
"test/unit/service.spec.js","NonFunctionalStatement","[{""startLine"":2000,""endLine"":2000}]",80,25
"test/unit/service.spec.js","VerboseStatement","[{""startLine"":70,""endLine"":96}]",80,25
"test/unit/service.spec.js","VerboseStatement","[{""startLine"":98,""endLine"":127}]",80,25
"test/unit/service.spec.js","VerboseStatement","[{""startLine"":220,""endLine"":293}]",80,25
"test/unit/service.spec.js","VerboseStatement","[{""startLine"":295,""endLine"":319}]",80,25
"test/unit/service.spec.js","VerboseStatement","[{""startLine"":373,""endLine"":399}]",80,25
"test/unit/service.spec.js","VerboseStatement","[{""startLine"":1410,""endLine"":1525}]",80,25
"test/unit/service-broker.spec.js","AnonymousTest","[{""startLine"":717,""endLine"":719}]",157,48
"test/unit/service-broker.spec.js","IdenticalTestDescription","[{""startLine"":640,""endLine"":656}]",157,48
"test/unit/service-broker.spec.js","IdenticalTestDescription","[{""startLine"":658,""endLine"":690}]",157,48
"test/unit/service-broker.spec.js","IdenticalTestDescription","[{""startLine"":844,""endLine"":883}]",157,48
"test/unit/service-broker.spec.js","IdenticalTestDescription","[{""startLine"":919,""endLine"":955}]",157,48
"test/unit/service-broker.spec.js","IdenticalTestDescription","[{""startLine"":1341,""endLine"":1348}]",157,48
"test/unit/service-broker.spec.js","IdenticalTestDescription","[{""startLine"":1350,""endLine"":1358}]",157,48
"test/unit/service-broker.spec.js","IdenticalTestDescription","[{""startLine"":1360,""endLine"":1367}]",157,48
"test/unit/service-broker.spec.js","IdenticalTestDescription","[{""startLine"":1369,""endLine"":1377}]",157,48
"test/unit/service-broker.spec.js","IdenticalTestDescription","[{""startLine"":1731,""endLine"":1741}]",157,48
"test/unit/service-broker.spec.js","IdenticalTestDescription","[{""startLine"":2539,""endLine"":2550}]",157,48
"test/unit/service-broker.spec.js","IdenticalTestDescription","[{""startLine"":3775,""endLine"":3806}]",157,48
"test/unit/service-broker.spec.js","IdenticalTestDescription","[{""startLine"":3937,""endLine"":3959}]",157,48
"test/unit/service-broker.spec.js","IdenticalTestDescription","[{""startLine"":3992,""endLine"":4001}]",157,48
"test/unit/service-broker.spec.js","NonFunctionalStatement","[{""startLine"":50,""endLine"":50}]",157,48
"test/unit/service-broker.spec.js","NonFunctionalStatement","[{""startLine"":1388,""endLine"":1388}]",157,48
"test/unit/service-broker.spec.js","NonFunctionalStatement","[{""startLine"":1404,""endLine"":1404}]",157,48
"test/unit/service-broker.spec.js","NonFunctionalStatement","[{""startLine"":1418,""endLine"":1418}]",157,48
"test/unit/service-broker.spec.js","NonFunctionalStatement","[{""startLine"":1511,""endLine"":1511}]",157,48
"test/unit/service-broker.spec.js","NonFunctionalStatement","[{""startLine"":1512,""endLine"":1512}]",157,48
"test/unit/service-broker.spec.js","NonFunctionalStatement","[{""startLine"":1622,""endLine"":1622}]",157,48
"test/unit/service-broker.spec.js","NonFunctionalStatement","[{""startLine"":1623,""endLine"":1623}]",157,48
"test/unit/service-broker.spec.js","SubOptimalAssert","[{""startLine"":1481,""endLine"":1481}]",157,48
"test/unit/service-broker.spec.js","SubOptimalAssert","[{""startLine"":1483,""endLine"":1483}]",157,48
"test/unit/service-broker.spec.js","SubOptimalAssert","[{""startLine"":1529,""endLine"":1529}]",157,48
"test/unit/service-broker.spec.js","SubOptimalAssert","[{""startLine"":1548,""endLine"":1548}]",157,48
"test/unit/service-broker.spec.js","SubOptimalAssert","[{""startLine"":1567,""endLine"":1567}]",157,48
"test/unit/service-broker.spec.js","SubOptimalAssert","[{""startLine"":1587,""endLine"":1587}]",157,48
"test/unit/service-broker.spec.js","SubOptimalAssert","[{""startLine"":1640,""endLine"":1640}]",157,48
"test/unit/service-broker.spec.js","SubOptimalAssert","[{""startLine"":1659,""endLine"":1659}]",157,48
"test/unit/service-broker.spec.js","SubOptimalAssert","[{""startLine"":1678,""endLine"":1678}]",157,48
"test/unit/service-broker.spec.js","SubOptimalAssert","[{""startLine"":1698,""endLine"":1698}]",157,48
"test/unit/service-broker.spec.js","SubOptimalAssert","[{""startLine"":2577,""endLine"":2577}]",157,48
"test/unit/service-broker.spec.js","VerboseStatement","[{""startLine"":99,""endLine"":150}]",157,48
"test/unit/service-broker.spec.js","VerboseStatement","[{""startLine"":152,""endLine"":318}]",157,48
"test/unit/service-broker.spec.js","VerboseStatement","[{""startLine"":592,""endLine"":618}]",157,48
"test/unit/service-broker.spec.js","VerboseStatement","[{""startLine"":658,""endLine"":690}]",157,48
"test/unit/service-broker.spec.js","VerboseStatement","[{""startLine"":3178,""endLine"":3256}]",157,48
"test/unit/service-broker.spec.js","VerboseStatement","[{""startLine"":3258,""endLine"":3298}]",157,48
"test/unit/service-broker.spec.js","VerboseStatement","[{""startLine"":3300,""endLine"":3340}]",157,48
"test/unit/service-broker.spec.js","VerboseStatement","[{""startLine"":3342,""endLine"":3383}]",157,48
"test/unit/service-broker.spec.js","VerboseStatement","[{""startLine"":3452,""endLine"":3511}]",157,48
"test/unit/service-broker.spec.js","VerboseStatement","[{""startLine"":3513,""endLine"":3577}]",157,48
"test/unit/service-broker.spec.js","VerboseStatement","[{""startLine"":3579,""endLine"":3639}]",157,48
"test/unit/service-broker.spec.js","VerboseStatement","[{""startLine"":3641,""endLine"":3706}]",157,48
"test/unit/middleware.spec.js","AnonymousTest","[{""startLine"":11,""endLine"":17}]",15,5
"test/unit/logger-factory.spec.js","AnonymousTest","[{""startLine"":19,""endLine"":25}]",16,5
"test/unit/logger-factory.spec.js","IdenticalTestDescription","[{""startLine"":57,""endLine"":74}]",16,5
"test/unit/logger-factory.spec.js","IdenticalTestDescription","[{""startLine"":210,""endLine"":236}]",16,5
"test/unit/logger-factory.spec.js","NonFunctionalStatement","[{""startLine"":10,""endLine"":10}]",16,5
"test/unit/logger-factory.spec.js","SubOptimalAssert","[{""startLine"":34,""endLine"":34}]",16,5
"test/unit/logger-factory.spec.js","SubOptimalAssert","[{""startLine"":38,""endLine"":38}]",16,5
"test/unit/logger-factory.spec.js","SubOptimalAssert","[{""startLine"":44,""endLine"":44}]",16,5
"test/unit/logger-factory.spec.js","SubOptimalAssert","[{""startLine"":63,""endLine"":63}]",16,5
"test/unit/logger-factory.spec.js","SubOptimalAssert","[{""startLine"":89,""endLine"":89}]",16,5
"test/unit/logger-factory.spec.js","SubOptimalAssert","[{""startLine"":112,""endLine"":112}]",16,5
"test/unit/logger-factory.spec.js","SubOptimalAssert","[{""startLine"":146,""endLine"":146}]",16,5
"test/unit/logger-factory.spec.js","SubOptimalAssert","[{""startLine"":173,""endLine"":173}]",16,5
"test/unit/logger-factory.spec.js","SubOptimalAssert","[{""startLine"":198,""endLine"":198}]",16,5
"test/unit/logger-factory.spec.js","SubOptimalAssert","[{""startLine"":225,""endLine"":225}]",16,5
"test/unit/logger-factory.spec.js","VerboseStatement","[{""startLine"":276,""endLine"":306}]",16,5
"test/unit/lock.spec.js","AnonymousTest","[{""startLine"":5,""endLine"":14}]",3,1
"test/unit/lock.spec.js","AnonymousTest","[{""startLine"":16,""endLine"":40}]",3,1
"test/unit/health.spec.js","VerboseStatement","[{""startLine"":12,""endLine"":48}]",1,1
"test/unit/errors.spec.js","AnonymousTest","[{""startLine"":7,""endLine"":18}]",50,8
"test/unit/errors.spec.js","AnonymousTest","[{""startLine"":20,""endLine"":34}]",50,8
"test/unit/errors.spec.js","AnonymousTest","[{""startLine"":36,""endLine"":51}]",50,8
"test/unit/errors.spec.js","AnonymousTest","[{""startLine"":53,""endLine"":68}]",50,8
"test/unit/errors.spec.js","AnonymousTest","[{""startLine"":70,""endLine"":81}]",50,8
"test/unit/errors.spec.js","AnonymousTest","[{""startLine"":83,""endLine"":95}]",50,8
"test/unit/errors.spec.js","AnonymousTest","[{""startLine"":111,""endLine"":123}]",50,8
"test/unit/errors.spec.js","AnonymousTest","[{""startLine"":139,""endLine"":153}]",50,8
"test/unit/errors.spec.js","AnonymousTest","[{""startLine"":155,""endLine"":170}]",50,8
"test/unit/errors.spec.js","AnonymousTest","[{""startLine"":172,""endLine"":187}]",50,8
"test/unit/errors.spec.js","AnonymousTest","[{""startLine"":189,""endLine"":211}]",50,8
"test/unit/errors.spec.js","AnonymousTest","[{""startLine"":213,""endLine"":226}]",50,8
"test/unit/errors.spec.js","AnonymousTest","[{""startLine"":228,""endLine"":240}]",50,8
"test/unit/errors.spec.js","AnonymousTest","[{""startLine"":242,""endLine"":252}]",50,8
"test/unit/errors.spec.js","AnonymousTest","[{""startLine"":254,""endLine"":264}]",50,8
"test/unit/errors.spec.js","AnonymousTest","[{""startLine"":266,""endLine"":279}]",50,8
"test/unit/errors.spec.js","AnonymousTest","[{""startLine"":281,""endLine"":296}]",50,8
"test/unit/errors.spec.js","AnonymousTest","[{""startLine"":298,""endLine"":310}]",50,8
"test/unit/errors.spec.js","ConditionalTestLogic","[{""startLine"":757,""endLine"":759}]",50,8
"test/unit/errors.spec.js","NonFunctionalStatement","[{""startLine"":844,""endLine"":844}]",50,8
"test/unit/errors.spec.js","VerboseStatement","[{""startLine"":189,""endLine"":211}]",50,8
"test/unit/context.spec.js","IdenticalTestDescription","[{""startLine"":665,""endLine"":684}]",45,13
"test/unit/context.spec.js","IdenticalTestDescription","[{""startLine"":707,""endLine"":727}]",45,13
"test/unit/context.spec.js","IdenticalTestDescription","[{""startLine"":779,""endLine"":796}]",45,13
"test/unit/context.spec.js","IdenticalTestDescription","[{""startLine"":816,""endLine"":830}]",45,13
"test/unit/context.spec.js","IdenticalTestDescription","[{""startLine"":832,""endLine"":848}]",45,13
"test/unit/context.spec.js","IdenticalTestDescription","[{""startLine"":959,""endLine"":970}]",45,13
"test/unit/context.spec.js","VerboseStatement","[{""startLine"":10,""endLine"":50}]",45,13
"test/unit/context.spec.js","VerboseStatement","[{""startLine"":77,""endLine"":111}]",45,13
"test/unit/context.spec.js","VerboseStatement","[{""startLine"":113,""endLine"":174}]",45,13
"test/unit/context.spec.js","VerboseStatement","[{""startLine"":176,""endLine"":248}]",45,13
"test/unit/context.spec.js","VerboseStatement","[{""startLine"":250,""endLine"":280}]",45,13
"test/unit/context.spec.js","VerboseStatement","[{""startLine"":328,""endLine"":361}]",45,13
"test/unit/context.spec.js","VerboseStatement","[{""startLine"":363,""endLine"":409}]",45,13
"test/unit/async-storage.spec.js","OvercommentedTest","[{""startLine"":27,""endLine"":76}]",14,10
"test/unit/async-storage.spec.js","IdenticalTestDescription","[{""startLine"":241,""endLine"":250}]",14,10
"test/unit/async-storage.spec.js","VerboseStatement","[{""startLine"":27,""endLine"":76}]",14,10
"test/integration/validator.spec.js","NonFunctionalStatement","[{""startLine"":16,""endLine"":16}]",3,1
"test/integration/stream.spec.js","IdenticalTestDescription","[{""startLine"":147,""endLine"":167}]",12,6
"test/integration/stream.spec.js","IdenticalTestDescription","[{""startLine"":235,""endLine"":258}]",12,6
"test/integration/stream.spec.js","IdenticalTestDescription","[{""startLine"":432,""endLine"":460}]",12,6
"test/integration/stream.spec.js","IdenticalTestDescription","[{""startLine"":543,""endLine"":575}]",12,6
"test/integration/stream.spec.js","NonFunctionalStatement","[{""startLine"":22,""endLine"":22}]",12,6
"test/integration/stream.spec.js","NonFunctionalStatement","[{""startLine"":70,""endLine"":70}]",12,6
"test/integration/stream.spec.js","NonFunctionalStatement","[{""startLine"":105,""endLine"":105}]",12,6
"test/integration/stream.spec.js","NonFunctionalStatement","[{""startLine"":207,""endLine"":207}]",12,6
"test/integration/stream.spec.js","NonFunctionalStatement","[{""startLine"":238,""endLine"":238}]",12,6
"test/integration/stream.spec.js","NonFunctionalStatement","[{""startLine"":279,""endLine"":279}]",12,6
"test/integration/stream.spec.js","NonFunctionalStatement","[{""startLine"":339,""endLine"":339}]",12,6
"test/integration/stream.spec.js","NonFunctionalStatement","[{""startLine"":379,""endLine"":379}]",12,6
"test/integration/stream.spec.js","NonFunctionalStatement","[{""startLine"":484,""endLine"":484}]",12,6
"test/integration/stream.spec.js","NonFunctionalStatement","[{""startLine"":504,""endLine"":504}]",12,6
"test/integration/stream.spec.js","NonFunctionalStatement","[{""startLine"":547,""endLine"":547}]",12,6
"test/integration/service.lifecycle.spec.js","IdenticalTestDescription","[{""startLine"":92,""endLine"":101}]",11,3
"test/integration/service.lifecycle.spec.js","IdenticalTestDescription","[{""startLine"":103,""endLine"":107}]",11,3
"test/integration/service-mixins.spec.js","AnonymousTest","[{""startLine"":721,""endLine"":723}]",30,1
"test/integration/retry.spec.js","IdenticalTestDescription","[{""startLine"":104,""endLine"":119}]",3,4
"test/integration/retry.spec.js","IdenticalTestDescription","[{""startLine"":172,""endLine"":187}]",3,4
"test/integration/registry.spec.js","AnonymousTest","[{""startLine"":175,""endLine"":200}]",10,2
"test/integration/registry.spec.js","NonFunctionalStatement","[{""startLine"":34,""endLine"":34}]",10,2
"test/integration/registry.spec.js","NonFunctionalStatement","[{""startLine"":35,""endLine"":35}]",10,2
"test/integration/registry.spec.js","NonFunctionalStatement","[{""startLine"":42,""endLine"":42}]",10,2
"test/integration/registry.spec.js","NonFunctionalStatement","[{""startLine"":43,""endLine"":43}]",10,2
"test/integration/registry.spec.js","NonFunctionalStatement","[{""startLine"":47,""endLine"":47}]",10,2
"test/integration/registry.spec.js","NonFunctionalStatement","[{""startLine"":48,""endLine"":48}]",10,2
"test/integration/registry.spec.js","NonFunctionalStatement","[{""startLine"":55,""endLine"":55}]",10,2
"test/integration/registry.spec.js","NonFunctionalStatement","[{""startLine"":57,""endLine"":57}]",10,2
"test/integration/registry.spec.js","NonFunctionalStatement","[{""startLine"":61,""endLine"":61}]",10,2
"test/integration/registry.spec.js","NonFunctionalStatement","[{""startLine"":63,""endLine"":63}]",10,2
"test/integration/registry.spec.js","NonFunctionalStatement","[{""startLine"":70,""endLine"":70}]",10,2
"test/integration/registry.spec.js","NonFunctionalStatement","[{""startLine"":71,""endLine"":71}]",10,2
"test/integration/registry.spec.js","NonFunctionalStatement","[{""startLine"":75,""endLine"":75}]",10,2
"test/integration/registry.spec.js","NonFunctionalStatement","[{""startLine"":82,""endLine"":82}]",10,2
"test/integration/registry.spec.js","SubOptimalAssert","[{""startLine"":152,""endLine"":152}]",10,2
"test/integration/registry.spec.js","SubOptimalAssert","[{""startLine"":216,""endLine"":216}]",10,2
"test/integration/middlewares.spec.js","IdenticalTestDescription","[{""startLine"":198,""endLine"":200}]",22,7
"test/integration/middlewares.spec.js","IdenticalTestDescription","[{""startLine"":275,""endLine"":277}]",22,7
"test/integration/middlewares.spec.js","IdenticalTestDescription","[{""startLine"":279,""endLine"":287}]",22,7
"test/integration/middlewares.spec.js","IdenticalTestDescription","[{""startLine"":336,""endLine"":343}]",22,7
"test/integration/middlewares.spec.js","VerboseStatement","[{""startLine"":808,""endLine"":851}]",22,7
"test/integration/event-balancer.spec.js","IdenticalTestDescription","[{""startLine"":314,""endLine"":317}]",31,2
"test/integration/event-balancer.spec.js","IdenticalTestDescription","[{""startLine"":319,""endLine"":322}]",31,2
"test/integration/event-balancer.spec.js","IdenticalTestDescription","[{""startLine"":331,""endLine"":336}]",31,2
"test/integration/event-balancer.spec.js","IdenticalTestDescription","[{""startLine"":338,""endLine"":341}]",31,2
"test/integration/event-balancer.spec.js","IdenticalTestDescription","[{""startLine"":355,""endLine"":364}]",31,2
"test/integration/event-balancer.spec.js","IdenticalTestDescription","[{""startLine"":366,""endLine"":374}]",31,2
"test/integration/event-balancer.spec.js","IdenticalTestDescription","[{""startLine"":376,""endLine"":384}]",31,2
"test/integration/broker.spec.js","IdenticalTestDescription","[{""startLine"":347,""endLine"":354}]",14,4
"test/integration/broker.spec.js","ConditionalTestLogic","[{""startLine"":65,""endLine"":67}]",14,4
"test/integration/broker.spec.js","ConditionalTestLogic","[{""startLine"":106,""endLine"":108}]",14,4
"test/integration/broker-transit.spec.js","SubOptimalAssert","[{""startLine"":104,""endLine"":104}]",7,1
"test/integration/broker-transit.spec.js","SubOptimalAssert","[{""startLine"":109,""endLine"":109}]",7,1
"test/integration/broker-transit.spec.js","SubOptimalAssert","[{""startLine"":119,""endLine"":119}]",7,1
"test/integration/broker-transit.spec.js","SubOptimalAssert","[{""startLine"":122,""endLine"":122}]",7,1
"test/integration/broker-internal.spec.js","NonFunctionalStatement","[{""startLine"":23,""endLine"":23}]",10,1
"test/integration/broker-internal.spec.js","NonFunctionalStatement","[{""startLine"":29,""endLine"":29}]",10,1
"test/integration/broker-internal.spec.js","NonFunctionalStatement","[{""startLine"":33,""endLine"":33}]",10,1
"test/integration/broker-internal.spec.js","NonFunctionalStatement","[{""startLine"":34,""endLine"":34}]",10,1
"test/integration/broker-internal.spec.js","NonFunctionalStatement","[{""startLine"":42,""endLine"":42}]",10,1
"test/unit/validators/base.spec.js","IdenticalTestDescription","[{""startLine"":147,""endLine"":181}]",19,9
"test/unit/validators/base.spec.js","IdenticalTestDescription","[{""startLine"":183,""endLine"":210}]",19,9
"test/unit/validators/base.spec.js","IdenticalTestDescription","[{""startLine"":219,""endLine"":252}]",19,9
"test/unit/validators/base.spec.js","IdenticalTestDescription","[{""startLine"":254,""endLine"":267}]",19,9
"test/unit/validators/base.spec.js","IdenticalTestDescription","[{""startLine"":276,""endLine"":283}]",19,9
"test/unit/validators/base.spec.js","IdenticalTestDescription","[{""startLine"":320,""endLine"":345}]",19,9
"test/unit/validators/base.spec.js","IdenticalTestDescription","[{""startLine"":367,""endLine"":401}]",19,9
"test/unit/validators/base.spec.js","IdenticalTestDescription","[{""startLine"":403,""endLine"":428}]",19,9
"test/unit/validators/base.spec.js","IdenticalTestDescription","[{""startLine"":437,""endLine"":470}]",19,9
"test/unit/validators/base.spec.js","IdenticalTestDescription","[{""startLine"":472,""endLine"":485}]",19,9
"test/unit/transporters/tcp.spec.js","AnonymousTest","[{""startLine"":48,""endLine"":75}]",54,20
"test/unit/transporters/tcp.spec.js","AnonymousTest","[{""startLine"":114,""endLine"":121}]",54,20
"test/unit/transporters/tcp.spec.js","AnonymousTest","[{""startLine"":141,""endLine"":163}]",54,20
"test/unit/transporters/tcp.spec.js","AnonymousTest","[{""startLine"":187,""endLine"":203}]",54,20
"test/unit/transporters/tcp.spec.js","AnonymousTest","[{""startLine"":383,""endLine"":398}]",54,20
"test/unit/transporters/tcp.spec.js","AnonymousTest","[{""startLine"":431,""endLine"":442}]",54,20
"test/unit/transporters/tcp.spec.js","AnonymousTest","[{""startLine"":518,""endLine"":523}]",54,20
"test/unit/transporters/tcp.spec.js","AnonymousTest","[{""startLine"":542,""endLine"":547}]",54,20
"test/unit/transporters/tcp.spec.js","OvercommentedTest","[{""startLine"":1195,""endLine"":1244}]",54,20
"test/unit/transporters/tcp.spec.js","OvercommentedTest","[{""startLine"":1246,""endLine"":1320}]",54,20
"test/unit/transporters/tcp.spec.js","OvercommentedTest","[{""startLine"":1331,""endLine"":1400}]",54,20
"test/unit/transporters/tcp.spec.js","IdenticalTestDescription","[{""startLine"":927,""endLine"":936}]",54,20
"test/unit/transporters/tcp.spec.js","IdenticalTestDescription","[{""startLine"":938,""endLine"":946}]",54,20
"test/unit/transporters/tcp.spec.js","IdenticalTestDescription","[{""startLine"":948,""endLine"":956}]",54,20
"test/unit/transporters/tcp.spec.js","IdenticalTestDescription","[{""startLine"":958,""endLine"":969}]",54,20
"test/unit/transporters/tcp.spec.js","IdenticalTestDescription","[{""startLine"":1331,""endLine"":1400}]",54,20
"test/unit/transporters/tcp.spec.js","SubOptimalAssert","[{""startLine"":336,""endLine"":336}]",54,20
"test/unit/transporters/tcp.spec.js","VerboseStatement","[{""startLine"":1246,""endLine"":1320}]",54,20
"test/unit/transporters/tcp.spec.js","VerboseStatement","[{""startLine"":1331,""endLine"":1400}]",54,20
"test/unit/transporters/stan.spec.js","AnonymousTest","[{""startLine"":39,""endLine"":46}]",16,3
"test/unit/transporters/stan.spec.js","AnonymousTest","[{""startLine"":86,""endLine"":113}]",16,3
"test/unit/transporters/stan.spec.js","AnonymousTest","[{""startLine"":169,""endLine"":182}]",16,3
"test/unit/transporters/stan.spec.js","AnonymousTest","[{""startLine"":202,""endLine"":235}]",16,3
"test/unit/transporters/stan.spec.js","AnonymousTest","[{""startLine"":237,""endLine"":278}]",16,3
"test/unit/transporters/stan.spec.js","AnonymousTest","[{""startLine"":280,""endLine"":333}]",16,3
"test/unit/transporters/stan.spec.js","AnonymousTest","[{""startLine"":369,""endLine"":388}]",16,3
"test/unit/transporters/stan.spec.js","AnonymousTest","[{""startLine"":390,""endLine"":407}]",16,3
"test/unit/transporters/stan.spec.js","GeneralFixture","[{""startLine"":190,""endLine"":190}]",16,3
"test/unit/transporters/stan.spec.js","VerboseStatement","[{""startLine"":237,""endLine"":278}]",16,3
"test/unit/transporters/stan.spec.js","VerboseStatement","[{""startLine"":280,""endLine"":333}]",16,3
"test/unit/transporters/redis.spec.js","AnonymousTest","[{""startLine"":38,""endLine"":45}]",12,6
"test/unit/transporters/redis.spec.js","AnonymousTest","[{""startLine"":140,""endLine"":163}]",12,6
"test/unit/transporters/redis.spec.js","AnonymousTest","[{""startLine"":207,""endLine"":221}]",12,6
"test/unit/transporters/redis.spec.js","AnonymousTest","[{""startLine"":255,""endLine"":261}]",12,6
"test/unit/transporters/redis.spec.js","AnonymousTest","[{""startLine"":271,""endLine"":285}]",12,6
"test/unit/transporters/redis.spec.js","GeneralFixture","[{""startLine"":229,""endLine"":229}]",12,6
"test/unit/transporters/redis.spec.js","SubOptimalAssert","[{""startLine"":102,""endLine"":102}]",12,6
"test/unit/transporters/nats.spec.js","AnonymousTest","[{""startLine"":65,""endLine"":73}]",40,11
"test/unit/transporters/nats.spec.js","AnonymousTest","[{""startLine"":117,""endLine"":153}]",40,11
"test/unit/transporters/nats.spec.js","AnonymousTest","[{""startLine"":209,""endLine"":226}]",40,11
"test/unit/transporters/nats.spec.js","AnonymousTest","[{""startLine"":246,""endLine"":263}]",40,11
"test/unit/transporters/nats.spec.js","AnonymousTest","[{""startLine"":265,""endLine"":287}]",40,11
"test/unit/transporters/nats.spec.js","AnonymousTest","[{""startLine"":411,""endLine"":432}]",40,11
"test/unit/transporters/nats.spec.js","AnonymousTest","[{""startLine"":434,""endLine"":454}]",40,11
"test/unit/transporters/nats.spec.js","AnonymousTest","[{""startLine"":475,""endLine"":483}]",40,11
"test/unit/transporters/nats.spec.js","AnonymousTest","[{""startLine"":562,""endLine"":573}]",40,11
"test/unit/transporters/nats.spec.js","AnonymousTest","[{""startLine"":605,""endLine"":623}]",40,11
"test/unit/transporters/nats.spec.js","AnonymousTest","[{""startLine"":643,""endLine"":662}]",40,11
"test/unit/transporters/nats.spec.js","AnonymousTest","[{""startLine"":664,""endLine"":688}]",40,11
"test/unit/transporters/nats.spec.js","AnonymousTest","[{""startLine"":804,""endLine"":825}]",40,11
"test/unit/transporters/nats.spec.js","AnonymousTest","[{""startLine"":827,""endLine"":847}]",40,11
"test/unit/transporters/nats.spec.js","IdenticalTestDescription","[{""startLine"":475,""endLine"":483}]",40,11
"test/unit/transporters/nats.spec.js","IdenticalTestDescription","[{""startLine"":485,""endLine"":493}]",40,11
"test/unit/transporters/nats.spec.js","IdenticalTestDescription","[{""startLine"":507,""endLine"":517}]",40,11
"test/unit/transporters/nats.spec.js","IdenticalTestDescription","[{""startLine"":519,""endLine"":524}]",40,11
"test/unit/transporters/nats.spec.js","IdenticalTestDescription","[{""startLine"":562,""endLine"":573}]",40,11
"test/unit/transporters/nats.spec.js","IdenticalTestDescription","[{""startLine"":575,""endLine"":588}]",40,11
"test/unit/transporters/nats.spec.js","IdenticalTestDescription","[{""startLine"":605,""endLine"":623}]",40,11
"test/unit/transporters/nats.spec.js","IdenticalTestDescription","[{""startLine"":643,""endLine"":662}]",40,11
"test/unit/transporters/nats.spec.js","IdenticalTestDescription","[{""startLine"":664,""endLine"":688}]",40,11
"test/unit/transporters/nats.spec.js","IdenticalTestDescription","[{""startLine"":691,""endLine"":725}]",40,11
"test/unit/transporters/nats.spec.js","IdenticalTestDescription","[{""startLine"":727,""endLine"":737}]",40,11
"test/unit/transporters/nats.spec.js","IdenticalTestDescription","[{""startLine"":739,""endLine"":749}]",40,11
"test/unit/transporters/nats.spec.js","IdenticalTestDescription","[{""startLine"":751,""endLine"":761}]",40,11
"test/unit/transporters/nats.spec.js","IdenticalTestDescription","[{""startLine"":764,""endLine"":782}]",40,11
"test/unit/transporters/nats.spec.js","IdenticalTestDescription","[{""startLine"":784,""endLine"":802}]",40,11
"test/unit/transporters/nats.spec.js","IdenticalTestDescription","[{""startLine"":804,""endLine"":825}]",40,11
"test/unit/transporters/nats.spec.js","IdenticalTestDescription","[{""startLine"":827,""endLine"":847}]",40,11
"test/unit/transporters/mqtt.spec.js","AnonymousTest","[{""startLine"":26,""endLine"":32}]",17,5
"test/unit/transporters/mqtt.spec.js","AnonymousTest","[{""startLine"":57,""endLine"":71}]",17,5
"test/unit/transporters/mqtt.spec.js","AnonymousTest","[{""startLine"":106,""endLine"":117}]",17,5
"test/unit/transporters/mqtt.spec.js","AnonymousTest","[{""startLine"":140,""endLine"":150}]",17,5
"test/unit/transporters/mqtt.spec.js","AnonymousTest","[{""startLine"":159,""endLine"":178}]",17,5
"test/unit/transporters/mqtt.spec.js","AnonymousTest","[{""startLine"":201,""endLine"":213}]",17,5
"test/unit/transporters/mqtt.spec.js","AnonymousTest","[{""startLine"":215,""endLine"":229}]",17,5
"test/unit/transporters/mqtt.spec.js","AnonymousTest","[{""startLine"":264,""endLine"":274}]",17,5
"test/unit/transporters/mqtt.spec.js","AnonymousTest","[{""startLine"":283,""endLine"":302}]",17,5
"test/unit/transporters/mqtt.spec.js","GeneralFixture","[{""startLine"":250,""endLine"":250}]",17,5
"test/unit/transporters/mqtt.spec.js","IdenticalTestDescription","[{""startLine"":201,""endLine"":213}]",17,5
"test/unit/transporters/mqtt.spec.js","IdenticalTestDescription","[{""startLine"":215,""endLine"":229}]",17,5
"test/unit/transporters/mqtt.spec.js","IdenticalTestDescription","[{""startLine"":264,""endLine"":274}]",17,5
"test/unit/transporters/mqtt.spec.js","IdenticalTestDescription","[{""startLine"":276,""endLine"":281}]",17,5
"test/unit/transporters/mqtt.spec.js","IdenticalTestDescription","[{""startLine"":283,""endLine"":302}]",17,5
"test/unit/transporters/kafka.spec.js","AnonymousTest","[{""startLine"":40,""endLine"":62}]",11,4
"test/unit/transporters/kafka.spec.js","AnonymousTest","[{""startLine"":116,""endLine"":128}]",11,4
"test/unit/transporters/kafka.spec.js","AnonymousTest","[{""startLine"":163,""endLine"":178}]",11,4
"test/unit/transporters/kafka.spec.js","AnonymousTest","[{""startLine"":199,""endLine"":239}]",11,4
"test/unit/transporters/kafka.spec.js","AnonymousTest","[{""startLine"":305,""endLine"":325}]",11,4
"test/unit/transporters/kafka.spec.js","GeneralFixture","[{""startLine"":292,""endLine"":292}]",11,4
"test/unit/transporters/kafka.spec.js","VerboseStatement","[{""startLine"":199,""endLine"":239}]",11,4
"test/unit/transporters/index.spec.js","IdenticalTestDescription","[{""startLine"":121,""endLine"":137}]",29,9
"test/unit/transporters/index.spec.js","IdenticalTestDescription","[{""startLine"":242,""endLine"":246}]",29,9
"test/unit/transporters/fake.spec.js","AnonymousTest","[{""startLine"":12,""endLine"":16}]",5,1
"test/unit/transporters/fake.spec.js","AnonymousTest","[{""startLine"":18,""endLine"":25}]",5,1
"test/unit/transporters/fake.spec.js","AnonymousTest","[{""startLine"":27,""endLine"":32}]",5,1
"test/unit/transporters/fake.spec.js","AnonymousTest","[{""startLine"":34,""endLine"":54}]",5,1
"test/unit/transporters/fake.spec.js","AnonymousTest","[{""startLine"":56,""endLine"":70}]",5,1
"test/unit/transporters/fake.spec.js","VerboseStatement","[{""startLine"":34,""endLine"":54}]",5,1
"test/unit/transporters/base.spec.js","AnonymousTest","[{""startLine"":9,""endLine"":30}]",37,6
"test/unit/transporters/base.spec.js","AnonymousTest","[{""startLine"":39,""endLine"":58}]",37,6
"test/unit/transporters/base.spec.js","AnonymousTest","[{""startLine"":60,""endLine"":76}]",37,6
"test/unit/transporters/base.spec.js","AnonymousTest","[{""startLine"":78,""endLine"":91}]",37,6
"test/unit/transporters/base.spec.js","AnonymousTest","[{""startLine"":93,""endLine"":104}]",37,6
"test/unit/transporters/base.spec.js","IdenticalTestDescription","[{""startLine"":295,""endLine"":309}]",37,6
"test/unit/transporters/base.spec.js","IdenticalTestDescription","[{""startLine"":464,""endLine"":470}]",37,6
"test/unit/transporters/base.spec.js","IdenticalTestDescription","[{""startLine"":472,""endLine"":482}]",37,6
"test/unit/transporters/base.spec.js","IdenticalTestDescription","[{""startLine"":484,""endLine"":490}]",37,6
"test/unit/transporters/base.spec.js","IdenticalTestDescription","[{""startLine"":492,""endLine"":502}]",37,6
"test/unit/transporters/base.spec.js","IdenticalTestDescription","[{""startLine"":504,""endLine"":510}]",37,6
"test/unit/transporters/base.spec.js","IdenticalTestDescription","[{""startLine"":512,""endLine"":518}]",37,6
"test/unit/transporters/base.spec.js","IdenticalTestDescription","[{""startLine"":520,""endLine"":526}]",37,6
"test/unit/transporters/base.spec.js","IdenticalTestDescription","[{""startLine"":528,""endLine"":531}]",37,6
"test/unit/transporters/base.spec.js","IdenticalTestDescription","[{""startLine"":533,""endLine"":536}]",37,6
"test/unit/transporters/base.spec.js","IdenticalTestDescription","[{""startLine"":538,""endLine"":541}]",37,6
"test/unit/transporters/base.spec.js","IdenticalTestDescription","[{""startLine"":543,""endLine"":546}]",37,6
"test/unit/transporters/base.spec.js","IdenticalTestDescription","[{""startLine"":548,""endLine"":551}]",37,6
"test/unit/transporters/base.spec.js","IdenticalTestDescription","[{""startLine"":553,""endLine"":556}]",37,6
"test/unit/transporters/base.spec.js","VerboseStatement","[{""startLine"":9,""endLine"":30}]",37,6
"test/unit/transporters/amqp10.spec.js","AnonymousTest","[{""startLine"":78,""endLine"":91}]",20,5
"test/unit/transporters/amqp10.spec.js","AnonymousTest","[{""startLine"":119,""endLine"":141}]",20,5
"test/unit/transporters/amqp10.spec.js","AnonymousTest","[{""startLine"":371,""endLine"":394}]",20,5
"test/unit/transporters/amqp10.spec.js","AnonymousTest","[{""startLine"":396,""endLine"":421}]",20,5
"test/unit/transporters/amqp10.spec.js","AnonymousTest","[{""startLine"":487,""endLine"":516}]",20,5
"test/unit/transporters/amqp10.spec.js","AnonymousTest","[{""startLine"":518,""endLine"":545}]",20,5
"test/unit/transporters/amqp10.spec.js","GeneralFixture","[{""startLine"":227,""endLine"":232}]",20,5
"test/unit/transporters/amqp10.spec.js","GeneralFixture","[{""startLine"":429,""endLine"":429}]",20,5
"test/unit/transporters/amqp.spec.js","AnonymousTest","[{""startLine"":100,""endLine"":132}]",22,5
"test/unit/transporters/amqp.spec.js","AnonymousTest","[{""startLine"":215,""endLine"":243}]",22,5
"test/unit/transporters/amqp.spec.js","AnonymousTest","[{""startLine"":534,""endLine"":557}]",22,5
"test/unit/transporters/amqp.spec.js","AnonymousTest","[{""startLine"":559,""endLine"":582}]",22,5
"test/unit/transporters/amqp.spec.js","AnonymousTest","[{""startLine"":633,""endLine"":653}]",22,5
"test/unit/transporters/amqp.spec.js","AnonymousTest","[{""startLine"":655,""endLine"":673}]",22,5
"test/unit/transporters/amqp.spec.js","GeneralFixture","[{""startLine"":336,""endLine"":341}]",22,5
"test/unit/transporters/amqp.spec.js","GeneralFixture","[{""startLine"":590,""endLine"":590}]",22,5
"test/unit/tracing/tracer.spec.js","IdenticalTestDescription","[{""startLine"":573,""endLine"":584}]",24,10
"test/unit/tracing/tracer.spec.js","SubOptimalAssert","[{""startLine"":183,""endLine"":183}]",24,10
"test/unit/tracing/tracer.spec.js","SubOptimalAssert","[{""startLine"":214,""endLine"":214}]",24,10
"test/unit/tracing/tracer.spec.js","VerboseStatement","[{""startLine"":192,""endLine"":231}]",24,10
"test/unit/tracing/span.spec.js","VerboseStatement","[{""startLine"":27,""endLine"":55}]",16,9
"test/unit/tracing/span.spec.js","VerboseStatement","[{""startLine"":57,""endLine"":110}]",16,9
"test/unit/tracing/span.spec.js","VerboseStatement","[{""startLine"":112,""endLine"":164}]",16,9
"test/unit/tracing/rate-limiter.spec.js","IdenticalTestDescription","[{""startLine"":38,""endLine"":48}]",7,3
"test/unit/tracing/rate-limiter.spec.js","VerboseStatement","[{""startLine"":57,""endLine"":108}]",7,3
"test/unit/tracing/rate-limiter.spec.js","VerboseStatement","[{""startLine"":110,""endLine"":145}]",7,3
"test/unit/tracing/rate-limiter.spec.js","VerboseStatement","[{""startLine"":147,""endLine"":182}]",7,3
"test/unit/tracing/rate-limiter.spec.js","VerboseStatement","[{""startLine"":184,""endLine"":218}]",7,3
"test/unit/strategies/shard.spec.js","IdenticalTestDescription","[{""startLine"":135,""endLine"":147}]",21,8
"test/unit/strategies/shard.spec.js","SubOptimalAssert","[{""startLine"":409,""endLine"":409}]",21,8
"test/unit/strategies/shard.spec.js","SubOptimalAssert","[{""startLine"":411,""endLine"":411}]",21,8
"test/unit/strategies/shard.spec.js","SubOptimalAssert","[{""startLine"":421,""endLine"":421}]",21,8
"test/unit/strategies/shard.spec.js","SubOptimalAssert","[{""startLine"":422,""endLine"":422}]",21,8
"test/unit/strategies/shard.spec.js","SubOptimalAssert","[{""startLine"":427,""endLine"":427}]",21,8
"test/unit/strategies/shard.spec.js","VerboseStatement","[{""startLine"":149,""endLine"":252}]",21,8
"test/unit/strategies/shard.spec.js","VerboseStatement","[{""startLine"":455,""endLine"":606}]",21,8
"test/unit/strategies/round-robin.spec.js","VerboseStatement","[{""startLine"":6,""endLine"":27}]",1,1
"test/unit/strategies/latency.spec.js","IdenticalTestDescription","[{""startLine"":153,""endLine"":193}]",20,8
"test/unit/strategies/latency.spec.js","SubOptimalAssert","[{""startLine"":226,""endLine"":226}]",20,8
"test/unit/strategies/latency.spec.js","SubOptimalAssert","[{""startLine"":228,""endLine"":228}]",20,8
"test/unit/strategies/latency.spec.js","VerboseStatement","[{""startLine"":12,""endLine"":54}]",20,8
"test/unit/strategies/latency.spec.js","VerboseStatement","[{""startLine"":200,""endLine"":229}]",20,8
"test/unit/strategies/index.spec.js","IdenticalTestDescription","[{""startLine"":45,""endLine"":49}]",8,2
"test/unit/serializers/thrift.spec.js","SubOptimalAssert","[{""startLine"":26,""endLine"":26}]",24,3
"test/unit/serializers/thrift.spec.js","SubOptimalAssert","[{""startLine"":40,""endLine"":40}]",24,3
"test/unit/serializers/thrift.spec.js","SubOptimalAssert","[{""startLine"":53,""endLine"":53}]",24,3
"test/unit/serializers/thrift.spec.js","SubOptimalAssert","[{""startLine"":93,""endLine"":93}]",24,3
"test/unit/serializers/thrift.spec.js","SubOptimalAssert","[{""startLine"":120,""endLine"":120}]",24,3
"test/unit/serializers/thrift.spec.js","SubOptimalAssert","[{""startLine"":148,""endLine"":148}]",24,3
"test/unit/serializers/thrift.spec.js","SubOptimalAssert","[{""startLine"":172,""endLine"":172}]",24,3
"test/unit/serializers/thrift.spec.js","SubOptimalAssert","[{""startLine"":195,""endLine"":195}]",24,3
"test/unit/serializers/thrift.spec.js","SubOptimalAssert","[{""startLine"":225,""endLine"":225}]",24,3
"test/unit/serializers/thrift.spec.js","SubOptimalAssert","[{""startLine"":255,""endLine"":255}]",24,3
"test/unit/serializers/thrift.spec.js","SubOptimalAssert","[{""startLine"":286,""endLine"":286}]",24,3
"test/unit/serializers/thrift.spec.js","SubOptimalAssert","[{""startLine"":313,""endLine"":313}]",24,3
"test/unit/serializers/thrift.spec.js","SubOptimalAssert","[{""startLine"":332,""endLine"":332}]",24,3
"test/unit/serializers/thrift.spec.js","SubOptimalAssert","[{""startLine"":356,""endLine"":356}]",24,3
"test/unit/serializers/thrift.spec.js","SubOptimalAssert","[{""startLine"":375,""endLine"":375}]",24,3
"test/unit/serializers/thrift.spec.js","SubOptimalAssert","[{""startLine"":410,""endLine"":410}]",24,3
"test/unit/serializers/thrift.spec.js","SubOptimalAssert","[{""startLine"":425,""endLine"":425}]",24,3
"test/unit/serializers/thrift.spec.js","SubOptimalAssert","[{""startLine"":445,""endLine"":445}]",24,3
"test/unit/serializers/thrift.spec.js","SubOptimalAssert","[{""startLine"":470,""endLine"":470}]",24,3
"test/unit/serializers/thrift.spec.js","SubOptimalAssert","[{""startLine"":482,""endLine"":482}]",24,3
"test/unit/serializers/thrift.spec.js","SubOptimalAssert","[{""startLine"":502,""endLine"":502}]",24,3
"test/unit/serializers/thrift.spec.js","SubOptimalAssert","[{""startLine"":514,""endLine"":514}]",24,3
"test/unit/serializers/thrift.spec.js","SubOptimalAssert","[{""startLine"":534,""endLine"":534}]",24,3
"test/unit/serializers/protobuf.spec.js","SubOptimalAssert","[{""startLine"":26,""endLine"":26}]",24,3
"test/unit/serializers/protobuf.spec.js","SubOptimalAssert","[{""startLine"":40,""endLine"":40}]",24,3
"test/unit/serializers/protobuf.spec.js","SubOptimalAssert","[{""startLine"":53,""endLine"":53}]",24,3
"test/unit/serializers/protobuf.spec.js","SubOptimalAssert","[{""startLine"":93,""endLine"":93}]",24,3
"test/unit/serializers/protobuf.spec.js","SubOptimalAssert","[{""startLine"":120,""endLine"":120}]",24,3
"test/unit/serializers/protobuf.spec.js","SubOptimalAssert","[{""startLine"":148,""endLine"":148}]",24,3
"test/unit/serializers/protobuf.spec.js","SubOptimalAssert","[{""startLine"":172,""endLine"":172}]",24,3
"test/unit/serializers/protobuf.spec.js","SubOptimalAssert","[{""startLine"":195,""endLine"":195}]",24,3
"test/unit/serializers/protobuf.spec.js","SubOptimalAssert","[{""startLine"":225,""endLine"":225}]",24,3
"test/unit/serializers/protobuf.spec.js","SubOptimalAssert","[{""startLine"":255,""endLine"":255}]",24,3
"test/unit/serializers/protobuf.spec.js","SubOptimalAssert","[{""startLine"":286,""endLine"":286}]",24,3
"test/unit/serializers/protobuf.spec.js","SubOptimalAssert","[{""startLine"":313,""endLine"":313}]",24,3
"test/unit/serializers/protobuf.spec.js","SubOptimalAssert","[{""startLine"":331,""endLine"":331}]",24,3
"test/unit/serializers/protobuf.spec.js","SubOptimalAssert","[{""startLine"":355,""endLine"":355}]",24,3
"test/unit/serializers/protobuf.spec.js","SubOptimalAssert","[{""startLine"":373,""endLine"":373}]",24,3
"test/unit/serializers/protobuf.spec.js","SubOptimalAssert","[{""startLine"":408,""endLine"":408}]",24,3
"test/unit/serializers/protobuf.spec.js","SubOptimalAssert","[{""startLine"":423,""endLine"":423}]",24,3
"test/unit/serializers/protobuf.spec.js","SubOptimalAssert","[{""startLine"":447,""endLine"":447}]",24,3
"test/unit/serializers/protobuf.spec.js","SubOptimalAssert","[{""startLine"":480,""endLine"":480}]",24,3
"test/unit/serializers/protobuf.spec.js","SubOptimalAssert","[{""startLine"":492,""endLine"":492}]",24,3
"test/unit/serializers/protobuf.spec.js","SubOptimalAssert","[{""startLine"":512,""endLine"":512}]",24,3
"test/unit/serializers/protobuf.spec.js","SubOptimalAssert","[{""startLine"":524,""endLine"":524}]",24,3
"test/unit/serializers/protobuf.spec.js","SubOptimalAssert","[{""startLine"":544,""endLine"":544}]",24,3
"test/unit/serializers/notepack.spec.js","SubOptimalAssert","[{""startLine"":36,""endLine"":36}]",6,2
"test/unit/serializers/notepack.spec.js","SubOptimalAssert","[{""startLine"":61,""endLine"":61}]",6,2
"test/unit/serializers/notepack.spec.js","SubOptimalAssert","[{""startLine"":86,""endLine"":86}]",6,2
"test/unit/serializers/notepack.spec.js","SubOptimalAssert","[{""startLine"":111,""endLine"":111}]",6,2
"test/unit/serializers/notepack.spec.js","SubOptimalAssert","[{""startLine"":136,""endLine"":136}]",6,2
"test/unit/serializers/msgpack.spec.js","SubOptimalAssert","[{""startLine"":36,""endLine"":36}]",6,2
"test/unit/serializers/msgpack.spec.js","SubOptimalAssert","[{""startLine"":61,""endLine"":61}]",6,2
"test/unit/serializers/msgpack.spec.js","SubOptimalAssert","[{""startLine"":87,""endLine"":87}]",6,2
"test/unit/serializers/msgpack.spec.js","SubOptimalAssert","[{""startLine"":113,""endLine"":113}]",6,2
"test/unit/serializers/msgpack.spec.js","SubOptimalAssert","[{""startLine"":139,""endLine"":139}]",6,2
"test/unit/serializers/json.spec.js","SubOptimalAssert","[{""startLine"":34,""endLine"":34}]",2,2
"test/unit/serializers/index.spec.js","IdenticalTestDescription","[{""startLine"":39,""endLine"":43}]",8,2
"test/unit/serializers/cbor.spec.js","SubOptimalAssert","[{""startLine"":36,""endLine"":36}]",10,2
"test/unit/serializers/cbor.spec.js","SubOptimalAssert","[{""startLine"":61,""endLine"":61}]",10,2
"test/unit/serializers/cbor.spec.js","SubOptimalAssert","[{""startLine"":86,""endLine"":86}]",10,2
"test/unit/serializers/cbor.spec.js","SubOptimalAssert","[{""startLine"":111,""endLine"":111}]",10,2
"test/unit/serializers/cbor.spec.js","SubOptimalAssert","[{""startLine"":136,""endLine"":136}]",10,2
"test/unit/serializers/cbor.spec.js","SubOptimalAssert","[{""startLine"":161,""endLine"":161}]",10,2
"test/unit/serializers/base.spec.js","AnonymousTest","[{""startLine"":6,""endLine"":12}]",26,3
"test/unit/serializers/base.spec.js","AnonymousTest","[{""startLine"":14,""endLine"":20}]",26,3
"test/unit/serializers/base.spec.js","IdenticalTestDescription","[{""startLine"":321,""endLine"":347}]",26,3
"test/unit/serializers/base.spec.js","IdenticalTestDescription","[{""startLine"":349,""endLine"":366}]",26,3
"test/unit/serializers/base.spec.js","IdenticalTestDescription","[{""startLine"":389,""endLine"":406}]",26,3
"test/unit/serializers/base.spec.js","IdenticalTestDescription","[{""startLine"":408,""endLine"":427}]",26,3
"test/unit/serializers/base.spec.js","IdenticalTestDescription","[{""startLine"":452,""endLine"":473}]",26,3
"test/unit/serializers/base.spec.js","IdenticalTestDescription","[{""startLine"":475,""endLine"":496}]",26,3
"test/unit/serializers/base.spec.js","IdenticalTestDescription","[{""startLine"":498,""endLine"":519}]",26,3
"test/unit/serializers/base.spec.js","IdenticalTestDescription","[{""startLine"":546,""endLine"":569}]",26,3
"test/unit/serializers/base.spec.js","IdenticalTestDescription","[{""startLine"":571,""endLine"":594}]",26,3
"test/unit/serializers/avro.spec.js","SubOptimalAssert","[{""startLine"":26,""endLine"":26}]",24,3
"test/unit/serializers/avro.spec.js","SubOptimalAssert","[{""startLine"":40,""endLine"":40}]",24,3
"test/unit/serializers/avro.spec.js","SubOptimalAssert","[{""startLine"":53,""endLine"":53}]",24,3
"test/unit/serializers/avro.spec.js","SubOptimalAssert","[{""startLine"":93,""endLine"":93}]",24,3
"test/unit/serializers/avro.spec.js","SubOptimalAssert","[{""startLine"":120,""endLine"":120}]",24,3
"test/unit/serializers/avro.spec.js","SubOptimalAssert","[{""startLine"":148,""endLine"":148}]",24,3
"test/unit/serializers/avro.spec.js","SubOptimalAssert","[{""startLine"":172,""endLine"":172}]",24,3
"test/unit/serializers/avro.spec.js","SubOptimalAssert","[{""startLine"":195,""endLine"":195}]",24,3
"test/unit/serializers/avro.spec.js","SubOptimalAssert","[{""startLine"":225,""endLine"":225}]",24,3
"test/unit/serializers/avro.spec.js","SubOptimalAssert","[{""startLine"":255,""endLine"":255}]",24,3
"test/unit/serializers/avro.spec.js","SubOptimalAssert","[{""startLine"":286,""endLine"":286}]",24,3
"test/unit/serializers/avro.spec.js","SubOptimalAssert","[{""startLine"":313,""endLine"":313}]",24,3
"test/unit/serializers/avro.spec.js","SubOptimalAssert","[{""startLine"":332,""endLine"":332}]",24,3
"test/unit/serializers/avro.spec.js","SubOptimalAssert","[{""startLine"":356,""endLine"":356}]",24,3
"test/unit/serializers/avro.spec.js","SubOptimalAssert","[{""startLine"":375,""endLine"":375}]",24,3
"test/unit/serializers/avro.spec.js","SubOptimalAssert","[{""startLine"":410,""endLine"":410}]",24,3
"test/unit/serializers/avro.spec.js","SubOptimalAssert","[{""startLine"":425,""endLine"":425}]",24,3
"test/unit/serializers/avro.spec.js","SubOptimalAssert","[{""startLine"":441,""endLine"":441}]",24,3
"test/unit/serializers/avro.spec.js","SubOptimalAssert","[{""startLine"":461,""endLine"":461}]",24,3
"test/unit/serializers/avro.spec.js","SubOptimalAssert","[{""startLine"":474,""endLine"":474}]",24,3
"test/unit/serializers/avro.spec.js","SubOptimalAssert","[{""startLine"":495,""endLine"":495}]",24,3
"test/unit/serializers/avro.spec.js","SubOptimalAssert","[{""startLine"":508,""endLine"":508}]",24,3
"test/unit/serializers/avro.spec.js","SubOptimalAssert","[{""startLine"":529,""endLine"":529}]",24,3
"test/unit/registry/service-item.spec.js","IdenticalTestDescription","[{""startLine"":80,""endLine"":93}]",8,2
"test/unit/registry/service-item.spec.js","IdenticalTestDescription","[{""startLine"":95,""endLine"":105}]",8,2
"test/unit/registry/service-item.spec.js","IdenticalTestDescription","[{""startLine"":107,""endLine"":118}]",8,2
"test/unit/registry/service-item.spec.js","SubOptimalAssert","[{""startLine"":57,""endLine"":57}]",8,2
"test/unit/registry/service-item.spec.js","SubOptimalAssert","[{""startLine"":59,""endLine"":59}]",8,2
"test/unit/registry/service-item.spec.js","SubOptimalAssert","[{""startLine"":63,""endLine"":63}]",8,2
"test/unit/registry/service-item.spec.js","SubOptimalAssert","[{""startLine"":65,""endLine"":65}]",8,2
"test/unit/registry/service-catalog.spec.js","IdenticalTestDescription","[{""startLine"":44,""endLine"":49}]",8,2
"test/unit/registry/service-catalog.spec.js","SubOptimalAssert","[{""startLine"":29,""endLine"":29}]",8,2
"test/unit/registry/service-catalog.spec.js","SubOptimalAssert","[{""startLine"":33,""endLine"":33}]",8,2
"test/unit/registry/service-catalog.spec.js","SubOptimalAssert","[{""startLine"":65,""endLine"":65}]",8,2
"test/unit/registry/service-catalog.spec.js","SubOptimalAssert","[{""startLine"":84,""endLine"":84}]",8,2
"test/unit/registry/service-catalog.spec.js","VerboseStatement","[{""startLine"":87,""endLine"":226}]",8,2
"test/unit/registry/registry.spec.js","AnonymousTest","[{""startLine"":12,""endLine"":32}]",41,21
"test/unit/registry/registry.spec.js","IdenticalTestDescription","[{""startLine"":784,""endLine"":793}]",41,21
"test/unit/registry/registry.spec.js","IdenticalTestDescription","[{""startLine"":877,""endLine"":882}]",41,21
"test/unit/registry/registry.spec.js","NonFunctionalStatement","[{""startLine"":259,""endLine"":259}]",41,21
"test/unit/registry/registry.spec.js","NonFunctionalStatement","[{""startLine"":260,""endLine"":260}]",41,21
"test/unit/registry/registry.spec.js","NonFunctionalStatement","[{""startLine"":263,""endLine"":263}]",41,21
"test/unit/registry/registry.spec.js","NonFunctionalStatement","[{""startLine"":264,""endLine"":264}]",41,21
"test/unit/registry/registry.spec.js","NonFunctionalStatement","[{""startLine"":302,""endLine"":302}]",41,21
"test/unit/registry/registry.spec.js","NonFunctionalStatement","[{""startLine"":303,""endLine"":303}]",41,21
"test/unit/registry/registry.spec.js","NonFunctionalStatement","[{""startLine"":306,""endLine"":306}]",41,21
"test/unit/registry/registry.spec.js","NonFunctionalStatement","[{""startLine"":307,""endLine"":307}]",41,21
"test/unit/registry/registry.spec.js","NonFunctionalStatement","[{""startLine"":327,""endLine"":327}]",41,21
"test/unit/registry/registry.spec.js","NonFunctionalStatement","[{""startLine"":328,""endLine"":328}]",41,21
"test/unit/registry/registry.spec.js","NonFunctionalStatement","[{""startLine"":331,""endLine"":331}]",41,21
"test/unit/registry/registry.spec.js","NonFunctionalStatement","[{""startLine"":332,""endLine"":332}]",41,21
"test/unit/registry/registry.spec.js","SubOptimalAssert","[{""startLine"":420,""endLine"":420}]",41,21
"test/unit/registry/registry.spec.js","SubOptimalAssert","[{""startLine"":424,""endLine"":424}]",41,21
"test/unit/registry/registry.spec.js","VerboseStatement","[{""startLine"":253,""endLine"":290}]",41,21
"test/unit/registry/registry.spec.js","VerboseStatement","[{""startLine"":292,""endLine"":367}]",41,21
"test/unit/registry/node-catalog.spec.js","AnonymousTest","[{""startLine"":7,""endLine"":26}]",13,7
"test/unit/registry/node-catalog.spec.js","IdenticalTestDescription","[{""startLine"":82,""endLine"":112}]",13,7
"test/unit/registry/node-catalog.spec.js","IdenticalTestDescription","[{""startLine"":384,""endLine"":407}]",13,7
"test/unit/registry/node-catalog.spec.js","VerboseStatement","[{""startLine"":82,""endLine"":112}]",13,7
"test/unit/registry/node-catalog.spec.js","VerboseStatement","[{""startLine"":220,""endLine"":250}]",13,7
"test/unit/registry/node-catalog.spec.js","VerboseStatement","[{""startLine"":252,""endLine"":283}]",13,7
"test/unit/registry/event-catalog.spec.js","IdenticalTestDescription","[{""startLine"":565,""endLine"":574}]",23,7
"test/unit/registry/event-catalog.spec.js","SubOptimalAssert","[{""startLine"":39,""endLine"":39}]",23,7
"test/unit/registry/event-catalog.spec.js","SubOptimalAssert","[{""startLine"":43,""endLine"":43}]",23,7
"test/unit/registry/event-catalog.spec.js","SubOptimalAssert","[{""startLine"":56,""endLine"":56}]",23,7
"test/unit/registry/event-catalog.spec.js","SubOptimalAssert","[{""startLine"":217,""endLine"":217}]",23,7
"test/unit/registry/event-catalog.spec.js","SubOptimalAssert","[{""startLine"":221,""endLine"":221}]",23,7
"test/unit/registry/event-catalog.spec.js","SubOptimalAssert","[{""startLine"":225,""endLine"":225}]",23,7
"test/unit/registry/event-catalog.spec.js","SubOptimalAssert","[{""startLine"":229,""endLine"":229}]",23,7
"test/unit/registry/event-catalog.spec.js","SubOptimalAssert","[{""startLine"":237,""endLine"":237}]",23,7
"test/unit/registry/event-catalog.spec.js","SubOptimalAssert","[{""startLine"":241,""endLine"":241}]",23,7
"test/unit/registry/event-catalog.spec.js","SubOptimalAssert","[{""startLine"":249,""endLine"":249}]",23,7
"test/unit/registry/event-catalog.spec.js","SubOptimalAssert","[{""startLine"":253,""endLine"":253}]",23,7
"test/unit/registry/event-catalog.spec.js","SubOptimalAssert","[{""startLine"":261,""endLine"":261}]",23,7
"test/unit/registry/event-catalog.spec.js","SubOptimalAssert","[{""startLine"":271,""endLine"":271}]",23,7
"test/unit/registry/event-catalog.spec.js","SubOptimalAssert","[{""startLine"":279,""endLine"":279}]",23,7
"test/unit/registry/event-catalog.spec.js","SubOptimalAssert","[{""startLine"":287,""endLine"":287}]",23,7
"test/unit/registry/event-catalog.spec.js","SubOptimalAssert","[{""startLine"":335,""endLine"":335}]",23,7
"test/unit/registry/event-catalog.spec.js","VerboseStatement","[{""startLine"":334,""endLine"":386}]",23,7
"test/unit/registry/event-catalog.spec.js","VerboseStatement","[{""startLine"":388,""endLine"":431}]",23,7
"test/unit/registry/event-catalog.spec.js","VerboseStatement","[{""startLine"":433,""endLine"":475}]",23,7
"test/unit/registry/event-catalog.spec.js","VerboseStatement","[{""startLine"":477,""endLine"":511}]",23,7
"test/unit/registry/endpoint.spec.js","AnonymousTest","[{""startLine"":27,""endLine"":30}]",3,1
"test/unit/registry/endpoint-list.spec.js","IdenticalTestDescription","[{""startLine"":268,""endLine"":276}]",33,13
"test/unit/registry/endpoint-list.spec.js","IdenticalTestDescription","[{""startLine"":348,""endLine"":357}]",33,13
"test/unit/registry/endpoint-list.spec.js","IdenticalTestDescription","[{""startLine"":359,""endLine"":365}]",33,13
"test/unit/registry/endpoint-list.spec.js","IdenticalTestDescription","[{""startLine"":367,""endLine"":374}]",33,13
"test/unit/registry/endpoint-list.spec.js","IdenticalTestDescription","[{""startLine"":390,""endLine"":399}]",33,13
"test/unit/registry/endpoint-list.spec.js","IdenticalTestDescription","[{""startLine"":401,""endLine"":409}]",33,13
"test/unit/registry/endpoint-list.spec.js","IdenticalTestDescription","[{""startLine"":461,""endLine"":466}]",33,13
"test/unit/registry/endpoint-list.spec.js","IdenticalTestDescription","[{""startLine"":519,""endLine"":523}]",33,13
"test/unit/registry/endpoint-list.spec.js","IdenticalTestDescription","[{""startLine"":583,""endLine"":595}]",33,13
"test/unit/registry/endpoint-list.spec.js","IdenticalTestDescription","[{""startLine"":618,""endLine"":627}]",33,13
"test/unit/registry/endpoint-list.spec.js","SubOptimalAssert","[{""startLine"":88,""endLine"":88}]",33,13
"test/unit/registry/endpoint-list.spec.js","SubOptimalAssert","[{""startLine"":95,""endLine"":95}]",33,13
"test/unit/registry/endpoint-list.spec.js","SubOptimalAssert","[{""startLine"":109,""endLine"":109}]",33,13
"test/unit/registry/endpoint-list.spec.js","SubOptimalAssert","[{""startLine"":125,""endLine"":125}]",33,13
"test/unit/registry/endpoint-list.spec.js","SubOptimalAssert","[{""startLine"":215,""endLine"":215}]",33,13
"test/unit/registry/endpoint-list.spec.js","SubOptimalAssert","[{""startLine"":307,""endLine"":307}]",33,13
"test/unit/registry/endpoint-list.spec.js","SubOptimalAssert","[{""startLine"":349,""endLine"":349}]",33,13
"test/unit/registry/endpoint-list.spec.js","SubOptimalAssert","[{""startLine"":356,""endLine"":356}]",33,13
"test/unit/registry/endpoint-list.spec.js","SubOptimalAssert","[{""startLine"":364,""endLine"":364}]",33,13
"test/unit/registry/endpoint-list.spec.js","SubOptimalAssert","[{""startLine"":381,""endLine"":381}]",33,13
"test/unit/registry/endpoint-list.spec.js","SubOptimalAssert","[{""startLine"":495,""endLine"":495}]",33,13
"test/unit/registry/endpoint-list.spec.js","SubOptimalAssert","[{""startLine"":496,""endLine"":496}]",33,13
"test/unit/registry/endpoint-list.spec.js","VerboseStatement","[{""startLine"":16,""endLine"":43}]",33,13
"test/unit/registry/action-catalog.spec.js","AnonymousTest","[{""startLine"":14,""endLine"":24}]",9,3
"test/unit/registry/action-catalog.spec.js","IdenticalTestDescription","[{""startLine"":166,""endLine"":175}]",9,3
"test/unit/middlewares/tracing.spec.js","IdenticalTestDescription","[{""startLine"":43,""endLine"":51}]",38,8
"test/unit/middlewares/tracing.spec.js","IdenticalTestDescription","[{""startLine"":63,""endLine"":71}]",38,8
"test/unit/middlewares/tracing.spec.js","IdenticalTestDescription","[{""startLine"":427,""endLine"":521}]",38,8
"test/unit/middlewares/tracing.spec.js","IdenticalTestDescription","[{""startLine"":1206,""endLine"":1211}]",38,8
"test/unit/middlewares/tracing.spec.js","IdenticalTestDescription","[{""startLine"":1213,""endLine"":1223}]",38,8
"test/unit/middlewares/tracing.spec.js","IdenticalTestDescription","[{""startLine"":1235,""endLine"":1243}]",38,8
"test/unit/middlewares/tracing.spec.js","IdenticalTestDescription","[{""startLine"":1255,""endLine"":1263}]",38,8
"test/unit/middlewares/tracing.spec.js","IdenticalTestDescription","[{""startLine"":1339,""endLine"":1403}]",38,8
"test/unit/middlewares/tracing.spec.js","IdenticalTestDescription","[{""startLine"":1405,""endLine"":1484}]",38,8
"test/unit/middlewares/tracing.spec.js","IdenticalTestDescription","[{""startLine"":1486,""endLine"":1559}]",38,8
"test/unit/middlewares/tracing.spec.js","IdenticalTestDescription","[{""startLine"":1615,""endLine"":1688}]",38,8
"test/unit/middlewares/tracing.spec.js","IdenticalTestDescription","[{""startLine"":1690,""endLine"":1792}]",38,8
"test/unit/middlewares/tracing.spec.js","IdenticalTestDescription","[{""startLine"":1850,""endLine"":1926}]",38,8
"test/unit/middlewares/tracing.spec.js","NonFunctionalStatement","[{""startLine"":788,""endLine"":788}]",38,8
"test/unit/middlewares/tracing.spec.js","NonFunctionalStatement","[{""startLine"":1973,""endLine"":1973}]",38,8
"test/unit/middlewares/tracing.spec.js","VerboseStatement","[{""startLine"":140,""endLine"":206}]",38,8
"test/unit/middlewares/tracing.spec.js","VerboseStatement","[{""startLine"":208,""endLine"":293}]",38,8
"test/unit/middlewares/tracing.spec.js","VerboseStatement","[{""startLine"":295,""endLine"":369}]",38,8
"test/unit/middlewares/tracing.spec.js","VerboseStatement","[{""startLine"":371,""endLine"":425}]",38,8
"test/unit/middlewares/tracing.spec.js","VerboseStatement","[{""startLine"":427,""endLine"":521}]",38,8
"test/unit/middlewares/tracing.spec.js","VerboseStatement","[{""startLine"":523,""endLine"":620}]",38,8
"test/unit/middlewares/tracing.spec.js","VerboseStatement","[{""startLine"":622,""endLine"":677}]",38,8
"test/unit/middlewares/tracing.spec.js","VerboseStatement","[{""startLine"":679,""endLine"":748}]",38,8
"test/unit/middlewares/tracing.spec.js","VerboseStatement","[{""startLine"":783,""endLine"":871}]",38,8
"test/unit/middlewares/tracing.spec.js","VerboseStatement","[{""startLine"":873,""endLine"":955}]",38,8
"test/unit/middlewares/tracing.spec.js","VerboseStatement","[{""startLine"":957,""endLine"":1020}]",38,8
"test/unit/middlewares/tracing.spec.js","VerboseStatement","[{""startLine"":1022,""endLine"":1105}]",38,8
"test/unit/middlewares/tracing.spec.js","VerboseStatement","[{""startLine"":1107,""endLine"":1192}]",38,8
"test/unit/middlewares/tracing.spec.js","VerboseStatement","[{""startLine"":1339,""endLine"":1403}]",38,8
"test/unit/middlewares/tracing.spec.js","VerboseStatement","[{""startLine"":1405,""endLine"":1484}]",38,8
"test/unit/middlewares/tracing.spec.js","VerboseStatement","[{""startLine"":1486,""endLine"":1559}]",38,8
"test/unit/middlewares/tracing.spec.js","VerboseStatement","[{""startLine"":1561,""endLine"":1613}]",38,8
"test/unit/middlewares/tracing.spec.js","VerboseStatement","[{""startLine"":1615,""endLine"":1688}]",38,8
"test/unit/middlewares/tracing.spec.js","VerboseStatement","[{""startLine"":1690,""endLine"":1792}]",38,8
"test/unit/middlewares/tracing.spec.js","VerboseStatement","[{""startLine"":1794,""endLine"":1849}]",38,8
"test/unit/middlewares/tracing.spec.js","VerboseStatement","[{""startLine"":1850,""endLine"":1926}]",38,8
"test/unit/middlewares/tracing.spec.js","VerboseStatement","[{""startLine"":1967,""endLine"":2056}]",38,8
"test/unit/middlewares/tracing.spec.js","VerboseStatement","[{""startLine"":2058,""endLine"":2140}]",38,8
"test/unit/middlewares/tracing.spec.js","VerboseStatement","[{""startLine"":2142,""endLine"":2215}]",38,8
"test/unit/middlewares/tracing.spec.js","VerboseStatement","[{""startLine"":2217,""endLine"":2298}]",38,8
"test/unit/middlewares/tracing.spec.js","VerboseStatement","[{""startLine"":2300,""endLine"":2384}]",38,8
"test/unit/middlewares/throttle.spec.js","VerboseStatement","[{""startLine"":50,""endLine"":81}]",4,2
"test/unit/middlewares/retry.spec.js","AnonymousTest","[{""startLine"":75,""endLine"":132}]",9,1
"test/unit/middlewares/retry.spec.js","VerboseStatement","[{""startLine"":75,""endLine"":132}]",9,1
"test/unit/middlewares/retry.spec.js","VerboseStatement","[{""startLine"":258,""endLine"":288}]",9,1
"test/unit/middlewares/metrics.spec.js","IdenticalTestDescription","[{""startLine"":521,""endLine"":538}]",25,10
"test/unit/middlewares/metrics.spec.js","IdenticalTestDescription","[{""startLine"":550,""endLine"":568}]",25,10
"test/unit/middlewares/metrics.spec.js","IdenticalTestDescription","[{""startLine"":570,""endLine"":583}]",25,10
"test/unit/middlewares/metrics.spec.js","IdenticalTestDescription","[{""startLine"":595,""endLine"":613}]",25,10
"test/unit/middlewares/metrics.spec.js","IdenticalTestDescription","[{""startLine"":615,""endLine"":628}]",25,10
"test/unit/middlewares/metrics.spec.js","IdenticalTestDescription","[{""startLine"":640,""endLine"":658}]",25,10
"test/unit/middlewares/metrics.spec.js","IdenticalTestDescription","[{""startLine"":660,""endLine"":673}]",25,10
"test/unit/middlewares/metrics.spec.js","IdenticalTestDescription","[{""startLine"":725,""endLine"":740}]",25,10
"test/unit/middlewares/metrics.spec.js","IdenticalTestDescription","[{""startLine"":748,""endLine"":768}]",25,10
"test/unit/middlewares/metrics.spec.js","IdenticalTestDescription","[{""startLine"":770,""endLine"":785}]",25,10
"test/unit/middlewares/metrics.spec.js","IdenticalTestDescription","[{""startLine"":793,""endLine"":819}]",25,10
"test/unit/middlewares/metrics.spec.js","IdenticalTestDescription","[{""startLine"":821,""endLine"":837}]",25,10
"test/unit/middlewares/metrics.spec.js","IdenticalTestDescription","[{""startLine"":845,""endLine"":871}]",25,10
"test/unit/middlewares/metrics.spec.js","IdenticalTestDescription","[{""startLine"":873,""endLine"":889}]",25,10
"test/unit/middlewares/fallback.spec.js","IdenticalTestDescription","[{""startLine"":80,""endLine"":103}]",7,1
"test/unit/middlewares/error-handler.spec.js","IdenticalTestDescription","[{""startLine"":137,""endLine"":156}]",8,3
"test/unit/middlewares/error-handler.spec.js","IdenticalTestDescription","[{""startLine"":158,""endLine"":183}]",8,3
"test/unit/middlewares/debounce.spec.js","VerboseStatement","[{""startLine"":50,""endLine"":77}]",4,2
"test/unit/middlewares/context-tracker.spec.js","AnonymousTest","[{""startLine"":69,""endLine"":84}]",11,4
"test/unit/middlewares/context-tracker.spec.js","IdenticalTestDescription","[{""startLine"":186,""endLine"":207}]",11,4
"test/unit/middlewares/context-tracker.spec.js","IdenticalTestDescription","[{""startLine"":240,""endLine"":260}]",11,4
"test/unit/middlewares/context-tracker.spec.js","IdenticalTestDescription","[{""startLine"":305,""endLine"":325}]",11,4
"test/unit/middlewares/context-tracker.spec.js","IdenticalTestDescription","[{""startLine"":377,""endLine"":396}]",11,4
"test/unit/middlewares/context-tracker.spec.js","SubOptimalAssert","[{""startLine"":59,""endLine"":59}]",11,4
"test/unit/middlewares/context-tracker.spec.js","SubOptimalAssert","[{""startLine"":65,""endLine"":65}]",11,4
"test/unit/middlewares/context-tracker.spec.js","SubOptimalAssert","[{""startLine"":77,""endLine"":77}]",11,4
"test/unit/middlewares/context-tracker.spec.js","SubOptimalAssert","[{""startLine"":82,""endLine"":82}]",11,4
"test/unit/middlewares/context-tracker.spec.js","SubOptimalAssert","[{""startLine"":96,""endLine"":96}]",11,4
"test/unit/middlewares/context-tracker.spec.js","SubOptimalAssert","[{""startLine"":102,""endLine"":102}]",11,4
"test/unit/middlewares/circuit-breaker.spec.js","AnonymousTest","[{""startLine"":177,""endLine"":203}]",12,2
"test/unit/middlewares/circuit-breaker.spec.js","IdenticalTestDescription","[{""startLine"":341,""endLine"":381}]",12,2
"test/unit/middlewares/bulkhead.spec.js","IdenticalTestDescription","[{""startLine"":349,""endLine"":354}]",15,3
"test/unit/middlewares/bulkhead.spec.js","IdenticalTestDescription","[{""startLine"":364,""endLine"":487}]",15,3
"test/unit/middlewares/bulkhead.spec.js","IdenticalTestDescription","[{""startLine"":489,""endLine"":534}]",15,3
"test/unit/middlewares/bulkhead.spec.js","IdenticalTestDescription","[{""startLine"":536,""endLine"":593}]",15,3
"test/unit/middlewares/bulkhead.spec.js","ConditionalTestLogic","[{""startLine"":290,""endLine"":292}]",15,3
"test/unit/middlewares/bulkhead.spec.js","ConditionalTestLogic","[{""startLine"":546,""endLine"":548}]",15,3
"test/unit/middlewares/bulkhead.spec.js","VerboseStatement","[{""startLine"":110,""endLine"":231}]",15,3
"test/unit/middlewares/bulkhead.spec.js","VerboseStatement","[{""startLine"":280,""endLine"":337}]",15,3
"test/unit/middlewares/bulkhead.spec.js","VerboseStatement","[{""startLine"":364,""endLine"":487}]",15,3
"test/unit/middlewares/bulkhead.spec.js","VerboseStatement","[{""startLine"":536,""endLine"":593}]",15,3
"test/unit/middlewares/action-hook.spec.js","IdenticalTestDescription","[{""startLine"":446,""endLine"":503}]",12,2
"test/unit/middlewares/action-hook.spec.js","IdenticalTestDescription","[{""startLine"":505,""endLine"":550}]",12,2
"test/unit/middlewares/action-hook.spec.js","IdenticalTestDescription","[{""startLine"":552,""endLine"":692}]",12,2
"test/unit/middlewares/action-hook.spec.js","IdenticalTestDescription","[{""startLine"":694,""endLine"":790}]",12,2
"test/unit/middlewares/action-hook.spec.js","IdenticalTestDescription","[{""startLine"":792,""endLine"":857}]",12,2
"test/unit/metrics/registry.spec.js","IdenticalTestDescription","[{""startLine"":229,""endLine"":240}]",51,17
"test/unit/metrics/registry.spec.js","SubOptimalAssert","[{""startLine"":123,""endLine"":123}]",51,17
"test/unit/loggers/winston.spec.js","VerboseStatement","[{""startLine"":94,""endLine"":131}]",9,4
"test/unit/loggers/winston.spec.js","VerboseStatement","[{""startLine"":133,""endLine"":156}]",9,4
"test/unit/loggers/formatted.spec.js","GeneralFixture","[{""startLine"":167,""endLine"":167}]",19,9
"test/unit/loggers/formatted.spec.js","IdenticalTestDescription","[{""startLine"":292,""endLine"":316}]",19,9
"test/unit/loggers/console.spec.js","VerboseStatement","[{""startLine"":59,""endLine"":100}]",6,3
"test/unit/loggers/console.spec.js","VerboseStatement","[{""startLine"":102,""endLine"":142}]",6,3
"test/unit/loggers/base.spec.js","IdenticalTestDescription","[{""startLine"":51,""endLine"":56}]",8,7
"test/unit/cachers/redis.spec.js","GeneralFixture","[{""startLine"":662,""endLine"":662}]",47,12
"test/unit/cachers/redis.spec.js","IdenticalTestDescription","[{""startLine"":90,""endLine"":106}]",47,12
"test/unit/cachers/redis.spec.js","IdenticalTestDescription","[{""startLine"":445,""endLine"":454}]",47,12
"test/unit/cachers/redis.spec.js","IdenticalTestDescription","[{""startLine"":462,""endLine"":470}]",47,12
"test/unit/cachers/redis.spec.js","IdenticalTestDescription","[{""startLine"":700,""endLine"":708}]",47,12
"test/unit/cachers/redis.spec.js","ConditionalTestLogic","[{""startLine"":376,""endLine"":378}]",47,12
"test/unit/cachers/redis.spec.js","ConditionalTestLogic","[{""startLine"":379,""endLine"":381}]",47,12
"test/unit/cachers/redis.spec.js","SubOptimalAssert","[{""startLine"":38,""endLine"":38}]",47,12
"test/unit/cachers/redis.spec.js","VerboseStatement","[{""startLine"":203,""endLine"":226}]",47,12
"test/unit/cachers/redis.spec.js","VerboseStatement","[{""startLine"":228,""endLine"":251}]",47,12
"test/unit/cachers/redis.spec.js","VerboseStatement","[{""startLine"":253,""endLine"":276}]",47,12
"test/unit/cachers/memory.spec.js","AnonymousTest","[{""startLine"":37,""endLine"":53}]",31,12
"test/unit/cachers/memory.spec.js","IdenticalTestDescription","[{""startLine"":192,""endLine"":213}]",31,12
"test/unit/cachers/memory.spec.js","IdenticalTestDescription","[{""startLine"":236,""endLine"":256}]",31,12
"test/unit/cachers/memory.spec.js","IdenticalTestDescription","[{""startLine"":280,""endLine"":291}]",31,12
"test/unit/cachers/memory.spec.js","IdenticalTestDescription","[{""startLine"":314,""endLine"":316}]",31,12
"test/unit/cachers/memory.spec.js","IdenticalTestDescription","[{""startLine"":365,""endLine"":368}]",31,12
"test/unit/cachers/memory.spec.js","IdenticalTestDescription","[{""startLine"":446,""endLine"":449}]",31,12
"test/unit/cachers/memory.spec.js","IdenticalTestDescription","[{""startLine"":459,""endLine"":463}]",31,12
"test/unit/cachers/memory.spec.js","IdenticalTestDescription","[{""startLine"":465,""endLine"":469}]",31,12
"test/unit/cachers/memory.spec.js","IdenticalTestDescription","[{""startLine"":510,""endLine"":526}]",31,12
"test/unit/cachers/memory.spec.js","SubOptimalAssert","[{""startLine"":15,""endLine"":15}]",31,12
"test/unit/cachers/memory.spec.js","SubOptimalAssert","[{""startLine"":42,""endLine"":42}]",31,12
"test/unit/cachers/memory.spec.js","SubOptimalAssert","[{""startLine"":393,""endLine"":393}]",31,12
"test/unit/cachers/memory-lru.spec.js","AnonymousTest","[{""startLine"":26,""endLine"":42}]",28,11
"test/unit/cachers/memory-lru.spec.js","IdenticalTestDescription","[{""startLine"":114,""endLine"":135}]",28,11
"test/unit/cachers/memory-lru.spec.js","IdenticalTestDescription","[{""startLine"":158,""endLine"":178}]",28,11
"test/unit/cachers/memory-lru.spec.js","IdenticalTestDescription","[{""startLine"":209,""endLine"":220}]",28,11
"test/unit/cachers/memory-lru.spec.js","IdenticalTestDescription","[{""startLine"":238,""endLine"":240}]",28,11
"test/unit/cachers/memory-lru.spec.js","IdenticalTestDescription","[{""startLine"":284,""endLine"":287}]",28,11
"test/unit/cachers/memory-lru.spec.js","IdenticalTestDescription","[{""startLine"":367,""endLine"":371}]",28,11
"test/unit/cachers/memory-lru.spec.js","IdenticalTestDescription","[{""startLine"":373,""endLine"":379}]",28,11
"test/unit/cachers/memory-lru.spec.js","IdenticalTestDescription","[{""startLine"":381,""endLine"":385}]",28,11
"test/unit/cachers/memory-lru.spec.js","IdenticalTestDescription","[{""startLine"":387,""endLine"":392}]",28,11
"test/unit/cachers/memory-lru.spec.js","IdenticalTestDescription","[{""startLine"":427,""endLine"":445}]",28,11
"test/unit/cachers/memory-lru.spec.js","SubOptimalAssert","[{""startLine"":11,""endLine"":11}]",28,11
"test/unit/cachers/memory-lru.spec.js","SubOptimalAssert","[{""startLine"":31,""endLine"":31}]",28,11
"test/unit/cachers/memory-lru.spec.js","SubOptimalAssert","[{""startLine"":312,""endLine"":312}]",28,11
"test/unit/cachers/lock.spec.js","IdenticalTestDescription","[{""startLine"":132,""endLine"":157}]",5,2
"test/unit/cachers/index.spec.js","IdenticalTestDescription","[{""startLine"":77,""endLine"":89}]",15,3
"test/unit/cachers/index.spec.js","IdenticalTestDescription","[{""startLine"":117,""endLine"":121}]",15,3
"test/unit/cachers/base.spec.js","AnonymousTest","[{""startLine"":6,""endLine"":20}]",28,3
"test/unit/cachers/base.spec.js","AnonymousTest","[{""startLine"":39,""endLine"":52}]",28,3
"test/unit/cachers/base.spec.js","AnonymousTest","[{""startLine"":54,""endLine"":63}]",28,3
"test/unit/cachers/base.spec.js","IdenticalTestDescription","[{""startLine"":590,""endLine"":606}]",28,3
"test/unit/cachers/base.spec.js","IdenticalTestDescription","[{""startLine"":608,""endLine"":631}]",28,3
"test/unit/cachers/base.spec.js","SubOptimalAssert","[{""startLine"":11,""endLine"":11}]",28,3
"test/unit/cachers/base.spec.js","SubOptimalAssert","[{""startLine"":100,""endLine"":100}]",28,3
"test/unit/cachers/base.spec.js","VerboseStatement","[{""startLine"":81,""endLine"":204}]",28,3
"test/unit/cachers/base.spec.js","VerboseStatement","[{""startLine"":206,""endLine"":309}]",28,3
"test/unit/cachers/base.spec.js","VerboseStatement","[{""startLine"":311,""endLine"":333}]",28,3
"test/unit/cachers/base.spec.js","VerboseStatement","[{""startLine"":714,""endLine"":763}]",28,3
"test/unit/cachers/base.spec.js","VerboseStatement","[{""startLine"":852,""endLine"":893}]",28,3
"test/unit/transporters/tcp/udp-broadcaster.spec.js","AnonymousTest","[{""startLine"":16,""endLine"":35}]",19,9
"test/unit/transporters/tcp/udp-broadcaster.spec.js","AnonymousTest","[{""startLine"":618,""endLine"":632}]",19,9
"test/unit/transporters/tcp/udp-broadcaster.spec.js","AnonymousTest","[{""startLine"":687,""endLine"":701}]",19,9
"test/unit/transporters/tcp/udp-broadcaster.spec.js","IdenticalTestDescription","[{""startLine"":618,""endLine"":632}]",19,9
"test/unit/transporters/tcp/udp-broadcaster.spec.js","IdenticalTestDescription","[{""startLine"":687,""endLine"":701}]",19,9
"test/unit/transporters/tcp/udp-broadcaster.spec.js","SubOptimalAssert","[{""startLine"":70,""endLine"":70}]",19,9
"test/unit/transporters/tcp/udp-broadcaster.spec.js","SubOptimalAssert","[{""startLine"":104,""endLine"":104}]",19,9
"test/unit/transporters/tcp/udp-broadcaster.spec.js","SubOptimalAssert","[{""startLine"":155,""endLine"":155}]",19,9
"test/unit/transporters/tcp/udp-broadcaster.spec.js","SubOptimalAssert","[{""startLine"":336,""endLine"":336}]",19,9
"test/unit/transporters/tcp/udp-broadcaster.spec.js","SubOptimalAssert","[{""startLine"":562,""endLine"":562}]",19,9
"test/unit/transporters/tcp/tcp-writer.spec.js","AnonymousTest","[{""startLine"":18,""endLine"":31}]",18,6
"test/unit/transporters/tcp/tcp-reader.spec.js","AnonymousTest","[{""startLine"":27,""endLine"":40}]",10,4
"test/unit/transporters/tcp/tcp-reader.spec.js","ConditionalTestLogic","[{""startLine"":85,""endLine"":92}]",10,4
"test/unit/transporters/tcp/tcp-reader.spec.js","SubOptimalAssert","[{""startLine"":235,""endLine"":235}]",10,4
"test/unit/transporters/tcp/tcp-reader.spec.js","SubOptimalAssert","[{""startLine"":256,""endLine"":256}]",10,4
"test/unit/transporters/tcp/parser.spec.js","AnonymousTest","[{""startLine"":7,""endLine"":14}]",6,2
"test/unit/transporters/tcp/parser.spec.js","VerboseStatement","[{""startLine"":88,""endLine"":114}]",6,2
"test/unit/tracing/exporters/zipkin.spec.js","IdenticalTestDescription","[{""startLine"":142,""endLine"":153}]",15,9
"test/unit/tracing/exporters/newrelic.spec.js","IdenticalTestDescription","[{""startLine"":132,""endLine"":141}]",15,9
"test/unit/tracing/exporters/jaeger.spec.js","IdenticalTestDescription","[{""startLine"":140,""endLine"":153}]",29,12
"test/unit/tracing/exporters/jaeger.spec.js","VerboseStatement","[{""startLine"":584,""endLine"":648}]",29,12
"test/unit/tracing/exporters/jaeger.spec.js","VerboseStatement","[{""startLine"":650,""endLine"":746}]",29,12
"test/unit/tracing/exporters/jaeger.spec.js","VerboseStatement","[{""startLine"":748,""endLine"":840}]",29,12
"test/unit/tracing/exporters/event.spec.js","IdenticalTestDescription","[{""startLine"":129,""endLine"":138}]",22,9
"test/unit/tracing/exporters/event.spec.js","IdenticalTestDescription","[{""startLine"":341,""endLine"":352}]",22,9
"test/unit/tracing/exporters/event.spec.js","IdenticalTestDescription","[{""startLine"":377,""endLine"":396}]",22,9
"test/unit/tracing/exporters/event.spec.js","SubOptimalAssert","[{""startLine"":171,""endLine"":171}]",22,9
"test/unit/tracing/exporters/event-legacy.spec.js","IdenticalTestDescription","[{""startLine"":74,""endLine"":91}]",14,8
"test/unit/tracing/exporters/event-legacy.spec.js","IdenticalTestDescription","[{""startLine"":93,""endLine"":107}]",14,8
"test/unit/tracing/exporters/datadog.spec.js","AnonymousTest","[{""startLine"":371,""endLine"":399}]",22,10
"test/unit/tracing/exporters/datadog.spec.js","IdenticalTestDescription","[{""startLine"":605,""endLine"":625}]",22,10
"test/unit/tracing/exporters/datadog.spec.js","IdenticalTestDescription","[{""startLine"":646,""endLine"":668}]",22,10
"test/unit/tracing/exporters/datadog.spec.js","VerboseStatement","[{""startLine"":264,""endLine"":351}]",22,10
"test/unit/tracing/exporters/datadog.spec.js","VerboseStatement","[{""startLine"":401,""endLine"":450}]",22,10
"test/unit/tracing/exporters/console.spec.js","VerboseStatement","[{""startLine"":151,""endLine"":178}]",12,8
"test/unit/tracing/exporters/console.spec.js","VerboseStatement","[{""startLine"":285,""endLine"":304}]",12,8
"test/unit/registry/discoverers/redis.spec.js","IdenticalTestDescription","[{""startLine"":448,""endLine"":463}]",34,13
"test/unit/registry/discoverers/redis.spec.js","IdenticalTestDescription","[{""startLine"":874,""endLine"":890}]",34,13
"test/unit/registry/discoverers/redis.spec.js","VerboseStatement","[{""startLine"":98,""endLine"":124}]",34,13
"test/unit/registry/discoverers/redis.spec.js","VerboseStatement","[{""startLine"":126,""endLine"":159}]",34,13
"test/unit/registry/discoverers/redis.spec.js","VerboseStatement","[{""startLine"":161,""endLine"":188}]",34,13
"test/unit/registry/discoverers/redis.spec.js","VerboseStatement","[{""startLine"":372,""endLine"":406}]",34,13
"test/unit/registry/discoverers/redis.spec.js","VerboseStatement","[{""startLine"":408,""endLine"":446}]",34,13
"test/unit/registry/discoverers/redis.spec.js","VerboseStatement","[{""startLine"":500,""endLine"":528}]",34,13
"test/unit/registry/discoverers/redis.spec.js","VerboseStatement","[{""startLine"":530,""endLine"":565}]",34,13
"test/unit/registry/discoverers/redis.spec.js","VerboseStatement","[{""startLine"":567,""endLine"":612}]",34,13
"test/unit/registry/discoverers/redis.spec.js","VerboseStatement","[{""startLine"":894,""endLine"":915}]",34,13
"test/unit/registry/discoverers/redis.spec.js","VerboseStatement","[{""startLine"":945,""endLine"":972}]",34,13
"test/unit/registry/discoverers/redis.spec.js","VerboseStatement","[{""startLine"":974,""endLine"":1005}]",34,13
"test/unit/registry/discoverers/local.spec.js","IdenticalTestDescription","[{""startLine"":33,""endLine"":41}]",7,3
"test/unit/registry/discoverers/local.spec.js","IdenticalTestDescription","[{""startLine"":43,""endLine"":55}]",7,3
"test/unit/registry/discoverers/local.spec.js","IdenticalTestDescription","[{""startLine"":59,""endLine"":67}]",7,3
"test/unit/registry/discoverers/etcd3.spec.js","IdenticalTestDescription","[{""startLine"":737,""endLine"":763}]",26,10
"test/unit/registry/discoverers/etcd3.spec.js","IdenticalTestDescription","[{""startLine"":812,""endLine"":828}]",26,10
"test/unit/registry/discoverers/etcd3.spec.js","VerboseStatement","[{""startLine"":88,""endLine"":114}]",26,10
"test/unit/registry/discoverers/etcd3.spec.js","VerboseStatement","[{""startLine"":116,""endLine"":144}]",26,10
"test/unit/registry/discoverers/etcd3.spec.js","VerboseStatement","[{""startLine"":237,""endLine"":275}]",26,10
"test/unit/registry/discoverers/etcd3.spec.js","VerboseStatement","[{""startLine"":277,""endLine"":320}]",26,10
"test/unit/registry/discoverers/etcd3.spec.js","VerboseStatement","[{""startLine"":322,""endLine"":367}]",26,10
"test/unit/registry/discoverers/etcd3.spec.js","VerboseStatement","[{""startLine"":468,""endLine"":506}]",26,10
"test/unit/registry/discoverers/etcd3.spec.js","VerboseStatement","[{""startLine"":508,""endLine"":548}]",26,10
"test/unit/registry/discoverers/etcd3.spec.js","VerboseStatement","[{""startLine"":694,""endLine"":715}]",26,10
"test/unit/registry/discoverers/etcd3.spec.js","VerboseStatement","[{""startLine"":737,""endLine"":763}]",26,10
"test/unit/registry/discoverers/etcd3.spec.js","VerboseStatement","[{""startLine"":765,""endLine"":796}]",26,10
"test/unit/registry/discoverers/etcd3.spec.js","VerboseStatement","[{""startLine"":832,""endLine"":859}]",26,10
"test/unit/registry/discoverers/base.spec.js","IdenticalTestDescription","[{""startLine"":208,""endLine"":232}]",35,14
"test/unit/registry/discoverers/base.spec.js","IdenticalTestDescription","[{""startLine"":243,""endLine"":251}]",35,14
"test/unit/registry/discoverers/base.spec.js","IdenticalTestDescription","[{""startLine"":386,""endLine"":396}]",35,14
"test/unit/registry/discoverers/base.spec.js","IdenticalTestDescription","[{""startLine"":626,""endLine"":634}]",35,14
"test/unit/registry/discoverers/base.spec.js","VerboseStatement","[{""startLine"":57,""endLine"":87}]",35,14
"test/unit/registry/discoverers/base.spec.js","VerboseStatement","[{""startLine"":89,""endLine"":136}]",35,14
"test/unit/registry/discoverers/base.spec.js","VerboseStatement","[{""startLine"":173,""endLine"":197}]",35,14
"test/unit/registry/discoverers/base.spec.js","VerboseStatement","[{""startLine"":208,""endLine"":232}]",35,14
"test/unit/middlewares/debugging/transit-logger.spec.js","IdenticalTestDescription","[{""startLine"":185,""endLine"":196}]",10,3
"test/unit/metrics/types/histogram.spec.js","IdenticalTestDescription","[{""startLine"":212,""endLine"":234}]",35,16
"test/unit/metrics/types/histogram.spec.js","IdenticalTestDescription","[{""startLine"":236,""endLine"":258}]",35,16
"test/unit/metrics/types/histogram.spec.js","IdenticalTestDescription","[{""startLine"":268,""endLine"":283}]",35,16
"test/unit/metrics/types/histogram.spec.js","IdenticalTestDescription","[{""startLine"":285,""endLine"":300}]",35,16
"test/unit/metrics/types/histogram.spec.js","IdenticalTestDescription","[{""startLine"":310,""endLine"":331}]",35,16
"test/unit/metrics/types/histogram.spec.js","IdenticalTestDescription","[{""startLine"":333,""endLine"":356}]",35,16
"test/unit/metrics/types/histogram.spec.js","IdenticalTestDescription","[{""startLine"":588,""endLine"":602}]",35,16
"test/unit/metrics/types/histogram.spec.js","IdenticalTestDescription","[{""startLine"":652,""endLine"":660}]",35,16
"test/unit/metrics/types/histogram.spec.js","SubOptimalAssert","[{""startLine"":595,""endLine"":595}]",35,16
"test/unit/metrics/types/histogram.spec.js","SubOptimalAssert","[{""startLine"":599,""endLine"":599}]",35,16
"test/unit/metrics/types/gauge.spec.js","IdenticalTestDescription","[{""startLine"":90,""endLine"":106}]",10,6
"test/unit/metrics/reporters/statsd.spec.js","IdenticalTestDescription","[{""startLine"":224,""endLine"":230}]",14,10
"test/unit/metrics/reporters/statsd.spec.js","IdenticalTestDescription","[{""startLine"":330,""endLine"":346}]",14,10
"test/unit/metrics/reporters/statsd.spec.js","NonFunctionalStatement","[{""startLine"":46,""endLine"":46}]",14,10
"test/unit/metrics/reporters/statsd.spec.js","NonFunctionalStatement","[{""startLine"":47,""endLine"":47}]",14,10
"test/unit/metrics/reporters/statsd.spec.js","VerboseStatement","[{""startLine"":266,""endLine"":316}]",14,10
"test/unit/metrics/reporters/prometheus.spec.js","IdenticalTestDescription","[{""startLine"":187,""endLine"":199}]",10,6
"test/unit/metrics/reporters/prometheus.spec.js","NonFunctionalStatement","[{""startLine"":40,""endLine"":40}]",10,6
"test/unit/metrics/reporters/prometheus.spec.js","NonFunctionalStatement","[{""startLine"":41,""endLine"":41}]",10,6
"test/unit/metrics/reporters/prometheus.spec.js","VerboseStatement","[{""startLine"":219,""endLine"":280}]",10,6
"test/unit/metrics/reporters/event.spec.js","GeneralFixture","[{""startLine"":184,""endLine"":184}]",8,5
"test/unit/metrics/reporters/event.spec.js","NonFunctionalStatement","[{""startLine"":40,""endLine"":40}]",8,5
"test/unit/metrics/reporters/event.spec.js","NonFunctionalStatement","[{""startLine"":41,""endLine"":41}]",8,5
"test/unit/metrics/reporters/event.spec.js","VerboseStatement","[{""startLine"":120,""endLine"":178}]",8,5
"test/unit/metrics/reporters/event.spec.js","VerboseStatement","[{""startLine"":212,""endLine"":264}]",8,5
"test/unit/metrics/reporters/datadog.spec.js","IdenticalTestDescription","[{""startLine"":206,""endLine"":244}]",9,5
"test/unit/metrics/reporters/datadog.spec.js","NonFunctionalStatement","[{""startLine"":46,""endLine"":46}]",9,5
"test/unit/metrics/reporters/datadog.spec.js","NonFunctionalStatement","[{""startLine"":47,""endLine"":47}]",9,5
"test/unit/metrics/reporters/datadog.spec.js","VerboseStatement","[{""startLine"":206,""endLine"":244}]",9,5
"test/unit/metrics/reporters/csv.spec.js","GeneralFixture","[{""startLine"":240,""endLine"":240}]",12,7
"test/unit/metrics/reporters/csv.spec.js","GeneralFixture","[{""startLine"":242,""endLine"":254}]",12,7
"test/unit/metrics/reporters/csv.spec.js","IdenticalTestDescription","[{""startLine"":185,""endLine"":195}]",12,7
"test/unit/metrics/reporters/csv.spec.js","NonFunctionalStatement","[{""startLine"":55,""endLine"":55}]",12,7
"test/unit/metrics/reporters/csv.spec.js","NonFunctionalStatement","[{""startLine"":56,""endLine"":56}]",12,7
"test/unit/metrics/reporters/csv.spec.js","VerboseStatement","[{""startLine"":262,""endLine"":306}]",12,7
"test/unit/metrics/reporters/console.spec.js","NonFunctionalStatement","[{""startLine"":38,""endLine"":38}]",7,5
"test/unit/metrics/reporters/console.spec.js","NonFunctionalStatement","[{""startLine"":39,""endLine"":39}]",7,5
"test/unit/metrics/reporters/console.spec.js","VerboseStatement","[{""startLine"":116,""endLine"":168}]",7,5
"test/unit/metrics/reporters/console.spec.js","VerboseStatement","[{""startLine"":199,""endLine"":243}]",7,5
"test/unit/metrics/reporters/base.spec.js","NonFunctionalStatement","[{""startLine"":28,""endLine"":28}]",12,6
"test/unit/metrics/reporters/base.spec.js","NonFunctionalStatement","[{""startLine"":29,""endLine"":29}]",12,6
"test/leak-detection/self-check.spc.js","ConditionalTestLogic","[{""startLine"":16,""endLine"":23}]",1,1