file,type,line,frame
/home/gabriel/Disk/Research/research-javascript-test-smells/repositories/bootstrap-vue-dev/src/utils/warn.spec.js,Redundant Print,"{'line': 31, 'column': 13, 'index': 682}","  29 |       warn(dummyWarning)
  30 |
> 31 |       expect(console.warn).not.toHaveBeenCalled()
     |             ^ Redundant Print
  32 |     })
  33 |   })
  34 |"
/home/gabriel/Disk/Research/research-javascript-test-smells/repositories/bootstrap-vue-dev/src/utils/warn.spec.js,Redundant Print,"{'line': 43, 'column': 13, 'index': 929}","  41 |       warn(dummyWarning)
  42 |
> 43 |       expect(console.warn).toHaveBeenCalledWith(`[BootstrapVue warn]: ${dummyWarning}`)
     |             ^ Redundant Print
  44 |     })
  45 |
  46 |     it('calls ""console.warn()"" with warning and source', () => {"
/home/gabriel/Disk/Research/research-javascript-test-smells/repositories/bootstrap-vue-dev/src/utils/warn.spec.js,Redundant Print,"{'line': 49, 'column': 13, 'index': 1129}","  47 |       warn(dummyWarning, dummySource)
  48 |
> 49 |       expect(console.warn).toHaveBeenCalledWith(
     |             ^ Redundant Print
  50 |         `[BootstrapVue warn]: ${dummySource} - ${dummyWarning}`
  51 |       )
  52 |     })"
/home/gabriel/Disk/Research/research-javascript-test-smells/repositories/bootstrap-vue-dev/src/utils/props.spec.js,Duplicate Assert,"{'line': 9, 'column': 4, 'index': 279}","   7 |     const props = ['a', 'b', 'c']
   8 |
>  9 |     expect(copyProps(props)).toEqual(props)
     |    ^ Duplicate Assert
  10 |     // Should be a new array reference
  11 |     expect(copyProps(props)).not.toBe(props)
  12 |   })"
/home/gabriel/Disk/Research/research-javascript-test-smells/repositories/bootstrap-vue-dev/src/utils/props.spec.js,Duplicate Assert,"{'line': 11, 'column': 4, 'index': 362}","   9 |     expect(copyProps(props)).toEqual(props)
  10 |     // Should be a new array reference
> 11 |     expect(copyProps(props)).not.toBe(props)
     |    ^ Duplicate Assert
  12 |   })
  13 |
  14 |   it('copyProps() works with object props', async () => {"
/home/gabriel/Disk/Research/research-javascript-test-smells/repositories/bootstrap-vue-dev/src/utils/props.spec.js,Duplicate Assert,"{'line': 21, 'column': 4, 'index': 608}","  19 |     }
  20 |
> 21 |     expect(copyProps(props)).toEqual(props)
     |    ^ Duplicate Assert
  22 |     // Should be a new object reference
  23 |     expect(copyProps(props)).not.toBe(props)
  24 |     // Properties should be new object references"
/home/gabriel/Disk/Research/research-javascript-test-smells/repositories/bootstrap-vue-dev/src/utils/props.spec.js,Duplicate Assert,"{'line': 23, 'column': 4, 'index': 692}","  21 |     expect(copyProps(props)).toEqual(props)
  22 |     // Should be a new object reference
> 23 |     expect(copyProps(props)).not.toBe(props)
     |    ^ Duplicate Assert
  24 |     // Properties should be new object references
  25 |     expect(copyProps(props).a).not.toBe(props.a)
  26 |     expect(copyProps(props).a).toEqual(props.a)"
/home/gabriel/Disk/Research/research-javascript-test-smells/repositories/bootstrap-vue-dev/src/utils/props.spec.js,Duplicate Assert,"{'line': 25, 'column': 4, 'index': 787}","  23 |     expect(copyProps(props)).not.toBe(props)
  24 |     // Properties should be new object references
> 25 |     expect(copyProps(props).a).not.toBe(props.a)
     |    ^ Duplicate Assert
  26 |     expect(copyProps(props).a).toEqual(props.a)
  27 |     expect(copyProps(props).b).not.toBe(props.b)
  28 |     expect(copyProps(props).b).toEqual(props.b)"
/home/gabriel/Disk/Research/research-javascript-test-smells/repositories/bootstrap-vue-dev/src/utils/props.spec.js,Duplicate Assert,"{'line': 26, 'column': 4, 'index': 836}","  24 |     // Properties should be new object references
  25 |     expect(copyProps(props).a).not.toBe(props.a)
> 26 |     expect(copyProps(props).a).toEqual(props.a)
     |    ^ Duplicate Assert
  27 |     expect(copyProps(props).b).not.toBe(props.b)
  28 |     expect(copyProps(props).b).toEqual(props.b)
  29 |     // Except for primatives"
/home/gabriel/Disk/Research/research-javascript-test-smells/repositories/bootstrap-vue-dev/src/utils/props.spec.js,Duplicate Assert,"{'line': 27, 'column': 4, 'index': 884}","  25 |     expect(copyProps(props).a).not.toBe(props.a)
  26 |     expect(copyProps(props).a).toEqual(props.a)
> 27 |     expect(copyProps(props).b).not.toBe(props.b)
     |    ^ Duplicate Assert
  28 |     expect(copyProps(props).b).toEqual(props.b)
  29 |     // Except for primatives
  30 |     expect(copyProps(props).c).toBe(props.c)"
/home/gabriel/Disk/Research/research-javascript-test-smells/repositories/bootstrap-vue-dev/src/utils/props.spec.js,Duplicate Assert,"{'line': 28, 'column': 4, 'index': 933}","  26 |     expect(copyProps(props).a).toEqual(props.a)
  27 |     expect(copyProps(props).b).not.toBe(props.b)
> 28 |     expect(copyProps(props).b).toEqual(props.b)
     |    ^ Duplicate Assert
  29 |     // Except for primatives
  30 |     expect(copyProps(props).c).toBe(props.c)
  31 |     expect(copyProps(props).c).toEqual(props.c)"
/home/gabriel/Disk/Research/research-javascript-test-smells/repositories/bootstrap-vue-dev/src/utils/props.spec.js,Duplicate Assert,"{'line': 30, 'column': 4, 'index': 1010}","  28 |     expect(copyProps(props).b).toEqual(props.b)
  29 |     // Except for primatives
> 30 |     expect(copyProps(props).c).toBe(props.c)
     |    ^ Duplicate Assert
  31 |     expect(copyProps(props).c).toEqual(props.c)
  32 |   })
  33 |"
/home/gabriel/Disk/Research/research-javascript-test-smells/repositories/bootstrap-vue-dev/src/utils/props.spec.js,Duplicate Assert,"{'line': 31, 'column': 4, 'index': 1055}","  29 |     // Except for primatives
  30 |     expect(copyProps(props).c).toBe(props.c)
> 31 |     expect(copyProps(props).c).toEqual(props.c)
     |    ^ Duplicate Assert
  32 |   })
  33 |
  34 |   it('makeProp() works', async () => {"
/home/gabriel/Disk/Research/research-javascript-test-smells/repositories/bootstrap-vue-dev/src/utils/props.spec.js,Duplicate Assert,"{'line': 107, 'column': 4, 'index': 4018}","  105 |     expect(wrapper.vm).toBeDefined()
  106 |     expect(wrapper.element.tagName).toBe('DIV')
> 107 |     expect(wrapper.text()).toBe('bar')
      |    ^ Duplicate Assert
  108 |
  109 |     await wrapper.setProps({ text: 'baz' })
  110 |     expect(wrapper.text()).toBe('baz')"
/home/gabriel/Disk/Research/research-javascript-test-smells/repositories/bootstrap-vue-dev/src/utils/props.spec.js,Duplicate Assert,"{'line': 110, 'column': 4, 'index': 4102}","  108 |
  109 |     await wrapper.setProps({ text: 'baz' })
> 110 |     expect(wrapper.text()).toBe('baz')
      |    ^ Duplicate Assert
  111 |   })
  112 | })
  113 |"
/home/gabriel/Disk/Research/research-javascript-test-smells/repositories/bootstrap-vue-dev/src/utils/object.spec.js,Magic Number,"{'line': 53, 'column': 24, 'index': 1516}","  51 |     expect(C.a.deeper.alt_map.get('x')).toEqual('XXXX')
  52 |     expect(C.a.deeper.map.get('b')).toEqual('BBB')
> 53 |     expect(D.a).toEqual(1)
     |                        ^ Magic Number
  54 |     expect(D.b.c.d.e).toEqual(12345)
  55 |     expect(E.b.c.d.e).toEqual(12345)
  56 |     expect(F.b.c).toEqual('hallo')"
/home/gabriel/Disk/Research/research-javascript-test-smells/repositories/bootstrap-vue-dev/src/utils/object.spec.js,Magic Number,"{'line': 54, 'column': 30, 'index': 1549}","  52 |     expect(C.a.deeper.map.get('b')).toEqual('BBB')
  53 |     expect(D.a).toEqual(1)
> 54 |     expect(D.b.c.d.e).toEqual(12345)
     |                              ^ Magic Number
  55 |     expect(E.b.c.d.e).toEqual(12345)
  56 |     expect(F.b.c).toEqual('hallo')
  57 |     expect(F.b.d).toEqual('dag')"
/home/gabriel/Disk/Research/research-javascript-test-smells/repositories/bootstrap-vue-dev/src/utils/object.spec.js,Magic Number,"{'line': 55, 'column': 30, 'index': 1586}","  53 |     expect(D.a).toEqual(1)
  54 |     expect(D.b.c.d.e).toEqual(12345)
> 55 |     expect(E.b.c.d.e).toEqual(12345)
     |                              ^ Magic Number
  56 |     expect(F.b.c).toEqual('hallo')
  57 |     expect(F.b.d).toEqual('dag')
  58 |     expect(F.b.e).toEqual('ok')"
/home/gabriel/Disk/Research/research-javascript-test-smells/repositories/bootstrap-vue-dev/src/utils/number.spec.js,Magic Number,"{'line': 5, 'column': 30, 'index': 157}","  3 | describe('utils/number', () => {
  4 |   it('toInteger works', async () => {
> 5 |     expect(toInteger(1)).toBe(1)
    |                              ^ Magic Number
  6 |     expect(toInteger('1')).toBe(1)
  7 |     expect(toInteger(1e5)).toBe(100000)
  8 |     expect(toInteger('1e5')).toBe(1)"
/home/gabriel/Disk/Research/research-javascript-test-smells/repositories/bootstrap-vue-dev/src/utils/number.spec.js,Magic Number,"{'line': 6, 'column': 32, 'index': 192}","  4 |   it('toInteger works', async () => {
  5 |     expect(toInteger(1)).toBe(1)
> 6 |     expect(toInteger('1')).toBe(1)
    |                                ^ Magic Number
  7 |     expect(toInteger(1e5)).toBe(100000)
  8 |     expect(toInteger('1e5')).toBe(1)
  9 |     expect(toInteger('256 foobar')).toBe(256)"
/home/gabriel/Disk/Research/research-javascript-test-smells/repositories/bootstrap-vue-dev/src/utils/number.spec.js,Magic Number,"{'line': 7, 'column': 32, 'index': 227}","   5 |     expect(toInteger(1)).toBe(1)
   6 |     expect(toInteger('1')).toBe(1)
>  7 |     expect(toInteger(1e5)).toBe(100000)
     |                                ^ Magic Number
   8 |     expect(toInteger('1e5')).toBe(1)
   9 |     expect(toInteger('256 foobar')).toBe(256)
  10 |     expect(toInteger('foo 256bar')).toBe(NaN)"
/home/gabriel/Disk/Research/research-javascript-test-smells/repositories/bootstrap-vue-dev/src/utils/number.spec.js,Magic Number,"{'line': 8, 'column': 34, 'index': 269}","   6 |     expect(toInteger('1')).toBe(1)
   7 |     expect(toInteger(1e5)).toBe(100000)
>  8 |     expect(toInteger('1e5')).toBe(1)
     |                                  ^ Magic Number
   9 |     expect(toInteger('256 foobar')).toBe(256)
  10 |     expect(toInteger('foo 256bar')).toBe(NaN)
  11 |     expect(toInteger({})).toBe(NaN)"
/home/gabriel/Disk/Research/research-javascript-test-smells/repositories/bootstrap-vue-dev/src/utils/number.spec.js,Magic Number,"{'line': 9, 'column': 41, 'index': 313}","   7 |     expect(toInteger(1e5)).toBe(100000)
   8 |     expect(toInteger('1e5')).toBe(1)
>  9 |     expect(toInteger('256 foobar')).toBe(256)
     |                                         ^ Magic Number
  10 |     expect(toInteger('foo 256bar')).toBe(NaN)
  11 |     expect(toInteger({})).toBe(NaN)
  12 |     expect(toInteger([])).toBe(NaN)"
/home/gabriel/Disk/Research/research-javascript-test-smells/repositories/bootstrap-vue-dev/src/utils/number.spec.js,Magic Number,"{'line': 16, 'column': 36, 'index': 597}","  14 |     expect(toInteger(null)).toBe(NaN)
  15 |     expect(toInteger(undefined)).toBe(NaN)
> 16 |     expect(toInteger(null, 0)).toBe(0)
     |                                    ^ Magic Number
  17 |     expect(toInteger(undefined, -1)).toBe(-1)
  18 |   })
  19 |"
/home/gabriel/Disk/Research/research-javascript-test-smells/repositories/bootstrap-vue-dev/src/utils/number.spec.js,Magic Number,"{'line': 21, 'column': 28, 'index': 716}","  19 |
  20 |   it('toFloat works', async () => {
> 21 |     expect(toFloat(1)).toBe(1)
     |                            ^ Magic Number
  22 |     expect(toFloat('1')).toBe(1)
  23 |     expect(toFloat(1.23)).toBe(1.23)
  24 |     expect(toFloat('1.23')).toBe(1.23)"
/home/gabriel/Disk/Research/research-javascript-test-smells/repositories/bootstrap-vue-dev/src/utils/number.spec.js,Magic Number,"{'line': 22, 'column': 30, 'index': 749}","  20 |   it('toFloat works', async () => {
  21 |     expect(toFloat(1)).toBe(1)
> 22 |     expect(toFloat('1')).toBe(1)
     |                              ^ Magic Number
  23 |     expect(toFloat(1.23)).toBe(1.23)
  24 |     expect(toFloat('1.23')).toBe(1.23)
  25 |     expect(toFloat(1e5)).toBe(100000)"
/home/gabriel/Disk/Research/research-javascript-test-smells/repositories/bootstrap-vue-dev/src/utils/number.spec.js,Magic Number,"{'line': 23, 'column': 31, 'index': 783}","  21 |     expect(toFloat(1)).toBe(1)
  22 |     expect(toFloat('1')).toBe(1)
> 23 |     expect(toFloat(1.23)).toBe(1.23)
     |                               ^ Magic Number
  24 |     expect(toFloat('1.23')).toBe(1.23)
  25 |     expect(toFloat(1e5)).toBe(100000)
  26 |     // `parseFloat()` works differently than `parseInt()` in this case"
/home/gabriel/Disk/Research/research-javascript-test-smells/repositories/bootstrap-vue-dev/src/utils/number.spec.js,Magic Number,"{'line': 24, 'column': 33, 'index': 822}","  22 |     expect(toFloat('1')).toBe(1)
  23 |     expect(toFloat(1.23)).toBe(1.23)
> 24 |     expect(toFloat('1.23')).toBe(1.23)
     |                                 ^ Magic Number
  25 |     expect(toFloat(1e5)).toBe(100000)
  26 |     // `parseFloat()` works differently than `parseInt()` in this case
  27 |     expect(toFloat('1e5')).toBe(100000)"
/home/gabriel/Disk/Research/research-javascript-test-smells/repositories/bootstrap-vue-dev/src/utils/number.spec.js,Magic Number,"{'line': 25, 'column': 30, 'index': 858}","  23 |     expect(toFloat(1.23)).toBe(1.23)
  24 |     expect(toFloat('1.23')).toBe(1.23)
> 25 |     expect(toFloat(1e5)).toBe(100000)
     |                              ^ Magic Number
  26 |     // `parseFloat()` works differently than `parseInt()` in this case
  27 |     expect(toFloat('1e5')).toBe(100000)
  28 |     expect(toFloat('256 foobar')).toBe(256)"
/home/gabriel/Disk/Research/research-javascript-test-smells/repositories/bootstrap-vue-dev/src/utils/number.spec.js,Magic Number,"{'line': 27, 'column': 32, 'index': 969}","  25 |     expect(toFloat(1e5)).toBe(100000)
  26 |     // `parseFloat()` works differently than `parseInt()` in this case
> 27 |     expect(toFloat('1e5')).toBe(100000)
     |                                ^ Magic Number
  28 |     expect(toFloat('256 foobar')).toBe(256)
  29 |     expect(toFloat('256.78 foobar')).toBe(256.78)
  30 |     expect(toFloat('foo 256bar')).toBe(NaN)"
/home/gabriel/Disk/Research/research-javascript-test-smells/repositories/bootstrap-vue-dev/src/utils/number.spec.js,Magic Number,"{'line': 28, 'column': 39, 'index': 1016}","  26 |     // `parseFloat()` works differently than `parseInt()` in this case
  27 |     expect(toFloat('1e5')).toBe(100000)
> 28 |     expect(toFloat('256 foobar')).toBe(256)
     |                                       ^ Magic Number
  29 |     expect(toFloat('256.78 foobar')).toBe(256.78)
  30 |     expect(toFloat('foo 256bar')).toBe(NaN)
  31 |     expect(toFloat({})).toBe(NaN)"
/home/gabriel/Disk/Research/research-javascript-test-smells/repositories/bootstrap-vue-dev/src/utils/number.spec.js,Magic Number,"{'line': 29, 'column': 42, 'index': 1063}","  27 |     expect(toFloat('1e5')).toBe(100000)
  28 |     expect(toFloat('256 foobar')).toBe(256)
> 29 |     expect(toFloat('256.78 foobar')).toBe(256.78)
     |                                          ^ Magic Number
  30 |     expect(toFloat('foo 256bar')).toBe(NaN)
  31 |     expect(toFloat({})).toBe(NaN)
  32 |     expect(toFloat([])).toBe(NaN)"
/home/gabriel/Disk/Research/research-javascript-test-smells/repositories/bootstrap-vue-dev/src/utils/number.spec.js,Magic Number,"{'line': 36, 'column': 34, 'index': 1336}","  34 |     expect(toFloat(null)).toBe(NaN)
  35 |     expect(toFloat(undefined)).toBe(NaN)
> 36 |     expect(toFloat(null, 0)).toBe(0)
     |                                  ^ Magic Number
  37 |     expect(toFloat(undefined, -1)).toBe(-1)
  38 |   })
  39 |"
/home/gabriel/Disk/Research/research-javascript-test-smells/repositories/bootstrap-vue-dev/src/utils/normalize-slot.spec.js,Duplicate Assert,"{'line': 17, 'column': 4, 'index': 428}","  15 |     // Prefers scopedSlots over slots
  16 |     let result = normalizeSlot('default', {}, $scoped, $slots)
> 17 |     expect(result).toBe('foo')
     |    ^ Duplicate Assert
  18 |
  19 |     // Passes slot scope to scopedSlot
  20 |     result = normalizeSlot('default', { a: ' foo' }, $scoped, $slots)"
/home/gabriel/Disk/Research/research-javascript-test-smells/repositories/bootstrap-vue-dev/src/utils/normalize-slot.spec.js,Duplicate Assert,"{'line': 21, 'column': 4, 'index': 569}","  19 |     // Passes slot scope to scopedSlot
  20 |     result = normalizeSlot('default', { a: ' foo' }, $scoped, $slots)
> 21 |     expect(result).toBe('foo foo')
     |    ^ Duplicate Assert
  22 |
  23 |     // Uses named slot if scopedSlot not found
  24 |     result = normalizeSlot('default', {}, {}, $slots)"
/home/gabriel/Disk/Research/research-javascript-test-smells/repositories/bootstrap-vue-dev/src/utils/normalize-slot.spec.js,Duplicate Assert,"{'line': 25, 'column': 4, 'index': 706}","  23 |     // Uses named slot if scopedSlot not found
  24 |     result = normalizeSlot('default', {}, {}, $slots)
> 25 |     expect(result).toBe('bar')
     |    ^ Duplicate Assert
  26 |
  27 |     // Works if only named slot found
  28 |     result = normalizeSlot('default', { a: ' foo' }, {}, $slots)"
/home/gabriel/Disk/Research/research-javascript-test-smells/repositories/bootstrap-vue-dev/src/utils/normalize-slot.spec.js,Duplicate Assert,"{'line': 25, 'column': 4, 'index': 706}","  23 |     // Uses named slot if scopedSlot not found
  24 |     result = normalizeSlot('default', {}, {}, $slots)
> 25 |     expect(result).toBe('bar')
     |    ^ Duplicate Assert
  26 |
  27 |     // Works if only named slot found
  28 |     result = normalizeSlot('default', { a: ' foo' }, {}, $slots)"
/home/gabriel/Disk/Research/research-javascript-test-smells/repositories/bootstrap-vue-dev/src/utils/normalize-slot.spec.js,Duplicate Assert,"{'line': 29, 'column': 4, 'index': 841}","  27 |     // Works if only named slot found
  28 |     result = normalizeSlot('default', { a: ' foo' }, {}, $slots)
> 29 |     expect(result).toBe('bar')
     |    ^ Duplicate Assert
  30 |
  31 |     // Works if only named slot found and scopedSlots is undef
  32 |     result = normalizeSlot('default', { a: ' foo' }, undefined, $slots)"
/home/gabriel/Disk/Research/research-javascript-test-smells/repositories/bootstrap-vue-dev/src/utils/normalize-slot.spec.js,Duplicate Assert,"{'line': 29, 'column': 4, 'index': 841}","  27 |     // Works if only named slot found
  28 |     result = normalizeSlot('default', { a: ' foo' }, {}, $slots)
> 29 |     expect(result).toBe('bar')
     |    ^ Duplicate Assert
  30 |
  31 |     // Works if only named slot found and scopedSlots is undef
  32 |     result = normalizeSlot('default', { a: ' foo' }, undefined, $slots)"
/home/gabriel/Disk/Research/research-javascript-test-smells/repositories/bootstrap-vue-dev/src/utils/normalize-slot.spec.js,Duplicate Assert,"{'line': 33, 'column': 4, 'index': 1008}","  31 |     // Works if only named slot found and scopedSlots is undef
  32 |     result = normalizeSlot('default', { a: ' foo' }, undefined, $slots)
> 33 |     expect(result).toBe('bar')
     |    ^ Duplicate Assert
  34 |
  35 |     // Works if only scoped slot found
  36 |     result = normalizeSlot('default', { a: ' bar' }, $scoped, {})"
/home/gabriel/Disk/Research/research-javascript-test-smells/repositories/bootstrap-vue-dev/src/utils/normalize-slot.spec.js,Duplicate Assert,"{'line': 33, 'column': 4, 'index': 1008}","  31 |     // Works if only named slot found and scopedSlots is undef
  32 |     result = normalizeSlot('default', { a: ' foo' }, undefined, $slots)
> 33 |     expect(result).toBe('bar')
     |    ^ Duplicate Assert
  34 |
  35 |     // Works if only scoped slot found
  36 |     result = normalizeSlot('default', { a: ' bar' }, $scoped, {})"
/home/gabriel/Disk/Research/research-javascript-test-smells/repositories/bootstrap-vue-dev/src/utils/normalize-slot.spec.js,Duplicate Assert,"{'line': 37, 'column': 4, 'index': 1145}","  35 |     // Works if only scoped slot found
  36 |     result = normalizeSlot('default', { a: ' bar' }, $scoped, {})
> 37 |     expect(result).toBe('foo bar')
     |    ^ Duplicate Assert
  38 |
  39 |     // Works if only scoped slot found and scoped is undef
  40 |     result = normalizeSlot('default', { a: ' bar' }, $scoped, undefined)"
/home/gabriel/Disk/Research/research-javascript-test-smells/repositories/bootstrap-vue-dev/src/utils/normalize-slot.spec.js,Duplicate Assert,"{'line': 37, 'column': 4, 'index': 1145}","  35 |     // Works if only scoped slot found
  36 |     result = normalizeSlot('default', { a: ' bar' }, $scoped, {})
> 37 |     expect(result).toBe('foo bar')
     |    ^ Duplicate Assert
  38 |
  39 |     // Works if only scoped slot found and scoped is undef
  40 |     result = normalizeSlot('default', { a: ' bar' }, $scoped, undefined)"
/home/gabriel/Disk/Research/research-javascript-test-smells/repositories/bootstrap-vue-dev/src/utils/normalize-slot.spec.js,Duplicate Assert,"{'line': 41, 'column': 4, 'index': 1313}","  39 |     // Works if only scoped slot found and scoped is undef
  40 |     result = normalizeSlot('default', { a: ' bar' }, $scoped, undefined)
> 41 |     expect(result).toBe('foo bar')
     |    ^ Duplicate Assert
  42 |
  43 |     // Returns undefined if slot name not found
  44 |     result = normalizeSlot('default', {}, {}, {})"
/home/gabriel/Disk/Research/research-javascript-test-smells/repositories/bootstrap-vue-dev/src/utils/normalize-slot.spec.js,Duplicate Assert,"{'line': 41, 'column': 4, 'index': 1313}","  39 |     // Works if only scoped slot found and scoped is undef
  40 |     result = normalizeSlot('default', { a: ' bar' }, $scoped, undefined)
> 41 |     expect(result).toBe('foo bar')
     |    ^ Duplicate Assert
  42 |
  43 |     // Returns undefined if slot name not found
  44 |     result = normalizeSlot('default', {}, {}, {})"
/home/gabriel/Disk/Research/research-javascript-test-smells/repositories/bootstrap-vue-dev/src/utils/normalize-slot.spec.js,Duplicate Assert,"{'line': 45, 'column': 4, 'index': 1447}","  43 |     // Returns undefined if slot name not found
  44 |     result = normalizeSlot('default', {}, {}, {})
> 45 |     expect(result).toBeUndefined()
     |    ^ Duplicate Assert
  46 |
  47 |     // Returns undefined if slot name not found
  48 |     result = normalizeSlot('baz', {}, $scoped, $slots)"
/home/gabriel/Disk/Research/research-javascript-test-smells/repositories/bootstrap-vue-dev/src/utils/normalize-slot.spec.js,Duplicate Assert,"{'line': 45, 'column': 4, 'index': 1447}","  43 |     // Returns undefined if slot name not found
  44 |     result = normalizeSlot('default', {}, {}, {})
> 45 |     expect(result).toBeUndefined()
     |    ^ Duplicate Assert
  46 |
  47 |     // Returns undefined if slot name not found
  48 |     result = normalizeSlot('baz', {}, $scoped, $slots)"
/home/gabriel/Disk/Research/research-javascript-test-smells/repositories/bootstrap-vue-dev/src/utils/normalize-slot.spec.js,Duplicate Assert,"{'line': 49, 'column': 4, 'index': 1586}","  47 |     // Returns undefined if slot name not found
  48 |     result = normalizeSlot('baz', {}, $scoped, $slots)
> 49 |     expect(result).toBeUndefined()
     |    ^ Duplicate Assert
  50 |
  51 |     // Works with array (named slot)
  52 |     result = normalizeSlot(['none', 'default'], { a: ' foo' }, undefined, $slots)"
/home/gabriel/Disk/Research/research-javascript-test-smells/repositories/bootstrap-vue-dev/src/utils/normalize-slot.spec.js,Duplicate Assert,"{'line': 49, 'column': 4, 'index': 1586}","  47 |     // Returns undefined if slot name not found
  48 |     result = normalizeSlot('baz', {}, $scoped, $slots)
> 49 |     expect(result).toBeUndefined()
     |    ^ Duplicate Assert
  50 |
  51 |     // Works with array (named slot)
  52 |     result = normalizeSlot(['none', 'default'], { a: ' foo' }, undefined, $slots)"
/home/gabriel/Disk/Research/research-javascript-test-smells/repositories/bootstrap-vue-dev/src/utils/normalize-slot.spec.js,Duplicate Assert,"{'line': 53, 'column': 4, 'index': 1741}","  51 |     // Works with array (named slot)
  52 |     result = normalizeSlot(['none', 'default'], { a: ' foo' }, undefined, $slots)
> 53 |     expect(result).toBe('bar')
     |    ^ Duplicate Assert
  54 |
  55 |     // Works with arrays (scoped slot)
  56 |     result = normalizeSlot(['none', 'default'], { a: ' bar' }, $scoped, {})"
/home/gabriel/Disk/Research/research-javascript-test-smells/repositories/bootstrap-vue-dev/src/utils/normalize-slot.spec.js,Duplicate Assert,"{'line': 53, 'column': 4, 'index': 1741}","  51 |     // Works with array (named slot)
  52 |     result = normalizeSlot(['none', 'default'], { a: ' foo' }, undefined, $slots)
> 53 |     expect(result).toBe('bar')
     |    ^ Duplicate Assert
  54 |
  55 |     // Works with arrays (scoped slot)
  56 |     result = normalizeSlot(['none', 'default'], { a: ' bar' }, $scoped, {})"
/home/gabriel/Disk/Research/research-javascript-test-smells/repositories/bootstrap-vue-dev/src/utils/normalize-slot.spec.js,Duplicate Assert,"{'line': 57, 'column': 4, 'index': 1888}","  55 |     // Works with arrays (scoped slot)
  56 |     result = normalizeSlot(['none', 'default'], { a: ' bar' }, $scoped, {})
> 57 |     expect(result).toBe('foo bar')
     |    ^ Duplicate Assert
  58 |
  59 |     // Returns undefined if slot name not found with array
  60 |     result = normalizeSlot(['baz', 'bar'], {}, $scoped, $slots)"
/home/gabriel/Disk/Research/research-javascript-test-smells/repositories/bootstrap-vue-dev/src/utils/normalize-slot.spec.js,Duplicate Assert,"{'line': 57, 'column': 4, 'index': 1888}","  55 |     // Works with arrays (scoped slot)
  56 |     result = normalizeSlot(['none', 'default'], { a: ' bar' }, $scoped, {})
> 57 |     expect(result).toBe('foo bar')
     |    ^ Duplicate Assert
  58 |
  59 |     // Returns undefined if slot name not found with array
  60 |     result = normalizeSlot(['baz', 'bar'], {}, $scoped, $slots)"
/home/gabriel/Disk/Research/research-javascript-test-smells/repositories/bootstrap-vue-dev/src/utils/normalize-slot.spec.js,Duplicate Assert,"{'line': 61, 'column': 4, 'index': 2047}","  59 |     // Returns undefined if slot name not found with array
  60 |     result = normalizeSlot(['baz', 'bar'], {}, $scoped, $slots)
> 61 |     expect(result).toBeUndefined()
     |    ^ Duplicate Assert
  62 |   })
  63 | })
  64 |"
/home/gabriel/Disk/Research/research-javascript-test-smells/repositories/bootstrap-vue-dev/src/utils/normalize-slot.spec.js,Duplicate Assert,"{'line': 61, 'column': 4, 'index': 2047}","  59 |     // Returns undefined if slot name not found with array
  60 |     result = normalizeSlot(['baz', 'bar'], {}, $scoped, $slots)
> 61 |     expect(result).toBeUndefined()
     |    ^ Duplicate Assert
  62 |   })
  63 | })
  64 |"
/home/gabriel/Disk/Research/research-javascript-test-smells/repositories/bootstrap-vue-dev/src/utils/loose-equal.spec.js,Duplicate Assert,"{'line': 5, 'column': 4, 'index': 129}","  3 | describe('utils/looseEqual', () => {
  4 |   it('compares booleans correctly', () => {
> 5 |     expect(looseEqual(true, true)).toBe(true)
    |    ^ Duplicate Assert
  6 |     expect(looseEqual(false, false)).toBe(true)
  7 |     expect(looseEqual(true, false)).toBe(false)
  8 |     expect(looseEqual(true, true)).toBe(true)"
/home/gabriel/Disk/Research/research-javascript-test-smells/repositories/bootstrap-vue-dev/src/utils/loose-equal.spec.js,Duplicate Assert,"{'line': 5, 'column': 4, 'index': 129}","  3 | describe('utils/looseEqual', () => {
  4 |   it('compares booleans correctly', () => {
> 5 |     expect(looseEqual(true, true)).toBe(true)
    |    ^ Duplicate Assert
  6 |     expect(looseEqual(false, false)).toBe(true)
  7 |     expect(looseEqual(true, false)).toBe(false)
  8 |     expect(looseEqual(true, true)).toBe(true)"
/home/gabriel/Disk/Research/research-javascript-test-smells/repositories/bootstrap-vue-dev/src/utils/loose-equal.spec.js,Duplicate Assert,"{'line': 8, 'column': 4, 'index': 271}","   6 |     expect(looseEqual(false, false)).toBe(true)
   7 |     expect(looseEqual(true, false)).toBe(false)
>  8 |     expect(looseEqual(true, true)).toBe(true)
     |    ^ Duplicate Assert
   9 |     expect(looseEqual(true, 1)).toBe(false)
  10 |     expect(looseEqual(false, 0)).toBe(false)
  11 |   })"
/home/gabriel/Disk/Research/research-javascript-test-smells/repositories/bootstrap-vue-dev/src/utils/loose-equal.spec.js,Duplicate Assert,"{'line': 8, 'column': 4, 'index': 271}","   6 |     expect(looseEqual(false, false)).toBe(true)
   7 |     expect(looseEqual(true, false)).toBe(false)
>  8 |     expect(looseEqual(true, true)).toBe(true)
     |    ^ Duplicate Assert
   9 |     expect(looseEqual(true, 1)).toBe(false)
  10 |     expect(looseEqual(false, 0)).toBe(false)
  11 |   })"
/home/gabriel/Disk/Research/research-javascript-test-smells/repositories/bootstrap-vue-dev/src/utils/get.spec.js,Magic Number,"{'line': 19, 'column': 32, 'index': 641}","  17 |     expect(get({}, '', true)).toBe(true)
  18 |     expect(get({}, 'a', '')).toBe('')
> 19 |     expect(get({}, [], 0)).toBe(0)
     |                                ^ Magic Number
  20 |     expect(get({ a: 'b' }, 'b', {})).toEqual({})
  21 |     expect(get({ a: { c: 'd' } }, 'a.d', [])).toEqual([])
  22 |     expect(get({ a: { c: undefined } }, 'a.c')).toBe(null)"
/home/gabriel/Disk/Research/research-javascript-test-smells/repositories/bootstrap-vue-dev/src/utils/get.spec.js,Magic Number,"{'line': 43, 'column': 34, 'index': 1638}","  41 |     expect(get(obj4, ['a', 1, 0, 'd', 'e', 0])).toBe('f')
  42 |     expect(get(obj4, ['a[1]', 0, 'd', 'e[0]'])).toBe('f')
> 43 |     expect(get(obj5, 'a.b')).toBe(0)
     |                                  ^ Magic Number
  44 |     expect(get(obj5, 'a.c')).toBe('')
  45 |     expect(get(obj5, 'a.d')).toBe(false)
  46 |     expect(get(obj6, 'a')).toBe(0)"
/home/gabriel/Disk/Research/research-javascript-test-smells/repositories/bootstrap-vue-dev/src/utils/get.spec.js,Magic Number,"{'line': 46, 'column': 32, 'index': 1752}","  44 |     expect(get(obj5, 'a.c')).toBe('')
  45 |     expect(get(obj5, 'a.d')).toBe(false)
> 46 |     expect(get(obj6, 'a')).toBe(0)
     |                                ^ Magic Number
  47 |     expect(get(obj6, 'b')).toBe(false)
  48 |   })
  49 |"
/home/gabriel/Disk/Research/research-javascript-test-smells/repositories/bootstrap-vue-dev/src/utils/events.spec.js,Conditional Test Logic,"{'line': 7, 'column': 4, 'index': 246}","   5 |   it('event options parsing works', async () => {
   6 |     // JSDOM probably does not support passive mode
>  7 |     if (HAS_PASSIVE_EVENT_SUPPORT) {
     |    ^ Conditional Test Logic
   8 |       // Converts boolean to object
   9 |       expect(parseEventOptions(true)).toEqual({ capture: true })
  10 |       expect(parseEventOptions(false)).toEqual({ capture: false })"
/home/gabriel/Disk/Research/research-javascript-test-smells/repositories/bootstrap-vue-dev/src/utils/events.spec.js,Duplicate Assert,"{'line': 9, 'column': 6, 'index': 321}","   7 |     if (HAS_PASSIVE_EVENT_SUPPORT) {
   8 |       // Converts boolean to object
>  9 |       expect(parseEventOptions(true)).toEqual({ capture: true })
     |      ^ Duplicate Assert
  10 |       expect(parseEventOptions(false)).toEqual({ capture: false })
  11 |       expect(parseEventOptions()).toEqual({ capture: false })
  12 |"
/home/gabriel/Disk/Research/research-javascript-test-smells/repositories/bootstrap-vue-dev/src/utils/events.spec.js,Duplicate Assert,"{'line': 10, 'column': 6, 'index': 386}","   8 |       // Converts boolean to object
   9 |       expect(parseEventOptions(true)).toEqual({ capture: true })
> 10 |       expect(parseEventOptions(false)).toEqual({ capture: false })
     |      ^ Duplicate Assert
  11 |       expect(parseEventOptions()).toEqual({ capture: false })
  12 |
  13 |       // Parses object correctly (returns as-is)"
/home/gabriel/Disk/Research/research-javascript-test-smells/repositories/bootstrap-vue-dev/src/utils/events.spec.js,Duplicate Assert,"{'line': 11, 'column': 6, 'index': 453}","   9 |       expect(parseEventOptions(true)).toEqual({ capture: true })
  10 |       expect(parseEventOptions(false)).toEqual({ capture: false })
> 11 |       expect(parseEventOptions()).toEqual({ capture: false })
     |      ^ Duplicate Assert
  12 |
  13 |       // Parses object correctly (returns as-is)
  14 |       expect(parseEventOptions({ capture: false })).toEqual({ capture: false })"
/home/gabriel/Disk/Research/research-javascript-test-smells/repositories/bootstrap-vue-dev/src/utils/events.spec.js,Duplicate Assert,"{'line': 14, 'column': 6, 'index': 565}","  12 |
  13 |       // Parses object correctly (returns as-is)
> 14 |       expect(parseEventOptions({ capture: false })).toEqual({ capture: false })
     |      ^ Duplicate Assert
  15 |       expect(parseEventOptions({ capture: true })).toEqual({ capture: true })
  16 |       expect(parseEventOptions({})).toEqual({})
  17 |       expect(parseEventOptions({ capture: false, foobar: true })).toEqual({"
/home/gabriel/Disk/Research/research-javascript-test-smells/repositories/bootstrap-vue-dev/src/utils/events.spec.js,Duplicate Assert,"{'line': 15, 'column': 6, 'index': 645}","  13 |       // Parses object correctly (returns as-is)
  14 |       expect(parseEventOptions({ capture: false })).toEqual({ capture: false })
> 15 |       expect(parseEventOptions({ capture: true })).toEqual({ capture: true })
     |      ^ Duplicate Assert
  16 |       expect(parseEventOptions({})).toEqual({})
  17 |       expect(parseEventOptions({ capture: false, foobar: true })).toEqual({
  18 |         capture: false,"
/home/gabriel/Disk/Research/research-javascript-test-smells/repositories/bootstrap-vue-dev/src/utils/events.spec.js,Duplicate Assert,"{'line': 16, 'column': 6, 'index': 723}","  14 |       expect(parseEventOptions({ capture: false })).toEqual({ capture: false })
  15 |       expect(parseEventOptions({ capture: true })).toEqual({ capture: true })
> 16 |       expect(parseEventOptions({})).toEqual({})
     |      ^ Duplicate Assert
  17 |       expect(parseEventOptions({ capture: false, foobar: true })).toEqual({
  18 |         capture: false,
  19 |         foobar: true"
/home/gabriel/Disk/Research/research-javascript-test-smells/repositories/bootstrap-vue-dev/src/utils/events.spec.js,Duplicate Assert,"{'line': 17, 'column': 6, 'index': 771}","  15 |       expect(parseEventOptions({ capture: true })).toEqual({ capture: true })
  16 |       expect(parseEventOptions({})).toEqual({})
> 17 |       expect(parseEventOptions({ capture: false, foobar: true })).toEqual({
     |      ^ Duplicate Assert
  18 |         capture: false,
  19 |         foobar: true
  20 |       })"
/home/gabriel/Disk/Research/research-javascript-test-smells/repositories/bootstrap-vue-dev/src/utils/events.spec.js,Duplicate Assert,"{'line': 27, 'column': 6, 'index': 1084}","  25 |     } else {
  26 |       // Converts non object to boolean
> 27 |       expect(parseEventOptions(true)).toEqual(true)
     |      ^ Duplicate Assert
  28 |       expect(parseEventOptions(false)).toEqual(false)
  29 |       expect(parseEventOptions()).toEqual(false)
  30 |       expect(parseEventOptions(null)).toEqual(false)"
/home/gabriel/Disk/Research/research-javascript-test-smells/repositories/bootstrap-vue-dev/src/utils/events.spec.js,Duplicate Assert,"{'line': 28, 'column': 6, 'index': 1136}","  26 |       // Converts non object to boolean
  27 |       expect(parseEventOptions(true)).toEqual(true)
> 28 |       expect(parseEventOptions(false)).toEqual(false)
     |      ^ Duplicate Assert
  29 |       expect(parseEventOptions()).toEqual(false)
  30 |       expect(parseEventOptions(null)).toEqual(false)
  31 |       // Converts object to boolean"
/home/gabriel/Disk/Research/research-javascript-test-smells/repositories/bootstrap-vue-dev/src/utils/events.spec.js,Duplicate Assert,"{'line': 29, 'column': 6, 'index': 1190}","  27 |       expect(parseEventOptions(true)).toEqual(true)
  28 |       expect(parseEventOptions(false)).toEqual(false)
> 29 |       expect(parseEventOptions()).toEqual(false)
     |      ^ Duplicate Assert
  30 |       expect(parseEventOptions(null)).toEqual(false)
  31 |       // Converts object to boolean
  32 |       expect(parseEventOptions({ capture: false })).toEqual(false)"
/home/gabriel/Disk/Research/research-javascript-test-smells/repositories/bootstrap-vue-dev/src/utils/events.spec.js,Duplicate Assert,"{'line': 32, 'column': 6, 'index': 1328}","  30 |       expect(parseEventOptions(null)).toEqual(false)
  31 |       // Converts object to boolean
> 32 |       expect(parseEventOptions({ capture: false })).toEqual(false)
     |      ^ Duplicate Assert
  33 |       expect(parseEventOptions({ capture: true })).toEqual(true)
  34 |       expect(parseEventOptions({})).toEqual(false)
  35 |       expect(parseEventOptions({ capture: false, foobar: true })).toEqual(false)"
/home/gabriel/Disk/Research/research-javascript-test-smells/repositories/bootstrap-vue-dev/src/utils/events.spec.js,Duplicate Assert,"{'line': 33, 'column': 6, 'index': 1395}","  31 |       // Converts object to boolean
  32 |       expect(parseEventOptions({ capture: false })).toEqual(false)
> 33 |       expect(parseEventOptions({ capture: true })).toEqual(true)
     |      ^ Duplicate Assert
  34 |       expect(parseEventOptions({})).toEqual(false)
  35 |       expect(parseEventOptions({ capture: false, foobar: true })).toEqual(false)
  36 |       expect(parseEventOptions({ capture: true, foobar: true })).toEqual(true)"
/home/gabriel/Disk/Research/research-javascript-test-smells/repositories/bootstrap-vue-dev/src/utils/events.spec.js,Duplicate Assert,"{'line': 34, 'column': 6, 'index': 1460}","  32 |       expect(parseEventOptions({ capture: false })).toEqual(false)
  33 |       expect(parseEventOptions({ capture: true })).toEqual(true)
> 34 |       expect(parseEventOptions({})).toEqual(false)
     |      ^ Duplicate Assert
  35 |       expect(parseEventOptions({ capture: false, foobar: true })).toEqual(false)
  36 |       expect(parseEventOptions({ capture: true, foobar: true })).toEqual(true)
  37 |       expect(parseEventOptions({ foobar: true })).toEqual(false)"
/home/gabriel/Disk/Research/research-javascript-test-smells/repositories/bootstrap-vue-dev/src/utils/events.spec.js,Duplicate Assert,"{'line': 35, 'column': 6, 'index': 1511}","  33 |       expect(parseEventOptions({ capture: true })).toEqual(true)
  34 |       expect(parseEventOptions({})).toEqual(false)
> 35 |       expect(parseEventOptions({ capture: false, foobar: true })).toEqual(false)
     |      ^ Duplicate Assert
  36 |       expect(parseEventOptions({ capture: true, foobar: true })).toEqual(true)
  37 |       expect(parseEventOptions({ foobar: true })).toEqual(false)
  38 |       expect(parseEventOptions({ foobar: false })).toEqual(false)"
/home/gabriel/Disk/Research/research-javascript-test-smells/repositories/bootstrap-vue-dev/src/utils/dom.spec.js,Duplicate Assert,"{'line': 113, 'column': 4, 'index': 2834}","  111 |     expect($btns.length).toBe(3)
  112 |
> 113 |     expect(closest('div.foo', $btns.at(0).element)).toBeDefined()
      |    ^ Duplicate Assert
  114 |     expect(closest('div.foo', $btns.at(0).element)).toBe(wrapper.element)
  115 |     expect(closest('div.foo', null)).toBe(null)
  116 |"
/home/gabriel/Disk/Research/research-javascript-test-smells/repositories/bootstrap-vue-dev/src/utils/dom.spec.js,Duplicate Assert,"{'line': 114, 'column': 4, 'index': 2900}","  112 |
  113 |     expect(closest('div.foo', $btns.at(0).element)).toBeDefined()
> 114 |     expect(closest('div.foo', $btns.at(0).element)).toBe(wrapper.element)
      |    ^ Duplicate Assert
  115 |     expect(closest('div.foo', null)).toBe(null)
  116 |
  117 |     const $baz = wrapper.find('div.baz')"
/home/gabriel/Disk/Research/research-javascript-test-smells/repositories/bootstrap-vue-dev/src/utils/dom.spec.js,Duplicate Assert,"{'line': 120, 'column': 4, 'index': 3132}","  118 |     expect($baz).toBeDefined()
  119 |     expect($baz.exists()).toBe(true)
> 120 |     expect(closest('div.baz', $btns.at(0).element)).toBeDefined()
      |    ^ Duplicate Assert
  121 |     expect(closest('div.baz', $btns.at(0).element)).toBe($baz.element)
  122 |     expect(closest('div.not-here', $btns.at(0).element)).toBe(null)
  123 |     expect(closest('div.baz', $baz.element)).toBe(null)"
/home/gabriel/Disk/Research/research-javascript-test-smells/repositories/bootstrap-vue-dev/src/utils/dom.spec.js,Duplicate Assert,"{'line': 121, 'column': 4, 'index': 3198}","  119 |     expect($baz.exists()).toBe(true)
  120 |     expect(closest('div.baz', $btns.at(0).element)).toBeDefined()
> 121 |     expect(closest('div.baz', $btns.at(0).element)).toBe($baz.element)
      |    ^ Duplicate Assert
  122 |     expect(closest('div.not-here', $btns.at(0).element)).toBe(null)
  123 |     expect(closest('div.baz', $baz.element)).toBe(null)
  124 |     expect(closest('div.baz', $baz.element, true)).toBe($baz.element)"
/home/gabriel/Disk/Research/research-javascript-test-smells/repositories/bootstrap-vue-dev/src/utils/dom.spec.js,Duplicate Assert,"{'line': 235, 'column': 4, 'index': 7170}","  233 |     // Note: It appears that `vue-test-utils` is not detaching previous
  234 |     //       app instances and elements once the test is complete!
> 235 |     expect(select('button')).not.toBe(null)
      |    ^ Duplicate Assert
  236 |     expect(select('button')).toBe($btns.at(0).element)
  237 |     expect(select('button#button3')).not.toBe(null)
  238 |     expect(select('button#button3')).toBe($btns.at(2).element)"
/home/gabriel/Disk/Research/research-javascript-test-smells/repositories/bootstrap-vue-dev/src/utils/dom.spec.js,Duplicate Assert,"{'line': 236, 'column': 4, 'index': 7214}","  234 |     //       app instances and elements once the test is complete!
  235 |     expect(select('button')).not.toBe(null)
> 236 |     expect(select('button')).toBe($btns.at(0).element)
      |    ^ Duplicate Assert
  237 |     expect(select('button#button3')).not.toBe(null)
  238 |     expect(select('button#button3')).toBe($btns.at(2).element)
  239 |     expect(select('span.not-here')).toBe(null)"
/home/gabriel/Disk/Research/research-javascript-test-smells/repositories/bootstrap-vue-dev/src/utils/dom.spec.js,Duplicate Assert,"{'line': 237, 'column': 4, 'index': 7269}","  235 |     expect(select('button')).not.toBe(null)
  236 |     expect(select('button')).toBe($btns.at(0).element)
> 237 |     expect(select('button#button3')).not.toBe(null)
      |    ^ Duplicate Assert
  238 |     expect(select('button#button3')).toBe($btns.at(2).element)
  239 |     expect(select('span.not-here')).toBe(null)
  240 |"
/home/gabriel/Disk/Research/research-javascript-test-smells/repositories/bootstrap-vue-dev/src/utils/dom.spec.js,Duplicate Assert,"{'line': 238, 'column': 4, 'index': 7321}","  236 |     expect(select('button')).toBe($btns.at(0).element)
  237 |     expect(select('button#button3')).not.toBe(null)
> 238 |     expect(select('button#button3')).toBe($btns.at(2).element)
      |    ^ Duplicate Assert
  239 |     expect(select('span.not-here')).toBe(null)
  240 |
  241 |     wrapper.destroy()"
/home/gabriel/Disk/Research/research-javascript-test-smells/repositories/bootstrap-vue-dev/src/utils/dom.spec.js,Magic Number,"{'line': 54, 'column': 30, 'index': 1192}","  52 |     const $btns = wrapper.findAll('div.baz > button')
  53 |     expect($btns).toBeDefined()
> 54 |     expect($btns.length).toBe(3)
     |                              ^ Magic Number
  55 |     expect(isDisabled($btns.at(0).element)).toBe(false)
  56 |     expect(isDisabled($btns.at(1).element)).toBe(false)
  57 |     expect(isDisabled($btns.at(2).element)).toBe(true)"
/home/gabriel/Disk/Research/research-javascript-test-smells/repositories/bootstrap-vue-dev/src/utils/dom.spec.js,Magic Number,"{'line': 111, 'column': 30, 'index': 2826}","  109 |     const $btns = wrapper.findAll('div.baz > button')
  110 |     expect($btns).toBeDefined()
> 111 |     expect($btns.length).toBe(3)
      |                              ^ Magic Number
  112 |
  113 |     expect(closest('div.foo', $btns.at(0).element)).toBeDefined()
  114 |     expect(closest('div.foo', $btns.at(0).element)).toBe(wrapper.element)"
/home/gabriel/Disk/Research/research-javascript-test-smells/repositories/bootstrap-vue-dev/src/utils/dom.spec.js,Magic Number,"{'line': 138, 'column': 30, 'index': 3748}","  136 |     const $btns = wrapper.findAll('div.baz > button')
  137 |     expect($btns).toBeDefined()
> 138 |     expect($btns.length).toBe(3)
      |                              ^ Magic Number
  139 |
  140 |     expect(matches($btns.at(0).element, 'button[disabled]')).toBe(false)
  141 |     expect(matches($btns.at(1).element, 'button[disabled]')).toBe(false)"
/home/gabriel/Disk/Research/research-javascript-test-smells/repositories/bootstrap-vue-dev/src/utils/dom.spec.js,Magic Number,"{'line': 164, 'column': 30, 'index': 4815}","  162 |     const $btns = wrapper.findAll('div.baz > button')
  163 |     expect($btns).toBeDefined()
> 164 |     expect($btns.length).toBe(3)
      |                              ^ Magic Number
  165 |
  166 |     expect(hasAttr($btns.at(0).element, 'disabled')).toBe(false)
  167 |     expect(hasAttr($btns.at(0).element, 'aria-label')).toBe(true)"
/home/gabriel/Disk/Research/research-javascript-test-smells/repositories/bootstrap-vue-dev/src/utils/dom.spec.js,Magic Number,"{'line': 185, 'column': 30, 'index': 5474}","  183 |     const $btns = wrapper.findAll('div.baz > button')
  184 |     expect($btns).toBeDefined()
> 185 |     expect($btns.length).toBe(3)
      |                              ^ Magic Number
  186 |
  187 |     expect(getAttr($btns.at(0).element, 'aria-label')).toBe('label')
  188 |     expect(getAttr($btns.at(0).element, 'id')).toBe('button1')"
/home/gabriel/Disk/Research/research-javascript-test-smells/repositories/bootstrap-vue-dev/src/utils/dom.spec.js,Magic Number,"{'line': 226, 'column': 30, 'index': 6771}","  224 |     const $btns = wrapper.findAll('div.baz > button')
  225 |     expect($btns).toBeDefined()
> 226 |     expect($btns.length).toBe(3)
      |                              ^ Magic Number
  227 |
  228 |     // With root element specified
  229 |     expect(select('button', wrapper.element)).toBe($btns.at(0).element)"
/home/gabriel/Disk/Research/research-javascript-test-smells/repositories/bootstrap-vue-dev/src/utils/dom.spec.js,Magic Number,"{'line': 253, 'column': 30, 'index': 7718}","  251 |     const $btns = wrapper.findAll('div.baz > button')
  252 |     expect($btns).toBeDefined()
> 253 |     expect($btns.length).toBe(3)
      |                              ^ Magic Number
  254 |
  255 |     // With root element specified
  256 |     expect(Array.isArray(selectAll('button', wrapper.element))).toBe(true)"
/home/gabriel/Disk/Research/research-javascript-test-smells/repositories/bootstrap-vue-dev/src/utils/dom.spec.js,Magic Number,"{'line': 257, 'column': 61, 'index': 7893}","  255 |     // With root element specified
  256 |     expect(Array.isArray(selectAll('button', wrapper.element))).toBe(true)
> 257 |     expect(selectAll('button', wrapper.element).length).toBe(3)
      |                                                             ^ Magic Number
  258 |     expect(selectAll('button', wrapper.element)[0]).toBe($btns.at(0).element)
  259 |     expect(selectAll('button', wrapper.element)[1]).toBe($btns.at(1).element)
  260 |     expect(selectAll('button', wrapper.element)[2]).toBe($btns.at(2).element)"
/home/gabriel/Disk/Research/research-javascript-test-smells/repositories/bootstrap-vue-dev/src/utils/dom.spec.js,Magic Number,"{'line': 263, 'column': 66, 'index': 8277}","  261 |
  262 |     expect(Array.isArray(selectAll('button.fake', wrapper.element))).toBe(true)
> 263 |     expect(selectAll('button.fake', wrapper.element).length).toBe(0)
      |                                                                  ^ Magic Number
  264 |
  265 |     expect(selectAll('div.baz button', wrapper.element).length).toBe(3)
  266 |     expect(selectAll('div.baz button', wrapper.element)[0]).toBe($btns.at(0).element)"
/home/gabriel/Disk/Research/research-javascript-test-smells/repositories/bootstrap-vue-dev/src/utils/dom.spec.js,Magic Number,"{'line': 265, 'column': 69, 'index': 8350}","  263 |     expect(selectAll('button.fake', wrapper.element).length).toBe(0)
  264 |
> 265 |     expect(selectAll('div.baz button', wrapper.element).length).toBe(3)
      |                                                                     ^ Magic Number
  266 |     expect(selectAll('div.baz button', wrapper.element)[0]).toBe($btns.at(0).element)
  267 |     expect(selectAll('div.baz button', wrapper.element)[1]).toBe($btns.at(1).element)
  268 |     expect(selectAll('div.baz button', wrapper.element)[2]).toBe($btns.at(2).element)"
/home/gabriel/Disk/Research/research-javascript-test-smells/repositories/bootstrap-vue-dev/src/utils/dom.spec.js,Magic Number,"{'line': 275, 'column': 44, 'index': 8966}","  273 |     expect(Array.isArray(selectAll('button'))).toBe(true)
  274 |     expect(selectAll('button')).not.toEqual([])
> 275 |     expect(selectAll('button').length).toBe(3)
      |                                            ^ Magic Number
  276 |     expect(selectAll('button')[0]).toBe($btns.at(0).element)
  277 |     expect(selectAll('button')[1]).toBe($btns.at(1).element)
  278 |     expect(selectAll('button')[2]).toBe($btns.at(2).element)"
/home/gabriel/Disk/Research/research-javascript-test-smells/repositories/bootstrap-vue-dev/src/utils/dom.spec.js,Magic Number,"{'line': 281, 'column': 49, 'index': 9265}","  279 |
  280 |     expect(Array.isArray(selectAll('button.fake'))).toBe(true)
> 281 |     expect(selectAll('button.fake').length).toBe(0)
      |                                                 ^ Magic Number
  282 |
  283 |     expect(selectAll('div.baz button')).not.toEqual([])
  284 |     expect(selectAll('div.baz button').length).toBe(3)"
/home/gabriel/Disk/Research/research-javascript-test-smells/repositories/bootstrap-vue-dev/src/utils/dom.spec.js,Magic Number,"{'line': 284, 'column': 52, 'index': 9377}","  282 |
  283 |     expect(selectAll('div.baz button')).not.toEqual([])
> 284 |     expect(selectAll('div.baz button').length).toBe(3)
      |                                                    ^ Magic Number
  285 |     expect(selectAll('div.baz button')[0]).toBe($btns.at(0).element)
  286 |     expect(selectAll('div.baz button')[1]).toBe($btns.at(1).element)
  287 |     expect(selectAll('div.baz button')[2]).toBe($btns.at(2).element)"
/home/gabriel/Disk/Research/research-javascript-test-smells/repositories/bootstrap-vue-dev/src/utils/date.spec.js,Duplicate Assert,"{'line': 23, 'column': 4, 'index': 477}","  21 |     const date4 = parseYMD('2020-01-15 23:16:56')
  22 |
> 23 |     expect(date1.toISOString()).toEqual(date2.toISOString())
     |    ^ Duplicate Assert
  24 |     expect(date1.toISOString()).toEqual(date3.toISOString())
  25 |     expect(date1.toISOString()).toEqual(date4.toISOString())
  26 |     expect(parseYMD('yyyy-mm-dd')).toEqual(null)"
/home/gabriel/Disk/Research/research-javascript-test-smells/repositories/bootstrap-vue-dev/src/utils/date.spec.js,Duplicate Assert,"{'line': 24, 'column': 4, 'index': 538}","  22 |
  23 |     expect(date1.toISOString()).toEqual(date2.toISOString())
> 24 |     expect(date1.toISOString()).toEqual(date3.toISOString())
     |    ^ Duplicate Assert
  25 |     expect(date1.toISOString()).toEqual(date4.toISOString())
  26 |     expect(parseYMD('yyyy-mm-dd')).toEqual(null)
  27 |     expect(parseYMD('2020-01-15XYZ')).toEqual(null)"
/home/gabriel/Disk/Research/research-javascript-test-smells/repositories/bootstrap-vue-dev/src/utils/date.spec.js,Duplicate Assert,"{'line': 25, 'column': 4, 'index': 599}","  23 |     expect(date1.toISOString()).toEqual(date2.toISOString())
  24 |     expect(date1.toISOString()).toEqual(date3.toISOString())
> 25 |     expect(date1.toISOString()).toEqual(date4.toISOString())
     |    ^ Duplicate Assert
  26 |     expect(parseYMD('yyyy-mm-dd')).toEqual(null)
  27 |     expect(parseYMD('2020-01-15XYZ')).toEqual(null)
  28 |   })"
/home/gabriel/Disk/Research/research-javascript-test-smells/repositories/bootstrap-vue-dev/src/utils/config.spec.js,Conditional Test Logic,"{'line': 57, 'column': 2, 'index': 1744}","  55 |   })
  56 |
> 57 |   if (!isVue3) {
     |  ^ Conditional Test Logic
  58 |     // We do not have complete localVue support, so resetting config does not work in proper way
  59 |     it('config via Vue.use(BootstrapVue) works', async () => {
  60 |       const localVue = createLocalVue()"
/home/gabriel/Disk/Research/research-javascript-test-smells/repositories/bootstrap-vue-dev/src/utils/config.spec.js,Duplicate Assert,"{'line': 32, 'column': 4, 'index': 787}","  30 |       breakpoints: ['aa', 'bb', 'cc', 'dd', 'ee']
  31 |     }
> 32 |     expect(getConfig()).toEqual({})
     |    ^ Duplicate Assert
  33 |
  34 |     // Try a component config
  35 |     setConfig(config)"
/home/gabriel/Disk/Research/research-javascript-test-smells/repositories/bootstrap-vue-dev/src/utils/config.spec.js,Duplicate Assert,"{'line': 32, 'column': 4, 'index': 787}","  30 |       breakpoints: ['aa', 'bb', 'cc', 'dd', 'ee']
  31 |     }
> 32 |     expect(getConfig()).toEqual({})
     |    ^ Duplicate Assert
  33 |
  34 |     // Try a component config
  35 |     setConfig(config)"
/home/gabriel/Disk/Research/research-javascript-test-smells/repositories/bootstrap-vue-dev/src/utils/config.spec.js,Duplicate Assert,"{'line': 36, 'column': 4, 'index': 876}","  34 |     // Try a component config
  35 |     setConfig(config)
> 36 |     expect(getConfig()).toEqual(config)
     |    ^ Duplicate Assert
  37 |     expect(getConfig()).not.toBe(config)
  38 |     expect(getComponentConfig('BAlert')).toEqual(config.BAlert)
  39 |     expect(getComponentConfig('BAlert')).not.toBe(config.BAlert)"
/home/gabriel/Disk/Research/research-javascript-test-smells/repositories/bootstrap-vue-dev/src/utils/config.spec.js,Duplicate Assert,"{'line': 37, 'column': 4, 'index': 916}","  35 |     setConfig(config)
  36 |     expect(getConfig()).toEqual(config)
> 37 |     expect(getConfig()).not.toBe(config)
     |    ^ Duplicate Assert
  38 |     expect(getComponentConfig('BAlert')).toEqual(config.BAlert)
  39 |     expect(getComponentConfig('BAlert')).not.toBe(config.BAlert)
  40 |     expect(getComponentConfig('BAlert', 'variant')).toEqual('danger')"
/home/gabriel/Disk/Research/research-javascript-test-smells/repositories/bootstrap-vue-dev/src/utils/config.spec.js,Duplicate Assert,"{'line': 38, 'column': 4, 'index': 957}","  36 |     expect(getConfig()).toEqual(config)
  37 |     expect(getConfig()).not.toBe(config)
> 38 |     expect(getComponentConfig('BAlert')).toEqual(config.BAlert)
     |    ^ Duplicate Assert
  39 |     expect(getComponentConfig('BAlert')).not.toBe(config.BAlert)
  40 |     expect(getComponentConfig('BAlert', 'variant')).toEqual('danger')
  41 |"
/home/gabriel/Disk/Research/research-javascript-test-smells/repositories/bootstrap-vue-dev/src/utils/config.spec.js,Duplicate Assert,"{'line': 39, 'column': 4, 'index': 1021}","  37 |     expect(getConfig()).not.toBe(config)
  38 |     expect(getComponentConfig('BAlert')).toEqual(config.BAlert)
> 39 |     expect(getComponentConfig('BAlert')).not.toBe(config.BAlert)
     |    ^ Duplicate Assert
  40 |     expect(getComponentConfig('BAlert', 'variant')).toEqual('danger')
  41 |
  42 |     // Try breakpoint config (should merge)"
/home/gabriel/Disk/Research/research-javascript-test-smells/repositories/bootstrap-vue-dev/src/utils/config.spec.js,Duplicate Assert,"{'line': 40, 'column': 4, 'index': 1086}","  38 |     expect(getComponentConfig('BAlert')).toEqual(config.BAlert)
  39 |     expect(getComponentConfig('BAlert')).not.toBe(config.BAlert)
> 40 |     expect(getComponentConfig('BAlert', 'variant')).toEqual('danger')
     |    ^ Duplicate Assert
  41 |
  42 |     // Try breakpoint config (should merge)
  43 |     setConfig(breakpointsConfig)"
/home/gabriel/Disk/Research/research-javascript-test-smells/repositories/bootstrap-vue-dev/src/utils/config.spec.js,Duplicate Assert,"{'line': 40, 'column': 4, 'index': 1086}","  38 |     expect(getComponentConfig('BAlert')).toEqual(config.BAlert)
  39 |     expect(getComponentConfig('BAlert')).not.toBe(config.BAlert)
> 40 |     expect(getComponentConfig('BAlert', 'variant')).toEqual('danger')
     |    ^ Duplicate Assert
  41 |
  42 |     // Try breakpoint config (should merge)
  43 |     setConfig(breakpointsConfig)"
/home/gabriel/Disk/Research/research-javascript-test-smells/repositories/bootstrap-vue-dev/src/utils/config.spec.js,Duplicate Assert,"{'line': 44, 'column': 4, 'index': 1234}","  42 |     // Try breakpoint config (should merge)
  43 |     setConfig(breakpointsConfig)
> 44 |     expect(getBreakpoints()).toEqual(breakpointsConfig.breakpoints)
     |    ^ Duplicate Assert
  45 |     expect(getBreakpoints()).not.toBe(breakpointsConfig.breakpoints)
  46 |     expect(getConfigValue('breakpoints')).toEqual(breakpointsConfig.breakpoints)
  47 |     // should leave previous config"
/home/gabriel/Disk/Research/research-javascript-test-smells/repositories/bootstrap-vue-dev/src/utils/config.spec.js,Duplicate Assert,"{'line': 45, 'column': 4, 'index': 1302}","  43 |     setConfig(breakpointsConfig)
  44 |     expect(getBreakpoints()).toEqual(breakpointsConfig.breakpoints)
> 45 |     expect(getBreakpoints()).not.toBe(breakpointsConfig.breakpoints)
     |    ^ Duplicate Assert
  46 |     expect(getConfigValue('breakpoints')).toEqual(breakpointsConfig.breakpoints)
  47 |     // should leave previous config
  48 |     expect(getComponentConfig('BAlert', 'variant')).toEqual('danger')"
/home/gabriel/Disk/Research/research-javascript-test-smells/repositories/bootstrap-vue-dev/src/utils/config.spec.js,Duplicate Assert,"{'line': 48, 'column': 4, 'index': 1488}","  46 |     expect(getConfigValue('breakpoints')).toEqual(breakpointsConfig.breakpoints)
  47 |     // should leave previous config
> 48 |     expect(getComponentConfig('BAlert', 'variant')).toEqual('danger')
     |    ^ Duplicate Assert
  49 |     // Should merge config
  50 |     expect(getConfig()).toEqual({ ...config, ...breakpointsConfig })
  51 |"
/home/gabriel/Disk/Research/research-javascript-test-smells/repositories/bootstrap-vue-dev/src/utils/config.spec.js,Duplicate Assert,"{'line': 48, 'column': 4, 'index': 1488}","  46 |     expect(getConfigValue('breakpoints')).toEqual(breakpointsConfig.breakpoints)
  47 |     // should leave previous config
> 48 |     expect(getComponentConfig('BAlert', 'variant')).toEqual('danger')
     |    ^ Duplicate Assert
  49 |     // Should merge config
  50 |     expect(getConfig()).toEqual({ ...config, ...breakpointsConfig })
  51 |"
/home/gabriel/Disk/Research/research-javascript-test-smells/repositories/bootstrap-vue-dev/src/utils/config.spec.js,Duplicate Assert,"{'line': 50, 'column': 4, 'index': 1585}","  48 |     expect(getComponentConfig('BAlert', 'variant')).toEqual('danger')
  49 |     // Should merge config
> 50 |     expect(getConfig()).toEqual({ ...config, ...breakpointsConfig })
     |    ^ Duplicate Assert
  51 |
  52 |     // Reset the configuration
  53 |     resetConfig()"
/home/gabriel/Disk/Research/research-javascript-test-smells/repositories/bootstrap-vue-dev/src/utils/config.spec.js,Duplicate Assert,"{'line': 54, 'column': 4, 'index': 1704}","  52 |     // Reset the configuration
  53 |     resetConfig()
> 54 |     expect(getConfig()).toEqual({})
     |    ^ Duplicate Assert
  55 |   })
  56 |
  57 |   if (!isVue3) {"
/home/gabriel/Disk/Research/research-javascript-test-smells/repositories/bootstrap-vue-dev/src/utils/config.spec.js,Duplicate Assert,"{'line': 54, 'column': 4, 'index': 1704}","  52 |     // Reset the configuration
  53 |     resetConfig()
> 54 |     expect(getConfig()).toEqual({})
     |    ^ Duplicate Assert
  55 |   })
  56 |
  57 |   if (!isVue3) {"
/home/gabriel/Disk/Research/research-javascript-test-smells/repositories/bootstrap-vue-dev/src/utils/config.spec.js,Duplicate Assert,"{'line': 65, 'column': 6, 'index': 2035}","  63 |       }
  64 |
> 65 |       expect(getConfig()).toEqual({})
     |      ^ Duplicate Assert
  66 |
  67 |       localVue.use(BootstrapVue, config)
  68 |       expect(getConfig()).toEqual(config)"
/home/gabriel/Disk/Research/research-javascript-test-smells/repositories/bootstrap-vue-dev/src/utils/config.spec.js,Duplicate Assert,"{'line': 65, 'column': 6, 'index': 2035}","  63 |       }
  64 |
> 65 |       expect(getConfig()).toEqual({})
     |      ^ Duplicate Assert
  66 |
  67 |       localVue.use(BootstrapVue, config)
  68 |       expect(getConfig()).toEqual(config)"
/home/gabriel/Disk/Research/research-javascript-test-smells/repositories/bootstrap-vue-dev/src/utils/config.spec.js,Duplicate Assert,"{'line': 68, 'column': 6, 'index': 2115}","  66 |
  67 |       localVue.use(BootstrapVue, config)
> 68 |       expect(getConfig()).toEqual(config)
     |      ^ Duplicate Assert
  69 |
  70 |       // Reset the configuration
  71 |       resetConfig()"
/home/gabriel/Disk/Research/research-javascript-test-smells/repositories/bootstrap-vue-dev/src/utils/config.spec.js,Duplicate Assert,"{'line': 72, 'column': 6, 'index': 2211}","  70 |       // Reset the configuration
  71 |       resetConfig()
> 72 |       expect(getConfig()).toEqual({})
     |      ^ Duplicate Assert
  73 |     })
  74 |
  75 |     it('config via Vue.use(ComponentPlugin) works', async () => {"
/home/gabriel/Disk/Research/research-javascript-test-smells/repositories/bootstrap-vue-dev/src/utils/config.spec.js,Duplicate Assert,"{'line': 72, 'column': 6, 'index': 2211}","  70 |       // Reset the configuration
  71 |       resetConfig()
> 72 |       expect(getConfig()).toEqual({})
     |      ^ Duplicate Assert
  73 |     })
  74 |
  75 |     it('config via Vue.use(ComponentPlugin) works', async () => {"
/home/gabriel/Disk/Research/research-javascript-test-smells/repositories/bootstrap-vue-dev/src/utils/config.spec.js,Duplicate Assert,"{'line': 81, 'column': 6, 'index': 2433}","  79 |       }
  80 |
> 81 |       expect(getConfig()).toEqual({})
     |      ^ Duplicate Assert
  82 |
  83 |       localVue.use(AlertPlugin, config)
  84 |       expect(getConfig()).toEqual(config)"
/home/gabriel/Disk/Research/research-javascript-test-smells/repositories/bootstrap-vue-dev/src/utils/config.spec.js,Duplicate Assert,"{'line': 81, 'column': 6, 'index': 2433}","  79 |       }
  80 |
> 81 |       expect(getConfig()).toEqual({})
     |      ^ Duplicate Assert
  82 |
  83 |       localVue.use(AlertPlugin, config)
  84 |       expect(getConfig()).toEqual(config)"
/home/gabriel/Disk/Research/research-javascript-test-smells/repositories/bootstrap-vue-dev/src/utils/config.spec.js,Duplicate Assert,"{'line': 84, 'column': 6, 'index': 2512}","  82 |
  83 |       localVue.use(AlertPlugin, config)
> 84 |       expect(getConfig()).toEqual(config)
     |      ^ Duplicate Assert
  85 |
  86 |       // Reset the configuration
  87 |       resetConfig()"
/home/gabriel/Disk/Research/research-javascript-test-smells/repositories/bootstrap-vue-dev/src/utils/config.spec.js,Duplicate Assert,"{'line': 88, 'column': 6, 'index': 2608}","  86 |       // Reset the configuration
  87 |       resetConfig()
> 88 |       expect(getConfig()).toEqual({})
     |      ^ Duplicate Assert
  89 |     })
  90 |
  91 |     it('config via Vue.use(BVConfig) works', async () => {"
/home/gabriel/Disk/Research/research-javascript-test-smells/repositories/bootstrap-vue-dev/src/utils/config.spec.js,Duplicate Assert,"{'line': 88, 'column': 6, 'index': 2608}","  86 |       // Reset the configuration
  87 |       resetConfig()
> 88 |       expect(getConfig()).toEqual({})
     |      ^ Duplicate Assert
  89 |     })
  90 |
  91 |     it('config via Vue.use(BVConfig) works', async () => {"
/home/gabriel/Disk/Research/research-javascript-test-smells/repositories/bootstrap-vue-dev/src/utils/config.spec.js,Duplicate Assert,"{'line': 97, 'column': 6, 'index': 2823}","   95 |       }
   96 |
>  97 |       expect(getConfig()).toEqual({})
      |      ^ Duplicate Assert
   98 |
   99 |       localVue.use(BVConfigPlugin, config)
  100 |       expect(getConfig()).toEqual(config)"
/home/gabriel/Disk/Research/research-javascript-test-smells/repositories/bootstrap-vue-dev/src/utils/config.spec.js,Duplicate Assert,"{'line': 97, 'column': 6, 'index': 2823}","   95 |       }
   96 |
>  97 |       expect(getConfig()).toEqual({})
      |      ^ Duplicate Assert
   98 |
   99 |       localVue.use(BVConfigPlugin, config)
  100 |       expect(getConfig()).toEqual(config)"
/home/gabriel/Disk/Research/research-javascript-test-smells/repositories/bootstrap-vue-dev/src/utils/config.spec.js,Duplicate Assert,"{'line': 100, 'column': 6, 'index': 2905}","   98 |
   99 |       localVue.use(BVConfigPlugin, config)
> 100 |       expect(getConfig()).toEqual(config)
      |      ^ Duplicate Assert
  101 |
  102 |       // Reset the configuration
  103 |       resetConfig()"
/home/gabriel/Disk/Research/research-javascript-test-smells/repositories/bootstrap-vue-dev/src/utils/config.spec.js,Duplicate Assert,"{'line': 104, 'column': 6, 'index': 3001}","  102 |       // Reset the configuration
  103 |       resetConfig()
> 104 |       expect(getConfig()).toEqual({})
      |      ^ Duplicate Assert
  105 |     })
  106 |   }
  107 |"
/home/gabriel/Disk/Research/research-javascript-test-smells/repositories/bootstrap-vue-dev/src/utils/config.spec.js,Duplicate Assert,"{'line': 104, 'column': 6, 'index': 3001}","  102 |       // Reset the configuration
  103 |       resetConfig()
> 104 |       expect(getConfig()).toEqual({})
      |      ^ Duplicate Assert
  105 |     })
  106 |   }
  107 |"
/home/gabriel/Disk/Research/research-javascript-test-smells/repositories/bootstrap-vue-dev/src/utils/config.spec.js,Duplicate Assert,"{'line': 114, 'column': 4, 'index': 3179}","  112 |     setConfig(config)
  113 |
> 114 |     expect(getConfigValue('formControls')).toEqual(config.formControls)
      |    ^ Duplicate Assert
  115 |     // Should return a deep clone
  116 |     expect(getConfigValue('formControls')).not.toBe(config.formControls)
  117 |     // Shape of returned value should be the same each call"
/home/gabriel/Disk/Research/research-javascript-test-smells/repositories/bootstrap-vue-dev/src/utils/config.spec.js,Duplicate Assert,"{'line': 116, 'column': 4, 'index': 3285}","  114 |     expect(getConfigValue('formControls')).toEqual(config.formControls)
  115 |     // Should return a deep clone
> 116 |     expect(getConfigValue('formControls')).not.toBe(config.formControls)
      |    ^ Duplicate Assert
  117 |     // Shape of returned value should be the same each call
  118 |     expect(getConfigValue('formControls')).toEqual(getConfigValue('formControls'))
  119 |     // Should return undefined for not found"
/home/gabriel/Disk/Research/research-javascript-test-smells/repositories/bootstrap-vue-dev/src/utils/config.spec.js,Duplicate Assert,"{'line': 118, 'column': 4, 'index': 3418}","  116 |     expect(getConfigValue('formControls')).not.toBe(config.formControls)
  117 |     // Shape of returned value should be the same each call
> 118 |     expect(getConfigValue('formControls')).toEqual(getConfigValue('formControls'))
      |    ^ Duplicate Assert
  119 |     // Should return undefined for not found
  120 |     expect(getConfigValue('foo.bar[1].baz')).toBeUndefined()
  121 |   })"
/home/gabriel/Disk/Research/research-javascript-test-smells/repositories/bootstrap-vue-dev/src/utils/config.spec.js,Duplicate Assert,"{'line': 132, 'column': 4, 'index': 3882}","  130 |     expect(getComponentConfig('BAlert', 'variant')).toEqual('info')
  131 |     // Component's full config
> 132 |     expect(getComponentConfig('BAlert')).toEqual(config.BAlert)
      |    ^ Duplicate Assert
  133 |     // Should return a deep clone for full config
  134 |     expect(getComponentConfig('BAlert')).not.toBe(config.BAlert)
  135 |     // Should return empty object for not found component"
/home/gabriel/Disk/Research/research-javascript-test-smells/repositories/bootstrap-vue-dev/src/utils/config.spec.js,Duplicate Assert,"{'line': 134, 'column': 4, 'index': 3996}","  132 |     expect(getComponentConfig('BAlert')).toEqual(config.BAlert)
  133 |     // Should return a deep clone for full config
> 134 |     expect(getComponentConfig('BAlert')).not.toBe(config.BAlert)
      |    ^ Duplicate Assert
  135 |     // Should return empty object for not found component
  136 |     expect(getComponentConfig('foobar')).toEqual({})
  137 |     // Should return undefined for not found component key"
/home/gabriel/Disk/Research/research-javascript-test-smells/repositories/bootstrap-vue-dev/src/utils/config.spec.js,Duplicate Assert,"{'line': 146, 'column': 4, 'index': 4438}","  144 |     }
  145 |
> 146 |     expect(getBreakpoints()).toEqual(['xs', 'sm', 'md', 'lg', 'xl'])
      |    ^ Duplicate Assert
  147 |     // Should return a deep clone
  148 |     expect(getBreakpoints()).not.toBe(getBreakpoints())
  149 |"
/home/gabriel/Disk/Research/research-javascript-test-smells/repositories/bootstrap-vue-dev/src/utils/config.spec.js,Duplicate Assert,"{'line': 148, 'column': 4, 'index': 4541}","  146 |     expect(getBreakpoints()).toEqual(['xs', 'sm', 'md', 'lg', 'xl'])
  147 |     // Should return a deep clone
> 148 |     expect(getBreakpoints()).not.toBe(getBreakpoints())
      |    ^ Duplicate Assert
  149 |
  150 |     // Set new breakpoints
  151 |     setConfig(breakpointsConfig)"
/home/gabriel/Disk/Research/research-javascript-test-smells/repositories/bootstrap-vue-dev/src/utils/config.spec.js,Duplicate Assert,"{'line': 148, 'column': 4, 'index': 4541}","  146 |     expect(getBreakpoints()).toEqual(['xs', 'sm', 'md', 'lg', 'xl'])
  147 |     // Should return a deep clone
> 148 |     expect(getBreakpoints()).not.toBe(getBreakpoints())
      |    ^ Duplicate Assert
  149 |
  150 |     // Set new breakpoints
  151 |     setConfig(breakpointsConfig)"
/home/gabriel/Disk/Research/research-javascript-test-smells/repositories/bootstrap-vue-dev/src/utils/config.spec.js,Duplicate Assert,"{'line': 152, 'column': 4, 'index': 4658}","  150 |     // Set new breakpoints
  151 |     setConfig(breakpointsConfig)
> 152 |     expect(getBreakpoints()).toEqual(breakpointsConfig.breakpoints)
      |    ^ Duplicate Assert
  153 |     // Should return a deep clone
  154 |     expect(getBreakpoints()).not.toBe(getBreakpoints())
  155 |     expect(getBreakpoints()).not.toBe(breakpointsConfig.breakpoints)"
/home/gabriel/Disk/Research/research-javascript-test-smells/repositories/bootstrap-vue-dev/src/utils/config.spec.js,Duplicate Assert,"{'line': 154, 'column': 4, 'index': 4760}","  152 |     expect(getBreakpoints()).toEqual(breakpointsConfig.breakpoints)
  153 |     // Should return a deep clone
> 154 |     expect(getBreakpoints()).not.toBe(getBreakpoints())
      |    ^ Duplicate Assert
  155 |     expect(getBreakpoints()).not.toBe(breakpointsConfig.breakpoints)
  156 |   })
  157 |"
/home/gabriel/Disk/Research/research-javascript-test-smells/repositories/bootstrap-vue-dev/src/utils/config.spec.js,Duplicate Assert,"{'line': 154, 'column': 4, 'index': 4760}","  152 |     expect(getBreakpoints()).toEqual(breakpointsConfig.breakpoints)
  153 |     // Should return a deep clone
> 154 |     expect(getBreakpoints()).not.toBe(getBreakpoints())
      |    ^ Duplicate Assert
  155 |     expect(getBreakpoints()).not.toBe(breakpointsConfig.breakpoints)
  156 |   })
  157 |"
/home/gabriel/Disk/Research/research-javascript-test-smells/repositories/bootstrap-vue-dev/src/utils/config.spec.js,Duplicate Assert,"{'line': 155, 'column': 4, 'index': 4816}","  153 |     // Should return a deep clone
  154 |     expect(getBreakpoints()).not.toBe(getBreakpoints())
> 155 |     expect(getBreakpoints()).not.toBe(breakpointsConfig.breakpoints)
      |    ^ Duplicate Assert
  156 |   })
  157 |
  158 |   it('getBreakpointsUp() works', async () => {"
/home/gabriel/Disk/Research/research-javascript-test-smells/repositories/bootstrap-vue-dev/src/utils/config.spec.js,Duplicate Assert,"{'line': 159, 'column': 4, 'index': 4938}","  157 |
  158 |   it('getBreakpointsUp() works', async () => {
> 159 |     expect(getBreakpointsUp()).toEqual(['', 'sm', 'md', 'lg', 'xl'])
      |    ^ Duplicate Assert
  160 |     // Should return a deep clone
  161 |     expect(getBreakpointsUp()).not.toBe(getBreakpointsUp())
  162 |   })"
/home/gabriel/Disk/Research/research-javascript-test-smells/repositories/bootstrap-vue-dev/src/utils/config.spec.js,Duplicate Assert,"{'line': 161, 'column': 4, 'index': 5041}","  159 |     expect(getBreakpointsUp()).toEqual(['', 'sm', 'md', 'lg', 'xl'])
  160 |     // Should return a deep clone
> 161 |     expect(getBreakpointsUp()).not.toBe(getBreakpointsUp())
      |    ^ Duplicate Assert
  162 |   })
  163 |
  164 |   it('getBreakpointsDown() works', async () => {"
/home/gabriel/Disk/Research/research-javascript-test-smells/repositories/bootstrap-vue-dev/src/utils/config.spec.js,Duplicate Assert,"{'line': 165, 'column': 4, 'index': 5156}","  163 |
  164 |   it('getBreakpointsDown() works', async () => {
> 165 |     expect(getBreakpointsDown()).toEqual(['xs', 'sm', 'md', 'lg', ''])
      |    ^ Duplicate Assert
  166 |     // Should return a deep clone
  167 |     expect(getBreakpointsDown()).not.toBe(getBreakpointsDown())
  168 |   })"
/home/gabriel/Disk/Research/research-javascript-test-smells/repositories/bootstrap-vue-dev/src/utils/config.spec.js,Duplicate Assert,"{'line': 167, 'column': 4, 'index': 5261}","  165 |     expect(getBreakpointsDown()).toEqual(['xs', 'sm', 'md', 'lg', ''])
  166 |     // Should return a deep clone
> 167 |     expect(getBreakpointsDown()).not.toBe(getBreakpointsDown())
      |    ^ Duplicate Assert
  168 |   })
  169 | })
  170 |"
/home/gabriel/Disk/Research/research-javascript-test-smells/repositories/bootstrap-vue-dev/src/utils/clone-deep.spec.js,Duplicate Assert,"{'line': 23, 'column': 4, 'index': 567}","  21 |     const a = [[{ a: 'b' }], [{ a: 'b' }]]
  22 |     const b = cloneDeep(a)
> 23 |     expect(b).not.toBe(a)
     |    ^ Duplicate Assert
  24 |     expect(b[0]).not.toBe(a[0])
  25 |     expect(b[1]).not.toBe(a[1])
  26 |     expect(b).toEqual(a)"
/home/gabriel/Disk/Research/research-javascript-test-smells/repositories/bootstrap-vue-dev/src/utils/clone-deep.spec.js,Duplicate Assert,"{'line': 26, 'column': 4, 'index': 657}","  24 |     expect(b[0]).not.toBe(a[0])
  25 |     expect(b[1]).not.toBe(a[1])
> 26 |     expect(b).toEqual(a)
     |    ^ Duplicate Assert
  27 |   })
  28 |
  29 |   it('should deeply clone object', () => {"
/home/gabriel/Disk/Research/research-javascript-test-smells/repositories/bootstrap-vue-dev/src/utils/clone-deep.spec.js,Duplicate Assert,"{'line': 55, 'column': 4, 'index': 1282}","  53 |   it('should clone objects', () => {
  54 |     const a = { a: 1, b: 2, c: 3 }
> 55 |     expect(cloneDeep(a)).toEqual(a)
     |    ^ Duplicate Assert
  56 |     expect(cloneDeep(a)).not.toBe(a)
  57 |   })
  58 |"
/home/gabriel/Disk/Research/research-javascript-test-smells/repositories/bootstrap-vue-dev/src/utils/clone-deep.spec.js,Duplicate Assert,"{'line': 56, 'column': 4, 'index': 1318}","  54 |     const a = { a: 1, b: 2, c: 3 }
  55 |     expect(cloneDeep(a)).toEqual(a)
> 56 |     expect(cloneDeep(a)).not.toBe(a)
     |    ^ Duplicate Assert
  57 |   })
  58 |
  59 |   it('should deeply clone objects', () => {"
/home/gabriel/Disk/Research/research-javascript-test-smells/repositories/bootstrap-vue-dev/src/utils/clone-deep.spec.js,Duplicate Assert,"{'line': 61, 'column': 4, 'index': 1497}","  59 |   it('should deeply clone objects', () => {
  60 |     const a = { a: { a: 1, b: 2, c: 3 }, b: { a: 1, b: 2, c: 3 }, c: { a: 1, b: 2, c: 3 } }
> 61 |     expect(cloneDeep(a)).toEqual(a)
     |    ^ Duplicate Assert
  62 |     expect(cloneDeep(a)).not.toBe(a)
  63 |     expect(cloneDeep(a).a).toEqual(a.a)
  64 |     expect(cloneDeep(a).a).not.toBe(a.a)"
/home/gabriel/Disk/Research/research-javascript-test-smells/repositories/bootstrap-vue-dev/src/utils/clone-deep.spec.js,Duplicate Assert,"{'line': 62, 'column': 4, 'index': 1533}","  60 |     const a = { a: { a: 1, b: 2, c: 3 }, b: { a: 1, b: 2, c: 3 }, c: { a: 1, b: 2, c: 3 } }
  61 |     expect(cloneDeep(a)).toEqual(a)
> 62 |     expect(cloneDeep(a)).not.toBe(a)
     |    ^ Duplicate Assert
  63 |     expect(cloneDeep(a).a).toEqual(a.a)
  64 |     expect(cloneDeep(a).a).not.toBe(a.a)
  65 |     expect(cloneDeep(a).b).toEqual(a.b)"
/home/gabriel/Disk/Research/research-javascript-test-smells/repositories/bootstrap-vue-dev/src/utils/clone-deep.spec.js,Duplicate Assert,"{'line': 63, 'column': 4, 'index': 1570}","  61 |     expect(cloneDeep(a)).toEqual(a)
  62 |     expect(cloneDeep(a)).not.toBe(a)
> 63 |     expect(cloneDeep(a).a).toEqual(a.a)
     |    ^ Duplicate Assert
  64 |     expect(cloneDeep(a).a).not.toBe(a.a)
  65 |     expect(cloneDeep(a).b).toEqual(a.b)
  66 |     expect(cloneDeep(a).b).not.toBe(a.b)"
/home/gabriel/Disk/Research/research-javascript-test-smells/repositories/bootstrap-vue-dev/src/utils/clone-deep.spec.js,Duplicate Assert,"{'line': 64, 'column': 4, 'index': 1610}","  62 |     expect(cloneDeep(a)).not.toBe(a)
  63 |     expect(cloneDeep(a).a).toEqual(a.a)
> 64 |     expect(cloneDeep(a).a).not.toBe(a.a)
     |    ^ Duplicate Assert
  65 |     expect(cloneDeep(a).b).toEqual(a.b)
  66 |     expect(cloneDeep(a).b).not.toBe(a.b)
  67 |     expect(cloneDeep(a).c).toEqual(a.c)"
/home/gabriel/Disk/Research/research-javascript-test-smells/repositories/bootstrap-vue-dev/src/utils/clone-deep.spec.js,Duplicate Assert,"{'line': 65, 'column': 4, 'index': 1651}","  63 |     expect(cloneDeep(a).a).toEqual(a.a)
  64 |     expect(cloneDeep(a).a).not.toBe(a.a)
> 65 |     expect(cloneDeep(a).b).toEqual(a.b)
     |    ^ Duplicate Assert
  66 |     expect(cloneDeep(a).b).not.toBe(a.b)
  67 |     expect(cloneDeep(a).c).toEqual(a.c)
  68 |     expect(cloneDeep(a).c).not.toBe(a.c)"
/home/gabriel/Disk/Research/research-javascript-test-smells/repositories/bootstrap-vue-dev/src/utils/clone-deep.spec.js,Duplicate Assert,"{'line': 66, 'column': 4, 'index': 1691}","  64 |     expect(cloneDeep(a).a).not.toBe(a.a)
  65 |     expect(cloneDeep(a).b).toEqual(a.b)
> 66 |     expect(cloneDeep(a).b).not.toBe(a.b)
     |    ^ Duplicate Assert
  67 |     expect(cloneDeep(a).c).toEqual(a.c)
  68 |     expect(cloneDeep(a).c).not.toBe(a.c)
  69 |   })"
/home/gabriel/Disk/Research/research-javascript-test-smells/repositories/bootstrap-vue-dev/src/utils/clone-deep.spec.js,Duplicate Assert,"{'line': 67, 'column': 4, 'index': 1732}","  65 |     expect(cloneDeep(a).b).toEqual(a.b)
  66 |     expect(cloneDeep(a).b).not.toBe(a.b)
> 67 |     expect(cloneDeep(a).c).toEqual(a.c)
     |    ^ Duplicate Assert
  68 |     expect(cloneDeep(a).c).not.toBe(a.c)
  69 |   })
  70 | })"
/home/gabriel/Disk/Research/research-javascript-test-smells/repositories/bootstrap-vue-dev/src/utils/clone-deep.spec.js,Duplicate Assert,"{'line': 68, 'column': 4, 'index': 1772}","  66 |     expect(cloneDeep(a).b).not.toBe(a.b)
  67 |     expect(cloneDeep(a).c).toEqual(a.c)
> 68 |     expect(cloneDeep(a).c).not.toBe(a.c)
     |    ^ Duplicate Assert
  69 |   })
  70 | })
  71 |"
/home/gabriel/Disk/Research/research-javascript-test-smells/repositories/bootstrap-vue-dev/src/utils/clone-deep.spec.js,Magic Number,"{'line': 45, 'column': 33, 'index': 1064}","  43 |
  44 |   it('should return primitives', () => {
> 45 |     expect(cloneDeep(0)).toEqual(0)
     |                                 ^ Magic Number
  46 |     expect(cloneDeep('foo')).toEqual('foo')
  47 |   })
  48 |"
/home/gabriel/Disk/Research/research-javascript-test-smells/repositories/bootstrap-vue-dev/src/utils/bv-event.class.spec.js,Duplicate Assert,"{'line': 18, 'column': 4, 'index': 424}","  16 |       failed = true
  17 |     }
> 18 |     expect(event).not.toBeInstanceOf(BvEvent)
     |    ^ Duplicate Assert
  19 |     expect(event).toBe(null)
  20 |     expect(failed).toBe(true)
  21 |   })"
/home/gabriel/Disk/Research/research-javascript-test-smells/repositories/bootstrap-vue-dev/src/utils/bv-event.class.spec.js,Duplicate Assert,"{'line': 19, 'column': 4, 'index': 470}","  17 |     }
  18 |     expect(event).not.toBeInstanceOf(BvEvent)
> 19 |     expect(event).toBe(null)
     |    ^ Duplicate Assert
  20 |     expect(failed).toBe(true)
  21 |   })
  22 |"
/home/gabriel/Disk/Research/research-javascript-test-smells/repositories/bootstrap-vue-dev/src/utils/bv-event.class.spec.js,Duplicate Assert,"{'line': 30, 'column': 4, 'index': 776}","  28 |     expect(event.type).toBe('foobar')
  29 |     expect(event.cancelable).toBe(true)
> 30 |     expect(event.defaultPrevented).toBe(false)
     |    ^ Duplicate Assert
  31 |     event.preventDefault()
  32 |     expect(event.defaultPrevented).toBe(true)
  33 |   })"
/home/gabriel/Disk/Research/research-javascript-test-smells/repositories/bootstrap-vue-dev/src/utils/bv-event.class.spec.js,Duplicate Assert,"{'line': 32, 'column': 4, 'index': 850}","  30 |     expect(event.defaultPrevented).toBe(false)
  31 |     event.preventDefault()
> 32 |     expect(event.defaultPrevented).toBe(true)
     |    ^ Duplicate Assert
  33 |   })
  34 |
  35 |   it('supports non cancelable events', async () => {"
/home/gabriel/Disk/Research/research-javascript-test-smells/repositories/bootstrap-vue-dev/src/utils/bv-event.class.spec.js,Duplicate Assert,"{'line': 42, 'column': 4, 'index': 1149}","  40 |     expect(event.type).toBe('foobar')
  41 |     expect(event.cancelable).toBe(false)
> 42 |     expect(event.defaultPrevented).toBe(false)
     |    ^ Duplicate Assert
  43 |     event.preventDefault()
  44 |     expect(event.defaultPrevented).toBe(false)
  45 |   })"
/home/gabriel/Disk/Research/research-javascript-test-smells/repositories/bootstrap-vue-dev/src/utils/bv-event.class.spec.js,Duplicate Assert,"{'line': 42, 'column': 4, 'index': 1149}","  40 |     expect(event.type).toBe('foobar')
  41 |     expect(event.cancelable).toBe(false)
> 42 |     expect(event.defaultPrevented).toBe(false)
     |    ^ Duplicate Assert
  43 |     event.preventDefault()
  44 |     expect(event.defaultPrevented).toBe(false)
  45 |   })"
/home/gabriel/Disk/Research/research-javascript-test-smells/repositories/bootstrap-vue-dev/src/utils/bv-event.class.spec.js,Duplicate Assert,"{'line': 44, 'column': 4, 'index': 1223}","  42 |     expect(event.defaultPrevented).toBe(false)
  43 |     event.preventDefault()
> 44 |     expect(event.defaultPrevented).toBe(false)
     |    ^ Duplicate Assert
  45 |   })
  46 |
  47 |   it('supports built in properties', async () => {"
/home/gabriel/Disk/Research/research-javascript-test-smells/repositories/bootstrap-vue-dev/src/utils/bv-event.class.spec.js,Duplicate Assert,"{'line': 44, 'column': 4, 'index': 1223}","  42 |     expect(event.defaultPrevented).toBe(false)
  43 |     event.preventDefault()
> 44 |     expect(event.defaultPrevented).toBe(false)
     |    ^ Duplicate Assert
  45 |   })
  46 |
  47 |   it('supports built in properties', async () => {"
/home/gabriel/Disk/Research/research-javascript-test-smells/repositories/bootstrap-vue-dev/src/utils/bv-event.class.spec.js,Exception Handling,"{'line': 13, 'column': 4, 'index': 342}","  11 |     let event = null
  12 |     let failed = false
> 13 |     try {
     |    ^ Exception Handling
  14 |       event = new BvEvent()
  15 |     } catch (e) {
  16 |       failed = true"
/home/gabriel/Disk/Research/research-javascript-test-smells/repositories/bootstrap-vue-dev/src/utils/bv-event.class.spec.js,Magic Number,"{'line': 64, 'column': 30, 'index': 1821}","  62 |     expect(event.type).toBe('foobar')
  63 |     expect(event.cancelable).toBe(true)
> 64 |     expect(event.custom).toBe(123)
     |                              ^ Magic Number
  65 |   })
  66 | })
  67 |"
/home/gabriel/Disk/Research/research-javascript-test-smells/repositories/bootstrap-vue-dev/src/mixins/listeners.spec.js,Conditional Test Logic,"{'line': 29, 'column': 10, 'index': 817}","  27 |         listeners() {
  28 |           const listeners = {}
> 29 |           if (this.listenClick) {
     |          ^ Conditional Test Logic
  30 |             listeners.click = event => this.$emit('click', event)
  31 |           }
  32 |           if (this.listenFocus) {"
/home/gabriel/Disk/Research/research-javascript-test-smells/repositories/bootstrap-vue-dev/src/mixins/listeners.spec.js,Conditional Test Logic,"{'line': 32, 'column': 10, 'index': 929}","  30 |             listeners.click = event => this.$emit('click', event)
  31 |           }
> 32 |           if (this.listenFocus) {
     |          ^ Conditional Test Logic
  33 |             listeners.focus = event => this.$emit('focus', event)
  34 |           }
  35 |           if (this.listenBlur) {"
/home/gabriel/Disk/Research/research-javascript-test-smells/repositories/bootstrap-vue-dev/src/mixins/listeners.spec.js,Conditional Test Logic,"{'line': 35, 'column': 10, 'index': 1041}","  33 |             listeners.focus = event => this.$emit('focus', event)
  34 |           }
> 35 |           if (this.listenBlur) {
     |          ^ Conditional Test Logic
  36 |             listeners.blur = event => this.$emit('blur', event)
  37 |           }
  38 |           return listeners"
/home/gabriel/Disk/Research/research-javascript-test-smells/repositories/bootstrap-vue-dev/src/mixins/listeners.spec.js,Conditional Test Logic,"{'line': 139, 'column': 10, 'index': 3875}","  137 |       methods: {
  138 |         emit1($event) {
> 139 |           if (this.listenFocus1) {
      |          ^ Conditional Test Logic
  140 |             this.$emit('focus1', $event)
  141 |           }
  142 |         },"
/home/gabriel/Disk/Research/research-javascript-test-smells/repositories/bootstrap-vue-dev/src/mixins/listeners.spec.js,Conditional Test Logic,"{'line': 144, 'column': 10, 'index': 3998}","  142 |         },
  143 |         emit2($event) {
> 144 |           if (this.listenFocus2) {
      |          ^ Conditional Test Logic
  145 |             this.$emit('focus2', $event)
  146 |           }
  147 |         }"
/home/gabriel/Disk/Research/research-javascript-test-smells/repositories/bootstrap-vue-dev/src/mixins/listeners.spec.js,Conditional Test Logic,"{'line': 159, 'column': 10, 'index': 4353}","  157 |       methods: {
  158 |         emit1($event) {
> 159 |           if (this.listenFocus1) {
      |          ^ Conditional Test Logic
  160 |             this.$emit('focus1', $event)
  161 |           }
  162 |         },"
/home/gabriel/Disk/Research/research-javascript-test-smells/repositories/bootstrap-vue-dev/src/mixins/listeners.spec.js,Conditional Test Logic,"{'line': 164, 'column': 10, 'index': 4476}","  162 |         },
  163 |         emit2($event) {
> 164 |           if (this.listenFocus2) {
      |          ^ Conditional Test Logic
  165 |             this.$emit('focus2', $event)
  166 |           }
  167 |         }"
/home/gabriel/Disk/Research/research-javascript-test-smells/repositories/bootstrap-vue-dev/src/mixins/listeners.spec.js,Duplicate Assert,"{'line': 58, 'column': 4, 'index': 1595}","  56 |
  57 |     expect($test.vm.bvListeners).toBeDefined()
> 58 |     expect($test.vm.bvListeners.click).toBeUndefined()
     |    ^ Duplicate Assert
  59 |     expect($test.vm.bvListeners.focus).toBeUndefined()
  60 |     expect($test.vm.bvListeners.blur).toBeUndefined()
  61 |"
/home/gabriel/Disk/Research/research-javascript-test-smells/repositories/bootstrap-vue-dev/src/mixins/listeners.spec.js,Duplicate Assert,"{'line': 58, 'column': 4, 'index': 1595}","  56 |
  57 |     expect($test.vm.bvListeners).toBeDefined()
> 58 |     expect($test.vm.bvListeners.click).toBeUndefined()
     |    ^ Duplicate Assert
  59 |     expect($test.vm.bvListeners.focus).toBeUndefined()
  60 |     expect($test.vm.bvListeners.blur).toBeUndefined()
  61 |"
/home/gabriel/Disk/Research/research-javascript-test-smells/repositories/bootstrap-vue-dev/src/mixins/listeners.spec.js,Duplicate Assert,"{'line': 59, 'column': 4, 'index': 1650}","  57 |     expect($test.vm.bvListeners).toBeDefined()
  58 |     expect($test.vm.bvListeners.click).toBeUndefined()
> 59 |     expect($test.vm.bvListeners.focus).toBeUndefined()
     |    ^ Duplicate Assert
  60 |     expect($test.vm.bvListeners.blur).toBeUndefined()
  61 |
  62 |     // Correctly adds new listeners"
/home/gabriel/Disk/Research/research-javascript-test-smells/repositories/bootstrap-vue-dev/src/mixins/listeners.spec.js,Duplicate Assert,"{'line': 59, 'column': 4, 'index': 1650}","  57 |     expect($test.vm.bvListeners).toBeDefined()
  58 |     expect($test.vm.bvListeners.click).toBeUndefined()
> 59 |     expect($test.vm.bvListeners.focus).toBeUndefined()
     |    ^ Duplicate Assert
  60 |     expect($test.vm.bvListeners.blur).toBeUndefined()
  61 |
  62 |     // Correctly adds new listeners"
/home/gabriel/Disk/Research/research-javascript-test-smells/repositories/bootstrap-vue-dev/src/mixins/listeners.spec.js,Duplicate Assert,"{'line': 60, 'column': 4, 'index': 1705}","  58 |     expect($test.vm.bvListeners.click).toBeUndefined()
  59 |     expect($test.vm.bvListeners.focus).toBeUndefined()
> 60 |     expect($test.vm.bvListeners.blur).toBeUndefined()
     |    ^ Duplicate Assert
  61 |
  62 |     // Correctly adds new listeners
  63 |     await wrapper.setProps({"
/home/gabriel/Disk/Research/research-javascript-test-smells/repositories/bootstrap-vue-dev/src/mixins/listeners.spec.js,Duplicate Assert,"{'line': 60, 'column': 4, 'index': 1705}","  58 |     expect($test.vm.bvListeners.click).toBeUndefined()
  59 |     expect($test.vm.bvListeners.focus).toBeUndefined()
> 60 |     expect($test.vm.bvListeners.blur).toBeUndefined()
     |    ^ Duplicate Assert
  61 |
  62 |     // Correctly adds new listeners
  63 |     await wrapper.setProps({"
/home/gabriel/Disk/Research/research-javascript-test-smells/repositories/bootstrap-vue-dev/src/mixins/listeners.spec.js,Duplicate Assert,"{'line': 68, 'column': 4, 'index': 1882}","  66 |     })
  67 |
> 68 |     expect($test.vm.bvListeners.click).toBeDefined()
     |    ^ Duplicate Assert
  69 |     expect($test.vm.bvListeners.focus).toBeDefined()
  70 |     expect($test.vm.bvListeners.blur).toBeUndefined()
  71 |"
/home/gabriel/Disk/Research/research-javascript-test-smells/repositories/bootstrap-vue-dev/src/mixins/listeners.spec.js,Duplicate Assert,"{'line': 69, 'column': 4, 'index': 1935}","  67 |
  68 |     expect($test.vm.bvListeners.click).toBeDefined()
> 69 |     expect($test.vm.bvListeners.focus).toBeDefined()
     |    ^ Duplicate Assert
  70 |     expect($test.vm.bvListeners.blur).toBeUndefined()
  71 |
  72 |     // Correctly updates listeners"
/home/gabriel/Disk/Research/research-javascript-test-smells/repositories/bootstrap-vue-dev/src/mixins/listeners.spec.js,Duplicate Assert,"{'line': 69, 'column': 4, 'index': 1935}","  67 |
  68 |     expect($test.vm.bvListeners.click).toBeDefined()
> 69 |     expect($test.vm.bvListeners.focus).toBeDefined()
     |    ^ Duplicate Assert
  70 |     expect($test.vm.bvListeners.blur).toBeUndefined()
  71 |
  72 |     // Correctly updates listeners"
/home/gabriel/Disk/Research/research-javascript-test-smells/repositories/bootstrap-vue-dev/src/mixins/listeners.spec.js,Duplicate Assert,"{'line': 70, 'column': 4, 'index': 1988}","  68 |     expect($test.vm.bvListeners.click).toBeDefined()
  69 |     expect($test.vm.bvListeners.focus).toBeDefined()
> 70 |     expect($test.vm.bvListeners.blur).toBeUndefined()
     |    ^ Duplicate Assert
  71 |
  72 |     // Correctly updates listeners
  73 |     await wrapper.setProps({"
/home/gabriel/Disk/Research/research-javascript-test-smells/repositories/bootstrap-vue-dev/src/mixins/listeners.spec.js,Duplicate Assert,"{'line': 70, 'column': 4, 'index': 1988}","  68 |     expect($test.vm.bvListeners.click).toBeDefined()
  69 |     expect($test.vm.bvListeners.focus).toBeDefined()
> 70 |     expect($test.vm.bvListeners.blur).toBeUndefined()
     |    ^ Duplicate Assert
  71 |
  72 |     // Correctly updates listeners
  73 |     await wrapper.setProps({"
/home/gabriel/Disk/Research/research-javascript-test-smells/repositories/bootstrap-vue-dev/src/mixins/listeners.spec.js,Duplicate Assert,"{'line': 78, 'column': 4, 'index': 2164}","  76 |     })
  77 |
> 78 |     expect($test.vm.bvListeners.click).toBeUndefined()
     |    ^ Duplicate Assert
  79 |     expect($test.vm.bvListeners.focus).toBeDefined()
  80 |     expect($test.vm.bvListeners.blur).toBeDefined()
  81 |"
/home/gabriel/Disk/Research/research-javascript-test-smells/repositories/bootstrap-vue-dev/src/mixins/listeners.spec.js,Duplicate Assert,"{'line': 78, 'column': 4, 'index': 2164}","  76 |     })
  77 |
> 78 |     expect($test.vm.bvListeners.click).toBeUndefined()
     |    ^ Duplicate Assert
  79 |     expect($test.vm.bvListeners.focus).toBeDefined()
  80 |     expect($test.vm.bvListeners.blur).toBeDefined()
  81 |"
/home/gabriel/Disk/Research/research-javascript-test-smells/repositories/bootstrap-vue-dev/src/mixins/listeners.spec.js,Duplicate Assert,"{'line': 79, 'column': 4, 'index': 2219}","  77 |
  78 |     expect($test.vm.bvListeners.click).toBeUndefined()
> 79 |     expect($test.vm.bvListeners.focus).toBeDefined()
     |    ^ Duplicate Assert
  80 |     expect($test.vm.bvListeners.blur).toBeDefined()
  81 |
  82 |     // Correctly removes listeners"
/home/gabriel/Disk/Research/research-javascript-test-smells/repositories/bootstrap-vue-dev/src/mixins/listeners.spec.js,Duplicate Assert,"{'line': 79, 'column': 4, 'index': 2219}","  77 |
  78 |     expect($test.vm.bvListeners.click).toBeUndefined()
> 79 |     expect($test.vm.bvListeners.focus).toBeDefined()
     |    ^ Duplicate Assert
  80 |     expect($test.vm.bvListeners.blur).toBeDefined()
  81 |
  82 |     // Correctly removes listeners"
/home/gabriel/Disk/Research/research-javascript-test-smells/repositories/bootstrap-vue-dev/src/mixins/listeners.spec.js,Duplicate Assert,"{'line': 80, 'column': 4, 'index': 2272}","  78 |     expect($test.vm.bvListeners.click).toBeUndefined()
  79 |     expect($test.vm.bvListeners.focus).toBeDefined()
> 80 |     expect($test.vm.bvListeners.blur).toBeDefined()
     |    ^ Duplicate Assert
  81 |
  82 |     // Correctly removes listeners
  83 |     await wrapper.setProps({"
/home/gabriel/Disk/Research/research-javascript-test-smells/repositories/bootstrap-vue-dev/src/mixins/listeners.spec.js,Duplicate Assert,"{'line': 89, 'column': 4, 'index': 2473}","  87 |     })
  88 |
> 89 |     expect($test.vm.bvListeners.click).toBeUndefined()
     |    ^ Duplicate Assert
  90 |     expect($test.vm.bvListeners.focus).toBeUndefined()
  91 |     expect($test.vm.bvListeners.blur).toBeUndefined()
  92 |"
/home/gabriel/Disk/Research/research-javascript-test-smells/repositories/bootstrap-vue-dev/src/mixins/listeners.spec.js,Duplicate Assert,"{'line': 89, 'column': 4, 'index': 2473}","  87 |     })
  88 |
> 89 |     expect($test.vm.bvListeners.click).toBeUndefined()
     |    ^ Duplicate Assert
  90 |     expect($test.vm.bvListeners.focus).toBeUndefined()
  91 |     expect($test.vm.bvListeners.blur).toBeUndefined()
  92 |"
/home/gabriel/Disk/Research/research-javascript-test-smells/repositories/bootstrap-vue-dev/src/mixins/listeners.spec.js,Duplicate Assert,"{'line': 90, 'column': 4, 'index': 2528}","  88 |
  89 |     expect($test.vm.bvListeners.click).toBeUndefined()
> 90 |     expect($test.vm.bvListeners.focus).toBeUndefined()
     |    ^ Duplicate Assert
  91 |     expect($test.vm.bvListeners.blur).toBeUndefined()
  92 |
  93 |     wrapper.destroy()"
/home/gabriel/Disk/Research/research-javascript-test-smells/repositories/bootstrap-vue-dev/src/mixins/listeners.spec.js,Duplicate Assert,"{'line': 90, 'column': 4, 'index': 2528}","  88 |
  89 |     expect($test.vm.bvListeners.click).toBeUndefined()
> 90 |     expect($test.vm.bvListeners.focus).toBeUndefined()
     |    ^ Duplicate Assert
  91 |     expect($test.vm.bvListeners.blur).toBeUndefined()
  92 |
  93 |     wrapper.destroy()"
/home/gabriel/Disk/Research/research-javascript-test-smells/repositories/bootstrap-vue-dev/src/mixins/listeners.spec.js,Duplicate Assert,"{'line': 91, 'column': 4, 'index': 2583}","  89 |     expect($test.vm.bvListeners.click).toBeUndefined()
  90 |     expect($test.vm.bvListeners.focus).toBeUndefined()
> 91 |     expect($test.vm.bvListeners.blur).toBeUndefined()
     |    ^ Duplicate Assert
  92 |
  93 |     wrapper.destroy()
  94 |   })"
/home/gabriel/Disk/Research/research-javascript-test-smells/repositories/bootstrap-vue-dev/src/mixins/listeners.spec.js,Duplicate Assert,"{'line': 91, 'column': 4, 'index': 2583}","  89 |     expect($test.vm.bvListeners.click).toBeUndefined()
  90 |     expect($test.vm.bvListeners.focus).toBeUndefined()
> 91 |     expect($test.vm.bvListeners.blur).toBeUndefined()
     |    ^ Duplicate Assert
  92 |
  93 |     wrapper.destroy()
  94 |   })"
/home/gabriel/Disk/Research/research-javascript-test-smells/repositories/bootstrap-vue-dev/src/mixins/listeners.spec.js,Duplicate Assert,"{'line': 184, 'column': 4, 'index': 5019}","  182 |     expect($inputs1.at(0)).toBeDefined()
  183 |     expect($inputs1.at(1)).toBeDefined()
> 184 |     expect(wrapper1.emitted().focus1).not.toBeTruthy()
      |    ^ Duplicate Assert
  185 |     expect(wrapper1.emitted().focus2).not.toBeTruthy()
  186 |     expect(input1RenderCount).toBe(2)
  187 |"
/home/gabriel/Disk/Research/research-javascript-test-smells/repositories/bootstrap-vue-dev/src/mixins/listeners.spec.js,Duplicate Assert,"{'line': 184, 'column': 4, 'index': 5019}","  182 |     expect($inputs1.at(0)).toBeDefined()
  183 |     expect($inputs1.at(1)).toBeDefined()
> 184 |     expect(wrapper1.emitted().focus1).not.toBeTruthy()
      |    ^ Duplicate Assert
  185 |     expect(wrapper1.emitted().focus2).not.toBeTruthy()
  186 |     expect(input1RenderCount).toBe(2)
  187 |"
/home/gabriel/Disk/Research/research-javascript-test-smells/repositories/bootstrap-vue-dev/src/mixins/listeners.spec.js,Duplicate Assert,"{'line': 185, 'column': 4, 'index': 5074}","  183 |     expect($inputs1.at(1)).toBeDefined()
  184 |     expect(wrapper1.emitted().focus1).not.toBeTruthy()
> 185 |     expect(wrapper1.emitted().focus2).not.toBeTruthy()
      |    ^ Duplicate Assert
  186 |     expect(input1RenderCount).toBe(2)
  187 |
  188 |     await $inputs1.at(0).trigger('focus')"
/home/gabriel/Disk/Research/research-javascript-test-smells/repositories/bootstrap-vue-dev/src/mixins/listeners.spec.js,Duplicate Assert,"{'line': 185, 'column': 4, 'index': 5074}","  183 |     expect($inputs1.at(1)).toBeDefined()
  184 |     expect(wrapper1.emitted().focus1).not.toBeTruthy()
> 185 |     expect(wrapper1.emitted().focus2).not.toBeTruthy()
      |    ^ Duplicate Assert
  186 |     expect(input1RenderCount).toBe(2)
  187 |
  188 |     await $inputs1.at(0).trigger('focus')"
/home/gabriel/Disk/Research/research-javascript-test-smells/repositories/bootstrap-vue-dev/src/mixins/listeners.spec.js,Duplicate Assert,"{'line': 186, 'column': 4, 'index': 5129}","  184 |     expect(wrapper1.emitted().focus1).not.toBeTruthy()
  185 |     expect(wrapper1.emitted().focus2).not.toBeTruthy()
> 186 |     expect(input1RenderCount).toBe(2)
      |    ^ Duplicate Assert
  187 |
  188 |     await $inputs1.at(0).trigger('focus')
  189 |     expect(wrapper1.emitted().focus1).not.toBeTruthy()"
/home/gabriel/Disk/Research/research-javascript-test-smells/repositories/bootstrap-vue-dev/src/mixins/listeners.spec.js,Duplicate Assert,"{'line': 186, 'column': 4, 'index': 5129}","  184 |     expect(wrapper1.emitted().focus1).not.toBeTruthy()
  185 |     expect(wrapper1.emitted().focus2).not.toBeTruthy()
> 186 |     expect(input1RenderCount).toBe(2)
      |    ^ Duplicate Assert
  187 |
  188 |     await $inputs1.at(0).trigger('focus')
  189 |     expect(wrapper1.emitted().focus1).not.toBeTruthy()"
/home/gabriel/Disk/Research/research-javascript-test-smells/repositories/bootstrap-vue-dev/src/mixins/listeners.spec.js,Duplicate Assert,"{'line': 189, 'column': 4, 'index': 5210}","  187 |
  188 |     await $inputs1.at(0).trigger('focus')
> 189 |     expect(wrapper1.emitted().focus1).not.toBeTruthy()
      |    ^ Duplicate Assert
  190 |     await $inputs1.at(1).trigger('focus')
  191 |     expect(wrapper1.emitted().focus2).not.toBeTruthy()
  192 |     expect(input1RenderCount).toBe(2)"
/home/gabriel/Disk/Research/research-javascript-test-smells/repositories/bootstrap-vue-dev/src/mixins/listeners.spec.js,Duplicate Assert,"{'line': 189, 'column': 4, 'index': 5210}","  187 |
  188 |     await $inputs1.at(0).trigger('focus')
> 189 |     expect(wrapper1.emitted().focus1).not.toBeTruthy()
      |    ^ Duplicate Assert
  190 |     await $inputs1.at(1).trigger('focus')
  191 |     expect(wrapper1.emitted().focus2).not.toBeTruthy()
  192 |     expect(input1RenderCount).toBe(2)"
/home/gabriel/Disk/Research/research-javascript-test-smells/repositories/bootstrap-vue-dev/src/mixins/listeners.spec.js,Duplicate Assert,"{'line': 191, 'column': 4, 'index': 5307}","  189 |     expect(wrapper1.emitted().focus1).not.toBeTruthy()
  190 |     await $inputs1.at(1).trigger('focus')
> 191 |     expect(wrapper1.emitted().focus2).not.toBeTruthy()
      |    ^ Duplicate Assert
  192 |     expect(input1RenderCount).toBe(2)
  193 |
  194 |     // Enable focus events for the first input and trigger it"
/home/gabriel/Disk/Research/research-javascript-test-smells/repositories/bootstrap-vue-dev/src/mixins/listeners.spec.js,Duplicate Assert,"{'line': 191, 'column': 4, 'index': 5307}","  189 |     expect(wrapper1.emitted().focus1).not.toBeTruthy()
  190 |     await $inputs1.at(1).trigger('focus')
> 191 |     expect(wrapper1.emitted().focus2).not.toBeTruthy()
      |    ^ Duplicate Assert
  192 |     expect(input1RenderCount).toBe(2)
  193 |
  194 |     // Enable focus events for the first input and trigger it"
/home/gabriel/Disk/Research/research-javascript-test-smells/repositories/bootstrap-vue-dev/src/mixins/listeners.spec.js,Duplicate Assert,"{'line': 192, 'column': 4, 'index': 5362}","  190 |     await $inputs1.at(1).trigger('focus')
  191 |     expect(wrapper1.emitted().focus2).not.toBeTruthy()
> 192 |     expect(input1RenderCount).toBe(2)
      |    ^ Duplicate Assert
  193 |
  194 |     // Enable focus events for the first input and trigger it
  195 |     await wrapper1.setProps({ listenFocus1: true })"
/home/gabriel/Disk/Research/research-javascript-test-smells/repositories/bootstrap-vue-dev/src/mixins/listeners.spec.js,Duplicate Assert,"{'line': 192, 'column': 4, 'index': 5362}","  190 |     await $inputs1.at(1).trigger('focus')
  191 |     expect(wrapper1.emitted().focus2).not.toBeTruthy()
> 192 |     expect(input1RenderCount).toBe(2)
      |    ^ Duplicate Assert
  193 |
  194 |     // Enable focus events for the first input and trigger it
  195 |     await wrapper1.setProps({ listenFocus1: true })"
/home/gabriel/Disk/Research/research-javascript-test-smells/repositories/bootstrap-vue-dev/src/mixins/listeners.spec.js,Duplicate Assert,"{'line': 197, 'column': 4, 'index': 5557}","  195 |     await wrapper1.setProps({ listenFocus1: true })
  196 |     await $inputs1.at(0).trigger('focus')
> 197 |     expect(wrapper1.emitted().focus1).toBeTruthy()
      |    ^ Duplicate Assert
  198 |     expect(wrapper1.emitted().focus2).not.toBeTruthy()
  199 |     // Both `Input1`'s are re-rendered (See: https://github.com/vuejs/vue/issues/7257)
  200 |     expect(input1RenderCount).toBe(isVue3 ? 2 : 4)"
/home/gabriel/Disk/Research/research-javascript-test-smells/repositories/bootstrap-vue-dev/src/mixins/listeners.spec.js,Duplicate Assert,"{'line': 197, 'column': 4, 'index': 5557}","  195 |     await wrapper1.setProps({ listenFocus1: true })
  196 |     await $inputs1.at(0).trigger('focus')
> 197 |     expect(wrapper1.emitted().focus1).toBeTruthy()
      |    ^ Duplicate Assert
  198 |     expect(wrapper1.emitted().focus2).not.toBeTruthy()
  199 |     // Both `Input1`'s are re-rendered (See: https://github.com/vuejs/vue/issues/7257)
  200 |     expect(input1RenderCount).toBe(isVue3 ? 2 : 4)"
/home/gabriel/Disk/Research/research-javascript-test-smells/repositories/bootstrap-vue-dev/src/mixins/listeners.spec.js,Duplicate Assert,"{'line': 198, 'column': 4, 'index': 5608}","  196 |     await $inputs1.at(0).trigger('focus')
  197 |     expect(wrapper1.emitted().focus1).toBeTruthy()
> 198 |     expect(wrapper1.emitted().focus2).not.toBeTruthy()
      |    ^ Duplicate Assert
  199 |     // Both `Input1`'s are re-rendered (See: https://github.com/vuejs/vue/issues/7257)
  200 |     expect(input1RenderCount).toBe(isVue3 ? 2 : 4)
  201 |"
/home/gabriel/Disk/Research/research-javascript-test-smells/repositories/bootstrap-vue-dev/src/mixins/listeners.spec.js,Duplicate Assert,"{'line': 198, 'column': 4, 'index': 5608}","  196 |     await $inputs1.at(0).trigger('focus')
  197 |     expect(wrapper1.emitted().focus1).toBeTruthy()
> 198 |     expect(wrapper1.emitted().focus2).not.toBeTruthy()
      |    ^ Duplicate Assert
  199 |     // Both `Input1`'s are re-rendered (See: https://github.com/vuejs/vue/issues/7257)
  200 |     expect(input1RenderCount).toBe(isVue3 ? 2 : 4)
  201 |"
/home/gabriel/Disk/Research/research-javascript-test-smells/repositories/bootstrap-vue-dev/src/mixins/listeners.spec.js,Duplicate Assert,"{'line': 200, 'column': 4, 'index': 5750}","  198 |     expect(wrapper1.emitted().focus2).not.toBeTruthy()
  199 |     // Both `Input1`'s are re-rendered (See: https://github.com/vuejs/vue/issues/7257)
> 200 |     expect(input1RenderCount).toBe(isVue3 ? 2 : 4)
      |    ^ Duplicate Assert
  201 |
  202 |     // Enable focus events for the second input and trigger it
  203 |     await wrapper1.setProps({ listenFocus2: true })"
/home/gabriel/Disk/Research/research-javascript-test-smells/repositories/bootstrap-vue-dev/src/mixins/listeners.spec.js,Duplicate Assert,"{'line': 205, 'column': 4, 'index': 5959}","  203 |     await wrapper1.setProps({ listenFocus2: true })
  204 |     await $inputs1.at(1).trigger('focus')
> 205 |     expect(wrapper1.emitted().focus1).toBeTruthy()
      |    ^ Duplicate Assert
  206 |     expect(wrapper1.emitted().focus2).toBeTruthy()
  207 |     // Both `Input1`'s are re-rendered (See: https://github.com/vuejs/vue/issues/7257)
  208 |     expect(input1RenderCount).toBe(isVue3 ? 2 : 6)"
/home/gabriel/Disk/Research/research-javascript-test-smells/repositories/bootstrap-vue-dev/src/mixins/listeners.spec.js,Duplicate Assert,"{'line': 205, 'column': 4, 'index': 5959}","  203 |     await wrapper1.setProps({ listenFocus2: true })
  204 |     await $inputs1.at(1).trigger('focus')
> 205 |     expect(wrapper1.emitted().focus1).toBeTruthy()
      |    ^ Duplicate Assert
  206 |     expect(wrapper1.emitted().focus2).toBeTruthy()
  207 |     // Both `Input1`'s are re-rendered (See: https://github.com/vuejs/vue/issues/7257)
  208 |     expect(input1RenderCount).toBe(isVue3 ? 2 : 6)"
/home/gabriel/Disk/Research/research-javascript-test-smells/repositories/bootstrap-vue-dev/src/mixins/listeners.spec.js,Duplicate Assert,"{'line': 206, 'column': 4, 'index': 6010}","  204 |     await $inputs1.at(1).trigger('focus')
  205 |     expect(wrapper1.emitted().focus1).toBeTruthy()
> 206 |     expect(wrapper1.emitted().focus2).toBeTruthy()
      |    ^ Duplicate Assert
  207 |     // Both `Input1`'s are re-rendered (See: https://github.com/vuejs/vue/issues/7257)
  208 |     expect(input1RenderCount).toBe(isVue3 ? 2 : 6)
  209 |"
/home/gabriel/Disk/Research/research-javascript-test-smells/repositories/bootstrap-vue-dev/src/mixins/listeners.spec.js,Duplicate Assert,"{'line': 208, 'column': 4, 'index': 6148}","  206 |     expect(wrapper1.emitted().focus2).toBeTruthy()
  207 |     // Both `Input1`'s are re-rendered (See: https://github.com/vuejs/vue/issues/7257)
> 208 |     expect(input1RenderCount).toBe(isVue3 ? 2 : 6)
      |    ^ Duplicate Assert
  209 |
  210 |     // --- `Input2` tests ---
  211 |"
/home/gabriel/Disk/Research/research-javascript-test-smells/repositories/bootstrap-vue-dev/src/mixins/listeners.spec.js,Duplicate Assert,"{'line': 216, 'column': 4, 'index': 6405}","  214 |     expect($inputs2.at(0)).toBeDefined()
  215 |     expect($inputs2.at(1)).toBeDefined()
> 216 |     expect(wrapper2.emitted().focus1).not.toBeTruthy()
      |    ^ Duplicate Assert
  217 |     expect(wrapper2.emitted().focus2).not.toBeTruthy()
  218 |     expect(input2RenderCount).toBe(2)
  219 |"
/home/gabriel/Disk/Research/research-javascript-test-smells/repositories/bootstrap-vue-dev/src/mixins/listeners.spec.js,Duplicate Assert,"{'line': 216, 'column': 4, 'index': 6405}","  214 |     expect($inputs2.at(0)).toBeDefined()
  215 |     expect($inputs2.at(1)).toBeDefined()
> 216 |     expect(wrapper2.emitted().focus1).not.toBeTruthy()
      |    ^ Duplicate Assert
  217 |     expect(wrapper2.emitted().focus2).not.toBeTruthy()
  218 |     expect(input2RenderCount).toBe(2)
  219 |"
/home/gabriel/Disk/Research/research-javascript-test-smells/repositories/bootstrap-vue-dev/src/mixins/listeners.spec.js,Duplicate Assert,"{'line': 217, 'column': 4, 'index': 6460}","  215 |     expect($inputs2.at(1)).toBeDefined()
  216 |     expect(wrapper2.emitted().focus1).not.toBeTruthy()
> 217 |     expect(wrapper2.emitted().focus2).not.toBeTruthy()
      |    ^ Duplicate Assert
  218 |     expect(input2RenderCount).toBe(2)
  219 |
  220 |     await $inputs2.at(0).trigger('focus')"
/home/gabriel/Disk/Research/research-javascript-test-smells/repositories/bootstrap-vue-dev/src/mixins/listeners.spec.js,Duplicate Assert,"{'line': 217, 'column': 4, 'index': 6460}","  215 |     expect($inputs2.at(1)).toBeDefined()
  216 |     expect(wrapper2.emitted().focus1).not.toBeTruthy()
> 217 |     expect(wrapper2.emitted().focus2).not.toBeTruthy()
      |    ^ Duplicate Assert
  218 |     expect(input2RenderCount).toBe(2)
  219 |
  220 |     await $inputs2.at(0).trigger('focus')"
/home/gabriel/Disk/Research/research-javascript-test-smells/repositories/bootstrap-vue-dev/src/mixins/listeners.spec.js,Duplicate Assert,"{'line': 218, 'column': 4, 'index': 6515}","  216 |     expect(wrapper2.emitted().focus1).not.toBeTruthy()
  217 |     expect(wrapper2.emitted().focus2).not.toBeTruthy()
> 218 |     expect(input2RenderCount).toBe(2)
      |    ^ Duplicate Assert
  219 |
  220 |     await $inputs2.at(0).trigger('focus')
  221 |     expect(wrapper2.emitted().focus1).not.toBeTruthy()"
/home/gabriel/Disk/Research/research-javascript-test-smells/repositories/bootstrap-vue-dev/src/mixins/listeners.spec.js,Duplicate Assert,"{'line': 218, 'column': 4, 'index': 6515}","  216 |     expect(wrapper2.emitted().focus1).not.toBeTruthy()
  217 |     expect(wrapper2.emitted().focus2).not.toBeTruthy()
> 218 |     expect(input2RenderCount).toBe(2)
      |    ^ Duplicate Assert
  219 |
  220 |     await $inputs2.at(0).trigger('focus')
  221 |     expect(wrapper2.emitted().focus1).not.toBeTruthy()"
/home/gabriel/Disk/Research/research-javascript-test-smells/repositories/bootstrap-vue-dev/src/mixins/listeners.spec.js,Duplicate Assert,"{'line': 221, 'column': 4, 'index': 6596}","  219 |
  220 |     await $inputs2.at(0).trigger('focus')
> 221 |     expect(wrapper2.emitted().focus1).not.toBeTruthy()
      |    ^ Duplicate Assert
  222 |     await $inputs2.at(1).trigger('focus')
  223 |     expect(wrapper2.emitted().focus2).not.toBeTruthy()
  224 |     expect(input2RenderCount).toBe(2)"
/home/gabriel/Disk/Research/research-javascript-test-smells/repositories/bootstrap-vue-dev/src/mixins/listeners.spec.js,Duplicate Assert,"{'line': 221, 'column': 4, 'index': 6596}","  219 |
  220 |     await $inputs2.at(0).trigger('focus')
> 221 |     expect(wrapper2.emitted().focus1).not.toBeTruthy()
      |    ^ Duplicate Assert
  222 |     await $inputs2.at(1).trigger('focus')
  223 |     expect(wrapper2.emitted().focus2).not.toBeTruthy()
  224 |     expect(input2RenderCount).toBe(2)"
/home/gabriel/Disk/Research/research-javascript-test-smells/repositories/bootstrap-vue-dev/src/mixins/listeners.spec.js,Duplicate Assert,"{'line': 223, 'column': 4, 'index': 6693}","  221 |     expect(wrapper2.emitted().focus1).not.toBeTruthy()
  222 |     await $inputs2.at(1).trigger('focus')
> 223 |     expect(wrapper2.emitted().focus2).not.toBeTruthy()
      |    ^ Duplicate Assert
  224 |     expect(input2RenderCount).toBe(2)
  225 |
  226 |     // Enable focus events for the first input and trigger it"
/home/gabriel/Disk/Research/research-javascript-test-smells/repositories/bootstrap-vue-dev/src/mixins/listeners.spec.js,Duplicate Assert,"{'line': 223, 'column': 4, 'index': 6693}","  221 |     expect(wrapper2.emitted().focus1).not.toBeTruthy()
  222 |     await $inputs2.at(1).trigger('focus')
> 223 |     expect(wrapper2.emitted().focus2).not.toBeTruthy()
      |    ^ Duplicate Assert
  224 |     expect(input2RenderCount).toBe(2)
  225 |
  226 |     // Enable focus events for the first input and trigger it"
/home/gabriel/Disk/Research/research-javascript-test-smells/repositories/bootstrap-vue-dev/src/mixins/listeners.spec.js,Duplicate Assert,"{'line': 224, 'column': 4, 'index': 6748}","  222 |     await $inputs2.at(1).trigger('focus')
  223 |     expect(wrapper2.emitted().focus2).not.toBeTruthy()
> 224 |     expect(input2RenderCount).toBe(2)
      |    ^ Duplicate Assert
  225 |
  226 |     // Enable focus events for the first input and trigger it
  227 |     await wrapper2.setProps({ listenFocus1: true })"
/home/gabriel/Disk/Research/research-javascript-test-smells/repositories/bootstrap-vue-dev/src/mixins/listeners.spec.js,Duplicate Assert,"{'line': 224, 'column': 4, 'index': 6748}","  222 |     await $inputs2.at(1).trigger('focus')
  223 |     expect(wrapper2.emitted().focus2).not.toBeTruthy()
> 224 |     expect(input2RenderCount).toBe(2)
      |    ^ Duplicate Assert
  225 |
  226 |     // Enable focus events for the first input and trigger it
  227 |     await wrapper2.setProps({ listenFocus1: true })"
/home/gabriel/Disk/Research/research-javascript-test-smells/repositories/bootstrap-vue-dev/src/mixins/listeners.spec.js,Duplicate Assert,"{'line': 229, 'column': 4, 'index': 6943}","  227 |     await wrapper2.setProps({ listenFocus1: true })
  228 |     await $inputs2.at(0).trigger('focus')
> 229 |     expect(wrapper2.emitted().focus1).toBeTruthy()
      |    ^ Duplicate Assert
  230 |     expect(wrapper2.emitted().focus2).not.toBeTruthy()
  231 |     // With `listenersMixin` only the affected `Input2` is re-rendered
  232 |     expect(input2RenderCount).toBe(2)"
/home/gabriel/Disk/Research/research-javascript-test-smells/repositories/bootstrap-vue-dev/src/mixins/listeners.spec.js,Duplicate Assert,"{'line': 229, 'column': 4, 'index': 6943}","  227 |     await wrapper2.setProps({ listenFocus1: true })
  228 |     await $inputs2.at(0).trigger('focus')
> 229 |     expect(wrapper2.emitted().focus1).toBeTruthy()
      |    ^ Duplicate Assert
  230 |     expect(wrapper2.emitted().focus2).not.toBeTruthy()
  231 |     // With `listenersMixin` only the affected `Input2` is re-rendered
  232 |     expect(input2RenderCount).toBe(2)"
/home/gabriel/Disk/Research/research-javascript-test-smells/repositories/bootstrap-vue-dev/src/mixins/listeners.spec.js,Duplicate Assert,"{'line': 230, 'column': 4, 'index': 6994}","  228 |     await $inputs2.at(0).trigger('focus')
  229 |     expect(wrapper2.emitted().focus1).toBeTruthy()
> 230 |     expect(wrapper2.emitted().focus2).not.toBeTruthy()
      |    ^ Duplicate Assert
  231 |     // With `listenersMixin` only the affected `Input2` is re-rendered
  232 |     expect(input2RenderCount).toBe(2)
  233 |"
/home/gabriel/Disk/Research/research-javascript-test-smells/repositories/bootstrap-vue-dev/src/mixins/listeners.spec.js,Duplicate Assert,"{'line': 230, 'column': 4, 'index': 6994}","  228 |     await $inputs2.at(0).trigger('focus')
  229 |     expect(wrapper2.emitted().focus1).toBeTruthy()
> 230 |     expect(wrapper2.emitted().focus2).not.toBeTruthy()
      |    ^ Duplicate Assert
  231 |     // With `listenersMixin` only the affected `Input2` is re-rendered
  232 |     expect(input2RenderCount).toBe(2)
  233 |"
/home/gabriel/Disk/Research/research-javascript-test-smells/repositories/bootstrap-vue-dev/src/mixins/listeners.spec.js,Duplicate Assert,"{'line': 232, 'column': 4, 'index': 7120}","  230 |     expect(wrapper2.emitted().focus2).not.toBeTruthy()
  231 |     // With `listenersMixin` only the affected `Input2` is re-rendered
> 232 |     expect(input2RenderCount).toBe(2)
      |    ^ Duplicate Assert
  233 |
  234 |     // Enable focus events for the second input and trigger it
  235 |     await wrapper2.setProps({ listenFocus2: true })"
/home/gabriel/Disk/Research/research-javascript-test-smells/repositories/bootstrap-vue-dev/src/mixins/listeners.spec.js,Duplicate Assert,"{'line': 232, 'column': 4, 'index': 7120}","  230 |     expect(wrapper2.emitted().focus2).not.toBeTruthy()
  231 |     // With `listenersMixin` only the affected `Input2` is re-rendered
> 232 |     expect(input2RenderCount).toBe(2)
      |    ^ Duplicate Assert
  233 |
  234 |     // Enable focus events for the second input and trigger it
  235 |     await wrapper2.setProps({ listenFocus2: true })"
/home/gabriel/Disk/Research/research-javascript-test-smells/repositories/bootstrap-vue-dev/src/mixins/listeners.spec.js,Duplicate Assert,"{'line': 237, 'column': 4, 'index': 7316}","  235 |     await wrapper2.setProps({ listenFocus2: true })
  236 |     await $inputs2.at(1).trigger('focus')
> 237 |     expect(wrapper2.emitted().focus1).toBeTruthy()
      |    ^ Duplicate Assert
  238 |     expect(wrapper2.emitted().focus2).toBeTruthy()
  239 |     // With `listenersMixin` only the affected `Input2` is re-rendered
  240 |     expect(input2RenderCount).toBe(2)"
/home/gabriel/Disk/Research/research-javascript-test-smells/repositories/bootstrap-vue-dev/src/mixins/listeners.spec.js,Duplicate Assert,"{'line': 237, 'column': 4, 'index': 7316}","  235 |     await wrapper2.setProps({ listenFocus2: true })
  236 |     await $inputs2.at(1).trigger('focus')
> 237 |     expect(wrapper2.emitted().focus1).toBeTruthy()
      |    ^ Duplicate Assert
  238 |     expect(wrapper2.emitted().focus2).toBeTruthy()
  239 |     // With `listenersMixin` only the affected `Input2` is re-rendered
  240 |     expect(input2RenderCount).toBe(2)"
/home/gabriel/Disk/Research/research-javascript-test-smells/repositories/bootstrap-vue-dev/src/mixins/listeners.spec.js,Duplicate Assert,"{'line': 238, 'column': 4, 'index': 7367}","  236 |     await $inputs2.at(1).trigger('focus')
  237 |     expect(wrapper2.emitted().focus1).toBeTruthy()
> 238 |     expect(wrapper2.emitted().focus2).toBeTruthy()
      |    ^ Duplicate Assert
  239 |     // With `listenersMixin` only the affected `Input2` is re-rendered
  240 |     expect(input2RenderCount).toBe(2)
  241 |"
/home/gabriel/Disk/Research/research-javascript-test-smells/repositories/bootstrap-vue-dev/src/mixins/listeners.spec.js,Duplicate Assert,"{'line': 240, 'column': 4, 'index': 7489}","  238 |     expect(wrapper2.emitted().focus2).toBeTruthy()
  239 |     // With `listenersMixin` only the affected `Input2` is re-rendered
> 240 |     expect(input2RenderCount).toBe(2)
      |    ^ Duplicate Assert
  241 |
  242 |     wrapper1.destroy()
  243 |     wrapper2.destroy()"
/home/gabriel/Disk/Research/research-javascript-test-smells/repositories/bootstrap-vue-dev/src/mixins/listeners.spec.js,Duplicate Assert,"{'line': 240, 'column': 4, 'index': 7489}","  238 |     expect(wrapper2.emitted().focus2).toBeTruthy()
  239 |     // With `listenersMixin` only the affected `Input2` is re-rendered
> 240 |     expect(input2RenderCount).toBe(2)
      |    ^ Duplicate Assert
  241 |
  242 |     wrapper1.destroy()
  243 |     wrapper2.destroy()"
/home/gabriel/Disk/Research/research-javascript-test-smells/repositories/bootstrap-vue-dev/src/mixins/listeners.spec.js,Magic Number,"{'line': 181, 'column': 33, 'index': 4930}","  179 |
  180 |     const $inputs1 = wrapper1.findAllComponents(Input1)
> 181 |     expect($inputs1.length).toBe(2)
      |                                 ^ Magic Number
  182 |     expect($inputs1.at(0)).toBeDefined()
  183 |     expect($inputs1.at(1)).toBeDefined()
  184 |     expect(wrapper1.emitted().focus1).not.toBeTruthy()"
/home/gabriel/Disk/Research/research-javascript-test-smells/repositories/bootstrap-vue-dev/src/mixins/listeners.spec.js,Magic Number,"{'line': 186, 'column': 35, 'index': 5160}","  184 |     expect(wrapper1.emitted().focus1).not.toBeTruthy()
  185 |     expect(wrapper1.emitted().focus2).not.toBeTruthy()
> 186 |     expect(input1RenderCount).toBe(2)
      |                                   ^ Magic Number
  187 |
  188 |     await $inputs1.at(0).trigger('focus')
  189 |     expect(wrapper1.emitted().focus1).not.toBeTruthy()"
/home/gabriel/Disk/Research/research-javascript-test-smells/repositories/bootstrap-vue-dev/src/mixins/listeners.spec.js,Magic Number,"{'line': 192, 'column': 35, 'index': 5393}","  190 |     await $inputs1.at(1).trigger('focus')
  191 |     expect(wrapper1.emitted().focus2).not.toBeTruthy()
> 192 |     expect(input1RenderCount).toBe(2)
      |                                   ^ Magic Number
  193 |
  194 |     // Enable focus events for the first input and trigger it
  195 |     await wrapper1.setProps({ listenFocus1: true })"
/home/gabriel/Disk/Research/research-javascript-test-smells/repositories/bootstrap-vue-dev/src/mixins/listeners.spec.js,Magic Number,"{'line': 213, 'column': 33, 'index': 6316}","  211 |
  212 |     const $inputs2 = wrapper2.findAllComponents(Input2)
> 213 |     expect($inputs2.length).toBe(2)
      |                                 ^ Magic Number
  214 |     expect($inputs2.at(0)).toBeDefined()
  215 |     expect($inputs2.at(1)).toBeDefined()
  216 |     expect(wrapper2.emitted().focus1).not.toBeTruthy()"
/home/gabriel/Disk/Research/research-javascript-test-smells/repositories/bootstrap-vue-dev/src/mixins/listeners.spec.js,Magic Number,"{'line': 218, 'column': 35, 'index': 6546}","  216 |     expect(wrapper2.emitted().focus1).not.toBeTruthy()
  217 |     expect(wrapper2.emitted().focus2).not.toBeTruthy()
> 218 |     expect(input2RenderCount).toBe(2)
      |                                   ^ Magic Number
  219 |
  220 |     await $inputs2.at(0).trigger('focus')
  221 |     expect(wrapper2.emitted().focus1).not.toBeTruthy()"
/home/gabriel/Disk/Research/research-javascript-test-smells/repositories/bootstrap-vue-dev/src/mixins/listeners.spec.js,Magic Number,"{'line': 224, 'column': 35, 'index': 6779}","  222 |     await $inputs2.at(1).trigger('focus')
  223 |     expect(wrapper2.emitted().focus2).not.toBeTruthy()
> 224 |     expect(input2RenderCount).toBe(2)
      |                                   ^ Magic Number
  225 |
  226 |     // Enable focus events for the first input and trigger it
  227 |     await wrapper2.setProps({ listenFocus1: true })"
/home/gabriel/Disk/Research/research-javascript-test-smells/repositories/bootstrap-vue-dev/src/mixins/listeners.spec.js,Magic Number,"{'line': 232, 'column': 35, 'index': 7151}","  230 |     expect(wrapper2.emitted().focus2).not.toBeTruthy()
  231 |     // With `listenersMixin` only the affected `Input2` is re-rendered
> 232 |     expect(input2RenderCount).toBe(2)
      |                                   ^ Magic Number
  233 |
  234 |     // Enable focus events for the second input and trigger it
  235 |     await wrapper2.setProps({ listenFocus2: true })"
/home/gabriel/Disk/Research/research-javascript-test-smells/repositories/bootstrap-vue-dev/src/mixins/listeners.spec.js,Magic Number,"{'line': 240, 'column': 35, 'index': 7520}","  238 |     expect(wrapper2.emitted().focus2).toBeTruthy()
  239 |     // With `listenersMixin` only the affected `Input2` is re-rendered
> 240 |     expect(input2RenderCount).toBe(2)
      |                                   ^ Magic Number
  241 |
  242 |     wrapper1.destroy()
  243 |     wrapper2.destroy()"
/home/gabriel/Disk/Research/research-javascript-test-smells/repositories/bootstrap-vue-dev/src/mixins/listen-on-window.spec.js,Conditional Test Logic,"{'line': 25, 'column': 10, 'index': 676}","  23 |       watch: {
  24 |         offResizeOne(newValue) {
> 25 |           if (newValue) {
     |          ^ Conditional Test Logic
  26 |             this.listenOffWindow('resize', spyResize1)
  27 |           }
  28 |         }"
/home/gabriel/Disk/Research/research-javascript-test-smells/repositories/bootstrap-vue-dev/src/mixins/listen-on-window.spec.js,Duplicate Assert,"{'line': 65, 'column': 4, 'index': 1519}","  63 |     expect(wrapper.text()).toEqual('test-component')
  64 |
> 65 |     expect(spyResize1).not.toHaveBeenCalled()
     |    ^ Duplicate Assert
  66 |     expect(spyResize2).not.toHaveBeenCalled()
  67 |     expect(spyScroll).not.toHaveBeenCalled()
  68 |"
/home/gabriel/Disk/Research/research-javascript-test-smells/repositories/bootstrap-vue-dev/src/mixins/listen-on-window.spec.js,Duplicate Assert,"{'line': 65, 'column': 4, 'index': 1519}","  63 |     expect(wrapper.text()).toEqual('test-component')
  64 |
> 65 |     expect(spyResize1).not.toHaveBeenCalled()
     |    ^ Duplicate Assert
  66 |     expect(spyResize2).not.toHaveBeenCalled()
  67 |     expect(spyScroll).not.toHaveBeenCalled()
  68 |"
/home/gabriel/Disk/Research/research-javascript-test-smells/repositories/bootstrap-vue-dev/src/mixins/listen-on-window.spec.js,Duplicate Assert,"{'line': 66, 'column': 4, 'index': 1565}","  64 |
  65 |     expect(spyResize1).not.toHaveBeenCalled()
> 66 |     expect(spyResize2).not.toHaveBeenCalled()
     |    ^ Duplicate Assert
  67 |     expect(spyScroll).not.toHaveBeenCalled()
  68 |
  69 |     window.dispatchEvent(new Event('scroll'))"
/home/gabriel/Disk/Research/research-javascript-test-smells/repositories/bootstrap-vue-dev/src/mixins/listen-on-window.spec.js,Duplicate Assert,"{'line': 66, 'column': 4, 'index': 1565}","  64 |
  65 |     expect(spyResize1).not.toHaveBeenCalled()
> 66 |     expect(spyResize2).not.toHaveBeenCalled()
     |    ^ Duplicate Assert
  67 |     expect(spyScroll).not.toHaveBeenCalled()
  68 |
  69 |     window.dispatchEvent(new Event('scroll'))"
/home/gabriel/Disk/Research/research-javascript-test-smells/repositories/bootstrap-vue-dev/src/mixins/listen-on-window.spec.js,Duplicate Assert,"{'line': 67, 'column': 4, 'index': 1611}","  65 |     expect(spyResize1).not.toHaveBeenCalled()
  66 |     expect(spyResize2).not.toHaveBeenCalled()
> 67 |     expect(spyScroll).not.toHaveBeenCalled()
     |    ^ Duplicate Assert
  68 |
  69 |     window.dispatchEvent(new Event('scroll'))
  70 |"
/home/gabriel/Disk/Research/research-javascript-test-smells/repositories/bootstrap-vue-dev/src/mixins/listen-on-window.spec.js,Duplicate Assert,"{'line': 71, 'column': 4, 'index': 1704}","  69 |     window.dispatchEvent(new Event('scroll'))
  70 |
> 71 |     expect(spyResize1).not.toHaveBeenCalled()
     |    ^ Duplicate Assert
  72 |     expect(spyResize2).not.toHaveBeenCalled()
  73 |     expect(spyScroll).toHaveBeenCalledTimes(1)
  74 |"
/home/gabriel/Disk/Research/research-javascript-test-smells/repositories/bootstrap-vue-dev/src/mixins/listen-on-window.spec.js,Duplicate Assert,"{'line': 71, 'column': 4, 'index': 1704}","  69 |     window.dispatchEvent(new Event('scroll'))
  70 |
> 71 |     expect(spyResize1).not.toHaveBeenCalled()
     |    ^ Duplicate Assert
  72 |     expect(spyResize2).not.toHaveBeenCalled()
  73 |     expect(spyScroll).toHaveBeenCalledTimes(1)
  74 |"
/home/gabriel/Disk/Research/research-javascript-test-smells/repositories/bootstrap-vue-dev/src/mixins/listen-on-window.spec.js,Duplicate Assert,"{'line': 72, 'column': 4, 'index': 1750}","  70 |
  71 |     expect(spyResize1).not.toHaveBeenCalled()
> 72 |     expect(spyResize2).not.toHaveBeenCalled()
     |    ^ Duplicate Assert
  73 |     expect(spyScroll).toHaveBeenCalledTimes(1)
  74 |
  75 |     window.dispatchEvent(new Event('resize'))"
/home/gabriel/Disk/Research/research-javascript-test-smells/repositories/bootstrap-vue-dev/src/mixins/listen-on-window.spec.js,Duplicate Assert,"{'line': 72, 'column': 4, 'index': 1750}","  70 |
  71 |     expect(spyResize1).not.toHaveBeenCalled()
> 72 |     expect(spyResize2).not.toHaveBeenCalled()
     |    ^ Duplicate Assert
  73 |     expect(spyScroll).toHaveBeenCalledTimes(1)
  74 |
  75 |     window.dispatchEvent(new Event('resize'))"
/home/gabriel/Disk/Research/research-javascript-test-smells/repositories/bootstrap-vue-dev/src/mixins/listen-on-window.spec.js,Duplicate Assert,"{'line': 73, 'column': 4, 'index': 1796}","  71 |     expect(spyResize1).not.toHaveBeenCalled()
  72 |     expect(spyResize2).not.toHaveBeenCalled()
> 73 |     expect(spyScroll).toHaveBeenCalledTimes(1)
     |    ^ Duplicate Assert
  74 |
  75 |     window.dispatchEvent(new Event('resize'))
  76 |"
/home/gabriel/Disk/Research/research-javascript-test-smells/repositories/bootstrap-vue-dev/src/mixins/listen-on-window.spec.js,Duplicate Assert,"{'line': 77, 'column': 4, 'index': 1891}","  75 |     window.dispatchEvent(new Event('resize'))
  76 |
> 77 |     expect(spyResize1).toHaveBeenCalledTimes(1)
     |    ^ Duplicate Assert
  78 |     expect(spyResize2).toHaveBeenCalledTimes(1)
  79 |     expect(spyScroll).toHaveBeenCalledTimes(1)
  80 |"
/home/gabriel/Disk/Research/research-javascript-test-smells/repositories/bootstrap-vue-dev/src/mixins/listen-on-window.spec.js,Duplicate Assert,"{'line': 78, 'column': 4, 'index': 1939}","  76 |
  77 |     expect(spyResize1).toHaveBeenCalledTimes(1)
> 78 |     expect(spyResize2).toHaveBeenCalledTimes(1)
     |    ^ Duplicate Assert
  79 |     expect(spyScroll).toHaveBeenCalledTimes(1)
  80 |
  81 |     await wrapper.setProps({ offResizeOne: true })"
/home/gabriel/Disk/Research/research-javascript-test-smells/repositories/bootstrap-vue-dev/src/mixins/listen-on-window.spec.js,Duplicate Assert,"{'line': 79, 'column': 4, 'index': 1987}","  77 |     expect(spyResize1).toHaveBeenCalledTimes(1)
  78 |     expect(spyResize2).toHaveBeenCalledTimes(1)
> 79 |     expect(spyScroll).toHaveBeenCalledTimes(1)
     |    ^ Duplicate Assert
  80 |
  81 |     await wrapper.setProps({ offResizeOne: true })
  82 |"
/home/gabriel/Disk/Research/research-javascript-test-smells/repositories/bootstrap-vue-dev/src/mixins/listen-on-window.spec.js,Duplicate Assert,"{'line': 85, 'column': 4, 'index': 2134}","  83 |     window.dispatchEvent(new Event('resize'))
  84 |
> 85 |     expect(spyResize1).toHaveBeenCalledTimes(1)
     |    ^ Duplicate Assert
  86 |     expect(spyResize2).toHaveBeenCalledTimes(2)
  87 |     expect(spyScroll).toHaveBeenCalledTimes(1)
  88 |"
/home/gabriel/Disk/Research/research-javascript-test-smells/repositories/bootstrap-vue-dev/src/mixins/listen-on-window.spec.js,Duplicate Assert,"{'line': 86, 'column': 4, 'index': 2182}","  84 |
  85 |     expect(spyResize1).toHaveBeenCalledTimes(1)
> 86 |     expect(spyResize2).toHaveBeenCalledTimes(2)
     |    ^ Duplicate Assert
  87 |     expect(spyScroll).toHaveBeenCalledTimes(1)
  88 |
  89 |     window.dispatchEvent(new Event('scroll'))"
/home/gabriel/Disk/Research/research-javascript-test-smells/repositories/bootstrap-vue-dev/src/mixins/listen-on-window.spec.js,Duplicate Assert,"{'line': 87, 'column': 4, 'index': 2230}","  85 |     expect(spyResize1).toHaveBeenCalledTimes(1)
  86 |     expect(spyResize2).toHaveBeenCalledTimes(2)
> 87 |     expect(spyScroll).toHaveBeenCalledTimes(1)
     |    ^ Duplicate Assert
  88 |
  89 |     window.dispatchEvent(new Event('scroll'))
  90 |"
/home/gabriel/Disk/Research/research-javascript-test-smells/repositories/bootstrap-vue-dev/src/mixins/listen-on-window.spec.js,Duplicate Assert,"{'line': 91, 'column': 4, 'index': 2325}","  89 |     window.dispatchEvent(new Event('scroll'))
  90 |
> 91 |     expect(spyResize1).toHaveBeenCalledTimes(1)
     |    ^ Duplicate Assert
  92 |     expect(spyResize2).toHaveBeenCalledTimes(2)
  93 |     expect(spyScroll).toHaveBeenCalledTimes(2)
  94 |"
/home/gabriel/Disk/Research/research-javascript-test-smells/repositories/bootstrap-vue-dev/src/mixins/listen-on-window.spec.js,Duplicate Assert,"{'line': 92, 'column': 4, 'index': 2373}","  90 |
  91 |     expect(spyResize1).toHaveBeenCalledTimes(1)
> 92 |     expect(spyResize2).toHaveBeenCalledTimes(2)
     |    ^ Duplicate Assert
  93 |     expect(spyScroll).toHaveBeenCalledTimes(2)
  94 |
  95 |     await wrapper.setProps({ destroy: true })"
/home/gabriel/Disk/Research/research-javascript-test-smells/repositories/bootstrap-vue-dev/src/mixins/listen-on-window.spec.js,Duplicate Assert,"{'line': 93, 'column': 4, 'index': 2421}","  91 |     expect(spyResize1).toHaveBeenCalledTimes(1)
  92 |     expect(spyResize2).toHaveBeenCalledTimes(2)
> 93 |     expect(spyScroll).toHaveBeenCalledTimes(2)
     |    ^ Duplicate Assert
  94 |
  95 |     await wrapper.setProps({ destroy: true })
  96 |"
/home/gabriel/Disk/Research/research-javascript-test-smells/repositories/bootstrap-vue-dev/src/mixins/listen-on-window.spec.js,Duplicate Assert,"{'line': 97, 'column': 4, 'index': 2516}","   95 |     await wrapper.setProps({ destroy: true })
   96 |
>  97 |     expect(spyResize1).toHaveBeenCalledTimes(1)
      |    ^ Duplicate Assert
   98 |     expect(spyResize2).toHaveBeenCalledTimes(2)
   99 |     expect(spyScroll).toHaveBeenCalledTimes(2)
  100 |"
/home/gabriel/Disk/Research/research-javascript-test-smells/repositories/bootstrap-vue-dev/src/mixins/listen-on-window.spec.js,Duplicate Assert,"{'line': 98, 'column': 4, 'index': 2564}","   96 |
   97 |     expect(spyResize1).toHaveBeenCalledTimes(1)
>  98 |     expect(spyResize2).toHaveBeenCalledTimes(2)
      |    ^ Duplicate Assert
   99 |     expect(spyScroll).toHaveBeenCalledTimes(2)
  100 |
  101 |     window.dispatchEvent(new Event('scroll'))"
/home/gabriel/Disk/Research/research-javascript-test-smells/repositories/bootstrap-vue-dev/src/mixins/listen-on-window.spec.js,Duplicate Assert,"{'line': 99, 'column': 4, 'index': 2612}","   97 |     expect(spyResize1).toHaveBeenCalledTimes(1)
   98 |     expect(spyResize2).toHaveBeenCalledTimes(2)
>  99 |     expect(spyScroll).toHaveBeenCalledTimes(2)
      |    ^ Duplicate Assert
  100 |
  101 |     window.dispatchEvent(new Event('scroll'))
  102 |"
/home/gabriel/Disk/Research/research-javascript-test-smells/repositories/bootstrap-vue-dev/src/mixins/listen-on-window.spec.js,Duplicate Assert,"{'line': 103, 'column': 4, 'index': 2707}","  101 |     window.dispatchEvent(new Event('scroll'))
  102 |
> 103 |     expect(spyResize1).toHaveBeenCalledTimes(1)
      |    ^ Duplicate Assert
  104 |     expect(spyResize2).toHaveBeenCalledTimes(2)
  105 |     expect(spyScroll).toHaveBeenCalledTimes(2)
  106 |"
/home/gabriel/Disk/Research/research-javascript-test-smells/repositories/bootstrap-vue-dev/src/mixins/listen-on-window.spec.js,Duplicate Assert,"{'line': 104, 'column': 4, 'index': 2755}","  102 |
  103 |     expect(spyResize1).toHaveBeenCalledTimes(1)
> 104 |     expect(spyResize2).toHaveBeenCalledTimes(2)
      |    ^ Duplicate Assert
  105 |     expect(spyScroll).toHaveBeenCalledTimes(2)
  106 |
  107 |     window.dispatchEvent(new Event('resize'))"
/home/gabriel/Disk/Research/research-javascript-test-smells/repositories/bootstrap-vue-dev/src/mixins/listen-on-window.spec.js,Duplicate Assert,"{'line': 105, 'column': 4, 'index': 2803}","  103 |     expect(spyResize1).toHaveBeenCalledTimes(1)
  104 |     expect(spyResize2).toHaveBeenCalledTimes(2)
> 105 |     expect(spyScroll).toHaveBeenCalledTimes(2)
      |    ^ Duplicate Assert
  106 |
  107 |     window.dispatchEvent(new Event('resize'))
  108 |"
/home/gabriel/Disk/Research/research-javascript-test-smells/repositories/bootstrap-vue-dev/src/mixins/listen-on-window.spec.js,Duplicate Assert,"{'line': 109, 'column': 4, 'index': 2898}","  107 |     window.dispatchEvent(new Event('resize'))
  108 |
> 109 |     expect(spyResize1).toHaveBeenCalledTimes(1)
      |    ^ Duplicate Assert
  110 |     expect(spyResize2).toHaveBeenCalledTimes(2)
  111 |     expect(spyScroll).toHaveBeenCalledTimes(2)
  112 |"
/home/gabriel/Disk/Research/research-javascript-test-smells/repositories/bootstrap-vue-dev/src/mixins/listen-on-window.spec.js,Duplicate Assert,"{'line': 110, 'column': 4, 'index': 2946}","  108 |
  109 |     expect(spyResize1).toHaveBeenCalledTimes(1)
> 110 |     expect(spyResize2).toHaveBeenCalledTimes(2)
      |    ^ Duplicate Assert
  111 |     expect(spyScroll).toHaveBeenCalledTimes(2)
  112 |
  113 |     wrapper.destroy()"
/home/gabriel/Disk/Research/research-javascript-test-smells/repositories/bootstrap-vue-dev/src/mixins/listen-on-window.spec.js,Duplicate Assert,"{'line': 111, 'column': 4, 'index': 2994}","  109 |     expect(spyResize1).toHaveBeenCalledTimes(1)
  110 |     expect(spyResize2).toHaveBeenCalledTimes(2)
> 111 |     expect(spyScroll).toHaveBeenCalledTimes(2)
      |    ^ Duplicate Assert
  112 |
  113 |     wrapper.destroy()
  114 |   })"
/home/gabriel/Disk/Research/research-javascript-test-smells/repositories/bootstrap-vue-dev/src/mixins/listen-on-root.spec.js,Duplicate Assert,"{'line': 42, 'column': 4, 'index': 947}","  40 |     expect(wrapper.text()).toEqual('test-component')
  41 |
> 42 |     expect(spyOn).not.toHaveBeenCalled()
     |    ^ Duplicate Assert
  43 |     expect(spyOnce).not.toHaveBeenCalled()
  44 |
  45 |     const $root = wrapper.vm.$root"
/home/gabriel/Disk/Research/research-javascript-test-smells/repositories/bootstrap-vue-dev/src/mixins/listen-on-root.spec.js,Duplicate Assert,"{'line': 43, 'column': 4, 'index': 988}","  41 |
  42 |     expect(spyOn).not.toHaveBeenCalled()
> 43 |     expect(spyOnce).not.toHaveBeenCalled()
     |    ^ Duplicate Assert
  44 |
  45 |     const $root = wrapper.vm.$root
  46 |"
/home/gabriel/Disk/Research/research-javascript-test-smells/repositories/bootstrap-vue-dev/src/mixins/listen-on-root.spec.js,Duplicate Assert,"{'line': 43, 'column': 4, 'index': 988}","  41 |
  42 |     expect(spyOn).not.toHaveBeenCalled()
> 43 |     expect(spyOnce).not.toHaveBeenCalled()
     |    ^ Duplicate Assert
  44 |
  45 |     const $root = wrapper.vm.$root
  46 |"
/home/gabriel/Disk/Research/research-javascript-test-smells/repositories/bootstrap-vue-dev/src/mixins/listen-on-root.spec.js,Duplicate Assert,"{'line': 48, 'column': 4, 'index': 1095}","  46 |
  47 |     $root.$emit('root-on')
> 48 |     expect(spyOn).toHaveBeenCalledTimes(1)
     |    ^ Duplicate Assert
  49 |     expect(spyOnce).not.toHaveBeenCalled()
  50 |
  51 |     $root.$emit('root-once')"
/home/gabriel/Disk/Research/research-javascript-test-smells/repositories/bootstrap-vue-dev/src/mixins/listen-on-root.spec.js,Duplicate Assert,"{'line': 49, 'column': 4, 'index': 1138}","  47 |     $root.$emit('root-on')
  48 |     expect(spyOn).toHaveBeenCalledTimes(1)
> 49 |     expect(spyOnce).not.toHaveBeenCalled()
     |    ^ Duplicate Assert
  50 |
  51 |     $root.$emit('root-once')
  52 |     expect(spyOn).toHaveBeenCalledTimes(1)"
/home/gabriel/Disk/Research/research-javascript-test-smells/repositories/bootstrap-vue-dev/src/mixins/listen-on-root.spec.js,Duplicate Assert,"{'line': 49, 'column': 4, 'index': 1138}","  47 |     $root.$emit('root-on')
  48 |     expect(spyOn).toHaveBeenCalledTimes(1)
> 49 |     expect(spyOnce).not.toHaveBeenCalled()
     |    ^ Duplicate Assert
  50 |
  51 |     $root.$emit('root-once')
  52 |     expect(spyOn).toHaveBeenCalledTimes(1)"
/home/gabriel/Disk/Research/research-javascript-test-smells/repositories/bootstrap-vue-dev/src/mixins/listen-on-root.spec.js,Duplicate Assert,"{'line': 52, 'column': 4, 'index': 1211}","  50 |
  51 |     $root.$emit('root-once')
> 52 |     expect(spyOn).toHaveBeenCalledTimes(1)
     |    ^ Duplicate Assert
  53 |     expect(spyOnce).toHaveBeenCalledTimes(1)
  54 |
  55 |     $root.$emit('root-on')"
/home/gabriel/Disk/Research/research-javascript-test-smells/repositories/bootstrap-vue-dev/src/mixins/listen-on-root.spec.js,Duplicate Assert,"{'line': 53, 'column': 4, 'index': 1254}","  51 |     $root.$emit('root-once')
  52 |     expect(spyOn).toHaveBeenCalledTimes(1)
> 53 |     expect(spyOnce).toHaveBeenCalledTimes(1)
     |    ^ Duplicate Assert
  54 |
  55 |     $root.$emit('root-on')
  56 |     expect(spyOn).toHaveBeenCalledTimes(2)"
/home/gabriel/Disk/Research/research-javascript-test-smells/repositories/bootstrap-vue-dev/src/mixins/listen-on-root.spec.js,Duplicate Assert,"{'line': 56, 'column': 4, 'index': 1327}","  54 |
  55 |     $root.$emit('root-on')
> 56 |     expect(spyOn).toHaveBeenCalledTimes(2)
     |    ^ Duplicate Assert
  57 |     expect(spyOnce).toHaveBeenCalledTimes(1)
  58 |
  59 |     $root.$emit('root-once')"
/home/gabriel/Disk/Research/research-javascript-test-smells/repositories/bootstrap-vue-dev/src/mixins/listen-on-root.spec.js,Duplicate Assert,"{'line': 57, 'column': 4, 'index': 1370}","  55 |     $root.$emit('root-on')
  56 |     expect(spyOn).toHaveBeenCalledTimes(2)
> 57 |     expect(spyOnce).toHaveBeenCalledTimes(1)
     |    ^ Duplicate Assert
  58 |
  59 |     $root.$emit('root-once')
  60 |     expect(spyOn).toHaveBeenCalledTimes(2)"
/home/gabriel/Disk/Research/research-javascript-test-smells/repositories/bootstrap-vue-dev/src/mixins/listen-on-root.spec.js,Duplicate Assert,"{'line': 60, 'column': 4, 'index': 1445}","  58 |
  59 |     $root.$emit('root-once')
> 60 |     expect(spyOn).toHaveBeenCalledTimes(2)
     |    ^ Duplicate Assert
  61 |     expect(spyOnce).toHaveBeenCalledTimes(1)
  62 |
  63 |     await wrapper.setProps({ destroy: true })"
/home/gabriel/Disk/Research/research-javascript-test-smells/repositories/bootstrap-vue-dev/src/mixins/listen-on-root.spec.js,Duplicate Assert,"{'line': 61, 'column': 4, 'index': 1488}","  59 |     $root.$emit('root-once')
  60 |     expect(spyOn).toHaveBeenCalledTimes(2)
> 61 |     expect(spyOnce).toHaveBeenCalledTimes(1)
     |    ^ Duplicate Assert
  62 |
  63 |     await wrapper.setProps({ destroy: true })
  64 |     expect(spyOn).toHaveBeenCalledTimes(2)"
/home/gabriel/Disk/Research/research-javascript-test-smells/repositories/bootstrap-vue-dev/src/mixins/listen-on-root.spec.js,Duplicate Assert,"{'line': 64, 'column': 4, 'index': 1580}","  62 |
  63 |     await wrapper.setProps({ destroy: true })
> 64 |     expect(spyOn).toHaveBeenCalledTimes(2)
     |    ^ Duplicate Assert
  65 |     expect(spyOnce).toHaveBeenCalledTimes(1)
  66 |
  67 |     $root.$emit('root-on')"
/home/gabriel/Disk/Research/research-javascript-test-smells/repositories/bootstrap-vue-dev/src/mixins/listen-on-root.spec.js,Duplicate Assert,"{'line': 65, 'column': 4, 'index': 1623}","  63 |     await wrapper.setProps({ destroy: true })
  64 |     expect(spyOn).toHaveBeenCalledTimes(2)
> 65 |     expect(spyOnce).toHaveBeenCalledTimes(1)
     |    ^ Duplicate Assert
  66 |
  67 |     $root.$emit('root-on')
  68 |     expect(spyOn).toHaveBeenCalledTimes(2)"
/home/gabriel/Disk/Research/research-javascript-test-smells/repositories/bootstrap-vue-dev/src/mixins/listen-on-root.spec.js,Duplicate Assert,"{'line': 68, 'column': 4, 'index': 1696}","  66 |
  67 |     $root.$emit('root-on')
> 68 |     expect(spyOn).toHaveBeenCalledTimes(2)
     |    ^ Duplicate Assert
  69 |     expect(spyOnce).toHaveBeenCalledTimes(1)
  70 |
  71 |     $root.$emit('root-once')"
/home/gabriel/Disk/Research/research-javascript-test-smells/repositories/bootstrap-vue-dev/src/mixins/listen-on-root.spec.js,Duplicate Assert,"{'line': 69, 'column': 4, 'index': 1739}","  67 |     $root.$emit('root-on')
  68 |     expect(spyOn).toHaveBeenCalledTimes(2)
> 69 |     expect(spyOnce).toHaveBeenCalledTimes(1)
     |    ^ Duplicate Assert
  70 |
  71 |     $root.$emit('root-once')
  72 |     expect(spyOn).toHaveBeenCalledTimes(2)"
/home/gabriel/Disk/Research/research-javascript-test-smells/repositories/bootstrap-vue-dev/src/mixins/listen-on-root.spec.js,Duplicate Assert,"{'line': 72, 'column': 4, 'index': 1814}","  70 |
  71 |     $root.$emit('root-once')
> 72 |     expect(spyOn).toHaveBeenCalledTimes(2)
     |    ^ Duplicate Assert
  73 |     expect(spyOnce).toHaveBeenCalledTimes(1)
  74 |
  75 |     wrapper.destroy()"
/home/gabriel/Disk/Research/research-javascript-test-smells/repositories/bootstrap-vue-dev/src/mixins/listen-on-root.spec.js,Duplicate Assert,"{'line': 73, 'column': 4, 'index': 1857}","  71 |     $root.$emit('root-once')
  72 |     expect(spyOn).toHaveBeenCalledTimes(2)
> 73 |     expect(spyOnce).toHaveBeenCalledTimes(1)
     |    ^ Duplicate Assert
  74 |
  75 |     wrapper.destroy()
  76 |   })"
/home/gabriel/Disk/Research/research-javascript-test-smells/repositories/bootstrap-vue-dev/src/mixins/listen-on-document.spec.js,Conditional Test Logic,"{'line': 25, 'column': 10, 'index': 685}","  23 |       watch: {
  24 |         offClickOne(newValue) {
> 25 |           if (newValue) {
     |          ^ Conditional Test Logic
  26 |             this.listenOffDocument('click', spyClick1)
  27 |           }
  28 |         }"
/home/gabriel/Disk/Research/research-javascript-test-smells/repositories/bootstrap-vue-dev/src/mixins/listen-on-document.spec.js,Duplicate Assert,"{'line': 69, 'column': 4, 'index': 1610}","  67 |     expect(wrapper.text()).toEqual('test-component')
  68 |
> 69 |     expect(spyClick1).not.toHaveBeenCalled()
     |    ^ Duplicate Assert
  70 |     expect(spyClick2).not.toHaveBeenCalled()
  71 |     expect(spyFocusin).not.toHaveBeenCalled()
  72 |"
/home/gabriel/Disk/Research/research-javascript-test-smells/repositories/bootstrap-vue-dev/src/mixins/listen-on-document.spec.js,Duplicate Assert,"{'line': 69, 'column': 4, 'index': 1610}","  67 |     expect(wrapper.text()).toEqual('test-component')
  68 |
> 69 |     expect(spyClick1).not.toHaveBeenCalled()
     |    ^ Duplicate Assert
  70 |     expect(spyClick2).not.toHaveBeenCalled()
  71 |     expect(spyFocusin).not.toHaveBeenCalled()
  72 |"
/home/gabriel/Disk/Research/research-javascript-test-smells/repositories/bootstrap-vue-dev/src/mixins/listen-on-document.spec.js,Duplicate Assert,"{'line': 70, 'column': 4, 'index': 1655}","  68 |
  69 |     expect(spyClick1).not.toHaveBeenCalled()
> 70 |     expect(spyClick2).not.toHaveBeenCalled()
     |    ^ Duplicate Assert
  71 |     expect(spyFocusin).not.toHaveBeenCalled()
  72 |
  73 |     const $span = wrapper.find('span')"
/home/gabriel/Disk/Research/research-javascript-test-smells/repositories/bootstrap-vue-dev/src/mixins/listen-on-document.spec.js,Duplicate Assert,"{'line': 70, 'column': 4, 'index': 1655}","  68 |
  69 |     expect(spyClick1).not.toHaveBeenCalled()
> 70 |     expect(spyClick2).not.toHaveBeenCalled()
     |    ^ Duplicate Assert
  71 |     expect(spyFocusin).not.toHaveBeenCalled()
  72 |
  73 |     const $span = wrapper.find('span')"
/home/gabriel/Disk/Research/research-javascript-test-smells/repositories/bootstrap-vue-dev/src/mixins/listen-on-document.spec.js,Duplicate Assert,"{'line': 71, 'column': 4, 'index': 1700}","  69 |     expect(spyClick1).not.toHaveBeenCalled()
  70 |     expect(spyClick2).not.toHaveBeenCalled()
> 71 |     expect(spyFocusin).not.toHaveBeenCalled()
     |    ^ Duplicate Assert
  72 |
  73 |     const $span = wrapper.find('span')
  74 |     expect($span.exists()).toBe(true)"
/home/gabriel/Disk/Research/research-javascript-test-smells/repositories/bootstrap-vue-dev/src/mixins/listen-on-document.spec.js,Duplicate Assert,"{'line': 80, 'column': 4, 'index': 1942}","  78 |
  79 |     await $input.trigger('focusin')
> 80 |     expect(spyClick1).not.toHaveBeenCalled()
     |    ^ Duplicate Assert
  81 |     expect(spyClick2).not.toHaveBeenCalled()
  82 |     expect(spyFocusin).toHaveBeenCalledTimes(1)
  83 |"
/home/gabriel/Disk/Research/research-javascript-test-smells/repositories/bootstrap-vue-dev/src/mixins/listen-on-document.spec.js,Duplicate Assert,"{'line': 80, 'column': 4, 'index': 1942}","  78 |
  79 |     await $input.trigger('focusin')
> 80 |     expect(spyClick1).not.toHaveBeenCalled()
     |    ^ Duplicate Assert
  81 |     expect(spyClick2).not.toHaveBeenCalled()
  82 |     expect(spyFocusin).toHaveBeenCalledTimes(1)
  83 |"
/home/gabriel/Disk/Research/research-javascript-test-smells/repositories/bootstrap-vue-dev/src/mixins/listen-on-document.spec.js,Duplicate Assert,"{'line': 81, 'column': 4, 'index': 1987}","  79 |     await $input.trigger('focusin')
  80 |     expect(spyClick1).not.toHaveBeenCalled()
> 81 |     expect(spyClick2).not.toHaveBeenCalled()
     |    ^ Duplicate Assert
  82 |     expect(spyFocusin).toHaveBeenCalledTimes(1)
  83 |
  84 |     await $span.trigger('click')"
/home/gabriel/Disk/Research/research-javascript-test-smells/repositories/bootstrap-vue-dev/src/mixins/listen-on-document.spec.js,Duplicate Assert,"{'line': 81, 'column': 4, 'index': 1987}","  79 |     await $input.trigger('focusin')
  80 |     expect(spyClick1).not.toHaveBeenCalled()
> 81 |     expect(spyClick2).not.toHaveBeenCalled()
     |    ^ Duplicate Assert
  82 |     expect(spyFocusin).toHaveBeenCalledTimes(1)
  83 |
  84 |     await $span.trigger('click')"
/home/gabriel/Disk/Research/research-javascript-test-smells/repositories/bootstrap-vue-dev/src/mixins/listen-on-document.spec.js,Duplicate Assert,"{'line': 82, 'column': 4, 'index': 2032}","  80 |     expect(spyClick1).not.toHaveBeenCalled()
  81 |     expect(spyClick2).not.toHaveBeenCalled()
> 82 |     expect(spyFocusin).toHaveBeenCalledTimes(1)
     |    ^ Duplicate Assert
  83 |
  84 |     await $span.trigger('click')
  85 |     expect(spyClick1).toHaveBeenCalledTimes(1)"
/home/gabriel/Disk/Research/research-javascript-test-smells/repositories/bootstrap-vue-dev/src/mixins/listen-on-document.spec.js,Duplicate Assert,"{'line': 85, 'column': 4, 'index': 2114}","  83 |
  84 |     await $span.trigger('click')
> 85 |     expect(spyClick1).toHaveBeenCalledTimes(1)
     |    ^ Duplicate Assert
  86 |     expect(spyClick2).toHaveBeenCalledTimes(1)
  87 |     expect(spyFocusin).toHaveBeenCalledTimes(1)
  88 |"
/home/gabriel/Disk/Research/research-javascript-test-smells/repositories/bootstrap-vue-dev/src/mixins/listen-on-document.spec.js,Duplicate Assert,"{'line': 86, 'column': 4, 'index': 2161}","  84 |     await $span.trigger('click')
  85 |     expect(spyClick1).toHaveBeenCalledTimes(1)
> 86 |     expect(spyClick2).toHaveBeenCalledTimes(1)
     |    ^ Duplicate Assert
  87 |     expect(spyFocusin).toHaveBeenCalledTimes(1)
  88 |
  89 |     await wrapper.setProps({ offClickOne: true })"
/home/gabriel/Disk/Research/research-javascript-test-smells/repositories/bootstrap-vue-dev/src/mixins/listen-on-document.spec.js,Duplicate Assert,"{'line': 87, 'column': 4, 'index': 2208}","  85 |     expect(spyClick1).toHaveBeenCalledTimes(1)
  86 |     expect(spyClick2).toHaveBeenCalledTimes(1)
> 87 |     expect(spyFocusin).toHaveBeenCalledTimes(1)
     |    ^ Duplicate Assert
  88 |
  89 |     await wrapper.setProps({ offClickOne: true })
  90 |     await $span.trigger('click')"
/home/gabriel/Disk/Research/research-javascript-test-smells/repositories/bootstrap-vue-dev/src/mixins/listen-on-document.spec.js,Duplicate Assert,"{'line': 91, 'column': 4, 'index': 2340}","  89 |     await wrapper.setProps({ offClickOne: true })
  90 |     await $span.trigger('click')
> 91 |     expect(spyClick1).toHaveBeenCalledTimes(1)
     |    ^ Duplicate Assert
  92 |     expect(spyClick2).toHaveBeenCalledTimes(2)
  93 |     expect(spyFocusin).toHaveBeenCalledTimes(1)
  94 |"
/home/gabriel/Disk/Research/research-javascript-test-smells/repositories/bootstrap-vue-dev/src/mixins/listen-on-document.spec.js,Duplicate Assert,"{'line': 92, 'column': 4, 'index': 2387}","  90 |     await $span.trigger('click')
  91 |     expect(spyClick1).toHaveBeenCalledTimes(1)
> 92 |     expect(spyClick2).toHaveBeenCalledTimes(2)
     |    ^ Duplicate Assert
  93 |     expect(spyFocusin).toHaveBeenCalledTimes(1)
  94 |
  95 |     await $input.trigger('focusin')"
/home/gabriel/Disk/Research/research-javascript-test-smells/repositories/bootstrap-vue-dev/src/mixins/listen-on-document.spec.js,Duplicate Assert,"{'line': 93, 'column': 4, 'index': 2434}","  91 |     expect(spyClick1).toHaveBeenCalledTimes(1)
  92 |     expect(spyClick2).toHaveBeenCalledTimes(2)
> 93 |     expect(spyFocusin).toHaveBeenCalledTimes(1)
     |    ^ Duplicate Assert
  94 |
  95 |     await $input.trigger('focusin')
  96 |     expect(spyClick1).toHaveBeenCalledTimes(1)"
/home/gabriel/Disk/Research/research-javascript-test-smells/repositories/bootstrap-vue-dev/src/mixins/listen-on-document.spec.js,Duplicate Assert,"{'line': 96, 'column': 4, 'index': 2519}","  94 |
  95 |     await $input.trigger('focusin')
> 96 |     expect(spyClick1).toHaveBeenCalledTimes(1)
     |    ^ Duplicate Assert
  97 |     expect(spyClick2).toHaveBeenCalledTimes(2)
  98 |     expect(spyFocusin).toHaveBeenCalledTimes(2)
  99 |"
/home/gabriel/Disk/Research/research-javascript-test-smells/repositories/bootstrap-vue-dev/src/mixins/listen-on-document.spec.js,Duplicate Assert,"{'line': 97, 'column': 4, 'index': 2566}","   95 |     await $input.trigger('focusin')
   96 |     expect(spyClick1).toHaveBeenCalledTimes(1)
>  97 |     expect(spyClick2).toHaveBeenCalledTimes(2)
      |    ^ Duplicate Assert
   98 |     expect(spyFocusin).toHaveBeenCalledTimes(2)
   99 |
  100 |     await wrapper.setProps({ destroy: true })"
/home/gabriel/Disk/Research/research-javascript-test-smells/repositories/bootstrap-vue-dev/src/mixins/listen-on-document.spec.js,Duplicate Assert,"{'line': 98, 'column': 4, 'index': 2613}","   96 |     expect(spyClick1).toHaveBeenCalledTimes(1)
   97 |     expect(spyClick2).toHaveBeenCalledTimes(2)
>  98 |     expect(spyFocusin).toHaveBeenCalledTimes(2)
      |    ^ Duplicate Assert
   99 |
  100 |     await wrapper.setProps({ destroy: true })
  101 |     expect(spyClick1).toHaveBeenCalledTimes(1)"
/home/gabriel/Disk/Research/research-javascript-test-smells/repositories/bootstrap-vue-dev/src/mixins/listen-on-document.spec.js,Duplicate Assert,"{'line': 101, 'column': 4, 'index': 2708}","   99 |
  100 |     await wrapper.setProps({ destroy: true })
> 101 |     expect(spyClick1).toHaveBeenCalledTimes(1)
      |    ^ Duplicate Assert
  102 |     expect(spyClick2).toHaveBeenCalledTimes(2)
  103 |     expect(spyFocusin).toHaveBeenCalledTimes(2)
  104 |"
/home/gabriel/Disk/Research/research-javascript-test-smells/repositories/bootstrap-vue-dev/src/mixins/listen-on-document.spec.js,Duplicate Assert,"{'line': 102, 'column': 4, 'index': 2755}","  100 |     await wrapper.setProps({ destroy: true })
  101 |     expect(spyClick1).toHaveBeenCalledTimes(1)
> 102 |     expect(spyClick2).toHaveBeenCalledTimes(2)
      |    ^ Duplicate Assert
  103 |     expect(spyFocusin).toHaveBeenCalledTimes(2)
  104 |
  105 |     await $input.trigger('focusin')"
/home/gabriel/Disk/Research/research-javascript-test-smells/repositories/bootstrap-vue-dev/src/mixins/listen-on-document.spec.js,Duplicate Assert,"{'line': 103, 'column': 4, 'index': 2802}","  101 |     expect(spyClick1).toHaveBeenCalledTimes(1)
  102 |     expect(spyClick2).toHaveBeenCalledTimes(2)
> 103 |     expect(spyFocusin).toHaveBeenCalledTimes(2)
      |    ^ Duplicate Assert
  104 |
  105 |     await $input.trigger('focusin')
  106 |     expect(spyClick1).toHaveBeenCalledTimes(1)"
/home/gabriel/Disk/Research/research-javascript-test-smells/repositories/bootstrap-vue-dev/src/mixins/listen-on-document.spec.js,Duplicate Assert,"{'line': 106, 'column': 4, 'index': 2887}","  104 |
  105 |     await $input.trigger('focusin')
> 106 |     expect(spyClick1).toHaveBeenCalledTimes(1)
      |    ^ Duplicate Assert
  107 |     expect(spyClick2).toHaveBeenCalledTimes(2)
  108 |     expect(spyFocusin).toHaveBeenCalledTimes(2)
  109 |"
/home/gabriel/Disk/Research/research-javascript-test-smells/repositories/bootstrap-vue-dev/src/mixins/listen-on-document.spec.js,Duplicate Assert,"{'line': 107, 'column': 4, 'index': 2934}","  105 |     await $input.trigger('focusin')
  106 |     expect(spyClick1).toHaveBeenCalledTimes(1)
> 107 |     expect(spyClick2).toHaveBeenCalledTimes(2)
      |    ^ Duplicate Assert
  108 |     expect(spyFocusin).toHaveBeenCalledTimes(2)
  109 |
  110 |     await $span.trigger('click')"
/home/gabriel/Disk/Research/research-javascript-test-smells/repositories/bootstrap-vue-dev/src/mixins/listen-on-document.spec.js,Duplicate Assert,"{'line': 108, 'column': 4, 'index': 2981}","  106 |     expect(spyClick1).toHaveBeenCalledTimes(1)
  107 |     expect(spyClick2).toHaveBeenCalledTimes(2)
> 108 |     expect(spyFocusin).toHaveBeenCalledTimes(2)
      |    ^ Duplicate Assert
  109 |
  110 |     await $span.trigger('click')
  111 |     expect(spyClick1).toHaveBeenCalledTimes(1)"
/home/gabriel/Disk/Research/research-javascript-test-smells/repositories/bootstrap-vue-dev/src/mixins/listen-on-document.spec.js,Duplicate Assert,"{'line': 111, 'column': 4, 'index': 3063}","  109 |
  110 |     await $span.trigger('click')
> 111 |     expect(spyClick1).toHaveBeenCalledTimes(1)
      |    ^ Duplicate Assert
  112 |     expect(spyClick2).toHaveBeenCalledTimes(2)
  113 |     expect(spyFocusin).toHaveBeenCalledTimes(2)
  114 |"
/home/gabriel/Disk/Research/research-javascript-test-smells/repositories/bootstrap-vue-dev/src/mixins/listen-on-document.spec.js,Duplicate Assert,"{'line': 112, 'column': 4, 'index': 3110}","  110 |     await $span.trigger('click')
  111 |     expect(spyClick1).toHaveBeenCalledTimes(1)
> 112 |     expect(spyClick2).toHaveBeenCalledTimes(2)
      |    ^ Duplicate Assert
  113 |     expect(spyFocusin).toHaveBeenCalledTimes(2)
  114 |
  115 |     wrapper.destroy()"
/home/gabriel/Disk/Research/research-javascript-test-smells/repositories/bootstrap-vue-dev/src/mixins/listen-on-document.spec.js,Duplicate Assert,"{'line': 113, 'column': 4, 'index': 3157}","  111 |     expect(spyClick1).toHaveBeenCalledTimes(1)
  112 |     expect(spyClick2).toHaveBeenCalledTimes(2)
> 113 |     expect(spyFocusin).toHaveBeenCalledTimes(2)
      |    ^ Duplicate Assert
  114 |
  115 |     wrapper.destroy()
  116 |   })"
/home/gabriel/Disk/Research/research-javascript-test-smells/repositories/bootstrap-vue-dev/src/mixins/focus-in.spec.js,Duplicate Assert,"{'line': 31, 'column': 4, 'index': 691}","  29 |
  30 |     expect(wrapper).toBeDefined()
> 31 |     expect(count).toBe(0)
     |    ^ Duplicate Assert
  32 |     expect(wrapper.vm.listenForFocusIn).toBe(true)
  33 |
  34 |     // When this.listenForFocusIn is true"
/home/gabriel/Disk/Research/research-javascript-test-smells/repositories/bootstrap-vue-dev/src/mixins/focus-in.spec.js,Duplicate Assert,"{'line': 31, 'column': 4, 'index': 691}","  29 |
  30 |     expect(wrapper).toBeDefined()
> 31 |     expect(count).toBe(0)
     |    ^ Duplicate Assert
  32 |     expect(wrapper.vm.listenForFocusIn).toBe(true)
  33 |
  34 |     // When this.listenForFocusIn is true"
/home/gabriel/Disk/Research/research-javascript-test-smells/repositories/bootstrap-vue-dev/src/mixins/focus-in.spec.js,Duplicate Assert,"{'line': 35, 'column': 4, 'index': 811}","  33 |
  34 |     // When this.listenForFocusIn is true
> 35 |     expect(count).toBe(0)
     |    ^ Duplicate Assert
  36 |     await wrapper.find('button').trigger('focusin')
  37 |     expect(count).toBe(1)
  38 |     document.dispatchEvent(focusinEvent)"
/home/gabriel/Disk/Research/research-javascript-test-smells/repositories/bootstrap-vue-dev/src/mixins/focus-in.spec.js,Duplicate Assert,"{'line': 35, 'column': 4, 'index': 811}","  33 |
  34 |     // When this.listenForFocusIn is true
> 35 |     expect(count).toBe(0)
     |    ^ Duplicate Assert
  36 |     await wrapper.find('button').trigger('focusin')
  37 |     expect(count).toBe(1)
  38 |     document.dispatchEvent(focusinEvent)"
/home/gabriel/Disk/Research/research-javascript-test-smells/repositories/bootstrap-vue-dev/src/mixins/focus-in.spec.js,Duplicate Assert,"{'line': 37, 'column': 4, 'index': 889}","  35 |     expect(count).toBe(0)
  36 |     await wrapper.find('button').trigger('focusin')
> 37 |     expect(count).toBe(1)
     |    ^ Duplicate Assert
  38 |     document.dispatchEvent(focusinEvent)
  39 |     await waitNT(wrapper.vm)
  40 |     expect(count).toBe(2)"
/home/gabriel/Disk/Research/research-javascript-test-smells/repositories/bootstrap-vue-dev/src/mixins/focus-in.spec.js,Duplicate Assert,"{'line': 40, 'column': 4, 'index': 985}","  38 |     document.dispatchEvent(focusinEvent)
  39 |     await waitNT(wrapper.vm)
> 40 |     expect(count).toBe(2)
     |    ^ Duplicate Assert
  41 |
  42 |     // When this.listenForFocusIn is false
  43 |     await wrapper.setData({ listenForFocusIn: false })"
/home/gabriel/Disk/Research/research-javascript-test-smells/repositories/bootstrap-vue-dev/src/mixins/focus-in.spec.js,Duplicate Assert,"{'line': 40, 'column': 4, 'index': 985}","  38 |     document.dispatchEvent(focusinEvent)
  39 |     await waitNT(wrapper.vm)
> 40 |     expect(count).toBe(2)
     |    ^ Duplicate Assert
  41 |
  42 |     // When this.listenForFocusIn is false
  43 |     await wrapper.setData({ listenForFocusIn: false })"
/home/gabriel/Disk/Research/research-javascript-test-smells/repositories/bootstrap-vue-dev/src/mixins/focus-in.spec.js,Duplicate Assert,"{'line': 44, 'column': 4, 'index': 1110}","  42 |     // When this.listenForFocusIn is false
  43 |     await wrapper.setData({ listenForFocusIn: false })
> 44 |     expect(count).toBe(2)
     |    ^ Duplicate Assert
  45 |     await wrapper.find('button').trigger('focusin')
  46 |     expect(count).toBe(2)
  47 |     document.dispatchEvent(focusinEvent)"
/home/gabriel/Disk/Research/research-javascript-test-smells/repositories/bootstrap-vue-dev/src/mixins/focus-in.spec.js,Duplicate Assert,"{'line': 44, 'column': 4, 'index': 1110}","  42 |     // When this.listenForFocusIn is false
  43 |     await wrapper.setData({ listenForFocusIn: false })
> 44 |     expect(count).toBe(2)
     |    ^ Duplicate Assert
  45 |     await wrapper.find('button').trigger('focusin')
  46 |     expect(count).toBe(2)
  47 |     document.dispatchEvent(focusinEvent)"
/home/gabriel/Disk/Research/research-javascript-test-smells/repositories/bootstrap-vue-dev/src/mixins/focus-in.spec.js,Duplicate Assert,"{'line': 46, 'column': 4, 'index': 1188}","  44 |     expect(count).toBe(2)
  45 |     await wrapper.find('button').trigger('focusin')
> 46 |     expect(count).toBe(2)
     |    ^ Duplicate Assert
  47 |     document.dispatchEvent(focusinEvent)
  48 |     await waitNT(wrapper.vm)
  49 |     expect(count).toBe(2)"
/home/gabriel/Disk/Research/research-javascript-test-smells/repositories/bootstrap-vue-dev/src/mixins/focus-in.spec.js,Duplicate Assert,"{'line': 46, 'column': 4, 'index': 1188}","  44 |     expect(count).toBe(2)
  45 |     await wrapper.find('button').trigger('focusin')
> 46 |     expect(count).toBe(2)
     |    ^ Duplicate Assert
  47 |     document.dispatchEvent(focusinEvent)
  48 |     await waitNT(wrapper.vm)
  49 |     expect(count).toBe(2)"
/home/gabriel/Disk/Research/research-javascript-test-smells/repositories/bootstrap-vue-dev/src/mixins/focus-in.spec.js,Duplicate Assert,"{'line': 49, 'column': 4, 'index': 1284}","  47 |     document.dispatchEvent(focusinEvent)
  48 |     await waitNT(wrapper.vm)
> 49 |     expect(count).toBe(2)
     |    ^ Duplicate Assert
  50 |
  51 |     wrapper.destroy()
  52 |   })"
/home/gabriel/Disk/Research/research-javascript-test-smells/repositories/bootstrap-vue-dev/src/mixins/focus-in.spec.js,Duplicate Assert,"{'line': 49, 'column': 4, 'index': 1284}","  47 |     document.dispatchEvent(focusinEvent)
  48 |     await waitNT(wrapper.vm)
> 49 |     expect(count).toBe(2)
     |    ^ Duplicate Assert
  50 |
  51 |     wrapper.destroy()
  52 |   })"
/home/gabriel/Disk/Research/research-javascript-test-smells/repositories/bootstrap-vue-dev/src/mixins/focus-in.spec.js,Magic Number,"{'line': 31, 'column': 23, 'index': 710}","  29 |
  30 |     expect(wrapper).toBeDefined()
> 31 |     expect(count).toBe(0)
     |                       ^ Magic Number
  32 |     expect(wrapper.vm.listenForFocusIn).toBe(true)
  33 |
  34 |     // When this.listenForFocusIn is true"
/home/gabriel/Disk/Research/research-javascript-test-smells/repositories/bootstrap-vue-dev/src/mixins/focus-in.spec.js,Magic Number,"{'line': 35, 'column': 23, 'index': 830}","  33 |
  34 |     // When this.listenForFocusIn is true
> 35 |     expect(count).toBe(0)
     |                       ^ Magic Number
  36 |     await wrapper.find('button').trigger('focusin')
  37 |     expect(count).toBe(1)
  38 |     document.dispatchEvent(focusinEvent)"
/home/gabriel/Disk/Research/research-javascript-test-smells/repositories/bootstrap-vue-dev/src/mixins/focus-in.spec.js,Magic Number,"{'line': 37, 'column': 23, 'index': 908}","  35 |     expect(count).toBe(0)
  36 |     await wrapper.find('button').trigger('focusin')
> 37 |     expect(count).toBe(1)
     |                       ^ Magic Number
  38 |     document.dispatchEvent(focusinEvent)
  39 |     await waitNT(wrapper.vm)
  40 |     expect(count).toBe(2)"
/home/gabriel/Disk/Research/research-javascript-test-smells/repositories/bootstrap-vue-dev/src/mixins/focus-in.spec.js,Magic Number,"{'line': 40, 'column': 23, 'index': 1004}","  38 |     document.dispatchEvent(focusinEvent)
  39 |     await waitNT(wrapper.vm)
> 40 |     expect(count).toBe(2)
     |                       ^ Magic Number
  41 |
  42 |     // When this.listenForFocusIn is false
  43 |     await wrapper.setData({ listenForFocusIn: false })"
/home/gabriel/Disk/Research/research-javascript-test-smells/repositories/bootstrap-vue-dev/src/mixins/focus-in.spec.js,Magic Number,"{'line': 44, 'column': 23, 'index': 1129}","  42 |     // When this.listenForFocusIn is false
  43 |     await wrapper.setData({ listenForFocusIn: false })
> 44 |     expect(count).toBe(2)
     |                       ^ Magic Number
  45 |     await wrapper.find('button').trigger('focusin')
  46 |     expect(count).toBe(2)
  47 |     document.dispatchEvent(focusinEvent)"
/home/gabriel/Disk/Research/research-javascript-test-smells/repositories/bootstrap-vue-dev/src/mixins/focus-in.spec.js,Magic Number,"{'line': 46, 'column': 23, 'index': 1207}","  44 |     expect(count).toBe(2)
  45 |     await wrapper.find('button').trigger('focusin')
> 46 |     expect(count).toBe(2)
     |                       ^ Magic Number
  47 |     document.dispatchEvent(focusinEvent)
  48 |     await waitNT(wrapper.vm)
  49 |     expect(count).toBe(2)"
/home/gabriel/Disk/Research/research-javascript-test-smells/repositories/bootstrap-vue-dev/src/mixins/focus-in.spec.js,Magic Number,"{'line': 49, 'column': 23, 'index': 1303}","  47 |     document.dispatchEvent(focusinEvent)
  48 |     await waitNT(wrapper.vm)
> 49 |     expect(count).toBe(2)
     |                       ^ Magic Number
  50 |
  51 |     wrapper.destroy()
  52 |   })"
/home/gabriel/Disk/Research/research-javascript-test-smells/repositories/bootstrap-vue-dev/src/mixins/click-out.spec.js,Duplicate Assert,"{'line': 31, 'column': 4, 'index': 700}","  29 |
  30 |     expect(wrapper).toBeDefined()
> 31 |     expect(count).toBe(0)
     |    ^ Duplicate Assert
  32 |     expect(wrapper.vm.listenForClickOut).toBe(true)
  33 |
  34 |     // When `this.listenForClickOut` is `true`"
/home/gabriel/Disk/Research/research-javascript-test-smells/repositories/bootstrap-vue-dev/src/mixins/click-out.spec.js,Duplicate Assert,"{'line': 31, 'column': 4, 'index': 700}","  29 |
  30 |     expect(wrapper).toBeDefined()
> 31 |     expect(count).toBe(0)
     |    ^ Duplicate Assert
  32 |     expect(wrapper.vm.listenForClickOut).toBe(true)
  33 |
  34 |     // When `this.listenForClickOut` is `true`"
/home/gabriel/Disk/Research/research-javascript-test-smells/repositories/bootstrap-vue-dev/src/mixins/click-out.spec.js,Duplicate Assert,"{'line': 35, 'column': 4, 'index': 826}","  33 |
  34 |     // When `this.listenForClickOut` is `true`
> 35 |     expect(count).toBe(0)
     |    ^ Duplicate Assert
  36 |     await wrapper.find('button').trigger('click')
  37 |     expect(count).toBe(0)
  38 |     await wrapper.trigger('click')"
/home/gabriel/Disk/Research/research-javascript-test-smells/repositories/bootstrap-vue-dev/src/mixins/click-out.spec.js,Duplicate Assert,"{'line': 35, 'column': 4, 'index': 826}","  33 |
  34 |     // When `this.listenForClickOut` is `true`
> 35 |     expect(count).toBe(0)
     |    ^ Duplicate Assert
  36 |     await wrapper.find('button').trigger('click')
  37 |     expect(count).toBe(0)
  38 |     await wrapper.trigger('click')"
/home/gabriel/Disk/Research/research-javascript-test-smells/repositories/bootstrap-vue-dev/src/mixins/click-out.spec.js,Duplicate Assert,"{'line': 37, 'column': 4, 'index': 902}","  35 |     expect(count).toBe(0)
  36 |     await wrapper.find('button').trigger('click')
> 37 |     expect(count).toBe(0)
     |    ^ Duplicate Assert
  38 |     await wrapper.trigger('click')
  39 |     expect(count).toBe(0)
  40 |     document.dispatchEvent(clickEvent)"
/home/gabriel/Disk/Research/research-javascript-test-smells/repositories/bootstrap-vue-dev/src/mixins/click-out.spec.js,Duplicate Assert,"{'line': 37, 'column': 4, 'index': 902}","  35 |     expect(count).toBe(0)
  36 |     await wrapper.find('button').trigger('click')
> 37 |     expect(count).toBe(0)
     |    ^ Duplicate Assert
  38 |     await wrapper.trigger('click')
  39 |     expect(count).toBe(0)
  40 |     document.dispatchEvent(clickEvent)"
/home/gabriel/Disk/Research/research-javascript-test-smells/repositories/bootstrap-vue-dev/src/mixins/click-out.spec.js,Duplicate Assert,"{'line': 39, 'column': 4, 'index': 963}","  37 |     expect(count).toBe(0)
  38 |     await wrapper.trigger('click')
> 39 |     expect(count).toBe(0)
     |    ^ Duplicate Assert
  40 |     document.dispatchEvent(clickEvent)
  41 |     await waitNT(wrapper.vm)
  42 |     expect(count).toBe(1)"
/home/gabriel/Disk/Research/research-javascript-test-smells/repositories/bootstrap-vue-dev/src/mixins/click-out.spec.js,Duplicate Assert,"{'line': 39, 'column': 4, 'index': 963}","  37 |     expect(count).toBe(0)
  38 |     await wrapper.trigger('click')
> 39 |     expect(count).toBe(0)
     |    ^ Duplicate Assert
  40 |     document.dispatchEvent(clickEvent)
  41 |     await waitNT(wrapper.vm)
  42 |     expect(count).toBe(1)"
/home/gabriel/Disk/Research/research-javascript-test-smells/repositories/bootstrap-vue-dev/src/mixins/click-out.spec.js,Duplicate Assert,"{'line': 42, 'column': 4, 'index': 1057}","  40 |     document.dispatchEvent(clickEvent)
  41 |     await waitNT(wrapper.vm)
> 42 |     expect(count).toBe(1)
     |    ^ Duplicate Assert
  43 |
  44 |     // When `this.listenForClickOut` is `false`
  45 |     await wrapper.setData({ listenForClickOut: false })"
/home/gabriel/Disk/Research/research-javascript-test-smells/repositories/bootstrap-vue-dev/src/mixins/click-out.spec.js,Duplicate Assert,"{'line': 42, 'column': 4, 'index': 1057}","  40 |     document.dispatchEvent(clickEvent)
  41 |     await waitNT(wrapper.vm)
> 42 |     expect(count).toBe(1)
     |    ^ Duplicate Assert
  43 |
  44 |     // When `this.listenForClickOut` is `false`
  45 |     await wrapper.setData({ listenForClickOut: false })"
/home/gabriel/Disk/Research/research-javascript-test-smells/repositories/bootstrap-vue-dev/src/mixins/click-out.spec.js,Duplicate Assert,"{'line': 48, 'column': 4, 'index': 1256}","  46 |     document.dispatchEvent(clickEvent)
  47 |     await waitNT(wrapper.vm)
> 48 |     expect(count).toBe(1)
     |    ^ Duplicate Assert
  49 |
  50 |     wrapper.destroy()
  51 |   })"
/home/gabriel/Disk/Research/research-javascript-test-smells/repositories/bootstrap-vue-dev/src/mixins/click-out.spec.js,Duplicate Assert,"{'line': 48, 'column': 4, 'index': 1256}","  46 |     document.dispatchEvent(clickEvent)
  47 |     await waitNT(wrapper.vm)
> 48 |     expect(count).toBe(1)
     |    ^ Duplicate Assert
  49 |
  50 |     wrapper.destroy()
  51 |   })"
/home/gabriel/Disk/Research/research-javascript-test-smells/repositories/bootstrap-vue-dev/src/mixins/click-out.spec.js,Magic Number,"{'line': 31, 'column': 23, 'index': 719}","  29 |
  30 |     expect(wrapper).toBeDefined()
> 31 |     expect(count).toBe(0)
     |                       ^ Magic Number
  32 |     expect(wrapper.vm.listenForClickOut).toBe(true)
  33 |
  34 |     // When `this.listenForClickOut` is `true`"
/home/gabriel/Disk/Research/research-javascript-test-smells/repositories/bootstrap-vue-dev/src/mixins/click-out.spec.js,Magic Number,"{'line': 35, 'column': 23, 'index': 845}","  33 |
  34 |     // When `this.listenForClickOut` is `true`
> 35 |     expect(count).toBe(0)
     |                       ^ Magic Number
  36 |     await wrapper.find('button').trigger('click')
  37 |     expect(count).toBe(0)
  38 |     await wrapper.trigger('click')"
/home/gabriel/Disk/Research/research-javascript-test-smells/repositories/bootstrap-vue-dev/src/mixins/click-out.spec.js,Magic Number,"{'line': 37, 'column': 23, 'index': 921}","  35 |     expect(count).toBe(0)
  36 |     await wrapper.find('button').trigger('click')
> 37 |     expect(count).toBe(0)
     |                       ^ Magic Number
  38 |     await wrapper.trigger('click')
  39 |     expect(count).toBe(0)
  40 |     document.dispatchEvent(clickEvent)"
/home/gabriel/Disk/Research/research-javascript-test-smells/repositories/bootstrap-vue-dev/src/mixins/click-out.spec.js,Magic Number,"{'line': 39, 'column': 23, 'index': 982}","  37 |     expect(count).toBe(0)
  38 |     await wrapper.trigger('click')
> 39 |     expect(count).toBe(0)
     |                       ^ Magic Number
  40 |     document.dispatchEvent(clickEvent)
  41 |     await waitNT(wrapper.vm)
  42 |     expect(count).toBe(1)"
/home/gabriel/Disk/Research/research-javascript-test-smells/repositories/bootstrap-vue-dev/src/mixins/click-out.spec.js,Magic Number,"{'line': 42, 'column': 23, 'index': 1076}","  40 |     document.dispatchEvent(clickEvent)
  41 |     await waitNT(wrapper.vm)
> 42 |     expect(count).toBe(1)
     |                       ^ Magic Number
  43 |
  44 |     // When `this.listenForClickOut` is `false`
  45 |     await wrapper.setData({ listenForClickOut: false })"
/home/gabriel/Disk/Research/research-javascript-test-smells/repositories/bootstrap-vue-dev/src/mixins/click-out.spec.js,Magic Number,"{'line': 48, 'column': 23, 'index': 1275}","  46 |     document.dispatchEvent(clickEvent)
  47 |     await waitNT(wrapper.vm)
> 48 |     expect(count).toBe(1)
     |                       ^ Magic Number
  49 |
  50 |     wrapper.destroy()
  51 |   })"
/home/gabriel/Disk/Research/research-javascript-test-smells/repositories/bootstrap-vue-dev/src/mixins/attrs.spec.js,Conditional Test Logic,"{'line': 163, 'column': 4, 'index': 4642}","  161 |     expect($inputs1.at(0).vm.value).toBe('foo')
  162 |     expect($inputs1.at(1).vm.value).toBe(undefined)
> 163 |     if (!isVue3) {
      |    ^ Conditional Test Logic
  164 |       // Both `Input1`'s are re-rendered (See: https://github.com/vuejs/vue/issues/7257)
  165 |       expect(input1RenderCount).toBe(4)
  166 |     }"
/home/gabriel/Disk/Research/research-javascript-test-smells/repositories/bootstrap-vue-dev/src/mixins/attrs.spec.js,Conditional Test Logic,"{'line': 172, 'column': 4, 'index': 4988}","  170 |     expect($inputs1.at(0).vm.value).toBe('foo')
  171 |     expect($inputs1.at(1).vm.value).toBe('bar')
> 172 |     if (!isVue3) {
      |    ^ Conditional Test Logic
  173 |       // Both `Input1`'s are re-rendered (See: https://github.com/vuejs/vue/issues/7257)
  174 |       expect(input1RenderCount).toBe(6)
  175 |     }"
/home/gabriel/Disk/Research/research-javascript-test-smells/repositories/bootstrap-vue-dev/src/mixins/attrs.spec.js,Duplicate Assert,"{'line': 47, 'column': 4, 'index': 1104}","  45 |     expect($article.exists()).toBe(true)
  46 |
> 47 |     expect($section.attributes()).toEqual({})
     |    ^ Duplicate Assert
  48 |     expect($article.attributes()).toEqual({})
  49 |
  50 |     expect($test.vm.bvAttrs).toBeDefined()"
/home/gabriel/Disk/Research/research-javascript-test-smells/repositories/bootstrap-vue-dev/src/mixins/attrs.spec.js,Duplicate Assert,"{'line': 47, 'column': 4, 'index': 1104}","  45 |     expect($article.exists()).toBe(true)
  46 |
> 47 |     expect($section.attributes()).toEqual({})
     |    ^ Duplicate Assert
  48 |     expect($article.attributes()).toEqual({})
  49 |
  50 |     expect($test.vm.bvAttrs).toBeDefined()"
/home/gabriel/Disk/Research/research-javascript-test-smells/repositories/bootstrap-vue-dev/src/mixins/attrs.spec.js,Duplicate Assert,"{'line': 48, 'column': 4, 'index': 1150}","  46 |
  47 |     expect($section.attributes()).toEqual({})
> 48 |     expect($article.attributes()).toEqual({})
     |    ^ Duplicate Assert
  49 |
  50 |     expect($test.vm.bvAttrs).toBeDefined()
  51 |     expect($test.vm.bvAttrs.foo).toBeUndefined()"
/home/gabriel/Disk/Research/research-javascript-test-smells/repositories/bootstrap-vue-dev/src/mixins/attrs.spec.js,Duplicate Assert,"{'line': 48, 'column': 4, 'index': 1150}","  46 |
  47 |     expect($section.attributes()).toEqual({})
> 48 |     expect($article.attributes()).toEqual({})
     |    ^ Duplicate Assert
  49 |
  50 |     expect($test.vm.bvAttrs).toBeDefined()
  51 |     expect($test.vm.bvAttrs.foo).toBeUndefined()"
/home/gabriel/Disk/Research/research-javascript-test-smells/repositories/bootstrap-vue-dev/src/mixins/attrs.spec.js,Duplicate Assert,"{'line': 51, 'column': 4, 'index': 1240}","  49 |
  50 |     expect($test.vm.bvAttrs).toBeDefined()
> 51 |     expect($test.vm.bvAttrs.foo).toBeUndefined()
     |    ^ Duplicate Assert
  52 |     expect($test.vm.bvAttrs.baz).toBeUndefined()
  53 |
  54 |     // Correctly adds new attrs data"
/home/gabriel/Disk/Research/research-javascript-test-smells/repositories/bootstrap-vue-dev/src/mixins/attrs.spec.js,Duplicate Assert,"{'line': 51, 'column': 4, 'index': 1240}","  49 |
  50 |     expect($test.vm.bvAttrs).toBeDefined()
> 51 |     expect($test.vm.bvAttrs.foo).toBeUndefined()
     |    ^ Duplicate Assert
  52 |     expect($test.vm.bvAttrs.baz).toBeUndefined()
  53 |
  54 |     // Correctly adds new attrs data"
/home/gabriel/Disk/Research/research-javascript-test-smells/repositories/bootstrap-vue-dev/src/mixins/attrs.spec.js,Duplicate Assert,"{'line': 52, 'column': 4, 'index': 1289}","  50 |     expect($test.vm.bvAttrs).toBeDefined()
  51 |     expect($test.vm.bvAttrs.foo).toBeUndefined()
> 52 |     expect($test.vm.bvAttrs.baz).toBeUndefined()
     |    ^ Duplicate Assert
  53 |
  54 |     // Correctly adds new attrs data
  55 |     await wrapper.setProps({"
/home/gabriel/Disk/Research/research-javascript-test-smells/repositories/bootstrap-vue-dev/src/mixins/attrs.spec.js,Duplicate Assert,"{'line': 52, 'column': 4, 'index': 1289}","  50 |     expect($test.vm.bvAttrs).toBeDefined()
  51 |     expect($test.vm.bvAttrs.foo).toBeUndefined()
> 52 |     expect($test.vm.bvAttrs.baz).toBeUndefined()
     |    ^ Duplicate Assert
  53 |
  54 |     // Correctly adds new attrs data
  55 |     await wrapper.setProps({"
/home/gabriel/Disk/Research/research-javascript-test-smells/repositories/bootstrap-vue-dev/src/mixins/attrs.spec.js,Duplicate Assert,"{'line': 59, 'column': 4, 'index': 1441}","  57 |     })
  58 |
> 59 |     expect($section.attributes()).toEqual({})
     |    ^ Duplicate Assert
  60 |     expect($article.attributes()).toEqual({ foo: 'bar' })
  61 |     expect($test.vm.bvAttrs.foo).toEqual('bar')
  62 |     expect($test.vm.bvAttrs.baz).toBeUndefined()"
/home/gabriel/Disk/Research/research-javascript-test-smells/repositories/bootstrap-vue-dev/src/mixins/attrs.spec.js,Duplicate Assert,"{'line': 59, 'column': 4, 'index': 1441}","  57 |     })
  58 |
> 59 |     expect($section.attributes()).toEqual({})
     |    ^ Duplicate Assert
  60 |     expect($article.attributes()).toEqual({ foo: 'bar' })
  61 |     expect($test.vm.bvAttrs.foo).toEqual('bar')
  62 |     expect($test.vm.bvAttrs.baz).toBeUndefined()"
/home/gabriel/Disk/Research/research-javascript-test-smells/repositories/bootstrap-vue-dev/src/mixins/attrs.spec.js,Duplicate Assert,"{'line': 60, 'column': 4, 'index': 1487}","  58 |
  59 |     expect($section.attributes()).toEqual({})
> 60 |     expect($article.attributes()).toEqual({ foo: 'bar' })
     |    ^ Duplicate Assert
  61 |     expect($test.vm.bvAttrs.foo).toEqual('bar')
  62 |     expect($test.vm.bvAttrs.baz).toBeUndefined()
  63 |"
/home/gabriel/Disk/Research/research-javascript-test-smells/repositories/bootstrap-vue-dev/src/mixins/attrs.spec.js,Duplicate Assert,"{'line': 60, 'column': 4, 'index': 1487}","  58 |
  59 |     expect($section.attributes()).toEqual({})
> 60 |     expect($article.attributes()).toEqual({ foo: 'bar' })
     |    ^ Duplicate Assert
  61 |     expect($test.vm.bvAttrs.foo).toEqual('bar')
  62 |     expect($test.vm.bvAttrs.baz).toBeUndefined()
  63 |"
/home/gabriel/Disk/Research/research-javascript-test-smells/repositories/bootstrap-vue-dev/src/mixins/attrs.spec.js,Duplicate Assert,"{'line': 61, 'column': 4, 'index': 1545}","  59 |     expect($section.attributes()).toEqual({})
  60 |     expect($article.attributes()).toEqual({ foo: 'bar' })
> 61 |     expect($test.vm.bvAttrs.foo).toEqual('bar')
     |    ^ Duplicate Assert
  62 |     expect($test.vm.bvAttrs.baz).toBeUndefined()
  63 |
  64 |     // Correctly updates attrs data"
/home/gabriel/Disk/Research/research-javascript-test-smells/repositories/bootstrap-vue-dev/src/mixins/attrs.spec.js,Duplicate Assert,"{'line': 61, 'column': 4, 'index': 1545}","  59 |     expect($section.attributes()).toEqual({})
  60 |     expect($article.attributes()).toEqual({ foo: 'bar' })
> 61 |     expect($test.vm.bvAttrs.foo).toEqual('bar')
     |    ^ Duplicate Assert
  62 |     expect($test.vm.bvAttrs.baz).toBeUndefined()
  63 |
  64 |     // Correctly updates attrs data"
/home/gabriel/Disk/Research/research-javascript-test-smells/repositories/bootstrap-vue-dev/src/mixins/attrs.spec.js,Duplicate Assert,"{'line': 62, 'column': 4, 'index': 1593}","  60 |     expect($article.attributes()).toEqual({ foo: 'bar' })
  61 |     expect($test.vm.bvAttrs.foo).toEqual('bar')
> 62 |     expect($test.vm.bvAttrs.baz).toBeUndefined()
     |    ^ Duplicate Assert
  63 |
  64 |     // Correctly updates attrs data
  65 |     await wrapper.setProps({"
/home/gabriel/Disk/Research/research-javascript-test-smells/repositories/bootstrap-vue-dev/src/mixins/attrs.spec.js,Duplicate Assert,"{'line': 62, 'column': 4, 'index': 1593}","  60 |     expect($article.attributes()).toEqual({ foo: 'bar' })
  61 |     expect($test.vm.bvAttrs.foo).toEqual('bar')
> 62 |     expect($test.vm.bvAttrs.baz).toBeUndefined()
     |    ^ Duplicate Assert
  63 |
  64 |     // Correctly updates attrs data
  65 |     await wrapper.setProps({"
/home/gabriel/Disk/Research/research-javascript-test-smells/repositories/bootstrap-vue-dev/src/mixins/attrs.spec.js,Duplicate Assert,"{'line': 69, 'column': 4, 'index': 1756}","  67 |     })
  68 |
> 69 |     expect($section.attributes()).toEqual({})
     |    ^ Duplicate Assert
  70 |     expect($article.attributes()).toEqual({ foo: 'bar', baz: 'biz' })
  71 |     expect($test.vm.bvAttrs.foo).toEqual('bar')
  72 |     expect($test.vm.bvAttrs.baz).toEqual('biz')"
/home/gabriel/Disk/Research/research-javascript-test-smells/repositories/bootstrap-vue-dev/src/mixins/attrs.spec.js,Duplicate Assert,"{'line': 69, 'column': 4, 'index': 1756}","  67 |     })
  68 |
> 69 |     expect($section.attributes()).toEqual({})
     |    ^ Duplicate Assert
  70 |     expect($article.attributes()).toEqual({ foo: 'bar', baz: 'biz' })
  71 |     expect($test.vm.bvAttrs.foo).toEqual('bar')
  72 |     expect($test.vm.bvAttrs.baz).toEqual('biz')"
/home/gabriel/Disk/Research/research-javascript-test-smells/repositories/bootstrap-vue-dev/src/mixins/attrs.spec.js,Duplicate Assert,"{'line': 70, 'column': 4, 'index': 1802}","  68 |
  69 |     expect($section.attributes()).toEqual({})
> 70 |     expect($article.attributes()).toEqual({ foo: 'bar', baz: 'biz' })
     |    ^ Duplicate Assert
  71 |     expect($test.vm.bvAttrs.foo).toEqual('bar')
  72 |     expect($test.vm.bvAttrs.baz).toEqual('biz')
  73 |"
/home/gabriel/Disk/Research/research-javascript-test-smells/repositories/bootstrap-vue-dev/src/mixins/attrs.spec.js,Duplicate Assert,"{'line': 71, 'column': 4, 'index': 1872}","  69 |     expect($section.attributes()).toEqual({})
  70 |     expect($article.attributes()).toEqual({ foo: 'bar', baz: 'biz' })
> 71 |     expect($test.vm.bvAttrs.foo).toEqual('bar')
     |    ^ Duplicate Assert
  72 |     expect($test.vm.bvAttrs.baz).toEqual('biz')
  73 |
  74 |     // Correctly removes attrs data"
/home/gabriel/Disk/Research/research-javascript-test-smells/repositories/bootstrap-vue-dev/src/mixins/attrs.spec.js,Duplicate Assert,"{'line': 71, 'column': 4, 'index': 1872}","  69 |     expect($section.attributes()).toEqual({})
  70 |     expect($article.attributes()).toEqual({ foo: 'bar', baz: 'biz' })
> 71 |     expect($test.vm.bvAttrs.foo).toEqual('bar')
     |    ^ Duplicate Assert
  72 |     expect($test.vm.bvAttrs.baz).toEqual('biz')
  73 |
  74 |     // Correctly removes attrs data"
/home/gabriel/Disk/Research/research-javascript-test-smells/repositories/bootstrap-vue-dev/src/mixins/attrs.spec.js,Duplicate Assert,"{'line': 72, 'column': 4, 'index': 1920}","  70 |     expect($article.attributes()).toEqual({ foo: 'bar', baz: 'biz' })
  71 |     expect($test.vm.bvAttrs.foo).toEqual('bar')
> 72 |     expect($test.vm.bvAttrs.baz).toEqual('biz')
     |    ^ Duplicate Assert
  73 |
  74 |     // Correctly removes attrs data
  75 |     await wrapper.setProps({"
/home/gabriel/Disk/Research/research-javascript-test-smells/repositories/bootstrap-vue-dev/src/mixins/attrs.spec.js,Duplicate Assert,"{'line': 79, 'column': 4, 'index': 2070}","  77 |     })
  78 |
> 79 |     expect($section.attributes()).toEqual({})
     |    ^ Duplicate Assert
  80 |     expect($article.attributes()).toEqual({ foo: 'bar' })
  81 |     expect($test.vm.bvAttrs.foo).toEqual('bar')
  82 |     expect($test.vm.bvAttrs.baz).toBeUndefined()"
/home/gabriel/Disk/Research/research-javascript-test-smells/repositories/bootstrap-vue-dev/src/mixins/attrs.spec.js,Duplicate Assert,"{'line': 79, 'column': 4, 'index': 2070}","  77 |     })
  78 |
> 79 |     expect($section.attributes()).toEqual({})
     |    ^ Duplicate Assert
  80 |     expect($article.attributes()).toEqual({ foo: 'bar' })
  81 |     expect($test.vm.bvAttrs.foo).toEqual('bar')
  82 |     expect($test.vm.bvAttrs.baz).toBeUndefined()"
/home/gabriel/Disk/Research/research-javascript-test-smells/repositories/bootstrap-vue-dev/src/mixins/attrs.spec.js,Duplicate Assert,"{'line': 80, 'column': 4, 'index': 2116}","  78 |
  79 |     expect($section.attributes()).toEqual({})
> 80 |     expect($article.attributes()).toEqual({ foo: 'bar' })
     |    ^ Duplicate Assert
  81 |     expect($test.vm.bvAttrs.foo).toEqual('bar')
  82 |     expect($test.vm.bvAttrs.baz).toBeUndefined()
  83 |"
/home/gabriel/Disk/Research/research-javascript-test-smells/repositories/bootstrap-vue-dev/src/mixins/attrs.spec.js,Duplicate Assert,"{'line': 80, 'column': 4, 'index': 2116}","  78 |
  79 |     expect($section.attributes()).toEqual({})
> 80 |     expect($article.attributes()).toEqual({ foo: 'bar' })
     |    ^ Duplicate Assert
  81 |     expect($test.vm.bvAttrs.foo).toEqual('bar')
  82 |     expect($test.vm.bvAttrs.baz).toBeUndefined()
  83 |"
/home/gabriel/Disk/Research/research-javascript-test-smells/repositories/bootstrap-vue-dev/src/mixins/attrs.spec.js,Duplicate Assert,"{'line': 81, 'column': 4, 'index': 2174}","  79 |     expect($section.attributes()).toEqual({})
  80 |     expect($article.attributes()).toEqual({ foo: 'bar' })
> 81 |     expect($test.vm.bvAttrs.foo).toEqual('bar')
     |    ^ Duplicate Assert
  82 |     expect($test.vm.bvAttrs.baz).toBeUndefined()
  83 |
  84 |     // Correctly removes all attrs data"
/home/gabriel/Disk/Research/research-javascript-test-smells/repositories/bootstrap-vue-dev/src/mixins/attrs.spec.js,Duplicate Assert,"{'line': 81, 'column': 4, 'index': 2174}","  79 |     expect($section.attributes()).toEqual({})
  80 |     expect($article.attributes()).toEqual({ foo: 'bar' })
> 81 |     expect($test.vm.bvAttrs.foo).toEqual('bar')
     |    ^ Duplicate Assert
  82 |     expect($test.vm.bvAttrs.baz).toBeUndefined()
  83 |
  84 |     // Correctly removes all attrs data"
/home/gabriel/Disk/Research/research-javascript-test-smells/repositories/bootstrap-vue-dev/src/mixins/attrs.spec.js,Duplicate Assert,"{'line': 82, 'column': 4, 'index': 2222}","  80 |     expect($article.attributes()).toEqual({ foo: 'bar' })
  81 |     expect($test.vm.bvAttrs.foo).toEqual('bar')
> 82 |     expect($test.vm.bvAttrs.baz).toBeUndefined()
     |    ^ Duplicate Assert
  83 |
  84 |     // Correctly removes all attrs data
  85 |     await wrapper.setProps({ attrs: {} })"
/home/gabriel/Disk/Research/research-javascript-test-smells/repositories/bootstrap-vue-dev/src/mixins/attrs.spec.js,Duplicate Assert,"{'line': 82, 'column': 4, 'index': 2222}","  80 |     expect($article.attributes()).toEqual({ foo: 'bar' })
  81 |     expect($test.vm.bvAttrs.foo).toEqual('bar')
> 82 |     expect($test.vm.bvAttrs.baz).toBeUndefined()
     |    ^ Duplicate Assert
  83 |
  84 |     // Correctly removes all attrs data
  85 |     await wrapper.setProps({ attrs: {} })"
/home/gabriel/Disk/Research/research-javascript-test-smells/repositories/bootstrap-vue-dev/src/mixins/attrs.spec.js,Duplicate Assert,"{'line': 87, 'column': 4, 'index': 2355}","  85 |     await wrapper.setProps({ attrs: {} })
  86 |
> 87 |     expect($section.attributes()).toEqual({})
     |    ^ Duplicate Assert
  88 |     expect($article.attributes()).toEqual({})
  89 |     expect($test.vm.bvAttrs.foo).toBeUndefined()
  90 |     expect($test.vm.bvAttrs.baz).toBeUndefined()"
/home/gabriel/Disk/Research/research-javascript-test-smells/repositories/bootstrap-vue-dev/src/mixins/attrs.spec.js,Duplicate Assert,"{'line': 87, 'column': 4, 'index': 2355}","  85 |     await wrapper.setProps({ attrs: {} })
  86 |
> 87 |     expect($section.attributes()).toEqual({})
     |    ^ Duplicate Assert
  88 |     expect($article.attributes()).toEqual({})
  89 |     expect($test.vm.bvAttrs.foo).toBeUndefined()
  90 |     expect($test.vm.bvAttrs.baz).toBeUndefined()"
/home/gabriel/Disk/Research/research-javascript-test-smells/repositories/bootstrap-vue-dev/src/mixins/attrs.spec.js,Duplicate Assert,"{'line': 88, 'column': 4, 'index': 2401}","  86 |
  87 |     expect($section.attributes()).toEqual({})
> 88 |     expect($article.attributes()).toEqual({})
     |    ^ Duplicate Assert
  89 |     expect($test.vm.bvAttrs.foo).toBeUndefined()
  90 |     expect($test.vm.bvAttrs.baz).toBeUndefined()
  91 |"
/home/gabriel/Disk/Research/research-javascript-test-smells/repositories/bootstrap-vue-dev/src/mixins/attrs.spec.js,Duplicate Assert,"{'line': 88, 'column': 4, 'index': 2401}","  86 |
  87 |     expect($section.attributes()).toEqual({})
> 88 |     expect($article.attributes()).toEqual({})
     |    ^ Duplicate Assert
  89 |     expect($test.vm.bvAttrs.foo).toBeUndefined()
  90 |     expect($test.vm.bvAttrs.baz).toBeUndefined()
  91 |"
/home/gabriel/Disk/Research/research-javascript-test-smells/repositories/bootstrap-vue-dev/src/mixins/attrs.spec.js,Duplicate Assert,"{'line': 89, 'column': 4, 'index': 2447}","  87 |     expect($section.attributes()).toEqual({})
  88 |     expect($article.attributes()).toEqual({})
> 89 |     expect($test.vm.bvAttrs.foo).toBeUndefined()
     |    ^ Duplicate Assert
  90 |     expect($test.vm.bvAttrs.baz).toBeUndefined()
  91 |
  92 |     wrapper.destroy()"
/home/gabriel/Disk/Research/research-javascript-test-smells/repositories/bootstrap-vue-dev/src/mixins/attrs.spec.js,Duplicate Assert,"{'line': 89, 'column': 4, 'index': 2447}","  87 |     expect($section.attributes()).toEqual({})
  88 |     expect($article.attributes()).toEqual({})
> 89 |     expect($test.vm.bvAttrs.foo).toBeUndefined()
     |    ^ Duplicate Assert
  90 |     expect($test.vm.bvAttrs.baz).toBeUndefined()
  91 |
  92 |     wrapper.destroy()"
/home/gabriel/Disk/Research/research-javascript-test-smells/repositories/bootstrap-vue-dev/src/mixins/attrs.spec.js,Duplicate Assert,"{'line': 90, 'column': 4, 'index': 2496}","  88 |     expect($article.attributes()).toEqual({})
  89 |     expect($test.vm.bvAttrs.foo).toBeUndefined()
> 90 |     expect($test.vm.bvAttrs.baz).toBeUndefined()
     |    ^ Duplicate Assert
  91 |
  92 |     wrapper.destroy()
  93 |   })"
/home/gabriel/Disk/Research/research-javascript-test-smells/repositories/bootstrap-vue-dev/src/mixins/attrs.spec.js,Duplicate Assert,"{'line': 90, 'column': 4, 'index': 2496}","  88 |     expect($article.attributes()).toEqual({})
  89 |     expect($test.vm.bvAttrs.foo).toBeUndefined()
> 90 |     expect($test.vm.bvAttrs.baz).toBeUndefined()
     |    ^ Duplicate Assert
  91 |
  92 |     wrapper.destroy()
  93 |   })"
/home/gabriel/Disk/Research/research-javascript-test-smells/repositories/bootstrap-vue-dev/src/mixins/attrs.spec.js,Duplicate Assert,"{'line': 146, 'column': 4, 'index': 3947}","  144 |     expect($inputs1.length).toBe(2)
  145 |     expect($inputs1.at(0)).toBeDefined()
> 146 |     expect($inputs1.at(0).vm.value).toBe(undefined)
      |    ^ Duplicate Assert
  147 |     expect($inputs1.at(1)).toBeDefined()
  148 |     expect($inputs1.at(1).vm.value).toBe(undefined)
  149 |     expect(input1RenderCount).toBe(2)"
/home/gabriel/Disk/Research/research-javascript-test-smells/repositories/bootstrap-vue-dev/src/mixins/attrs.spec.js,Duplicate Assert,"{'line': 148, 'column': 4, 'index': 4040}","  146 |     expect($inputs1.at(0).vm.value).toBe(undefined)
  147 |     expect($inputs1.at(1)).toBeDefined()
> 148 |     expect($inputs1.at(1).vm.value).toBe(undefined)
      |    ^ Duplicate Assert
  149 |     expect(input1RenderCount).toBe(2)
  150 |
  151 |     const $inputs2 = wrapper2.findAllComponents(Input2)"
/home/gabriel/Disk/Research/research-javascript-test-smells/repositories/bootstrap-vue-dev/src/mixins/attrs.spec.js,Duplicate Assert,"{'line': 148, 'column': 4, 'index': 4040}","  146 |     expect($inputs1.at(0).vm.value).toBe(undefined)
  147 |     expect($inputs1.at(1)).toBeDefined()
> 148 |     expect($inputs1.at(1).vm.value).toBe(undefined)
      |    ^ Duplicate Assert
  149 |     expect(input1RenderCount).toBe(2)
  150 |
  151 |     const $inputs2 = wrapper2.findAllComponents(Input2)"
/home/gabriel/Disk/Research/research-javascript-test-smells/repositories/bootstrap-vue-dev/src/mixins/attrs.spec.js,Duplicate Assert,"{'line': 149, 'column': 4, 'index': 4092}","  147 |     expect($inputs1.at(1)).toBeDefined()
  148 |     expect($inputs1.at(1).vm.value).toBe(undefined)
> 149 |     expect(input1RenderCount).toBe(2)
      |    ^ Duplicate Assert
  150 |
  151 |     const $inputs2 = wrapper2.findAllComponents(Input2)
  152 |     expect($inputs2.length).toBe(2)"
/home/gabriel/Disk/Research/research-javascript-test-smells/repositories/bootstrap-vue-dev/src/mixins/attrs.spec.js,Duplicate Assert,"{'line': 154, 'column': 4, 'index': 4264}","  152 |     expect($inputs2.length).toBe(2)
  153 |     expect($inputs2.at(0)).toBeDefined()
> 154 |     expect($inputs2.at(0).vm.value).toBe(undefined)
      |    ^ Duplicate Assert
  155 |     expect($inputs2.at(1)).toBeDefined()
  156 |     expect($inputs2.at(1).vm.value).toBe(undefined)
  157 |     expect(input2RenderCount).toBe(2)"
/home/gabriel/Disk/Research/research-javascript-test-smells/repositories/bootstrap-vue-dev/src/mixins/attrs.spec.js,Duplicate Assert,"{'line': 156, 'column': 4, 'index': 4357}","  154 |     expect($inputs2.at(0).vm.value).toBe(undefined)
  155 |     expect($inputs2.at(1)).toBeDefined()
> 156 |     expect($inputs2.at(1).vm.value).toBe(undefined)
      |    ^ Duplicate Assert
  157 |     expect(input2RenderCount).toBe(2)
  158 |
  159 |     // Update the value for the first `Input1`"
/home/gabriel/Disk/Research/research-javascript-test-smells/repositories/bootstrap-vue-dev/src/mixins/attrs.spec.js,Duplicate Assert,"{'line': 156, 'column': 4, 'index': 4357}","  154 |     expect($inputs2.at(0).vm.value).toBe(undefined)
  155 |     expect($inputs2.at(1)).toBeDefined()
> 156 |     expect($inputs2.at(1).vm.value).toBe(undefined)
      |    ^ Duplicate Assert
  157 |     expect(input2RenderCount).toBe(2)
  158 |
  159 |     // Update the value for the first `Input1`"
/home/gabriel/Disk/Research/research-javascript-test-smells/repositories/bootstrap-vue-dev/src/mixins/attrs.spec.js,Duplicate Assert,"{'line': 157, 'column': 4, 'index': 4409}","  155 |     expect($inputs2.at(1)).toBeDefined()
  156 |     expect($inputs2.at(1).vm.value).toBe(undefined)
> 157 |     expect(input2RenderCount).toBe(2)
      |    ^ Duplicate Assert
  158 |
  159 |     // Update the value for the first `Input1`
  160 |     await wrapper1.setProps({ value1: 'foo' })"
/home/gabriel/Disk/Research/research-javascript-test-smells/repositories/bootstrap-vue-dev/src/mixins/attrs.spec.js,Duplicate Assert,"{'line': 161, 'column': 4, 'index': 4542}","  159 |     // Update the value for the first `Input1`
  160 |     await wrapper1.setProps({ value1: 'foo' })
> 161 |     expect($inputs1.at(0).vm.value).toBe('foo')
      |    ^ Duplicate Assert
  162 |     expect($inputs1.at(1).vm.value).toBe(undefined)
  163 |     if (!isVue3) {
  164 |       // Both `Input1`'s are re-rendered (See: https://github.com/vuejs/vue/issues/7257)"
/home/gabriel/Disk/Research/research-javascript-test-smells/repositories/bootstrap-vue-dev/src/mixins/attrs.spec.js,Duplicate Assert,"{'line': 161, 'column': 4, 'index': 4542}","  159 |     // Update the value for the first `Input1`
  160 |     await wrapper1.setProps({ value1: 'foo' })
> 161 |     expect($inputs1.at(0).vm.value).toBe('foo')
      |    ^ Duplicate Assert
  162 |     expect($inputs1.at(1).vm.value).toBe(undefined)
  163 |     if (!isVue3) {
  164 |       // Both `Input1`'s are re-rendered (See: https://github.com/vuejs/vue/issues/7257)"
/home/gabriel/Disk/Research/research-javascript-test-smells/repositories/bootstrap-vue-dev/src/mixins/attrs.spec.js,Duplicate Assert,"{'line': 162, 'column': 4, 'index': 4590}","  160 |     await wrapper1.setProps({ value1: 'foo' })
  161 |     expect($inputs1.at(0).vm.value).toBe('foo')
> 162 |     expect($inputs1.at(1).vm.value).toBe(undefined)
      |    ^ Duplicate Assert
  163 |     if (!isVue3) {
  164 |       // Both `Input1`'s are re-rendered (See: https://github.com/vuejs/vue/issues/7257)
  165 |       expect(input1RenderCount).toBe(4)"
/home/gabriel/Disk/Research/research-javascript-test-smells/repositories/bootstrap-vue-dev/src/mixins/attrs.spec.js,Duplicate Assert,"{'line': 162, 'column': 4, 'index': 4590}","  160 |     await wrapper1.setProps({ value1: 'foo' })
  161 |     expect($inputs1.at(0).vm.value).toBe('foo')
> 162 |     expect($inputs1.at(1).vm.value).toBe(undefined)
      |    ^ Duplicate Assert
  163 |     if (!isVue3) {
  164 |       // Both `Input1`'s are re-rendered (See: https://github.com/vuejs/vue/issues/7257)
  165 |       expect(input1RenderCount).toBe(4)"
/home/gabriel/Disk/Research/research-javascript-test-smells/repositories/bootstrap-vue-dev/src/mixins/attrs.spec.js,Duplicate Assert,"{'line': 165, 'column': 6, 'index': 4752}","  163 |     if (!isVue3) {
  164 |       // Both `Input1`'s are re-rendered (See: https://github.com/vuejs/vue/issues/7257)
> 165 |       expect(input1RenderCount).toBe(4)
      |      ^ Duplicate Assert
  166 |     }
  167 |
  168 |     // Update the value for the second `Input1`"
/home/gabriel/Disk/Research/research-javascript-test-smells/repositories/bootstrap-vue-dev/src/mixins/attrs.spec.js,Duplicate Assert,"{'line': 170, 'column': 4, 'index': 4892}","  168 |     // Update the value for the second `Input1`
  169 |     await wrapper1.setProps({ value2: 'bar' })
> 170 |     expect($inputs1.at(0).vm.value).toBe('foo')
      |    ^ Duplicate Assert
  171 |     expect($inputs1.at(1).vm.value).toBe('bar')
  172 |     if (!isVue3) {
  173 |       // Both `Input1`'s are re-rendered (See: https://github.com/vuejs/vue/issues/7257)"
/home/gabriel/Disk/Research/research-javascript-test-smells/repositories/bootstrap-vue-dev/src/mixins/attrs.spec.js,Duplicate Assert,"{'line': 170, 'column': 4, 'index': 4892}","  168 |     // Update the value for the second `Input1`
  169 |     await wrapper1.setProps({ value2: 'bar' })
> 170 |     expect($inputs1.at(0).vm.value).toBe('foo')
      |    ^ Duplicate Assert
  171 |     expect($inputs1.at(1).vm.value).toBe('bar')
  172 |     if (!isVue3) {
  173 |       // Both `Input1`'s are re-rendered (See: https://github.com/vuejs/vue/issues/7257)"
/home/gabriel/Disk/Research/research-javascript-test-smells/repositories/bootstrap-vue-dev/src/mixins/attrs.spec.js,Duplicate Assert,"{'line': 171, 'column': 4, 'index': 4940}","  169 |     await wrapper1.setProps({ value2: 'bar' })
  170 |     expect($inputs1.at(0).vm.value).toBe('foo')
> 171 |     expect($inputs1.at(1).vm.value).toBe('bar')
      |    ^ Duplicate Assert
  172 |     if (!isVue3) {
  173 |       // Both `Input1`'s are re-rendered (See: https://github.com/vuejs/vue/issues/7257)
  174 |       expect(input1RenderCount).toBe(6)"
/home/gabriel/Disk/Research/research-javascript-test-smells/repositories/bootstrap-vue-dev/src/mixins/attrs.spec.js,Duplicate Assert,"{'line': 174, 'column': 6, 'index': 5098}","  172 |     if (!isVue3) {
  173 |       // Both `Input1`'s are re-rendered (See: https://github.com/vuejs/vue/issues/7257)
> 174 |       expect(input1RenderCount).toBe(6)
      |      ^ Duplicate Assert
  175 |     }
  176 |
  177 |     // Update the value for the first `Input2`"
/home/gabriel/Disk/Research/research-javascript-test-smells/repositories/bootstrap-vue-dev/src/mixins/attrs.spec.js,Duplicate Assert,"{'line': 179, 'column': 4, 'index': 5237}","  177 |     // Update the value for the first `Input2`
  178 |     await wrapper2.setProps({ value1: 'foo' })
> 179 |     expect($inputs2.at(0).vm.value).toBe('foo')
      |    ^ Duplicate Assert
  180 |     expect($inputs2.at(1).vm.value).toBe(undefined)
  181 |     // With `attrsMixin` only the affected `Input2` is re-rendered
  182 |     expect(input2RenderCount).toBe(3)"
/home/gabriel/Disk/Research/research-javascript-test-smells/repositories/bootstrap-vue-dev/src/mixins/attrs.spec.js,Duplicate Assert,"{'line': 179, 'column': 4, 'index': 5237}","  177 |     // Update the value for the first `Input2`
  178 |     await wrapper2.setProps({ value1: 'foo' })
> 179 |     expect($inputs2.at(0).vm.value).toBe('foo')
      |    ^ Duplicate Assert
  180 |     expect($inputs2.at(1).vm.value).toBe(undefined)
  181 |     // With `attrsMixin` only the affected `Input2` is re-rendered
  182 |     expect(input2RenderCount).toBe(3)"
/home/gabriel/Disk/Research/research-javascript-test-smells/repositories/bootstrap-vue-dev/src/mixins/attrs.spec.js,Duplicate Assert,"{'line': 180, 'column': 4, 'index': 5285}","  178 |     await wrapper2.setProps({ value1: 'foo' })
  179 |     expect($inputs2.at(0).vm.value).toBe('foo')
> 180 |     expect($inputs2.at(1).vm.value).toBe(undefined)
      |    ^ Duplicate Assert
  181 |     // With `attrsMixin` only the affected `Input2` is re-rendered
  182 |     expect(input2RenderCount).toBe(3)
  183 |"
/home/gabriel/Disk/Research/research-javascript-test-smells/repositories/bootstrap-vue-dev/src/mixins/attrs.spec.js,Duplicate Assert,"{'line': 180, 'column': 4, 'index': 5285}","  178 |     await wrapper2.setProps({ value1: 'foo' })
  179 |     expect($inputs2.at(0).vm.value).toBe('foo')
> 180 |     expect($inputs2.at(1).vm.value).toBe(undefined)
      |    ^ Duplicate Assert
  181 |     // With `attrsMixin` only the affected `Input2` is re-rendered
  182 |     expect(input2RenderCount).toBe(3)
  183 |"
/home/gabriel/Disk/Research/research-javascript-test-smells/repositories/bootstrap-vue-dev/src/mixins/attrs.spec.js,Duplicate Assert,"{'line': 182, 'column': 4, 'index': 5404}","  180 |     expect($inputs2.at(1).vm.value).toBe(undefined)
  181 |     // With `attrsMixin` only the affected `Input2` is re-rendered
> 182 |     expect(input2RenderCount).toBe(3)
      |    ^ Duplicate Assert
  183 |
  184 |     // Update the value for the second `Input2`
  185 |     await wrapper2.setProps({ value2: 'bar' })"
/home/gabriel/Disk/Research/research-javascript-test-smells/repositories/bootstrap-vue-dev/src/mixins/attrs.spec.js,Duplicate Assert,"{'line': 186, 'column': 4, 'index': 5538}","  184 |     // Update the value for the second `Input2`
  185 |     await wrapper2.setProps({ value2: 'bar' })
> 186 |     expect($inputs2.at(0).vm.value).toBe('foo')
      |    ^ Duplicate Assert
  187 |     expect($inputs2.at(1).vm.value).toBe('bar')
  188 |     // With `attrsMixin` only the affected `Input2` is re-rendered
  189 |     expect(input2RenderCount).toBe(4)"
/home/gabriel/Disk/Research/research-javascript-test-smells/repositories/bootstrap-vue-dev/src/mixins/attrs.spec.js,Duplicate Assert,"{'line': 186, 'column': 4, 'index': 5538}","  184 |     // Update the value for the second `Input2`
  185 |     await wrapper2.setProps({ value2: 'bar' })
> 186 |     expect($inputs2.at(0).vm.value).toBe('foo')
      |    ^ Duplicate Assert
  187 |     expect($inputs2.at(1).vm.value).toBe('bar')
  188 |     // With `attrsMixin` only the affected `Input2` is re-rendered
  189 |     expect(input2RenderCount).toBe(4)"
/home/gabriel/Disk/Research/research-javascript-test-smells/repositories/bootstrap-vue-dev/src/mixins/attrs.spec.js,Duplicate Assert,"{'line': 187, 'column': 4, 'index': 5586}","  185 |     await wrapper2.setProps({ value2: 'bar' })
  186 |     expect($inputs2.at(0).vm.value).toBe('foo')
> 187 |     expect($inputs2.at(1).vm.value).toBe('bar')
      |    ^ Duplicate Assert
  188 |     // With `attrsMixin` only the affected `Input2` is re-rendered
  189 |     expect(input2RenderCount).toBe(4)
  190 |"
/home/gabriel/Disk/Research/research-javascript-test-smells/repositories/bootstrap-vue-dev/src/mixins/attrs.spec.js,Duplicate Assert,"{'line': 189, 'column': 4, 'index': 5701}","  187 |     expect($inputs2.at(1).vm.value).toBe('bar')
  188 |     // With `attrsMixin` only the affected `Input2` is re-rendered
> 189 |     expect(input2RenderCount).toBe(4)
      |    ^ Duplicate Assert
  190 |
  191 |     wrapper1.destroy()
  192 |     wrapper2.destroy()"
/home/gabriel/Disk/Research/research-javascript-test-smells/repositories/bootstrap-vue-dev/src/mixins/attrs.spec.js,Magic Number,"{'line': 144, 'column': 33, 'index': 3899}","  142 |
  143 |     const $inputs1 = wrapper1.findAllComponents(Input1)
> 144 |     expect($inputs1.length).toBe(2)
      |                                 ^ Magic Number
  145 |     expect($inputs1.at(0)).toBeDefined()
  146 |     expect($inputs1.at(0).vm.value).toBe(undefined)
  147 |     expect($inputs1.at(1)).toBeDefined()"
/home/gabriel/Disk/Research/research-javascript-test-smells/repositories/bootstrap-vue-dev/src/mixins/attrs.spec.js,Magic Number,"{'line': 149, 'column': 35, 'index': 4123}","  147 |     expect($inputs1.at(1)).toBeDefined()
  148 |     expect($inputs1.at(1).vm.value).toBe(undefined)
> 149 |     expect(input1RenderCount).toBe(2)
      |                                   ^ Magic Number
  150 |
  151 |     const $inputs2 = wrapper2.findAllComponents(Input2)
  152 |     expect($inputs2.length).toBe(2)"
/home/gabriel/Disk/Research/research-javascript-test-smells/repositories/bootstrap-vue-dev/src/mixins/attrs.spec.js,Magic Number,"{'line': 152, 'column': 33, 'index': 4216}","  150 |
  151 |     const $inputs2 = wrapper2.findAllComponents(Input2)
> 152 |     expect($inputs2.length).toBe(2)
      |                                 ^ Magic Number
  153 |     expect($inputs2.at(0)).toBeDefined()
  154 |     expect($inputs2.at(0).vm.value).toBe(undefined)
  155 |     expect($inputs2.at(1)).toBeDefined()"
/home/gabriel/Disk/Research/research-javascript-test-smells/repositories/bootstrap-vue-dev/src/mixins/attrs.spec.js,Magic Number,"{'line': 157, 'column': 35, 'index': 4440}","  155 |     expect($inputs2.at(1)).toBeDefined()
  156 |     expect($inputs2.at(1).vm.value).toBe(undefined)
> 157 |     expect(input2RenderCount).toBe(2)
      |                                   ^ Magic Number
  158 |
  159 |     // Update the value for the first `Input1`
  160 |     await wrapper1.setProps({ value1: 'foo' })"
/home/gabriel/Disk/Research/research-javascript-test-smells/repositories/bootstrap-vue-dev/src/mixins/attrs.spec.js,Magic Number,"{'line': 165, 'column': 37, 'index': 4783}","  163 |     if (!isVue3) {
  164 |       // Both `Input1`'s are re-rendered (See: https://github.com/vuejs/vue/issues/7257)
> 165 |       expect(input1RenderCount).toBe(4)
      |                                     ^ Magic Number
  166 |     }
  167 |
  168 |     // Update the value for the second `Input1`"
/home/gabriel/Disk/Research/research-javascript-test-smells/repositories/bootstrap-vue-dev/src/mixins/attrs.spec.js,Magic Number,"{'line': 174, 'column': 37, 'index': 5129}","  172 |     if (!isVue3) {
  173 |       // Both `Input1`'s are re-rendered (See: https://github.com/vuejs/vue/issues/7257)
> 174 |       expect(input1RenderCount).toBe(6)
      |                                     ^ Magic Number
  175 |     }
  176 |
  177 |     // Update the value for the first `Input2`"
/home/gabriel/Disk/Research/research-javascript-test-smells/repositories/bootstrap-vue-dev/src/mixins/attrs.spec.js,Magic Number,"{'line': 182, 'column': 35, 'index': 5435}","  180 |     expect($inputs2.at(1).vm.value).toBe(undefined)
  181 |     // With `attrsMixin` only the affected `Input2` is re-rendered
> 182 |     expect(input2RenderCount).toBe(3)
      |                                   ^ Magic Number
  183 |
  184 |     // Update the value for the second `Input2`
  185 |     await wrapper2.setProps({ value2: 'bar' })"
/home/gabriel/Disk/Research/research-javascript-test-smells/repositories/bootstrap-vue-dev/src/mixins/attrs.spec.js,Magic Number,"{'line': 189, 'column': 35, 'index': 5732}","  187 |     expect($inputs2.at(1).vm.value).toBe('bar')
  188 |     // With `attrsMixin` only the affected `Input2` is re-rendered
> 189 |     expect(input2RenderCount).toBe(4)
      |                                   ^ Magic Number
  190 |
  191 |     wrapper1.destroy()
  192 |     wrapper2.destroy()"
/home/gabriel/Disk/Research/research-javascript-test-smells/repositories/bootstrap-vue-dev/src/icons/iconstack.spec.js,Duplicate Assert,"{'line': 10, 'column': 4, 'index': 306}","   8 |     expect(wrapper.exists()).toBe(true)
   9 |     expect(wrapper.element.tagName).toBe('svg')
> 10 |     expect(wrapper.classes()).toContain('b-icon')
     |    ^ Duplicate Assert
  11 |     expect(wrapper.classes()).toContain('b-iconstack')
  12 |     expect(wrapper.classes()).toContain('bi')
  13 |     expect(wrapper.classes().length).toBe(3)"
/home/gabriel/Disk/Research/research-javascript-test-smells/repositories/bootstrap-vue-dev/src/icons/iconstack.spec.js,Duplicate Assert,"{'line': 11, 'column': 4, 'index': 356}","   9 |     expect(wrapper.element.tagName).toBe('svg')
  10 |     expect(wrapper.classes()).toContain('b-icon')
> 11 |     expect(wrapper.classes()).toContain('b-iconstack')
     |    ^ Duplicate Assert
  12 |     expect(wrapper.classes()).toContain('bi')
  13 |     expect(wrapper.classes().length).toBe(3)
  14 |     expect(wrapper.attributes('role')).toBe('img')"
/home/gabriel/Disk/Research/research-javascript-test-smells/repositories/bootstrap-vue-dev/src/icons/iconstack.spec.js,Duplicate Assert,"{'line': 12, 'column': 4, 'index': 411}","  10 |     expect(wrapper.classes()).toContain('b-icon')
  11 |     expect(wrapper.classes()).toContain('b-iconstack')
> 12 |     expect(wrapper.classes()).toContain('bi')
     |    ^ Duplicate Assert
  13 |     expect(wrapper.classes().length).toBe(3)
  14 |     expect(wrapper.attributes('role')).toBe('img')
  15 |     expect(wrapper.attributes('aria-label')).toBe('icon')"
/home/gabriel/Disk/Research/research-javascript-test-smells/repositories/bootstrap-vue-dev/src/icons/iconstack.spec.js,Duplicate Assert,"{'line': 40, 'column': 4, 'index': 1539}","  38 |     expect(wrapper.exists()).toBe(true)
  39 |     expect(wrapper.element.tagName).toBe('svg')
> 40 |     expect(wrapper.classes()).toContain('b-icon')
     |    ^ Duplicate Assert
  41 |     expect(wrapper.classes()).toContain('b-iconstack')
  42 |     expect(wrapper.classes()).toContain('bi')
  43 |     expect(wrapper.classes()).toContain('text-danger')"
/home/gabriel/Disk/Research/research-javascript-test-smells/repositories/bootstrap-vue-dev/src/icons/iconstack.spec.js,Duplicate Assert,"{'line': 41, 'column': 4, 'index': 1589}","  39 |     expect(wrapper.element.tagName).toBe('svg')
  40 |     expect(wrapper.classes()).toContain('b-icon')
> 41 |     expect(wrapper.classes()).toContain('b-iconstack')
     |    ^ Duplicate Assert
  42 |     expect(wrapper.classes()).toContain('bi')
  43 |     expect(wrapper.classes()).toContain('text-danger')
  44 |     expect(wrapper.classes().length).toBe(4)"
/home/gabriel/Disk/Research/research-javascript-test-smells/repositories/bootstrap-vue-dev/src/icons/iconstack.spec.js,Duplicate Assert,"{'line': 42, 'column': 4, 'index': 1644}","  40 |     expect(wrapper.classes()).toContain('b-icon')
  41 |     expect(wrapper.classes()).toContain('b-iconstack')
> 42 |     expect(wrapper.classes()).toContain('bi')
     |    ^ Duplicate Assert
  43 |     expect(wrapper.classes()).toContain('text-danger')
  44 |     expect(wrapper.classes().length).toBe(4)
  45 |     expect(wrapper.attributes('role')).toBe('img')"
/home/gabriel/Disk/Research/research-javascript-test-smells/repositories/bootstrap-vue-dev/src/icons/iconstack.spec.js,Duplicate Assert,"{'line': 43, 'column': 4, 'index': 1690}","  41 |     expect(wrapper.classes()).toContain('b-iconstack')
  42 |     expect(wrapper.classes()).toContain('bi')
> 43 |     expect(wrapper.classes()).toContain('text-danger')
     |    ^ Duplicate Assert
  44 |     expect(wrapper.classes().length).toBe(4)
  45 |     expect(wrapper.attributes('role')).toBe('img')
  46 |     expect(wrapper.attributes('aria-label')).toBe('icon')"
/home/gabriel/Disk/Research/research-javascript-test-smells/repositories/bootstrap-vue-dev/src/icons/iconstack.spec.js,Duplicate Assert,"{'line': 63, 'column': 4, 'index': 2363}","  61 |     expect(wrapper.exists()).toBe(true)
  62 |     expect(wrapper.element.tagName).toBe('svg')
> 63 |     expect(wrapper.classes()).toContain('b-icon')
     |    ^ Duplicate Assert
  64 |     expect(wrapper.classes()).toContain('b-iconstack')
  65 |     expect(wrapper.classes()).toContain('bi')
  66 |     expect(wrapper.classes().length).toBe(3)"
/home/gabriel/Disk/Research/research-javascript-test-smells/repositories/bootstrap-vue-dev/src/icons/iconstack.spec.js,Duplicate Assert,"{'line': 64, 'column': 4, 'index': 2413}","  62 |     expect(wrapper.element.tagName).toBe('svg')
  63 |     expect(wrapper.classes()).toContain('b-icon')
> 64 |     expect(wrapper.classes()).toContain('b-iconstack')
     |    ^ Duplicate Assert
  65 |     expect(wrapper.classes()).toContain('bi')
  66 |     expect(wrapper.classes().length).toBe(3)
  67 |     expect(wrapper.attributes('role')).toBe('img')"
/home/gabriel/Disk/Research/research-javascript-test-smells/repositories/bootstrap-vue-dev/src/icons/iconstack.spec.js,Duplicate Assert,"{'line': 65, 'column': 4, 'index': 2468}","  63 |     expect(wrapper.classes()).toContain('b-icon')
  64 |     expect(wrapper.classes()).toContain('b-iconstack')
> 65 |     expect(wrapper.classes()).toContain('bi')
     |    ^ Duplicate Assert
  66 |     expect(wrapper.classes().length).toBe(3)
  67 |     expect(wrapper.attributes('role')).toBe('img')
  68 |     expect(wrapper.attributes('aria-label')).toBe('icon')"
/home/gabriel/Disk/Research/research-javascript-test-smells/repositories/bootstrap-vue-dev/src/icons/iconstack.spec.js,Duplicate Assert,"{'line': 87, 'column': 4, 'index': 3232}","  85 |     expect(wrapper.exists()).toBe(true)
  86 |     expect(wrapper.element.tagName).toBe('svg')
> 87 |     expect(wrapper.classes()).toContain('b-icon')
     |    ^ Duplicate Assert
  88 |     expect(wrapper.classes()).toContain('b-iconstack')
  89 |     expect(wrapper.classes()).toContain('bi')
  90 |     expect(wrapper.classes().length).toBe(3)"
/home/gabriel/Disk/Research/research-javascript-test-smells/repositories/bootstrap-vue-dev/src/icons/iconstack.spec.js,Duplicate Assert,"{'line': 88, 'column': 4, 'index': 3282}","  86 |     expect(wrapper.element.tagName).toBe('svg')
  87 |     expect(wrapper.classes()).toContain('b-icon')
> 88 |     expect(wrapper.classes()).toContain('b-iconstack')
     |    ^ Duplicate Assert
  89 |     expect(wrapper.classes()).toContain('bi')
  90 |     expect(wrapper.classes().length).toBe(3)
  91 |     expect(wrapper.find('svg > g').exists()).toBe(true)"
/home/gabriel/Disk/Research/research-javascript-test-smells/repositories/bootstrap-vue-dev/src/icons/iconstack.spec.js,Duplicate Assert,"{'line': 89, 'column': 4, 'index': 3337}","  87 |     expect(wrapper.classes()).toContain('b-icon')
  88 |     expect(wrapper.classes()).toContain('b-iconstack')
> 89 |     expect(wrapper.classes()).toContain('bi')
     |    ^ Duplicate Assert
  90 |     expect(wrapper.classes().length).toBe(3)
  91 |     expect(wrapper.find('svg > g').exists()).toBe(true)
  92 |     expect(wrapper.find('svg > g').attributes('transform')).toBeDefined()"
/home/gabriel/Disk/Research/research-javascript-test-smells/repositories/bootstrap-vue-dev/src/icons/iconstack.spec.js,Duplicate Assert,"{'line': 92, 'column': 4, 'index': 3484}","  90 |     expect(wrapper.classes().length).toBe(3)
  91 |     expect(wrapper.find('svg > g').exists()).toBe(true)
> 92 |     expect(wrapper.find('svg > g').attributes('transform')).toBeDefined()
     |    ^ Duplicate Assert
  93 |     expect(wrapper.find('svg > g').attributes('transform')).toEqual(
  94 |       'translate(8 8) rotate(45) translate(-8 -8)'
  95 |     )"
/home/gabriel/Disk/Research/research-javascript-test-smells/repositories/bootstrap-vue-dev/src/icons/iconstack.spec.js,Duplicate Assert,"{'line': 93, 'column': 4, 'index': 3558}","  91 |     expect(wrapper.find('svg > g').exists()).toBe(true)
  92 |     expect(wrapper.find('svg > g').attributes('transform')).toBeDefined()
> 93 |     expect(wrapper.find('svg > g').attributes('transform')).toEqual(
     |    ^ Duplicate Assert
  94 |       'translate(8 8) rotate(45) translate(-8 -8)'
  95 |     )
  96 |"
/home/gabriel/Disk/Research/research-javascript-test-smells/repositories/bootstrap-vue-dev/src/icons/iconstack.spec.js,Duplicate Assert,"{'line': 109, 'column': 4, 'index': 3948}","  107 |     expect(wrapper.exists()).toBe(true)
  108 |     expect(wrapper.element.tagName).toBe('svg')
> 109 |     expect(wrapper.classes()).toContain('b-icon')
      |    ^ Duplicate Assert
  110 |     expect(wrapper.classes()).toContain('b-iconstack')
  111 |     expect(wrapper.classes()).toContain('bi')
  112 |     expect(wrapper.classes().length).toBe(3)"
/home/gabriel/Disk/Research/research-javascript-test-smells/repositories/bootstrap-vue-dev/src/icons/iconstack.spec.js,Duplicate Assert,"{'line': 110, 'column': 4, 'index': 3998}","  108 |     expect(wrapper.element.tagName).toBe('svg')
  109 |     expect(wrapper.classes()).toContain('b-icon')
> 110 |     expect(wrapper.classes()).toContain('b-iconstack')
      |    ^ Duplicate Assert
  111 |     expect(wrapper.classes()).toContain('bi')
  112 |     expect(wrapper.classes().length).toBe(3)
  113 |     expect(wrapper.find('svg > g').exists()).toBe(true)"
/home/gabriel/Disk/Research/research-javascript-test-smells/repositories/bootstrap-vue-dev/src/icons/iconstack.spec.js,Duplicate Assert,"{'line': 111, 'column': 4, 'index': 4053}","  109 |     expect(wrapper.classes()).toContain('b-icon')
  110 |     expect(wrapper.classes()).toContain('b-iconstack')
> 111 |     expect(wrapper.classes()).toContain('bi')
      |    ^ Duplicate Assert
  112 |     expect(wrapper.classes().length).toBe(3)
  113 |     expect(wrapper.find('svg > g').exists()).toBe(true)
  114 |     expect(wrapper.find('svg > g').attributes('transform')).toBeDefined()"
/home/gabriel/Disk/Research/research-javascript-test-smells/repositories/bootstrap-vue-dev/src/icons/iconstack.spec.js,Duplicate Assert,"{'line': 114, 'column': 4, 'index': 4200}","  112 |     expect(wrapper.classes().length).toBe(3)
  113 |     expect(wrapper.find('svg > g').exists()).toBe(true)
> 114 |     expect(wrapper.find('svg > g').attributes('transform')).toBeDefined()
      |    ^ Duplicate Assert
  115 |     expect(wrapper.find('svg > g').attributes('transform')).toEqual(
  116 |       'translate(8 8) scale(1.5 1.5) translate(-8 -8)'
  117 |     )"
/home/gabriel/Disk/Research/research-javascript-test-smells/repositories/bootstrap-vue-dev/src/icons/iconstack.spec.js,Duplicate Assert,"{'line': 115, 'column': 4, 'index': 4274}","  113 |     expect(wrapper.find('svg > g').exists()).toBe(true)
  114 |     expect(wrapper.find('svg > g').attributes('transform')).toBeDefined()
> 115 |     expect(wrapper.find('svg > g').attributes('transform')).toEqual(
      |    ^ Duplicate Assert
  116 |       'translate(8 8) scale(1.5 1.5) translate(-8 -8)'
  117 |     )
  118 |"
/home/gabriel/Disk/Research/research-javascript-test-smells/repositories/bootstrap-vue-dev/src/icons/iconstack.spec.js,Duplicate Assert,"{'line': 132, 'column': 4, 'index': 4700}","  130 |     expect(wrapper.exists()).toBe(true)
  131 |     expect(wrapper.element.tagName).toBe('svg')
> 132 |     expect(wrapper.classes()).toContain('b-icon')
      |    ^ Duplicate Assert
  133 |     expect(wrapper.classes()).toContain('b-iconstack')
  134 |     expect(wrapper.classes()).toContain('bi')
  135 |"
/home/gabriel/Disk/Research/research-javascript-test-smells/repositories/bootstrap-vue-dev/src/icons/iconstack.spec.js,Duplicate Assert,"{'line': 133, 'column': 4, 'index': 4750}","  131 |     expect(wrapper.element.tagName).toBe('svg')
  132 |     expect(wrapper.classes()).toContain('b-icon')
> 133 |     expect(wrapper.classes()).toContain('b-iconstack')
      |    ^ Duplicate Assert
  134 |     expect(wrapper.classes()).toContain('bi')
  135 |
  136 |     const $title = wrapper.find('title')"
/home/gabriel/Disk/Research/research-javascript-test-smells/repositories/bootstrap-vue-dev/src/icons/iconstack.spec.js,Duplicate Assert,"{'line': 134, 'column': 4, 'index': 4805}","  132 |     expect(wrapper.classes()).toContain('b-icon')
  133 |     expect(wrapper.classes()).toContain('b-iconstack')
> 134 |     expect(wrapper.classes()).toContain('bi')
      |    ^ Duplicate Assert
  135 |
  136 |     const $title = wrapper.find('title')
  137 |     expect($title.exists()).toBe(true)"
/home/gabriel/Disk/Research/research-javascript-test-smells/repositories/bootstrap-vue-dev/src/icons/iconstack.spec.js,Duplicate Assert,"{'line': 152, 'column': 4, 'index': 5277}","  150 |     expect(wrapper.exists()).toBe(true)
  151 |     expect(wrapper.element.tagName).toBe('svg')
> 152 |     expect(wrapper.classes()).toContain('b-icon')
      |    ^ Duplicate Assert
  153 |     expect(wrapper.classes()).toContain('b-iconstack')
  154 |     expect(wrapper.classes()).toContain('bi')
  155 |"
/home/gabriel/Disk/Research/research-javascript-test-smells/repositories/bootstrap-vue-dev/src/icons/iconstack.spec.js,Duplicate Assert,"{'line': 153, 'column': 4, 'index': 5327}","  151 |     expect(wrapper.element.tagName).toBe('svg')
  152 |     expect(wrapper.classes()).toContain('b-icon')
> 153 |     expect(wrapper.classes()).toContain('b-iconstack')
      |    ^ Duplicate Assert
  154 |     expect(wrapper.classes()).toContain('bi')
  155 |
  156 |     const $title = wrapper.find('title')"
/home/gabriel/Disk/Research/research-javascript-test-smells/repositories/bootstrap-vue-dev/src/icons/iconstack.spec.js,Duplicate Assert,"{'line': 154, 'column': 4, 'index': 5382}","  152 |     expect(wrapper.classes()).toContain('b-icon')
  153 |     expect(wrapper.classes()).toContain('b-iconstack')
> 154 |     expect(wrapper.classes()).toContain('bi')
      |    ^ Duplicate Assert
  155 |
  156 |     const $title = wrapper.find('title')
  157 |     expect($title.exists()).toBe(false)"
/home/gabriel/Disk/Research/research-javascript-test-smells/repositories/bootstrap-vue-dev/src/icons/iconstack.spec.js,Magic Number,"{'line': 13, 'column': 42, 'index': 495}","  11 |     expect(wrapper.classes()).toContain('b-iconstack')
  12 |     expect(wrapper.classes()).toContain('bi')
> 13 |     expect(wrapper.classes().length).toBe(3)
     |                                          ^ Magic Number
  14 |     expect(wrapper.attributes('role')).toBe('img')
  15 |     expect(wrapper.attributes('aria-label')).toBe('icon')
  16 |     expect(wrapper.attributes('focusable')).toBe('false')"
/home/gabriel/Disk/Research/research-javascript-test-smells/repositories/bootstrap-vue-dev/src/icons/iconstack.spec.js,Magic Number,"{'line': 44, 'column': 42, 'index': 1783}","  42 |     expect(wrapper.classes()).toContain('bi')
  43 |     expect(wrapper.classes()).toContain('text-danger')
> 44 |     expect(wrapper.classes().length).toBe(4)
     |                                          ^ Magic Number
  45 |     expect(wrapper.attributes('role')).toBe('img')
  46 |     expect(wrapper.attributes('aria-label')).toBe('icon')
  47 |     expect(wrapper.attributes('focusable')).toBe('false')"
/home/gabriel/Disk/Research/research-javascript-test-smells/repositories/bootstrap-vue-dev/src/icons/iconstack.spec.js,Magic Number,"{'line': 66, 'column': 42, 'index': 2552}","  64 |     expect(wrapper.classes()).toContain('b-iconstack')
  65 |     expect(wrapper.classes()).toContain('bi')
> 66 |     expect(wrapper.classes().length).toBe(3)
     |                                          ^ Magic Number
  67 |     expect(wrapper.attributes('role')).toBe('img')
  68 |     expect(wrapper.attributes('aria-label')).toBe('icon')
  69 |     expect(wrapper.attributes('focusable')).toBe('false')"
/home/gabriel/Disk/Research/research-javascript-test-smells/repositories/bootstrap-vue-dev/src/icons/iconstack.spec.js,Magic Number,"{'line': 90, 'column': 42, 'index': 3421}","  88 |     expect(wrapper.classes()).toContain('b-iconstack')
  89 |     expect(wrapper.classes()).toContain('bi')
> 90 |     expect(wrapper.classes().length).toBe(3)
     |                                          ^ Magic Number
  91 |     expect(wrapper.find('svg > g').exists()).toBe(true)
  92 |     expect(wrapper.find('svg > g').attributes('transform')).toBeDefined()
  93 |     expect(wrapper.find('svg > g').attributes('transform')).toEqual("
/home/gabriel/Disk/Research/research-javascript-test-smells/repositories/bootstrap-vue-dev/src/icons/iconstack.spec.js,Magic Number,"{'line': 112, 'column': 42, 'index': 4137}","  110 |     expect(wrapper.classes()).toContain('b-iconstack')
  111 |     expect(wrapper.classes()).toContain('bi')
> 112 |     expect(wrapper.classes().length).toBe(3)
      |                                          ^ Magic Number
  113 |     expect(wrapper.find('svg > g').exists()).toBe(true)
  114 |     expect(wrapper.find('svg > g').attributes('transform')).toBeDefined()
  115 |     expect(wrapper.find('svg > g').attributes('transform')).toEqual("
/home/gabriel/Disk/Research/research-javascript-test-smells/repositories/bootstrap-vue-dev/src/icons/icons.spec.js,Duplicate Assert,"{'line': 19, 'column': 4, 'index': 475}","  17 |     expect(wrapper.exists()).toBe(true)
  18 |     expect(wrapper.element.tagName).toBe('svg')
> 19 |     expect(wrapper.classes()).toContain('b-icon')
     |    ^ Duplicate Assert
  20 |     expect(wrapper.classes()).toContain('bi')
  21 |     expect(wrapper.classes()).toContain('bi-alarm-fill')
  22 |     expect(wrapper.classes().length).toBe(3)"
/home/gabriel/Disk/Research/research-javascript-test-smells/repositories/bootstrap-vue-dev/src/icons/icons.spec.js,Duplicate Assert,"{'line': 20, 'column': 4, 'index': 525}","  18 |     expect(wrapper.element.tagName).toBe('svg')
  19 |     expect(wrapper.classes()).toContain('b-icon')
> 20 |     expect(wrapper.classes()).toContain('bi')
     |    ^ Duplicate Assert
  21 |     expect(wrapper.classes()).toContain('bi-alarm-fill')
  22 |     expect(wrapper.classes().length).toBe(3)
  23 |     expect(wrapper.attributes('role')).toBe('img')"
/home/gabriel/Disk/Research/research-javascript-test-smells/repositories/bootstrap-vue-dev/src/icons/icons.spec.js,Duplicate Assert,"{'line': 21, 'column': 4, 'index': 571}","  19 |     expect(wrapper.classes()).toContain('b-icon')
  20 |     expect(wrapper.classes()).toContain('bi')
> 21 |     expect(wrapper.classes()).toContain('bi-alarm-fill')
     |    ^ Duplicate Assert
  22 |     expect(wrapper.classes().length).toBe(3)
  23 |     expect(wrapper.attributes('role')).toBe('img')
  24 |     expect(wrapper.attributes('aria-label')).toBe('alarm fill')"
/home/gabriel/Disk/Research/research-javascript-test-smells/repositories/bootstrap-vue-dev/src/icons/icons.spec.js,Duplicate Assert,"{'line': 50, 'column': 4, 'index': 1769}","  48 |     expect(wrapper.exists()).toBe(true)
  49 |     expect(wrapper.element.tagName).toBe('svg')
> 50 |     expect(wrapper.classes()).toContain('b-icon')
     |    ^ Duplicate Assert
  51 |     expect(wrapper.classes()).toContain('bi')
  52 |     expect(wrapper.classes()).toContain('bi-alarm-fill')
  53 |     expect(wrapper.classes().length).toBe(3)"
/home/gabriel/Disk/Research/research-javascript-test-smells/repositories/bootstrap-vue-dev/src/icons/icons.spec.js,Duplicate Assert,"{'line': 51, 'column': 4, 'index': 1819}","  49 |     expect(wrapper.element.tagName).toBe('svg')
  50 |     expect(wrapper.classes()).toContain('b-icon')
> 51 |     expect(wrapper.classes()).toContain('bi')
     |    ^ Duplicate Assert
  52 |     expect(wrapper.classes()).toContain('bi-alarm-fill')
  53 |     expect(wrapper.classes().length).toBe(3)
  54 |     expect(wrapper.attributes('role')).not.toBe('img')"
/home/gabriel/Disk/Research/research-javascript-test-smells/repositories/bootstrap-vue-dev/src/icons/icons.spec.js,Duplicate Assert,"{'line': 52, 'column': 4, 'index': 1865}","  50 |     expect(wrapper.classes()).toContain('b-icon')
  51 |     expect(wrapper.classes()).toContain('bi')
> 52 |     expect(wrapper.classes()).toContain('bi-alarm-fill')
     |    ^ Duplicate Assert
  53 |     expect(wrapper.classes().length).toBe(3)
  54 |     expect(wrapper.attributes('role')).not.toBe('img')
  55 |     expect(wrapper.attributes('aria-label')).not.toBe('icon')"
/home/gabriel/Disk/Research/research-javascript-test-smells/repositories/bootstrap-vue-dev/src/icons/icons.spec.js,Duplicate Assert,"{'line': 56, 'column': 4, 'index': 2084}","  54 |     expect(wrapper.attributes('role')).not.toBe('img')
  55 |     expect(wrapper.attributes('aria-label')).not.toBe('icon')
> 56 |     expect(wrapper.attributes('focusable')).not.toBe('false')
     |    ^ Duplicate Assert
  57 |     expect(wrapper.attributes('focusable')).not.toBe('true')
  58 |     expect(wrapper.attributes('xmlns')).not.toBe('http://www.w3.org/2000/svg')
  59 |     expect(wrapper.attributes('width')).not.toBe('1em')"
/home/gabriel/Disk/Research/research-javascript-test-smells/repositories/bootstrap-vue-dev/src/icons/icons.spec.js,Duplicate Assert,"{'line': 57, 'column': 4, 'index': 2146}","  55 |     expect(wrapper.attributes('aria-label')).not.toBe('icon')
  56 |     expect(wrapper.attributes('focusable')).not.toBe('false')
> 57 |     expect(wrapper.attributes('focusable')).not.toBe('true')
     |    ^ Duplicate Assert
  58 |     expect(wrapper.attributes('xmlns')).not.toBe('http://www.w3.org/2000/svg')
  59 |     expect(wrapper.attributes('width')).not.toBe('1em')
  60 |     expect(wrapper.attributes('height')).not.toBe('1em')"
/home/gabriel/Disk/Research/research-javascript-test-smells/repositories/bootstrap-vue-dev/src/icons/icons.spec.js,Duplicate Assert,"{'line': 86, 'column': 4, 'index': 3379}","  84 |     expect(wrapper.text()).toBe('')
  85 |     expect(wrapper.element.tagName).toBe('svg')
> 86 |     expect(wrapper.classes()).toContain('b-icon')
     |    ^ Duplicate Assert
  87 |     expect(wrapper.classes()).toContain('bi')
  88 |     expect(wrapper.classes()).toContain('bi-blank')
  89 |     expect(wrapper.classes().length).toBe(3)"
/home/gabriel/Disk/Research/research-javascript-test-smells/repositories/bootstrap-vue-dev/src/icons/icons.spec.js,Duplicate Assert,"{'line': 87, 'column': 4, 'index': 3429}","  85 |     expect(wrapper.element.tagName).toBe('svg')
  86 |     expect(wrapper.classes()).toContain('b-icon')
> 87 |     expect(wrapper.classes()).toContain('bi')
     |    ^ Duplicate Assert
  88 |     expect(wrapper.classes()).toContain('bi-blank')
  89 |     expect(wrapper.classes().length).toBe(3)
  90 |     expect(wrapper.find('svg > g').element).toBeEmptyDOMElement()"
/home/gabriel/Disk/Research/research-javascript-test-smells/repositories/bootstrap-vue-dev/src/icons/icons.spec.js,Duplicate Assert,"{'line': 88, 'column': 4, 'index': 3475}","  86 |     expect(wrapper.classes()).toContain('b-icon')
  87 |     expect(wrapper.classes()).toContain('bi')
> 88 |     expect(wrapper.classes()).toContain('bi-blank')
     |    ^ Duplicate Assert
  89 |     expect(wrapper.classes().length).toBe(3)
  90 |     expect(wrapper.find('svg > g').element).toBeEmptyDOMElement()
  91 |"
/home/gabriel/Disk/Research/research-javascript-test-smells/repositories/bootstrap-vue-dev/src/icons/icons.spec.js,Duplicate Assert,"{'line': 123, 'column': 4, 'index': 4573}","  121 |     expect(wrapper.exists()).toBe(true)
  122 |     expect(wrapper.element.tagName).toBe('svg')
> 123 |     expect(wrapper.classes()).toContain('b-icon')
      |    ^ Duplicate Assert
  124 |     expect(wrapper.classes()).toContain('bi')
  125 |     expect(wrapper.classes()).toContain('bi-blank')
  126 |     expect(wrapper.classes().length).toBe(3)"
/home/gabriel/Disk/Research/research-javascript-test-smells/repositories/bootstrap-vue-dev/src/icons/icons.spec.js,Duplicate Assert,"{'line': 124, 'column': 4, 'index': 4623}","  122 |     expect(wrapper.element.tagName).toBe('svg')
  123 |     expect(wrapper.classes()).toContain('b-icon')
> 124 |     expect(wrapper.classes()).toContain('bi')
      |    ^ Duplicate Assert
  125 |     expect(wrapper.classes()).toContain('bi-blank')
  126 |     expect(wrapper.classes().length).toBe(3)
  127 |     expect(wrapper.find('svg > g').exists()).toBe(true)"
/home/gabriel/Disk/Research/research-javascript-test-smells/repositories/bootstrap-vue-dev/src/icons/icons.spec.js,Duplicate Assert,"{'line': 125, 'column': 4, 'index': 4669}","  123 |     expect(wrapper.classes()).toContain('b-icon')
  124 |     expect(wrapper.classes()).toContain('bi')
> 125 |     expect(wrapper.classes()).toContain('bi-blank')
      |    ^ Duplicate Assert
  126 |     expect(wrapper.classes().length).toBe(3)
  127 |     expect(wrapper.find('svg > g').exists()).toBe(true)
  128 |     expect(wrapper.find('svg > g').attributes('transform')).toBeUndefined()"
/home/gabriel/Disk/Research/research-javascript-test-smells/repositories/bootstrap-vue-dev/src/icons/icons.spec.js,Duplicate Assert,"{'line': 144, 'column': 4, 'index': 5248}","  142 |     expect(wrapper.exists()).toBe(true)
  143 |     expect(wrapper.element.tagName).toBe('svg')
> 144 |     expect(wrapper.classes()).toContain('b-icon')
      |    ^ Duplicate Assert
  145 |     expect(wrapper.classes()).toContain('bi')
  146 |     expect(wrapper.classes()).toContain('bi-alarm-fill')
  147 |     expect(wrapper.classes()).toContain('text-danger')"
/home/gabriel/Disk/Research/research-javascript-test-smells/repositories/bootstrap-vue-dev/src/icons/icons.spec.js,Duplicate Assert,"{'line': 145, 'column': 4, 'index': 5298}","  143 |     expect(wrapper.element.tagName).toBe('svg')
  144 |     expect(wrapper.classes()).toContain('b-icon')
> 145 |     expect(wrapper.classes()).toContain('bi')
      |    ^ Duplicate Assert
  146 |     expect(wrapper.classes()).toContain('bi-alarm-fill')
  147 |     expect(wrapper.classes()).toContain('text-danger')
  148 |     expect(wrapper.classes().length).toBe(4)"
/home/gabriel/Disk/Research/research-javascript-test-smells/repositories/bootstrap-vue-dev/src/icons/icons.spec.js,Duplicate Assert,"{'line': 146, 'column': 4, 'index': 5344}","  144 |     expect(wrapper.classes()).toContain('b-icon')
  145 |     expect(wrapper.classes()).toContain('bi')
> 146 |     expect(wrapper.classes()).toContain('bi-alarm-fill')
      |    ^ Duplicate Assert
  147 |     expect(wrapper.classes()).toContain('text-danger')
  148 |     expect(wrapper.classes().length).toBe(4)
  149 |     expect(wrapper.attributes('role')).toBe('img')"
/home/gabriel/Disk/Research/research-javascript-test-smells/repositories/bootstrap-vue-dev/src/icons/icons.spec.js,Duplicate Assert,"{'line': 147, 'column': 4, 'index': 5401}","  145 |     expect(wrapper.classes()).toContain('bi')
  146 |     expect(wrapper.classes()).toContain('bi-alarm-fill')
> 147 |     expect(wrapper.classes()).toContain('text-danger')
      |    ^ Duplicate Assert
  148 |     expect(wrapper.classes().length).toBe(4)
  149 |     expect(wrapper.attributes('role')).toBe('img')
  150 |     expect(wrapper.attributes('aria-label')).toBe('alarm fill')"
/home/gabriel/Disk/Research/research-javascript-test-smells/repositories/bootstrap-vue-dev/src/icons/icons.spec.js,Duplicate Assert,"{'line': 169, 'column': 4, 'index': 6151}","  167 |     expect(wrapper.exists()).toBe(true)
  168 |     expect(wrapper.element.tagName).toBe('svg')
> 169 |     expect(wrapper.classes()).toContain('b-icon')
      |    ^ Duplicate Assert
  170 |     expect(wrapper.classes()).toContain('bi')
  171 |     expect(wrapper.classes()).toContain('bi-alarm-fill')
  172 |     expect(wrapper.classes().length).toBe(3)"
/home/gabriel/Disk/Research/research-javascript-test-smells/repositories/bootstrap-vue-dev/src/icons/icons.spec.js,Duplicate Assert,"{'line': 170, 'column': 4, 'index': 6201}","  168 |     expect(wrapper.element.tagName).toBe('svg')
  169 |     expect(wrapper.classes()).toContain('b-icon')
> 170 |     expect(wrapper.classes()).toContain('bi')
      |    ^ Duplicate Assert
  171 |     expect(wrapper.classes()).toContain('bi-alarm-fill')
  172 |     expect(wrapper.classes().length).toBe(3)
  173 |     expect(wrapper.attributes('role')).toBe('img')"
/home/gabriel/Disk/Research/research-javascript-test-smells/repositories/bootstrap-vue-dev/src/icons/icons.spec.js,Duplicate Assert,"{'line': 171, 'column': 4, 'index': 6247}","  169 |     expect(wrapper.classes()).toContain('b-icon')
  170 |     expect(wrapper.classes()).toContain('bi')
> 171 |     expect(wrapper.classes()).toContain('bi-alarm-fill')
      |    ^ Duplicate Assert
  172 |     expect(wrapper.classes().length).toBe(3)
  173 |     expect(wrapper.attributes('role')).toBe('img')
  174 |     expect(wrapper.attributes('aria-label')).toBe('alarm fill')"
/home/gabriel/Disk/Research/research-javascript-test-smells/repositories/bootstrap-vue-dev/src/icons/icons.spec.js,Duplicate Assert,"{'line': 203, 'column': 4, 'index': 7372}","  201 |     expect(wrapper.exists()).toBe(true)
  202 |     expect(wrapper.element.tagName).toBe('svg')
> 203 |     expect(wrapper.classes()).toContain('b-icon')
      |    ^ Duplicate Assert
  204 |     expect(wrapper.classes()).toContain('bi')
  205 |     expect(wrapper.classes()).toContain('bi-fake-icon-test')
  206 |     expect(wrapper.classes().length).toBe(3)"
/home/gabriel/Disk/Research/research-javascript-test-smells/repositories/bootstrap-vue-dev/src/icons/icons.spec.js,Duplicate Assert,"{'line': 204, 'column': 4, 'index': 7422}","  202 |     expect(wrapper.element.tagName).toBe('svg')
  203 |     expect(wrapper.classes()).toContain('b-icon')
> 204 |     expect(wrapper.classes()).toContain('bi')
      |    ^ Duplicate Assert
  205 |     expect(wrapper.classes()).toContain('bi-fake-icon-test')
  206 |     expect(wrapper.classes().length).toBe(3)
  207 |     expect(wrapper.find('svg > g').exists()).toBe(true)"
/home/gabriel/Disk/Research/research-javascript-test-smells/repositories/bootstrap-vue-dev/src/icons/icons.spec.js,Duplicate Assert,"{'line': 205, 'column': 4, 'index': 7468}","  203 |     expect(wrapper.classes()).toContain('b-icon')
  204 |     expect(wrapper.classes()).toContain('bi')
> 205 |     expect(wrapper.classes()).toContain('bi-fake-icon-test')
      |    ^ Duplicate Assert
  206 |     expect(wrapper.classes().length).toBe(3)
  207 |     expect(wrapper.find('svg > g').exists()).toBe(true)
  208 |     expect(wrapper.find('svg > g').attributes('transform')).toBeUndefined()"
/home/gabriel/Disk/Research/research-javascript-test-smells/repositories/bootstrap-vue-dev/src/icons/icons.spec.js,Duplicate Assert,"{'line': 224, 'column': 4, 'index': 8062}","  222 |     expect(wrapper.exists()).toBe(true)
  223 |     expect(wrapper.element.tagName).toBe('svg')
> 224 |     expect(wrapper.classes()).toContain('b-icon')
      |    ^ Duplicate Assert
  225 |     expect(wrapper.classes()).toContain('bi')
  226 |     expect(wrapper.classes()).toContain('bi-alarm-fill')
  227 |     expect(wrapper.classes().length).toBe(3)"
/home/gabriel/Disk/Research/research-javascript-test-smells/repositories/bootstrap-vue-dev/src/icons/icons.spec.js,Duplicate Assert,"{'line': 225, 'column': 4, 'index': 8112}","  223 |     expect(wrapper.element.tagName).toBe('svg')
  224 |     expect(wrapper.classes()).toContain('b-icon')
> 225 |     expect(wrapper.classes()).toContain('bi')
      |    ^ Duplicate Assert
  226 |     expect(wrapper.classes()).toContain('bi-alarm-fill')
  227 |     expect(wrapper.classes().length).toBe(3)
  228 |     expect(wrapper.find('svg > g').exists()).toBe(true)"
/home/gabriel/Disk/Research/research-javascript-test-smells/repositories/bootstrap-vue-dev/src/icons/icons.spec.js,Duplicate Assert,"{'line': 226, 'column': 4, 'index': 8158}","  224 |     expect(wrapper.classes()).toContain('b-icon')
  225 |     expect(wrapper.classes()).toContain('bi')
> 226 |     expect(wrapper.classes()).toContain('bi-alarm-fill')
      |    ^ Duplicate Assert
  227 |     expect(wrapper.classes().length).toBe(3)
  228 |     expect(wrapper.find('svg > g').exists()).toBe(true)
  229 |     expect(wrapper.find('svg > g').attributes('transform')).toBeDefined()"
/home/gabriel/Disk/Research/research-javascript-test-smells/repositories/bootstrap-vue-dev/src/icons/icons.spec.js,Duplicate Assert,"{'line': 229, 'column': 4, 'index': 8316}","  227 |     expect(wrapper.classes().length).toBe(3)
  228 |     expect(wrapper.find('svg > g').exists()).toBe(true)
> 229 |     expect(wrapper.find('svg > g').attributes('transform')).toBeDefined()
      |    ^ Duplicate Assert
  230 |     expect(wrapper.find('svg > g').attributes('transform')).toEqual(
  231 |       'translate(8 8) rotate(45) translate(-8 -8)'
  232 |     )"
/home/gabriel/Disk/Research/research-javascript-test-smells/repositories/bootstrap-vue-dev/src/icons/icons.spec.js,Duplicate Assert,"{'line': 230, 'column': 4, 'index': 8390}","  228 |     expect(wrapper.find('svg > g').exists()).toBe(true)
  229 |     expect(wrapper.find('svg > g').attributes('transform')).toBeDefined()
> 230 |     expect(wrapper.find('svg > g').attributes('transform')).toEqual(
      |    ^ Duplicate Assert
  231 |       'translate(8 8) rotate(45) translate(-8 -8)'
  232 |     )
  233 |     expect(wrapper.find('svg > g > path').exists()).toBe(true)"
/home/gabriel/Disk/Research/research-javascript-test-smells/repositories/bootstrap-vue-dev/src/icons/icons.spec.js,Duplicate Assert,"{'line': 248, 'column': 4, 'index': 8861}","  246 |     expect(wrapper.exists()).toBe(true)
  247 |     expect(wrapper.element.tagName).toBe('svg')
> 248 |     expect(wrapper.classes()).toContain('b-icon')
      |    ^ Duplicate Assert
  249 |     expect(wrapper.classes()).toContain('bi')
  250 |     expect(wrapper.classes()).toContain('bi-alarm-fill')
  251 |     expect(wrapper.classes().length).toBe(3)"
/home/gabriel/Disk/Research/research-javascript-test-smells/repositories/bootstrap-vue-dev/src/icons/icons.spec.js,Duplicate Assert,"{'line': 249, 'column': 4, 'index': 8911}","  247 |     expect(wrapper.element.tagName).toBe('svg')
  248 |     expect(wrapper.classes()).toContain('b-icon')
> 249 |     expect(wrapper.classes()).toContain('bi')
      |    ^ Duplicate Assert
  250 |     expect(wrapper.classes()).toContain('bi-alarm-fill')
  251 |     expect(wrapper.classes().length).toBe(3)
  252 |     expect(wrapper.find('svg > g').exists()).toBe(true)"
/home/gabriel/Disk/Research/research-javascript-test-smells/repositories/bootstrap-vue-dev/src/icons/icons.spec.js,Duplicate Assert,"{'line': 250, 'column': 4, 'index': 8957}","  248 |     expect(wrapper.classes()).toContain('b-icon')
  249 |     expect(wrapper.classes()).toContain('bi')
> 250 |     expect(wrapper.classes()).toContain('bi-alarm-fill')
      |    ^ Duplicate Assert
  251 |     expect(wrapper.classes().length).toBe(3)
  252 |     expect(wrapper.find('svg > g').exists()).toBe(true)
  253 |     expect(wrapper.find('svg > g').attributes('transform')).toBeDefined()"
/home/gabriel/Disk/Research/research-javascript-test-smells/repositories/bootstrap-vue-dev/src/icons/icons.spec.js,Duplicate Assert,"{'line': 253, 'column': 4, 'index': 9115}","  251 |     expect(wrapper.classes().length).toBe(3)
  252 |     expect(wrapper.find('svg > g').exists()).toBe(true)
> 253 |     expect(wrapper.find('svg > g').attributes('transform')).toBeDefined()
      |    ^ Duplicate Assert
  254 |     expect(wrapper.find('svg > g').attributes('transform')).toEqual(
  255 |       'translate(8 8) scale(1.5 1.5) translate(-8 -8)'
  256 |     )"
/home/gabriel/Disk/Research/research-javascript-test-smells/repositories/bootstrap-vue-dev/src/icons/icons.spec.js,Duplicate Assert,"{'line': 254, 'column': 4, 'index': 9189}","  252 |     expect(wrapper.find('svg > g').exists()).toBe(true)
  253 |     expect(wrapper.find('svg > g').attributes('transform')).toBeDefined()
> 254 |     expect(wrapper.find('svg > g').attributes('transform')).toEqual(
      |    ^ Duplicate Assert
  255 |       'translate(8 8) scale(1.5 1.5) translate(-8 -8)'
  256 |     )
  257 |     expect(wrapper.find('svg > g > path').exists()).toBe(true)"
/home/gabriel/Disk/Research/research-javascript-test-smells/repositories/bootstrap-vue-dev/src/icons/icons.spec.js,Duplicate Assert,"{'line': 272, 'column': 4, 'index': 9664}","  270 |     expect(wrapper.exists()).toBe(true)
  271 |     expect(wrapper.element.tagName).toBe('svg')
> 272 |     expect(wrapper.classes()).toContain('b-icon')
      |    ^ Duplicate Assert
  273 |     expect(wrapper.classes()).toContain('bi')
  274 |     expect(wrapper.classes()).toContain('bi-alarm-fill')
  275 |     expect(wrapper.classes().length).toBe(3)"
/home/gabriel/Disk/Research/research-javascript-test-smells/repositories/bootstrap-vue-dev/src/icons/icons.spec.js,Duplicate Assert,"{'line': 273, 'column': 4, 'index': 9714}","  271 |     expect(wrapper.element.tagName).toBe('svg')
  272 |     expect(wrapper.classes()).toContain('b-icon')
> 273 |     expect(wrapper.classes()).toContain('bi')
      |    ^ Duplicate Assert
  274 |     expect(wrapper.classes()).toContain('bi-alarm-fill')
  275 |     expect(wrapper.classes().length).toBe(3)
  276 |     expect(wrapper.find('svg > g').exists()).toBe(true)"
/home/gabriel/Disk/Research/research-javascript-test-smells/repositories/bootstrap-vue-dev/src/icons/icons.spec.js,Duplicate Assert,"{'line': 274, 'column': 4, 'index': 9760}","  272 |     expect(wrapper.classes()).toContain('b-icon')
  273 |     expect(wrapper.classes()).toContain('bi')
> 274 |     expect(wrapper.classes()).toContain('bi-alarm-fill')
      |    ^ Duplicate Assert
  275 |     expect(wrapper.classes().length).toBe(3)
  276 |     expect(wrapper.find('svg > g').exists()).toBe(true)
  277 |     expect(wrapper.find('svg > g').attributes('transform')).toBeDefined()"
/home/gabriel/Disk/Research/research-javascript-test-smells/repositories/bootstrap-vue-dev/src/icons/icons.spec.js,Duplicate Assert,"{'line': 277, 'column': 4, 'index': 9918}","  275 |     expect(wrapper.classes().length).toBe(3)
  276 |     expect(wrapper.find('svg > g').exists()).toBe(true)
> 277 |     expect(wrapper.find('svg > g').attributes('transform')).toBeDefined()
      |    ^ Duplicate Assert
  278 |     expect(wrapper.find('svg > g').attributes('transform')).toEqual(
  279 |       'translate(8 8) scale(-1 1) translate(-8 -8)'
  280 |     )"
/home/gabriel/Disk/Research/research-javascript-test-smells/repositories/bootstrap-vue-dev/src/icons/icons.spec.js,Duplicate Assert,"{'line': 278, 'column': 4, 'index': 9992}","  276 |     expect(wrapper.find('svg > g').exists()).toBe(true)
  277 |     expect(wrapper.find('svg > g').attributes('transform')).toBeDefined()
> 278 |     expect(wrapper.find('svg > g').attributes('transform')).toEqual(
      |    ^ Duplicate Assert
  279 |       'translate(8 8) scale(-1 1) translate(-8 -8)'
  280 |     )
  281 |     expect(wrapper.find('svg > g > path').exists()).toBe(true)"
/home/gabriel/Disk/Research/research-javascript-test-smells/repositories/bootstrap-vue-dev/src/icons/icons.spec.js,Duplicate Assert,"{'line': 296, 'column': 4, 'index': 10464}","  294 |     expect(wrapper.exists()).toBe(true)
  295 |     expect(wrapper.element.tagName).toBe('svg')
> 296 |     expect(wrapper.classes()).toContain('b-icon')
      |    ^ Duplicate Assert
  297 |     expect(wrapper.classes()).toContain('bi')
  298 |     expect(wrapper.classes()).toContain('bi-alarm-fill')
  299 |     expect(wrapper.classes().length).toBe(3)"
/home/gabriel/Disk/Research/research-javascript-test-smells/repositories/bootstrap-vue-dev/src/icons/icons.spec.js,Duplicate Assert,"{'line': 297, 'column': 4, 'index': 10514}","  295 |     expect(wrapper.element.tagName).toBe('svg')
  296 |     expect(wrapper.classes()).toContain('b-icon')
> 297 |     expect(wrapper.classes()).toContain('bi')
      |    ^ Duplicate Assert
  298 |     expect(wrapper.classes()).toContain('bi-alarm-fill')
  299 |     expect(wrapper.classes().length).toBe(3)
  300 |     expect(wrapper.find('svg > g').exists()).toBe(true)"
/home/gabriel/Disk/Research/research-javascript-test-smells/repositories/bootstrap-vue-dev/src/icons/icons.spec.js,Duplicate Assert,"{'line': 298, 'column': 4, 'index': 10560}","  296 |     expect(wrapper.classes()).toContain('b-icon')
  297 |     expect(wrapper.classes()).toContain('bi')
> 298 |     expect(wrapper.classes()).toContain('bi-alarm-fill')
      |    ^ Duplicate Assert
  299 |     expect(wrapper.classes().length).toBe(3)
  300 |     expect(wrapper.find('svg > g').exists()).toBe(true)
  301 |     expect(wrapper.find('svg > g').attributes('transform')).toBeDefined()"
/home/gabriel/Disk/Research/research-javascript-test-smells/repositories/bootstrap-vue-dev/src/icons/icons.spec.js,Duplicate Assert,"{'line': 301, 'column': 4, 'index': 10718}","  299 |     expect(wrapper.classes().length).toBe(3)
  300 |     expect(wrapper.find('svg > g').exists()).toBe(true)
> 301 |     expect(wrapper.find('svg > g').attributes('transform')).toBeDefined()
      |    ^ Duplicate Assert
  302 |     expect(wrapper.find('svg > g').attributes('transform')).toEqual(
  303 |       'translate(8 8) scale(1 -1) translate(-8 -8)'
  304 |     )"
/home/gabriel/Disk/Research/research-javascript-test-smells/repositories/bootstrap-vue-dev/src/icons/icons.spec.js,Duplicate Assert,"{'line': 302, 'column': 4, 'index': 10792}","  300 |     expect(wrapper.find('svg > g').exists()).toBe(true)
  301 |     expect(wrapper.find('svg > g').attributes('transform')).toBeDefined()
> 302 |     expect(wrapper.find('svg > g').attributes('transform')).toEqual(
      |    ^ Duplicate Assert
  303 |       'translate(8 8) scale(1 -1) translate(-8 -8)'
  304 |     )
  305 |     expect(wrapper.find('svg > g > path').exists()).toBe(true)"
/home/gabriel/Disk/Research/research-javascript-test-smells/repositories/bootstrap-vue-dev/src/icons/icons.spec.js,Duplicate Assert,"{'line': 321, 'column': 4, 'index': 11302}","  319 |     expect(wrapper.exists()).toBe(true)
  320 |     expect(wrapper.element.tagName).toBe('svg')
> 321 |     expect(wrapper.classes()).toContain('b-icon')
      |    ^ Duplicate Assert
  322 |     expect(wrapper.classes()).toContain('bi')
  323 |     expect(wrapper.classes()).toContain('bi-alarm-fill')
  324 |     expect(wrapper.classes().length).toBe(3)"
/home/gabriel/Disk/Research/research-javascript-test-smells/repositories/bootstrap-vue-dev/src/icons/icons.spec.js,Duplicate Assert,"{'line': 322, 'column': 4, 'index': 11352}","  320 |     expect(wrapper.element.tagName).toBe('svg')
  321 |     expect(wrapper.classes()).toContain('b-icon')
> 322 |     expect(wrapper.classes()).toContain('bi')
      |    ^ Duplicate Assert
  323 |     expect(wrapper.classes()).toContain('bi-alarm-fill')
  324 |     expect(wrapper.classes().length).toBe(3)
  325 |     expect(wrapper.find('svg > g').exists()).toBe(true)"
/home/gabriel/Disk/Research/research-javascript-test-smells/repositories/bootstrap-vue-dev/src/icons/icons.spec.js,Duplicate Assert,"{'line': 323, 'column': 4, 'index': 11398}","  321 |     expect(wrapper.classes()).toContain('b-icon')
  322 |     expect(wrapper.classes()).toContain('bi')
> 323 |     expect(wrapper.classes()).toContain('bi-alarm-fill')
      |    ^ Duplicate Assert
  324 |     expect(wrapper.classes().length).toBe(3)
  325 |     expect(wrapper.find('svg > g').exists()).toBe(true)
  326 |     expect(wrapper.find('svg > g').attributes('transform')).toBeDefined()"
/home/gabriel/Disk/Research/research-javascript-test-smells/repositories/bootstrap-vue-dev/src/icons/icons.spec.js,Duplicate Assert,"{'line': 326, 'column': 4, 'index': 11556}","  324 |     expect(wrapper.classes().length).toBe(3)
  325 |     expect(wrapper.find('svg > g').exists()).toBe(true)
> 326 |     expect(wrapper.find('svg > g').attributes('transform')).toBeDefined()
      |    ^ Duplicate Assert
  327 |     expect(wrapper.find('svg > g').attributes('transform')).toEqual(
  328 |       'translate(8 8) scale(-1 -1) translate(-8 -8)'
  329 |     )"
/home/gabriel/Disk/Research/research-javascript-test-smells/repositories/bootstrap-vue-dev/src/icons/icons.spec.js,Duplicate Assert,"{'line': 327, 'column': 4, 'index': 11630}","  325 |     expect(wrapper.find('svg > g').exists()).toBe(true)
  326 |     expect(wrapper.find('svg > g').attributes('transform')).toBeDefined()
> 327 |     expect(wrapper.find('svg > g').attributes('transform')).toEqual(
      |    ^ Duplicate Assert
  328 |       'translate(8 8) scale(-1 -1) translate(-8 -8)'
  329 |     )
  330 |     expect(wrapper.find('svg > g > path').exists()).toBe(true)"
/home/gabriel/Disk/Research/research-javascript-test-smells/repositories/bootstrap-vue-dev/src/icons/icons.spec.js,Duplicate Assert,"{'line': 346, 'column': 4, 'index': 12141}","  344 |     expect(wrapper.exists()).toBe(true)
  345 |     expect(wrapper.element.tagName).toBe('svg')
> 346 |     expect(wrapper.classes()).toContain('b-icon')
      |    ^ Duplicate Assert
  347 |     expect(wrapper.classes()).toContain('bi')
  348 |     expect(wrapper.classes()).toContain('bi-alarm-fill')
  349 |     expect(wrapper.classes().length).toBe(3)"
/home/gabriel/Disk/Research/research-javascript-test-smells/repositories/bootstrap-vue-dev/src/icons/icons.spec.js,Duplicate Assert,"{'line': 347, 'column': 4, 'index': 12191}","  345 |     expect(wrapper.element.tagName).toBe('svg')
  346 |     expect(wrapper.classes()).toContain('b-icon')
> 347 |     expect(wrapper.classes()).toContain('bi')
      |    ^ Duplicate Assert
  348 |     expect(wrapper.classes()).toContain('bi-alarm-fill')
  349 |     expect(wrapper.classes().length).toBe(3)
  350 |     expect(wrapper.find('svg > g').exists()).toBe(true)"
/home/gabriel/Disk/Research/research-javascript-test-smells/repositories/bootstrap-vue-dev/src/icons/icons.spec.js,Duplicate Assert,"{'line': 348, 'column': 4, 'index': 12237}","  346 |     expect(wrapper.classes()).toContain('b-icon')
  347 |     expect(wrapper.classes()).toContain('bi')
> 348 |     expect(wrapper.classes()).toContain('bi-alarm-fill')
      |    ^ Duplicate Assert
  349 |     expect(wrapper.classes().length).toBe(3)
  350 |     expect(wrapper.find('svg > g').exists()).toBe(true)
  351 |     expect(wrapper.find('svg > g').attributes('transform')).toBeDefined()"
/home/gabriel/Disk/Research/research-javascript-test-smells/repositories/bootstrap-vue-dev/src/icons/icons.spec.js,Duplicate Assert,"{'line': 351, 'column': 4, 'index': 12395}","  349 |     expect(wrapper.classes().length).toBe(3)
  350 |     expect(wrapper.find('svg > g').exists()).toBe(true)
> 351 |     expect(wrapper.find('svg > g').attributes('transform')).toBeDefined()
      |    ^ Duplicate Assert
  352 |     expect(wrapper.find('svg > g').attributes('transform')).toEqual(
  353 |       'translate(8 8) scale(-1.5 1.5) translate(-8 -8)'
  354 |     )"
/home/gabriel/Disk/Research/research-javascript-test-smells/repositories/bootstrap-vue-dev/src/icons/icons.spec.js,Duplicate Assert,"{'line': 352, 'column': 4, 'index': 12469}","  350 |     expect(wrapper.find('svg > g').exists()).toBe(true)
  351 |     expect(wrapper.find('svg > g').attributes('transform')).toBeDefined()
> 352 |     expect(wrapper.find('svg > g').attributes('transform')).toEqual(
      |    ^ Duplicate Assert
  353 |       'translate(8 8) scale(-1.5 1.5) translate(-8 -8)'
  354 |     )
  355 |     expect(wrapper.find('svg > g > path').exists()).toBe(true)"
/home/gabriel/Disk/Research/research-javascript-test-smells/repositories/bootstrap-vue-dev/src/icons/icons.spec.js,Duplicate Assert,"{'line': 371, 'column': 4, 'index': 12983}","  369 |     expect(wrapper.exists()).toBe(true)
  370 |     expect(wrapper.element.tagName).toBe('svg')
> 371 |     expect(wrapper.classes()).toContain('b-icon')
      |    ^ Duplicate Assert
  372 |     expect(wrapper.classes()).toContain('bi')
  373 |     expect(wrapper.classes()).toContain('bi-alarm-fill')
  374 |     expect(wrapper.classes().length).toBe(3)"
/home/gabriel/Disk/Research/research-javascript-test-smells/repositories/bootstrap-vue-dev/src/icons/icons.spec.js,Duplicate Assert,"{'line': 372, 'column': 4, 'index': 13033}","  370 |     expect(wrapper.element.tagName).toBe('svg')
  371 |     expect(wrapper.classes()).toContain('b-icon')
> 372 |     expect(wrapper.classes()).toContain('bi')
      |    ^ Duplicate Assert
  373 |     expect(wrapper.classes()).toContain('bi-alarm-fill')
  374 |     expect(wrapper.classes().length).toBe(3)
  375 |     expect(wrapper.find('svg > g').exists()).toBe(true)"
/home/gabriel/Disk/Research/research-javascript-test-smells/repositories/bootstrap-vue-dev/src/icons/icons.spec.js,Duplicate Assert,"{'line': 373, 'column': 4, 'index': 13079}","  371 |     expect(wrapper.classes()).toContain('b-icon')
  372 |     expect(wrapper.classes()).toContain('bi')
> 373 |     expect(wrapper.classes()).toContain('bi-alarm-fill')
      |    ^ Duplicate Assert
  374 |     expect(wrapper.classes().length).toBe(3)
  375 |     expect(wrapper.find('svg > g').exists()).toBe(true)
  376 |     expect(wrapper.find('svg > g').attributes('transform')).toBeDefined()"
/home/gabriel/Disk/Research/research-javascript-test-smells/repositories/bootstrap-vue-dev/src/icons/icons.spec.js,Duplicate Assert,"{'line': 376, 'column': 4, 'index': 13237}","  374 |     expect(wrapper.classes().length).toBe(3)
  375 |     expect(wrapper.find('svg > g').exists()).toBe(true)
> 376 |     expect(wrapper.find('svg > g').attributes('transform')).toBeDefined()
      |    ^ Duplicate Assert
  377 |     expect(wrapper.find('svg > g').attributes('transform')).toEqual(
  378 |       'translate(8 8) scale(1.5 -1.5) translate(-8 -8)'
  379 |     )"
/home/gabriel/Disk/Research/research-javascript-test-smells/repositories/bootstrap-vue-dev/src/icons/icons.spec.js,Duplicate Assert,"{'line': 377, 'column': 4, 'index': 13311}","  375 |     expect(wrapper.find('svg > g').exists()).toBe(true)
  376 |     expect(wrapper.find('svg > g').attributes('transform')).toBeDefined()
> 377 |     expect(wrapper.find('svg > g').attributes('transform')).toEqual(
      |    ^ Duplicate Assert
  378 |       'translate(8 8) scale(1.5 -1.5) translate(-8 -8)'
  379 |     )
  380 |     expect(wrapper.find('svg > g > path').exists()).toBe(true)"
/home/gabriel/Disk/Research/research-javascript-test-smells/repositories/bootstrap-vue-dev/src/icons/icons.spec.js,Duplicate Assert,"{'line': 397, 'column': 4, 'index': 13857}","  395 |     expect(wrapper.exists()).toBe(true)
  396 |     expect(wrapper.element.tagName).toBe('svg')
> 397 |     expect(wrapper.classes()).toContain('b-icon')
      |    ^ Duplicate Assert
  398 |     expect(wrapper.classes()).toContain('bi')
  399 |     expect(wrapper.classes()).toContain('bi-alarm-fill')
  400 |     expect(wrapper.classes().length).toBe(3)"
/home/gabriel/Disk/Research/research-javascript-test-smells/repositories/bootstrap-vue-dev/src/icons/icons.spec.js,Duplicate Assert,"{'line': 398, 'column': 4, 'index': 13907}","  396 |     expect(wrapper.element.tagName).toBe('svg')
  397 |     expect(wrapper.classes()).toContain('b-icon')
> 398 |     expect(wrapper.classes()).toContain('bi')
      |    ^ Duplicate Assert
  399 |     expect(wrapper.classes()).toContain('bi-alarm-fill')
  400 |     expect(wrapper.classes().length).toBe(3)
  401 |     expect(wrapper.find('svg > g').exists()).toBe(true)"
/home/gabriel/Disk/Research/research-javascript-test-smells/repositories/bootstrap-vue-dev/src/icons/icons.spec.js,Duplicate Assert,"{'line': 399, 'column': 4, 'index': 13953}","  397 |     expect(wrapper.classes()).toContain('b-icon')
  398 |     expect(wrapper.classes()).toContain('bi')
> 399 |     expect(wrapper.classes()).toContain('bi-alarm-fill')
      |    ^ Duplicate Assert
  400 |     expect(wrapper.classes().length).toBe(3)
  401 |     expect(wrapper.find('svg > g').exists()).toBe(true)
  402 |     expect(wrapper.find('svg > g').attributes('transform')).toBeDefined()"
/home/gabriel/Disk/Research/research-javascript-test-smells/repositories/bootstrap-vue-dev/src/icons/icons.spec.js,Duplicate Assert,"{'line': 402, 'column': 4, 'index': 14111}","  400 |     expect(wrapper.classes().length).toBe(3)
  401 |     expect(wrapper.find('svg > g').exists()).toBe(true)
> 402 |     expect(wrapper.find('svg > g').attributes('transform')).toBeDefined()
      |    ^ Duplicate Assert
  403 |     expect(wrapper.find('svg > g').attributes('transform')).toEqual(
  404 |       'translate(8 8) scale(-1.5 -1.5) translate(-8 -8)'
  405 |     )"
/home/gabriel/Disk/Research/research-javascript-test-smells/repositories/bootstrap-vue-dev/src/icons/icons.spec.js,Duplicate Assert,"{'line': 403, 'column': 4, 'index': 14185}","  401 |     expect(wrapper.find('svg > g').exists()).toBe(true)
  402 |     expect(wrapper.find('svg > g').attributes('transform')).toBeDefined()
> 403 |     expect(wrapper.find('svg > g').attributes('transform')).toEqual(
      |    ^ Duplicate Assert
  404 |       'translate(8 8) scale(-1.5 -1.5) translate(-8 -8)'
  405 |     )
  406 |     expect(wrapper.find('svg > g > path').exists()).toBe(true)"
/home/gabriel/Disk/Research/research-javascript-test-smells/repositories/bootstrap-vue-dev/src/icons/icons.spec.js,Duplicate Assert,"{'line': 422, 'column': 4, 'index': 14693}","  420 |     expect(wrapper.exists()).toBe(true)
  421 |     expect(wrapper.element.tagName).toBe('svg')
> 422 |     expect(wrapper.classes()).toContain('b-icon')
      |    ^ Duplicate Assert
  423 |     expect(wrapper.classes()).toContain('bi')
  424 |     expect(wrapper.classes()).toContain('bi-alarm-fill')
  425 |     expect(wrapper.classes().length).toBe(3)"
/home/gabriel/Disk/Research/research-javascript-test-smells/repositories/bootstrap-vue-dev/src/icons/icons.spec.js,Duplicate Assert,"{'line': 423, 'column': 4, 'index': 14743}","  421 |     expect(wrapper.element.tagName).toBe('svg')
  422 |     expect(wrapper.classes()).toContain('b-icon')
> 423 |     expect(wrapper.classes()).toContain('bi')
      |    ^ Duplicate Assert
  424 |     expect(wrapper.classes()).toContain('bi-alarm-fill')
  425 |     expect(wrapper.classes().length).toBe(3)
  426 |     expect(wrapper.find('svg > g').exists()).toBe(true)"
/home/gabriel/Disk/Research/research-javascript-test-smells/repositories/bootstrap-vue-dev/src/icons/icons.spec.js,Duplicate Assert,"{'line': 424, 'column': 4, 'index': 14789}","  422 |     expect(wrapper.classes()).toContain('b-icon')
  423 |     expect(wrapper.classes()).toContain('bi')
> 424 |     expect(wrapper.classes()).toContain('bi-alarm-fill')
      |    ^ Duplicate Assert
  425 |     expect(wrapper.classes().length).toBe(3)
  426 |     expect(wrapper.find('svg > g').exists()).toBe(true)
  427 |     expect(wrapper.find('svg > g').attributes('transform')).toBeDefined()"
/home/gabriel/Disk/Research/research-javascript-test-smells/repositories/bootstrap-vue-dev/src/icons/icons.spec.js,Duplicate Assert,"{'line': 427, 'column': 4, 'index': 14947}","  425 |     expect(wrapper.classes().length).toBe(3)
  426 |     expect(wrapper.find('svg > g').exists()).toBe(true)
> 427 |     expect(wrapper.find('svg > g').attributes('transform')).toBeDefined()
      |    ^ Duplicate Assert
  428 |     expect(wrapper.find('svg > g').attributes('transform')).toEqual('translate(8 -16)')
  429 |     expect(wrapper.find('svg > g > g').exists()).toBe(true)
  430 |     expect(wrapper.find('svg > g > g').attributes('transform')).toBeUndefined()"
/home/gabriel/Disk/Research/research-javascript-test-smells/repositories/bootstrap-vue-dev/src/icons/icons.spec.js,Duplicate Assert,"{'line': 428, 'column': 4, 'index': 15021}","  426 |     expect(wrapper.find('svg > g').exists()).toBe(true)
  427 |     expect(wrapper.find('svg > g').attributes('transform')).toBeDefined()
> 428 |     expect(wrapper.find('svg > g').attributes('transform')).toEqual('translate(8 -16)')
      |    ^ Duplicate Assert
  429 |     expect(wrapper.find('svg > g > g').exists()).toBe(true)
  430 |     expect(wrapper.find('svg > g > g').attributes('transform')).toBeUndefined()
  431 |     expect(wrapper.find('svg > g > g > path').exists()).toBe(true)"
/home/gabriel/Disk/Research/research-javascript-test-smells/repositories/bootstrap-vue-dev/src/icons/icons.spec.js,Duplicate Assert,"{'line': 448, 'column': 4, 'index': 15666}","  446 |     expect(wrapper.exists()).toBe(true)
  447 |     expect(wrapper.element.tagName).toBe('svg')
> 448 |     expect(wrapper.classes()).toContain('b-icon')
      |    ^ Duplicate Assert
  449 |     expect(wrapper.classes()).toContain('bi')
  450 |     expect(wrapper.classes()).toContain('bi-alarm-fill')
  451 |     expect(wrapper.classes().length).toBe(3)"
/home/gabriel/Disk/Research/research-javascript-test-smells/repositories/bootstrap-vue-dev/src/icons/icons.spec.js,Duplicate Assert,"{'line': 449, 'column': 4, 'index': 15716}","  447 |     expect(wrapper.element.tagName).toBe('svg')
  448 |     expect(wrapper.classes()).toContain('b-icon')
> 449 |     expect(wrapper.classes()).toContain('bi')
      |    ^ Duplicate Assert
  450 |     expect(wrapper.classes()).toContain('bi-alarm-fill')
  451 |     expect(wrapper.classes().length).toBe(3)
  452 |     expect(wrapper.find('svg > g').exists()).toBe(true)"
/home/gabriel/Disk/Research/research-javascript-test-smells/repositories/bootstrap-vue-dev/src/icons/icons.spec.js,Duplicate Assert,"{'line': 450, 'column': 4, 'index': 15762}","  448 |     expect(wrapper.classes()).toContain('b-icon')
  449 |     expect(wrapper.classes()).toContain('bi')
> 450 |     expect(wrapper.classes()).toContain('bi-alarm-fill')
      |    ^ Duplicate Assert
  451 |     expect(wrapper.classes().length).toBe(3)
  452 |     expect(wrapper.find('svg > g').exists()).toBe(true)
  453 |     expect(wrapper.find('svg > g').attributes('transform')).toBeDefined()"
/home/gabriel/Disk/Research/research-javascript-test-smells/repositories/bootstrap-vue-dev/src/icons/icons.spec.js,Duplicate Assert,"{'line': 453, 'column': 4, 'index': 15920}","  451 |     expect(wrapper.classes().length).toBe(3)
  452 |     expect(wrapper.find('svg > g').exists()).toBe(true)
> 453 |     expect(wrapper.find('svg > g').attributes('transform')).toBeDefined()
      |    ^ Duplicate Assert
  454 |     expect(wrapper.find('svg > g').attributes('transform')).toEqual('translate(8 -16)')
  455 |     expect(wrapper.find('svg > g > g').exists()).toBe(true)
  456 |     expect(wrapper.find('svg > g > g').attributes('transform')).toBeDefined()"
/home/gabriel/Disk/Research/research-javascript-test-smells/repositories/bootstrap-vue-dev/src/icons/icons.spec.js,Duplicate Assert,"{'line': 454, 'column': 4, 'index': 15994}","  452 |     expect(wrapper.find('svg > g').exists()).toBe(true)
  453 |     expect(wrapper.find('svg > g').attributes('transform')).toBeDefined()
> 454 |     expect(wrapper.find('svg > g').attributes('transform')).toEqual('translate(8 -16)')
      |    ^ Duplicate Assert
  455 |     expect(wrapper.find('svg > g > g').exists()).toBe(true)
  456 |     expect(wrapper.find('svg > g > g').attributes('transform')).toBeDefined()
  457 |     expect(wrapper.find('svg > g > g').attributes('transform')).toEqual("
/home/gabriel/Disk/Research/research-javascript-test-smells/repositories/bootstrap-vue-dev/src/icons/icons.spec.js,Duplicate Assert,"{'line': 456, 'column': 4, 'index': 16142}","  454 |     expect(wrapper.find('svg > g').attributes('transform')).toEqual('translate(8 -16)')
  455 |     expect(wrapper.find('svg > g > g').exists()).toBe(true)
> 456 |     expect(wrapper.find('svg > g > g').attributes('transform')).toBeDefined()
      |    ^ Duplicate Assert
  457 |     expect(wrapper.find('svg > g > g').attributes('transform')).toEqual(
  458 |       'translate(8 8) rotate(45) translate(-8 -8)'
  459 |     )"
/home/gabriel/Disk/Research/research-javascript-test-smells/repositories/bootstrap-vue-dev/src/icons/icons.spec.js,Duplicate Assert,"{'line': 457, 'column': 4, 'index': 16220}","  455 |     expect(wrapper.find('svg > g > g').exists()).toBe(true)
  456 |     expect(wrapper.find('svg > g > g').attributes('transform')).toBeDefined()
> 457 |     expect(wrapper.find('svg > g > g').attributes('transform')).toEqual(
      |    ^ Duplicate Assert
  458 |       'translate(8 8) rotate(45) translate(-8 -8)'
  459 |     )
  460 |     expect(wrapper.find('svg > g > g > path').exists()).toBe(true)"
/home/gabriel/Disk/Research/research-javascript-test-smells/repositories/bootstrap-vue-dev/src/icons/icons.spec.js,Duplicate Assert,"{'line': 475, 'column': 4, 'index': 16709}","  473 |     expect(wrapper.exists()).toBe(true)
  474 |     expect(wrapper.element.tagName).toBe('svg')
> 475 |     expect(wrapper.classes()).toContain('b-icon')
      |    ^ Duplicate Assert
  476 |     expect(wrapper.classes()).toContain('bi')
  477 |     expect(wrapper.classes()).toContain('bi-circle-fill')
  478 |     expect(wrapper.classes()).toContain('b-icon-animation-spin')"
/home/gabriel/Disk/Research/research-javascript-test-smells/repositories/bootstrap-vue-dev/src/icons/icons.spec.js,Duplicate Assert,"{'line': 476, 'column': 4, 'index': 16759}","  474 |     expect(wrapper.element.tagName).toBe('svg')
  475 |     expect(wrapper.classes()).toContain('b-icon')
> 476 |     expect(wrapper.classes()).toContain('bi')
      |    ^ Duplicate Assert
  477 |     expect(wrapper.classes()).toContain('bi-circle-fill')
  478 |     expect(wrapper.classes()).toContain('b-icon-animation-spin')
  479 |"
/home/gabriel/Disk/Research/research-javascript-test-smells/repositories/bootstrap-vue-dev/src/icons/icons.spec.js,Duplicate Assert,"{'line': 477, 'column': 4, 'index': 16805}","  475 |     expect(wrapper.classes()).toContain('b-icon')
  476 |     expect(wrapper.classes()).toContain('bi')
> 477 |     expect(wrapper.classes()).toContain('bi-circle-fill')
      |    ^ Duplicate Assert
  478 |     expect(wrapper.classes()).toContain('b-icon-animation-spin')
  479 |
  480 |     wrapper.destroy()"
/home/gabriel/Disk/Research/research-javascript-test-smells/repositories/bootstrap-vue-dev/src/icons/icons.spec.js,Duplicate Assert,"{'line': 478, 'column': 4, 'index': 16863}","  476 |     expect(wrapper.classes()).toContain('bi')
  477 |     expect(wrapper.classes()).toContain('bi-circle-fill')
> 478 |     expect(wrapper.classes()).toContain('b-icon-animation-spin')
      |    ^ Duplicate Assert
  479 |
  480 |     wrapper.destroy()
  481 |   })"
/home/gabriel/Disk/Research/research-javascript-test-smells/repositories/bootstrap-vue-dev/src/icons/icons.spec.js,Duplicate Assert,"{'line': 493, 'column': 4, 'index': 17214}","  491 |     expect(wrapper.exists()).toBe(true)
  492 |     expect(wrapper.element.tagName).toBe('svg')
> 493 |     expect(wrapper.classes()).toContain('b-icon')
      |    ^ Duplicate Assert
  494 |     expect(wrapper.classes()).toContain('bi')
  495 |     expect(wrapper.classes()).toContain('bi-circle-fill')
  496 |"
/home/gabriel/Disk/Research/research-javascript-test-smells/repositories/bootstrap-vue-dev/src/icons/icons.spec.js,Duplicate Assert,"{'line': 494, 'column': 4, 'index': 17264}","  492 |     expect(wrapper.element.tagName).toBe('svg')
  493 |     expect(wrapper.classes()).toContain('b-icon')
> 494 |     expect(wrapper.classes()).toContain('bi')
      |    ^ Duplicate Assert
  495 |     expect(wrapper.classes()).toContain('bi-circle-fill')
  496 |
  497 |     const $title = wrapper.find('title')"
/home/gabriel/Disk/Research/research-javascript-test-smells/repositories/bootstrap-vue-dev/src/icons/icons.spec.js,Duplicate Assert,"{'line': 495, 'column': 4, 'index': 17310}","  493 |     expect(wrapper.classes()).toContain('b-icon')
  494 |     expect(wrapper.classes()).toContain('bi')
> 495 |     expect(wrapper.classes()).toContain('bi-circle-fill')
      |    ^ Duplicate Assert
  496 |
  497 |     const $title = wrapper.find('title')
  498 |     expect($title.exists()).toBe(true)"
/home/gabriel/Disk/Research/research-javascript-test-smells/repositories/bootstrap-vue-dev/src/icons/icons.spec.js,Duplicate Assert,"{'line': 513, 'column': 4, 'index': 17784}","  511 |     expect(wrapper.exists()).toBe(true)
  512 |     expect(wrapper.element.tagName).toBe('svg')
> 513 |     expect(wrapper.classes()).toContain('b-icon')
      |    ^ Duplicate Assert
  514 |     expect(wrapper.classes()).toContain('bi')
  515 |     expect(wrapper.classes()).toContain('bi-circle-fill')
  516 |"
/home/gabriel/Disk/Research/research-javascript-test-smells/repositories/bootstrap-vue-dev/src/icons/icons.spec.js,Duplicate Assert,"{'line': 514, 'column': 4, 'index': 17834}","  512 |     expect(wrapper.element.tagName).toBe('svg')
  513 |     expect(wrapper.classes()).toContain('b-icon')
> 514 |     expect(wrapper.classes()).toContain('bi')
      |    ^ Duplicate Assert
  515 |     expect(wrapper.classes()).toContain('bi-circle-fill')
  516 |
  517 |     const $title = wrapper.find('title')"
/home/gabriel/Disk/Research/research-javascript-test-smells/repositories/bootstrap-vue-dev/src/icons/icons.spec.js,Duplicate Assert,"{'line': 515, 'column': 4, 'index': 17880}","  513 |     expect(wrapper.classes()).toContain('b-icon')
  514 |     expect(wrapper.classes()).toContain('bi')
> 515 |     expect(wrapper.classes()).toContain('bi-circle-fill')
      |    ^ Duplicate Assert
  516 |
  517 |     const $title = wrapper.find('title')
  518 |     expect($title.exists()).toBe(false)"
/home/gabriel/Disk/Research/research-javascript-test-smells/repositories/bootstrap-vue-dev/src/icons/icons.spec.js,Magic Number,"{'line': 22, 'column': 42, 'index': 666}","  20 |     expect(wrapper.classes()).toContain('bi')
  21 |     expect(wrapper.classes()).toContain('bi-alarm-fill')
> 22 |     expect(wrapper.classes().length).toBe(3)
     |                                          ^ Magic Number
  23 |     expect(wrapper.attributes('role')).toBe('img')
  24 |     expect(wrapper.attributes('aria-label')).toBe('alarm fill')
  25 |     expect(wrapper.attributes('focusable')).toBe('false')"
/home/gabriel/Disk/Research/research-javascript-test-smells/repositories/bootstrap-vue-dev/src/icons/icons.spec.js,Magic Number,"{'line': 53, 'column': 42, 'index': 1960}","  51 |     expect(wrapper.classes()).toContain('bi')
  52 |     expect(wrapper.classes()).toContain('bi-alarm-fill')
> 53 |     expect(wrapper.classes().length).toBe(3)
     |                                          ^ Magic Number
  54 |     expect(wrapper.attributes('role')).not.toBe('img')
  55 |     expect(wrapper.attributes('aria-label')).not.toBe('icon')
  56 |     expect(wrapper.attributes('focusable')).not.toBe('false')"
/home/gabriel/Disk/Research/research-javascript-test-smells/repositories/bootstrap-vue-dev/src/icons/icons.spec.js,Magic Number,"{'line': 89, 'column': 42, 'index': 3565}","  87 |     expect(wrapper.classes()).toContain('bi')
  88 |     expect(wrapper.classes()).toContain('bi-blank')
> 89 |     expect(wrapper.classes().length).toBe(3)
     |                                          ^ Magic Number
  90 |     expect(wrapper.find('svg > g').element).toBeEmptyDOMElement()
  91 |
  92 |     wrapper.destroy()"
/home/gabriel/Disk/Research/research-javascript-test-smells/repositories/bootstrap-vue-dev/src/icons/icons.spec.js,Magic Number,"{'line': 126, 'column': 42, 'index': 4759}","  124 |     expect(wrapper.classes()).toContain('bi')
  125 |     expect(wrapper.classes()).toContain('bi-blank')
> 126 |     expect(wrapper.classes().length).toBe(3)
      |                                          ^ Magic Number
  127 |     expect(wrapper.find('svg > g').exists()).toBe(true)
  128 |     expect(wrapper.find('svg > g').attributes('transform')).toBeUndefined()
  129 |     expect(wrapper.find('svg > g').element).toBeEmptyDOMElement()"
/home/gabriel/Disk/Research/research-javascript-test-smells/repositories/bootstrap-vue-dev/src/icons/icons.spec.js,Magic Number,"{'line': 148, 'column': 42, 'index': 5494}","  146 |     expect(wrapper.classes()).toContain('bi-alarm-fill')
  147 |     expect(wrapper.classes()).toContain('text-danger')
> 148 |     expect(wrapper.classes().length).toBe(4)
      |                                          ^ Magic Number
  149 |     expect(wrapper.attributes('role')).toBe('img')
  150 |     expect(wrapper.attributes('aria-label')).toBe('alarm fill')
  151 |     expect(wrapper.attributes('focusable')).toBe('false')"
/home/gabriel/Disk/Research/research-javascript-test-smells/repositories/bootstrap-vue-dev/src/icons/icons.spec.js,Magic Number,"{'line': 172, 'column': 42, 'index': 6342}","  170 |     expect(wrapper.classes()).toContain('bi')
  171 |     expect(wrapper.classes()).toContain('bi-alarm-fill')
> 172 |     expect(wrapper.classes().length).toBe(3)
      |                                          ^ Magic Number
  173 |     expect(wrapper.attributes('role')).toBe('img')
  174 |     expect(wrapper.attributes('aria-label')).toBe('alarm fill')
  175 |     expect(wrapper.attributes('focusable')).toBe('false')"
/home/gabriel/Disk/Research/research-javascript-test-smells/repositories/bootstrap-vue-dev/src/icons/icons.spec.js,Magic Number,"{'line': 206, 'column': 42, 'index': 7567}","  204 |     expect(wrapper.classes()).toContain('bi')
  205 |     expect(wrapper.classes()).toContain('bi-fake-icon-test')
> 206 |     expect(wrapper.classes().length).toBe(3)
      |                                          ^ Magic Number
  207 |     expect(wrapper.find('svg > g').exists()).toBe(true)
  208 |     expect(wrapper.find('svg > g').attributes('transform')).toBeUndefined()
  209 |     expect(wrapper.find('svg > g > path.fake-path').exists()).toBe(true)"
/home/gabriel/Disk/Research/research-javascript-test-smells/repositories/bootstrap-vue-dev/src/icons/icons.spec.js,Magic Number,"{'line': 227, 'column': 42, 'index': 8253}","  225 |     expect(wrapper.classes()).toContain('bi')
  226 |     expect(wrapper.classes()).toContain('bi-alarm-fill')
> 227 |     expect(wrapper.classes().length).toBe(3)
      |                                          ^ Magic Number
  228 |     expect(wrapper.find('svg > g').exists()).toBe(true)
  229 |     expect(wrapper.find('svg > g').attributes('transform')).toBeDefined()
  230 |     expect(wrapper.find('svg > g').attributes('transform')).toEqual("
/home/gabriel/Disk/Research/research-javascript-test-smells/repositories/bootstrap-vue-dev/src/icons/icons.spec.js,Magic Number,"{'line': 251, 'column': 42, 'index': 9052}","  249 |     expect(wrapper.classes()).toContain('bi')
  250 |     expect(wrapper.classes()).toContain('bi-alarm-fill')
> 251 |     expect(wrapper.classes().length).toBe(3)
      |                                          ^ Magic Number
  252 |     expect(wrapper.find('svg > g').exists()).toBe(true)
  253 |     expect(wrapper.find('svg > g').attributes('transform')).toBeDefined()
  254 |     expect(wrapper.find('svg > g').attributes('transform')).toEqual("
/home/gabriel/Disk/Research/research-javascript-test-smells/repositories/bootstrap-vue-dev/src/icons/icons.spec.js,Magic Number,"{'line': 275, 'column': 42, 'index': 9855}","  273 |     expect(wrapper.classes()).toContain('bi')
  274 |     expect(wrapper.classes()).toContain('bi-alarm-fill')
> 275 |     expect(wrapper.classes().length).toBe(3)
      |                                          ^ Magic Number
  276 |     expect(wrapper.find('svg > g').exists()).toBe(true)
  277 |     expect(wrapper.find('svg > g').attributes('transform')).toBeDefined()
  278 |     expect(wrapper.find('svg > g').attributes('transform')).toEqual("
/home/gabriel/Disk/Research/research-javascript-test-smells/repositories/bootstrap-vue-dev/src/icons/icons.spec.js,Magic Number,"{'line': 299, 'column': 42, 'index': 10655}","  297 |     expect(wrapper.classes()).toContain('bi')
  298 |     expect(wrapper.classes()).toContain('bi-alarm-fill')
> 299 |     expect(wrapper.classes().length).toBe(3)
      |                                          ^ Magic Number
  300 |     expect(wrapper.find('svg > g').exists()).toBe(true)
  301 |     expect(wrapper.find('svg > g').attributes('transform')).toBeDefined()
  302 |     expect(wrapper.find('svg > g').attributes('transform')).toEqual("
/home/gabriel/Disk/Research/research-javascript-test-smells/repositories/bootstrap-vue-dev/src/icons/icons.spec.js,Magic Number,"{'line': 324, 'column': 42, 'index': 11493}","  322 |     expect(wrapper.classes()).toContain('bi')
  323 |     expect(wrapper.classes()).toContain('bi-alarm-fill')
> 324 |     expect(wrapper.classes().length).toBe(3)
      |                                          ^ Magic Number
  325 |     expect(wrapper.find('svg > g').exists()).toBe(true)
  326 |     expect(wrapper.find('svg > g').attributes('transform')).toBeDefined()
  327 |     expect(wrapper.find('svg > g').attributes('transform')).toEqual("
/home/gabriel/Disk/Research/research-javascript-test-smells/repositories/bootstrap-vue-dev/src/icons/icons.spec.js,Magic Number,"{'line': 349, 'column': 42, 'index': 12332}","  347 |     expect(wrapper.classes()).toContain('bi')
  348 |     expect(wrapper.classes()).toContain('bi-alarm-fill')
> 349 |     expect(wrapper.classes().length).toBe(3)
      |                                          ^ Magic Number
  350 |     expect(wrapper.find('svg > g').exists()).toBe(true)
  351 |     expect(wrapper.find('svg > g').attributes('transform')).toBeDefined()
  352 |     expect(wrapper.find('svg > g').attributes('transform')).toEqual("
/home/gabriel/Disk/Research/research-javascript-test-smells/repositories/bootstrap-vue-dev/src/icons/icons.spec.js,Magic Number,"{'line': 374, 'column': 42, 'index': 13174}","  372 |     expect(wrapper.classes()).toContain('bi')
  373 |     expect(wrapper.classes()).toContain('bi-alarm-fill')
> 374 |     expect(wrapper.classes().length).toBe(3)
      |                                          ^ Magic Number
  375 |     expect(wrapper.find('svg > g').exists()).toBe(true)
  376 |     expect(wrapper.find('svg > g').attributes('transform')).toBeDefined()
  377 |     expect(wrapper.find('svg > g').attributes('transform')).toEqual("
/home/gabriel/Disk/Research/research-javascript-test-smells/repositories/bootstrap-vue-dev/src/icons/icons.spec.js,Magic Number,"{'line': 400, 'column': 42, 'index': 14048}","  398 |     expect(wrapper.classes()).toContain('bi')
  399 |     expect(wrapper.classes()).toContain('bi-alarm-fill')
> 400 |     expect(wrapper.classes().length).toBe(3)
      |                                          ^ Magic Number
  401 |     expect(wrapper.find('svg > g').exists()).toBe(true)
  402 |     expect(wrapper.find('svg > g').attributes('transform')).toBeDefined()
  403 |     expect(wrapper.find('svg > g').attributes('transform')).toEqual("
/home/gabriel/Disk/Research/research-javascript-test-smells/repositories/bootstrap-vue-dev/src/icons/icons.spec.js,Magic Number,"{'line': 425, 'column': 42, 'index': 14884}","  423 |     expect(wrapper.classes()).toContain('bi')
  424 |     expect(wrapper.classes()).toContain('bi-alarm-fill')
> 425 |     expect(wrapper.classes().length).toBe(3)
      |                                          ^ Magic Number
  426 |     expect(wrapper.find('svg > g').exists()).toBe(true)
  427 |     expect(wrapper.find('svg > g').attributes('transform')).toBeDefined()
  428 |     expect(wrapper.find('svg > g').attributes('transform')).toEqual('translate(8 -16)')"
/home/gabriel/Disk/Research/research-javascript-test-smells/repositories/bootstrap-vue-dev/src/icons/icons.spec.js,Magic Number,"{'line': 451, 'column': 42, 'index': 15857}","  449 |     expect(wrapper.classes()).toContain('bi')
  450 |     expect(wrapper.classes()).toContain('bi-alarm-fill')
> 451 |     expect(wrapper.classes().length).toBe(3)
      |                                          ^ Magic Number
  452 |     expect(wrapper.find('svg > g').exists()).toBe(true)
  453 |     expect(wrapper.find('svg > g').attributes('transform')).toBeDefined()
  454 |     expect(wrapper.find('svg > g').attributes('transform')).toEqual('translate(8 -16)')"
/home/gabriel/Disk/Research/research-javascript-test-smells/repositories/bootstrap-vue-dev/src/directives/tooltip/tooltip.spec.js,Duplicate Assert,"{'line': 110, 'column': 4, 'index': 3077}","  108 |     expect($button.element[BV_TOOLTIP].$options.name).toBe('BVTooltip')
  109 |
> 110 |     expect($button.attributes('aria-describedby')).toBeUndefined()
      |    ^ Duplicate Assert
  111 |
  112 |     // Trigger click
  113 |     await $button.trigger('click')"
/home/gabriel/Disk/Research/research-javascript-test-smells/repositories/bootstrap-vue-dev/src/directives/tooltip/tooltip.spec.js,Duplicate Assert,"{'line': 120, 'column': 4, 'index': 3323}","  118 |     await waitRAF()
  119 |
> 120 |     expect($button.attributes('aria-describedby')).toBeDefined()
      |    ^ Duplicate Assert
  121 |     const adb = $button.attributes('aria-describedby')
  122 |
  123 |     const tip = document.querySelector(`#${adb}`)"
/home/gabriel/Disk/Research/research-javascript-test-smells/repositories/bootstrap-vue-dev/src/directives/tooltip/tooltip.spec.js,Duplicate Assert,"{'line': 162, 'column': 4, 'index': 4464}","  160 |     expect($button.element[BV_TOOLTIP].$options.name).toBe('BVTooltip')
  161 |
> 162 |     expect($button.attributes('aria-describedby')).toBeUndefined()
      |    ^ Duplicate Assert
  163 |
  164 |     // Trigger click
  165 |     await $button.trigger('click')"
/home/gabriel/Disk/Research/research-javascript-test-smells/repositories/bootstrap-vue-dev/src/directives/tooltip/tooltip.spec.js,Duplicate Assert,"{'line': 162, 'column': 4, 'index': 4464}","  160 |     expect($button.element[BV_TOOLTIP].$options.name).toBe('BVTooltip')
  161 |
> 162 |     expect($button.attributes('aria-describedby')).toBeUndefined()
      |    ^ Duplicate Assert
  163 |
  164 |     // Trigger click
  165 |     await $button.trigger('click')"
/home/gabriel/Disk/Research/research-javascript-test-smells/repositories/bootstrap-vue-dev/src/directives/tooltip/tooltip.spec.js,Duplicate Assert,"{'line': 172, 'column': 4, 'index': 4710}","  170 |     await waitRAF()
  171 |
> 172 |     expect($button.attributes('aria-describedby')).toBeUndefined()
      |    ^ Duplicate Assert
  173 |
  174 |     wrapper.destroy()
  175 |   })"
/home/gabriel/Disk/Research/research-javascript-test-smells/repositories/bootstrap-vue-dev/src/directives/tooltip/tooltip.spec.js,Duplicate Assert,"{'line': 172, 'column': 4, 'index': 4710}","  170 |     await waitRAF()
  171 |
> 172 |     expect($button.attributes('aria-describedby')).toBeUndefined()
      |    ^ Duplicate Assert
  173 |
  174 |     wrapper.destroy()
  175 |   })"
/home/gabriel/Disk/Research/research-javascript-test-smells/repositories/bootstrap-vue-dev/src/directives/toggle/toggle.spec.js,Duplicate Assert,"{'line': 37, 'column': 4, 'index': 1031}","  35 |     expect(wrapper.vm).toBeDefined()
  36 |     expect(wrapper.element.tagName).toBe('BUTTON')
> 37 |     expect(spy).not.toHaveBeenCalled()
     |    ^ Duplicate Assert
  38 |
  39 |     const $button = wrapper.find('button')
  40 |     expect($button.attributes('aria-controls')).toBe('test')"
/home/gabriel/Disk/Research/research-javascript-test-smells/repositories/bootstrap-vue-dev/src/directives/toggle/toggle.spec.js,Duplicate Assert,"{'line': 40, 'column': 4, 'index': 1114}","  38 |
  39 |     const $button = wrapper.find('button')
> 40 |     expect($button.attributes('aria-controls')).toBe('test')
     |    ^ Duplicate Assert
  41 |     expect($button.attributes('aria-expanded')).toBe('false')
  42 |     expect($button.attributes('tabindex')).toBeUndefined()
  43 |     expect($button.classes()).toContain('collapsed')"
/home/gabriel/Disk/Research/research-javascript-test-smells/repositories/bootstrap-vue-dev/src/directives/toggle/toggle.spec.js,Duplicate Assert,"{'line': 40, 'column': 4, 'index': 1114}","  38 |
  39 |     const $button = wrapper.find('button')
> 40 |     expect($button.attributes('aria-controls')).toBe('test')
     |    ^ Duplicate Assert
  41 |     expect($button.attributes('aria-expanded')).toBe('false')
  42 |     expect($button.attributes('tabindex')).toBeUndefined()
  43 |     expect($button.classes()).toContain('collapsed')"
/home/gabriel/Disk/Research/research-javascript-test-smells/repositories/bootstrap-vue-dev/src/directives/toggle/toggle.spec.js,Duplicate Assert,"{'line': 41, 'column': 4, 'index': 1175}","  39 |     const $button = wrapper.find('button')
  40 |     expect($button.attributes('aria-controls')).toBe('test')
> 41 |     expect($button.attributes('aria-expanded')).toBe('false')
     |    ^ Duplicate Assert
  42 |     expect($button.attributes('tabindex')).toBeUndefined()
  43 |     expect($button.classes()).toContain('collapsed')
  44 |     expect($button.classes()).not.toContain('not-collapsed')"
/home/gabriel/Disk/Research/research-javascript-test-smells/repositories/bootstrap-vue-dev/src/directives/toggle/toggle.spec.js,Duplicate Assert,"{'line': 41, 'column': 4, 'index': 1175}","  39 |     const $button = wrapper.find('button')
  40 |     expect($button.attributes('aria-controls')).toBe('test')
> 41 |     expect($button.attributes('aria-expanded')).toBe('false')
     |    ^ Duplicate Assert
  42 |     expect($button.attributes('tabindex')).toBeUndefined()
  43 |     expect($button.classes()).toContain('collapsed')
  44 |     expect($button.classes()).not.toContain('not-collapsed')"
/home/gabriel/Disk/Research/research-javascript-test-smells/repositories/bootstrap-vue-dev/src/directives/toggle/toggle.spec.js,Duplicate Assert,"{'line': 42, 'column': 4, 'index': 1237}","  40 |     expect($button.attributes('aria-controls')).toBe('test')
  41 |     expect($button.attributes('aria-expanded')).toBe('false')
> 42 |     expect($button.attributes('tabindex')).toBeUndefined()
     |    ^ Duplicate Assert
  43 |     expect($button.classes()).toContain('collapsed')
  44 |     expect($button.classes()).not.toContain('not-collapsed')
  45 |"
/home/gabriel/Disk/Research/research-javascript-test-smells/repositories/bootstrap-vue-dev/src/directives/toggle/toggle.spec.js,Duplicate Assert,"{'line': 42, 'column': 4, 'index': 1237}","  40 |     expect($button.attributes('aria-controls')).toBe('test')
  41 |     expect($button.attributes('aria-expanded')).toBe('false')
> 42 |     expect($button.attributes('tabindex')).toBeUndefined()
     |    ^ Duplicate Assert
  43 |     expect($button.classes()).toContain('collapsed')
  44 |     expect($button.classes()).not.toContain('not-collapsed')
  45 |"
/home/gabriel/Disk/Research/research-javascript-test-smells/repositories/bootstrap-vue-dev/src/directives/toggle/toggle.spec.js,Duplicate Assert,"{'line': 43, 'column': 4, 'index': 1296}","  41 |     expect($button.attributes('aria-expanded')).toBe('false')
  42 |     expect($button.attributes('tabindex')).toBeUndefined()
> 43 |     expect($button.classes()).toContain('collapsed')
     |    ^ Duplicate Assert
  44 |     expect($button.classes()).not.toContain('not-collapsed')
  45 |
  46 |     await $button.trigger('click')"
/home/gabriel/Disk/Research/research-javascript-test-smells/repositories/bootstrap-vue-dev/src/directives/toggle/toggle.spec.js,Duplicate Assert,"{'line': 43, 'column': 4, 'index': 1296}","  41 |     expect($button.attributes('aria-expanded')).toBe('false')
  42 |     expect($button.attributes('tabindex')).toBeUndefined()
> 43 |     expect($button.classes()).toContain('collapsed')
     |    ^ Duplicate Assert
  44 |     expect($button.classes()).not.toContain('not-collapsed')
  45 |
  46 |     await $button.trigger('click')"
/home/gabriel/Disk/Research/research-javascript-test-smells/repositories/bootstrap-vue-dev/src/directives/toggle/toggle.spec.js,Duplicate Assert,"{'line': 44, 'column': 4, 'index': 1349}","  42 |     expect($button.attributes('tabindex')).toBeUndefined()
  43 |     expect($button.classes()).toContain('collapsed')
> 44 |     expect($button.classes()).not.toContain('not-collapsed')
     |    ^ Duplicate Assert
  45 |
  46 |     await $button.trigger('click')
  47 |     expect(spy).toHaveBeenCalledTimes(1)"
/home/gabriel/Disk/Research/research-javascript-test-smells/repositories/bootstrap-vue-dev/src/directives/toggle/toggle.spec.js,Duplicate Assert,"{'line': 44, 'column': 4, 'index': 1349}","  42 |     expect($button.attributes('tabindex')).toBeUndefined()
  43 |     expect($button.classes()).toContain('collapsed')
> 44 |     expect($button.classes()).not.toContain('not-collapsed')
     |    ^ Duplicate Assert
  45 |
  46 |     await $button.trigger('click')
  47 |     expect(spy).toHaveBeenCalledTimes(1)"
/home/gabriel/Disk/Research/research-javascript-test-smells/repositories/bootstrap-vue-dev/src/directives/toggle/toggle.spec.js,Duplicate Assert,"{'line': 47, 'column': 4, 'index': 1446}","  45 |
  46 |     await $button.trigger('click')
> 47 |     expect(spy).toHaveBeenCalledTimes(1)
     |    ^ Duplicate Assert
  48 |     expect(spy).toBeCalledWith('test')
  49 |
  50 |     // Since there is no target collapse to respond with the"
/home/gabriel/Disk/Research/research-javascript-test-smells/repositories/bootstrap-vue-dev/src/directives/toggle/toggle.spec.js,Duplicate Assert,"{'line': 48, 'column': 4, 'index': 1487}","  46 |     await $button.trigger('click')
  47 |     expect(spy).toHaveBeenCalledTimes(1)
> 48 |     expect(spy).toBeCalledWith('test')
     |    ^ Duplicate Assert
  49 |
  50 |     // Since there is no target collapse to respond with the
  51 |     // current state, the classes and attrs remain the same"
/home/gabriel/Disk/Research/research-javascript-test-smells/repositories/bootstrap-vue-dev/src/directives/toggle/toggle.spec.js,Duplicate Assert,"{'line': 52, 'column': 4, 'index': 1648}","  50 |     // Since there is no target collapse to respond with the
  51 |     // current state, the classes and attrs remain the same
> 52 |     expect($button.attributes('aria-controls')).toBe('test')
     |    ^ Duplicate Assert
  53 |     expect($button.attributes('aria-expanded')).toBe('false')
  54 |     expect($button.attributes('tabindex')).toBeUndefined()
  55 |     expect($button.classes()).toContain('collapsed')"
/home/gabriel/Disk/Research/research-javascript-test-smells/repositories/bootstrap-vue-dev/src/directives/toggle/toggle.spec.js,Duplicate Assert,"{'line': 52, 'column': 4, 'index': 1648}","  50 |     // Since there is no target collapse to respond with the
  51 |     // current state, the classes and attrs remain the same
> 52 |     expect($button.attributes('aria-controls')).toBe('test')
     |    ^ Duplicate Assert
  53 |     expect($button.attributes('aria-expanded')).toBe('false')
  54 |     expect($button.attributes('tabindex')).toBeUndefined()
  55 |     expect($button.classes()).toContain('collapsed')"
/home/gabriel/Disk/Research/research-javascript-test-smells/repositories/bootstrap-vue-dev/src/directives/toggle/toggle.spec.js,Duplicate Assert,"{'line': 53, 'column': 4, 'index': 1709}","  51 |     // current state, the classes and attrs remain the same
  52 |     expect($button.attributes('aria-controls')).toBe('test')
> 53 |     expect($button.attributes('aria-expanded')).toBe('false')
     |    ^ Duplicate Assert
  54 |     expect($button.attributes('tabindex')).toBeUndefined()
  55 |     expect($button.classes()).toContain('collapsed')
  56 |     expect($button.classes()).not.toContain('not-collapsed')"
/home/gabriel/Disk/Research/research-javascript-test-smells/repositories/bootstrap-vue-dev/src/directives/toggle/toggle.spec.js,Duplicate Assert,"{'line': 53, 'column': 4, 'index': 1709}","  51 |     // current state, the classes and attrs remain the same
  52 |     expect($button.attributes('aria-controls')).toBe('test')
> 53 |     expect($button.attributes('aria-expanded')).toBe('false')
     |    ^ Duplicate Assert
  54 |     expect($button.attributes('tabindex')).toBeUndefined()
  55 |     expect($button.classes()).toContain('collapsed')
  56 |     expect($button.classes()).not.toContain('not-collapsed')"
/home/gabriel/Disk/Research/research-javascript-test-smells/repositories/bootstrap-vue-dev/src/directives/toggle/toggle.spec.js,Duplicate Assert,"{'line': 54, 'column': 4, 'index': 1771}","  52 |     expect($button.attributes('aria-controls')).toBe('test')
  53 |     expect($button.attributes('aria-expanded')).toBe('false')
> 54 |     expect($button.attributes('tabindex')).toBeUndefined()
     |    ^ Duplicate Assert
  55 |     expect($button.classes()).toContain('collapsed')
  56 |     expect($button.classes()).not.toContain('not-collapsed')
  57 |"
/home/gabriel/Disk/Research/research-javascript-test-smells/repositories/bootstrap-vue-dev/src/directives/toggle/toggle.spec.js,Duplicate Assert,"{'line': 54, 'column': 4, 'index': 1771}","  52 |     expect($button.attributes('aria-controls')).toBe('test')
  53 |     expect($button.attributes('aria-expanded')).toBe('false')
> 54 |     expect($button.attributes('tabindex')).toBeUndefined()
     |    ^ Duplicate Assert
  55 |     expect($button.classes()).toContain('collapsed')
  56 |     expect($button.classes()).not.toContain('not-collapsed')
  57 |"
/home/gabriel/Disk/Research/research-javascript-test-smells/repositories/bootstrap-vue-dev/src/directives/toggle/toggle.spec.js,Duplicate Assert,"{'line': 55, 'column': 4, 'index': 1830}","  53 |     expect($button.attributes('aria-expanded')).toBe('false')
  54 |     expect($button.attributes('tabindex')).toBeUndefined()
> 55 |     expect($button.classes()).toContain('collapsed')
     |    ^ Duplicate Assert
  56 |     expect($button.classes()).not.toContain('not-collapsed')
  57 |
  58 |     wrapper.destroy()"
/home/gabriel/Disk/Research/research-javascript-test-smells/repositories/bootstrap-vue-dev/src/directives/toggle/toggle.spec.js,Duplicate Assert,"{'line': 55, 'column': 4, 'index': 1830}","  53 |     expect($button.attributes('aria-expanded')).toBe('false')
  54 |     expect($button.attributes('tabindex')).toBeUndefined()
> 55 |     expect($button.classes()).toContain('collapsed')
     |    ^ Duplicate Assert
  56 |     expect($button.classes()).not.toContain('not-collapsed')
  57 |
  58 |     wrapper.destroy()"
/home/gabriel/Disk/Research/research-javascript-test-smells/repositories/bootstrap-vue-dev/src/directives/toggle/toggle.spec.js,Duplicate Assert,"{'line': 56, 'column': 4, 'index': 1883}","  54 |     expect($button.attributes('tabindex')).toBeUndefined()
  55 |     expect($button.classes()).toContain('collapsed')
> 56 |     expect($button.classes()).not.toContain('not-collapsed')
     |    ^ Duplicate Assert
  57 |
  58 |     wrapper.destroy()
  59 |   })"
/home/gabriel/Disk/Research/research-javascript-test-smells/repositories/bootstrap-vue-dev/src/directives/toggle/toggle.spec.js,Duplicate Assert,"{'line': 56, 'column': 4, 'index': 1883}","  54 |     expect($button.attributes('tabindex')).toBeUndefined()
  55 |     expect($button.classes()).toContain('collapsed')
> 56 |     expect($button.classes()).not.toContain('not-collapsed')
     |    ^ Duplicate Assert
  57 |
  58 |     wrapper.destroy()
  59 |   })"
/home/gabriel/Disk/Research/research-javascript-test-smells/repositories/bootstrap-vue-dev/src/directives/toggle/toggle.spec.js,Duplicate Assert,"{'line': 83, 'column': 4, 'index': 2517}","  81 |     expect(wrapper.vm).toBeDefined()
  82 |     expect(wrapper.element.tagName).toBe('BUTTON')
> 83 |     expect(spy).not.toHaveBeenCalled()
     |    ^ Duplicate Assert
  84 |
  85 |     const $button = wrapper.find('button')
  86 |     expect($button.attributes('aria-controls')).toBe('test')"
/home/gabriel/Disk/Research/research-javascript-test-smells/repositories/bootstrap-vue-dev/src/directives/toggle/toggle.spec.js,Duplicate Assert,"{'line': 86, 'column': 4, 'index': 2600}","  84 |
  85 |     const $button = wrapper.find('button')
> 86 |     expect($button.attributes('aria-controls')).toBe('test')
     |    ^ Duplicate Assert
  87 |     expect($button.attributes('aria-expanded')).toBe('false')
  88 |     expect($button.classes()).toContain('collapsed')
  89 |     expect($button.classes()).not.toContain('not-collapsed')"
/home/gabriel/Disk/Research/research-javascript-test-smells/repositories/bootstrap-vue-dev/src/directives/toggle/toggle.spec.js,Duplicate Assert,"{'line': 86, 'column': 4, 'index': 2600}","  84 |
  85 |     const $button = wrapper.find('button')
> 86 |     expect($button.attributes('aria-controls')).toBe('test')
     |    ^ Duplicate Assert
  87 |     expect($button.attributes('aria-expanded')).toBe('false')
  88 |     expect($button.classes()).toContain('collapsed')
  89 |     expect($button.classes()).not.toContain('not-collapsed')"
/home/gabriel/Disk/Research/research-javascript-test-smells/repositories/bootstrap-vue-dev/src/directives/toggle/toggle.spec.js,Duplicate Assert,"{'line': 87, 'column': 4, 'index': 2661}","  85 |     const $button = wrapper.find('button')
  86 |     expect($button.attributes('aria-controls')).toBe('test')
> 87 |     expect($button.attributes('aria-expanded')).toBe('false')
     |    ^ Duplicate Assert
  88 |     expect($button.classes()).toContain('collapsed')
  89 |     expect($button.classes()).not.toContain('not-collapsed')
  90 |"
/home/gabriel/Disk/Research/research-javascript-test-smells/repositories/bootstrap-vue-dev/src/directives/toggle/toggle.spec.js,Duplicate Assert,"{'line': 87, 'column': 4, 'index': 2661}","  85 |     const $button = wrapper.find('button')
  86 |     expect($button.attributes('aria-controls')).toBe('test')
> 87 |     expect($button.attributes('aria-expanded')).toBe('false')
     |    ^ Duplicate Assert
  88 |     expect($button.classes()).toContain('collapsed')
  89 |     expect($button.classes()).not.toContain('not-collapsed')
  90 |"
/home/gabriel/Disk/Research/research-javascript-test-smells/repositories/bootstrap-vue-dev/src/directives/toggle/toggle.spec.js,Duplicate Assert,"{'line': 88, 'column': 4, 'index': 2723}","  86 |     expect($button.attributes('aria-controls')).toBe('test')
  87 |     expect($button.attributes('aria-expanded')).toBe('false')
> 88 |     expect($button.classes()).toContain('collapsed')
     |    ^ Duplicate Assert
  89 |     expect($button.classes()).not.toContain('not-collapsed')
  90 |
  91 |     await $button.trigger('click')"
/home/gabriel/Disk/Research/research-javascript-test-smells/repositories/bootstrap-vue-dev/src/directives/toggle/toggle.spec.js,Duplicate Assert,"{'line': 88, 'column': 4, 'index': 2723}","  86 |     expect($button.attributes('aria-controls')).toBe('test')
  87 |     expect($button.attributes('aria-expanded')).toBe('false')
> 88 |     expect($button.classes()).toContain('collapsed')
     |    ^ Duplicate Assert
  89 |     expect($button.classes()).not.toContain('not-collapsed')
  90 |
  91 |     await $button.trigger('click')"
/home/gabriel/Disk/Research/research-javascript-test-smells/repositories/bootstrap-vue-dev/src/directives/toggle/toggle.spec.js,Duplicate Assert,"{'line': 89, 'column': 4, 'index': 2776}","  87 |     expect($button.attributes('aria-expanded')).toBe('false')
  88 |     expect($button.classes()).toContain('collapsed')
> 89 |     expect($button.classes()).not.toContain('not-collapsed')
     |    ^ Duplicate Assert
  90 |
  91 |     await $button.trigger('click')
  92 |     expect(spy).toHaveBeenCalledTimes(1)"
/home/gabriel/Disk/Research/research-javascript-test-smells/repositories/bootstrap-vue-dev/src/directives/toggle/toggle.spec.js,Duplicate Assert,"{'line': 89, 'column': 4, 'index': 2776}","  87 |     expect($button.attributes('aria-expanded')).toBe('false')
  88 |     expect($button.classes()).toContain('collapsed')
> 89 |     expect($button.classes()).not.toContain('not-collapsed')
     |    ^ Duplicate Assert
  90 |
  91 |     await $button.trigger('click')
  92 |     expect(spy).toHaveBeenCalledTimes(1)"
/home/gabriel/Disk/Research/research-javascript-test-smells/repositories/bootstrap-vue-dev/src/directives/toggle/toggle.spec.js,Duplicate Assert,"{'line': 92, 'column': 4, 'index': 2873}","  90 |
  91 |     await $button.trigger('click')
> 92 |     expect(spy).toHaveBeenCalledTimes(1)
     |    ^ Duplicate Assert
  93 |     expect(spy).toBeCalledWith('test')
  94 |
  95 |     // Since there is no target collapse to respond with the"
/home/gabriel/Disk/Research/research-javascript-test-smells/repositories/bootstrap-vue-dev/src/directives/toggle/toggle.spec.js,Duplicate Assert,"{'line': 93, 'column': 4, 'index': 2914}","  91 |     await $button.trigger('click')
  92 |     expect(spy).toHaveBeenCalledTimes(1)
> 93 |     expect(spy).toBeCalledWith('test')
     |    ^ Duplicate Assert
  94 |
  95 |     // Since there is no target collapse to respond with the
  96 |     // current state, the classes and attrs remain the same"
/home/gabriel/Disk/Research/research-javascript-test-smells/repositories/bootstrap-vue-dev/src/directives/toggle/toggle.spec.js,Duplicate Assert,"{'line': 97, 'column': 4, 'index': 3075}","   95 |     // Since there is no target collapse to respond with the
   96 |     // current state, the classes and attrs remain the same
>  97 |     expect($button.attributes('aria-controls')).toBe('test')
      |    ^ Duplicate Assert
   98 |     expect($button.attributes('aria-expanded')).toBe('false')
   99 |     expect($button.classes()).toContain('collapsed')
  100 |     expect($button.classes()).not.toContain('not-collapsed')"
/home/gabriel/Disk/Research/research-javascript-test-smells/repositories/bootstrap-vue-dev/src/directives/toggle/toggle.spec.js,Duplicate Assert,"{'line': 97, 'column': 4, 'index': 3075}","   95 |     // Since there is no target collapse to respond with the
   96 |     // current state, the classes and attrs remain the same
>  97 |     expect($button.attributes('aria-controls')).toBe('test')
      |    ^ Duplicate Assert
   98 |     expect($button.attributes('aria-expanded')).toBe('false')
   99 |     expect($button.classes()).toContain('collapsed')
  100 |     expect($button.classes()).not.toContain('not-collapsed')"
/home/gabriel/Disk/Research/research-javascript-test-smells/repositories/bootstrap-vue-dev/src/directives/toggle/toggle.spec.js,Duplicate Assert,"{'line': 98, 'column': 4, 'index': 3136}","   96 |     // current state, the classes and attrs remain the same
   97 |     expect($button.attributes('aria-controls')).toBe('test')
>  98 |     expect($button.attributes('aria-expanded')).toBe('false')
      |    ^ Duplicate Assert
   99 |     expect($button.classes()).toContain('collapsed')
  100 |     expect($button.classes()).not.toContain('not-collapsed')
  101 |"
/home/gabriel/Disk/Research/research-javascript-test-smells/repositories/bootstrap-vue-dev/src/directives/toggle/toggle.spec.js,Duplicate Assert,"{'line': 98, 'column': 4, 'index': 3136}","   96 |     // current state, the classes and attrs remain the same
   97 |     expect($button.attributes('aria-controls')).toBe('test')
>  98 |     expect($button.attributes('aria-expanded')).toBe('false')
      |    ^ Duplicate Assert
   99 |     expect($button.classes()).toContain('collapsed')
  100 |     expect($button.classes()).not.toContain('not-collapsed')
  101 |"
/home/gabriel/Disk/Research/research-javascript-test-smells/repositories/bootstrap-vue-dev/src/directives/toggle/toggle.spec.js,Duplicate Assert,"{'line': 99, 'column': 4, 'index': 3198}","   97 |     expect($button.attributes('aria-controls')).toBe('test')
   98 |     expect($button.attributes('aria-expanded')).toBe('false')
>  99 |     expect($button.classes()).toContain('collapsed')
      |    ^ Duplicate Assert
  100 |     expect($button.classes()).not.toContain('not-collapsed')
  101 |
  102 |     wrapper.destroy()"
/home/gabriel/Disk/Research/research-javascript-test-smells/repositories/bootstrap-vue-dev/src/directives/toggle/toggle.spec.js,Duplicate Assert,"{'line': 99, 'column': 4, 'index': 3198}","   97 |     expect($button.attributes('aria-controls')).toBe('test')
   98 |     expect($button.attributes('aria-expanded')).toBe('false')
>  99 |     expect($button.classes()).toContain('collapsed')
      |    ^ Duplicate Assert
  100 |     expect($button.classes()).not.toContain('not-collapsed')
  101 |
  102 |     wrapper.destroy()"
/home/gabriel/Disk/Research/research-javascript-test-smells/repositories/bootstrap-vue-dev/src/directives/toggle/toggle.spec.js,Duplicate Assert,"{'line': 100, 'column': 4, 'index': 3251}","   98 |     expect($button.attributes('aria-expanded')).toBe('false')
   99 |     expect($button.classes()).toContain('collapsed')
> 100 |     expect($button.classes()).not.toContain('not-collapsed')
      |    ^ Duplicate Assert
  101 |
  102 |     wrapper.destroy()
  103 |   })"
/home/gabriel/Disk/Research/research-javascript-test-smells/repositories/bootstrap-vue-dev/src/directives/toggle/toggle.spec.js,Duplicate Assert,"{'line': 100, 'column': 4, 'index': 3251}","   98 |     expect($button.attributes('aria-expanded')).toBe('false')
   99 |     expect($button.classes()).toContain('collapsed')
> 100 |     expect($button.classes()).not.toContain('not-collapsed')
      |    ^ Duplicate Assert
  101 |
  102 |     wrapper.destroy()
  103 |   })"
/home/gabriel/Disk/Research/research-javascript-test-smells/repositories/bootstrap-vue-dev/src/directives/toggle/toggle.spec.js,Duplicate Assert,"{'line': 127, 'column': 4, 'index': 3884}","  125 |     expect(wrapper.vm).toBeDefined()
  126 |     expect(wrapper.element.tagName).toBe('BUTTON')
> 127 |     expect(spy).not.toHaveBeenCalled()
      |    ^ Duplicate Assert
  128 |
  129 |     const $button = wrapper.find('button')
  130 |     expect($button.attributes('aria-controls')).toBe('test')"
/home/gabriel/Disk/Research/research-javascript-test-smells/repositories/bootstrap-vue-dev/src/directives/toggle/toggle.spec.js,Duplicate Assert,"{'line': 130, 'column': 4, 'index': 3967}","  128 |
  129 |     const $button = wrapper.find('button')
> 130 |     expect($button.attributes('aria-controls')).toBe('test')
      |    ^ Duplicate Assert
  131 |     expect($button.attributes('aria-expanded')).toBe('false')
  132 |     expect($button.classes()).toContain('collapsed')
  133 |     expect($button.classes()).not.toContain('not-collapsed')"
/home/gabriel/Disk/Research/research-javascript-test-smells/repositories/bootstrap-vue-dev/src/directives/toggle/toggle.spec.js,Duplicate Assert,"{'line': 130, 'column': 4, 'index': 3967}","  128 |
  129 |     const $button = wrapper.find('button')
> 130 |     expect($button.attributes('aria-controls')).toBe('test')
      |    ^ Duplicate Assert
  131 |     expect($button.attributes('aria-expanded')).toBe('false')
  132 |     expect($button.classes()).toContain('collapsed')
  133 |     expect($button.classes()).not.toContain('not-collapsed')"
/home/gabriel/Disk/Research/research-javascript-test-smells/repositories/bootstrap-vue-dev/src/directives/toggle/toggle.spec.js,Duplicate Assert,"{'line': 131, 'column': 4, 'index': 4028}","  129 |     const $button = wrapper.find('button')
  130 |     expect($button.attributes('aria-controls')).toBe('test')
> 131 |     expect($button.attributes('aria-expanded')).toBe('false')
      |    ^ Duplicate Assert
  132 |     expect($button.classes()).toContain('collapsed')
  133 |     expect($button.classes()).not.toContain('not-collapsed')
  134 |"
/home/gabriel/Disk/Research/research-javascript-test-smells/repositories/bootstrap-vue-dev/src/directives/toggle/toggle.spec.js,Duplicate Assert,"{'line': 131, 'column': 4, 'index': 4028}","  129 |     const $button = wrapper.find('button')
  130 |     expect($button.attributes('aria-controls')).toBe('test')
> 131 |     expect($button.attributes('aria-expanded')).toBe('false')
      |    ^ Duplicate Assert
  132 |     expect($button.classes()).toContain('collapsed')
  133 |     expect($button.classes()).not.toContain('not-collapsed')
  134 |"
/home/gabriel/Disk/Research/research-javascript-test-smells/repositories/bootstrap-vue-dev/src/directives/toggle/toggle.spec.js,Duplicate Assert,"{'line': 132, 'column': 4, 'index': 4090}","  130 |     expect($button.attributes('aria-controls')).toBe('test')
  131 |     expect($button.attributes('aria-expanded')).toBe('false')
> 132 |     expect($button.classes()).toContain('collapsed')
      |    ^ Duplicate Assert
  133 |     expect($button.classes()).not.toContain('not-collapsed')
  134 |
  135 |     await $button.trigger('click')"
/home/gabriel/Disk/Research/research-javascript-test-smells/repositories/bootstrap-vue-dev/src/directives/toggle/toggle.spec.js,Duplicate Assert,"{'line': 132, 'column': 4, 'index': 4090}","  130 |     expect($button.attributes('aria-controls')).toBe('test')
  131 |     expect($button.attributes('aria-expanded')).toBe('false')
> 132 |     expect($button.classes()).toContain('collapsed')
      |    ^ Duplicate Assert
  133 |     expect($button.classes()).not.toContain('not-collapsed')
  134 |
  135 |     await $button.trigger('click')"
/home/gabriel/Disk/Research/research-javascript-test-smells/repositories/bootstrap-vue-dev/src/directives/toggle/toggle.spec.js,Duplicate Assert,"{'line': 133, 'column': 4, 'index': 4143}","  131 |     expect($button.attributes('aria-expanded')).toBe('false')
  132 |     expect($button.classes()).toContain('collapsed')
> 133 |     expect($button.classes()).not.toContain('not-collapsed')
      |    ^ Duplicate Assert
  134 |
  135 |     await $button.trigger('click')
  136 |     expect(spy).toHaveBeenCalledTimes(1)"
/home/gabriel/Disk/Research/research-javascript-test-smells/repositories/bootstrap-vue-dev/src/directives/toggle/toggle.spec.js,Duplicate Assert,"{'line': 133, 'column': 4, 'index': 4143}","  131 |     expect($button.attributes('aria-expanded')).toBe('false')
  132 |     expect($button.classes()).toContain('collapsed')
> 133 |     expect($button.classes()).not.toContain('not-collapsed')
      |    ^ Duplicate Assert
  134 |
  135 |     await $button.trigger('click')
  136 |     expect(spy).toHaveBeenCalledTimes(1)"
/home/gabriel/Disk/Research/research-javascript-test-smells/repositories/bootstrap-vue-dev/src/directives/toggle/toggle.spec.js,Duplicate Assert,"{'line': 136, 'column': 4, 'index': 4240}","  134 |
  135 |     await $button.trigger('click')
> 136 |     expect(spy).toHaveBeenCalledTimes(1)
      |    ^ Duplicate Assert
  137 |     expect(spy).toBeCalledWith('test')
  138 |
  139 |     // Since there is no target collapse to respond with the"
/home/gabriel/Disk/Research/research-javascript-test-smells/repositories/bootstrap-vue-dev/src/directives/toggle/toggle.spec.js,Duplicate Assert,"{'line': 137, 'column': 4, 'index': 4281}","  135 |     await $button.trigger('click')
  136 |     expect(spy).toHaveBeenCalledTimes(1)
> 137 |     expect(spy).toBeCalledWith('test')
      |    ^ Duplicate Assert
  138 |
  139 |     // Since there is no target collapse to respond with the
  140 |     // current state, the classes and attrs remain the same"
/home/gabriel/Disk/Research/research-javascript-test-smells/repositories/bootstrap-vue-dev/src/directives/toggle/toggle.spec.js,Duplicate Assert,"{'line': 141, 'column': 4, 'index': 4442}","  139 |     // Since there is no target collapse to respond with the
  140 |     // current state, the classes and attrs remain the same
> 141 |     expect($button.attributes('aria-controls')).toBe('test')
      |    ^ Duplicate Assert
  142 |     expect($button.attributes('aria-expanded')).toBe('false')
  143 |     expect($button.classes()).toContain('collapsed')
  144 |     expect($button.classes()).not.toContain('not-collapsed')"
/home/gabriel/Disk/Research/research-javascript-test-smells/repositories/bootstrap-vue-dev/src/directives/toggle/toggle.spec.js,Duplicate Assert,"{'line': 141, 'column': 4, 'index': 4442}","  139 |     // Since there is no target collapse to respond with the
  140 |     // current state, the classes and attrs remain the same
> 141 |     expect($button.attributes('aria-controls')).toBe('test')
      |    ^ Duplicate Assert
  142 |     expect($button.attributes('aria-expanded')).toBe('false')
  143 |     expect($button.classes()).toContain('collapsed')
  144 |     expect($button.classes()).not.toContain('not-collapsed')"
/home/gabriel/Disk/Research/research-javascript-test-smells/repositories/bootstrap-vue-dev/src/directives/toggle/toggle.spec.js,Duplicate Assert,"{'line': 142, 'column': 4, 'index': 4503}","  140 |     // current state, the classes and attrs remain the same
  141 |     expect($button.attributes('aria-controls')).toBe('test')
> 142 |     expect($button.attributes('aria-expanded')).toBe('false')
      |    ^ Duplicate Assert
  143 |     expect($button.classes()).toContain('collapsed')
  144 |     expect($button.classes()).not.toContain('not-collapsed')
  145 |"
/home/gabriel/Disk/Research/research-javascript-test-smells/repositories/bootstrap-vue-dev/src/directives/toggle/toggle.spec.js,Duplicate Assert,"{'line': 142, 'column': 4, 'index': 4503}","  140 |     // current state, the classes and attrs remain the same
  141 |     expect($button.attributes('aria-controls')).toBe('test')
> 142 |     expect($button.attributes('aria-expanded')).toBe('false')
      |    ^ Duplicate Assert
  143 |     expect($button.classes()).toContain('collapsed')
  144 |     expect($button.classes()).not.toContain('not-collapsed')
  145 |"
/home/gabriel/Disk/Research/research-javascript-test-smells/repositories/bootstrap-vue-dev/src/directives/toggle/toggle.spec.js,Duplicate Assert,"{'line': 143, 'column': 4, 'index': 4565}","  141 |     expect($button.attributes('aria-controls')).toBe('test')
  142 |     expect($button.attributes('aria-expanded')).toBe('false')
> 143 |     expect($button.classes()).toContain('collapsed')
      |    ^ Duplicate Assert
  144 |     expect($button.classes()).not.toContain('not-collapsed')
  145 |
  146 |     wrapper.destroy()"
/home/gabriel/Disk/Research/research-javascript-test-smells/repositories/bootstrap-vue-dev/src/directives/toggle/toggle.spec.js,Duplicate Assert,"{'line': 143, 'column': 4, 'index': 4565}","  141 |     expect($button.attributes('aria-controls')).toBe('test')
  142 |     expect($button.attributes('aria-expanded')).toBe('false')
> 143 |     expect($button.classes()).toContain('collapsed')
      |    ^ Duplicate Assert
  144 |     expect($button.classes()).not.toContain('not-collapsed')
  145 |
  146 |     wrapper.destroy()"
/home/gabriel/Disk/Research/research-javascript-test-smells/repositories/bootstrap-vue-dev/src/directives/toggle/toggle.spec.js,Duplicate Assert,"{'line': 144, 'column': 4, 'index': 4618}","  142 |     expect($button.attributes('aria-expanded')).toBe('false')
  143 |     expect($button.classes()).toContain('collapsed')
> 144 |     expect($button.classes()).not.toContain('not-collapsed')
      |    ^ Duplicate Assert
  145 |
  146 |     wrapper.destroy()
  147 |   })"
/home/gabriel/Disk/Research/research-javascript-test-smells/repositories/bootstrap-vue-dev/src/directives/toggle/toggle.spec.js,Duplicate Assert,"{'line': 144, 'column': 4, 'index': 4618}","  142 |     expect($button.attributes('aria-expanded')).toBe('false')
  143 |     expect($button.classes()).toContain('collapsed')
> 144 |     expect($button.classes()).not.toContain('not-collapsed')
      |    ^ Duplicate Assert
  145 |
  146 |     wrapper.destroy()
  147 |   })"
/home/gabriel/Disk/Research/research-javascript-test-smells/repositories/bootstrap-vue-dev/src/directives/toggle/toggle.spec.js,Duplicate Assert,"{'line': 171, 'column': 4, 'index': 5243}","  169 |     expect(wrapper.vm).toBeDefined()
  170 |     expect(wrapper.element.tagName).toBe('A')
> 171 |     expect(spy).not.toHaveBeenCalled()
      |    ^ Duplicate Assert
  172 |
  173 |     const $link = wrapper.find('a')
  174 |     expect($link.attributes('aria-controls')).toBe('test')"
/home/gabriel/Disk/Research/research-javascript-test-smells/repositories/bootstrap-vue-dev/src/directives/toggle/toggle.spec.js,Duplicate Assert,"{'line': 174, 'column': 4, 'index': 5319}","  172 |
  173 |     const $link = wrapper.find('a')
> 174 |     expect($link.attributes('aria-controls')).toBe('test')
      |    ^ Duplicate Assert
  175 |     expect($link.attributes('aria-expanded')).toBe('false')
  176 |     expect($link.attributes('tabindex')).toBeUndefined()
  177 |     expect($link.classes()).toContain('collapsed')"
/home/gabriel/Disk/Research/research-javascript-test-smells/repositories/bootstrap-vue-dev/src/directives/toggle/toggle.spec.js,Duplicate Assert,"{'line': 174, 'column': 4, 'index': 5319}","  172 |
  173 |     const $link = wrapper.find('a')
> 174 |     expect($link.attributes('aria-controls')).toBe('test')
      |    ^ Duplicate Assert
  175 |     expect($link.attributes('aria-expanded')).toBe('false')
  176 |     expect($link.attributes('tabindex')).toBeUndefined()
  177 |     expect($link.classes()).toContain('collapsed')"
/home/gabriel/Disk/Research/research-javascript-test-smells/repositories/bootstrap-vue-dev/src/directives/toggle/toggle.spec.js,Duplicate Assert,"{'line': 175, 'column': 4, 'index': 5378}","  173 |     const $link = wrapper.find('a')
  174 |     expect($link.attributes('aria-controls')).toBe('test')
> 175 |     expect($link.attributes('aria-expanded')).toBe('false')
      |    ^ Duplicate Assert
  176 |     expect($link.attributes('tabindex')).toBeUndefined()
  177 |     expect($link.classes()).toContain('collapsed')
  178 |     expect($link.classes()).not.toContain('not-collapsed')"
/home/gabriel/Disk/Research/research-javascript-test-smells/repositories/bootstrap-vue-dev/src/directives/toggle/toggle.spec.js,Duplicate Assert,"{'line': 175, 'column': 4, 'index': 5378}","  173 |     const $link = wrapper.find('a')
  174 |     expect($link.attributes('aria-controls')).toBe('test')
> 175 |     expect($link.attributes('aria-expanded')).toBe('false')
      |    ^ Duplicate Assert
  176 |     expect($link.attributes('tabindex')).toBeUndefined()
  177 |     expect($link.classes()).toContain('collapsed')
  178 |     expect($link.classes()).not.toContain('not-collapsed')"
/home/gabriel/Disk/Research/research-javascript-test-smells/repositories/bootstrap-vue-dev/src/directives/toggle/toggle.spec.js,Duplicate Assert,"{'line': 176, 'column': 4, 'index': 5438}","  174 |     expect($link.attributes('aria-controls')).toBe('test')
  175 |     expect($link.attributes('aria-expanded')).toBe('false')
> 176 |     expect($link.attributes('tabindex')).toBeUndefined()
      |    ^ Duplicate Assert
  177 |     expect($link.classes()).toContain('collapsed')
  178 |     expect($link.classes()).not.toContain('not-collapsed')
  179 |"
/home/gabriel/Disk/Research/research-javascript-test-smells/repositories/bootstrap-vue-dev/src/directives/toggle/toggle.spec.js,Duplicate Assert,"{'line': 176, 'column': 4, 'index': 5438}","  174 |     expect($link.attributes('aria-controls')).toBe('test')
  175 |     expect($link.attributes('aria-expanded')).toBe('false')
> 176 |     expect($link.attributes('tabindex')).toBeUndefined()
      |    ^ Duplicate Assert
  177 |     expect($link.classes()).toContain('collapsed')
  178 |     expect($link.classes()).not.toContain('not-collapsed')
  179 |"
/home/gabriel/Disk/Research/research-javascript-test-smells/repositories/bootstrap-vue-dev/src/directives/toggle/toggle.spec.js,Duplicate Assert,"{'line': 177, 'column': 4, 'index': 5495}","  175 |     expect($link.attributes('aria-expanded')).toBe('false')
  176 |     expect($link.attributes('tabindex')).toBeUndefined()
> 177 |     expect($link.classes()).toContain('collapsed')
      |    ^ Duplicate Assert
  178 |     expect($link.classes()).not.toContain('not-collapsed')
  179 |
  180 |     await $link.trigger('click')"
/home/gabriel/Disk/Research/research-javascript-test-smells/repositories/bootstrap-vue-dev/src/directives/toggle/toggle.spec.js,Duplicate Assert,"{'line': 177, 'column': 4, 'index': 5495}","  175 |     expect($link.attributes('aria-expanded')).toBe('false')
  176 |     expect($link.attributes('tabindex')).toBeUndefined()
> 177 |     expect($link.classes()).toContain('collapsed')
      |    ^ Duplicate Assert
  178 |     expect($link.classes()).not.toContain('not-collapsed')
  179 |
  180 |     await $link.trigger('click')"
/home/gabriel/Disk/Research/research-javascript-test-smells/repositories/bootstrap-vue-dev/src/directives/toggle/toggle.spec.js,Duplicate Assert,"{'line': 178, 'column': 4, 'index': 5546}","  176 |     expect($link.attributes('tabindex')).toBeUndefined()
  177 |     expect($link.classes()).toContain('collapsed')
> 178 |     expect($link.classes()).not.toContain('not-collapsed')
      |    ^ Duplicate Assert
  179 |
  180 |     await $link.trigger('click')
  181 |     expect(spy).toHaveBeenCalledTimes(1)"
/home/gabriel/Disk/Research/research-javascript-test-smells/repositories/bootstrap-vue-dev/src/directives/toggle/toggle.spec.js,Duplicate Assert,"{'line': 178, 'column': 4, 'index': 5546}","  176 |     expect($link.attributes('tabindex')).toBeUndefined()
  177 |     expect($link.classes()).toContain('collapsed')
> 178 |     expect($link.classes()).not.toContain('not-collapsed')
      |    ^ Duplicate Assert
  179 |
  180 |     await $link.trigger('click')
  181 |     expect(spy).toHaveBeenCalledTimes(1)"
/home/gabriel/Disk/Research/research-javascript-test-smells/repositories/bootstrap-vue-dev/src/directives/toggle/toggle.spec.js,Duplicate Assert,"{'line': 181, 'column': 4, 'index': 5639}","  179 |
  180 |     await $link.trigger('click')
> 181 |     expect(spy).toHaveBeenCalledTimes(1)
      |    ^ Duplicate Assert
  182 |     expect(spy).toBeCalledWith('test')
  183 |
  184 |     // Since there is no target collapse to respond with the"
/home/gabriel/Disk/Research/research-javascript-test-smells/repositories/bootstrap-vue-dev/src/directives/toggle/toggle.spec.js,Duplicate Assert,"{'line': 182, 'column': 4, 'index': 5680}","  180 |     await $link.trigger('click')
  181 |     expect(spy).toHaveBeenCalledTimes(1)
> 182 |     expect(spy).toBeCalledWith('test')
      |    ^ Duplicate Assert
  183 |
  184 |     // Since there is no target collapse to respond with the
  185 |     // current state, the classes and attrs remain the same"
/home/gabriel/Disk/Research/research-javascript-test-smells/repositories/bootstrap-vue-dev/src/directives/toggle/toggle.spec.js,Duplicate Assert,"{'line': 186, 'column': 4, 'index': 5841}","  184 |     // Since there is no target collapse to respond with the
  185 |     // current state, the classes and attrs remain the same
> 186 |     expect($link.attributes('aria-controls')).toBe('test')
      |    ^ Duplicate Assert
  187 |     expect($link.attributes('aria-expanded')).toBe('false')
  188 |     expect($link.attributes('tabindex')).toBeUndefined()
  189 |     expect($link.classes()).toContain('collapsed')"
/home/gabriel/Disk/Research/research-javascript-test-smells/repositories/bootstrap-vue-dev/src/directives/toggle/toggle.spec.js,Duplicate Assert,"{'line': 186, 'column': 4, 'index': 5841}","  184 |     // Since there is no target collapse to respond with the
  185 |     // current state, the classes and attrs remain the same
> 186 |     expect($link.attributes('aria-controls')).toBe('test')
      |    ^ Duplicate Assert
  187 |     expect($link.attributes('aria-expanded')).toBe('false')
  188 |     expect($link.attributes('tabindex')).toBeUndefined()
  189 |     expect($link.classes()).toContain('collapsed')"
/home/gabriel/Disk/Research/research-javascript-test-smells/repositories/bootstrap-vue-dev/src/directives/toggle/toggle.spec.js,Duplicate Assert,"{'line': 187, 'column': 4, 'index': 5900}","  185 |     // current state, the classes and attrs remain the same
  186 |     expect($link.attributes('aria-controls')).toBe('test')
> 187 |     expect($link.attributes('aria-expanded')).toBe('false')
      |    ^ Duplicate Assert
  188 |     expect($link.attributes('tabindex')).toBeUndefined()
  189 |     expect($link.classes()).toContain('collapsed')
  190 |     expect($link.classes()).not.toContain('not-collapsed')"
/home/gabriel/Disk/Research/research-javascript-test-smells/repositories/bootstrap-vue-dev/src/directives/toggle/toggle.spec.js,Duplicate Assert,"{'line': 187, 'column': 4, 'index': 5900}","  185 |     // current state, the classes and attrs remain the same
  186 |     expect($link.attributes('aria-controls')).toBe('test')
> 187 |     expect($link.attributes('aria-expanded')).toBe('false')
      |    ^ Duplicate Assert
  188 |     expect($link.attributes('tabindex')).toBeUndefined()
  189 |     expect($link.classes()).toContain('collapsed')
  190 |     expect($link.classes()).not.toContain('not-collapsed')"
/home/gabriel/Disk/Research/research-javascript-test-smells/repositories/bootstrap-vue-dev/src/directives/toggle/toggle.spec.js,Duplicate Assert,"{'line': 188, 'column': 4, 'index': 5960}","  186 |     expect($link.attributes('aria-controls')).toBe('test')
  187 |     expect($link.attributes('aria-expanded')).toBe('false')
> 188 |     expect($link.attributes('tabindex')).toBeUndefined()
      |    ^ Duplicate Assert
  189 |     expect($link.classes()).toContain('collapsed')
  190 |     expect($link.classes()).not.toContain('not-collapsed')
  191 |"
/home/gabriel/Disk/Research/research-javascript-test-smells/repositories/bootstrap-vue-dev/src/directives/toggle/toggle.spec.js,Duplicate Assert,"{'line': 188, 'column': 4, 'index': 5960}","  186 |     expect($link.attributes('aria-controls')).toBe('test')
  187 |     expect($link.attributes('aria-expanded')).toBe('false')
> 188 |     expect($link.attributes('tabindex')).toBeUndefined()
      |    ^ Duplicate Assert
  189 |     expect($link.classes()).toContain('collapsed')
  190 |     expect($link.classes()).not.toContain('not-collapsed')
  191 |"
/home/gabriel/Disk/Research/research-javascript-test-smells/repositories/bootstrap-vue-dev/src/directives/toggle/toggle.spec.js,Duplicate Assert,"{'line': 189, 'column': 4, 'index': 6017}","  187 |     expect($link.attributes('aria-expanded')).toBe('false')
  188 |     expect($link.attributes('tabindex')).toBeUndefined()
> 189 |     expect($link.classes()).toContain('collapsed')
      |    ^ Duplicate Assert
  190 |     expect($link.classes()).not.toContain('not-collapsed')
  191 |
  192 |     wrapper.destroy()"
/home/gabriel/Disk/Research/research-javascript-test-smells/repositories/bootstrap-vue-dev/src/directives/toggle/toggle.spec.js,Duplicate Assert,"{'line': 189, 'column': 4, 'index': 6017}","  187 |     expect($link.attributes('aria-expanded')).toBe('false')
  188 |     expect($link.attributes('tabindex')).toBeUndefined()
> 189 |     expect($link.classes()).toContain('collapsed')
      |    ^ Duplicate Assert
  190 |     expect($link.classes()).not.toContain('not-collapsed')
  191 |
  192 |     wrapper.destroy()"
/home/gabriel/Disk/Research/research-javascript-test-smells/repositories/bootstrap-vue-dev/src/directives/toggle/toggle.spec.js,Duplicate Assert,"{'line': 190, 'column': 4, 'index': 6068}","  188 |     expect($link.attributes('tabindex')).toBeUndefined()
  189 |     expect($link.classes()).toContain('collapsed')
> 190 |     expect($link.classes()).not.toContain('not-collapsed')
      |    ^ Duplicate Assert
  191 |
  192 |     wrapper.destroy()
  193 |   })"
/home/gabriel/Disk/Research/research-javascript-test-smells/repositories/bootstrap-vue-dev/src/directives/toggle/toggle.spec.js,Duplicate Assert,"{'line': 190, 'column': 4, 'index': 6068}","  188 |     expect($link.attributes('tabindex')).toBeUndefined()
  189 |     expect($link.classes()).toContain('collapsed')
> 190 |     expect($link.classes()).not.toContain('not-collapsed')
      |    ^ Duplicate Assert
  191 |
  192 |     wrapper.destroy()
  193 |   })"
/home/gabriel/Disk/Research/research-javascript-test-smells/repositories/bootstrap-vue-dev/src/directives/toggle/toggle.spec.js,Duplicate Assert,"{'line': 227, 'column': 4, 'index': 6891}","  225 |     expect(wrapper.vm).toBeDefined()
  226 |     expect(wrapper.element.tagName).toBe('BUTTON')
> 227 |     expect(spy).not.toHaveBeenCalled()
      |    ^ Duplicate Assert
  228 |
  229 |     const $button = wrapper.find('button')
  230 |     expect($button.attributes('aria-controls')).toBe('test1')"
/home/gabriel/Disk/Research/research-javascript-test-smells/repositories/bootstrap-vue-dev/src/directives/toggle/toggle.spec.js,Duplicate Assert,"{'line': 227, 'column': 4, 'index': 6891}","  225 |     expect(wrapper.vm).toBeDefined()
  226 |     expect(wrapper.element.tagName).toBe('BUTTON')
> 227 |     expect(spy).not.toHaveBeenCalled()
      |    ^ Duplicate Assert
  228 |
  229 |     const $button = wrapper.find('button')
  230 |     expect($button.attributes('aria-controls')).toBe('test1')"
/home/gabriel/Disk/Research/research-javascript-test-smells/repositories/bootstrap-vue-dev/src/directives/toggle/toggle.spec.js,Duplicate Assert,"{'line': 230, 'column': 4, 'index': 6974}","  228 |
  229 |     const $button = wrapper.find('button')
> 230 |     expect($button.attributes('aria-controls')).toBe('test1')
      |    ^ Duplicate Assert
  231 |     expect($button.attributes('aria-expanded')).toBe('false')
  232 |     expect($button.classes()).toContain('collapsed')
  233 |     expect($button.classes()).not.toContain('not-collapsed')"
/home/gabriel/Disk/Research/research-javascript-test-smells/repositories/bootstrap-vue-dev/src/directives/toggle/toggle.spec.js,Duplicate Assert,"{'line': 231, 'column': 4, 'index': 7036}","  229 |     const $button = wrapper.find('button')
  230 |     expect($button.attributes('aria-controls')).toBe('test1')
> 231 |     expect($button.attributes('aria-expanded')).toBe('false')
      |    ^ Duplicate Assert
  232 |     expect($button.classes()).toContain('collapsed')
  233 |     expect($button.classes()).not.toContain('not-collapsed')
  234 |"
/home/gabriel/Disk/Research/research-javascript-test-smells/repositories/bootstrap-vue-dev/src/directives/toggle/toggle.spec.js,Duplicate Assert,"{'line': 231, 'column': 4, 'index': 7036}","  229 |     const $button = wrapper.find('button')
  230 |     expect($button.attributes('aria-controls')).toBe('test1')
> 231 |     expect($button.attributes('aria-expanded')).toBe('false')
      |    ^ Duplicate Assert
  232 |     expect($button.classes()).toContain('collapsed')
  233 |     expect($button.classes()).not.toContain('not-collapsed')
  234 |"
/home/gabriel/Disk/Research/research-javascript-test-smells/repositories/bootstrap-vue-dev/src/directives/toggle/toggle.spec.js,Duplicate Assert,"{'line': 232, 'column': 4, 'index': 7098}","  230 |     expect($button.attributes('aria-controls')).toBe('test1')
  231 |     expect($button.attributes('aria-expanded')).toBe('false')
> 232 |     expect($button.classes()).toContain('collapsed')
      |    ^ Duplicate Assert
  233 |     expect($button.classes()).not.toContain('not-collapsed')
  234 |
  235 |     await wrapper.setProps({ target: ['test1', 'test2'] })"
/home/gabriel/Disk/Research/research-javascript-test-smells/repositories/bootstrap-vue-dev/src/directives/toggle/toggle.spec.js,Duplicate Assert,"{'line': 232, 'column': 4, 'index': 7098}","  230 |     expect($button.attributes('aria-controls')).toBe('test1')
  231 |     expect($button.attributes('aria-expanded')).toBe('false')
> 232 |     expect($button.classes()).toContain('collapsed')
      |    ^ Duplicate Assert
  233 |     expect($button.classes()).not.toContain('not-collapsed')
  234 |
  235 |     await wrapper.setProps({ target: ['test1', 'test2'] })"
/home/gabriel/Disk/Research/research-javascript-test-smells/repositories/bootstrap-vue-dev/src/directives/toggle/toggle.spec.js,Duplicate Assert,"{'line': 233, 'column': 4, 'index': 7151}","  231 |     expect($button.attributes('aria-expanded')).toBe('false')
  232 |     expect($button.classes()).toContain('collapsed')
> 233 |     expect($button.classes()).not.toContain('not-collapsed')
      |    ^ Duplicate Assert
  234 |
  235 |     await wrapper.setProps({ target: ['test1', 'test2'] })
  236 |     expect($button.attributes('aria-controls')).toBe('test1 test2')"
/home/gabriel/Disk/Research/research-javascript-test-smells/repositories/bootstrap-vue-dev/src/directives/toggle/toggle.spec.js,Duplicate Assert,"{'line': 233, 'column': 4, 'index': 7151}","  231 |     expect($button.attributes('aria-expanded')).toBe('false')
  232 |     expect($button.classes()).toContain('collapsed')
> 233 |     expect($button.classes()).not.toContain('not-collapsed')
      |    ^ Duplicate Assert
  234 |
  235 |     await wrapper.setProps({ target: ['test1', 'test2'] })
  236 |     expect($button.attributes('aria-controls')).toBe('test1 test2')"
/home/gabriel/Disk/Research/research-javascript-test-smells/repositories/bootstrap-vue-dev/src/directives/toggle/toggle.spec.js,Duplicate Assert,"{'line': 236, 'column': 4, 'index': 7272}","  234 |
  235 |     await wrapper.setProps({ target: ['test1', 'test2'] })
> 236 |     expect($button.attributes('aria-controls')).toBe('test1 test2')
      |    ^ Duplicate Assert
  237 |     expect($button.attributes('aria-expanded')).toBe('false')
  238 |     expect($button.classes()).toContain('collapsed')
  239 |     expect($button.classes()).not.toContain('not-collapsed')"
/home/gabriel/Disk/Research/research-javascript-test-smells/repositories/bootstrap-vue-dev/src/directives/toggle/toggle.spec.js,Duplicate Assert,"{'line': 236, 'column': 4, 'index': 7272}","  234 |
  235 |     await wrapper.setProps({ target: ['test1', 'test2'] })
> 236 |     expect($button.attributes('aria-controls')).toBe('test1 test2')
      |    ^ Duplicate Assert
  237 |     expect($button.attributes('aria-expanded')).toBe('false')
  238 |     expect($button.classes()).toContain('collapsed')
  239 |     expect($button.classes()).not.toContain('not-collapsed')"
/home/gabriel/Disk/Research/research-javascript-test-smells/repositories/bootstrap-vue-dev/src/directives/toggle/toggle.spec.js,Duplicate Assert,"{'line': 237, 'column': 4, 'index': 7340}","  235 |     await wrapper.setProps({ target: ['test1', 'test2'] })
  236 |     expect($button.attributes('aria-controls')).toBe('test1 test2')
> 237 |     expect($button.attributes('aria-expanded')).toBe('false')
      |    ^ Duplicate Assert
  238 |     expect($button.classes()).toContain('collapsed')
  239 |     expect($button.classes()).not.toContain('not-collapsed')
  240 |     expect(spy).not.toHaveBeenCalled()"
/home/gabriel/Disk/Research/research-javascript-test-smells/repositories/bootstrap-vue-dev/src/directives/toggle/toggle.spec.js,Duplicate Assert,"{'line': 237, 'column': 4, 'index': 7340}","  235 |     await wrapper.setProps({ target: ['test1', 'test2'] })
  236 |     expect($button.attributes('aria-controls')).toBe('test1 test2')
> 237 |     expect($button.attributes('aria-expanded')).toBe('false')
      |    ^ Duplicate Assert
  238 |     expect($button.classes()).toContain('collapsed')
  239 |     expect($button.classes()).not.toContain('not-collapsed')
  240 |     expect(spy).not.toHaveBeenCalled()"
/home/gabriel/Disk/Research/research-javascript-test-smells/repositories/bootstrap-vue-dev/src/directives/toggle/toggle.spec.js,Duplicate Assert,"{'line': 238, 'column': 4, 'index': 7402}","  236 |     expect($button.attributes('aria-controls')).toBe('test1 test2')
  237 |     expect($button.attributes('aria-expanded')).toBe('false')
> 238 |     expect($button.classes()).toContain('collapsed')
      |    ^ Duplicate Assert
  239 |     expect($button.classes()).not.toContain('not-collapsed')
  240 |     expect(spy).not.toHaveBeenCalled()
  241 |"
/home/gabriel/Disk/Research/research-javascript-test-smells/repositories/bootstrap-vue-dev/src/directives/toggle/toggle.spec.js,Duplicate Assert,"{'line': 238, 'column': 4, 'index': 7402}","  236 |     expect($button.attributes('aria-controls')).toBe('test1 test2')
  237 |     expect($button.attributes('aria-expanded')).toBe('false')
> 238 |     expect($button.classes()).toContain('collapsed')
      |    ^ Duplicate Assert
  239 |     expect($button.classes()).not.toContain('not-collapsed')
  240 |     expect(spy).not.toHaveBeenCalled()
  241 |"
/home/gabriel/Disk/Research/research-javascript-test-smells/repositories/bootstrap-vue-dev/src/directives/toggle/toggle.spec.js,Duplicate Assert,"{'line': 239, 'column': 4, 'index': 7455}","  237 |     expect($button.attributes('aria-expanded')).toBe('false')
  238 |     expect($button.classes()).toContain('collapsed')
> 239 |     expect($button.classes()).not.toContain('not-collapsed')
      |    ^ Duplicate Assert
  240 |     expect(spy).not.toHaveBeenCalled()
  241 |
  242 |     await $button.trigger('click')"
/home/gabriel/Disk/Research/research-javascript-test-smells/repositories/bootstrap-vue-dev/src/directives/toggle/toggle.spec.js,Duplicate Assert,"{'line': 239, 'column': 4, 'index': 7455}","  237 |     expect($button.attributes('aria-expanded')).toBe('false')
  238 |     expect($button.classes()).toContain('collapsed')
> 239 |     expect($button.classes()).not.toContain('not-collapsed')
      |    ^ Duplicate Assert
  240 |     expect(spy).not.toHaveBeenCalled()
  241 |
  242 |     await $button.trigger('click')"
/home/gabriel/Disk/Research/research-javascript-test-smells/repositories/bootstrap-vue-dev/src/directives/toggle/toggle.spec.js,Duplicate Assert,"{'line': 240, 'column': 4, 'index': 7516}","  238 |     expect($button.classes()).toContain('collapsed')
  239 |     expect($button.classes()).not.toContain('not-collapsed')
> 240 |     expect(spy).not.toHaveBeenCalled()
      |    ^ Duplicate Assert
  241 |
  242 |     await $button.trigger('click')
  243 |     expect(spy).toHaveBeenCalledTimes(2)"
/home/gabriel/Disk/Research/research-javascript-test-smells/repositories/bootstrap-vue-dev/src/directives/toggle/toggle.spec.js,Duplicate Assert,"{'line': 240, 'column': 4, 'index': 7516}","  238 |     expect($button.classes()).toContain('collapsed')
  239 |     expect($button.classes()).not.toContain('not-collapsed')
> 240 |     expect(spy).not.toHaveBeenCalled()
      |    ^ Duplicate Assert
  241 |
  242 |     await $button.trigger('click')
  243 |     expect(spy).toHaveBeenCalledTimes(2)"
/home/gabriel/Disk/Research/research-javascript-test-smells/repositories/bootstrap-vue-dev/src/directives/toggle/toggle.spec.js,Duplicate Assert,"{'line': 243, 'column': 4, 'index': 7591}","  241 |
  242 |     await $button.trigger('click')
> 243 |     expect(spy).toHaveBeenCalledTimes(2)
      |    ^ Duplicate Assert
  244 |     expect(spy).toHaveBeenNthCalledWith(1, 'test1')
  245 |     expect(spy).toHaveBeenNthCalledWith(2, 'test2')
  246 |"
/home/gabriel/Disk/Research/research-javascript-test-smells/repositories/bootstrap-vue-dev/src/directives/toggle/toggle.spec.js,Duplicate Assert,"{'line': 244, 'column': 4, 'index': 7632}","  242 |     await $button.trigger('click')
  243 |     expect(spy).toHaveBeenCalledTimes(2)
> 244 |     expect(spy).toHaveBeenNthCalledWith(1, 'test1')
      |    ^ Duplicate Assert
  245 |     expect(spy).toHaveBeenNthCalledWith(2, 'test2')
  246 |
  247 |     // Since there is no target collapse to respond with the"
/home/gabriel/Disk/Research/research-javascript-test-smells/repositories/bootstrap-vue-dev/src/directives/toggle/toggle.spec.js,Duplicate Assert,"{'line': 245, 'column': 4, 'index': 7684}","  243 |     expect(spy).toHaveBeenCalledTimes(2)
  244 |     expect(spy).toHaveBeenNthCalledWith(1, 'test1')
> 245 |     expect(spy).toHaveBeenNthCalledWith(2, 'test2')
      |    ^ Duplicate Assert
  246 |
  247 |     // Since there is no target collapse to respond with the
  248 |     // current state, the classes and attrs remain the same"
/home/gabriel/Disk/Research/research-javascript-test-smells/repositories/bootstrap-vue-dev/src/directives/toggle/toggle.spec.js,Duplicate Assert,"{'line': 249, 'column': 4, 'index': 7858}","  247 |     // Since there is no target collapse to respond with the
  248 |     // current state, the classes and attrs remain the same
> 249 |     expect($button.attributes('aria-controls')).toBe('test1 test2')
      |    ^ Duplicate Assert
  250 |     expect($button.attributes('aria-expanded')).toBe('false')
  251 |     expect($button.classes()).toContain('collapsed')
  252 |     expect($button.classes()).not.toContain('not-collapsed')"
/home/gabriel/Disk/Research/research-javascript-test-smells/repositories/bootstrap-vue-dev/src/directives/toggle/toggle.spec.js,Duplicate Assert,"{'line': 249, 'column': 4, 'index': 7858}","  247 |     // Since there is no target collapse to respond with the
  248 |     // current state, the classes and attrs remain the same
> 249 |     expect($button.attributes('aria-controls')).toBe('test1 test2')
      |    ^ Duplicate Assert
  250 |     expect($button.attributes('aria-expanded')).toBe('false')
  251 |     expect($button.classes()).toContain('collapsed')
  252 |     expect($button.classes()).not.toContain('not-collapsed')"
/home/gabriel/Disk/Research/research-javascript-test-smells/repositories/bootstrap-vue-dev/src/directives/toggle/toggle.spec.js,Duplicate Assert,"{'line': 250, 'column': 4, 'index': 7926}","  248 |     // current state, the classes and attrs remain the same
  249 |     expect($button.attributes('aria-controls')).toBe('test1 test2')
> 250 |     expect($button.attributes('aria-expanded')).toBe('false')
      |    ^ Duplicate Assert
  251 |     expect($button.classes()).toContain('collapsed')
  252 |     expect($button.classes()).not.toContain('not-collapsed')
  253 |"
/home/gabriel/Disk/Research/research-javascript-test-smells/repositories/bootstrap-vue-dev/src/directives/toggle/toggle.spec.js,Duplicate Assert,"{'line': 250, 'column': 4, 'index': 7926}","  248 |     // current state, the classes and attrs remain the same
  249 |     expect($button.attributes('aria-controls')).toBe('test1 test2')
> 250 |     expect($button.attributes('aria-expanded')).toBe('false')
      |    ^ Duplicate Assert
  251 |     expect($button.classes()).toContain('collapsed')
  252 |     expect($button.classes()).not.toContain('not-collapsed')
  253 |"
/home/gabriel/Disk/Research/research-javascript-test-smells/repositories/bootstrap-vue-dev/src/directives/toggle/toggle.spec.js,Duplicate Assert,"{'line': 251, 'column': 4, 'index': 7988}","  249 |     expect($button.attributes('aria-controls')).toBe('test1 test2')
  250 |     expect($button.attributes('aria-expanded')).toBe('false')
> 251 |     expect($button.classes()).toContain('collapsed')
      |    ^ Duplicate Assert
  252 |     expect($button.classes()).not.toContain('not-collapsed')
  253 |
  254 |     await wrapper.setProps({ target: ['test2'] })"
/home/gabriel/Disk/Research/research-javascript-test-smells/repositories/bootstrap-vue-dev/src/directives/toggle/toggle.spec.js,Duplicate Assert,"{'line': 251, 'column': 4, 'index': 7988}","  249 |     expect($button.attributes('aria-controls')).toBe('test1 test2')
  250 |     expect($button.attributes('aria-expanded')).toBe('false')
> 251 |     expect($button.classes()).toContain('collapsed')
      |    ^ Duplicate Assert
  252 |     expect($button.classes()).not.toContain('not-collapsed')
  253 |
  254 |     await wrapper.setProps({ target: ['test2'] })"
/home/gabriel/Disk/Research/research-javascript-test-smells/repositories/bootstrap-vue-dev/src/directives/toggle/toggle.spec.js,Duplicate Assert,"{'line': 252, 'column': 4, 'index': 8041}","  250 |     expect($button.attributes('aria-expanded')).toBe('false')
  251 |     expect($button.classes()).toContain('collapsed')
> 252 |     expect($button.classes()).not.toContain('not-collapsed')
      |    ^ Duplicate Assert
  253 |
  254 |     await wrapper.setProps({ target: ['test2'] })
  255 |     expect($button.attributes('aria-controls')).toBe('test2')"
/home/gabriel/Disk/Research/research-javascript-test-smells/repositories/bootstrap-vue-dev/src/directives/toggle/toggle.spec.js,Duplicate Assert,"{'line': 252, 'column': 4, 'index': 8041}","  250 |     expect($button.attributes('aria-expanded')).toBe('false')
  251 |     expect($button.classes()).toContain('collapsed')
> 252 |     expect($button.classes()).not.toContain('not-collapsed')
      |    ^ Duplicate Assert
  253 |
  254 |     await wrapper.setProps({ target: ['test2'] })
  255 |     expect($button.attributes('aria-controls')).toBe('test2')"
/home/gabriel/Disk/Research/research-javascript-test-smells/repositories/bootstrap-vue-dev/src/directives/toggle/toggle.spec.js,Duplicate Assert,"{'line': 255, 'column': 4, 'index': 8153}","  253 |
  254 |     await wrapper.setProps({ target: ['test2'] })
> 255 |     expect($button.attributes('aria-controls')).toBe('test2')
      |    ^ Duplicate Assert
  256 |     expect($button.attributes('aria-expanded')).toBe('false')
  257 |     expect($button.classes()).toContain('collapsed')
  258 |     expect($button.classes()).not.toContain('not-collapsed')"
/home/gabriel/Disk/Research/research-javascript-test-smells/repositories/bootstrap-vue-dev/src/directives/toggle/toggle.spec.js,Duplicate Assert,"{'line': 255, 'column': 4, 'index': 8153}","  253 |
  254 |     await wrapper.setProps({ target: ['test2'] })
> 255 |     expect($button.attributes('aria-controls')).toBe('test2')
      |    ^ Duplicate Assert
  256 |     expect($button.attributes('aria-expanded')).toBe('false')
  257 |     expect($button.classes()).toContain('collapsed')
  258 |     expect($button.classes()).not.toContain('not-collapsed')"
/home/gabriel/Disk/Research/research-javascript-test-smells/repositories/bootstrap-vue-dev/src/directives/toggle/toggle.spec.js,Duplicate Assert,"{'line': 256, 'column': 4, 'index': 8215}","  254 |     await wrapper.setProps({ target: ['test2'] })
  255 |     expect($button.attributes('aria-controls')).toBe('test2')
> 256 |     expect($button.attributes('aria-expanded')).toBe('false')
      |    ^ Duplicate Assert
  257 |     expect($button.classes()).toContain('collapsed')
  258 |     expect($button.classes()).not.toContain('not-collapsed')
  259 |     expect(spy).toHaveBeenCalledTimes(2)"
/home/gabriel/Disk/Research/research-javascript-test-smells/repositories/bootstrap-vue-dev/src/directives/toggle/toggle.spec.js,Duplicate Assert,"{'line': 256, 'column': 4, 'index': 8215}","  254 |     await wrapper.setProps({ target: ['test2'] })
  255 |     expect($button.attributes('aria-controls')).toBe('test2')
> 256 |     expect($button.attributes('aria-expanded')).toBe('false')
      |    ^ Duplicate Assert
  257 |     expect($button.classes()).toContain('collapsed')
  258 |     expect($button.classes()).not.toContain('not-collapsed')
  259 |     expect(spy).toHaveBeenCalledTimes(2)"
/home/gabriel/Disk/Research/research-javascript-test-smells/repositories/bootstrap-vue-dev/src/directives/toggle/toggle.spec.js,Duplicate Assert,"{'line': 257, 'column': 4, 'index': 8277}","  255 |     expect($button.attributes('aria-controls')).toBe('test2')
  256 |     expect($button.attributes('aria-expanded')).toBe('false')
> 257 |     expect($button.classes()).toContain('collapsed')
      |    ^ Duplicate Assert
  258 |     expect($button.classes()).not.toContain('not-collapsed')
  259 |     expect(spy).toHaveBeenCalledTimes(2)
  260 |"
/home/gabriel/Disk/Research/research-javascript-test-smells/repositories/bootstrap-vue-dev/src/directives/toggle/toggle.spec.js,Duplicate Assert,"{'line': 257, 'column': 4, 'index': 8277}","  255 |     expect($button.attributes('aria-controls')).toBe('test2')
  256 |     expect($button.attributes('aria-expanded')).toBe('false')
> 257 |     expect($button.classes()).toContain('collapsed')
      |    ^ Duplicate Assert
  258 |     expect($button.classes()).not.toContain('not-collapsed')
  259 |     expect(spy).toHaveBeenCalledTimes(2)
  260 |"
/home/gabriel/Disk/Research/research-javascript-test-smells/repositories/bootstrap-vue-dev/src/directives/toggle/toggle.spec.js,Duplicate Assert,"{'line': 258, 'column': 4, 'index': 8330}","  256 |     expect($button.attributes('aria-expanded')).toBe('false')
  257 |     expect($button.classes()).toContain('collapsed')
> 258 |     expect($button.classes()).not.toContain('not-collapsed')
      |    ^ Duplicate Assert
  259 |     expect(spy).toHaveBeenCalledTimes(2)
  260 |
  261 |     await $button.trigger('click')"
/home/gabriel/Disk/Research/research-javascript-test-smells/repositories/bootstrap-vue-dev/src/directives/toggle/toggle.spec.js,Duplicate Assert,"{'line': 258, 'column': 4, 'index': 8330}","  256 |     expect($button.attributes('aria-expanded')).toBe('false')
  257 |     expect($button.classes()).toContain('collapsed')
> 258 |     expect($button.classes()).not.toContain('not-collapsed')
      |    ^ Duplicate Assert
  259 |     expect(spy).toHaveBeenCalledTimes(2)
  260 |
  261 |     await $button.trigger('click')"
/home/gabriel/Disk/Research/research-javascript-test-smells/repositories/bootstrap-vue-dev/src/directives/toggle/toggle.spec.js,Duplicate Assert,"{'line': 259, 'column': 4, 'index': 8391}","  257 |     expect($button.classes()).toContain('collapsed')
  258 |     expect($button.classes()).not.toContain('not-collapsed')
> 259 |     expect(spy).toHaveBeenCalledTimes(2)
      |    ^ Duplicate Assert
  260 |
  261 |     await $button.trigger('click')
  262 |     expect(spy).toHaveBeenCalledTimes(3)"
/home/gabriel/Disk/Research/research-javascript-test-smells/repositories/bootstrap-vue-dev/src/directives/toggle/toggle.spec.js,Duplicate Assert,"{'line': 262, 'column': 4, 'index': 8468}","  260 |
  261 |     await $button.trigger('click')
> 262 |     expect(spy).toHaveBeenCalledTimes(3)
      |    ^ Duplicate Assert
  263 |     expect(spy).toHaveBeenNthCalledWith(3, 'test2')
  264 |
  265 |     // Since there is no target collapse to respond with the"
/home/gabriel/Disk/Research/research-javascript-test-smells/repositories/bootstrap-vue-dev/src/directives/toggle/toggle.spec.js,Duplicate Assert,"{'line': 263, 'column': 4, 'index': 8509}","  261 |     await $button.trigger('click')
  262 |     expect(spy).toHaveBeenCalledTimes(3)
> 263 |     expect(spy).toHaveBeenNthCalledWith(3, 'test2')
      |    ^ Duplicate Assert
  264 |
  265 |     // Since there is no target collapse to respond with the
  266 |     // current state, the classes and attrs remain the same"
/home/gabriel/Disk/Research/research-javascript-test-smells/repositories/bootstrap-vue-dev/src/directives/toggle/toggle.spec.js,Duplicate Assert,"{'line': 267, 'column': 4, 'index': 8683}","  265 |     // Since there is no target collapse to respond with the
  266 |     // current state, the classes and attrs remain the same
> 267 |     expect($button.attributes('aria-controls')).toBe('test2')
      |    ^ Duplicate Assert
  268 |     expect($button.attributes('aria-expanded')).toBe('false')
  269 |     expect($button.classes()).toContain('collapsed')
  270 |     expect($button.classes()).not.toContain('not-collapsed')"
/home/gabriel/Disk/Research/research-javascript-test-smells/repositories/bootstrap-vue-dev/src/directives/toggle/toggle.spec.js,Duplicate Assert,"{'line': 267, 'column': 4, 'index': 8683}","  265 |     // Since there is no target collapse to respond with the
  266 |     // current state, the classes and attrs remain the same
> 267 |     expect($button.attributes('aria-controls')).toBe('test2')
      |    ^ Duplicate Assert
  268 |     expect($button.attributes('aria-expanded')).toBe('false')
  269 |     expect($button.classes()).toContain('collapsed')
  270 |     expect($button.classes()).not.toContain('not-collapsed')"
/home/gabriel/Disk/Research/research-javascript-test-smells/repositories/bootstrap-vue-dev/src/directives/toggle/toggle.spec.js,Duplicate Assert,"{'line': 268, 'column': 4, 'index': 8745}","  266 |     // current state, the classes and attrs remain the same
  267 |     expect($button.attributes('aria-controls')).toBe('test2')
> 268 |     expect($button.attributes('aria-expanded')).toBe('false')
      |    ^ Duplicate Assert
  269 |     expect($button.classes()).toContain('collapsed')
  270 |     expect($button.classes()).not.toContain('not-collapsed')
  271 |"
/home/gabriel/Disk/Research/research-javascript-test-smells/repositories/bootstrap-vue-dev/src/directives/toggle/toggle.spec.js,Duplicate Assert,"{'line': 268, 'column': 4, 'index': 8745}","  266 |     // current state, the classes and attrs remain the same
  267 |     expect($button.attributes('aria-controls')).toBe('test2')
> 268 |     expect($button.attributes('aria-expanded')).toBe('false')
      |    ^ Duplicate Assert
  269 |     expect($button.classes()).toContain('collapsed')
  270 |     expect($button.classes()).not.toContain('not-collapsed')
  271 |"
/home/gabriel/Disk/Research/research-javascript-test-smells/repositories/bootstrap-vue-dev/src/directives/toggle/toggle.spec.js,Duplicate Assert,"{'line': 269, 'column': 4, 'index': 8807}","  267 |     expect($button.attributes('aria-controls')).toBe('test2')
  268 |     expect($button.attributes('aria-expanded')).toBe('false')
> 269 |     expect($button.classes()).toContain('collapsed')
      |    ^ Duplicate Assert
  270 |     expect($button.classes()).not.toContain('not-collapsed')
  271 |
  272 |     wrapper.destroy()"
/home/gabriel/Disk/Research/research-javascript-test-smells/repositories/bootstrap-vue-dev/src/directives/toggle/toggle.spec.js,Duplicate Assert,"{'line': 269, 'column': 4, 'index': 8807}","  267 |     expect($button.attributes('aria-controls')).toBe('test2')
  268 |     expect($button.attributes('aria-expanded')).toBe('false')
> 269 |     expect($button.classes()).toContain('collapsed')
      |    ^ Duplicate Assert
  270 |     expect($button.classes()).not.toContain('not-collapsed')
  271 |
  272 |     wrapper.destroy()"
/home/gabriel/Disk/Research/research-javascript-test-smells/repositories/bootstrap-vue-dev/src/directives/toggle/toggle.spec.js,Duplicate Assert,"{'line': 270, 'column': 4, 'index': 8860}","  268 |     expect($button.attributes('aria-expanded')).toBe('false')
  269 |     expect($button.classes()).toContain('collapsed')
> 270 |     expect($button.classes()).not.toContain('not-collapsed')
      |    ^ Duplicate Assert
  271 |
  272 |     wrapper.destroy()
  273 |   })"
/home/gabriel/Disk/Research/research-javascript-test-smells/repositories/bootstrap-vue-dev/src/directives/toggle/toggle.spec.js,Duplicate Assert,"{'line': 270, 'column': 4, 'index': 8860}","  268 |     expect($button.attributes('aria-expanded')).toBe('false')
  269 |     expect($button.classes()).toContain('collapsed')
> 270 |     expect($button.classes()).not.toContain('not-collapsed')
      |    ^ Duplicate Assert
  271 |
  272 |     wrapper.destroy()
  273 |   })"
/home/gabriel/Disk/Research/research-javascript-test-smells/repositories/bootstrap-vue-dev/src/directives/toggle/toggle.spec.js,Duplicate Assert,"{'line': 302, 'column': 4, 'index': 9544}","  300 |     expect(wrapper.vm).toBeDefined()
  301 |     expect(wrapper.element.tagName).toBe('SPAN')
> 302 |     expect(spy).not.toHaveBeenCalled()
      |    ^ Duplicate Assert
  303 |
  304 |     const $span = wrapper.find('span')
  305 |     expect($span.attributes('role')).toBe('button')"
/home/gabriel/Disk/Research/research-javascript-test-smells/repositories/bootstrap-vue-dev/src/directives/toggle/toggle.spec.js,Duplicate Assert,"{'line': 305, 'column': 4, 'index': 9623}","  303 |
  304 |     const $span = wrapper.find('span')
> 305 |     expect($span.attributes('role')).toBe('button')
      |    ^ Duplicate Assert
  306 |     expect($span.attributes('tabindex')).toBe('0')
  307 |     expect($span.attributes('aria-controls')).toBe('test')
  308 |     expect($span.attributes('aria-expanded')).toBe('false')"
/home/gabriel/Disk/Research/research-javascript-test-smells/repositories/bootstrap-vue-dev/src/directives/toggle/toggle.spec.js,Duplicate Assert,"{'line': 305, 'column': 4, 'index': 9623}","  303 |
  304 |     const $span = wrapper.find('span')
> 305 |     expect($span.attributes('role')).toBe('button')
      |    ^ Duplicate Assert
  306 |     expect($span.attributes('tabindex')).toBe('0')
  307 |     expect($span.attributes('aria-controls')).toBe('test')
  308 |     expect($span.attributes('aria-expanded')).toBe('false')"
/home/gabriel/Disk/Research/research-javascript-test-smells/repositories/bootstrap-vue-dev/src/directives/toggle/toggle.spec.js,Duplicate Assert,"{'line': 306, 'column': 4, 'index': 9675}","  304 |     const $span = wrapper.find('span')
  305 |     expect($span.attributes('role')).toBe('button')
> 306 |     expect($span.attributes('tabindex')).toBe('0')
      |    ^ Duplicate Assert
  307 |     expect($span.attributes('aria-controls')).toBe('test')
  308 |     expect($span.attributes('aria-expanded')).toBe('false')
  309 |     expect($span.classes()).toContain('collapsed')"
/home/gabriel/Disk/Research/research-javascript-test-smells/repositories/bootstrap-vue-dev/src/directives/toggle/toggle.spec.js,Duplicate Assert,"{'line': 306, 'column': 4, 'index': 9675}","  304 |     const $span = wrapper.find('span')
  305 |     expect($span.attributes('role')).toBe('button')
> 306 |     expect($span.attributes('tabindex')).toBe('0')
      |    ^ Duplicate Assert
  307 |     expect($span.attributes('aria-controls')).toBe('test')
  308 |     expect($span.attributes('aria-expanded')).toBe('false')
  309 |     expect($span.classes()).toContain('collapsed')"
/home/gabriel/Disk/Research/research-javascript-test-smells/repositories/bootstrap-vue-dev/src/directives/toggle/toggle.spec.js,Duplicate Assert,"{'line': 307, 'column': 4, 'index': 9726}","  305 |     expect($span.attributes('role')).toBe('button')
  306 |     expect($span.attributes('tabindex')).toBe('0')
> 307 |     expect($span.attributes('aria-controls')).toBe('test')
      |    ^ Duplicate Assert
  308 |     expect($span.attributes('aria-expanded')).toBe('false')
  309 |     expect($span.classes()).toContain('collapsed')
  310 |     expect($span.classes()).not.toContain('not-collapsed')"
/home/gabriel/Disk/Research/research-javascript-test-smells/repositories/bootstrap-vue-dev/src/directives/toggle/toggle.spec.js,Duplicate Assert,"{'line': 307, 'column': 4, 'index': 9726}","  305 |     expect($span.attributes('role')).toBe('button')
  306 |     expect($span.attributes('tabindex')).toBe('0')
> 307 |     expect($span.attributes('aria-controls')).toBe('test')
      |    ^ Duplicate Assert
  308 |     expect($span.attributes('aria-expanded')).toBe('false')
  309 |     expect($span.classes()).toContain('collapsed')
  310 |     expect($span.classes()).not.toContain('not-collapsed')"
/home/gabriel/Disk/Research/research-javascript-test-smells/repositories/bootstrap-vue-dev/src/directives/toggle/toggle.spec.js,Duplicate Assert,"{'line': 308, 'column': 4, 'index': 9785}","  306 |     expect($span.attributes('tabindex')).toBe('0')
  307 |     expect($span.attributes('aria-controls')).toBe('test')
> 308 |     expect($span.attributes('aria-expanded')).toBe('false')
      |    ^ Duplicate Assert
  309 |     expect($span.classes()).toContain('collapsed')
  310 |     expect($span.classes()).not.toContain('not-collapsed')
  311 |     expect($span.text()).toBe('span')"
/home/gabriel/Disk/Research/research-javascript-test-smells/repositories/bootstrap-vue-dev/src/directives/toggle/toggle.spec.js,Duplicate Assert,"{'line': 308, 'column': 4, 'index': 9785}","  306 |     expect($span.attributes('tabindex')).toBe('0')
  307 |     expect($span.attributes('aria-controls')).toBe('test')
> 308 |     expect($span.attributes('aria-expanded')).toBe('false')
      |    ^ Duplicate Assert
  309 |     expect($span.classes()).toContain('collapsed')
  310 |     expect($span.classes()).not.toContain('not-collapsed')
  311 |     expect($span.text()).toBe('span')"
/home/gabriel/Disk/Research/research-javascript-test-smells/repositories/bootstrap-vue-dev/src/directives/toggle/toggle.spec.js,Duplicate Assert,"{'line': 309, 'column': 4, 'index': 9845}","  307 |     expect($span.attributes('aria-controls')).toBe('test')
  308 |     expect($span.attributes('aria-expanded')).toBe('false')
> 309 |     expect($span.classes()).toContain('collapsed')
      |    ^ Duplicate Assert
  310 |     expect($span.classes()).not.toContain('not-collapsed')
  311 |     expect($span.text()).toBe('span')
  312 |"
/home/gabriel/Disk/Research/research-javascript-test-smells/repositories/bootstrap-vue-dev/src/directives/toggle/toggle.spec.js,Duplicate Assert,"{'line': 309, 'column': 4, 'index': 9845}","  307 |     expect($span.attributes('aria-controls')).toBe('test')
  308 |     expect($span.attributes('aria-expanded')).toBe('false')
> 309 |     expect($span.classes()).toContain('collapsed')
      |    ^ Duplicate Assert
  310 |     expect($span.classes()).not.toContain('not-collapsed')
  311 |     expect($span.text()).toBe('span')
  312 |"
/home/gabriel/Disk/Research/research-javascript-test-smells/repositories/bootstrap-vue-dev/src/directives/toggle/toggle.spec.js,Duplicate Assert,"{'line': 310, 'column': 4, 'index': 9896}","  308 |     expect($span.attributes('aria-expanded')).toBe('false')
  309 |     expect($span.classes()).toContain('collapsed')
> 310 |     expect($span.classes()).not.toContain('not-collapsed')
      |    ^ Duplicate Assert
  311 |     expect($span.text()).toBe('span')
  312 |
  313 |     await $span.trigger('click')"
/home/gabriel/Disk/Research/research-javascript-test-smells/repositories/bootstrap-vue-dev/src/directives/toggle/toggle.spec.js,Duplicate Assert,"{'line': 310, 'column': 4, 'index': 9896}","  308 |     expect($span.attributes('aria-expanded')).toBe('false')
  309 |     expect($span.classes()).toContain('collapsed')
> 310 |     expect($span.classes()).not.toContain('not-collapsed')
      |    ^ Duplicate Assert
  311 |     expect($span.text()).toBe('span')
  312 |
  313 |     await $span.trigger('click')"
/home/gabriel/Disk/Research/research-javascript-test-smells/repositories/bootstrap-vue-dev/src/directives/toggle/toggle.spec.js,Duplicate Assert,"{'line': 311, 'column': 4, 'index': 9955}","  309 |     expect($span.classes()).toContain('collapsed')
  310 |     expect($span.classes()).not.toContain('not-collapsed')
> 311 |     expect($span.text()).toBe('span')
      |    ^ Duplicate Assert
  312 |
  313 |     await $span.trigger('click')
  314 |     expect(spy).toHaveBeenCalledTimes(1)"
/home/gabriel/Disk/Research/research-javascript-test-smells/repositories/bootstrap-vue-dev/src/directives/toggle/toggle.spec.js,Duplicate Assert,"{'line': 314, 'column': 4, 'index': 10027}","  312 |
  313 |     await $span.trigger('click')
> 314 |     expect(spy).toHaveBeenCalledTimes(1)
      |    ^ Duplicate Assert
  315 |     expect(spy).toBeCalledWith('test')
  316 |     expect($span.attributes('role')).toBe('button')
  317 |     expect($span.attributes('tabindex')).toBe('0')"
/home/gabriel/Disk/Research/research-javascript-test-smells/repositories/bootstrap-vue-dev/src/directives/toggle/toggle.spec.js,Duplicate Assert,"{'line': 315, 'column': 4, 'index': 10068}","  313 |     await $span.trigger('click')
  314 |     expect(spy).toHaveBeenCalledTimes(1)
> 315 |     expect(spy).toBeCalledWith('test')
      |    ^ Duplicate Assert
  316 |     expect($span.attributes('role')).toBe('button')
  317 |     expect($span.attributes('tabindex')).toBe('0')
  318 |"
/home/gabriel/Disk/Research/research-javascript-test-smells/repositories/bootstrap-vue-dev/src/directives/toggle/toggle.spec.js,Duplicate Assert,"{'line': 316, 'column': 4, 'index': 10107}","  314 |     expect(spy).toHaveBeenCalledTimes(1)
  315 |     expect(spy).toBeCalledWith('test')
> 316 |     expect($span.attributes('role')).toBe('button')
      |    ^ Duplicate Assert
  317 |     expect($span.attributes('tabindex')).toBe('0')
  318 |
  319 |     // Since there is no target collapse to respond with the"
/home/gabriel/Disk/Research/research-javascript-test-smells/repositories/bootstrap-vue-dev/src/directives/toggle/toggle.spec.js,Duplicate Assert,"{'line': 316, 'column': 4, 'index': 10107}","  314 |     expect(spy).toHaveBeenCalledTimes(1)
  315 |     expect(spy).toBeCalledWith('test')
> 316 |     expect($span.attributes('role')).toBe('button')
      |    ^ Duplicate Assert
  317 |     expect($span.attributes('tabindex')).toBe('0')
  318 |
  319 |     // Since there is no target collapse to respond with the"
/home/gabriel/Disk/Research/research-javascript-test-smells/repositories/bootstrap-vue-dev/src/directives/toggle/toggle.spec.js,Duplicate Assert,"{'line': 317, 'column': 4, 'index': 10159}","  315 |     expect(spy).toBeCalledWith('test')
  316 |     expect($span.attributes('role')).toBe('button')
> 317 |     expect($span.attributes('tabindex')).toBe('0')
      |    ^ Duplicate Assert
  318 |
  319 |     // Since there is no target collapse to respond with the
  320 |     // current state, the classes and attrs remain the same"
/home/gabriel/Disk/Research/research-javascript-test-smells/repositories/bootstrap-vue-dev/src/directives/toggle/toggle.spec.js,Duplicate Assert,"{'line': 317, 'column': 4, 'index': 10159}","  315 |     expect(spy).toBeCalledWith('test')
  316 |     expect($span.attributes('role')).toBe('button')
> 317 |     expect($span.attributes('tabindex')).toBe('0')
      |    ^ Duplicate Assert
  318 |
  319 |     // Since there is no target collapse to respond with the
  320 |     // current state, the classes and attrs remain the same"
/home/gabriel/Disk/Research/research-javascript-test-smells/repositories/bootstrap-vue-dev/src/directives/toggle/toggle.spec.js,Duplicate Assert,"{'line': 321, 'column': 4, 'index': 10332}","  319 |     // Since there is no target collapse to respond with the
  320 |     // current state, the classes and attrs remain the same
> 321 |     expect($span.attributes('aria-controls')).toBe('test')
      |    ^ Duplicate Assert
  322 |     expect($span.attributes('aria-expanded')).toBe('false')
  323 |     expect($span.classes()).toContain('collapsed')
  324 |     expect($span.classes()).not.toContain('not-collapsed')"
/home/gabriel/Disk/Research/research-javascript-test-smells/repositories/bootstrap-vue-dev/src/directives/toggle/toggle.spec.js,Duplicate Assert,"{'line': 321, 'column': 4, 'index': 10332}","  319 |     // Since there is no target collapse to respond with the
  320 |     // current state, the classes and attrs remain the same
> 321 |     expect($span.attributes('aria-controls')).toBe('test')
      |    ^ Duplicate Assert
  322 |     expect($span.attributes('aria-expanded')).toBe('false')
  323 |     expect($span.classes()).toContain('collapsed')
  324 |     expect($span.classes()).not.toContain('not-collapsed')"
/home/gabriel/Disk/Research/research-javascript-test-smells/repositories/bootstrap-vue-dev/src/directives/toggle/toggle.spec.js,Duplicate Assert,"{'line': 322, 'column': 4, 'index': 10391}","  320 |     // current state, the classes and attrs remain the same
  321 |     expect($span.attributes('aria-controls')).toBe('test')
> 322 |     expect($span.attributes('aria-expanded')).toBe('false')
      |    ^ Duplicate Assert
  323 |     expect($span.classes()).toContain('collapsed')
  324 |     expect($span.classes()).not.toContain('not-collapsed')
  325 |"
/home/gabriel/Disk/Research/research-javascript-test-smells/repositories/bootstrap-vue-dev/src/directives/toggle/toggle.spec.js,Duplicate Assert,"{'line': 322, 'column': 4, 'index': 10391}","  320 |     // current state, the classes and attrs remain the same
  321 |     expect($span.attributes('aria-controls')).toBe('test')
> 322 |     expect($span.attributes('aria-expanded')).toBe('false')
      |    ^ Duplicate Assert
  323 |     expect($span.classes()).toContain('collapsed')
  324 |     expect($span.classes()).not.toContain('not-collapsed')
  325 |"
/home/gabriel/Disk/Research/research-javascript-test-smells/repositories/bootstrap-vue-dev/src/directives/toggle/toggle.spec.js,Duplicate Assert,"{'line': 323, 'column': 4, 'index': 10451}","  321 |     expect($span.attributes('aria-controls')).toBe('test')
  322 |     expect($span.attributes('aria-expanded')).toBe('false')
> 323 |     expect($span.classes()).toContain('collapsed')
      |    ^ Duplicate Assert
  324 |     expect($span.classes()).not.toContain('not-collapsed')
  325 |
  326 |     // Reacts to SPACE keypress"
/home/gabriel/Disk/Research/research-javascript-test-smells/repositories/bootstrap-vue-dev/src/directives/toggle/toggle.spec.js,Duplicate Assert,"{'line': 323, 'column': 4, 'index': 10451}","  321 |     expect($span.attributes('aria-controls')).toBe('test')
  322 |     expect($span.attributes('aria-expanded')).toBe('false')
> 323 |     expect($span.classes()).toContain('collapsed')
      |    ^ Duplicate Assert
  324 |     expect($span.classes()).not.toContain('not-collapsed')
  325 |
  326 |     // Reacts to SPACE keypress"
/home/gabriel/Disk/Research/research-javascript-test-smells/repositories/bootstrap-vue-dev/src/directives/toggle/toggle.spec.js,Duplicate Assert,"{'line': 324, 'column': 4, 'index': 10502}","  322 |     expect($span.attributes('aria-expanded')).toBe('false')
  323 |     expect($span.classes()).toContain('collapsed')
> 324 |     expect($span.classes()).not.toContain('not-collapsed')
      |    ^ Duplicate Assert
  325 |
  326 |     // Reacts to SPACE keypress
  327 |     await $span.trigger('keydown.space')"
/home/gabriel/Disk/Research/research-javascript-test-smells/repositories/bootstrap-vue-dev/src/directives/toggle/toggle.spec.js,Duplicate Assert,"{'line': 324, 'column': 4, 'index': 10502}","  322 |     expect($span.attributes('aria-expanded')).toBe('false')
  323 |     expect($span.classes()).toContain('collapsed')
> 324 |     expect($span.classes()).not.toContain('not-collapsed')
      |    ^ Duplicate Assert
  325 |
  326 |     // Reacts to SPACE keypress
  327 |     await $span.trigger('keydown.space')"
/home/gabriel/Disk/Research/research-javascript-test-smells/repositories/bootstrap-vue-dev/src/directives/toggle/toggle.spec.js,Duplicate Assert,"{'line': 328, 'column': 4, 'index': 10635}","  326 |     // Reacts to SPACE keypress
  327 |     await $span.trigger('keydown.space')
> 328 |     expect(spy).toHaveBeenCalledTimes(2)
      |    ^ Duplicate Assert
  329 |     expect(spy).toBeCalledWith('test')
  330 |     expect($span.attributes('role')).toBe('button')
  331 |     expect($span.attributes('tabindex')).toBe('0')"
/home/gabriel/Disk/Research/research-javascript-test-smells/repositories/bootstrap-vue-dev/src/directives/toggle/toggle.spec.js,Duplicate Assert,"{'line': 329, 'column': 4, 'index': 10676}","  327 |     await $span.trigger('keydown.space')
  328 |     expect(spy).toHaveBeenCalledTimes(2)
> 329 |     expect(spy).toBeCalledWith('test')
      |    ^ Duplicate Assert
  330 |     expect($span.attributes('role')).toBe('button')
  331 |     expect($span.attributes('tabindex')).toBe('0')
  332 |"
/home/gabriel/Disk/Research/research-javascript-test-smells/repositories/bootstrap-vue-dev/src/directives/toggle/toggle.spec.js,Duplicate Assert,"{'line': 330, 'column': 4, 'index': 10715}","  328 |     expect(spy).toHaveBeenCalledTimes(2)
  329 |     expect(spy).toBeCalledWith('test')
> 330 |     expect($span.attributes('role')).toBe('button')
      |    ^ Duplicate Assert
  331 |     expect($span.attributes('tabindex')).toBe('0')
  332 |
  333 |     // Since there is no target collapse to respond with the"
/home/gabriel/Disk/Research/research-javascript-test-smells/repositories/bootstrap-vue-dev/src/directives/toggle/toggle.spec.js,Duplicate Assert,"{'line': 330, 'column': 4, 'index': 10715}","  328 |     expect(spy).toHaveBeenCalledTimes(2)
  329 |     expect(spy).toBeCalledWith('test')
> 330 |     expect($span.attributes('role')).toBe('button')
      |    ^ Duplicate Assert
  331 |     expect($span.attributes('tabindex')).toBe('0')
  332 |
  333 |     // Since there is no target collapse to respond with the"
/home/gabriel/Disk/Research/research-javascript-test-smells/repositories/bootstrap-vue-dev/src/directives/toggle/toggle.spec.js,Duplicate Assert,"{'line': 331, 'column': 4, 'index': 10767}","  329 |     expect(spy).toBeCalledWith('test')
  330 |     expect($span.attributes('role')).toBe('button')
> 331 |     expect($span.attributes('tabindex')).toBe('0')
      |    ^ Duplicate Assert
  332 |
  333 |     // Since there is no target collapse to respond with the
  334 |     // current state, the classes and attrs remain the same"
/home/gabriel/Disk/Research/research-javascript-test-smells/repositories/bootstrap-vue-dev/src/directives/toggle/toggle.spec.js,Duplicate Assert,"{'line': 331, 'column': 4, 'index': 10767}","  329 |     expect(spy).toBeCalledWith('test')
  330 |     expect($span.attributes('role')).toBe('button')
> 331 |     expect($span.attributes('tabindex')).toBe('0')
      |    ^ Duplicate Assert
  332 |
  333 |     // Since there is no target collapse to respond with the
  334 |     // current state, the classes and attrs remain the same"
/home/gabriel/Disk/Research/research-javascript-test-smells/repositories/bootstrap-vue-dev/src/directives/toggle/toggle.spec.js,Duplicate Assert,"{'line': 335, 'column': 4, 'index': 10940}","  333 |     // Since there is no target collapse to respond with the
  334 |     // current state, the classes and attrs remain the same
> 335 |     expect($span.attributes('aria-controls')).toBe('test')
      |    ^ Duplicate Assert
  336 |     expect($span.attributes('aria-expanded')).toBe('false')
  337 |     expect($span.classes()).toContain('collapsed')
  338 |     expect($span.classes()).not.toContain('not-collapsed')"
/home/gabriel/Disk/Research/research-javascript-test-smells/repositories/bootstrap-vue-dev/src/directives/toggle/toggle.spec.js,Duplicate Assert,"{'line': 335, 'column': 4, 'index': 10940}","  333 |     // Since there is no target collapse to respond with the
  334 |     // current state, the classes and attrs remain the same
> 335 |     expect($span.attributes('aria-controls')).toBe('test')
      |    ^ Duplicate Assert
  336 |     expect($span.attributes('aria-expanded')).toBe('false')
  337 |     expect($span.classes()).toContain('collapsed')
  338 |     expect($span.classes()).not.toContain('not-collapsed')"
/home/gabriel/Disk/Research/research-javascript-test-smells/repositories/bootstrap-vue-dev/src/directives/toggle/toggle.spec.js,Duplicate Assert,"{'line': 336, 'column': 4, 'index': 10999}","  334 |     // current state, the classes and attrs remain the same
  335 |     expect($span.attributes('aria-controls')).toBe('test')
> 336 |     expect($span.attributes('aria-expanded')).toBe('false')
      |    ^ Duplicate Assert
  337 |     expect($span.classes()).toContain('collapsed')
  338 |     expect($span.classes()).not.toContain('not-collapsed')
  339 |"
/home/gabriel/Disk/Research/research-javascript-test-smells/repositories/bootstrap-vue-dev/src/directives/toggle/toggle.spec.js,Duplicate Assert,"{'line': 336, 'column': 4, 'index': 10999}","  334 |     // current state, the classes and attrs remain the same
  335 |     expect($span.attributes('aria-controls')).toBe('test')
> 336 |     expect($span.attributes('aria-expanded')).toBe('false')
      |    ^ Duplicate Assert
  337 |     expect($span.classes()).toContain('collapsed')
  338 |     expect($span.classes()).not.toContain('not-collapsed')
  339 |"
/home/gabriel/Disk/Research/research-javascript-test-smells/repositories/bootstrap-vue-dev/src/directives/toggle/toggle.spec.js,Duplicate Assert,"{'line': 337, 'column': 4, 'index': 11059}","  335 |     expect($span.attributes('aria-controls')).toBe('test')
  336 |     expect($span.attributes('aria-expanded')).toBe('false')
> 337 |     expect($span.classes()).toContain('collapsed')
      |    ^ Duplicate Assert
  338 |     expect($span.classes()).not.toContain('not-collapsed')
  339 |
  340 |     // Reacts to ENTER keypress"
/home/gabriel/Disk/Research/research-javascript-test-smells/repositories/bootstrap-vue-dev/src/directives/toggle/toggle.spec.js,Duplicate Assert,"{'line': 337, 'column': 4, 'index': 11059}","  335 |     expect($span.attributes('aria-controls')).toBe('test')
  336 |     expect($span.attributes('aria-expanded')).toBe('false')
> 337 |     expect($span.classes()).toContain('collapsed')
      |    ^ Duplicate Assert
  338 |     expect($span.classes()).not.toContain('not-collapsed')
  339 |
  340 |     // Reacts to ENTER keypress"
/home/gabriel/Disk/Research/research-javascript-test-smells/repositories/bootstrap-vue-dev/src/directives/toggle/toggle.spec.js,Duplicate Assert,"{'line': 338, 'column': 4, 'index': 11110}","  336 |     expect($span.attributes('aria-expanded')).toBe('false')
  337 |     expect($span.classes()).toContain('collapsed')
> 338 |     expect($span.classes()).not.toContain('not-collapsed')
      |    ^ Duplicate Assert
  339 |
  340 |     // Reacts to ENTER keypress
  341 |     await $span.trigger('keydown.enter')"
/home/gabriel/Disk/Research/research-javascript-test-smells/repositories/bootstrap-vue-dev/src/directives/toggle/toggle.spec.js,Duplicate Assert,"{'line': 338, 'column': 4, 'index': 11110}","  336 |     expect($span.attributes('aria-expanded')).toBe('false')
  337 |     expect($span.classes()).toContain('collapsed')
> 338 |     expect($span.classes()).not.toContain('not-collapsed')
      |    ^ Duplicate Assert
  339 |
  340 |     // Reacts to ENTER keypress
  341 |     await $span.trigger('keydown.enter')"
/home/gabriel/Disk/Research/research-javascript-test-smells/repositories/bootstrap-vue-dev/src/directives/toggle/toggle.spec.js,Duplicate Assert,"{'line': 342, 'column': 4, 'index': 11243}","  340 |     // Reacts to ENTER keypress
  341 |     await $span.trigger('keydown.enter')
> 342 |     expect(spy).toHaveBeenCalledTimes(3)
      |    ^ Duplicate Assert
  343 |     expect(spy).toBeCalledWith('test')
  344 |     expect($span.attributes('role')).toBe('button')
  345 |     expect($span.attributes('tabindex')).toBe('0')"
/home/gabriel/Disk/Research/research-javascript-test-smells/repositories/bootstrap-vue-dev/src/directives/toggle/toggle.spec.js,Duplicate Assert,"{'line': 343, 'column': 4, 'index': 11284}","  341 |     await $span.trigger('keydown.enter')
  342 |     expect(spy).toHaveBeenCalledTimes(3)
> 343 |     expect(spy).toBeCalledWith('test')
      |    ^ Duplicate Assert
  344 |     expect($span.attributes('role')).toBe('button')
  345 |     expect($span.attributes('tabindex')).toBe('0')
  346 |"
/home/gabriel/Disk/Research/research-javascript-test-smells/repositories/bootstrap-vue-dev/src/directives/toggle/toggle.spec.js,Duplicate Assert,"{'line': 344, 'column': 4, 'index': 11323}","  342 |     expect(spy).toHaveBeenCalledTimes(3)
  343 |     expect(spy).toBeCalledWith('test')
> 344 |     expect($span.attributes('role')).toBe('button')
      |    ^ Duplicate Assert
  345 |     expect($span.attributes('tabindex')).toBe('0')
  346 |
  347 |     // Since there is no target collapse to respond with the"
/home/gabriel/Disk/Research/research-javascript-test-smells/repositories/bootstrap-vue-dev/src/directives/toggle/toggle.spec.js,Duplicate Assert,"{'line': 344, 'column': 4, 'index': 11323}","  342 |     expect(spy).toHaveBeenCalledTimes(3)
  343 |     expect(spy).toBeCalledWith('test')
> 344 |     expect($span.attributes('role')).toBe('button')
      |    ^ Duplicate Assert
  345 |     expect($span.attributes('tabindex')).toBe('0')
  346 |
  347 |     // Since there is no target collapse to respond with the"
/home/gabriel/Disk/Research/research-javascript-test-smells/repositories/bootstrap-vue-dev/src/directives/toggle/toggle.spec.js,Duplicate Assert,"{'line': 345, 'column': 4, 'index': 11375}","  343 |     expect(spy).toBeCalledWith('test')
  344 |     expect($span.attributes('role')).toBe('button')
> 345 |     expect($span.attributes('tabindex')).toBe('0')
      |    ^ Duplicate Assert
  346 |
  347 |     // Since there is no target collapse to respond with the
  348 |     // current state, the classes and attrs remain the same"
/home/gabriel/Disk/Research/research-javascript-test-smells/repositories/bootstrap-vue-dev/src/directives/toggle/toggle.spec.js,Duplicate Assert,"{'line': 345, 'column': 4, 'index': 11375}","  343 |     expect(spy).toBeCalledWith('test')
  344 |     expect($span.attributes('role')).toBe('button')
> 345 |     expect($span.attributes('tabindex')).toBe('0')
      |    ^ Duplicate Assert
  346 |
  347 |     // Since there is no target collapse to respond with the
  348 |     // current state, the classes and attrs remain the same"
/home/gabriel/Disk/Research/research-javascript-test-smells/repositories/bootstrap-vue-dev/src/directives/toggle/toggle.spec.js,Duplicate Assert,"{'line': 349, 'column': 4, 'index': 11548}","  347 |     // Since there is no target collapse to respond with the
  348 |     // current state, the classes and attrs remain the same
> 349 |     expect($span.attributes('aria-controls')).toBe('test')
      |    ^ Duplicate Assert
  350 |     expect($span.attributes('aria-expanded')).toBe('false')
  351 |     expect($span.classes()).toContain('collapsed')
  352 |     expect($span.classes()).not.toContain('not-collapsed')"
/home/gabriel/Disk/Research/research-javascript-test-smells/repositories/bootstrap-vue-dev/src/directives/toggle/toggle.spec.js,Duplicate Assert,"{'line': 349, 'column': 4, 'index': 11548}","  347 |     // Since there is no target collapse to respond with the
  348 |     // current state, the classes and attrs remain the same
> 349 |     expect($span.attributes('aria-controls')).toBe('test')
      |    ^ Duplicate Assert
  350 |     expect($span.attributes('aria-expanded')).toBe('false')
  351 |     expect($span.classes()).toContain('collapsed')
  352 |     expect($span.classes()).not.toContain('not-collapsed')"
/home/gabriel/Disk/Research/research-javascript-test-smells/repositories/bootstrap-vue-dev/src/directives/toggle/toggle.spec.js,Duplicate Assert,"{'line': 350, 'column': 4, 'index': 11607}","  348 |     // current state, the classes and attrs remain the same
  349 |     expect($span.attributes('aria-controls')).toBe('test')
> 350 |     expect($span.attributes('aria-expanded')).toBe('false')
      |    ^ Duplicate Assert
  351 |     expect($span.classes()).toContain('collapsed')
  352 |     expect($span.classes()).not.toContain('not-collapsed')
  353 |"
/home/gabriel/Disk/Research/research-javascript-test-smells/repositories/bootstrap-vue-dev/src/directives/toggle/toggle.spec.js,Duplicate Assert,"{'line': 350, 'column': 4, 'index': 11607}","  348 |     // current state, the classes and attrs remain the same
  349 |     expect($span.attributes('aria-controls')).toBe('test')
> 350 |     expect($span.attributes('aria-expanded')).toBe('false')
      |    ^ Duplicate Assert
  351 |     expect($span.classes()).toContain('collapsed')
  352 |     expect($span.classes()).not.toContain('not-collapsed')
  353 |"
/home/gabriel/Disk/Research/research-javascript-test-smells/repositories/bootstrap-vue-dev/src/directives/toggle/toggle.spec.js,Duplicate Assert,"{'line': 351, 'column': 4, 'index': 11667}","  349 |     expect($span.attributes('aria-controls')).toBe('test')
  350 |     expect($span.attributes('aria-expanded')).toBe('false')
> 351 |     expect($span.classes()).toContain('collapsed')
      |    ^ Duplicate Assert
  352 |     expect($span.classes()).not.toContain('not-collapsed')
  353 |
  354 |     // Test updating component, should maintain role attribute"
/home/gabriel/Disk/Research/research-javascript-test-smells/repositories/bootstrap-vue-dev/src/directives/toggle/toggle.spec.js,Duplicate Assert,"{'line': 351, 'column': 4, 'index': 11667}","  349 |     expect($span.attributes('aria-controls')).toBe('test')
  350 |     expect($span.attributes('aria-expanded')).toBe('false')
> 351 |     expect($span.classes()).toContain('collapsed')
      |    ^ Duplicate Assert
  352 |     expect($span.classes()).not.toContain('not-collapsed')
  353 |
  354 |     // Test updating component, should maintain role attribute"
/home/gabriel/Disk/Research/research-javascript-test-smells/repositories/bootstrap-vue-dev/src/directives/toggle/toggle.spec.js,Duplicate Assert,"{'line': 352, 'column': 4, 'index': 11718}","  350 |     expect($span.attributes('aria-expanded')).toBe('false')
  351 |     expect($span.classes()).toContain('collapsed')
> 352 |     expect($span.classes()).not.toContain('not-collapsed')
      |    ^ Duplicate Assert
  353 |
  354 |     // Test updating component, should maintain role attribute
  355 |     await wrapper.setData({ text: 'foobar' })"
/home/gabriel/Disk/Research/research-javascript-test-smells/repositories/bootstrap-vue-dev/src/directives/toggle/toggle.spec.js,Duplicate Assert,"{'line': 352, 'column': 4, 'index': 11718}","  350 |     expect($span.attributes('aria-expanded')).toBe('false')
  351 |     expect($span.classes()).toContain('collapsed')
> 352 |     expect($span.classes()).not.toContain('not-collapsed')
      |    ^ Duplicate Assert
  353 |
  354 |     // Test updating component, should maintain role attribute
  355 |     await wrapper.setData({ text: 'foobar' })"
/home/gabriel/Disk/Research/research-javascript-test-smells/repositories/bootstrap-vue-dev/src/directives/toggle/toggle.spec.js,Duplicate Assert,"{'line': 356, 'column': 4, 'index': 11887}","  354 |     // Test updating component, should maintain role attribute
  355 |     await wrapper.setData({ text: 'foobar' })
> 356 |     expect($span.text()).toBe('foobar')
      |    ^ Duplicate Assert
  357 |     expect($span.attributes('role')).toBe('button')
  358 |     expect($span.attributes('tabindex')).toBe('0')
  359 |"
/home/gabriel/Disk/Research/research-javascript-test-smells/repositories/bootstrap-vue-dev/src/directives/toggle/toggle.spec.js,Duplicate Assert,"{'line': 357, 'column': 4, 'index': 11927}","  355 |     await wrapper.setData({ text: 'foobar' })
  356 |     expect($span.text()).toBe('foobar')
> 357 |     expect($span.attributes('role')).toBe('button')
      |    ^ Duplicate Assert
  358 |     expect($span.attributes('tabindex')).toBe('0')
  359 |
  360 |     // Since there is no target collapse to respond with the"
/home/gabriel/Disk/Research/research-javascript-test-smells/repositories/bootstrap-vue-dev/src/directives/toggle/toggle.spec.js,Duplicate Assert,"{'line': 357, 'column': 4, 'index': 11927}","  355 |     await wrapper.setData({ text: 'foobar' })
  356 |     expect($span.text()).toBe('foobar')
> 357 |     expect($span.attributes('role')).toBe('button')
      |    ^ Duplicate Assert
  358 |     expect($span.attributes('tabindex')).toBe('0')
  359 |
  360 |     // Since there is no target collapse to respond with the"
/home/gabriel/Disk/Research/research-javascript-test-smells/repositories/bootstrap-vue-dev/src/directives/toggle/toggle.spec.js,Duplicate Assert,"{'line': 358, 'column': 4, 'index': 11979}","  356 |     expect($span.text()).toBe('foobar')
  357 |     expect($span.attributes('role')).toBe('button')
> 358 |     expect($span.attributes('tabindex')).toBe('0')
      |    ^ Duplicate Assert
  359 |
  360 |     // Since there is no target collapse to respond with the
  361 |     // current state, the classes and attrs remain the same"
/home/gabriel/Disk/Research/research-javascript-test-smells/repositories/bootstrap-vue-dev/src/directives/toggle/toggle.spec.js,Duplicate Assert,"{'line': 358, 'column': 4, 'index': 11979}","  356 |     expect($span.text()).toBe('foobar')
  357 |     expect($span.attributes('role')).toBe('button')
> 358 |     expect($span.attributes('tabindex')).toBe('0')
      |    ^ Duplicate Assert
  359 |
  360 |     // Since there is no target collapse to respond with the
  361 |     // current state, the classes and attrs remain the same"
/home/gabriel/Disk/Research/research-javascript-test-smells/repositories/bootstrap-vue-dev/src/directives/toggle/toggle.spec.js,Duplicate Assert,"{'line': 362, 'column': 4, 'index': 12152}","  360 |     // Since there is no target collapse to respond with the
  361 |     // current state, the classes and attrs remain the same
> 362 |     expect($span.attributes('aria-controls')).toBe('test')
      |    ^ Duplicate Assert
  363 |     expect($span.attributes('aria-expanded')).toBe('false')
  364 |     expect($span.classes()).toContain('collapsed')
  365 |     expect($span.classes()).not.toContain('not-collapsed')"
/home/gabriel/Disk/Research/research-javascript-test-smells/repositories/bootstrap-vue-dev/src/directives/toggle/toggle.spec.js,Duplicate Assert,"{'line': 362, 'column': 4, 'index': 12152}","  360 |     // Since there is no target collapse to respond with the
  361 |     // current state, the classes and attrs remain the same
> 362 |     expect($span.attributes('aria-controls')).toBe('test')
      |    ^ Duplicate Assert
  363 |     expect($span.attributes('aria-expanded')).toBe('false')
  364 |     expect($span.classes()).toContain('collapsed')
  365 |     expect($span.classes()).not.toContain('not-collapsed')"
/home/gabriel/Disk/Research/research-javascript-test-smells/repositories/bootstrap-vue-dev/src/directives/toggle/toggle.spec.js,Duplicate Assert,"{'line': 363, 'column': 4, 'index': 12211}","  361 |     // current state, the classes and attrs remain the same
  362 |     expect($span.attributes('aria-controls')).toBe('test')
> 363 |     expect($span.attributes('aria-expanded')).toBe('false')
      |    ^ Duplicate Assert
  364 |     expect($span.classes()).toContain('collapsed')
  365 |     expect($span.classes()).not.toContain('not-collapsed')
  366 |"
/home/gabriel/Disk/Research/research-javascript-test-smells/repositories/bootstrap-vue-dev/src/directives/toggle/toggle.spec.js,Duplicate Assert,"{'line': 363, 'column': 4, 'index': 12211}","  361 |     // current state, the classes and attrs remain the same
  362 |     expect($span.attributes('aria-controls')).toBe('test')
> 363 |     expect($span.attributes('aria-expanded')).toBe('false')
      |    ^ Duplicate Assert
  364 |     expect($span.classes()).toContain('collapsed')
  365 |     expect($span.classes()).not.toContain('not-collapsed')
  366 |"
/home/gabriel/Disk/Research/research-javascript-test-smells/repositories/bootstrap-vue-dev/src/directives/toggle/toggle.spec.js,Duplicate Assert,"{'line': 364, 'column': 4, 'index': 12271}","  362 |     expect($span.attributes('aria-controls')).toBe('test')
  363 |     expect($span.attributes('aria-expanded')).toBe('false')
> 364 |     expect($span.classes()).toContain('collapsed')
      |    ^ Duplicate Assert
  365 |     expect($span.classes()).not.toContain('not-collapsed')
  366 |
  367 |     wrapper.destroy()"
/home/gabriel/Disk/Research/research-javascript-test-smells/repositories/bootstrap-vue-dev/src/directives/toggle/toggle.spec.js,Duplicate Assert,"{'line': 364, 'column': 4, 'index': 12271}","  362 |     expect($span.attributes('aria-controls')).toBe('test')
  363 |     expect($span.attributes('aria-expanded')).toBe('false')
> 364 |     expect($span.classes()).toContain('collapsed')
      |    ^ Duplicate Assert
  365 |     expect($span.classes()).not.toContain('not-collapsed')
  366 |
  367 |     wrapper.destroy()"
/home/gabriel/Disk/Research/research-javascript-test-smells/repositories/bootstrap-vue-dev/src/directives/toggle/toggle.spec.js,Duplicate Assert,"{'line': 365, 'column': 4, 'index': 12322}","  363 |     expect($span.attributes('aria-expanded')).toBe('false')
  364 |     expect($span.classes()).toContain('collapsed')
> 365 |     expect($span.classes()).not.toContain('not-collapsed')
      |    ^ Duplicate Assert
  366 |
  367 |     wrapper.destroy()
  368 |   })"
/home/gabriel/Disk/Research/research-javascript-test-smells/repositories/bootstrap-vue-dev/src/directives/toggle/toggle.spec.js,Duplicate Assert,"{'line': 365, 'column': 4, 'index': 12322}","  363 |     expect($span.attributes('aria-expanded')).toBe('false')
  364 |     expect($span.classes()).toContain('collapsed')
> 365 |     expect($span.classes()).not.toContain('not-collapsed')
      |    ^ Duplicate Assert
  366 |
  367 |     wrapper.destroy()
  368 |   })"
/home/gabriel/Disk/Research/research-javascript-test-smells/repositories/bootstrap-vue-dev/src/directives/toggle/toggle.spec.js,Duplicate Assert,"{'line': 386, 'column': 4, 'index': 12802}","  384 |
  385 |     const $button = wrapper.find('button')
> 386 |     expect($button.attributes('aria-controls')).toBe('test')
      |    ^ Duplicate Assert
  387 |     expect($button.attributes('aria-expanded')).toBe('false')
  388 |     expect($button.classes()).toContain('collapsed')
  389 |     expect($button.classes()).not.toContain('not-collapsed')"
/home/gabriel/Disk/Research/research-javascript-test-smells/repositories/bootstrap-vue-dev/src/directives/toggle/toggle.spec.js,Duplicate Assert,"{'line': 386, 'column': 4, 'index': 12802}","  384 |
  385 |     const $button = wrapper.find('button')
> 386 |     expect($button.attributes('aria-controls')).toBe('test')
      |    ^ Duplicate Assert
  387 |     expect($button.attributes('aria-expanded')).toBe('false')
  388 |     expect($button.classes()).toContain('collapsed')
  389 |     expect($button.classes()).not.toContain('not-collapsed')"
/home/gabriel/Disk/Research/research-javascript-test-smells/repositories/bootstrap-vue-dev/src/directives/toggle/toggle.spec.js,Duplicate Assert,"{'line': 387, 'column': 4, 'index': 12863}","  385 |     const $button = wrapper.find('button')
  386 |     expect($button.attributes('aria-controls')).toBe('test')
> 387 |     expect($button.attributes('aria-expanded')).toBe('false')
      |    ^ Duplicate Assert
  388 |     expect($button.classes()).toContain('collapsed')
  389 |     expect($button.classes()).not.toContain('not-collapsed')
  390 |"
/home/gabriel/Disk/Research/research-javascript-test-smells/repositories/bootstrap-vue-dev/src/directives/toggle/toggle.spec.js,Duplicate Assert,"{'line': 387, 'column': 4, 'index': 12863}","  385 |     const $button = wrapper.find('button')
  386 |     expect($button.attributes('aria-controls')).toBe('test')
> 387 |     expect($button.attributes('aria-expanded')).toBe('false')
      |    ^ Duplicate Assert
  388 |     expect($button.classes()).toContain('collapsed')
  389 |     expect($button.classes()).not.toContain('not-collapsed')
  390 |"
/home/gabriel/Disk/Research/research-javascript-test-smells/repositories/bootstrap-vue-dev/src/directives/toggle/toggle.spec.js,Duplicate Assert,"{'line': 388, 'column': 4, 'index': 12925}","  386 |     expect($button.attributes('aria-controls')).toBe('test')
  387 |     expect($button.attributes('aria-expanded')).toBe('false')
> 388 |     expect($button.classes()).toContain('collapsed')
      |    ^ Duplicate Assert
  389 |     expect($button.classes()).not.toContain('not-collapsed')
  390 |
  391 |     $root.$emit(EVENT_STATE, 'test', true)"
/home/gabriel/Disk/Research/research-javascript-test-smells/repositories/bootstrap-vue-dev/src/directives/toggle/toggle.spec.js,Duplicate Assert,"{'line': 388, 'column': 4, 'index': 12925}","  386 |     expect($button.attributes('aria-controls')).toBe('test')
  387 |     expect($button.attributes('aria-expanded')).toBe('false')
> 388 |     expect($button.classes()).toContain('collapsed')
      |    ^ Duplicate Assert
  389 |     expect($button.classes()).not.toContain('not-collapsed')
  390 |
  391 |     $root.$emit(EVENT_STATE, 'test', true)"
/home/gabriel/Disk/Research/research-javascript-test-smells/repositories/bootstrap-vue-dev/src/directives/toggle/toggle.spec.js,Duplicate Assert,"{'line': 389, 'column': 4, 'index': 12978}","  387 |     expect($button.attributes('aria-expanded')).toBe('false')
  388 |     expect($button.classes()).toContain('collapsed')
> 389 |     expect($button.classes()).not.toContain('not-collapsed')
      |    ^ Duplicate Assert
  390 |
  391 |     $root.$emit(EVENT_STATE, 'test', true)
  392 |     await waitNT(wrapper.vm)"
/home/gabriel/Disk/Research/research-javascript-test-smells/repositories/bootstrap-vue-dev/src/directives/toggle/toggle.spec.js,Duplicate Assert,"{'line': 389, 'column': 4, 'index': 12978}","  387 |     expect($button.attributes('aria-expanded')).toBe('false')
  388 |     expect($button.classes()).toContain('collapsed')
> 389 |     expect($button.classes()).not.toContain('not-collapsed')
      |    ^ Duplicate Assert
  390 |
  391 |     $root.$emit(EVENT_STATE, 'test', true)
  392 |     await waitNT(wrapper.vm)"
/home/gabriel/Disk/Research/research-javascript-test-smells/repositories/bootstrap-vue-dev/src/directives/toggle/toggle.spec.js,Duplicate Assert,"{'line': 393, 'column': 4, 'index': 13112}","  391 |     $root.$emit(EVENT_STATE, 'test', true)
  392 |     await waitNT(wrapper.vm)
> 393 |     expect($button.attributes('aria-controls')).toBe('test')
      |    ^ Duplicate Assert
  394 |     expect($button.attributes('aria-expanded')).toBe('true')
  395 |     expect($button.classes()).not.toContain('collapsed')
  396 |     expect($button.classes()).toContain('not-collapsed')"
/home/gabriel/Disk/Research/research-javascript-test-smells/repositories/bootstrap-vue-dev/src/directives/toggle/toggle.spec.js,Duplicate Assert,"{'line': 393, 'column': 4, 'index': 13112}","  391 |     $root.$emit(EVENT_STATE, 'test', true)
  392 |     await waitNT(wrapper.vm)
> 393 |     expect($button.attributes('aria-controls')).toBe('test')
      |    ^ Duplicate Assert
  394 |     expect($button.attributes('aria-expanded')).toBe('true')
  395 |     expect($button.classes()).not.toContain('collapsed')
  396 |     expect($button.classes()).toContain('not-collapsed')"
/home/gabriel/Disk/Research/research-javascript-test-smells/repositories/bootstrap-vue-dev/src/directives/toggle/toggle.spec.js,Duplicate Assert,"{'line': 394, 'column': 4, 'index': 13173}","  392 |     await waitNT(wrapper.vm)
  393 |     expect($button.attributes('aria-controls')).toBe('test')
> 394 |     expect($button.attributes('aria-expanded')).toBe('true')
      |    ^ Duplicate Assert
  395 |     expect($button.classes()).not.toContain('collapsed')
  396 |     expect($button.classes()).toContain('not-collapsed')
  397 |"
/home/gabriel/Disk/Research/research-javascript-test-smells/repositories/bootstrap-vue-dev/src/directives/toggle/toggle.spec.js,Duplicate Assert,"{'line': 394, 'column': 4, 'index': 13173}","  392 |     await waitNT(wrapper.vm)
  393 |     expect($button.attributes('aria-controls')).toBe('test')
> 394 |     expect($button.attributes('aria-expanded')).toBe('true')
      |    ^ Duplicate Assert
  395 |     expect($button.classes()).not.toContain('collapsed')
  396 |     expect($button.classes()).toContain('not-collapsed')
  397 |"
/home/gabriel/Disk/Research/research-javascript-test-smells/repositories/bootstrap-vue-dev/src/directives/toggle/toggle.spec.js,Duplicate Assert,"{'line': 395, 'column': 4, 'index': 13234}","  393 |     expect($button.attributes('aria-controls')).toBe('test')
  394 |     expect($button.attributes('aria-expanded')).toBe('true')
> 395 |     expect($button.classes()).not.toContain('collapsed')
      |    ^ Duplicate Assert
  396 |     expect($button.classes()).toContain('not-collapsed')
  397 |
  398 |     $root.$emit(EVENT_STATE, 'test', false)"
/home/gabriel/Disk/Research/research-javascript-test-smells/repositories/bootstrap-vue-dev/src/directives/toggle/toggle.spec.js,Duplicate Assert,"{'line': 395, 'column': 4, 'index': 13234}","  393 |     expect($button.attributes('aria-controls')).toBe('test')
  394 |     expect($button.attributes('aria-expanded')).toBe('true')
> 395 |     expect($button.classes()).not.toContain('collapsed')
      |    ^ Duplicate Assert
  396 |     expect($button.classes()).toContain('not-collapsed')
  397 |
  398 |     $root.$emit(EVENT_STATE, 'test', false)"
/home/gabriel/Disk/Research/research-javascript-test-smells/repositories/bootstrap-vue-dev/src/directives/toggle/toggle.spec.js,Duplicate Assert,"{'line': 396, 'column': 4, 'index': 13291}","  394 |     expect($button.attributes('aria-expanded')).toBe('true')
  395 |     expect($button.classes()).not.toContain('collapsed')
> 396 |     expect($button.classes()).toContain('not-collapsed')
      |    ^ Duplicate Assert
  397 |
  398 |     $root.$emit(EVENT_STATE, 'test', false)
  399 |     await waitNT(wrapper.vm)"
/home/gabriel/Disk/Research/research-javascript-test-smells/repositories/bootstrap-vue-dev/src/directives/toggle/toggle.spec.js,Duplicate Assert,"{'line': 396, 'column': 4, 'index': 13291}","  394 |     expect($button.attributes('aria-expanded')).toBe('true')
  395 |     expect($button.classes()).not.toContain('collapsed')
> 396 |     expect($button.classes()).toContain('not-collapsed')
      |    ^ Duplicate Assert
  397 |
  398 |     $root.$emit(EVENT_STATE, 'test', false)
  399 |     await waitNT(wrapper.vm)"
/home/gabriel/Disk/Research/research-javascript-test-smells/repositories/bootstrap-vue-dev/src/directives/toggle/toggle.spec.js,Duplicate Assert,"{'line': 400, 'column': 4, 'index': 13422}","  398 |     $root.$emit(EVENT_STATE, 'test', false)
  399 |     await waitNT(wrapper.vm)
> 400 |     expect($button.attributes('aria-controls')).toBe('test')
      |    ^ Duplicate Assert
  401 |     expect($button.attributes('aria-expanded')).toBe('false')
  402 |     expect($button.classes()).toContain('collapsed')
  403 |     expect($button.classes()).not.toContain('not-collapsed')"
/home/gabriel/Disk/Research/research-javascript-test-smells/repositories/bootstrap-vue-dev/src/directives/toggle/toggle.spec.js,Duplicate Assert,"{'line': 400, 'column': 4, 'index': 13422}","  398 |     $root.$emit(EVENT_STATE, 'test', false)
  399 |     await waitNT(wrapper.vm)
> 400 |     expect($button.attributes('aria-controls')).toBe('test')
      |    ^ Duplicate Assert
  401 |     expect($button.attributes('aria-expanded')).toBe('false')
  402 |     expect($button.classes()).toContain('collapsed')
  403 |     expect($button.classes()).not.toContain('not-collapsed')"
/home/gabriel/Disk/Research/research-javascript-test-smells/repositories/bootstrap-vue-dev/src/directives/toggle/toggle.spec.js,Duplicate Assert,"{'line': 401, 'column': 4, 'index': 13483}","  399 |     await waitNT(wrapper.vm)
  400 |     expect($button.attributes('aria-controls')).toBe('test')
> 401 |     expect($button.attributes('aria-expanded')).toBe('false')
      |    ^ Duplicate Assert
  402 |     expect($button.classes()).toContain('collapsed')
  403 |     expect($button.classes()).not.toContain('not-collapsed')
  404 |"
/home/gabriel/Disk/Research/research-javascript-test-smells/repositories/bootstrap-vue-dev/src/directives/toggle/toggle.spec.js,Duplicate Assert,"{'line': 401, 'column': 4, 'index': 13483}","  399 |     await waitNT(wrapper.vm)
  400 |     expect($button.attributes('aria-controls')).toBe('test')
> 401 |     expect($button.attributes('aria-expanded')).toBe('false')
      |    ^ Duplicate Assert
  402 |     expect($button.classes()).toContain('collapsed')
  403 |     expect($button.classes()).not.toContain('not-collapsed')
  404 |"
/home/gabriel/Disk/Research/research-javascript-test-smells/repositories/bootstrap-vue-dev/src/directives/toggle/toggle.spec.js,Duplicate Assert,"{'line': 402, 'column': 4, 'index': 13545}","  400 |     expect($button.attributes('aria-controls')).toBe('test')
  401 |     expect($button.attributes('aria-expanded')).toBe('false')
> 402 |     expect($button.classes()).toContain('collapsed')
      |    ^ Duplicate Assert
  403 |     expect($button.classes()).not.toContain('not-collapsed')
  404 |
  405 |     $root.$emit(EVENT_STATE, 'test', true)"
/home/gabriel/Disk/Research/research-javascript-test-smells/repositories/bootstrap-vue-dev/src/directives/toggle/toggle.spec.js,Duplicate Assert,"{'line': 402, 'column': 4, 'index': 13545}","  400 |     expect($button.attributes('aria-controls')).toBe('test')
  401 |     expect($button.attributes('aria-expanded')).toBe('false')
> 402 |     expect($button.classes()).toContain('collapsed')
      |    ^ Duplicate Assert
  403 |     expect($button.classes()).not.toContain('not-collapsed')
  404 |
  405 |     $root.$emit(EVENT_STATE, 'test', true)"
/home/gabriel/Disk/Research/research-javascript-test-smells/repositories/bootstrap-vue-dev/src/directives/toggle/toggle.spec.js,Duplicate Assert,"{'line': 403, 'column': 4, 'index': 13598}","  401 |     expect($button.attributes('aria-expanded')).toBe('false')
  402 |     expect($button.classes()).toContain('collapsed')
> 403 |     expect($button.classes()).not.toContain('not-collapsed')
      |    ^ Duplicate Assert
  404 |
  405 |     $root.$emit(EVENT_STATE, 'test', true)
  406 |     await waitNT(wrapper.vm)"
/home/gabriel/Disk/Research/research-javascript-test-smells/repositories/bootstrap-vue-dev/src/directives/toggle/toggle.spec.js,Duplicate Assert,"{'line': 403, 'column': 4, 'index': 13598}","  401 |     expect($button.attributes('aria-expanded')).toBe('false')
  402 |     expect($button.classes()).toContain('collapsed')
> 403 |     expect($button.classes()).not.toContain('not-collapsed')
      |    ^ Duplicate Assert
  404 |
  405 |     $root.$emit(EVENT_STATE, 'test', true)
  406 |     await waitNT(wrapper.vm)"
/home/gabriel/Disk/Research/research-javascript-test-smells/repositories/bootstrap-vue-dev/src/directives/toggle/toggle.spec.js,Duplicate Assert,"{'line': 407, 'column': 4, 'index': 13732}","  405 |     $root.$emit(EVENT_STATE, 'test', true)
  406 |     await waitNT(wrapper.vm)
> 407 |     expect($button.attributes('aria-controls')).toBe('test')
      |    ^ Duplicate Assert
  408 |     expect($button.attributes('aria-expanded')).toBe('true')
  409 |     expect($button.classes()).not.toContain('collapsed')
  410 |     expect($button.classes()).toContain('not-collapsed')"
/home/gabriel/Disk/Research/research-javascript-test-smells/repositories/bootstrap-vue-dev/src/directives/toggle/toggle.spec.js,Duplicate Assert,"{'line': 407, 'column': 4, 'index': 13732}","  405 |     $root.$emit(EVENT_STATE, 'test', true)
  406 |     await waitNT(wrapper.vm)
> 407 |     expect($button.attributes('aria-controls')).toBe('test')
      |    ^ Duplicate Assert
  408 |     expect($button.attributes('aria-expanded')).toBe('true')
  409 |     expect($button.classes()).not.toContain('collapsed')
  410 |     expect($button.classes()).toContain('not-collapsed')"
/home/gabriel/Disk/Research/research-javascript-test-smells/repositories/bootstrap-vue-dev/src/directives/toggle/toggle.spec.js,Duplicate Assert,"{'line': 408, 'column': 4, 'index': 13793}","  406 |     await waitNT(wrapper.vm)
  407 |     expect($button.attributes('aria-controls')).toBe('test')
> 408 |     expect($button.attributes('aria-expanded')).toBe('true')
      |    ^ Duplicate Assert
  409 |     expect($button.classes()).not.toContain('collapsed')
  410 |     expect($button.classes()).toContain('not-collapsed')
  411 |"
/home/gabriel/Disk/Research/research-javascript-test-smells/repositories/bootstrap-vue-dev/src/directives/toggle/toggle.spec.js,Duplicate Assert,"{'line': 408, 'column': 4, 'index': 13793}","  406 |     await waitNT(wrapper.vm)
  407 |     expect($button.attributes('aria-controls')).toBe('test')
> 408 |     expect($button.attributes('aria-expanded')).toBe('true')
      |    ^ Duplicate Assert
  409 |     expect($button.classes()).not.toContain('collapsed')
  410 |     expect($button.classes()).toContain('not-collapsed')
  411 |"
/home/gabriel/Disk/Research/research-javascript-test-smells/repositories/bootstrap-vue-dev/src/directives/toggle/toggle.spec.js,Duplicate Assert,"{'line': 409, 'column': 4, 'index': 13854}","  407 |     expect($button.attributes('aria-controls')).toBe('test')
  408 |     expect($button.attributes('aria-expanded')).toBe('true')
> 409 |     expect($button.classes()).not.toContain('collapsed')
      |    ^ Duplicate Assert
  410 |     expect($button.classes()).toContain('not-collapsed')
  411 |
  412 |     wrapper.destroy()"
/home/gabriel/Disk/Research/research-javascript-test-smells/repositories/bootstrap-vue-dev/src/directives/toggle/toggle.spec.js,Duplicate Assert,"{'line': 409, 'column': 4, 'index': 13854}","  407 |     expect($button.attributes('aria-controls')).toBe('test')
  408 |     expect($button.attributes('aria-expanded')).toBe('true')
> 409 |     expect($button.classes()).not.toContain('collapsed')
      |    ^ Duplicate Assert
  410 |     expect($button.classes()).toContain('not-collapsed')
  411 |
  412 |     wrapper.destroy()"
/home/gabriel/Disk/Research/research-javascript-test-smells/repositories/bootstrap-vue-dev/src/directives/toggle/toggle.spec.js,Duplicate Assert,"{'line': 410, 'column': 4, 'index': 13911}","  408 |     expect($button.attributes('aria-expanded')).toBe('true')
  409 |     expect($button.classes()).not.toContain('collapsed')
> 410 |     expect($button.classes()).toContain('not-collapsed')
      |    ^ Duplicate Assert
  411 |
  412 |     wrapper.destroy()
  413 |   })"
/home/gabriel/Disk/Research/research-javascript-test-smells/repositories/bootstrap-vue-dev/src/directives/toggle/toggle.spec.js,Duplicate Assert,"{'line': 410, 'column': 4, 'index': 13911}","  408 |     expect($button.attributes('aria-expanded')).toBe('true')
  409 |     expect($button.classes()).not.toContain('collapsed')
> 410 |     expect($button.classes()).toContain('not-collapsed')
      |    ^ Duplicate Assert
  411 |
  412 |     wrapper.destroy()
  413 |   })"
/home/gabriel/Disk/Research/research-javascript-test-smells/repositories/bootstrap-vue-dev/src/directives/toggle/toggle.spec.js,Duplicate Assert,"{'line': 431, 'column': 4, 'index': 14402}","  429 |
  430 |     const $button = wrapper.find('button')
> 431 |     expect($button.attributes('aria-controls')).toBe('test')
      |    ^ Duplicate Assert
  432 |     expect($button.attributes('aria-expanded')).toBe('false')
  433 |     expect($button.classes()).toContain('collapsed')
  434 |     expect($button.classes()).not.toContain('not-collapsed')"
/home/gabriel/Disk/Research/research-javascript-test-smells/repositories/bootstrap-vue-dev/src/directives/toggle/toggle.spec.js,Duplicate Assert,"{'line': 431, 'column': 4, 'index': 14402}","  429 |
  430 |     const $button = wrapper.find('button')
> 431 |     expect($button.attributes('aria-controls')).toBe('test')
      |    ^ Duplicate Assert
  432 |     expect($button.attributes('aria-expanded')).toBe('false')
  433 |     expect($button.classes()).toContain('collapsed')
  434 |     expect($button.classes()).not.toContain('not-collapsed')"
/home/gabriel/Disk/Research/research-javascript-test-smells/repositories/bootstrap-vue-dev/src/directives/toggle/toggle.spec.js,Duplicate Assert,"{'line': 432, 'column': 4, 'index': 14463}","  430 |     const $button = wrapper.find('button')
  431 |     expect($button.attributes('aria-controls')).toBe('test')
> 432 |     expect($button.attributes('aria-expanded')).toBe('false')
      |    ^ Duplicate Assert
  433 |     expect($button.classes()).toContain('collapsed')
  434 |     expect($button.classes()).not.toContain('not-collapsed')
  435 |"
/home/gabriel/Disk/Research/research-javascript-test-smells/repositories/bootstrap-vue-dev/src/directives/toggle/toggle.spec.js,Duplicate Assert,"{'line': 432, 'column': 4, 'index': 14463}","  430 |     const $button = wrapper.find('button')
  431 |     expect($button.attributes('aria-controls')).toBe('test')
> 432 |     expect($button.attributes('aria-expanded')).toBe('false')
      |    ^ Duplicate Assert
  433 |     expect($button.classes()).toContain('collapsed')
  434 |     expect($button.classes()).not.toContain('not-collapsed')
  435 |"
/home/gabriel/Disk/Research/research-javascript-test-smells/repositories/bootstrap-vue-dev/src/directives/toggle/toggle.spec.js,Duplicate Assert,"{'line': 433, 'column': 4, 'index': 14525}","  431 |     expect($button.attributes('aria-controls')).toBe('test')
  432 |     expect($button.attributes('aria-expanded')).toBe('false')
> 433 |     expect($button.classes()).toContain('collapsed')
      |    ^ Duplicate Assert
  434 |     expect($button.classes()).not.toContain('not-collapsed')
  435 |
  436 |     $root.$emit(EVENT_SYNC_STATE, 'test', true)"
/home/gabriel/Disk/Research/research-javascript-test-smells/repositories/bootstrap-vue-dev/src/directives/toggle/toggle.spec.js,Duplicate Assert,"{'line': 433, 'column': 4, 'index': 14525}","  431 |     expect($button.attributes('aria-controls')).toBe('test')
  432 |     expect($button.attributes('aria-expanded')).toBe('false')
> 433 |     expect($button.classes()).toContain('collapsed')
      |    ^ Duplicate Assert
  434 |     expect($button.classes()).not.toContain('not-collapsed')
  435 |
  436 |     $root.$emit(EVENT_SYNC_STATE, 'test', true)"
/home/gabriel/Disk/Research/research-javascript-test-smells/repositories/bootstrap-vue-dev/src/directives/toggle/toggle.spec.js,Duplicate Assert,"{'line': 434, 'column': 4, 'index': 14578}","  432 |     expect($button.attributes('aria-expanded')).toBe('false')
  433 |     expect($button.classes()).toContain('collapsed')
> 434 |     expect($button.classes()).not.toContain('not-collapsed')
      |    ^ Duplicate Assert
  435 |
  436 |     $root.$emit(EVENT_SYNC_STATE, 'test', true)
  437 |     await waitNT(wrapper.vm)"
/home/gabriel/Disk/Research/research-javascript-test-smells/repositories/bootstrap-vue-dev/src/directives/toggle/toggle.spec.js,Duplicate Assert,"{'line': 434, 'column': 4, 'index': 14578}","  432 |     expect($button.attributes('aria-expanded')).toBe('false')
  433 |     expect($button.classes()).toContain('collapsed')
> 434 |     expect($button.classes()).not.toContain('not-collapsed')
      |    ^ Duplicate Assert
  435 |
  436 |     $root.$emit(EVENT_SYNC_STATE, 'test', true)
  437 |     await waitNT(wrapper.vm)"
/home/gabriel/Disk/Research/research-javascript-test-smells/repositories/bootstrap-vue-dev/src/directives/toggle/toggle.spec.js,Duplicate Assert,"{'line': 438, 'column': 4, 'index': 14717}","  436 |     $root.$emit(EVENT_SYNC_STATE, 'test', true)
  437 |     await waitNT(wrapper.vm)
> 438 |     expect($button.attributes('aria-controls')).toBe('test')
      |    ^ Duplicate Assert
  439 |     expect($button.attributes('aria-expanded')).toBe('true')
  440 |     expect($button.classes()).not.toContain('collapsed')
  441 |     expect($button.classes()).toContain('not-collapsed')"
/home/gabriel/Disk/Research/research-javascript-test-smells/repositories/bootstrap-vue-dev/src/directives/toggle/toggle.spec.js,Duplicate Assert,"{'line': 438, 'column': 4, 'index': 14717}","  436 |     $root.$emit(EVENT_SYNC_STATE, 'test', true)
  437 |     await waitNT(wrapper.vm)
> 438 |     expect($button.attributes('aria-controls')).toBe('test')
      |    ^ Duplicate Assert
  439 |     expect($button.attributes('aria-expanded')).toBe('true')
  440 |     expect($button.classes()).not.toContain('collapsed')
  441 |     expect($button.classes()).toContain('not-collapsed')"
/home/gabriel/Disk/Research/research-javascript-test-smells/repositories/bootstrap-vue-dev/src/directives/toggle/toggle.spec.js,Duplicate Assert,"{'line': 439, 'column': 4, 'index': 14778}","  437 |     await waitNT(wrapper.vm)
  438 |     expect($button.attributes('aria-controls')).toBe('test')
> 439 |     expect($button.attributes('aria-expanded')).toBe('true')
      |    ^ Duplicate Assert
  440 |     expect($button.classes()).not.toContain('collapsed')
  441 |     expect($button.classes()).toContain('not-collapsed')
  442 |"
/home/gabriel/Disk/Research/research-javascript-test-smells/repositories/bootstrap-vue-dev/src/directives/toggle/toggle.spec.js,Duplicate Assert,"{'line': 440, 'column': 4, 'index': 14839}","  438 |     expect($button.attributes('aria-controls')).toBe('test')
  439 |     expect($button.attributes('aria-expanded')).toBe('true')
> 440 |     expect($button.classes()).not.toContain('collapsed')
      |    ^ Duplicate Assert
  441 |     expect($button.classes()).toContain('not-collapsed')
  442 |
  443 |     $root.$emit(EVENT_SYNC_STATE, 'test', false)"
/home/gabriel/Disk/Research/research-javascript-test-smells/repositories/bootstrap-vue-dev/src/directives/toggle/toggle.spec.js,Duplicate Assert,"{'line': 441, 'column': 4, 'index': 14896}","  439 |     expect($button.attributes('aria-expanded')).toBe('true')
  440 |     expect($button.classes()).not.toContain('collapsed')
> 441 |     expect($button.classes()).toContain('not-collapsed')
      |    ^ Duplicate Assert
  442 |
  443 |     $root.$emit(EVENT_SYNC_STATE, 'test', false)
  444 |     await waitNT(wrapper.vm)"
/home/gabriel/Disk/Research/research-javascript-test-smells/repositories/bootstrap-vue-dev/src/directives/toggle/toggle.spec.js,Duplicate Assert,"{'line': 445, 'column': 4, 'index': 15032}","  443 |     $root.$emit(EVENT_SYNC_STATE, 'test', false)
  444 |     await waitNT(wrapper.vm)
> 445 |     expect($button.attributes('aria-controls')).toBe('test')
      |    ^ Duplicate Assert
  446 |     expect($button.attributes('aria-expanded')).toBe('false')
  447 |     expect($button.classes()).toContain('collapsed')
  448 |     expect($button.classes()).not.toContain('not-collapsed')"
/home/gabriel/Disk/Research/research-javascript-test-smells/repositories/bootstrap-vue-dev/src/directives/toggle/toggle.spec.js,Duplicate Assert,"{'line': 445, 'column': 4, 'index': 15032}","  443 |     $root.$emit(EVENT_SYNC_STATE, 'test', false)
  444 |     await waitNT(wrapper.vm)
> 445 |     expect($button.attributes('aria-controls')).toBe('test')
      |    ^ Duplicate Assert
  446 |     expect($button.attributes('aria-expanded')).toBe('false')
  447 |     expect($button.classes()).toContain('collapsed')
  448 |     expect($button.classes()).not.toContain('not-collapsed')"
/home/gabriel/Disk/Research/research-javascript-test-smells/repositories/bootstrap-vue-dev/src/directives/toggle/toggle.spec.js,Duplicate Assert,"{'line': 446, 'column': 4, 'index': 15093}","  444 |     await waitNT(wrapper.vm)
  445 |     expect($button.attributes('aria-controls')).toBe('test')
> 446 |     expect($button.attributes('aria-expanded')).toBe('false')
      |    ^ Duplicate Assert
  447 |     expect($button.classes()).toContain('collapsed')
  448 |     expect($button.classes()).not.toContain('not-collapsed')
  449 |"
/home/gabriel/Disk/Research/research-javascript-test-smells/repositories/bootstrap-vue-dev/src/directives/toggle/toggle.spec.js,Duplicate Assert,"{'line': 446, 'column': 4, 'index': 15093}","  444 |     await waitNT(wrapper.vm)
  445 |     expect($button.attributes('aria-controls')).toBe('test')
> 446 |     expect($button.attributes('aria-expanded')).toBe('false')
      |    ^ Duplicate Assert
  447 |     expect($button.classes()).toContain('collapsed')
  448 |     expect($button.classes()).not.toContain('not-collapsed')
  449 |"
/home/gabriel/Disk/Research/research-javascript-test-smells/repositories/bootstrap-vue-dev/src/directives/toggle/toggle.spec.js,Duplicate Assert,"{'line': 447, 'column': 4, 'index': 15155}","  445 |     expect($button.attributes('aria-controls')).toBe('test')
  446 |     expect($button.attributes('aria-expanded')).toBe('false')
> 447 |     expect($button.classes()).toContain('collapsed')
      |    ^ Duplicate Assert
  448 |     expect($button.classes()).not.toContain('not-collapsed')
  449 |
  450 |     wrapper.destroy()"
/home/gabriel/Disk/Research/research-javascript-test-smells/repositories/bootstrap-vue-dev/src/directives/toggle/toggle.spec.js,Duplicate Assert,"{'line': 447, 'column': 4, 'index': 15155}","  445 |     expect($button.attributes('aria-controls')).toBe('test')
  446 |     expect($button.attributes('aria-expanded')).toBe('false')
> 447 |     expect($button.classes()).toContain('collapsed')
      |    ^ Duplicate Assert
  448 |     expect($button.classes()).not.toContain('not-collapsed')
  449 |
  450 |     wrapper.destroy()"
/home/gabriel/Disk/Research/research-javascript-test-smells/repositories/bootstrap-vue-dev/src/directives/toggle/toggle.spec.js,Duplicate Assert,"{'line': 448, 'column': 4, 'index': 15208}","  446 |     expect($button.attributes('aria-expanded')).toBe('false')
  447 |     expect($button.classes()).toContain('collapsed')
> 448 |     expect($button.classes()).not.toContain('not-collapsed')
      |    ^ Duplicate Assert
  449 |
  450 |     wrapper.destroy()
  451 |   })"
/home/gabriel/Disk/Research/research-javascript-test-smells/repositories/bootstrap-vue-dev/src/directives/toggle/toggle.spec.js,Duplicate Assert,"{'line': 448, 'column': 4, 'index': 15208}","  446 |     expect($button.attributes('aria-expanded')).toBe('false')
  447 |     expect($button.classes()).toContain('collapsed')
> 448 |     expect($button.classes()).not.toContain('not-collapsed')
      |    ^ Duplicate Assert
  449 |
  450 |     wrapper.destroy()
  451 |   })"
/home/gabriel/Disk/Research/research-javascript-test-smells/repositories/bootstrap-vue-dev/src/directives/popover/popover.spec.js,Duplicate Assert,"{'line': 109, 'column': 4, 'index': 3097}","  107 |     expect($button.element[BV_POPOVER].$options.name).toBe('BVPopover')
  108 |
> 109 |     expect($button.attributes('aria-describedby')).toBeUndefined()
      |    ^ Duplicate Assert
  110 |
  111 |     // Trigger click
  112 |     await $button.trigger('click')"
/home/gabriel/Disk/Research/research-javascript-test-smells/repositories/bootstrap-vue-dev/src/directives/popover/popover.spec.js,Duplicate Assert,"{'line': 119, 'column': 4, 'index': 3343}","  117 |     await waitRAF()
  118 |
> 119 |     expect($button.attributes('aria-describedby')).toBeDefined()
      |    ^ Duplicate Assert
  120 |     const adb = $button.attributes('aria-describedby')
  121 |
  122 |     const pop = document.getElementById(adb)"
/home/gabriel/Disk/Research/research-javascript-test-smells/repositories/bootstrap-vue-dev/src/directives/modal/modal.spec.js,Duplicate Assert,"{'line': 27, 'column': 4, 'index': 761}","  25 |     expect(wrapper.find('button').attributes('tabindex')).toBeUndefined()
  26 |     expect(wrapper.find('button').attributes('role')).toBeUndefined()
> 27 |     expect(spy).not.toHaveBeenCalled()
     |    ^ Duplicate Assert
  28 |
  29 |     const $button = wrapper.find('button')
  30 |     await $button.trigger('click')"
/home/gabriel/Disk/Research/research-javascript-test-smells/repositories/bootstrap-vue-dev/src/directives/modal/modal.spec.js,Duplicate Assert,"{'line': 31, 'column': 4, 'index': 879}","  29 |     const $button = wrapper.find('button')
  30 |     await $button.trigger('click')
> 31 |     expect(spy).toHaveBeenCalledTimes(1)
     |    ^ Duplicate Assert
  32 |     expect(spy).toBeCalledWith('test', $button.element)
  33 |
  34 |     wrapper.destroy()"
/home/gabriel/Disk/Research/research-javascript-test-smells/repositories/bootstrap-vue-dev/src/directives/modal/modal.spec.js,Duplicate Assert,"{'line': 32, 'column': 4, 'index': 920}","  30 |     await $button.trigger('click')
  31 |     expect(spy).toHaveBeenCalledTimes(1)
> 32 |     expect(spy).toBeCalledWith('test', $button.element)
     |    ^ Duplicate Assert
  33 |
  34 |     wrapper.destroy()
  35 |   })"
/home/gabriel/Disk/Research/research-javascript-test-smells/repositories/bootstrap-vue-dev/src/directives/modal/modal.spec.js,Duplicate Assert,"{'line': 60, 'column': 4, 'index': 1535}","  58 |     expect(wrapper.vm).toBeDefined()
  59 |     expect(wrapper.element.tagName).toBe('A')
> 60 |     expect(spy).not.toHaveBeenCalled()
     |    ^ Duplicate Assert
  61 |     expect(wrapper.find('a').attributes('role')).toBe('button')
  62 |     expect(wrapper.find('a').attributes('tabindex')).toBeUndefined()
  63 |     expect(wrapper.find('a').text()).toBe('link')"
/home/gabriel/Disk/Research/research-javascript-test-smells/repositories/bootstrap-vue-dev/src/directives/modal/modal.spec.js,Duplicate Assert,"{'line': 61, 'column': 4, 'index': 1574}","  59 |     expect(wrapper.element.tagName).toBe('A')
  60 |     expect(spy).not.toHaveBeenCalled()
> 61 |     expect(wrapper.find('a').attributes('role')).toBe('button')
     |    ^ Duplicate Assert
  62 |     expect(wrapper.find('a').attributes('tabindex')).toBeUndefined()
  63 |     expect(wrapper.find('a').text()).toBe('link')
  64 |"
/home/gabriel/Disk/Research/research-javascript-test-smells/repositories/bootstrap-vue-dev/src/directives/modal/modal.spec.js,Duplicate Assert,"{'line': 61, 'column': 4, 'index': 1574}","  59 |     expect(wrapper.element.tagName).toBe('A')
  60 |     expect(spy).not.toHaveBeenCalled()
> 61 |     expect(wrapper.find('a').attributes('role')).toBe('button')
     |    ^ Duplicate Assert
  62 |     expect(wrapper.find('a').attributes('tabindex')).toBeUndefined()
  63 |     expect(wrapper.find('a').text()).toBe('link')
  64 |"
/home/gabriel/Disk/Research/research-javascript-test-smells/repositories/bootstrap-vue-dev/src/directives/modal/modal.spec.js,Duplicate Assert,"{'line': 62, 'column': 4, 'index': 1638}","  60 |     expect(spy).not.toHaveBeenCalled()
  61 |     expect(wrapper.find('a').attributes('role')).toBe('button')
> 62 |     expect(wrapper.find('a').attributes('tabindex')).toBeUndefined()
     |    ^ Duplicate Assert
  63 |     expect(wrapper.find('a').text()).toBe('link')
  64 |
  65 |     const $link = wrapper.find('a')"
/home/gabriel/Disk/Research/research-javascript-test-smells/repositories/bootstrap-vue-dev/src/directives/modal/modal.spec.js,Duplicate Assert,"{'line': 62, 'column': 4, 'index': 1638}","  60 |     expect(spy).not.toHaveBeenCalled()
  61 |     expect(wrapper.find('a').attributes('role')).toBe('button')
> 62 |     expect(wrapper.find('a').attributes('tabindex')).toBeUndefined()
     |    ^ Duplicate Assert
  63 |     expect(wrapper.find('a').text()).toBe('link')
  64 |
  65 |     const $link = wrapper.find('a')"
/home/gabriel/Disk/Research/research-javascript-test-smells/repositories/bootstrap-vue-dev/src/directives/modal/modal.spec.js,Duplicate Assert,"{'line': 67, 'column': 4, 'index': 1827}","  65 |     const $link = wrapper.find('a')
  66 |     await $link.trigger('click')
> 67 |     expect(spy).toHaveBeenCalledTimes(1)
     |    ^ Duplicate Assert
  68 |     expect(spy).toBeCalledWith('test', $link.element)
  69 |     expect(wrapper.find('a').attributes('role')).toBe('button')
  70 |     expect(wrapper.find('a').attributes('tabindex')).toBeUndefined()"
/home/gabriel/Disk/Research/research-javascript-test-smells/repositories/bootstrap-vue-dev/src/directives/modal/modal.spec.js,Duplicate Assert,"{'line': 68, 'column': 4, 'index': 1868}","  66 |     await $link.trigger('click')
  67 |     expect(spy).toHaveBeenCalledTimes(1)
> 68 |     expect(spy).toBeCalledWith('test', $link.element)
     |    ^ Duplicate Assert
  69 |     expect(wrapper.find('a').attributes('role')).toBe('button')
  70 |     expect(wrapper.find('a').attributes('tabindex')).toBeUndefined()
  71 |"
/home/gabriel/Disk/Research/research-javascript-test-smells/repositories/bootstrap-vue-dev/src/directives/modal/modal.spec.js,Duplicate Assert,"{'line': 69, 'column': 4, 'index': 1922}","  67 |     expect(spy).toHaveBeenCalledTimes(1)
  68 |     expect(spy).toBeCalledWith('test', $link.element)
> 69 |     expect(wrapper.find('a').attributes('role')).toBe('button')
     |    ^ Duplicate Assert
  70 |     expect(wrapper.find('a').attributes('tabindex')).toBeUndefined()
  71 |
  72 |     wrapper.destroy()"
/home/gabriel/Disk/Research/research-javascript-test-smells/repositories/bootstrap-vue-dev/src/directives/modal/modal.spec.js,Duplicate Assert,"{'line': 69, 'column': 4, 'index': 1922}","  67 |     expect(spy).toHaveBeenCalledTimes(1)
  68 |     expect(spy).toBeCalledWith('test', $link.element)
> 69 |     expect(wrapper.find('a').attributes('role')).toBe('button')
     |    ^ Duplicate Assert
  70 |     expect(wrapper.find('a').attributes('tabindex')).toBeUndefined()
  71 |
  72 |     wrapper.destroy()"
/home/gabriel/Disk/Research/research-javascript-test-smells/repositories/bootstrap-vue-dev/src/directives/modal/modal.spec.js,Duplicate Assert,"{'line': 70, 'column': 4, 'index': 1986}","  68 |     expect(spy).toBeCalledWith('test', $link.element)
  69 |     expect(wrapper.find('a').attributes('role')).toBe('button')
> 70 |     expect(wrapper.find('a').attributes('tabindex')).toBeUndefined()
     |    ^ Duplicate Assert
  71 |
  72 |     wrapper.destroy()
  73 |   })"
/home/gabriel/Disk/Research/research-javascript-test-smells/repositories/bootstrap-vue-dev/src/directives/modal/modal.spec.js,Duplicate Assert,"{'line': 70, 'column': 4, 'index': 1986}","  68 |     expect(spy).toBeCalledWith('test', $link.element)
  69 |     expect(wrapper.find('a').attributes('role')).toBe('button')
> 70 |     expect(wrapper.find('a').attributes('tabindex')).toBeUndefined()
     |    ^ Duplicate Assert
  71 |
  72 |     wrapper.destroy()
  73 |   })"
/home/gabriel/Disk/Research/research-javascript-test-smells/repositories/bootstrap-vue-dev/src/directives/modal/modal.spec.js,Duplicate Assert,"{'line': 98, 'column': 4, 'index': 2620}","   96 |     expect(wrapper.vm).toBeDefined()
   97 |     expect(wrapper.element.tagName).toBe('SPAN')
>  98 |     expect(spy).not.toHaveBeenCalled()
      |    ^ Duplicate Assert
   99 |     expect(wrapper.find('span').attributes('role')).toBe('button')
  100 |     expect(wrapper.find('span').attributes('tabindex')).toBe('0')
  101 |     expect(wrapper.find('span').text()).toBe('span')"
/home/gabriel/Disk/Research/research-javascript-test-smells/repositories/bootstrap-vue-dev/src/directives/modal/modal.spec.js,Duplicate Assert,"{'line': 99, 'column': 4, 'index': 2659}","   97 |     expect(wrapper.element.tagName).toBe('SPAN')
   98 |     expect(spy).not.toHaveBeenCalled()
>  99 |     expect(wrapper.find('span').attributes('role')).toBe('button')
      |    ^ Duplicate Assert
  100 |     expect(wrapper.find('span').attributes('tabindex')).toBe('0')
  101 |     expect(wrapper.find('span').text()).toBe('span')
  102 |"
/home/gabriel/Disk/Research/research-javascript-test-smells/repositories/bootstrap-vue-dev/src/directives/modal/modal.spec.js,Duplicate Assert,"{'line': 99, 'column': 4, 'index': 2659}","   97 |     expect(wrapper.element.tagName).toBe('SPAN')
   98 |     expect(spy).not.toHaveBeenCalled()
>  99 |     expect(wrapper.find('span').attributes('role')).toBe('button')
      |    ^ Duplicate Assert
  100 |     expect(wrapper.find('span').attributes('tabindex')).toBe('0')
  101 |     expect(wrapper.find('span').text()).toBe('span')
  102 |"
/home/gabriel/Disk/Research/research-javascript-test-smells/repositories/bootstrap-vue-dev/src/directives/modal/modal.spec.js,Duplicate Assert,"{'line': 101, 'column': 4, 'index': 2792}","   99 |     expect(wrapper.find('span').attributes('role')).toBe('button')
  100 |     expect(wrapper.find('span').attributes('tabindex')).toBe('0')
> 101 |     expect(wrapper.find('span').text()).toBe('span')
      |    ^ Duplicate Assert
  102 |
  103 |     const $span = wrapper.find('span')
  104 |     await $span.trigger('click')"
/home/gabriel/Disk/Research/research-javascript-test-smells/repositories/bootstrap-vue-dev/src/directives/modal/modal.spec.js,Duplicate Assert,"{'line': 105, 'column': 4, 'index': 2918}","  103 |     const $span = wrapper.find('span')
  104 |     await $span.trigger('click')
> 105 |     expect(spy).toHaveBeenCalledTimes(1)
      |    ^ Duplicate Assert
  106 |     expect(spy).toBeCalledWith('test', $span.element)
  107 |     expect(wrapper.find('span').attributes('role')).toBe('button')
  108 |"
/home/gabriel/Disk/Research/research-javascript-test-smells/repositories/bootstrap-vue-dev/src/directives/modal/modal.spec.js,Duplicate Assert,"{'line': 106, 'column': 4, 'index': 2959}","  104 |     await $span.trigger('click')
  105 |     expect(spy).toHaveBeenCalledTimes(1)
> 106 |     expect(spy).toBeCalledWith('test', $span.element)
      |    ^ Duplicate Assert
  107 |     expect(wrapper.find('span').attributes('role')).toBe('button')
  108 |
  109 |     // Test updating component. should maintain role attribute"
/home/gabriel/Disk/Research/research-javascript-test-smells/repositories/bootstrap-vue-dev/src/directives/modal/modal.spec.js,Duplicate Assert,"{'line': 107, 'column': 4, 'index': 3013}","  105 |     expect(spy).toHaveBeenCalledTimes(1)
  106 |     expect(spy).toBeCalledWith('test', $span.element)
> 107 |     expect(wrapper.find('span').attributes('role')).toBe('button')
      |    ^ Duplicate Assert
  108 |
  109 |     // Test updating component. should maintain role attribute
  110 |     await wrapper.setData({"
/home/gabriel/Disk/Research/research-javascript-test-smells/repositories/bootstrap-vue-dev/src/directives/modal/modal.spec.js,Duplicate Assert,"{'line': 107, 'column': 4, 'index': 3013}","  105 |     expect(spy).toHaveBeenCalledTimes(1)
  106 |     expect(spy).toBeCalledWith('test', $span.element)
> 107 |     expect(wrapper.find('span').attributes('role')).toBe('button')
      |    ^ Duplicate Assert
  108 |
  109 |     // Test updating component. should maintain role attribute
  110 |     await wrapper.setData({"
/home/gabriel/Disk/Research/research-javascript-test-smells/repositories/bootstrap-vue-dev/src/directives/modal/modal.spec.js,Duplicate Assert,"{'line': 113, 'column': 4, 'index': 3200}","  111 |       text: 'foobar'
  112 |     })
> 113 |     expect(wrapper.find('span').text()).toBe('foobar')
      |    ^ Duplicate Assert
  114 |     expect(wrapper.find('span').attributes('role')).toBe('button')
  115 |
  116 |     wrapper.destroy()"
/home/gabriel/Disk/Research/research-javascript-test-smells/repositories/bootstrap-vue-dev/src/directives/modal/modal.spec.js,Duplicate Assert,"{'line': 114, 'column': 4, 'index': 3255}","  112 |     })
  113 |     expect(wrapper.find('span').text()).toBe('foobar')
> 114 |     expect(wrapper.find('span').attributes('role')).toBe('button')
      |    ^ Duplicate Assert
  115 |
  116 |     wrapper.destroy()
  117 |   })"
/home/gabriel/Disk/Research/research-javascript-test-smells/repositories/bootstrap-vue-dev/src/directives/modal/modal.spec.js,Duplicate Assert,"{'line': 114, 'column': 4, 'index': 3255}","  112 |     })
  113 |     expect(wrapper.find('span').text()).toBe('foobar')
> 114 |     expect(wrapper.find('span').attributes('role')).toBe('button')
      |    ^ Duplicate Assert
  115 |
  116 |     wrapper.destroy()
  117 |   })"
/home/gabriel/Disk/Research/research-javascript-test-smells/repositories/bootstrap-vue-dev/src/directives/modal/modal.spec.js,Duplicate Assert,"{'line': 142, 'column': 4, 'index': 3907}","  140 |     expect(wrapper.vm).toBeDefined()
  141 |     expect(wrapper.element.tagName).toBe('SPAN')
> 142 |     expect(spy).not.toHaveBeenCalled()
      |    ^ Duplicate Assert
  143 |     expect(wrapper.find('span').attributes('role')).toBe('button')
  144 |     expect(wrapper.find('span').attributes('tabindex')).toBe('0')
  145 |     expect(wrapper.find('span').text()).toBe('span')"
/home/gabriel/Disk/Research/research-javascript-test-smells/repositories/bootstrap-vue-dev/src/directives/modal/modal.spec.js,Duplicate Assert,"{'line': 143, 'column': 4, 'index': 3946}","  141 |     expect(wrapper.element.tagName).toBe('SPAN')
  142 |     expect(spy).not.toHaveBeenCalled()
> 143 |     expect(wrapper.find('span').attributes('role')).toBe('button')
      |    ^ Duplicate Assert
  144 |     expect(wrapper.find('span').attributes('tabindex')).toBe('0')
  145 |     expect(wrapper.find('span').text()).toBe('span')
  146 |"
/home/gabriel/Disk/Research/research-javascript-test-smells/repositories/bootstrap-vue-dev/src/directives/modal/modal.spec.js,Duplicate Assert,"{'line': 143, 'column': 4, 'index': 3946}","  141 |     expect(wrapper.element.tagName).toBe('SPAN')
  142 |     expect(spy).not.toHaveBeenCalled()
> 143 |     expect(wrapper.find('span').attributes('role')).toBe('button')
      |    ^ Duplicate Assert
  144 |     expect(wrapper.find('span').attributes('tabindex')).toBe('0')
  145 |     expect(wrapper.find('span').text()).toBe('span')
  146 |"
/home/gabriel/Disk/Research/research-javascript-test-smells/repositories/bootstrap-vue-dev/src/directives/modal/modal.spec.js,Duplicate Assert,"{'line': 149, 'column': 4, 'index': 4213}","  147 |     const $span = wrapper.find('span')
  148 |     await $span.trigger('keydown.space')
> 149 |     expect(spy).toHaveBeenCalledTimes(1)
      |    ^ Duplicate Assert
  150 |     expect(spy).toBeCalledWith('test', $span.element)
  151 |     expect(wrapper.find('span').attributes('role')).toBe('button')
  152 |"
/home/gabriel/Disk/Research/research-javascript-test-smells/repositories/bootstrap-vue-dev/src/directives/modal/modal.spec.js,Duplicate Assert,"{'line': 150, 'column': 4, 'index': 4254}","  148 |     await $span.trigger('keydown.space')
  149 |     expect(spy).toHaveBeenCalledTimes(1)
> 150 |     expect(spy).toBeCalledWith('test', $span.element)
      |    ^ Duplicate Assert
  151 |     expect(wrapper.find('span').attributes('role')).toBe('button')
  152 |
  153 |     wrapper.destroy()"
/home/gabriel/Disk/Research/research-javascript-test-smells/repositories/bootstrap-vue-dev/src/directives/modal/modal.spec.js,Duplicate Assert,"{'line': 151, 'column': 4, 'index': 4308}","  149 |     expect(spy).toHaveBeenCalledTimes(1)
  150 |     expect(spy).toBeCalledWith('test', $span.element)
> 151 |     expect(wrapper.find('span').attributes('role')).toBe('button')
      |    ^ Duplicate Assert
  152 |
  153 |     wrapper.destroy()
  154 |   })"
/home/gabriel/Disk/Research/research-javascript-test-smells/repositories/bootstrap-vue-dev/src/directives/modal/modal.spec.js,Duplicate Assert,"{'line': 151, 'column': 4, 'index': 4308}","  149 |     expect(spy).toHaveBeenCalledTimes(1)
  150 |     expect(spy).toBeCalledWith('test', $span.element)
> 151 |     expect(wrapper.find('span').attributes('role')).toBe('button')
      |    ^ Duplicate Assert
  152 |
  153 |     wrapper.destroy()
  154 |   })"
/home/gabriel/Disk/Research/research-javascript-test-smells/repositories/bootstrap-vue-dev/src/directives/modal/modal.spec.js,Duplicate Assert,"{'line': 179, 'column': 4, 'index': 4973}","  177 |     expect(wrapper.vm).toBeDefined()
  178 |     expect(wrapper.element.tagName).toBe('SPAN')
> 179 |     expect(spy).not.toHaveBeenCalled()
      |    ^ Duplicate Assert
  180 |     expect(wrapper.find('span').attributes('role')).toBe('button')
  181 |     expect(wrapper.find('span').text()).toBe('span')
  182 |"
/home/gabriel/Disk/Research/research-javascript-test-smells/repositories/bootstrap-vue-dev/src/directives/modal/modal.spec.js,Duplicate Assert,"{'line': 180, 'column': 4, 'index': 5012}","  178 |     expect(wrapper.element.tagName).toBe('SPAN')
  179 |     expect(spy).not.toHaveBeenCalled()
> 180 |     expect(wrapper.find('span').attributes('role')).toBe('button')
      |    ^ Duplicate Assert
  181 |     expect(wrapper.find('span').text()).toBe('span')
  182 |
  183 |     const $span = wrapper.find('span')"
/home/gabriel/Disk/Research/research-javascript-test-smells/repositories/bootstrap-vue-dev/src/directives/modal/modal.spec.js,Duplicate Assert,"{'line': 180, 'column': 4, 'index': 5012}","  178 |     expect(wrapper.element.tagName).toBe('SPAN')
  179 |     expect(spy).not.toHaveBeenCalled()
> 180 |     expect(wrapper.find('span').attributes('role')).toBe('button')
      |    ^ Duplicate Assert
  181 |     expect(wrapper.find('span').text()).toBe('span')
  182 |
  183 |     const $span = wrapper.find('span')"
/home/gabriel/Disk/Research/research-javascript-test-smells/repositories/bootstrap-vue-dev/src/directives/modal/modal.spec.js,Duplicate Assert,"{'line': 185, 'column': 4, 'index': 5213}","  183 |     const $span = wrapper.find('span')
  184 |     await $span.trigger('keydown.enter')
> 185 |     expect(spy).toHaveBeenCalledTimes(1)
      |    ^ Duplicate Assert
  186 |     expect(spy).toBeCalledWith('test', $span.element)
  187 |     expect(wrapper.find('span').attributes('role')).toBe('button')
  188 |"
/home/gabriel/Disk/Research/research-javascript-test-smells/repositories/bootstrap-vue-dev/src/directives/modal/modal.spec.js,Duplicate Assert,"{'line': 186, 'column': 4, 'index': 5254}","  184 |     await $span.trigger('keydown.enter')
  185 |     expect(spy).toHaveBeenCalledTimes(1)
> 186 |     expect(spy).toBeCalledWith('test', $span.element)
      |    ^ Duplicate Assert
  187 |     expect(wrapper.find('span').attributes('role')).toBe('button')
  188 |
  189 |     wrapper.destroy()"
/home/gabriel/Disk/Research/research-javascript-test-smells/repositories/bootstrap-vue-dev/src/directives/modal/modal.spec.js,Duplicate Assert,"{'line': 187, 'column': 4, 'index': 5308}","  185 |     expect(spy).toHaveBeenCalledTimes(1)
  186 |     expect(spy).toBeCalledWith('test', $span.element)
> 187 |     expect(wrapper.find('span').attributes('role')).toBe('button')
      |    ^ Duplicate Assert
  188 |
  189 |     wrapper.destroy()
  190 |   })"
/home/gabriel/Disk/Research/research-javascript-test-smells/repositories/bootstrap-vue-dev/src/directives/modal/modal.spec.js,Duplicate Assert,"{'line': 187, 'column': 4, 'index': 5308}","  185 |     expect(spy).toHaveBeenCalledTimes(1)
  186 |     expect(spy).toBeCalledWith('test', $span.element)
> 187 |     expect(wrapper.find('span').attributes('role')).toBe('button')
      |    ^ Duplicate Assert
  188 |
  189 |     wrapper.destroy()
  190 |   })"
/home/gabriel/Disk/Research/research-javascript-test-smells/repositories/bootstrap-vue-dev/src/directives/hover/hover.spec.js,Duplicate Assert,"{'line': 31, 'column': 4, 'index': 734}","  29 |
  30 |     expect(wrapper.vm).toBeDefined()
> 31 |     expect(hovered1).toBe(false)
     |    ^ Duplicate Assert
  32 |
  33 |     await wrapper.trigger('mouseenter')
  34 |     expect(hovered1).toBe(true)"
/home/gabriel/Disk/Research/research-javascript-test-smells/repositories/bootstrap-vue-dev/src/directives/hover/hover.spec.js,Duplicate Assert,"{'line': 31, 'column': 4, 'index': 734}","  29 |
  30 |     expect(wrapper.vm).toBeDefined()
> 31 |     expect(hovered1).toBe(false)
     |    ^ Duplicate Assert
  32 |
  33 |     await wrapper.trigger('mouseenter')
  34 |     expect(hovered1).toBe(true)"
/home/gabriel/Disk/Research/research-javascript-test-smells/repositories/bootstrap-vue-dev/src/directives/hover/hover.spec.js,Duplicate Assert,"{'line': 34, 'column': 4, 'index': 808}","  32 |
  33 |     await wrapper.trigger('mouseenter')
> 34 |     expect(hovered1).toBe(true)
     |    ^ Duplicate Assert
  35 |
  36 |     await wrapper.trigger('mouseleave')
  37 |     expect(hovered1).toBe(false)"
/home/gabriel/Disk/Research/research-javascript-test-smells/repositories/bootstrap-vue-dev/src/directives/hover/hover.spec.js,Duplicate Assert,"{'line': 34, 'column': 4, 'index': 808}","  32 |
  33 |     await wrapper.trigger('mouseenter')
> 34 |     expect(hovered1).toBe(true)
     |    ^ Duplicate Assert
  35 |
  36 |     await wrapper.trigger('mouseleave')
  37 |     expect(hovered1).toBe(false)"
/home/gabriel/Disk/Research/research-javascript-test-smells/repositories/bootstrap-vue-dev/src/directives/hover/hover.spec.js,Duplicate Assert,"{'line': 37, 'column': 4, 'index': 881}","  35 |
  36 |     await wrapper.trigger('mouseleave')
> 37 |     expect(hovered1).toBe(false)
     |    ^ Duplicate Assert
  38 |
  39 |     await wrapper.setData({ text: 'BAR' })
  40 |     await wrapper.trigger('mouseenter')"
/home/gabriel/Disk/Research/research-javascript-test-smells/repositories/bootstrap-vue-dev/src/directives/hover/hover.spec.js,Duplicate Assert,"{'line': 37, 'column': 4, 'index': 881}","  35 |
  36 |     await wrapper.trigger('mouseleave')
> 37 |     expect(hovered1).toBe(false)
     |    ^ Duplicate Assert
  38 |
  39 |     await wrapper.setData({ text: 'BAR' })
  40 |     await wrapper.trigger('mouseenter')"
/home/gabriel/Disk/Research/research-javascript-test-smells/repositories/bootstrap-vue-dev/src/directives/hover/hover.spec.js,Duplicate Assert,"{'line': 41, 'column': 4, 'index': 998}","  39 |     await wrapper.setData({ text: 'BAR' })
  40 |     await wrapper.trigger('mouseenter')
> 41 |     expect(hovered1).toBe(true)
     |    ^ Duplicate Assert
  42 |
  43 |     await wrapper.setData({ changeHandler: true })
  44 |     await wrapper.trigger('mouseenter')"
/home/gabriel/Disk/Research/research-javascript-test-smells/repositories/bootstrap-vue-dev/src/directives/hover/hover.spec.js,Duplicate Assert,"{'line': 41, 'column': 4, 'index': 998}","  39 |     await wrapper.setData({ text: 'BAR' })
  40 |     await wrapper.trigger('mouseenter')
> 41 |     expect(hovered1).toBe(true)
     |    ^ Duplicate Assert
  42 |
  43 |     await wrapper.setData({ changeHandler: true })
  44 |     await wrapper.trigger('mouseenter')"
/home/gabriel/Disk/Research/research-javascript-test-smells/repositories/bootstrap-vue-dev/src/components/transporter/transporter.spec.js,Conditional Test Logic,"{'line': 48, 'column': 4, 'index': 1306}","  46 |     expect(target).not.toBe(null)
  47 |     expect(getInstanceFromVNode(target)).toBeDefined() // Target
> 48 |     if (!isVue3) {
     |    ^ Conditional Test Logic
  49 |       expect(getInstanceFromVNode(target).$options.name).toBe('BVTransporterTarget')
  50 |     }
  51 |     expect(target.tagName).toEqual('DIV')"
/home/gabriel/Disk/Research/research-javascript-test-smells/repositories/bootstrap-vue-dev/src/components/transporter/transporter.spec.js,Duplicate Assert,"{'line': 45, 'column': 4, 'index': 1174}","  43 |
  44 |     const target = document.getElementById('foobar')
> 45 |     expect(target).toBeDefined()
     |    ^ Duplicate Assert
  46 |     expect(target).not.toBe(null)
  47 |     expect(getInstanceFromVNode(target)).toBeDefined() // Target
  48 |     if (!isVue3) {"
/home/gabriel/Disk/Research/research-javascript-test-smells/repositories/bootstrap-vue-dev/src/components/transporter/transporter.spec.js,Duplicate Assert,"{'line': 46, 'column': 4, 'index': 1207}","  44 |     const target = document.getElementById('foobar')
  45 |     expect(target).toBeDefined()
> 46 |     expect(target).not.toBe(null)
     |    ^ Duplicate Assert
  47 |     expect(getInstanceFromVNode(target)).toBeDefined() // Target
  48 |     if (!isVue3) {
  49 |       expect(getInstanceFromVNode(target).$options.name).toBe('BVTransporterTarget')"
/home/gabriel/Disk/Research/research-javascript-test-smells/repositories/bootstrap-vue-dev/src/components/transporter/transporter.spec.js,Duplicate Assert,"{'line': 52, 'column': 4, 'index': 1458}","  50 |     }
  51 |     expect(target.tagName).toEqual('DIV')
> 52 |     expect(target.parentElement).toBeDefined()
     |    ^ Duplicate Assert
  53 |     expect(target.parentElement).toBe(document.body)
  54 |
  55 |     wrapper.destroy()"
/home/gabriel/Disk/Research/research-javascript-test-smells/repositories/bootstrap-vue-dev/src/components/transporter/transporter.spec.js,Duplicate Assert,"{'line': 53, 'column': 4, 'index': 1505}","  51 |     expect(target.tagName).toEqual('DIV')
  52 |     expect(target.parentElement).toBeDefined()
> 53 |     expect(target.parentElement).toBe(document.body)
     |    ^ Duplicate Assert
  54 |
  55 |     wrapper.destroy()
  56 |"
/home/gabriel/Disk/Research/research-javascript-test-smells/repositories/bootstrap-vue-dev/src/components/transporter/transporter.spec.js,Duplicate Assert,"{'line': 59, 'column': 4, 'index': 1612}","  57 |     await waitNT(wrapper.vm)
  58 |
> 59 |     expect(target.parentElement).toEqual(null)
     |    ^ Duplicate Assert
  60 |   })
  61 |
  62 |   it('maintains provide-inject relation', async () => {"
/home/gabriel/Disk/Research/research-javascript-test-smells/repositories/bootstrap-vue-dev/src/components/tooltip/tooltip.spec.js,Duplicate Assert,"{'line': 116, 'column': 4, 'index': 3093}","  114 |
  115 |     expect(wrapper.element.tagName).toBe('ARTICLE')
> 116 |     expect(wrapper.attributes('id')).toBeDefined()
      |    ^ Duplicate Assert
  117 |     expect(wrapper.attributes('id')).toEqual('wrapper')
  118 |     expect(wrapper.classes()).not.toContain('modal-content')
  119 |"
/home/gabriel/Disk/Research/research-javascript-test-smells/repositories/bootstrap-vue-dev/src/components/tooltip/tooltip.spec.js,Duplicate Assert,"{'line': 117, 'column': 4, 'index': 3144}","  115 |     expect(wrapper.element.tagName).toBe('ARTICLE')
  116 |     expect(wrapper.attributes('id')).toBeDefined()
> 117 |     expect(wrapper.attributes('id')).toEqual('wrapper')
      |    ^ Duplicate Assert
  118 |     expect(wrapper.classes()).not.toContain('modal-content')
  119 |
  120 |     // The trigger button"
/home/gabriel/Disk/Research/research-javascript-test-smells/repositories/bootstrap-vue-dev/src/components/tooltip/tooltip.spec.js,Duplicate Assert,"{'line': 123, 'column': 4, 'index': 3371}","  121 |     const $button = wrapper.find('button')
  122 |     expect($button.exists()).toBe(true)
> 123 |     expect($button.attributes('id')).toBeDefined()
      |    ^ Duplicate Assert
  124 |     expect($button.attributes('id')).toEqual('foo')
  125 |     expect($button.attributes('title')).toBeUndefined()
  126 |     expect($button.attributes('data-original-title')).toBeUndefined()"
/home/gabriel/Disk/Research/research-javascript-test-smells/repositories/bootstrap-vue-dev/src/components/tooltip/tooltip.spec.js,Duplicate Assert,"{'line': 124, 'column': 4, 'index': 3422}","  122 |     expect($button.exists()).toBe(true)
  123 |     expect($button.attributes('id')).toBeDefined()
> 124 |     expect($button.attributes('id')).toEqual('foo')
      |    ^ Duplicate Assert
  125 |     expect($button.attributes('title')).toBeUndefined()
  126 |     expect($button.attributes('data-original-title')).toBeUndefined()
  127 |     expect($button.attributes('aria-describedby')).toBeUndefined()"
/home/gabriel/Disk/Research/research-javascript-test-smells/repositories/bootstrap-vue-dev/src/components/tooltip/tooltip.spec.js,Duplicate Assert,"{'line': 158, 'column': 4, 'index': 4388}","  156 |
  157 |     expect(wrapper.element.tagName).toBe('ARTICLE')
> 158 |     expect(wrapper.attributes('id')).toBeDefined()
      |    ^ Duplicate Assert
  159 |     expect(wrapper.attributes('id')).toEqual('wrapper')
  160 |
  161 |     // The trigger button"
/home/gabriel/Disk/Research/research-javascript-test-smells/repositories/bootstrap-vue-dev/src/components/tooltip/tooltip.spec.js,Duplicate Assert,"{'line': 159, 'column': 4, 'index': 4439}","  157 |     expect(wrapper.element.tagName).toBe('ARTICLE')
  158 |     expect(wrapper.attributes('id')).toBeDefined()
> 159 |     expect(wrapper.attributes('id')).toEqual('wrapper')
      |    ^ Duplicate Assert
  160 |
  161 |     // The trigger button
  162 |     const $button = wrapper.find('button')"
/home/gabriel/Disk/Research/research-javascript-test-smells/repositories/bootstrap-vue-dev/src/components/tooltip/tooltip.spec.js,Duplicate Assert,"{'line': 164, 'column': 4, 'index': 4605}","  162 |     const $button = wrapper.find('button')
  163 |     expect($button.exists()).toBe(true)
> 164 |     expect($button.attributes('id')).toBeDefined()
      |    ^ Duplicate Assert
  165 |     expect($button.attributes('id')).toEqual('foo')
  166 |     expect($button.attributes('title')).toBeUndefined()
  167 |     expect($button.attributes('data-original-title')).toBeUndefined()"
/home/gabriel/Disk/Research/research-javascript-test-smells/repositories/bootstrap-vue-dev/src/components/tooltip/tooltip.spec.js,Duplicate Assert,"{'line': 165, 'column': 4, 'index': 4656}","  163 |     expect($button.exists()).toBe(true)
  164 |     expect($button.attributes('id')).toBeDefined()
> 165 |     expect($button.attributes('id')).toEqual('foo')
      |    ^ Duplicate Assert
  166 |     expect($button.attributes('title')).toBeUndefined()
  167 |     expect($button.attributes('data-original-title')).toBeUndefined()
  168 |     expect($button.attributes('aria-describedby')).toBeDefined()"
/home/gabriel/Disk/Research/research-javascript-test-smells/repositories/bootstrap-vue-dev/src/components/tooltip/tooltip.spec.js,Duplicate Assert,"{'line': 168, 'column': 4, 'index': 4834}","  166 |     expect($button.attributes('title')).toBeUndefined()
  167 |     expect($button.attributes('data-original-title')).toBeUndefined()
> 168 |     expect($button.attributes('aria-describedby')).toBeDefined()
      |    ^ Duplicate Assert
  169 |     // ID of the tooltip that will be in the body
  170 |     const adb = $button.attributes('aria-describedby')
  171 |"
/home/gabriel/Disk/Research/research-javascript-test-smells/repositories/bootstrap-vue-dev/src/components/tooltip/tooltip.spec.js,Duplicate Assert,"{'line': 168, 'column': 4, 'index': 4834}","  166 |     expect($button.attributes('title')).toBeUndefined()
  167 |     expect($button.attributes('data-original-title')).toBeUndefined()
> 168 |     expect($button.attributes('aria-describedby')).toBeDefined()
      |    ^ Duplicate Assert
  169 |     // ID of the tooltip that will be in the body
  170 |     const adb = $button.attributes('aria-describedby')
  171 |"
/home/gabriel/Disk/Research/research-javascript-test-smells/repositories/bootstrap-vue-dev/src/components/tooltip/tooltip.spec.js,Duplicate Assert,"{'line': 179, 'column': 4, 'index': 5291}","  177 |     // Find the tooltip element in the document
  178 |     const tip = document.getElementById(adb)
> 179 |     expect(tip).not.toBe(null)
      |    ^ Duplicate Assert
  180 |     expect(tip).toBeInstanceOf(HTMLElement)
  181 |     expect(tip.tagName).toEqual('DIV')
  182 |     expect(tip.classList.contains('tooltip')).toBe(true)"
/home/gabriel/Disk/Research/research-javascript-test-smells/repositories/bootstrap-vue-dev/src/components/tooltip/tooltip.spec.js,Duplicate Assert,"{'line': 180, 'column': 4, 'index': 5322}","  178 |     const tip = document.getElementById(adb)
  179 |     expect(tip).not.toBe(null)
> 180 |     expect(tip).toBeInstanceOf(HTMLElement)
      |    ^ Duplicate Assert
  181 |     expect(tip.tagName).toEqual('DIV')
  182 |     expect(tip.classList.contains('tooltip')).toBe(true)
  183 |     expect(tip.classList.contains('b-tooltip')).toBe(true)"
/home/gabriel/Disk/Research/research-javascript-test-smells/repositories/bootstrap-vue-dev/src/components/tooltip/tooltip.spec.js,Duplicate Assert,"{'line': 194, 'column': 4, 'index': 5774}","  192 |     await waitRAF()
  193 |
> 194 |     expect($button.attributes('aria-describedby')).toBeUndefined()
      |    ^ Duplicate Assert
  195 |
  196 |     // Tooltip element should not be in the document
  197 |     expect(document.body.contains(tip)).toBe(false)"
/home/gabriel/Disk/Research/research-javascript-test-smells/repositories/bootstrap-vue-dev/src/components/tooltip/tooltip.spec.js,Duplicate Assert,"{'line': 208, 'column': 4, 'index': 6188}","  206 |     await waitRAF()
  207 |
> 208 |     expect($button.attributes('aria-describedby')).toBeDefined()
      |    ^ Duplicate Assert
  209 |
  210 |     // Note tip always has the same ID
  211 |     const tip2 = document.getElementById(adb)"
/home/gabriel/Disk/Research/research-javascript-test-smells/repositories/bootstrap-vue-dev/src/components/tooltip/tooltip.spec.js,Duplicate Assert,"{'line': 208, 'column': 4, 'index': 6188}","  206 |     await waitRAF()
  207 |
> 208 |     expect($button.attributes('aria-describedby')).toBeDefined()
      |    ^ Duplicate Assert
  209 |
  210 |     // Note tip always has the same ID
  211 |     const tip2 = document.getElementById(adb)"
/home/gabriel/Disk/Research/research-javascript-test-smells/repositories/bootstrap-vue-dev/src/components/tooltip/tooltip.spec.js,Duplicate Assert,"{'line': 212, 'column': 4, 'index': 6339}","  210 |     // Note tip always has the same ID
  211 |     const tip2 = document.getElementById(adb)
> 212 |     expect(tip2).not.toBe(null)
      |    ^ Duplicate Assert
  213 |     expect(tip2).toBeInstanceOf(HTMLElement)
  214 |     expect(tip2.tagName).toEqual('DIV')
  215 |     expect(tip2.classList.contains('tooltip')).toBe(true)"
/home/gabriel/Disk/Research/research-javascript-test-smells/repositories/bootstrap-vue-dev/src/components/tooltip/tooltip.spec.js,Duplicate Assert,"{'line': 213, 'column': 4, 'index': 6371}","  211 |     const tip2 = document.getElementById(adb)
  212 |     expect(tip2).not.toBe(null)
> 213 |     expect(tip2).toBeInstanceOf(HTMLElement)
      |    ^ Duplicate Assert
  214 |     expect(tip2.tagName).toEqual('DIV')
  215 |     expect(tip2.classList.contains('tooltip')).toBe(true)
  216 |     expect(tip2.classList.contains('b-tooltip')).toBe(true)"
/home/gabriel/Disk/Research/research-javascript-test-smells/repositories/bootstrap-vue-dev/src/components/tooltip/tooltip.spec.js,Duplicate Assert,"{'line': 244, 'column': 4, 'index': 7160}","  242 |
  243 |     expect(wrapper.element.tagName).toBe('ARTICLE')
> 244 |     expect(wrapper.attributes('id')).toBeDefined()
      |    ^ Duplicate Assert
  245 |     expect(wrapper.attributes('id')).toEqual('wrapper')
  246 |
  247 |     // The trigger button"
/home/gabriel/Disk/Research/research-javascript-test-smells/repositories/bootstrap-vue-dev/src/components/tooltip/tooltip.spec.js,Duplicate Assert,"{'line': 245, 'column': 4, 'index': 7211}","  243 |     expect(wrapper.element.tagName).toBe('ARTICLE')
  244 |     expect(wrapper.attributes('id')).toBeDefined()
> 245 |     expect(wrapper.attributes('id')).toEqual('wrapper')
      |    ^ Duplicate Assert
  246 |
  247 |     // The trigger button
  248 |     const $button = wrapper.find('button')"
/home/gabriel/Disk/Research/research-javascript-test-smells/repositories/bootstrap-vue-dev/src/components/tooltip/tooltip.spec.js,Duplicate Assert,"{'line': 250, 'column': 4, 'index': 7377}","  248 |     const $button = wrapper.find('button')
  249 |     expect($button.exists()).toBe(true)
> 250 |     expect($button.attributes('id')).toBeDefined()
      |    ^ Duplicate Assert
  251 |     expect($button.attributes('id')).toEqual('foo')
  252 |     expect($button.attributes('title')).toBeUndefined()
  253 |     expect($button.attributes('data-original-title')).toBeUndefined()"
/home/gabriel/Disk/Research/research-javascript-test-smells/repositories/bootstrap-vue-dev/src/components/tooltip/tooltip.spec.js,Duplicate Assert,"{'line': 251, 'column': 4, 'index': 7428}","  249 |     expect($button.exists()).toBe(true)
  250 |     expect($button.attributes('id')).toBeDefined()
> 251 |     expect($button.attributes('id')).toEqual('foo')
      |    ^ Duplicate Assert
  252 |     expect($button.attributes('title')).toBeUndefined()
  253 |     expect($button.attributes('data-original-title')).toBeUndefined()
  254 |     expect($button.attributes('aria-describedby')).toBeDefined()"
/home/gabriel/Disk/Research/research-javascript-test-smells/repositories/bootstrap-vue-dev/src/components/tooltip/tooltip.spec.js,Duplicate Assert,"{'line': 265, 'column': 4, 'index': 8063}","  263 |     // Find the tooltip element in the document
  264 |     const tip = document.getElementById(adb)
> 265 |     expect(tip).not.toBe(null)
      |    ^ Duplicate Assert
  266 |     expect(tip).toBeInstanceOf(HTMLElement)
  267 |     const $tip = createWrapper(tip)
  268 |     expect($tip.element.tagName).toBe('DIV')"
/home/gabriel/Disk/Research/research-javascript-test-smells/repositories/bootstrap-vue-dev/src/components/tooltip/tooltip.spec.js,Duplicate Assert,"{'line': 266, 'column': 4, 'index': 8094}","  264 |     const tip = document.getElementById(adb)
  265 |     expect(tip).not.toBe(null)
> 266 |     expect(tip).toBeInstanceOf(HTMLElement)
      |    ^ Duplicate Assert
  267 |     const $tip = createWrapper(tip)
  268 |     expect($tip.element.tagName).toBe('DIV')
  269 |     expect($tip.classes()).toContain('tooltip')"
/home/gabriel/Disk/Research/research-javascript-test-smells/repositories/bootstrap-vue-dev/src/components/tooltip/tooltip.spec.js,Duplicate Assert,"{'line': 269, 'column': 4, 'index': 8219}","  267 |     const $tip = createWrapper(tip)
  268 |     expect($tip.element.tagName).toBe('DIV')
> 269 |     expect($tip.classes()).toContain('tooltip')
      |    ^ Duplicate Assert
  270 |     expect($tip.classes()).toContain('b-tooltip')
  271 |     // Should contain our title prop value
  272 |     expect($tip.text()).toContain('hello')"
/home/gabriel/Disk/Research/research-javascript-test-smells/repositories/bootstrap-vue-dev/src/components/tooltip/tooltip.spec.js,Duplicate Assert,"{'line': 269, 'column': 4, 'index': 8219}","  267 |     const $tip = createWrapper(tip)
  268 |     expect($tip.element.tagName).toBe('DIV')
> 269 |     expect($tip.classes()).toContain('tooltip')
      |    ^ Duplicate Assert
  270 |     expect($tip.classes()).toContain('b-tooltip')
  271 |     // Should contain our title prop value
  272 |     expect($tip.text()).toContain('hello')"
/home/gabriel/Disk/Research/research-javascript-test-smells/repositories/bootstrap-vue-dev/src/components/tooltip/tooltip.spec.js,Duplicate Assert,"{'line': 270, 'column': 4, 'index': 8267}","  268 |     expect($tip.element.tagName).toBe('DIV')
  269 |     expect($tip.classes()).toContain('tooltip')
> 270 |     expect($tip.classes()).toContain('b-tooltip')
      |    ^ Duplicate Assert
  271 |     // Should contain our title prop value
  272 |     expect($tip.text()).toContain('hello')
  273 |"
/home/gabriel/Disk/Research/research-javascript-test-smells/repositories/bootstrap-vue-dev/src/components/tooltip/tooltip.spec.js,Duplicate Assert,"{'line': 270, 'column': 4, 'index': 8267}","  268 |     expect($tip.element.tagName).toBe('DIV')
  269 |     expect($tip.classes()).toContain('tooltip')
> 270 |     expect($tip.classes()).toContain('b-tooltip')
      |    ^ Duplicate Assert
  271 |     // Should contain our title prop value
  272 |     expect($tip.text()).toContain('hello')
  273 |"
/home/gabriel/Disk/Research/research-javascript-test-smells/repositories/bootstrap-vue-dev/src/components/tooltip/tooltip.spec.js,Duplicate Assert,"{'line': 272, 'column': 4, 'index': 8360}","  270 |     expect($tip.classes()).toContain('b-tooltip')
  271 |     // Should contain our title prop value
> 272 |     expect($tip.text()).toContain('hello')
      |    ^ Duplicate Assert
  273 |
  274 |     // Change the title prop
  275 |     await wrapper.setProps({ title: 'world' })"
/home/gabriel/Disk/Research/research-javascript-test-smells/repositories/bootstrap-vue-dev/src/components/tooltip/tooltip.spec.js,Duplicate Assert,"{'line': 281, 'column': 4, 'index': 8627}","  279 |     // Tooltip element should still be in the document
  280 |     expect(document.body.contains(tip)).toBe(true)
> 281 |     expect($tip.classes()).toContain('tooltip')
      |    ^ Duplicate Assert
  282 |     expect($tip.classes()).toContain('b-tooltip')
  283 |     // Should contain the new updated content
  284 |     expect($tip.text()).toContain('world')"
/home/gabriel/Disk/Research/research-javascript-test-smells/repositories/bootstrap-vue-dev/src/components/tooltip/tooltip.spec.js,Duplicate Assert,"{'line': 281, 'column': 4, 'index': 8627}","  279 |     // Tooltip element should still be in the document
  280 |     expect(document.body.contains(tip)).toBe(true)
> 281 |     expect($tip.classes()).toContain('tooltip')
      |    ^ Duplicate Assert
  282 |     expect($tip.classes()).toContain('b-tooltip')
  283 |     // Should contain the new updated content
  284 |     expect($tip.text()).toContain('world')"
/home/gabriel/Disk/Research/research-javascript-test-smells/repositories/bootstrap-vue-dev/src/components/tooltip/tooltip.spec.js,Duplicate Assert,"{'line': 282, 'column': 4, 'index': 8675}","  280 |     expect(document.body.contains(tip)).toBe(true)
  281 |     expect($tip.classes()).toContain('tooltip')
> 282 |     expect($tip.classes()).toContain('b-tooltip')
      |    ^ Duplicate Assert
  283 |     // Should contain the new updated content
  284 |     expect($tip.text()).toContain('world')
  285 |"
/home/gabriel/Disk/Research/research-javascript-test-smells/repositories/bootstrap-vue-dev/src/components/tooltip/tooltip.spec.js,Duplicate Assert,"{'line': 282, 'column': 4, 'index': 8675}","  280 |     expect(document.body.contains(tip)).toBe(true)
  281 |     expect($tip.classes()).toContain('tooltip')
> 282 |     expect($tip.classes()).toContain('b-tooltip')
      |    ^ Duplicate Assert
  283 |     // Should contain the new updated content
  284 |     expect($tip.text()).toContain('world')
  285 |"
/home/gabriel/Disk/Research/research-javascript-test-smells/repositories/bootstrap-vue-dev/src/components/tooltip/tooltip.spec.js,Duplicate Assert,"{'line': 284, 'column': 4, 'index': 8771}","  282 |     expect($tip.classes()).toContain('b-tooltip')
  283 |     // Should contain the new updated content
> 284 |     expect($tip.text()).toContain('world')
      |    ^ Duplicate Assert
  285 |
  286 |     wrapper.destroy()
  287 |   })"
/home/gabriel/Disk/Research/research-javascript-test-smells/repositories/bootstrap-vue-dev/src/components/tooltip/tooltip.spec.js,Duplicate Assert,"{'line': 311, 'column': 4, 'index': 9400}","  309 |
  310 |     expect(wrapper.element.tagName).toBe('ARTICLE')
> 311 |     expect(wrapper.attributes('id')).toBeDefined()
      |    ^ Duplicate Assert
  312 |     expect(wrapper.attributes('id')).toEqual('wrapper')
  313 |
  314 |     // The trigger button"
/home/gabriel/Disk/Research/research-javascript-test-smells/repositories/bootstrap-vue-dev/src/components/tooltip/tooltip.spec.js,Duplicate Assert,"{'line': 312, 'column': 4, 'index': 9451}","  310 |     expect(wrapper.element.tagName).toBe('ARTICLE')
  311 |     expect(wrapper.attributes('id')).toBeDefined()
> 312 |     expect(wrapper.attributes('id')).toEqual('wrapper')
      |    ^ Duplicate Assert
  313 |
  314 |     // The trigger button
  315 |     const $button = wrapper.find('button')"
/home/gabriel/Disk/Research/research-javascript-test-smells/repositories/bootstrap-vue-dev/src/components/tooltip/tooltip.spec.js,Duplicate Assert,"{'line': 317, 'column': 4, 'index': 9617}","  315 |     const $button = wrapper.find('button')
  316 |     expect($button.exists()).toBe(true)
> 317 |     expect($button.attributes('id')).toBeDefined()
      |    ^ Duplicate Assert
  318 |     expect($button.attributes('id')).toEqual('foo')
  319 |     expect($button.attributes('aria-describedby')).toBeUndefined()
  320 |"
/home/gabriel/Disk/Research/research-javascript-test-smells/repositories/bootstrap-vue-dev/src/components/tooltip/tooltip.spec.js,Duplicate Assert,"{'line': 317, 'column': 4, 'index': 9617}","  315 |     const $button = wrapper.find('button')
  316 |     expect($button.exists()).toBe(true)
> 317 |     expect($button.attributes('id')).toBeDefined()
      |    ^ Duplicate Assert
  318 |     expect($button.attributes('id')).toEqual('foo')
  319 |     expect($button.attributes('aria-describedby')).toBeUndefined()
  320 |"
/home/gabriel/Disk/Research/research-javascript-test-smells/repositories/bootstrap-vue-dev/src/components/tooltip/tooltip.spec.js,Duplicate Assert,"{'line': 318, 'column': 4, 'index': 9668}","  316 |     expect($button.exists()).toBe(true)
  317 |     expect($button.attributes('id')).toBeDefined()
> 318 |     expect($button.attributes('id')).toEqual('foo')
      |    ^ Duplicate Assert
  319 |     expect($button.attributes('aria-describedby')).toBeUndefined()
  320 |
  321 |     // <b-tooltip> wrapper"
/home/gabriel/Disk/Research/research-javascript-test-smells/repositories/bootstrap-vue-dev/src/components/tooltip/tooltip.spec.js,Duplicate Assert,"{'line': 318, 'column': 4, 'index': 9668}","  316 |     expect($button.exists()).toBe(true)
  317 |     expect($button.attributes('id')).toBeDefined()
> 318 |     expect($button.attributes('id')).toEqual('foo')
      |    ^ Duplicate Assert
  319 |     expect($button.attributes('aria-describedby')).toBeUndefined()
  320 |
  321 |     // <b-tooltip> wrapper"
/home/gabriel/Disk/Research/research-javascript-test-smells/repositories/bootstrap-vue-dev/src/components/tooltip/tooltip.spec.js,Duplicate Assert,"{'line': 319, 'column': 4, 'index': 9720}","  317 |     expect($button.attributes('id')).toBeDefined()
  318 |     expect($button.attributes('id')).toEqual('foo')
> 319 |     expect($button.attributes('aria-describedby')).toBeUndefined()
      |    ^ Duplicate Assert
  320 |
  321 |     // <b-tooltip> wrapper
  322 |     const $tipHolder = wrapper.findComponent(BTooltip)"
/home/gabriel/Disk/Research/research-javascript-test-smells/repositories/bootstrap-vue-dev/src/components/tooltip/tooltip.spec.js,Duplicate Assert,"{'line': 333, 'column': 4, 'index': 10106}","  331 |     await waitRAF()
  332 |
> 333 |     expect($button.attributes('id')).toBeDefined()
      |    ^ Duplicate Assert
  334 |     expect($button.attributes('id')).toEqual('foo')
  335 |     expect($button.attributes('aria-describedby')).toBeDefined()
  336 |     // ID of the tooltip that will be in the body"
/home/gabriel/Disk/Research/research-javascript-test-smells/repositories/bootstrap-vue-dev/src/components/tooltip/tooltip.spec.js,Duplicate Assert,"{'line': 333, 'column': 4, 'index': 10106}","  331 |     await waitRAF()
  332 |
> 333 |     expect($button.attributes('id')).toBeDefined()
      |    ^ Duplicate Assert
  334 |     expect($button.attributes('id')).toEqual('foo')
  335 |     expect($button.attributes('aria-describedby')).toBeDefined()
  336 |     // ID of the tooltip that will be in the body"
/home/gabriel/Disk/Research/research-javascript-test-smells/repositories/bootstrap-vue-dev/src/components/tooltip/tooltip.spec.js,Duplicate Assert,"{'line': 334, 'column': 4, 'index': 10157}","  332 |
  333 |     expect($button.attributes('id')).toBeDefined()
> 334 |     expect($button.attributes('id')).toEqual('foo')
      |    ^ Duplicate Assert
  335 |     expect($button.attributes('aria-describedby')).toBeDefined()
  336 |     // ID of the tooltip that will be in the body
  337 |     const adb = $button.attributes('aria-describedby')"
/home/gabriel/Disk/Research/research-javascript-test-smells/repositories/bootstrap-vue-dev/src/components/tooltip/tooltip.spec.js,Duplicate Assert,"{'line': 334, 'column': 4, 'index': 10157}","  332 |
  333 |     expect($button.attributes('id')).toBeDefined()
> 334 |     expect($button.attributes('id')).toEqual('foo')
      |    ^ Duplicate Assert
  335 |     expect($button.attributes('aria-describedby')).toBeDefined()
  336 |     // ID of the tooltip that will be in the body
  337 |     const adb = $button.attributes('aria-describedby')"
/home/gabriel/Disk/Research/research-javascript-test-smells/repositories/bootstrap-vue-dev/src/components/tooltip/tooltip.spec.js,Duplicate Assert,"{'line': 335, 'column': 4, 'index': 10209}","  333 |     expect($button.attributes('id')).toBeDefined()
  334 |     expect($button.attributes('id')).toEqual('foo')
> 335 |     expect($button.attributes('aria-describedby')).toBeDefined()
      |    ^ Duplicate Assert
  336 |     // ID of the tooltip that will be in the body
  337 |     const adb = $button.attributes('aria-describedby')
  338 |"
/home/gabriel/Disk/Research/research-javascript-test-smells/repositories/bootstrap-vue-dev/src/components/tooltip/tooltip.spec.js,Duplicate Assert,"{'line': 341, 'column': 4, 'index': 10473}","  339 |     // Find the tooltip element in the document
  340 |     const tip = document.getElementById(adb)
> 341 |     expect(tip).not.toBe(null)
      |    ^ Duplicate Assert
  342 |     expect(tip).toBeInstanceOf(HTMLElement)
  343 |     expect(tip.tagName).toEqual('DIV')
  344 |     expect(tip.classList.contains('tooltip')).toBe(true)"
/home/gabriel/Disk/Research/research-javascript-test-smells/repositories/bootstrap-vue-dev/src/components/tooltip/tooltip.spec.js,Duplicate Assert,"{'line': 342, 'column': 4, 'index': 10504}","  340 |     const tip = document.getElementById(adb)
  341 |     expect(tip).not.toBe(null)
> 342 |     expect(tip).toBeInstanceOf(HTMLElement)
      |    ^ Duplicate Assert
  343 |     expect(tip.tagName).toEqual('DIV')
  344 |     expect(tip.classList.contains('tooltip')).toBe(true)
  345 |     expect(tip.classList.contains('b-tooltip')).toBe(true)"
/home/gabriel/Disk/Research/research-javascript-test-smells/repositories/bootstrap-vue-dev/src/components/tooltip/tooltip.spec.js,Duplicate Assert,"{'line': 371, 'column': 4, 'index': 11243}","  369 |
  370 |     expect(wrapper.element.tagName).toBe('ARTICLE')
> 371 |     expect(wrapper.attributes('id')).toBeDefined()
      |    ^ Duplicate Assert
  372 |     expect(wrapper.attributes('id')).toEqual('wrapper')
  373 |
  374 |     // The trigger button"
/home/gabriel/Disk/Research/research-javascript-test-smells/repositories/bootstrap-vue-dev/src/components/tooltip/tooltip.spec.js,Duplicate Assert,"{'line': 372, 'column': 4, 'index': 11294}","  370 |     expect(wrapper.element.tagName).toBe('ARTICLE')
  371 |     expect(wrapper.attributes('id')).toBeDefined()
> 372 |     expect(wrapper.attributes('id')).toEqual('wrapper')
      |    ^ Duplicate Assert
  373 |
  374 |     // The trigger button
  375 |     const $button = wrapper.find('button')"
/home/gabriel/Disk/Research/research-javascript-test-smells/repositories/bootstrap-vue-dev/src/components/tooltip/tooltip.spec.js,Duplicate Assert,"{'line': 377, 'column': 4, 'index': 11460}","  375 |     const $button = wrapper.find('button')
  376 |     expect($button.exists()).toBe(true)
> 377 |     expect($button.attributes('id')).toBeDefined()
      |    ^ Duplicate Assert
  378 |     expect($button.attributes('id')).toEqual('foo')
  379 |     expect($button.attributes('aria-describedby')).toBeUndefined()
  380 |"
/home/gabriel/Disk/Research/research-javascript-test-smells/repositories/bootstrap-vue-dev/src/components/tooltip/tooltip.spec.js,Duplicate Assert,"{'line': 377, 'column': 4, 'index': 11460}","  375 |     const $button = wrapper.find('button')
  376 |     expect($button.exists()).toBe(true)
> 377 |     expect($button.attributes('id')).toBeDefined()
      |    ^ Duplicate Assert
  378 |     expect($button.attributes('id')).toEqual('foo')
  379 |     expect($button.attributes('aria-describedby')).toBeUndefined()
  380 |"
/home/gabriel/Disk/Research/research-javascript-test-smells/repositories/bootstrap-vue-dev/src/components/tooltip/tooltip.spec.js,Duplicate Assert,"{'line': 378, 'column': 4, 'index': 11511}","  376 |     expect($button.exists()).toBe(true)
  377 |     expect($button.attributes('id')).toBeDefined()
> 378 |     expect($button.attributes('id')).toEqual('foo')
      |    ^ Duplicate Assert
  379 |     expect($button.attributes('aria-describedby')).toBeUndefined()
  380 |
  381 |     // <b-tooltip> wrapper"
/home/gabriel/Disk/Research/research-javascript-test-smells/repositories/bootstrap-vue-dev/src/components/tooltip/tooltip.spec.js,Duplicate Assert,"{'line': 378, 'column': 4, 'index': 11511}","  376 |     expect($button.exists()).toBe(true)
  377 |     expect($button.attributes('id')).toBeDefined()
> 378 |     expect($button.attributes('id')).toEqual('foo')
      |    ^ Duplicate Assert
  379 |     expect($button.attributes('aria-describedby')).toBeUndefined()
  380 |
  381 |     // <b-tooltip> wrapper"
/home/gabriel/Disk/Research/research-javascript-test-smells/repositories/bootstrap-vue-dev/src/components/tooltip/tooltip.spec.js,Duplicate Assert,"{'line': 379, 'column': 4, 'index': 11563}","  377 |     expect($button.attributes('id')).toBeDefined()
  378 |     expect($button.attributes('id')).toEqual('foo')
> 379 |     expect($button.attributes('aria-describedby')).toBeUndefined()
      |    ^ Duplicate Assert
  380 |
  381 |     // <b-tooltip> wrapper
  382 |     const $tipHolder = wrapper.findComponent(BTooltip)"
/home/gabriel/Disk/Research/research-javascript-test-smells/repositories/bootstrap-vue-dev/src/components/tooltip/tooltip.spec.js,Duplicate Assert,"{'line': 393, 'column': 4, 'index': 11949}","  391 |     await waitRAF()
  392 |
> 393 |     expect($button.attributes('id')).toBeDefined()
      |    ^ Duplicate Assert
  394 |     expect($button.attributes('id')).toEqual('foo')
  395 |     expect($button.attributes('aria-describedby')).toBeDefined()
  396 |     // ID of the tooltip that will be in the body"
/home/gabriel/Disk/Research/research-javascript-test-smells/repositories/bootstrap-vue-dev/src/components/tooltip/tooltip.spec.js,Duplicate Assert,"{'line': 393, 'column': 4, 'index': 11949}","  391 |     await waitRAF()
  392 |
> 393 |     expect($button.attributes('id')).toBeDefined()
      |    ^ Duplicate Assert
  394 |     expect($button.attributes('id')).toEqual('foo')
  395 |     expect($button.attributes('aria-describedby')).toBeDefined()
  396 |     // ID of the tooltip that will be in the body"
/home/gabriel/Disk/Research/research-javascript-test-smells/repositories/bootstrap-vue-dev/src/components/tooltip/tooltip.spec.js,Duplicate Assert,"{'line': 394, 'column': 4, 'index': 12000}","  392 |
  393 |     expect($button.attributes('id')).toBeDefined()
> 394 |     expect($button.attributes('id')).toEqual('foo')
      |    ^ Duplicate Assert
  395 |     expect($button.attributes('aria-describedby')).toBeDefined()
  396 |     // ID of the tooltip that will be in the body
  397 |     const adb = $button.attributes('aria-describedby')"
/home/gabriel/Disk/Research/research-javascript-test-smells/repositories/bootstrap-vue-dev/src/components/tooltip/tooltip.spec.js,Duplicate Assert,"{'line': 394, 'column': 4, 'index': 12000}","  392 |
  393 |     expect($button.attributes('id')).toBeDefined()
> 394 |     expect($button.attributes('id')).toEqual('foo')
      |    ^ Duplicate Assert
  395 |     expect($button.attributes('aria-describedby')).toBeDefined()
  396 |     // ID of the tooltip that will be in the body
  397 |     const adb = $button.attributes('aria-describedby')"
/home/gabriel/Disk/Research/research-javascript-test-smells/repositories/bootstrap-vue-dev/src/components/tooltip/tooltip.spec.js,Duplicate Assert,"{'line': 395, 'column': 4, 'index': 12052}","  393 |     expect($button.attributes('id')).toBeDefined()
  394 |     expect($button.attributes('id')).toEqual('foo')
> 395 |     expect($button.attributes('aria-describedby')).toBeDefined()
      |    ^ Duplicate Assert
  396 |     // ID of the tooltip that will be in the body
  397 |     const adb = $button.attributes('aria-describedby')
  398 |"
/home/gabriel/Disk/Research/research-javascript-test-smells/repositories/bootstrap-vue-dev/src/components/tooltip/tooltip.spec.js,Duplicate Assert,"{'line': 401, 'column': 4, 'index': 12316}","  399 |     // Find the tooltip element in the document
  400 |     const tip = document.getElementById(adb)
> 401 |     expect(tip).not.toBe(null)
      |    ^ Duplicate Assert
  402 |     expect(tip).toBeInstanceOf(HTMLElement)
  403 |     expect(tip.tagName).toEqual('DIV')
  404 |     expect(tip.classList.contains('tooltip')).toBe(true)"
/home/gabriel/Disk/Research/research-javascript-test-smells/repositories/bootstrap-vue-dev/src/components/tooltip/tooltip.spec.js,Duplicate Assert,"{'line': 402, 'column': 4, 'index': 12347}","  400 |     const tip = document.getElementById(adb)
  401 |     expect(tip).not.toBe(null)
> 402 |     expect(tip).toBeInstanceOf(HTMLElement)
      |    ^ Duplicate Assert
  403 |     expect(tip.tagName).toEqual('DIV')
  404 |     expect(tip.classList.contains('tooltip')).toBe(true)
  405 |     expect(tip.classList.contains('b-tooltip')).toBe(true)"
/home/gabriel/Disk/Research/research-javascript-test-smells/repositories/bootstrap-vue-dev/src/components/tooltip/tooltip.spec.js,Duplicate Assert,"{'line': 436, 'column': 4, 'index': 13202}","  434 |
  435 |     expect(wrapper.element.tagName).toBe('ARTICLE')
> 436 |     expect(wrapper.attributes('id')).toBeDefined()
      |    ^ Duplicate Assert
  437 |     expect(wrapper.attributes('id')).toEqual('wrapper')
  438 |
  439 |     // The trigger button"
/home/gabriel/Disk/Research/research-javascript-test-smells/repositories/bootstrap-vue-dev/src/components/tooltip/tooltip.spec.js,Duplicate Assert,"{'line': 437, 'column': 4, 'index': 13253}","  435 |     expect(wrapper.element.tagName).toBe('ARTICLE')
  436 |     expect(wrapper.attributes('id')).toBeDefined()
> 437 |     expect(wrapper.attributes('id')).toEqual('wrapper')
      |    ^ Duplicate Assert
  438 |
  439 |     // The trigger button
  440 |     const $button = wrapper.find('button')"
/home/gabriel/Disk/Research/research-javascript-test-smells/repositories/bootstrap-vue-dev/src/components/tooltip/tooltip.spec.js,Duplicate Assert,"{'line': 442, 'column': 4, 'index': 13419}","  440 |     const $button = wrapper.find('button')
  441 |     expect($button.exists()).toBe(true)
> 442 |     expect($button.attributes('id')).toBeDefined()
      |    ^ Duplicate Assert
  443 |     expect($button.attributes('id')).toEqual('foo')
  444 |     expect($button.attributes('aria-describedby')).toBeUndefined()
  445 |"
/home/gabriel/Disk/Research/research-javascript-test-smells/repositories/bootstrap-vue-dev/src/components/tooltip/tooltip.spec.js,Duplicate Assert,"{'line': 442, 'column': 4, 'index': 13419}","  440 |     const $button = wrapper.find('button')
  441 |     expect($button.exists()).toBe(true)
> 442 |     expect($button.attributes('id')).toBeDefined()
      |    ^ Duplicate Assert
  443 |     expect($button.attributes('id')).toEqual('foo')
  444 |     expect($button.attributes('aria-describedby')).toBeUndefined()
  445 |"
/home/gabriel/Disk/Research/research-javascript-test-smells/repositories/bootstrap-vue-dev/src/components/tooltip/tooltip.spec.js,Duplicate Assert,"{'line': 443, 'column': 4, 'index': 13470}","  441 |     expect($button.exists()).toBe(true)
  442 |     expect($button.attributes('id')).toBeDefined()
> 443 |     expect($button.attributes('id')).toEqual('foo')
      |    ^ Duplicate Assert
  444 |     expect($button.attributes('aria-describedby')).toBeUndefined()
  445 |
  446 |     // <b-tooltip> wrapper"
/home/gabriel/Disk/Research/research-javascript-test-smells/repositories/bootstrap-vue-dev/src/components/tooltip/tooltip.spec.js,Duplicate Assert,"{'line': 443, 'column': 4, 'index': 13470}","  441 |     expect($button.exists()).toBe(true)
  442 |     expect($button.attributes('id')).toBeDefined()
> 443 |     expect($button.attributes('id')).toEqual('foo')
      |    ^ Duplicate Assert
  444 |     expect($button.attributes('aria-describedby')).toBeUndefined()
  445 |
  446 |     // <b-tooltip> wrapper"
/home/gabriel/Disk/Research/research-javascript-test-smells/repositories/bootstrap-vue-dev/src/components/tooltip/tooltip.spec.js,Duplicate Assert,"{'line': 444, 'column': 4, 'index': 13522}","  442 |     expect($button.attributes('id')).toBeDefined()
  443 |     expect($button.attributes('id')).toEqual('foo')
> 444 |     expect($button.attributes('aria-describedby')).toBeUndefined()
      |    ^ Duplicate Assert
  445 |
  446 |     // <b-tooltip> wrapper
  447 |     const $tipHolder = wrapper.findComponent(BTooltip)"
/home/gabriel/Disk/Research/research-javascript-test-smells/repositories/bootstrap-vue-dev/src/components/tooltip/tooltip.spec.js,Duplicate Assert,"{'line': 444, 'column': 4, 'index': 13522}","  442 |     expect($button.attributes('id')).toBeDefined()
  443 |     expect($button.attributes('id')).toEqual('foo')
> 444 |     expect($button.attributes('aria-describedby')).toBeUndefined()
      |    ^ Duplicate Assert
  445 |
  446 |     // <b-tooltip> wrapper
  447 |     const $tipHolder = wrapper.findComponent(BTooltip)"
/home/gabriel/Disk/Research/research-javascript-test-smells/repositories/bootstrap-vue-dev/src/components/tooltip/tooltip.spec.js,Duplicate Assert,"{'line': 458, 'column': 4, 'index': 13910}","  456 |     await waitRAF()
  457 |
> 458 |     expect($button.attributes('id')).toBeDefined()
      |    ^ Duplicate Assert
  459 |     expect($button.attributes('id')).toEqual('foo')
  460 |     expect($button.attributes('aria-describedby')).toBeDefined()
  461 |     // ID of the tooltip that will be in the body"
/home/gabriel/Disk/Research/research-javascript-test-smells/repositories/bootstrap-vue-dev/src/components/tooltip/tooltip.spec.js,Duplicate Assert,"{'line': 458, 'column': 4, 'index': 13910}","  456 |     await waitRAF()
  457 |
> 458 |     expect($button.attributes('id')).toBeDefined()
      |    ^ Duplicate Assert
  459 |     expect($button.attributes('id')).toEqual('foo')
  460 |     expect($button.attributes('aria-describedby')).toBeDefined()
  461 |     // ID of the tooltip that will be in the body"
/home/gabriel/Disk/Research/research-javascript-test-smells/repositories/bootstrap-vue-dev/src/components/tooltip/tooltip.spec.js,Duplicate Assert,"{'line': 459, 'column': 4, 'index': 13961}","  457 |
  458 |     expect($button.attributes('id')).toBeDefined()
> 459 |     expect($button.attributes('id')).toEqual('foo')
      |    ^ Duplicate Assert
  460 |     expect($button.attributes('aria-describedby')).toBeDefined()
  461 |     // ID of the tooltip that will be in the body
  462 |     const adb = $button.attributes('aria-describedby')"
/home/gabriel/Disk/Research/research-javascript-test-smells/repositories/bootstrap-vue-dev/src/components/tooltip/tooltip.spec.js,Duplicate Assert,"{'line': 459, 'column': 4, 'index': 13961}","  457 |
  458 |     expect($button.attributes('id')).toBeDefined()
> 459 |     expect($button.attributes('id')).toEqual('foo')
      |    ^ Duplicate Assert
  460 |     expect($button.attributes('aria-describedby')).toBeDefined()
  461 |     // ID of the tooltip that will be in the body
  462 |     const adb = $button.attributes('aria-describedby')"
/home/gabriel/Disk/Research/research-javascript-test-smells/repositories/bootstrap-vue-dev/src/components/tooltip/tooltip.spec.js,Duplicate Assert,"{'line': 460, 'column': 4, 'index': 14013}","  458 |     expect($button.attributes('id')).toBeDefined()
  459 |     expect($button.attributes('id')).toEqual('foo')
> 460 |     expect($button.attributes('aria-describedby')).toBeDefined()
      |    ^ Duplicate Assert
  461 |     // ID of the tooltip that will be in the body
  462 |     const adb = $button.attributes('aria-describedby')
  463 |"
/home/gabriel/Disk/Research/research-javascript-test-smells/repositories/bootstrap-vue-dev/src/components/tooltip/tooltip.spec.js,Duplicate Assert,"{'line': 466, 'column': 4, 'index': 14277}","  464 |     // Find the tooltip element in the document
  465 |     const tip = document.getElementById(adb)
> 466 |     expect(tip).not.toBe(null)
      |    ^ Duplicate Assert
  467 |     expect(tip).toBeInstanceOf(HTMLElement)
  468 |     expect(tip.tagName).toEqual('DIV')
  469 |     expect(tip.classList.contains('tooltip')).toBe(true)"
/home/gabriel/Disk/Research/research-javascript-test-smells/repositories/bootstrap-vue-dev/src/components/tooltip/tooltip.spec.js,Duplicate Assert,"{'line': 467, 'column': 4, 'index': 14308}","  465 |     const tip = document.getElementById(adb)
  466 |     expect(tip).not.toBe(null)
> 467 |     expect(tip).toBeInstanceOf(HTMLElement)
      |    ^ Duplicate Assert
  468 |     expect(tip.tagName).toEqual('DIV')
  469 |     expect(tip.classList.contains('tooltip')).toBe(true)
  470 |     expect(tip.classList.contains('b-tooltip')).toBe(true)"
/home/gabriel/Disk/Research/research-javascript-test-smells/repositories/bootstrap-vue-dev/src/components/tooltip/tooltip.spec.js,Duplicate Assert,"{'line': 481, 'column': 4, 'index': 14792}","  479 |
  480 |     // Tooltip element should not be in the document
> 481 |     expect($button.attributes('aria-describedby')).toBeUndefined()
      |    ^ Duplicate Assert
  482 |     expect(document.body.contains(tip)).toBe(false)
  483 |     expect(document.getElementById(adb)).toBe(null)
  484 |"
/home/gabriel/Disk/Research/research-javascript-test-smells/repositories/bootstrap-vue-dev/src/components/tooltip/tooltip.spec.js,Duplicate Assert,"{'line': 481, 'column': 4, 'index': 14792}","  479 |
  480 |     // Tooltip element should not be in the document
> 481 |     expect($button.attributes('aria-describedby')).toBeUndefined()
      |    ^ Duplicate Assert
  482 |     expect(document.body.contains(tip)).toBe(false)
  483 |     expect(document.getElementById(adb)).toBe(null)
  484 |"
/home/gabriel/Disk/Research/research-javascript-test-smells/repositories/bootstrap-vue-dev/src/components/tooltip/tooltip.spec.js,Duplicate Assert,"{'line': 513, 'column': 4, 'index': 15610}","  511 |
  512 |     expect(wrapper.element.tagName).toBe('ARTICLE')
> 513 |     expect(wrapper.attributes('id')).toBeDefined()
      |    ^ Duplicate Assert
  514 |     expect(wrapper.attributes('id')).toEqual('wrapper')
  515 |
  516 |     // The trigger button"
/home/gabriel/Disk/Research/research-javascript-test-smells/repositories/bootstrap-vue-dev/src/components/tooltip/tooltip.spec.js,Duplicate Assert,"{'line': 514, 'column': 4, 'index': 15661}","  512 |     expect(wrapper.element.tagName).toBe('ARTICLE')
  513 |     expect(wrapper.attributes('id')).toBeDefined()
> 514 |     expect(wrapper.attributes('id')).toEqual('wrapper')
      |    ^ Duplicate Assert
  515 |
  516 |     // The trigger button
  517 |     const $button = wrapper.find('button')"
/home/gabriel/Disk/Research/research-javascript-test-smells/repositories/bootstrap-vue-dev/src/components/tooltip/tooltip.spec.js,Duplicate Assert,"{'line': 519, 'column': 4, 'index': 15827}","  517 |     const $button = wrapper.find('button')
  518 |     expect($button.exists()).toBe(true)
> 519 |     expect($button.attributes('id')).toBeDefined()
      |    ^ Duplicate Assert
  520 |     expect($button.attributes('id')).toEqual('foo')
  521 |     expect($button.attributes('aria-describedby')).toBeUndefined()
  522 |"
/home/gabriel/Disk/Research/research-javascript-test-smells/repositories/bootstrap-vue-dev/src/components/tooltip/tooltip.spec.js,Duplicate Assert,"{'line': 519, 'column': 4, 'index': 15827}","  517 |     const $button = wrapper.find('button')
  518 |     expect($button.exists()).toBe(true)
> 519 |     expect($button.attributes('id')).toBeDefined()
      |    ^ Duplicate Assert
  520 |     expect($button.attributes('id')).toEqual('foo')
  521 |     expect($button.attributes('aria-describedby')).toBeUndefined()
  522 |"
/home/gabriel/Disk/Research/research-javascript-test-smells/repositories/bootstrap-vue-dev/src/components/tooltip/tooltip.spec.js,Duplicate Assert,"{'line': 520, 'column': 4, 'index': 15878}","  518 |     expect($button.exists()).toBe(true)
  519 |     expect($button.attributes('id')).toBeDefined()
> 520 |     expect($button.attributes('id')).toEqual('foo')
      |    ^ Duplicate Assert
  521 |     expect($button.attributes('aria-describedby')).toBeUndefined()
  522 |
  523 |     // <b-tooltip> wrapper"
/home/gabriel/Disk/Research/research-javascript-test-smells/repositories/bootstrap-vue-dev/src/components/tooltip/tooltip.spec.js,Duplicate Assert,"{'line': 520, 'column': 4, 'index': 15878}","  518 |     expect($button.exists()).toBe(true)
  519 |     expect($button.attributes('id')).toBeDefined()
> 520 |     expect($button.attributes('id')).toEqual('foo')
      |    ^ Duplicate Assert
  521 |     expect($button.attributes('aria-describedby')).toBeUndefined()
  522 |
  523 |     // <b-tooltip> wrapper"
/home/gabriel/Disk/Research/research-javascript-test-smells/repositories/bootstrap-vue-dev/src/components/tooltip/tooltip.spec.js,Duplicate Assert,"{'line': 521, 'column': 4, 'index': 15930}","  519 |     expect($button.attributes('id')).toBeDefined()
  520 |     expect($button.attributes('id')).toEqual('foo')
> 521 |     expect($button.attributes('aria-describedby')).toBeUndefined()
      |    ^ Duplicate Assert
  522 |
  523 |     // <b-tooltip> wrapper
  524 |     const $tipHolder = wrapper.findComponent(BTooltip)"
/home/gabriel/Disk/Research/research-javascript-test-smells/repositories/bootstrap-vue-dev/src/components/tooltip/tooltip.spec.js,Duplicate Assert,"{'line': 521, 'column': 4, 'index': 15930}","  519 |     expect($button.attributes('id')).toBeDefined()
  520 |     expect($button.attributes('id')).toEqual('foo')
> 521 |     expect($button.attributes('aria-describedby')).toBeUndefined()
      |    ^ Duplicate Assert
  522 |
  523 |     // <b-tooltip> wrapper
  524 |     const $tipHolder = wrapper.findComponent(BTooltip)"
/home/gabriel/Disk/Research/research-javascript-test-smells/repositories/bootstrap-vue-dev/src/components/tooltip/tooltip.spec.js,Duplicate Assert,"{'line': 535, 'column': 4, 'index': 16321}","  533 |     await waitRAF()
  534 |
> 535 |     expect($button.attributes('id')).toBeDefined()
      |    ^ Duplicate Assert
  536 |     expect($button.attributes('id')).toEqual('foo')
  537 |     expect($button.attributes('aria-describedby')).toBeDefined()
  538 |     // ID of the tooltip that will be in the body"
/home/gabriel/Disk/Research/research-javascript-test-smells/repositories/bootstrap-vue-dev/src/components/tooltip/tooltip.spec.js,Duplicate Assert,"{'line': 535, 'column': 4, 'index': 16321}","  533 |     await waitRAF()
  534 |
> 535 |     expect($button.attributes('id')).toBeDefined()
      |    ^ Duplicate Assert
  536 |     expect($button.attributes('id')).toEqual('foo')
  537 |     expect($button.attributes('aria-describedby')).toBeDefined()
  538 |     // ID of the tooltip that will be in the body"
/home/gabriel/Disk/Research/research-javascript-test-smells/repositories/bootstrap-vue-dev/src/components/tooltip/tooltip.spec.js,Duplicate Assert,"{'line': 536, 'column': 4, 'index': 16372}","  534 |
  535 |     expect($button.attributes('id')).toBeDefined()
> 536 |     expect($button.attributes('id')).toEqual('foo')
      |    ^ Duplicate Assert
  537 |     expect($button.attributes('aria-describedby')).toBeDefined()
  538 |     // ID of the tooltip that will be in the body
  539 |     const adb = $button.attributes('aria-describedby')"
/home/gabriel/Disk/Research/research-javascript-test-smells/repositories/bootstrap-vue-dev/src/components/tooltip/tooltip.spec.js,Duplicate Assert,"{'line': 536, 'column': 4, 'index': 16372}","  534 |
  535 |     expect($button.attributes('id')).toBeDefined()
> 536 |     expect($button.attributes('id')).toEqual('foo')
      |    ^ Duplicate Assert
  537 |     expect($button.attributes('aria-describedby')).toBeDefined()
  538 |     // ID of the tooltip that will be in the body
  539 |     const adb = $button.attributes('aria-describedby')"
/home/gabriel/Disk/Research/research-javascript-test-smells/repositories/bootstrap-vue-dev/src/components/tooltip/tooltip.spec.js,Duplicate Assert,"{'line': 537, 'column': 4, 'index': 16424}","  535 |     expect($button.attributes('id')).toBeDefined()
  536 |     expect($button.attributes('id')).toEqual('foo')
> 537 |     expect($button.attributes('aria-describedby')).toBeDefined()
      |    ^ Duplicate Assert
  538 |     // ID of the tooltip that will be in the body
  539 |     const adb = $button.attributes('aria-describedby')
  540 |"
/home/gabriel/Disk/Research/research-javascript-test-smells/repositories/bootstrap-vue-dev/src/components/tooltip/tooltip.spec.js,Duplicate Assert,"{'line': 543, 'column': 4, 'index': 16688}","  541 |     // Find the tooltip element in the document
  542 |     const tip = document.getElementById(adb)
> 543 |     expect(tip).not.toBe(null)
      |    ^ Duplicate Assert
  544 |     expect(tip).toBeInstanceOf(HTMLElement)
  545 |     expect(tip.tagName).toEqual('DIV')
  546 |     expect(tip.classList.contains('tooltip')).toBe(true)"
/home/gabriel/Disk/Research/research-javascript-test-smells/repositories/bootstrap-vue-dev/src/components/tooltip/tooltip.spec.js,Duplicate Assert,"{'line': 544, 'column': 4, 'index': 16719}","  542 |     const tip = document.getElementById(adb)
  543 |     expect(tip).not.toBe(null)
> 544 |     expect(tip).toBeInstanceOf(HTMLElement)
      |    ^ Duplicate Assert
  545 |     expect(tip.tagName).toEqual('DIV')
  546 |     expect(tip.classList.contains('tooltip')).toBe(true)
  547 |     expect(tip.classList.contains('b-tooltip')).toBe(true)"
/home/gabriel/Disk/Research/research-javascript-test-smells/repositories/bootstrap-vue-dev/src/components/tooltip/tooltip.spec.js,Duplicate Assert,"{'line': 560, 'column': 4, 'index': 17254}","  558 |
  559 |     // Tooltip element should not be in the document
> 560 |     expect($button.attributes('aria-describedby')).toBeUndefined()
      |    ^ Duplicate Assert
  561 |     expect(document.body.contains(tip)).toBe(false)
  562 |     expect(document.getElementById(adb)).toBe(null)
  563 |"
/home/gabriel/Disk/Research/research-javascript-test-smells/repositories/bootstrap-vue-dev/src/components/tooltip/tooltip.spec.js,Duplicate Assert,"{'line': 560, 'column': 4, 'index': 17254}","  558 |
  559 |     // Tooltip element should not be in the document
> 560 |     expect($button.attributes('aria-describedby')).toBeUndefined()
      |    ^ Duplicate Assert
  561 |     expect(document.body.contains(tip)).toBe(false)
  562 |     expect(document.getElementById(adb)).toBe(null)
  563 |"
/home/gabriel/Disk/Research/research-javascript-test-smells/repositories/bootstrap-vue-dev/src/components/tooltip/tooltip.spec.js,Duplicate Assert,"{'line': 591, 'column': 4, 'index': 18031}","  589 |
  590 |     expect(wrapper.element.tagName).toBe('ARTICLE')
> 591 |     expect(wrapper.attributes('id')).toBeDefined()
      |    ^ Duplicate Assert
  592 |     expect(wrapper.attributes('id')).toEqual('wrapper')
  593 |
  594 |     // The trigger button"
/home/gabriel/Disk/Research/research-javascript-test-smells/repositories/bootstrap-vue-dev/src/components/tooltip/tooltip.spec.js,Duplicate Assert,"{'line': 592, 'column': 4, 'index': 18082}","  590 |     expect(wrapper.element.tagName).toBe('ARTICLE')
  591 |     expect(wrapper.attributes('id')).toBeDefined()
> 592 |     expect(wrapper.attributes('id')).toEqual('wrapper')
      |    ^ Duplicate Assert
  593 |
  594 |     // The trigger button
  595 |     const $button = wrapper.find('button')"
/home/gabriel/Disk/Research/research-javascript-test-smells/repositories/bootstrap-vue-dev/src/components/tooltip/tooltip.spec.js,Duplicate Assert,"{'line': 597, 'column': 4, 'index': 18248}","  595 |     const $button = wrapper.find('button')
  596 |     expect($button.exists()).toBe(true)
> 597 |     expect($button.attributes('id')).toBeDefined()
      |    ^ Duplicate Assert
  598 |     expect($button.attributes('id')).toEqual('foo')
  599 |     expect($button.attributes('aria-describedby')).toBeUndefined()
  600 |"
/home/gabriel/Disk/Research/research-javascript-test-smells/repositories/bootstrap-vue-dev/src/components/tooltip/tooltip.spec.js,Duplicate Assert,"{'line': 598, 'column': 4, 'index': 18299}","  596 |     expect($button.exists()).toBe(true)
  597 |     expect($button.attributes('id')).toBeDefined()
> 598 |     expect($button.attributes('id')).toEqual('foo')
      |    ^ Duplicate Assert
  599 |     expect($button.attributes('aria-describedby')).toBeUndefined()
  600 |
  601 |     // b-tooltip wrapper"
/home/gabriel/Disk/Research/research-javascript-test-smells/repositories/bootstrap-vue-dev/src/components/tooltip/tooltip.spec.js,Duplicate Assert,"{'line': 599, 'column': 4, 'index': 18351}","  597 |     expect($button.attributes('id')).toBeDefined()
  598 |     expect($button.attributes('id')).toEqual('foo')
> 599 |     expect($button.attributes('aria-describedby')).toBeUndefined()
      |    ^ Duplicate Assert
  600 |
  601 |     // b-tooltip wrapper
  602 |     const $tipHolder = wrapper.findComponent(BTooltip)"
/home/gabriel/Disk/Research/research-javascript-test-smells/repositories/bootstrap-vue-dev/src/components/tooltip/tooltip.spec.js,Duplicate Assert,"{'line': 599, 'column': 4, 'index': 18351}","  597 |     expect($button.attributes('id')).toBeDefined()
  598 |     expect($button.attributes('id')).toEqual('foo')
> 599 |     expect($button.attributes('aria-describedby')).toBeUndefined()
      |    ^ Duplicate Assert
  600 |
  601 |     // b-tooltip wrapper
  602 |     const $tipHolder = wrapper.findComponent(BTooltip)"
/home/gabriel/Disk/Research/research-javascript-test-smells/repositories/bootstrap-vue-dev/src/components/tooltip/tooltip.spec.js,Duplicate Assert,"{'line': 614, 'column': 4, 'index': 18780}","  612 |
  613 |     // Tooltip should not have opened
> 614 |     expect($button.attributes('aria-describedby')).toBeUndefined()
      |    ^ Duplicate Assert
  615 |
  616 |     // Now enable the tooltip
  617 |     await wrapper.setProps({ disabled: false })"
/home/gabriel/Disk/Research/research-javascript-test-smells/repositories/bootstrap-vue-dev/src/components/tooltip/tooltip.spec.js,Duplicate Assert,"{'line': 614, 'column': 4, 'index': 18780}","  612 |
  613 |     // Tooltip should not have opened
> 614 |     expect($button.attributes('aria-describedby')).toBeUndefined()
      |    ^ Duplicate Assert
  615 |
  616 |     // Now enable the tooltip
  617 |     await wrapper.setProps({ disabled: false })"
/home/gabriel/Disk/Research/research-javascript-test-smells/repositories/bootstrap-vue-dev/src/components/tooltip/tooltip.spec.js,Duplicate Assert,"{'line': 634, 'column': 4, 'index': 19296}","  632 |     await waitRAF()
  633 |
> 634 |     expect($button.attributes('aria-describedby')).toBeDefined()
      |    ^ Duplicate Assert
  635 |     const adb = $button.attributes('aria-describedby')
  636 |
  637 |     // Find the tooltip element in the document"
/home/gabriel/Disk/Research/research-javascript-test-smells/repositories/bootstrap-vue-dev/src/components/tooltip/tooltip.spec.js,Duplicate Assert,"{'line': 639, 'column': 4, 'index': 19510}","  637 |     // Find the tooltip element in the document
  638 |     const tip = document.getElementById(adb)
> 639 |     expect(tip).not.toBe(null)
      |    ^ Duplicate Assert
  640 |     expect(tip).toBeInstanceOf(HTMLElement)
  641 |     expect(tip.tagName).toEqual('DIV')
  642 |     expect(tip.classList.contains('tooltip')).toBe(true)"
/home/gabriel/Disk/Research/research-javascript-test-smells/repositories/bootstrap-vue-dev/src/components/tooltip/tooltip.spec.js,Duplicate Assert,"{'line': 640, 'column': 4, 'index': 19541}","  638 |     const tip = document.getElementById(adb)
  639 |     expect(tip).not.toBe(null)
> 640 |     expect(tip).toBeInstanceOf(HTMLElement)
      |    ^ Duplicate Assert
  641 |     expect(tip.tagName).toEqual('DIV')
  642 |     expect(tip.classList.contains('tooltip')).toBe(true)
  643 |"
/home/gabriel/Disk/Research/research-javascript-test-smells/repositories/bootstrap-vue-dev/src/components/tooltip/tooltip.spec.js,Duplicate Assert,"{'line': 694, 'column': 4, 'index': 20872}","  692 |
  693 |     expect(wrapper.element.tagName).toBe('ARTICLE')
> 694 |     expect(wrapper.attributes('id')).toBeDefined()
      |    ^ Duplicate Assert
  695 |     expect(wrapper.attributes('id')).toEqual('wrapper')
  696 |
  697 |     // The trigger button"
/home/gabriel/Disk/Research/research-javascript-test-smells/repositories/bootstrap-vue-dev/src/components/tooltip/tooltip.spec.js,Duplicate Assert,"{'line': 695, 'column': 4, 'index': 20923}","  693 |     expect(wrapper.element.tagName).toBe('ARTICLE')
  694 |     expect(wrapper.attributes('id')).toBeDefined()
> 695 |     expect(wrapper.attributes('id')).toEqual('wrapper')
      |    ^ Duplicate Assert
  696 |
  697 |     // The trigger button
  698 |     const $button = wrapper.find('button')"
/home/gabriel/Disk/Research/research-javascript-test-smells/repositories/bootstrap-vue-dev/src/components/tooltip/tooltip.spec.js,Duplicate Assert,"{'line': 708, 'column': 4, 'index': 21364}","  706 |     // Find the tooltip element in the document
  707 |     const tip = document.getElementById(adb)
> 708 |     expect(tip).not.toBe(null)
      |    ^ Duplicate Assert
  709 |     expect(tip).toBeInstanceOf(HTMLElement)
  710 |     expect(tip.tagName).toEqual('DIV')
  711 |     expect(tip.classList.contains('tooltip')).toBe(true)"
/home/gabriel/Disk/Research/research-javascript-test-smells/repositories/bootstrap-vue-dev/src/components/tooltip/tooltip.spec.js,Duplicate Assert,"{'line': 709, 'column': 4, 'index': 21395}","  707 |     const tip = document.getElementById(adb)
  708 |     expect(tip).not.toBe(null)
> 709 |     expect(tip).toBeInstanceOf(HTMLElement)
      |    ^ Duplicate Assert
  710 |     expect(tip.tagName).toEqual('DIV')
  711 |     expect(tip.classList.contains('tooltip')).toBe(true)
  712 |     expect(tip.classList.contains('b-tooltip')).toBe(true)"
/home/gabriel/Disk/Research/research-javascript-test-smells/repositories/bootstrap-vue-dev/src/components/tooltip/tooltip.spec.js,Duplicate Assert,"{'line': 726, 'column': 4, 'index': 21954}","  724 |     await waitRAF()
  725 |
> 726 |     expect($button.attributes('aria-describedby')).toBeUndefined()
      |    ^ Duplicate Assert
  727 |
  728 |     // Tooltip element should not be in the document
  729 |     expect(document.body.contains(tip)).toBe(false)"
/home/gabriel/Disk/Research/research-javascript-test-smells/repositories/bootstrap-vue-dev/src/components/tooltip/tooltip.spec.js,Duplicate Assert,"{'line': 730, 'column': 4, 'index': 22127}","  728 |     // Tooltip element should not be in the document
  729 |     expect(document.body.contains(tip)).toBe(false)
> 730 |     expect(document.getElementById(adb)).toBe(null)
      |    ^ Duplicate Assert
  731 |
  732 |     // Show the tooltip by emitting event on instance
  733 |     bTooltip.vm.$emit('open')"
/home/gabriel/Disk/Research/research-javascript-test-smells/repositories/bootstrap-vue-dev/src/components/tooltip/tooltip.spec.js,Duplicate Assert,"{'line': 744, 'column': 4, 'index': 22494}","  742 |
  743 |     // Tooltip element should be in the document
> 744 |     expect($button.attributes('aria-describedby')).toBeDefined()
      |    ^ Duplicate Assert
  745 |     expect(document.getElementById(adb)).not.toBe(null)
  746 |
  747 |     wrapper.destroy()"
/home/gabriel/Disk/Research/research-javascript-test-smells/repositories/bootstrap-vue-dev/src/components/tooltip/tooltip.spec.js,Duplicate Assert,"{'line': 745, 'column': 4, 'index': 22559}","  743 |     // Tooltip element should be in the document
  744 |     expect($button.attributes('aria-describedby')).toBeDefined()
> 745 |     expect(document.getElementById(adb)).not.toBe(null)
      |    ^ Duplicate Assert
  746 |
  747 |     wrapper.destroy()
  748 |   })"
/home/gabriel/Disk/Research/research-javascript-test-smells/repositories/bootstrap-vue-dev/src/components/tooltip/tooltip.spec.js,Duplicate Assert,"{'line': 775, 'column': 4, 'index': 23249}","  773 |
  774 |     expect(wrapper.element.tagName).toBe('ARTICLE')
> 775 |     expect(wrapper.attributes('id')).toBeDefined()
      |    ^ Duplicate Assert
  776 |     expect(wrapper.attributes('id')).toEqual('wrapper')
  777 |
  778 |     // The trigger button"
/home/gabriel/Disk/Research/research-javascript-test-smells/repositories/bootstrap-vue-dev/src/components/tooltip/tooltip.spec.js,Duplicate Assert,"{'line': 776, 'column': 4, 'index': 23300}","  774 |     expect(wrapper.element.tagName).toBe('ARTICLE')
  775 |     expect(wrapper.attributes('id')).toBeDefined()
> 776 |     expect(wrapper.attributes('id')).toEqual('wrapper')
      |    ^ Duplicate Assert
  777 |
  778 |     // The trigger button
  779 |     const $button = wrapper.find('button')"
/home/gabriel/Disk/Research/research-javascript-test-smells/repositories/bootstrap-vue-dev/src/components/tooltip/tooltip.spec.js,Duplicate Assert,"{'line': 781, 'column': 4, 'index': 23466}","  779 |     const $button = wrapper.find('button')
  780 |     expect($button.exists()).toBe(true)
> 781 |     expect($button.attributes('id')).toBeDefined()
      |    ^ Duplicate Assert
  782 |     expect($button.attributes('id')).toEqual('foo')
  783 |     expect($button.attributes('title')).toBeDefined()
  784 |     expect($button.attributes('title')).toEqual('')"
/home/gabriel/Disk/Research/research-javascript-test-smells/repositories/bootstrap-vue-dev/src/components/tooltip/tooltip.spec.js,Duplicate Assert,"{'line': 782, 'column': 4, 'index': 23517}","  780 |     expect($button.exists()).toBe(true)
  781 |     expect($button.attributes('id')).toBeDefined()
> 782 |     expect($button.attributes('id')).toEqual('foo')
      |    ^ Duplicate Assert
  783 |     expect($button.attributes('title')).toBeDefined()
  784 |     expect($button.attributes('title')).toEqual('')
  785 |     expect($button.attributes('data-original-title')).toBeDefined()"
/home/gabriel/Disk/Research/research-javascript-test-smells/repositories/bootstrap-vue-dev/src/components/tooltip/tooltip.spec.js,Duplicate Assert,"{'line': 783, 'column': 4, 'index': 23569}","  781 |     expect($button.attributes('id')).toBeDefined()
  782 |     expect($button.attributes('id')).toEqual('foo')
> 783 |     expect($button.attributes('title')).toBeDefined()
      |    ^ Duplicate Assert
  784 |     expect($button.attributes('title')).toEqual('')
  785 |     expect($button.attributes('data-original-title')).toBeDefined()
  786 |     expect($button.attributes('data-original-title')).toEqual('ignored')"
/home/gabriel/Disk/Research/research-javascript-test-smells/repositories/bootstrap-vue-dev/src/components/tooltip/tooltip.spec.js,Duplicate Assert,"{'line': 784, 'column': 4, 'index': 23623}","  782 |     expect($button.attributes('id')).toEqual('foo')
  783 |     expect($button.attributes('title')).toBeDefined()
> 784 |     expect($button.attributes('title')).toEqual('')
      |    ^ Duplicate Assert
  785 |     expect($button.attributes('data-original-title')).toBeDefined()
  786 |     expect($button.attributes('data-original-title')).toEqual('ignored')
  787 |     expect($button.attributes('aria-describedby')).toBeDefined()"
/home/gabriel/Disk/Research/research-javascript-test-smells/repositories/bootstrap-vue-dev/src/components/tooltip/tooltip.spec.js,Duplicate Assert,"{'line': 785, 'column': 4, 'index': 23675}","  783 |     expect($button.attributes('title')).toBeDefined()
  784 |     expect($button.attributes('title')).toEqual('')
> 785 |     expect($button.attributes('data-original-title')).toBeDefined()
      |    ^ Duplicate Assert
  786 |     expect($button.attributes('data-original-title')).toEqual('ignored')
  787 |     expect($button.attributes('aria-describedby')).toBeDefined()
  788 |     // ID of the tooltip that will be in the body"
/home/gabriel/Disk/Research/research-javascript-test-smells/repositories/bootstrap-vue-dev/src/components/tooltip/tooltip.spec.js,Duplicate Assert,"{'line': 786, 'column': 4, 'index': 23743}","  784 |     expect($button.attributes('title')).toEqual('')
  785 |     expect($button.attributes('data-original-title')).toBeDefined()
> 786 |     expect($button.attributes('data-original-title')).toEqual('ignored')
      |    ^ Duplicate Assert
  787 |     expect($button.attributes('aria-describedby')).toBeDefined()
  788 |     // ID of the tooltip that will be in the body
  789 |     const adb = $button.attributes('aria-describedby')"
/home/gabriel/Disk/Research/research-javascript-test-smells/repositories/bootstrap-vue-dev/src/components/tooltip/tooltip.spec.js,Duplicate Assert,"{'line': 787, 'column': 4, 'index': 23816}","  785 |     expect($button.attributes('data-original-title')).toBeDefined()
  786 |     expect($button.attributes('data-original-title')).toEqual('ignored')
> 787 |     expect($button.attributes('aria-describedby')).toBeDefined()
      |    ^ Duplicate Assert
  788 |     // ID of the tooltip that will be in the body
  789 |     const adb = $button.attributes('aria-describedby')
  790 |"
/home/gabriel/Disk/Research/research-javascript-test-smells/repositories/bootstrap-vue-dev/src/components/tooltip/tooltip.spec.js,Duplicate Assert,"{'line': 797, 'column': 4, 'index': 24206}","  795 |     // Find the tooltip element in the document
  796 |     const tip = document.getElementById(adb)
> 797 |     expect(tip).not.toBe(null)
      |    ^ Duplicate Assert
  798 |     expect(tip).toBeInstanceOf(HTMLElement)
  799 |     expect(tip.tagName).toEqual('DIV')
  800 |     expect(tip.classList.contains('tooltip')).toBe(true)"
/home/gabriel/Disk/Research/research-javascript-test-smells/repositories/bootstrap-vue-dev/src/components/tooltip/tooltip.spec.js,Duplicate Assert,"{'line': 798, 'column': 4, 'index': 24237}","  796 |     const tip = document.getElementById(adb)
  797 |     expect(tip).not.toBe(null)
> 798 |     expect(tip).toBeInstanceOf(HTMLElement)
      |    ^ Duplicate Assert
  799 |     expect(tip.tagName).toEqual('DIV')
  800 |     expect(tip.classList.contains('tooltip')).toBe(true)
  801 |     expect(tip.classList.contains('b-tooltip')).toBe(true)"
/home/gabriel/Disk/Research/research-javascript-test-smells/repositories/bootstrap-vue-dev/src/components/tooltip/tooltip.spec.js,Duplicate Assert,"{'line': 813, 'column': 4, 'index': 24747}","  811 |     await waitRAF()
  812 |
> 813 |     expect($button.attributes('aria-describedby')).toBeUndefined()
      |    ^ Duplicate Assert
  814 |
  815 |     // Tooltip element should not be in the document
  816 |     expect(document.body.contains(tip)).toBe(false)"
/home/gabriel/Disk/Research/research-javascript-test-smells/repositories/bootstrap-vue-dev/src/components/tooltip/tooltip.spec.js,Duplicate Assert,"{'line': 847, 'column': 4, 'index': 25620}","  845 |
  846 |     expect(wrapper.element.tagName).toBe('ARTICLE')
> 847 |     expect(wrapper.attributes('id')).toBeDefined()
      |    ^ Duplicate Assert
  848 |     expect(wrapper.attributes('id')).toEqual('wrapper')
  849 |
  850 |     // The trigger button"
/home/gabriel/Disk/Research/research-javascript-test-smells/repositories/bootstrap-vue-dev/src/components/tooltip/tooltip.spec.js,Duplicate Assert,"{'line': 848, 'column': 4, 'index': 25671}","  846 |     expect(wrapper.element.tagName).toBe('ARTICLE')
  847 |     expect(wrapper.attributes('id')).toBeDefined()
> 848 |     expect(wrapper.attributes('id')).toEqual('wrapper')
      |    ^ Duplicate Assert
  849 |
  850 |     // The trigger button
  851 |     const $button = wrapper.find('button')"
/home/gabriel/Disk/Research/research-javascript-test-smells/repositories/bootstrap-vue-dev/src/components/tooltip/tooltip.spec.js,Duplicate Assert,"{'line': 853, 'column': 4, 'index': 25837}","  851 |     const $button = wrapper.find('button')
  852 |     expect($button.exists()).toBe(true)
> 853 |     expect($button.attributes('id')).toBeDefined()
      |    ^ Duplicate Assert
  854 |     expect($button.attributes('id')).toEqual('foo')
  855 |     expect($button.attributes('title')).toBeDefined()
  856 |     expect($button.attributes('title')).toEqual('')"
/home/gabriel/Disk/Research/research-javascript-test-smells/repositories/bootstrap-vue-dev/src/components/tooltip/tooltip.spec.js,Duplicate Assert,"{'line': 854, 'column': 4, 'index': 25888}","  852 |     expect($button.exists()).toBe(true)
  853 |     expect($button.attributes('id')).toBeDefined()
> 854 |     expect($button.attributes('id')).toEqual('foo')
      |    ^ Duplicate Assert
  855 |     expect($button.attributes('title')).toBeDefined()
  856 |     expect($button.attributes('title')).toEqual('')
  857 |     expect($button.attributes('data-original-title')).toBeDefined()"
/home/gabriel/Disk/Research/research-javascript-test-smells/repositories/bootstrap-vue-dev/src/components/tooltip/tooltip.spec.js,Duplicate Assert,"{'line': 855, 'column': 4, 'index': 25940}","  853 |     expect($button.attributes('id')).toBeDefined()
  854 |     expect($button.attributes('id')).toEqual('foo')
> 855 |     expect($button.attributes('title')).toBeDefined()
      |    ^ Duplicate Assert
  856 |     expect($button.attributes('title')).toEqual('')
  857 |     expect($button.attributes('data-original-title')).toBeDefined()
  858 |     expect($button.attributes('data-original-title')).toEqual('ignored')"
/home/gabriel/Disk/Research/research-javascript-test-smells/repositories/bootstrap-vue-dev/src/components/tooltip/tooltip.spec.js,Duplicate Assert,"{'line': 856, 'column': 4, 'index': 25994}","  854 |     expect($button.attributes('id')).toEqual('foo')
  855 |     expect($button.attributes('title')).toBeDefined()
> 856 |     expect($button.attributes('title')).toEqual('')
      |    ^ Duplicate Assert
  857 |     expect($button.attributes('data-original-title')).toBeDefined()
  858 |     expect($button.attributes('data-original-title')).toEqual('ignored')
  859 |     expect($button.attributes('aria-describedby')).toBeDefined()"
/home/gabriel/Disk/Research/research-javascript-test-smells/repositories/bootstrap-vue-dev/src/components/tooltip/tooltip.spec.js,Duplicate Assert,"{'line': 857, 'column': 4, 'index': 26046}","  855 |     expect($button.attributes('title')).toBeDefined()
  856 |     expect($button.attributes('title')).toEqual('')
> 857 |     expect($button.attributes('data-original-title')).toBeDefined()
      |    ^ Duplicate Assert
  858 |     expect($button.attributes('data-original-title')).toEqual('ignored')
  859 |     expect($button.attributes('aria-describedby')).toBeDefined()
  860 |     // ID of the tooltip that will be in the body"
/home/gabriel/Disk/Research/research-javascript-test-smells/repositories/bootstrap-vue-dev/src/components/tooltip/tooltip.spec.js,Duplicate Assert,"{'line': 858, 'column': 4, 'index': 26114}","  856 |     expect($button.attributes('title')).toEqual('')
  857 |     expect($button.attributes('data-original-title')).toBeDefined()
> 858 |     expect($button.attributes('data-original-title')).toEqual('ignored')
      |    ^ Duplicate Assert
  859 |     expect($button.attributes('aria-describedby')).toBeDefined()
  860 |     // ID of the tooltip that will be in the body
  861 |     const adb = $button.attributes('aria-describedby')"
/home/gabriel/Disk/Research/research-javascript-test-smells/repositories/bootstrap-vue-dev/src/components/tooltip/tooltip.spec.js,Duplicate Assert,"{'line': 859, 'column': 4, 'index': 26187}","  857 |     expect($button.attributes('data-original-title')).toBeDefined()
  858 |     expect($button.attributes('data-original-title')).toEqual('ignored')
> 859 |     expect($button.attributes('aria-describedby')).toBeDefined()
      |    ^ Duplicate Assert
  860 |     // ID of the tooltip that will be in the body
  861 |     const adb = $button.attributes('aria-describedby')
  862 |"
/home/gabriel/Disk/Research/research-javascript-test-smells/repositories/bootstrap-vue-dev/src/components/tooltip/tooltip.spec.js,Duplicate Assert,"{'line': 859, 'column': 4, 'index': 26187}","  857 |     expect($button.attributes('data-original-title')).toBeDefined()
  858 |     expect($button.attributes('data-original-title')).toEqual('ignored')
> 859 |     expect($button.attributes('aria-describedby')).toBeDefined()
      |    ^ Duplicate Assert
  860 |     // ID of the tooltip that will be in the body
  861 |     const adb = $button.attributes('aria-describedby')
  862 |"
/home/gabriel/Disk/Research/research-javascript-test-smells/repositories/bootstrap-vue-dev/src/components/tooltip/tooltip.spec.js,Duplicate Assert,"{'line': 869, 'column': 4, 'index': 26575}","  867 |     // Find the tooltip element in the document
  868 |     const tip = document.getElementById(adb)
> 869 |     expect(tip).not.toBe(null)
      |    ^ Duplicate Assert
  870 |     expect(tip).toBeInstanceOf(HTMLElement)
  871 |     expect(tip.tagName).toEqual('DIV')
  872 |     expect(tip.classList.contains('tooltip')).toBe(true)"
/home/gabriel/Disk/Research/research-javascript-test-smells/repositories/bootstrap-vue-dev/src/components/tooltip/tooltip.spec.js,Duplicate Assert,"{'line': 870, 'column': 4, 'index': 26606}","  868 |     const tip = document.getElementById(adb)
  869 |     expect(tip).not.toBe(null)
> 870 |     expect(tip).toBeInstanceOf(HTMLElement)
      |    ^ Duplicate Assert
  871 |     expect(tip.tagName).toEqual('DIV')
  872 |     expect(tip.classList.contains('tooltip')).toBe(true)
  873 |"
/home/gabriel/Disk/Research/research-javascript-test-smells/repositories/bootstrap-vue-dev/src/components/tooltip/tooltip.spec.js,Duplicate Assert,"{'line': 884, 'column': 4, 'index': 27039}","  882 |     await waitRAF()
  883 |
> 884 |     expect($button.attributes('aria-describedby')).toBeDefined()
      |    ^ Duplicate Assert
  885 |
  886 |     // Tooltip element should still be in the document
  887 |     expect(document.body.contains(tip)).toBe(true)"
/home/gabriel/Disk/Research/research-javascript-test-smells/repositories/bootstrap-vue-dev/src/components/tooltip/tooltip.spec.js,Duplicate Assert,"{'line': 884, 'column': 4, 'index': 27039}","  882 |     await waitRAF()
  883 |
> 884 |     expect($button.attributes('aria-describedby')).toBeDefined()
      |    ^ Duplicate Assert
  885 |
  886 |     // Tooltip element should still be in the document
  887 |     expect(document.body.contains(tip)).toBe(true)"
/home/gabriel/Disk/Research/research-javascript-test-smells/repositories/bootstrap-vue-dev/src/components/tooltip/tooltip.spec.js,Duplicate Assert,"{'line': 918, 'column': 4, 'index': 27893}","  916 |
  917 |     expect(wrapper.element.tagName).toBe('ARTICLE')
> 918 |     expect(wrapper.attributes('id')).toBeDefined()
      |    ^ Duplicate Assert
  919 |     expect(wrapper.attributes('id')).toEqual('wrapper')
  920 |
  921 |     // The trigger button"
/home/gabriel/Disk/Research/research-javascript-test-smells/repositories/bootstrap-vue-dev/src/components/tooltip/tooltip.spec.js,Duplicate Assert,"{'line': 919, 'column': 4, 'index': 27944}","  917 |     expect(wrapper.element.tagName).toBe('ARTICLE')
  918 |     expect(wrapper.attributes('id')).toBeDefined()
> 919 |     expect(wrapper.attributes('id')).toEqual('wrapper')
      |    ^ Duplicate Assert
  920 |
  921 |     // The trigger button
  922 |     const $button = wrapper.find('button')"
/home/gabriel/Disk/Research/research-javascript-test-smells/repositories/bootstrap-vue-dev/src/components/tooltip/tooltip.spec.js,Duplicate Assert,"{'line': 924, 'column': 4, 'index': 28110}","  922 |     const $button = wrapper.find('button')
  923 |     expect($button.exists()).toBe(true)
> 924 |     expect($button.attributes('id')).toBeDefined()
      |    ^ Duplicate Assert
  925 |     expect($button.attributes('id')).toEqual('foo')
  926 |     expect($button.attributes('title')).toBeDefined()
  927 |     expect($button.attributes('title')).toEqual('')"
/home/gabriel/Disk/Research/research-javascript-test-smells/repositories/bootstrap-vue-dev/src/components/tooltip/tooltip.spec.js,Duplicate Assert,"{'line': 925, 'column': 4, 'index': 28161}","  923 |     expect($button.exists()).toBe(true)
  924 |     expect($button.attributes('id')).toBeDefined()
> 925 |     expect($button.attributes('id')).toEqual('foo')
      |    ^ Duplicate Assert
  926 |     expect($button.attributes('title')).toBeDefined()
  927 |     expect($button.attributes('title')).toEqual('')
  928 |     expect($button.attributes('data-original-title')).toBeDefined()"
/home/gabriel/Disk/Research/research-javascript-test-smells/repositories/bootstrap-vue-dev/src/components/tooltip/tooltip.spec.js,Duplicate Assert,"{'line': 926, 'column': 4, 'index': 28213}","  924 |     expect($button.attributes('id')).toBeDefined()
  925 |     expect($button.attributes('id')).toEqual('foo')
> 926 |     expect($button.attributes('title')).toBeDefined()
      |    ^ Duplicate Assert
  927 |     expect($button.attributes('title')).toEqual('')
  928 |     expect($button.attributes('data-original-title')).toBeDefined()
  929 |     expect($button.attributes('data-original-title')).toEqual('ignored')"
/home/gabriel/Disk/Research/research-javascript-test-smells/repositories/bootstrap-vue-dev/src/components/tooltip/tooltip.spec.js,Duplicate Assert,"{'line': 927, 'column': 4, 'index': 28267}","  925 |     expect($button.attributes('id')).toEqual('foo')
  926 |     expect($button.attributes('title')).toBeDefined()
> 927 |     expect($button.attributes('title')).toEqual('')
      |    ^ Duplicate Assert
  928 |     expect($button.attributes('data-original-title')).toBeDefined()
  929 |     expect($button.attributes('data-original-title')).toEqual('ignored')
  930 |     expect($button.attributes('aria-describedby')).toBeDefined()"
/home/gabriel/Disk/Research/research-javascript-test-smells/repositories/bootstrap-vue-dev/src/components/tooltip/tooltip.spec.js,Duplicate Assert,"{'line': 928, 'column': 4, 'index': 28319}","  926 |     expect($button.attributes('title')).toBeDefined()
  927 |     expect($button.attributes('title')).toEqual('')
> 928 |     expect($button.attributes('data-original-title')).toBeDefined()
      |    ^ Duplicate Assert
  929 |     expect($button.attributes('data-original-title')).toEqual('ignored')
  930 |     expect($button.attributes('aria-describedby')).toBeDefined()
  931 |"
/home/gabriel/Disk/Research/research-javascript-test-smells/repositories/bootstrap-vue-dev/src/components/tooltip/tooltip.spec.js,Duplicate Assert,"{'line': 929, 'column': 4, 'index': 28387}","  927 |     expect($button.attributes('title')).toEqual('')
  928 |     expect($button.attributes('data-original-title')).toBeDefined()
> 929 |     expect($button.attributes('data-original-title')).toEqual('ignored')
      |    ^ Duplicate Assert
  930 |     expect($button.attributes('aria-describedby')).toBeDefined()
  931 |
  932 |     // ID of the tooltip that will be in the body"
/home/gabriel/Disk/Research/research-javascript-test-smells/repositories/bootstrap-vue-dev/src/components/tooltip/tooltip.spec.js,Duplicate Assert,"{'line': 930, 'column': 4, 'index': 28460}","  928 |     expect($button.attributes('data-original-title')).toBeDefined()
  929 |     expect($button.attributes('data-original-title')).toEqual('ignored')
> 930 |     expect($button.attributes('aria-describedby')).toBeDefined()
      |    ^ Duplicate Assert
  931 |
  932 |     // ID of the tooltip that will be in the body
  933 |     const adb = $button.attributes('aria-describedby')"
/home/gabriel/Disk/Research/research-javascript-test-smells/repositories/bootstrap-vue-dev/src/components/tooltip/tooltip.spec.js,Duplicate Assert,"{'line': 941, 'column': 4, 'index': 28851}","  939 |     // Find the tooltip element in the document
  940 |     const tip = document.getElementById(adb)
> 941 |     expect(tip).not.toBe(null)
      |    ^ Duplicate Assert
  942 |     expect(tip).toBeInstanceOf(HTMLElement)
  943 |     expect(tip.tagName).toEqual('DIV')
  944 |     expect(tip.classList.contains('tooltip')).toBe(true)"
/home/gabriel/Disk/Research/research-javascript-test-smells/repositories/bootstrap-vue-dev/src/components/tooltip/tooltip.spec.js,Duplicate Assert,"{'line': 942, 'column': 4, 'index': 28882}","  940 |     const tip = document.getElementById(adb)
  941 |     expect(tip).not.toBe(null)
> 942 |     expect(tip).toBeInstanceOf(HTMLElement)
      |    ^ Duplicate Assert
  943 |     expect(tip.tagName).toEqual('DIV')
  944 |     expect(tip.classList.contains('tooltip')).toBe(true)
  945 |     expect(tip.classList.contains('b-tooltip')).toBe(true)"
/home/gabriel/Disk/Research/research-javascript-test-smells/repositories/bootstrap-vue-dev/src/components/tooltip/tooltip.spec.js,Duplicate Assert,"{'line': 957, 'column': 4, 'index': 29380}","  955 |     await waitRAF()
  956 |
> 957 |     expect($button.attributes('aria-describedby')).toBeUndefined()
      |    ^ Duplicate Assert
  958 |
  959 |     // Tooltip element should not be in the document
  960 |     expect(document.body.contains(tip)).toBe(false)"
/home/gabriel/Disk/Research/research-javascript-test-smells/repositories/bootstrap-vue-dev/src/components/tooltip/tooltip.spec.js,Duplicate Assert,"{'line': 991, 'column': 4, 'index': 30253}","  989 |
  990 |     expect(wrapper.element.tagName).toBe('ARTICLE')
> 991 |     expect(wrapper.attributes('id')).toBeDefined()
      |    ^ Duplicate Assert
  992 |     expect(wrapper.attributes('id')).toEqual('wrapper')
  993 |     expect(wrapper.classes()).not.toContain('modal-content')
  994 |"
/home/gabriel/Disk/Research/research-javascript-test-smells/repositories/bootstrap-vue-dev/src/components/tooltip/tooltip.spec.js,Duplicate Assert,"{'line': 992, 'column': 4, 'index': 30304}","  990 |     expect(wrapper.element.tagName).toBe('ARTICLE')
  991 |     expect(wrapper.attributes('id')).toBeDefined()
> 992 |     expect(wrapper.attributes('id')).toEqual('wrapper')
      |    ^ Duplicate Assert
  993 |     expect(wrapper.classes()).not.toContain('modal-content')
  994 |
  995 |     // The trigger button"
/home/gabriel/Disk/Research/research-javascript-test-smells/repositories/bootstrap-vue-dev/src/components/tooltip/tooltip.spec.js,Duplicate Assert,"{'line': 998, 'column': 4, 'index': 30531}","   996 |     const $button = wrapper.find('button')
   997 |     expect($button.exists()).toBe(true)
>  998 |     expect($button.attributes('id')).toBeDefined()
       |    ^ Duplicate Assert
   999 |     expect($button.attributes('id')).toEqual('foo')
  1000 |     expect($button.attributes('title')).toBeDefined()
  1001 |     expect($button.attributes('title')).toEqual('')"
/home/gabriel/Disk/Research/research-javascript-test-smells/repositories/bootstrap-vue-dev/src/components/tooltip/tooltip.spec.js,Duplicate Assert,"{'line': 999, 'column': 4, 'index': 30582}","   997 |     expect($button.exists()).toBe(true)
   998 |     expect($button.attributes('id')).toBeDefined()
>  999 |     expect($button.attributes('id')).toEqual('foo')
       |    ^ Duplicate Assert
  1000 |     expect($button.attributes('title')).toBeDefined()
  1001 |     expect($button.attributes('title')).toEqual('')
  1002 |     expect($button.attributes('data-original-title')).toBeDefined()"
/home/gabriel/Disk/Research/research-javascript-test-smells/repositories/bootstrap-vue-dev/src/components/tooltip/tooltip.spec.js,Duplicate Assert,"{'line': 1000, 'column': 4, 'index': 30634}","   998 |     expect($button.attributes('id')).toBeDefined()
   999 |     expect($button.attributes('id')).toEqual('foo')
> 1000 |     expect($button.attributes('title')).toBeDefined()
       |    ^ Duplicate Assert
  1001 |     expect($button.attributes('title')).toEqual('')
  1002 |     expect($button.attributes('data-original-title')).toBeDefined()
  1003 |     expect($button.attributes('data-original-title')).toEqual('ignored')"
/home/gabriel/Disk/Research/research-javascript-test-smells/repositories/bootstrap-vue-dev/src/components/tooltip/tooltip.spec.js,Duplicate Assert,"{'line': 1001, 'column': 4, 'index': 30688}","   999 |     expect($button.attributes('id')).toEqual('foo')
  1000 |     expect($button.attributes('title')).toBeDefined()
> 1001 |     expect($button.attributes('title')).toEqual('')
       |    ^ Duplicate Assert
  1002 |     expect($button.attributes('data-original-title')).toBeDefined()
  1003 |     expect($button.attributes('data-original-title')).toEqual('ignored')
  1004 |     expect($button.attributes('aria-describedby')).toBeDefined()"
/home/gabriel/Disk/Research/research-javascript-test-smells/repositories/bootstrap-vue-dev/src/components/tooltip/tooltip.spec.js,Duplicate Assert,"{'line': 1002, 'column': 4, 'index': 30740}","  1000 |     expect($button.attributes('title')).toBeDefined()
  1001 |     expect($button.attributes('title')).toEqual('')
> 1002 |     expect($button.attributes('data-original-title')).toBeDefined()
       |    ^ Duplicate Assert
  1003 |     expect($button.attributes('data-original-title')).toEqual('ignored')
  1004 |     expect($button.attributes('aria-describedby')).toBeDefined()
  1005 |     // ID of the tooltip that will be in the body"
/home/gabriel/Disk/Research/research-javascript-test-smells/repositories/bootstrap-vue-dev/src/components/tooltip/tooltip.spec.js,Duplicate Assert,"{'line': 1003, 'column': 4, 'index': 30808}","  1001 |     expect($button.attributes('title')).toEqual('')
  1002 |     expect($button.attributes('data-original-title')).toBeDefined()
> 1003 |     expect($button.attributes('data-original-title')).toEqual('ignored')
       |    ^ Duplicate Assert
  1004 |     expect($button.attributes('aria-describedby')).toBeDefined()
  1005 |     // ID of the tooltip that will be in the body
  1006 |     const adb = $button.attributes('aria-describedby')"
/home/gabriel/Disk/Research/research-javascript-test-smells/repositories/bootstrap-vue-dev/src/components/tooltip/tooltip.spec.js,Duplicate Assert,"{'line': 1004, 'column': 4, 'index': 30881}","  1002 |     expect($button.attributes('data-original-title')).toBeDefined()
  1003 |     expect($button.attributes('data-original-title')).toEqual('ignored')
> 1004 |     expect($button.attributes('aria-describedby')).toBeDefined()
       |    ^ Duplicate Assert
  1005 |     // ID of the tooltip that will be in the body
  1006 |     const adb = $button.attributes('aria-describedby')
  1007 |"
/home/gabriel/Disk/Research/research-javascript-test-smells/repositories/bootstrap-vue-dev/src/components/tooltip/tooltip.spec.js,Duplicate Assert,"{'line': 1004, 'column': 4, 'index': 30881}","  1002 |     expect($button.attributes('data-original-title')).toBeDefined()
  1003 |     expect($button.attributes('data-original-title')).toEqual('ignored')
> 1004 |     expect($button.attributes('aria-describedby')).toBeDefined()
       |    ^ Duplicate Assert
  1005 |     // ID of the tooltip that will be in the body
  1006 |     const adb = $button.attributes('aria-describedby')
  1007 |"
/home/gabriel/Disk/Research/research-javascript-test-smells/repositories/bootstrap-vue-dev/src/components/tooltip/tooltip.spec.js,Duplicate Assert,"{'line': 1014, 'column': 4, 'index': 31269}","  1012 |     // Find the tooltip element in the document
  1013 |     const tip = document.getElementById(adb)
> 1014 |     expect(tip).not.toBe(null)
       |    ^ Duplicate Assert
  1015 |     expect(tip).toBeInstanceOf(HTMLElement)
  1016 |     expect(tip.tagName).toEqual('DIV')
  1017 |     expect(tip.classList.contains('tooltip')).toBe(true)"
/home/gabriel/Disk/Research/research-javascript-test-smells/repositories/bootstrap-vue-dev/src/components/tooltip/tooltip.spec.js,Duplicate Assert,"{'line': 1015, 'column': 4, 'index': 31300}","  1013 |     const tip = document.getElementById(adb)
  1014 |     expect(tip).not.toBe(null)
> 1015 |     expect(tip).toBeInstanceOf(HTMLElement)
       |    ^ Duplicate Assert
  1016 |     expect(tip.tagName).toEqual('DIV')
  1017 |     expect(tip.classList.contains('tooltip')).toBe(true)
  1018 |"
/home/gabriel/Disk/Research/research-javascript-test-smells/repositories/bootstrap-vue-dev/src/components/tooltip/tooltip.spec.js,Duplicate Assert,"{'line': 1029, 'column': 4, 'index': 31733}","  1027 |     await waitRAF()
  1028 |
> 1029 |     expect($button.attributes('aria-describedby')).toBeDefined()
       |    ^ Duplicate Assert
  1030 |
  1031 |     // Tooltip element should still be in the document
  1032 |     expect(document.body.contains(tip)).toBe(true)"
/home/gabriel/Disk/Research/research-javascript-test-smells/repositories/bootstrap-vue-dev/src/components/tooltip/tooltip.spec.js,Duplicate Assert,"{'line': 1029, 'column': 4, 'index': 31733}","  1027 |     await waitRAF()
  1028 |
> 1029 |     expect($button.attributes('aria-describedby')).toBeDefined()
       |    ^ Duplicate Assert
  1030 |
  1031 |     // Tooltip element should still be in the document
  1032 |     expect(document.body.contains(tip)).toBe(true)"
/home/gabriel/Disk/Research/research-javascript-test-smells/repositories/bootstrap-vue-dev/src/components/tooltip/tooltip.spec.js,Duplicate Assert,"{'line': 1064, 'column': 4, 'index': 32633}","  1062 |
  1063 |     expect(wrapper.element.tagName).toBe('ARTICLE')
> 1064 |     expect(wrapper.attributes('id')).toBeDefined()
       |    ^ Duplicate Assert
  1065 |     expect(wrapper.attributes('id')).toEqual('wrapper')
  1066 |     expect(wrapper.classes()).toContain('modal-content')
  1067 |"
/home/gabriel/Disk/Research/research-javascript-test-smells/repositories/bootstrap-vue-dev/src/components/tooltip/tooltip.spec.js,Duplicate Assert,"{'line': 1065, 'column': 4, 'index': 32684}","  1063 |     expect(wrapper.element.tagName).toBe('ARTICLE')
  1064 |     expect(wrapper.attributes('id')).toBeDefined()
> 1065 |     expect(wrapper.attributes('id')).toEqual('wrapper')
       |    ^ Duplicate Assert
  1066 |     expect(wrapper.classes()).toContain('modal-content')
  1067 |
  1068 |     // The trigger button"
/home/gabriel/Disk/Research/research-javascript-test-smells/repositories/bootstrap-vue-dev/src/components/tooltip/tooltip.spec.js,Duplicate Assert,"{'line': 1071, 'column': 4, 'index': 32907}","  1069 |     const $button = wrapper.find('button')
  1070 |     expect($button.exists()).toBe(true)
> 1071 |     expect($button.attributes('id')).toBeDefined()
       |    ^ Duplicate Assert
  1072 |     expect($button.attributes('id')).toEqual('foo')
  1073 |     expect($button.attributes('title')).toBeDefined()
  1074 |     expect($button.attributes('title')).toEqual('')"
/home/gabriel/Disk/Research/research-javascript-test-smells/repositories/bootstrap-vue-dev/src/components/tooltip/tooltip.spec.js,Duplicate Assert,"{'line': 1072, 'column': 4, 'index': 32958}","  1070 |     expect($button.exists()).toBe(true)
  1071 |     expect($button.attributes('id')).toBeDefined()
> 1072 |     expect($button.attributes('id')).toEqual('foo')
       |    ^ Duplicate Assert
  1073 |     expect($button.attributes('title')).toBeDefined()
  1074 |     expect($button.attributes('title')).toEqual('')
  1075 |     expect($button.attributes('data-original-title')).toBeDefined()"
/home/gabriel/Disk/Research/research-javascript-test-smells/repositories/bootstrap-vue-dev/src/components/tooltip/tooltip.spec.js,Duplicate Assert,"{'line': 1073, 'column': 4, 'index': 33010}","  1071 |     expect($button.attributes('id')).toBeDefined()
  1072 |     expect($button.attributes('id')).toEqual('foo')
> 1073 |     expect($button.attributes('title')).toBeDefined()
       |    ^ Duplicate Assert
  1074 |     expect($button.attributes('title')).toEqual('')
  1075 |     expect($button.attributes('data-original-title')).toBeDefined()
  1076 |     expect($button.attributes('data-original-title')).toEqual('ignored')"
/home/gabriel/Disk/Research/research-javascript-test-smells/repositories/bootstrap-vue-dev/src/components/tooltip/tooltip.spec.js,Duplicate Assert,"{'line': 1074, 'column': 4, 'index': 33064}","  1072 |     expect($button.attributes('id')).toEqual('foo')
  1073 |     expect($button.attributes('title')).toBeDefined()
> 1074 |     expect($button.attributes('title')).toEqual('')
       |    ^ Duplicate Assert
  1075 |     expect($button.attributes('data-original-title')).toBeDefined()
  1076 |     expect($button.attributes('data-original-title')).toEqual('ignored')
  1077 |     expect($button.attributes('aria-describedby')).toBeDefined()"
/home/gabriel/Disk/Research/research-javascript-test-smells/repositories/bootstrap-vue-dev/src/components/tooltip/tooltip.spec.js,Duplicate Assert,"{'line': 1075, 'column': 4, 'index': 33116}","  1073 |     expect($button.attributes('title')).toBeDefined()
  1074 |     expect($button.attributes('title')).toEqual('')
> 1075 |     expect($button.attributes('data-original-title')).toBeDefined()
       |    ^ Duplicate Assert
  1076 |     expect($button.attributes('data-original-title')).toEqual('ignored')
  1077 |     expect($button.attributes('aria-describedby')).toBeDefined()
  1078 |     // ID of the tooltip that will be in the body"
/home/gabriel/Disk/Research/research-javascript-test-smells/repositories/bootstrap-vue-dev/src/components/tooltip/tooltip.spec.js,Duplicate Assert,"{'line': 1076, 'column': 4, 'index': 33184}","  1074 |     expect($button.attributes('title')).toEqual('')
  1075 |     expect($button.attributes('data-original-title')).toBeDefined()
> 1076 |     expect($button.attributes('data-original-title')).toEqual('ignored')
       |    ^ Duplicate Assert
  1077 |     expect($button.attributes('aria-describedby')).toBeDefined()
  1078 |     // ID of the tooltip that will be in the body
  1079 |     const adb = $button.attributes('aria-describedby')"
/home/gabriel/Disk/Research/research-javascript-test-smells/repositories/bootstrap-vue-dev/src/components/tooltip/tooltip.spec.js,Duplicate Assert,"{'line': 1087, 'column': 4, 'index': 33645}","  1085 |     // Find the tooltip element in the document
  1086 |     const tip = document.getElementById(adb)
> 1087 |     expect(tip).not.toBe(null)
       |    ^ Duplicate Assert
  1088 |     expect(tip).toBeInstanceOf(HTMLElement)
  1089 |     expect(tip.tagName).toEqual('DIV')
  1090 |     expect(tip.classList.contains('tooltip')).toBe(true)"
/home/gabriel/Disk/Research/research-javascript-test-smells/repositories/bootstrap-vue-dev/src/components/tooltip/tooltip.spec.js,Duplicate Assert,"{'line': 1088, 'column': 4, 'index': 33676}","  1086 |     const tip = document.getElementById(adb)
  1087 |     expect(tip).not.toBe(null)
> 1088 |     expect(tip).toBeInstanceOf(HTMLElement)
       |    ^ Duplicate Assert
  1089 |     expect(tip.tagName).toEqual('DIV')
  1090 |     expect(tip.classList.contains('tooltip')).toBe(true)
  1091 |"
/home/gabriel/Disk/Research/research-javascript-test-smells/repositories/bootstrap-vue-dev/src/components/tooltip/tooltip.spec.js,Duplicate Assert,"{'line': 1138, 'column': 4, 'index': 35043}","  1136 |
  1137 |     expect(wrapper.element.tagName).toBe('ARTICLE')
> 1138 |     expect(wrapper.attributes('id')).toBeDefined()
       |    ^ Duplicate Assert
  1139 |     expect(wrapper.attributes('id')).toEqual('wrapper')
  1140 |
  1141 |     // The trigger button"
/home/gabriel/Disk/Research/research-javascript-test-smells/repositories/bootstrap-vue-dev/src/components/tooltip/tooltip.spec.js,Duplicate Assert,"{'line': 1139, 'column': 4, 'index': 35094}","  1137 |     expect(wrapper.element.tagName).toBe('ARTICLE')
  1138 |     expect(wrapper.attributes('id')).toBeDefined()
> 1139 |     expect(wrapper.attributes('id')).toEqual('wrapper')
       |    ^ Duplicate Assert
  1140 |
  1141 |     // The trigger button
  1142 |     const $button = wrapper.find('button')"
/home/gabriel/Disk/Research/research-javascript-test-smells/repositories/bootstrap-vue-dev/src/components/tooltip/tooltip.spec.js,Duplicate Assert,"{'line': 1144, 'column': 4, 'index': 35260}","  1142 |     const $button = wrapper.find('button')
  1143 |     expect($button.exists()).toBe(true)
> 1144 |     expect($button.attributes('id')).toBeDefined()
       |    ^ Duplicate Assert
  1145 |     expect($button.attributes('id')).toEqual('foo')
  1146 |     expect($button.attributes('aria-describedby')).toBeDefined()
  1147 |"
/home/gabriel/Disk/Research/research-javascript-test-smells/repositories/bootstrap-vue-dev/src/components/tooltip/tooltip.spec.js,Duplicate Assert,"{'line': 1145, 'column': 4, 'index': 35311}","  1143 |     expect($button.exists()).toBe(true)
  1144 |     expect($button.attributes('id')).toBeDefined()
> 1145 |     expect($button.attributes('id')).toEqual('foo')
       |    ^ Duplicate Assert
  1146 |     expect($button.attributes('aria-describedby')).toBeDefined()
  1147 |
  1148 |     // ID of the tooltip that will be in the body"
/home/gabriel/Disk/Research/research-javascript-test-smells/repositories/bootstrap-vue-dev/src/components/tooltip/tooltip.spec.js,Duplicate Assert,"{'line': 1157, 'column': 4, 'index': 35752}","  1155 |     // Find the tooltip element in the document
  1156 |     const tip = document.getElementById(adb)
> 1157 |     expect(tip).not.toBe(null)
       |    ^ Duplicate Assert
  1158 |     expect(tip).toBeInstanceOf(HTMLElement)
  1159 |     expect(tip.tagName).toEqual('DIV')
  1160 |     expect(tip.classList.contains('tooltip')).toBe(true)"
/home/gabriel/Disk/Research/research-javascript-test-smells/repositories/bootstrap-vue-dev/src/components/tooltip/tooltip.spec.js,Duplicate Assert,"{'line': 1158, 'column': 4, 'index': 35783}","  1156 |     const tip = document.getElementById(adb)
  1157 |     expect(tip).not.toBe(null)
> 1158 |     expect(tip).toBeInstanceOf(HTMLElement)
       |    ^ Duplicate Assert
  1159 |     expect(tip.tagName).toEqual('DIV')
  1160 |     expect(tip.classList.contains('tooltip')).toBe(true)
  1161 |"
/home/gabriel/Disk/Research/research-javascript-test-smells/repositories/bootstrap-vue-dev/src/components/tooltip/tooltip.spec.js,Duplicate Assert,"{'line': 1203, 'column': 4, 'index': 37228}","  1201 |
  1202 |     // Tooltip element should not be in the document
> 1203 |     expect(document.getElementById(adb)).toBe(null)
       |    ^ Duplicate Assert
  1204 |
  1205 |     // Try and show element via root event (using show all)
  1206 |     wrapper.vm.$root.$emit('bv::show::tooltip')"
/home/gabriel/Disk/Research/research-javascript-test-smells/repositories/bootstrap-vue-dev/src/components/tooltip/tooltip.spec.js,Duplicate Assert,"{'line': 1203, 'column': 4, 'index': 37228}","  1201 |
  1202 |     // Tooltip element should not be in the document
> 1203 |     expect(document.getElementById(adb)).toBe(null)
       |    ^ Duplicate Assert
  1204 |
  1205 |     // Try and show element via root event (using show all)
  1206 |     wrapper.vm.$root.$emit('bv::show::tooltip')"
/home/gabriel/Disk/Research/research-javascript-test-smells/repositories/bootstrap-vue-dev/src/components/tooltip/tooltip.spec.js,Duplicate Assert,"{'line': 1219, 'column': 4, 'index': 37703}","  1217 |
  1218 |     // Tooltip element should not be in the document
> 1219 |     expect(document.getElementById(adb)).toBe(null)
       |    ^ Duplicate Assert
  1220 |
  1221 |     wrapper.destroy()
  1222 |   })"
/home/gabriel/Disk/Research/research-javascript-test-smells/repositories/bootstrap-vue-dev/src/components/tooltip/tooltip.spec.js,Duplicate Assert,"{'line': 1219, 'column': 4, 'index': 37703}","  1217 |
  1218 |     // Tooltip element should not be in the document
> 1219 |     expect(document.getElementById(adb)).toBe(null)
       |    ^ Duplicate Assert
  1220 |
  1221 |     wrapper.destroy()
  1222 |   })"
/home/gabriel/Disk/Research/research-javascript-test-smells/repositories/bootstrap-vue-dev/src/components/tooltip/tooltip.spec.js,Duplicate Assert,"{'line': 1246, 'column': 4, 'index': 38325}","  1244 |
  1245 |     expect(wrapper.element.tagName).toBe('ARTICLE')
> 1246 |     expect(wrapper.attributes('id')).toBeDefined()
       |    ^ Duplicate Assert
  1247 |     expect(wrapper.attributes('id')).toEqual('wrapper')
  1248 |
  1249 |     // The trigger button"
/home/gabriel/Disk/Research/research-javascript-test-smells/repositories/bootstrap-vue-dev/src/components/tooltip/tooltip.spec.js,Duplicate Assert,"{'line': 1247, 'column': 4, 'index': 38376}","  1245 |     expect(wrapper.element.tagName).toBe('ARTICLE')
  1246 |     expect(wrapper.attributes('id')).toBeDefined()
> 1247 |     expect(wrapper.attributes('id')).toEqual('wrapper')
       |    ^ Duplicate Assert
  1248 |
  1249 |     // The trigger button
  1250 |     const $button = wrapper.find('button')"
/home/gabriel/Disk/Research/research-javascript-test-smells/repositories/bootstrap-vue-dev/src/components/tooltip/tooltip.spec.js,Duplicate Assert,"{'line': 1252, 'column': 4, 'index': 38542}","  1250 |     const $button = wrapper.find('button')
  1251 |     expect($button.exists()).toBe(true)
> 1252 |     expect($button.attributes('id')).toBeDefined()
       |    ^ Duplicate Assert
  1253 |     expect($button.attributes('id')).toEqual('foo')
  1254 |     expect($button.attributes('title')).toBeUndefined()
  1255 |     expect($button.attributes('data-original-title')).toBeUndefined()"
/home/gabriel/Disk/Research/research-javascript-test-smells/repositories/bootstrap-vue-dev/src/components/tooltip/tooltip.spec.js,Duplicate Assert,"{'line': 1253, 'column': 4, 'index': 38593}","  1251 |     expect($button.exists()).toBe(true)
  1252 |     expect($button.attributes('id')).toBeDefined()
> 1253 |     expect($button.attributes('id')).toEqual('foo')
       |    ^ Duplicate Assert
  1254 |     expect($button.attributes('title')).toBeUndefined()
  1255 |     expect($button.attributes('data-original-title')).toBeUndefined()
  1256 |     expect($button.attributes('aria-describedby')).toBeDefined()"
/home/gabriel/Disk/Research/research-javascript-test-smells/repositories/bootstrap-vue-dev/src/components/tooltip/tooltip.spec.js,Duplicate Assert,"{'line': 1267, 'column': 4, 'index': 39228}","  1265 |     // Find the tooltip element in the document
  1266 |     const tip = document.getElementById(adb)
> 1267 |     expect(tip).not.toBe(null)
       |    ^ Duplicate Assert
  1268 |     expect(tip).toBeInstanceOf(HTMLElement)
  1269 |     const $tip = createWrapper(tip)
  1270 |     expect($tip.element.tagName).toBe('DIV')"
/home/gabriel/Disk/Research/research-javascript-test-smells/repositories/bootstrap-vue-dev/src/components/tooltip/tooltip.spec.js,Duplicate Assert,"{'line': 1268, 'column': 4, 'index': 39259}","  1266 |     const tip = document.getElementById(adb)
  1267 |     expect(tip).not.toBe(null)
> 1268 |     expect(tip).toBeInstanceOf(HTMLElement)
       |    ^ Duplicate Assert
  1269 |     const $tip = createWrapper(tip)
  1270 |     expect($tip.element.tagName).toBe('DIV')
  1271 |     expect($tip.classes()).toContain('tooltip')"
/home/gabriel/Disk/Research/research-javascript-test-smells/repositories/bootstrap-vue-dev/src/components/tooltip/tooltip.spec.js,Duplicate Assert,"{'line': 1271, 'column': 4, 'index': 39384}","  1269 |     const $tip = createWrapper(tip)
  1270 |     expect($tip.element.tagName).toBe('DIV')
> 1271 |     expect($tip.classes()).toContain('tooltip')
       |    ^ Duplicate Assert
  1272 |     expect($tip.classes()).toContain('b-tooltip')
  1273 |     // Should contain our title prop value
  1274 |     expect($tip.text()).toContain('hello')"
/home/gabriel/Disk/Research/research-javascript-test-smells/repositories/bootstrap-vue-dev/src/components/tooltip/tooltip.spec.js,Duplicate Assert,"{'line': 1272, 'column': 4, 'index': 39432}","  1270 |     expect($tip.element.tagName).toBe('DIV')
  1271 |     expect($tip.classes()).toContain('tooltip')
> 1272 |     expect($tip.classes()).toContain('b-tooltip')
       |    ^ Duplicate Assert
  1273 |     // Should contain our title prop value
  1274 |     expect($tip.text()).toContain('hello')
  1275 |"
/home/gabriel/Disk/Research/research-javascript-test-smells/repositories/bootstrap-vue-dev/src/components/tooltip/tooltip.spec.js,Duplicate Assert,"{'line': 1310, 'column': 4, 'index': 40410}","  1308 |
  1309 |     expect(wrapper.element.tagName).toBe('ARTICLE')
> 1310 |     expect(wrapper.attributes('id')).toBeDefined()
       |    ^ Duplicate Assert
  1311 |     expect(wrapper.attributes('id')).toEqual('wrapper')
  1312 |
  1313 |     // The trigger button"
/home/gabriel/Disk/Research/research-javascript-test-smells/repositories/bootstrap-vue-dev/src/components/tooltip/tooltip.spec.js,Duplicate Assert,"{'line': 1311, 'column': 4, 'index': 40461}","  1309 |     expect(wrapper.element.tagName).toBe('ARTICLE')
  1310 |     expect(wrapper.attributes('id')).toBeDefined()
> 1311 |     expect(wrapper.attributes('id')).toEqual('wrapper')
       |    ^ Duplicate Assert
  1312 |
  1313 |     // The trigger button
  1314 |     const $button = wrapper.find('button')"
/home/gabriel/Disk/Research/research-javascript-test-smells/repositories/bootstrap-vue-dev/src/components/tooltip/tooltip.spec.js,Duplicate Assert,"{'line': 1319, 'column': 4, 'index': 40733}","  1317 |     // ID of the tooltip that will be in the body
  1318 |     const adb = $button.attributes('aria-describedby')
> 1319 |     expect(adb).toBeDefined()
       |    ^ Duplicate Assert
  1320 |     expect(adb).not.toBe('')
  1321 |     expect(adb).not.toBe(null)
  1322 |"
/home/gabriel/Disk/Research/research-javascript-test-smells/repositories/bootstrap-vue-dev/src/components/tooltip/tooltip.spec.js,Duplicate Assert,"{'line': 1320, 'column': 4, 'index': 40763}","  1318 |     const adb = $button.attributes('aria-describedby')
  1319 |     expect(adb).toBeDefined()
> 1320 |     expect(adb).not.toBe('')
       |    ^ Duplicate Assert
  1321 |     expect(adb).not.toBe(null)
  1322 |
  1323 |     // Find the tooltip element in the document"
/home/gabriel/Disk/Research/research-javascript-test-smells/repositories/bootstrap-vue-dev/src/components/tooltip/tooltip.spec.js,Duplicate Assert,"{'line': 1321, 'column': 4, 'index': 40792}","  1319 |     expect(adb).toBeDefined()
  1320 |     expect(adb).not.toBe('')
> 1321 |     expect(adb).not.toBe(null)
       |    ^ Duplicate Assert
  1322 |
  1323 |     // Find the tooltip element in the document
  1324 |     const tip = document.getElementById(adb)"
/home/gabriel/Disk/Research/research-javascript-test-smells/repositories/bootstrap-vue-dev/src/components/tooltip/tooltip.spec.js,Duplicate Assert,"{'line': 1325, 'column': 4, 'index': 40917}","  1323 |     // Find the tooltip element in the document
  1324 |     const tip = document.getElementById(adb)
> 1325 |     expect(tip).not.toBe(null)
       |    ^ Duplicate Assert
  1326 |     expect(tip).toBeInstanceOf(HTMLElement)
  1327 |     expect(tip.tagName).toEqual('DIV')
  1328 |     expect(tip.classList.contains('tooltip')).toBe(true)"
/home/gabriel/Disk/Research/research-javascript-test-smells/repositories/bootstrap-vue-dev/src/components/tooltip/tooltip.spec.js,Duplicate Assert,"{'line': 1326, 'column': 4, 'index': 40948}","  1324 |     const tip = document.getElementById(adb)
  1325 |     expect(tip).not.toBe(null)
> 1326 |     expect(tip).toBeInstanceOf(HTMLElement)
       |    ^ Duplicate Assert
  1327 |     expect(tip.tagName).toEqual('DIV')
  1328 |     expect(tip.classList.contains('tooltip')).toBe(true)
  1329 |     expect(tip.classList.contains('b-tooltip')).toBe(true)"
/home/gabriel/Disk/Research/research-javascript-test-smells/repositories/bootstrap-vue-dev/src/components/tooltip/tooltip.spec.js,Duplicate Assert,"{'line': 1328, 'column': 4, 'index': 41031}","  1326 |     expect(tip).toBeInstanceOf(HTMLElement)
  1327 |     expect(tip.tagName).toEqual('DIV')
> 1328 |     expect(tip.classList.contains('tooltip')).toBe(true)
       |    ^ Duplicate Assert
  1329 |     expect(tip.classList.contains('b-tooltip')).toBe(true)
  1330 |     expect(tip.classList.contains('noninteractive')).toBe(false)
  1331 |"
/home/gabriel/Disk/Research/research-javascript-test-smells/repositories/bootstrap-vue-dev/src/components/tooltip/tooltip.spec.js,Duplicate Assert,"{'line': 1328, 'column': 4, 'index': 41031}","  1326 |     expect(tip).toBeInstanceOf(HTMLElement)
  1327 |     expect(tip.tagName).toEqual('DIV')
> 1328 |     expect(tip.classList.contains('tooltip')).toBe(true)
       |    ^ Duplicate Assert
  1329 |     expect(tip.classList.contains('b-tooltip')).toBe(true)
  1330 |     expect(tip.classList.contains('noninteractive')).toBe(false)
  1331 |"
/home/gabriel/Disk/Research/research-javascript-test-smells/repositories/bootstrap-vue-dev/src/components/tooltip/tooltip.spec.js,Duplicate Assert,"{'line': 1329, 'column': 4, 'index': 41088}","  1327 |     expect(tip.tagName).toEqual('DIV')
  1328 |     expect(tip.classList.contains('tooltip')).toBe(true)
> 1329 |     expect(tip.classList.contains('b-tooltip')).toBe(true)
       |    ^ Duplicate Assert
  1330 |     expect(tip.classList.contains('noninteractive')).toBe(false)
  1331 |
  1332 |     // Enable 'noninteractive'. Should be reactive"
/home/gabriel/Disk/Research/research-javascript-test-smells/repositories/bootstrap-vue-dev/src/components/tooltip/tooltip.spec.js,Duplicate Assert,"{'line': 1329, 'column': 4, 'index': 41088}","  1327 |     expect(tip.tagName).toEqual('DIV')
  1328 |     expect(tip.classList.contains('tooltip')).toBe(true)
> 1329 |     expect(tip.classList.contains('b-tooltip')).toBe(true)
       |    ^ Duplicate Assert
  1330 |     expect(tip.classList.contains('noninteractive')).toBe(false)
  1331 |
  1332 |     // Enable 'noninteractive'. Should be reactive"
/home/gabriel/Disk/Research/research-javascript-test-smells/repositories/bootstrap-vue-dev/src/components/tooltip/tooltip.spec.js,Duplicate Assert,"{'line': 1330, 'column': 4, 'index': 41147}","  1328 |     expect(tip.classList.contains('tooltip')).toBe(true)
  1329 |     expect(tip.classList.contains('b-tooltip')).toBe(true)
> 1330 |     expect(tip.classList.contains('noninteractive')).toBe(false)
       |    ^ Duplicate Assert
  1331 |
  1332 |     // Enable 'noninteractive'. Should be reactive
  1333 |     await wrapper.setProps({ noninteractive: true })"
/home/gabriel/Disk/Research/research-javascript-test-smells/repositories/bootstrap-vue-dev/src/components/tooltip/tooltip.spec.js,Duplicate Assert,"{'line': 1335, 'column': 4, 'index': 41337}","  1333 |     await wrapper.setProps({ noninteractive: true })
  1334 |     await waitRAF()
> 1335 |     expect(tip.classList.contains('tooltip')).toBe(true)
       |    ^ Duplicate Assert
  1336 |     expect(tip.classList.contains('b-tooltip')).toBe(true)
  1337 |     expect(tip.classList.contains('noninteractive')).toBe(true)
  1338 |"
/home/gabriel/Disk/Research/research-javascript-test-smells/repositories/bootstrap-vue-dev/src/components/tooltip/tooltip.spec.js,Duplicate Assert,"{'line': 1335, 'column': 4, 'index': 41337}","  1333 |     await wrapper.setProps({ noninteractive: true })
  1334 |     await waitRAF()
> 1335 |     expect(tip.classList.contains('tooltip')).toBe(true)
       |    ^ Duplicate Assert
  1336 |     expect(tip.classList.contains('b-tooltip')).toBe(true)
  1337 |     expect(tip.classList.contains('noninteractive')).toBe(true)
  1338 |"
/home/gabriel/Disk/Research/research-javascript-test-smells/repositories/bootstrap-vue-dev/src/components/tooltip/tooltip.spec.js,Duplicate Assert,"{'line': 1336, 'column': 4, 'index': 41394}","  1334 |     await waitRAF()
  1335 |     expect(tip.classList.contains('tooltip')).toBe(true)
> 1336 |     expect(tip.classList.contains('b-tooltip')).toBe(true)
       |    ^ Duplicate Assert
  1337 |     expect(tip.classList.contains('noninteractive')).toBe(true)
  1338 |
  1339 |     wrapper.destroy()"
/home/gabriel/Disk/Research/research-javascript-test-smells/repositories/bootstrap-vue-dev/src/components/tooltip/tooltip.spec.js,Duplicate Assert,"{'line': 1336, 'column': 4, 'index': 41394}","  1334 |     await waitRAF()
  1335 |     expect(tip.classList.contains('tooltip')).toBe(true)
> 1336 |     expect(tip.classList.contains('b-tooltip')).toBe(true)
       |    ^ Duplicate Assert
  1337 |     expect(tip.classList.contains('noninteractive')).toBe(true)
  1338 |
  1339 |     wrapper.destroy()"
/home/gabriel/Disk/Research/research-javascript-test-smells/repositories/bootstrap-vue-dev/src/components/tooltip/tooltip.spec.js,Duplicate Assert,"{'line': 1337, 'column': 4, 'index': 41453}","  1335 |     expect(tip.classList.contains('tooltip')).toBe(true)
  1336 |     expect(tip.classList.contains('b-tooltip')).toBe(true)
> 1337 |     expect(tip.classList.contains('noninteractive')).toBe(true)
       |    ^ Duplicate Assert
  1338 |
  1339 |     wrapper.destroy()
  1340 |   })"
/home/gabriel/Disk/Research/research-javascript-test-smells/repositories/bootstrap-vue-dev/src/components/tooltip/tooltip.spec.js,Duplicate Assert,"{'line': 1365, 'column': 4, 'index': 42078}","  1363 |
  1364 |     expect(wrapper.element.tagName).toBe('ARTICLE')
> 1365 |     expect(wrapper.attributes('id')).toBeDefined()
       |    ^ Duplicate Assert
  1366 |     expect(wrapper.attributes('id')).toEqual('wrapper')
  1367 |
  1368 |     // The trigger button"
/home/gabriel/Disk/Research/research-javascript-test-smells/repositories/bootstrap-vue-dev/src/components/tooltip/tooltip.spec.js,Duplicate Assert,"{'line': 1366, 'column': 4, 'index': 42129}","  1364 |     expect(wrapper.element.tagName).toBe('ARTICLE')
  1365 |     expect(wrapper.attributes('id')).toBeDefined()
> 1366 |     expect(wrapper.attributes('id')).toEqual('wrapper')
       |    ^ Duplicate Assert
  1367 |
  1368 |     // The trigger button
  1369 |     const $button = wrapper.find('button')"
/home/gabriel/Disk/Research/research-javascript-test-smells/repositories/bootstrap-vue-dev/src/components/tooltip/tooltip.spec.js,Duplicate Assert,"{'line': 1378, 'column': 4, 'index': 42526}","  1376 |     // Find the tooltip element in the document
  1377 |     const tip = document.getElementById(adb)
> 1378 |     expect(tip).not.toBe(null)
       |    ^ Duplicate Assert
  1379 |     expect(tip).toBeInstanceOf(HTMLElement)
  1380 |     expect(tip.tagName).toEqual('DIV')
  1381 |     expect(tip.classList.contains('tooltip')).toBe(true)"
/home/gabriel/Disk/Research/research-javascript-test-smells/repositories/bootstrap-vue-dev/src/components/tooltip/tooltip.spec.js,Duplicate Assert,"{'line': 1379, 'column': 4, 'index': 42557}","  1377 |     const tip = document.getElementById(adb)
  1378 |     expect(tip).not.toBe(null)
> 1379 |     expect(tip).toBeInstanceOf(HTMLElement)
       |    ^ Duplicate Assert
  1380 |     expect(tip.tagName).toEqual('DIV')
  1381 |     expect(tip.classList.contains('tooltip')).toBe(true)
  1382 |     expect(tip.classList.contains('b-tooltip-danger')).toBe(true)"
/home/gabriel/Disk/Research/research-javascript-test-smells/repositories/bootstrap-vue-dev/src/components/tooltip/tooltip.spec.js,Duplicate Assert,"{'line': 1381, 'column': 4, 'index': 42640}","  1379 |     expect(tip).toBeInstanceOf(HTMLElement)
  1380 |     expect(tip.tagName).toEqual('DIV')
> 1381 |     expect(tip.classList.contains('tooltip')).toBe(true)
       |    ^ Duplicate Assert
  1382 |     expect(tip.classList.contains('b-tooltip-danger')).toBe(true)
  1383 |
  1384 |     // Change variant type. Should be reactive"
/home/gabriel/Disk/Research/research-javascript-test-smells/repositories/bootstrap-vue-dev/src/components/tooltip/tooltip.spec.js,Duplicate Assert,"{'line': 1381, 'column': 4, 'index': 42640}","  1379 |     expect(tip).toBeInstanceOf(HTMLElement)
  1380 |     expect(tip.tagName).toEqual('DIV')
> 1381 |     expect(tip.classList.contains('tooltip')).toBe(true)
       |    ^ Duplicate Assert
  1382 |     expect(tip.classList.contains('b-tooltip-danger')).toBe(true)
  1383 |
  1384 |     // Change variant type. Should be reactive"
/home/gabriel/Disk/Research/research-javascript-test-smells/repositories/bootstrap-vue-dev/src/components/tooltip/tooltip.spec.js,Duplicate Assert,"{'line': 1382, 'column': 4, 'index': 42697}","  1380 |     expect(tip.tagName).toEqual('DIV')
  1381 |     expect(tip.classList.contains('tooltip')).toBe(true)
> 1382 |     expect(tip.classList.contains('b-tooltip-danger')).toBe(true)
       |    ^ Duplicate Assert
  1383 |
  1384 |     // Change variant type. Should be reactive
  1385 |     await wrapper.setProps({ variant: 'success' })"
/home/gabriel/Disk/Research/research-javascript-test-smells/repositories/bootstrap-vue-dev/src/components/tooltip/tooltip.spec.js,Duplicate Assert,"{'line': 1387, 'column': 4, 'index': 42882}","  1385 |     await wrapper.setProps({ variant: 'success' })
  1386 |     await waitRAF()
> 1387 |     expect(tip.classList.contains('tooltip')).toBe(true)
       |    ^ Duplicate Assert
  1388 |     expect(tip.classList.contains('b-tooltip-success')).toBe(true)
  1389 |     expect(tip.classList.contains('b-tooltip-danger')).toBe(false)
  1390 |"
/home/gabriel/Disk/Research/research-javascript-test-smells/repositories/bootstrap-vue-dev/src/components/tooltip/tooltip.spec.js,Duplicate Assert,"{'line': 1387, 'column': 4, 'index': 42882}","  1385 |     await wrapper.setProps({ variant: 'success' })
  1386 |     await waitRAF()
> 1387 |     expect(tip.classList.contains('tooltip')).toBe(true)
       |    ^ Duplicate Assert
  1388 |     expect(tip.classList.contains('b-tooltip-success')).toBe(true)
  1389 |     expect(tip.classList.contains('b-tooltip-danger')).toBe(false)
  1390 |"
/home/gabriel/Disk/Research/research-javascript-test-smells/repositories/bootstrap-vue-dev/src/components/tooltip/tooltip.spec.js,Duplicate Assert,"{'line': 1389, 'column': 4, 'index': 43006}","  1387 |     expect(tip.classList.contains('tooltip')).toBe(true)
  1388 |     expect(tip.classList.contains('b-tooltip-success')).toBe(true)
> 1389 |     expect(tip.classList.contains('b-tooltip-danger')).toBe(false)
       |    ^ Duplicate Assert
  1390 |
  1391 |     wrapper.destroy()
  1392 |   })"
/home/gabriel/Disk/Research/research-javascript-test-smells/repositories/bootstrap-vue-dev/src/components/tooltip/tooltip.spec.js,Duplicate Assert,"{'line': 1417, 'column': 4, 'index': 43643}","  1415 |
  1416 |     expect(wrapper.element.tagName).toBe('ARTICLE')
> 1417 |     expect(wrapper.attributes('id')).toBeDefined()
       |    ^ Duplicate Assert
  1418 |     expect(wrapper.attributes('id')).toEqual('wrapper')
  1419 |
  1420 |     // The trigger button"
/home/gabriel/Disk/Research/research-javascript-test-smells/repositories/bootstrap-vue-dev/src/components/tooltip/tooltip.spec.js,Duplicate Assert,"{'line': 1418, 'column': 4, 'index': 43694}","  1416 |     expect(wrapper.element.tagName).toBe('ARTICLE')
  1417 |     expect(wrapper.attributes('id')).toBeDefined()
> 1418 |     expect(wrapper.attributes('id')).toEqual('wrapper')
       |    ^ Duplicate Assert
  1419 |
  1420 |     // The trigger button
  1421 |     const $button = wrapper.find('button')"
/home/gabriel/Disk/Research/research-javascript-test-smells/repositories/bootstrap-vue-dev/src/components/tooltip/tooltip.spec.js,Duplicate Assert,"{'line': 1426, 'column': 4, 'index': 43966}","  1424 |     // ID of the tooltip that will be in the body
  1425 |     const adb = $button.attributes('aria-describedby')
> 1426 |     expect(adb).toBeDefined()
       |    ^ Duplicate Assert
  1427 |     expect(adb).not.toBe('')
  1428 |     expect(adb).not.toBe(null)
  1429 |"
/home/gabriel/Disk/Research/research-javascript-test-smells/repositories/bootstrap-vue-dev/src/components/tooltip/tooltip.spec.js,Duplicate Assert,"{'line': 1427, 'column': 4, 'index': 43996}","  1425 |     const adb = $button.attributes('aria-describedby')
  1426 |     expect(adb).toBeDefined()
> 1427 |     expect(adb).not.toBe('')
       |    ^ Duplicate Assert
  1428 |     expect(adb).not.toBe(null)
  1429 |
  1430 |     // Find the tooltip element in the document"
/home/gabriel/Disk/Research/research-javascript-test-smells/repositories/bootstrap-vue-dev/src/components/tooltip/tooltip.spec.js,Duplicate Assert,"{'line': 1428, 'column': 4, 'index': 44025}","  1426 |     expect(adb).toBeDefined()
  1427 |     expect(adb).not.toBe('')
> 1428 |     expect(adb).not.toBe(null)
       |    ^ Duplicate Assert
  1429 |
  1430 |     // Find the tooltip element in the document
  1431 |     const tip = document.getElementById(adb)"
/home/gabriel/Disk/Research/research-javascript-test-smells/repositories/bootstrap-vue-dev/src/components/tooltip/tooltip.spec.js,Duplicate Assert,"{'line': 1432, 'column': 4, 'index': 44150}","  1430 |     // Find the tooltip element in the document
  1431 |     const tip = document.getElementById(adb)
> 1432 |     expect(tip).not.toBe(null)
       |    ^ Duplicate Assert
  1433 |     expect(tip).toBeInstanceOf(HTMLElement)
  1434 |     expect(tip.tagName).toEqual('DIV')
  1435 |     expect(tip.classList.contains('tooltip')).toBe(true)"
/home/gabriel/Disk/Research/research-javascript-test-smells/repositories/bootstrap-vue-dev/src/components/tooltip/tooltip.spec.js,Duplicate Assert,"{'line': 1433, 'column': 4, 'index': 44181}","  1431 |     const tip = document.getElementById(adb)
  1432 |     expect(tip).not.toBe(null)
> 1433 |     expect(tip).toBeInstanceOf(HTMLElement)
       |    ^ Duplicate Assert
  1434 |     expect(tip.tagName).toEqual('DIV')
  1435 |     expect(tip.classList.contains('tooltip')).toBe(true)
  1436 |     expect(tip.classList.contains('b-tooltip')).toBe(true)"
/home/gabriel/Disk/Research/research-javascript-test-smells/repositories/bootstrap-vue-dev/src/components/tooltip/tooltip.spec.js,Duplicate Assert,"{'line': 1435, 'column': 4, 'index': 44264}","  1433 |     expect(tip).toBeInstanceOf(HTMLElement)
  1434 |     expect(tip.tagName).toEqual('DIV')
> 1435 |     expect(tip.classList.contains('tooltip')).toBe(true)
       |    ^ Duplicate Assert
  1436 |     expect(tip.classList.contains('b-tooltip')).toBe(true)
  1437 |     expect(tip.classList.contains('foobar-class')).toBe(true)
  1438 |"
/home/gabriel/Disk/Research/research-javascript-test-smells/repositories/bootstrap-vue-dev/src/components/tooltip/tooltip.spec.js,Duplicate Assert,"{'line': 1435, 'column': 4, 'index': 44264}","  1433 |     expect(tip).toBeInstanceOf(HTMLElement)
  1434 |     expect(tip.tagName).toEqual('DIV')
> 1435 |     expect(tip.classList.contains('tooltip')).toBe(true)
       |    ^ Duplicate Assert
  1436 |     expect(tip.classList.contains('b-tooltip')).toBe(true)
  1437 |     expect(tip.classList.contains('foobar-class')).toBe(true)
  1438 |"
/home/gabriel/Disk/Research/research-javascript-test-smells/repositories/bootstrap-vue-dev/src/components/tooltip/tooltip.spec.js,Duplicate Assert,"{'line': 1437, 'column': 4, 'index': 44380}","  1435 |     expect(tip.classList.contains('tooltip')).toBe(true)
  1436 |     expect(tip.classList.contains('b-tooltip')).toBe(true)
> 1437 |     expect(tip.classList.contains('foobar-class')).toBe(true)
       |    ^ Duplicate Assert
  1438 |
  1439 |     // Change custom class. Should be reactive
  1440 |     await wrapper.setProps({ customClass: 'barbaz-class' })"
/home/gabriel/Disk/Research/research-javascript-test-smells/repositories/bootstrap-vue-dev/src/components/tooltip/tooltip.spec.js,Duplicate Assert,"{'line': 1442, 'column': 4, 'index': 44570}","  1440 |     await wrapper.setProps({ customClass: 'barbaz-class' })
  1441 |     await waitRAF()
> 1442 |     expect(tip.classList.contains('tooltip')).toBe(true)
       |    ^ Duplicate Assert
  1443 |     expect(tip.classList.contains('barbaz-class')).toBe(true)
  1444 |     expect(tip.classList.contains('foobar-class')).toBe(false)
  1445 |"
/home/gabriel/Disk/Research/research-javascript-test-smells/repositories/bootstrap-vue-dev/src/components/tooltip/tooltip.spec.js,Duplicate Assert,"{'line': 1442, 'column': 4, 'index': 44570}","  1440 |     await wrapper.setProps({ customClass: 'barbaz-class' })
  1441 |     await waitRAF()
> 1442 |     expect(tip.classList.contains('tooltip')).toBe(true)
       |    ^ Duplicate Assert
  1443 |     expect(tip.classList.contains('barbaz-class')).toBe(true)
  1444 |     expect(tip.classList.contains('foobar-class')).toBe(false)
  1445 |"
/home/gabriel/Disk/Research/research-javascript-test-smells/repositories/bootstrap-vue-dev/src/components/tooltip/tooltip.spec.js,Duplicate Assert,"{'line': 1444, 'column': 4, 'index': 44689}","  1442 |     expect(tip.classList.contains('tooltip')).toBe(true)
  1443 |     expect(tip.classList.contains('barbaz-class')).toBe(true)
> 1444 |     expect(tip.classList.contains('foobar-class')).toBe(false)
       |    ^ Duplicate Assert
  1445 |
  1446 |     wrapper.destroy()
  1447 |   })"
/home/gabriel/Disk/Research/research-javascript-test-smells/repositories/bootstrap-vue-dev/src/components/tooltip/tooltip.spec.js,Duplicate Assert,"{'line': 1471, 'column': 4, 'index': 45332}","  1469 |
  1470 |     expect(wrapper.element.tagName).toBe('ARTICLE')
> 1471 |     expect(wrapper.attributes('id')).toBeDefined()
       |    ^ Duplicate Assert
  1472 |     expect(wrapper.attributes('id')).toEqual('wrapper')
  1473 |
  1474 |     // The trigger button"
/home/gabriel/Disk/Research/research-javascript-test-smells/repositories/bootstrap-vue-dev/src/components/tooltip/tooltip.spec.js,Duplicate Assert,"{'line': 1472, 'column': 4, 'index': 45383}","  1470 |     expect(wrapper.element.tagName).toBe('ARTICLE')
  1471 |     expect(wrapper.attributes('id')).toBeDefined()
> 1472 |     expect(wrapper.attributes('id')).toEqual('wrapper')
       |    ^ Duplicate Assert
  1473 |
  1474 |     // The trigger button
  1475 |     const $button = wrapper.find('button')"
/home/gabriel/Disk/Research/research-javascript-test-smells/repositories/bootstrap-vue-dev/src/components/tooltip/tooltip.spec.js,Duplicate Assert,"{'line': 1477, 'column': 4, 'index': 45549}","  1475 |     const $button = wrapper.find('button')
  1476 |     expect($button.exists()).toBe(true)
> 1477 |     expect($button.attributes('id')).toBeDefined()
       |    ^ Duplicate Assert
  1478 |     expect($button.attributes('id')).toEqual('foo')
  1479 |     expect($button.attributes('title')).toBeDefined()
  1480 |     expect($button.attributes('title')).toEqual('bar')"
/home/gabriel/Disk/Research/research-javascript-test-smells/repositories/bootstrap-vue-dev/src/components/tooltip/tooltip.spec.js,Duplicate Assert,"{'line': 1478, 'column': 4, 'index': 45600}","  1476 |     expect($button.exists()).toBe(true)
  1477 |     expect($button.attributes('id')).toBeDefined()
> 1478 |     expect($button.attributes('id')).toEqual('foo')
       |    ^ Duplicate Assert
  1479 |     expect($button.attributes('title')).toBeDefined()
  1480 |     expect($button.attributes('title')).toEqual('bar')
  1481 |     expect($button.attributes('data-original-title')).toBeUndefined()"
/home/gabriel/Disk/Research/research-javascript-test-smells/repositories/bootstrap-vue-dev/src/components/tooltip/tooltip.spec.js,Duplicate Assert,"{'line': 1479, 'column': 4, 'index': 45652}","  1477 |     expect($button.attributes('id')).toBeDefined()
  1478 |     expect($button.attributes('id')).toEqual('foo')
> 1479 |     expect($button.attributes('title')).toBeDefined()
       |    ^ Duplicate Assert
  1480 |     expect($button.attributes('title')).toEqual('bar')
  1481 |     expect($button.attributes('data-original-title')).toBeUndefined()
  1482 |     expect($button.attributes('aria-describedby')).toBeUndefined()"
/home/gabriel/Disk/Research/research-javascript-test-smells/repositories/bootstrap-vue-dev/src/components/tooltip/tooltip.spec.js,Duplicate Assert,"{'line': 1479, 'column': 4, 'index': 45652}","  1477 |     expect($button.attributes('id')).toBeDefined()
  1478 |     expect($button.attributes('id')).toEqual('foo')
> 1479 |     expect($button.attributes('title')).toBeDefined()
       |    ^ Duplicate Assert
  1480 |     expect($button.attributes('title')).toEqual('bar')
  1481 |     expect($button.attributes('data-original-title')).toBeUndefined()
  1482 |     expect($button.attributes('aria-describedby')).toBeUndefined()"
/home/gabriel/Disk/Research/research-javascript-test-smells/repositories/bootstrap-vue-dev/src/components/tooltip/tooltip.spec.js,Duplicate Assert,"{'line': 1480, 'column': 4, 'index': 45706}","  1478 |     expect($button.attributes('id')).toEqual('foo')
  1479 |     expect($button.attributes('title')).toBeDefined()
> 1480 |     expect($button.attributes('title')).toEqual('bar')
       |    ^ Duplicate Assert
  1481 |     expect($button.attributes('data-original-title')).toBeUndefined()
  1482 |     expect($button.attributes('aria-describedby')).toBeUndefined()
  1483 |"
/home/gabriel/Disk/Research/research-javascript-test-smells/repositories/bootstrap-vue-dev/src/components/tooltip/tooltip.spec.js,Duplicate Assert,"{'line': 1480, 'column': 4, 'index': 45706}","  1478 |     expect($button.attributes('id')).toEqual('foo')
  1479 |     expect($button.attributes('title')).toBeDefined()
> 1480 |     expect($button.attributes('title')).toEqual('bar')
       |    ^ Duplicate Assert
  1481 |     expect($button.attributes('data-original-title')).toBeUndefined()
  1482 |     expect($button.attributes('aria-describedby')).toBeUndefined()
  1483 |"
/home/gabriel/Disk/Research/research-javascript-test-smells/repositories/bootstrap-vue-dev/src/components/tooltip/tooltip.spec.js,Duplicate Assert,"{'line': 1481, 'column': 4, 'index': 45761}","  1479 |     expect($button.attributes('title')).toBeDefined()
  1480 |     expect($button.attributes('title')).toEqual('bar')
> 1481 |     expect($button.attributes('data-original-title')).toBeUndefined()
       |    ^ Duplicate Assert
  1482 |     expect($button.attributes('aria-describedby')).toBeUndefined()
  1483 |
  1484 |     // Show tooltip"
/home/gabriel/Disk/Research/research-javascript-test-smells/repositories/bootstrap-vue-dev/src/components/tooltip/tooltip.spec.js,Duplicate Assert,"{'line': 1481, 'column': 4, 'index': 45761}","  1479 |     expect($button.attributes('title')).toBeDefined()
  1480 |     expect($button.attributes('title')).toEqual('bar')
> 1481 |     expect($button.attributes('data-original-title')).toBeUndefined()
       |    ^ Duplicate Assert
  1482 |     expect($button.attributes('aria-describedby')).toBeUndefined()
  1483 |
  1484 |     // Show tooltip"
/home/gabriel/Disk/Research/research-javascript-test-smells/repositories/bootstrap-vue-dev/src/components/tooltip/tooltip.spec.js,Duplicate Assert,"{'line': 1482, 'column': 4, 'index': 45831}","  1480 |     expect($button.attributes('title')).toEqual('bar')
  1481 |     expect($button.attributes('data-original-title')).toBeUndefined()
> 1482 |     expect($button.attributes('aria-describedby')).toBeUndefined()
       |    ^ Duplicate Assert
  1483 |
  1484 |     // Show tooltip
  1485 |     await wrapper.setProps({ show: true })"
/home/gabriel/Disk/Research/research-javascript-test-smells/repositories/bootstrap-vue-dev/src/components/tooltip/tooltip.spec.js,Duplicate Assert,"{'line': 1482, 'column': 4, 'index': 45831}","  1480 |     expect($button.attributes('title')).toEqual('bar')
  1481 |     expect($button.attributes('data-original-title')).toBeUndefined()
> 1482 |     expect($button.attributes('aria-describedby')).toBeUndefined()
       |    ^ Duplicate Assert
  1483 |
  1484 |     // Show tooltip
  1485 |     await wrapper.setProps({ show: true })"
/home/gabriel/Disk/Research/research-javascript-test-smells/repositories/bootstrap-vue-dev/src/components/tooltip/tooltip.spec.js,Duplicate Assert,"{'line': 1487, 'column': 4, 'index': 45963}","  1485 |     await wrapper.setProps({ show: true })
  1486 |
> 1487 |     expect($button.attributes('title')).toBeDefined()
       |    ^ Duplicate Assert
  1488 |     expect($button.attributes('title')).toEqual('')
  1489 |     expect($button.attributes('data-original-title')).toBeDefined()
  1490 |     expect($button.attributes('data-original-title')).toEqual('bar')"
/home/gabriel/Disk/Research/research-javascript-test-smells/repositories/bootstrap-vue-dev/src/components/tooltip/tooltip.spec.js,Duplicate Assert,"{'line': 1487, 'column': 4, 'index': 45963}","  1485 |     await wrapper.setProps({ show: true })
  1486 |
> 1487 |     expect($button.attributes('title')).toBeDefined()
       |    ^ Duplicate Assert
  1488 |     expect($button.attributes('title')).toEqual('')
  1489 |     expect($button.attributes('data-original-title')).toBeDefined()
  1490 |     expect($button.attributes('data-original-title')).toEqual('bar')"
/home/gabriel/Disk/Research/research-javascript-test-smells/repositories/bootstrap-vue-dev/src/components/tooltip/tooltip.spec.js,Duplicate Assert,"{'line': 1488, 'column': 4, 'index': 46017}","  1486 |
  1487 |     expect($button.attributes('title')).toBeDefined()
> 1488 |     expect($button.attributes('title')).toEqual('')
       |    ^ Duplicate Assert
  1489 |     expect($button.attributes('data-original-title')).toBeDefined()
  1490 |     expect($button.attributes('data-original-title')).toEqual('bar')
  1491 |     expect($button.attributes('aria-describedby')).toBeDefined()"
/home/gabriel/Disk/Research/research-javascript-test-smells/repositories/bootstrap-vue-dev/src/components/tooltip/tooltip.spec.js,Duplicate Assert,"{'line': 1489, 'column': 4, 'index': 46069}","  1487 |     expect($button.attributes('title')).toBeDefined()
  1488 |     expect($button.attributes('title')).toEqual('')
> 1489 |     expect($button.attributes('data-original-title')).toBeDefined()
       |    ^ Duplicate Assert
  1490 |     expect($button.attributes('data-original-title')).toEqual('bar')
  1491 |     expect($button.attributes('aria-describedby')).toBeDefined()
  1492 |     // ID of the tooltip that will be in the body"
/home/gabriel/Disk/Research/research-javascript-test-smells/repositories/bootstrap-vue-dev/src/components/tooltip/tooltip.spec.js,Duplicate Assert,"{'line': 1490, 'column': 4, 'index': 46137}","  1488 |     expect($button.attributes('title')).toEqual('')
  1489 |     expect($button.attributes('data-original-title')).toBeDefined()
> 1490 |     expect($button.attributes('data-original-title')).toEqual('bar')
       |    ^ Duplicate Assert
  1491 |     expect($button.attributes('aria-describedby')).toBeDefined()
  1492 |     // ID of the tooltip that will be in the body
  1493 |     const adb = $button.attributes('aria-describedby')"
/home/gabriel/Disk/Research/research-javascript-test-smells/repositories/bootstrap-vue-dev/src/components/tooltip/tooltip.spec.js,Duplicate Assert,"{'line': 1491, 'column': 4, 'index': 46206}","  1489 |     expect($button.attributes('data-original-title')).toBeDefined()
  1490 |     expect($button.attributes('data-original-title')).toEqual('bar')
> 1491 |     expect($button.attributes('aria-describedby')).toBeDefined()
       |    ^ Duplicate Assert
  1492 |     // ID of the tooltip that will be in the body
  1493 |     const adb = $button.attributes('aria-describedby')
  1494 |"
/home/gabriel/Disk/Research/research-javascript-test-smells/repositories/bootstrap-vue-dev/src/components/tooltip/tooltip.spec.js,Duplicate Assert,"{'line': 1502, 'column': 4, 'index': 46663}","  1500 |     // Find the tooltip element in the document
  1501 |     const tip = document.getElementById(adb)
> 1502 |     expect(tip).not.toBe(null)
       |    ^ Duplicate Assert
  1503 |     expect(tip).toBeInstanceOf(HTMLElement)
  1504 |     expect(tip.tagName).toEqual('DIV')
  1505 |     expect(tip.classList.contains('tooltip')).toBe(true)"
/home/gabriel/Disk/Research/research-javascript-test-smells/repositories/bootstrap-vue-dev/src/components/tooltip/tooltip.spec.js,Duplicate Assert,"{'line': 1503, 'column': 4, 'index': 46694}","  1501 |     const tip = document.getElementById(adb)
  1502 |     expect(tip).not.toBe(null)
> 1503 |     expect(tip).toBeInstanceOf(HTMLElement)
       |    ^ Duplicate Assert
  1504 |     expect(tip.tagName).toEqual('DIV')
  1505 |     expect(tip.classList.contains('tooltip')).toBe(true)
  1506 |     expect(tip.classList.contains('b-tooltip')).toBe(true)"
/home/gabriel/Disk/Research/research-javascript-test-smells/repositories/bootstrap-vue-dev/src/components/tooltip/tooltip.spec.js,Duplicate Assert,"{'line': 1518, 'column': 4, 'index': 47191}","  1516 |     await waitRAF()
  1517 |
> 1518 |     expect($button.attributes('title')).toBeDefined()
       |    ^ Duplicate Assert
  1519 |     expect($button.attributes('title')).toEqual('bar')
  1520 |     expect($button.attributes('data-original-title')).toBeUndefined()
  1521 |     expect($button.attributes('aria-describedby')).toBeUndefined()"
/home/gabriel/Disk/Research/research-javascript-test-smells/repositories/bootstrap-vue-dev/src/components/tooltip/tooltip.spec.js,Duplicate Assert,"{'line': 1518, 'column': 4, 'index': 47191}","  1516 |     await waitRAF()
  1517 |
> 1518 |     expect($button.attributes('title')).toBeDefined()
       |    ^ Duplicate Assert
  1519 |     expect($button.attributes('title')).toEqual('bar')
  1520 |     expect($button.attributes('data-original-title')).toBeUndefined()
  1521 |     expect($button.attributes('aria-describedby')).toBeUndefined()"
/home/gabriel/Disk/Research/research-javascript-test-smells/repositories/bootstrap-vue-dev/src/components/tooltip/tooltip.spec.js,Duplicate Assert,"{'line': 1519, 'column': 4, 'index': 47245}","  1517 |
  1518 |     expect($button.attributes('title')).toBeDefined()
> 1519 |     expect($button.attributes('title')).toEqual('bar')
       |    ^ Duplicate Assert
  1520 |     expect($button.attributes('data-original-title')).toBeUndefined()
  1521 |     expect($button.attributes('aria-describedby')).toBeUndefined()
  1522 |"
/home/gabriel/Disk/Research/research-javascript-test-smells/repositories/bootstrap-vue-dev/src/components/tooltip/tooltip.spec.js,Duplicate Assert,"{'line': 1519, 'column': 4, 'index': 47245}","  1517 |
  1518 |     expect($button.attributes('title')).toBeDefined()
> 1519 |     expect($button.attributes('title')).toEqual('bar')
       |    ^ Duplicate Assert
  1520 |     expect($button.attributes('data-original-title')).toBeUndefined()
  1521 |     expect($button.attributes('aria-describedby')).toBeUndefined()
  1522 |"
/home/gabriel/Disk/Research/research-javascript-test-smells/repositories/bootstrap-vue-dev/src/components/tooltip/tooltip.spec.js,Duplicate Assert,"{'line': 1520, 'column': 4, 'index': 47300}","  1518 |     expect($button.attributes('title')).toBeDefined()
  1519 |     expect($button.attributes('title')).toEqual('bar')
> 1520 |     expect($button.attributes('data-original-title')).toBeUndefined()
       |    ^ Duplicate Assert
  1521 |     expect($button.attributes('aria-describedby')).toBeUndefined()
  1522 |
  1523 |     // Tooltip element should not be in the document"
/home/gabriel/Disk/Research/research-javascript-test-smells/repositories/bootstrap-vue-dev/src/components/tooltip/tooltip.spec.js,Duplicate Assert,"{'line': 1520, 'column': 4, 'index': 47300}","  1518 |     expect($button.attributes('title')).toBeDefined()
  1519 |     expect($button.attributes('title')).toEqual('bar')
> 1520 |     expect($button.attributes('data-original-title')).toBeUndefined()
       |    ^ Duplicate Assert
  1521 |     expect($button.attributes('aria-describedby')).toBeUndefined()
  1522 |
  1523 |     // Tooltip element should not be in the document"
/home/gabriel/Disk/Research/research-javascript-test-smells/repositories/bootstrap-vue-dev/src/components/tooltip/tooltip.spec.js,Duplicate Assert,"{'line': 1521, 'column': 4, 'index': 47370}","  1519 |     expect($button.attributes('title')).toEqual('bar')
  1520 |     expect($button.attributes('data-original-title')).toBeUndefined()
> 1521 |     expect($button.attributes('aria-describedby')).toBeUndefined()
       |    ^ Duplicate Assert
  1522 |
  1523 |     // Tooltip element should not be in the document
  1524 |     expect(document.body.contains(tip)).toBe(false)"
/home/gabriel/Disk/Research/research-javascript-test-smells/repositories/bootstrap-vue-dev/src/components/tooltip/tooltip.spec.js,Duplicate Assert,"{'line': 1521, 'column': 4, 'index': 47370}","  1519 |     expect($button.attributes('title')).toEqual('bar')
  1520 |     expect($button.attributes('data-original-title')).toBeUndefined()
> 1521 |     expect($button.attributes('aria-describedby')).toBeUndefined()
       |    ^ Duplicate Assert
  1522 |
  1523 |     // Tooltip element should not be in the document
  1524 |     expect(document.body.contains(tip)).toBe(false)"
/home/gabriel/Disk/Research/research-javascript-test-smells/repositories/bootstrap-vue-dev/src/components/toast/toaster.spec.js,Conditional Test Logic,"{'line': 31, 'column': 4, 'index': 1034}","  29 |     expect(wrapper.find('.b-toaster-slot').exists()).toBe(true)
  30 |     const $slot = wrapper.find('.b-toaster-slot')
> 31 |     if (!isVue3) {
     |    ^ Conditional Test Logic
  32 |       expect($slot.findComponent(PortalTarget).exists()).toBe(true)
  33 |     }
  34 |     expect($slot.element.tagName).toBe('DIV')"
/home/gabriel/Disk/Research/research-javascript-test-smells/repositories/bootstrap-vue-dev/src/components/toast/toaster.spec.js,Conditional Test Logic,"{'line': 66, 'column': 4, 'index': 2126}","  64 |     expect(wrapper.find('.b-toaster-slot').exists()).toBe(true)
  65 |     const $slot = wrapper.find('.b-toaster-slot')
> 66 |     if (!isVue3) {
     |    ^ Conditional Test Logic
  67 |       expect($slot.findComponent(PortalTarget).exists()).toBe(true)
  68 |     }
  69 |     expect($slot.element.tagName).toBe('DIV')"
/home/gabriel/Disk/Research/research-javascript-test-smells/repositories/bootstrap-vue-dev/src/components/toast/toaster.spec.js,Duplicate Assert,"{'line': 25, 'column': 4, 'index': 774}","  23 |     expect(wrapper.attributes('aria-atomic')).toBeUndefined()
  24 |     expect(wrapper.attributes('role')).toBeUndefined()
> 25 |     expect(wrapper.classes()).toContain('b-toaster')
     |    ^ Duplicate Assert
  26 |     expect(wrapper.classes()).toContain('foo')
  27 |     expect(wrapper.classes().length).toBe(2)
  28 |"
/home/gabriel/Disk/Research/research-javascript-test-smells/repositories/bootstrap-vue-dev/src/components/toast/toaster.spec.js,Duplicate Assert,"{'line': 26, 'column': 4, 'index': 827}","  24 |     expect(wrapper.attributes('role')).toBeUndefined()
  25 |     expect(wrapper.classes()).toContain('b-toaster')
> 26 |     expect(wrapper.classes()).toContain('foo')
     |    ^ Duplicate Assert
  27 |     expect(wrapper.classes().length).toBe(2)
  28 |
  29 |     expect(wrapper.find('.b-toaster-slot').exists()).toBe(true)"
/home/gabriel/Disk/Research/research-javascript-test-smells/repositories/bootstrap-vue-dev/src/components/toast/toaster.spec.js,Duplicate Assert,"{'line': 35, 'column': 4, 'index': 1173}","  33 |     }
  34 |     expect($slot.element.tagName).toBe('DIV')
> 35 |     expect($slot.classes()).toContain('b-toaster-slot')
     |    ^ Duplicate Assert
  36 |     expect($slot.classes()).toContain('vue-portal-target')
  37 |     expect($slot.classes().length).toBe(2)
  38 |     expect($slot.text()).toEqual('')"
/home/gabriel/Disk/Research/research-javascript-test-smells/repositories/bootstrap-vue-dev/src/components/toast/toaster.spec.js,Duplicate Assert,"{'line': 36, 'column': 4, 'index': 1229}","  34 |     expect($slot.element.tagName).toBe('DIV')
  35 |     expect($slot.classes()).toContain('b-toaster-slot')
> 36 |     expect($slot.classes()).toContain('vue-portal-target')
     |    ^ Duplicate Assert
  37 |     expect($slot.classes().length).toBe(2)
  38 |     expect($slot.text()).toEqual('')
  39 |"
/home/gabriel/Disk/Research/research-javascript-test-smells/repositories/bootstrap-vue-dev/src/components/toast/toaster.spec.js,Duplicate Assert,"{'line': 70, 'column': 4, 'index': 2265}","  68 |     }
  69 |     expect($slot.element.tagName).toBe('DIV')
> 70 |     expect($slot.classes()).toContain('b-toaster-slot')
     |    ^ Duplicate Assert
  71 |     expect($slot.classes()).toContain('vue-portal-target')
  72 |     expect($slot.classes().length).toBe(2)
  73 |     expect($slot.text()).toEqual('')"
/home/gabriel/Disk/Research/research-javascript-test-smells/repositories/bootstrap-vue-dev/src/components/toast/toaster.spec.js,Duplicate Assert,"{'line': 71, 'column': 4, 'index': 2321}","  69 |     expect($slot.element.tagName).toBe('DIV')
  70 |     expect($slot.classes()).toContain('b-toaster-slot')
> 71 |     expect($slot.classes()).toContain('vue-portal-target')
     |    ^ Duplicate Assert
  72 |     expect($slot.classes().length).toBe(2)
  73 |     expect($slot.text()).toEqual('')
  74 |"
/home/gabriel/Disk/Research/research-javascript-test-smells/repositories/bootstrap-vue-dev/src/components/toast/toaster.spec.js,Magic Number,"{'line': 27, 'column': 42, 'index': 912}","  25 |     expect(wrapper.classes()).toContain('b-toaster')
  26 |     expect(wrapper.classes()).toContain('foo')
> 27 |     expect(wrapper.classes().length).toBe(2)
     |                                          ^ Magic Number
  28 |
  29 |     expect(wrapper.find('.b-toaster-slot').exists()).toBe(true)
  30 |     const $slot = wrapper.find('.b-toaster-slot')"
/home/gabriel/Disk/Research/research-javascript-test-smells/repositories/bootstrap-vue-dev/src/components/toast/toaster.spec.js,Magic Number,"{'line': 37, 'column': 40, 'index': 1324}","  35 |     expect($slot.classes()).toContain('b-toaster-slot')
  36 |     expect($slot.classes()).toContain('vue-portal-target')
> 37 |     expect($slot.classes().length).toBe(2)
     |                                        ^ Magic Number
  38 |     expect($slot.text()).toEqual('')
  39 |
  40 |     wrapper.destroy()"
/home/gabriel/Disk/Research/research-javascript-test-smells/repositories/bootstrap-vue-dev/src/components/toast/toaster.spec.js,Magic Number,"{'line': 72, 'column': 40, 'index': 2416}","  70 |     expect($slot.classes()).toContain('b-toaster-slot')
  71 |     expect($slot.classes()).toContain('vue-portal-target')
> 72 |     expect($slot.classes().length).toBe(2)
     |                                        ^ Magic Number
  73 |     expect($slot.text()).toEqual('')
  74 |
  75 |     wrapper.destroy()"
/home/gabriel/Disk/Research/research-javascript-test-smells/repositories/bootstrap-vue-dev/src/components/toast/toast.spec.js,Duplicate Assert,"{'line': 36, 'column': 4, 'index': 824}","  34 |
  35 |     expect(wrapper.element.tagName).toBe('DIV')
> 36 |     expect(wrapper.classes()).toContain('b-toast')
     |    ^ Duplicate Assert
  37 |     expect(wrapper.classes()).toContain('b-toast-prepend')
  38 |     expect(wrapper.classes().length).toBe(2)
  39 |     expect(wrapper.attributes('role')).toEqual('alert')"
/home/gabriel/Disk/Research/research-javascript-test-smells/repositories/bootstrap-vue-dev/src/components/toast/toast.spec.js,Duplicate Assert,"{'line': 37, 'column': 4, 'index': 875}","  35 |     expect(wrapper.element.tagName).toBe('DIV')
  36 |     expect(wrapper.classes()).toContain('b-toast')
> 37 |     expect(wrapper.classes()).toContain('b-toast-prepend')
     |    ^ Duplicate Assert
  38 |     expect(wrapper.classes().length).toBe(2)
  39 |     expect(wrapper.attributes('role')).toEqual('alert')
  40 |     expect(wrapper.attributes('aria-live')).toEqual('assertive')"
/home/gabriel/Disk/Research/research-javascript-test-smells/repositories/bootstrap-vue-dev/src/components/toast/toast.spec.js,Duplicate Assert,"{'line': 57, 'column': 4, 'index': 1849}","  55 |     expect($header.find('strong').classes()).toContain('mr-2')
  56 |     expect($header.find('button').exists()).toBe(true)
> 57 |     expect($header.find('button').classes()).toContain('close')
     |    ^ Duplicate Assert
  58 |     expect($header.find('button').classes()).toContain('ml-auto')
  59 |     expect($header.find('button').classes()).toContain('mb-1')
  60 |"
/home/gabriel/Disk/Research/research-javascript-test-smells/repositories/bootstrap-vue-dev/src/components/toast/toast.spec.js,Duplicate Assert,"{'line': 58, 'column': 4, 'index': 1913}","  56 |     expect($header.find('button').exists()).toBe(true)
  57 |     expect($header.find('button').classes()).toContain('close')
> 58 |     expect($header.find('button').classes()).toContain('ml-auto')
     |    ^ Duplicate Assert
  59 |     expect($header.find('button').classes()).toContain('mb-1')
  60 |
  61 |     expect($toast.find('.toast-body').exists()).toBe(true)"
/home/gabriel/Disk/Research/research-javascript-test-smells/repositories/bootstrap-vue-dev/src/components/toast/toast.spec.js,Duplicate Assert,"{'line': 59, 'column': 4, 'index': 1979}","  57 |     expect($header.find('button').classes()).toContain('close')
  58 |     expect($header.find('button').classes()).toContain('ml-auto')
> 59 |     expect($header.find('button').classes()).toContain('mb-1')
     |    ^ Duplicate Assert
  60 |
  61 |     expect($toast.find('.toast-body').exists()).toBe(true)
  62 |     const $body = $toast.find('.toast-body')"
/home/gabriel/Disk/Research/research-javascript-test-smells/repositories/bootstrap-vue-dev/src/components/toast/toast.spec.js,Duplicate Assert,"{'line': 121, 'column': 4, 'index': 3459}","  119 |     await waitRAF()
  120 |
> 121 |     expect(wrapper.element.nodeType).toBe(Node.COMMENT_NODE)
      |    ^ Duplicate Assert
  122 |
  123 |     expect(wrapper.emitted('show')).toBeUndefined()
  124 |     expect(wrapper.emitted('shown')).toBeUndefined()"
/home/gabriel/Disk/Research/research-javascript-test-smells/repositories/bootstrap-vue-dev/src/components/toast/toast.spec.js,Duplicate Assert,"{'line': 121, 'column': 4, 'index': 3459}","  119 |     await waitRAF()
  120 |
> 121 |     expect(wrapper.element.nodeType).toBe(Node.COMMENT_NODE)
      |    ^ Duplicate Assert
  122 |
  123 |     expect(wrapper.emitted('show')).toBeUndefined()
  124 |     expect(wrapper.emitted('shown')).toBeUndefined()"
/home/gabriel/Disk/Research/research-javascript-test-smells/repositories/bootstrap-vue-dev/src/components/toast/toast.spec.js,Duplicate Assert,"{'line': 123, 'column': 4, 'index': 3521}","  121 |     expect(wrapper.element.nodeType).toBe(Node.COMMENT_NODE)
  122 |
> 123 |     expect(wrapper.emitted('show')).toBeUndefined()
      |    ^ Duplicate Assert
  124 |     expect(wrapper.emitted('shown')).toBeUndefined()
  125 |     expect(wrapper.emitted('hide')).toBeUndefined()
  126 |     expect(wrapper.emitted('hidden')).toBeUndefined()"
/home/gabriel/Disk/Research/research-javascript-test-smells/repositories/bootstrap-vue-dev/src/components/toast/toast.spec.js,Duplicate Assert,"{'line': 124, 'column': 4, 'index': 3573}","  122 |
  123 |     expect(wrapper.emitted('show')).toBeUndefined()
> 124 |     expect(wrapper.emitted('shown')).toBeUndefined()
      |    ^ Duplicate Assert
  125 |     expect(wrapper.emitted('hide')).toBeUndefined()
  126 |     expect(wrapper.emitted('hidden')).toBeUndefined()
  127 |"
/home/gabriel/Disk/Research/research-javascript-test-smells/repositories/bootstrap-vue-dev/src/components/toast/toast.spec.js,Duplicate Assert,"{'line': 125, 'column': 4, 'index': 3626}","  123 |     expect(wrapper.emitted('show')).toBeUndefined()
  124 |     expect(wrapper.emitted('shown')).toBeUndefined()
> 125 |     expect(wrapper.emitted('hide')).toBeUndefined()
      |    ^ Duplicate Assert
  126 |     expect(wrapper.emitted('hidden')).toBeUndefined()
  127 |
  128 |     await wrapper.setProps({ visible: true })"
/home/gabriel/Disk/Research/research-javascript-test-smells/repositories/bootstrap-vue-dev/src/components/toast/toast.spec.js,Duplicate Assert,"{'line': 125, 'column': 4, 'index': 3626}","  123 |     expect(wrapper.emitted('show')).toBeUndefined()
  124 |     expect(wrapper.emitted('shown')).toBeUndefined()
> 125 |     expect(wrapper.emitted('hide')).toBeUndefined()
      |    ^ Duplicate Assert
  126 |     expect(wrapper.emitted('hidden')).toBeUndefined()
  127 |
  128 |     await wrapper.setProps({ visible: true })"
/home/gabriel/Disk/Research/research-javascript-test-smells/repositories/bootstrap-vue-dev/src/components/toast/toast.spec.js,Duplicate Assert,"{'line': 126, 'column': 4, 'index': 3678}","  124 |     expect(wrapper.emitted('shown')).toBeUndefined()
  125 |     expect(wrapper.emitted('hide')).toBeUndefined()
> 126 |     expect(wrapper.emitted('hidden')).toBeUndefined()
      |    ^ Duplicate Assert
  127 |
  128 |     await wrapper.setProps({ visible: true })
  129 |     await waitRAF()"
/home/gabriel/Disk/Research/research-javascript-test-smells/repositories/bootstrap-vue-dev/src/components/toast/toast.spec.js,Duplicate Assert,"{'line': 126, 'column': 4, 'index': 3678}","  124 |     expect(wrapper.emitted('shown')).toBeUndefined()
  125 |     expect(wrapper.emitted('hide')).toBeUndefined()
> 126 |     expect(wrapper.emitted('hidden')).toBeUndefined()
      |    ^ Duplicate Assert
  127 |
  128 |     await wrapper.setProps({ visible: true })
  129 |     await waitRAF()"
/home/gabriel/Disk/Research/research-javascript-test-smells/repositories/bootstrap-vue-dev/src/components/toast/toast.spec.js,Duplicate Assert,"{'line': 137, 'column': 4, 'index': 3947}","  135 |     expect(wrapper.element.tagName).toBe('DIV')
  136 |
> 137 |     expect(wrapper.emitted('show')).toBeDefined()
      |    ^ Duplicate Assert
  138 |     expect(wrapper.emitted('shown')).toBeDefined()
  139 |     expect(wrapper.emitted('hide')).toBeUndefined()
  140 |     expect(wrapper.emitted('hidden')).toBeUndefined()"
/home/gabriel/Disk/Research/research-javascript-test-smells/repositories/bootstrap-vue-dev/src/components/toast/toast.spec.js,Duplicate Assert,"{'line': 137, 'column': 4, 'index': 3947}","  135 |     expect(wrapper.element.tagName).toBe('DIV')
  136 |
> 137 |     expect(wrapper.emitted('show')).toBeDefined()
      |    ^ Duplicate Assert
  138 |     expect(wrapper.emitted('shown')).toBeDefined()
  139 |     expect(wrapper.emitted('hide')).toBeUndefined()
  140 |     expect(wrapper.emitted('hidden')).toBeUndefined()"
/home/gabriel/Disk/Research/research-javascript-test-smells/repositories/bootstrap-vue-dev/src/components/toast/toast.spec.js,Duplicate Assert,"{'line': 138, 'column': 4, 'index': 3997}","  136 |
  137 |     expect(wrapper.emitted('show')).toBeDefined()
> 138 |     expect(wrapper.emitted('shown')).toBeDefined()
      |    ^ Duplicate Assert
  139 |     expect(wrapper.emitted('hide')).toBeUndefined()
  140 |     expect(wrapper.emitted('hidden')).toBeUndefined()
  141 |     expect(wrapper.emitted('show').length).toBe(1)"
/home/gabriel/Disk/Research/research-javascript-test-smells/repositories/bootstrap-vue-dev/src/components/toast/toast.spec.js,Duplicate Assert,"{'line': 138, 'column': 4, 'index': 3997}","  136 |
  137 |     expect(wrapper.emitted('show')).toBeDefined()
> 138 |     expect(wrapper.emitted('shown')).toBeDefined()
      |    ^ Duplicate Assert
  139 |     expect(wrapper.emitted('hide')).toBeUndefined()
  140 |     expect(wrapper.emitted('hidden')).toBeUndefined()
  141 |     expect(wrapper.emitted('show').length).toBe(1)"
/home/gabriel/Disk/Research/research-javascript-test-smells/repositories/bootstrap-vue-dev/src/components/toast/toast.spec.js,Duplicate Assert,"{'line': 139, 'column': 4, 'index': 4048}","  137 |     expect(wrapper.emitted('show')).toBeDefined()
  138 |     expect(wrapper.emitted('shown')).toBeDefined()
> 139 |     expect(wrapper.emitted('hide')).toBeUndefined()
      |    ^ Duplicate Assert
  140 |     expect(wrapper.emitted('hidden')).toBeUndefined()
  141 |     expect(wrapper.emitted('show').length).toBe(1)
  142 |     expect(wrapper.emitted('shown').length).toBe(1)"
/home/gabriel/Disk/Research/research-javascript-test-smells/repositories/bootstrap-vue-dev/src/components/toast/toast.spec.js,Duplicate Assert,"{'line': 139, 'column': 4, 'index': 4048}","  137 |     expect(wrapper.emitted('show')).toBeDefined()
  138 |     expect(wrapper.emitted('shown')).toBeDefined()
> 139 |     expect(wrapper.emitted('hide')).toBeUndefined()
      |    ^ Duplicate Assert
  140 |     expect(wrapper.emitted('hidden')).toBeUndefined()
  141 |     expect(wrapper.emitted('show').length).toBe(1)
  142 |     expect(wrapper.emitted('shown').length).toBe(1)"
/home/gabriel/Disk/Research/research-javascript-test-smells/repositories/bootstrap-vue-dev/src/components/toast/toast.spec.js,Duplicate Assert,"{'line': 140, 'column': 4, 'index': 4100}","  138 |     expect(wrapper.emitted('shown')).toBeDefined()
  139 |     expect(wrapper.emitted('hide')).toBeUndefined()
> 140 |     expect(wrapper.emitted('hidden')).toBeUndefined()
      |    ^ Duplicate Assert
  141 |     expect(wrapper.emitted('show').length).toBe(1)
  142 |     expect(wrapper.emitted('shown').length).toBe(1)
  143 |"
/home/gabriel/Disk/Research/research-javascript-test-smells/repositories/bootstrap-vue-dev/src/components/toast/toast.spec.js,Duplicate Assert,"{'line': 140, 'column': 4, 'index': 4100}","  138 |     expect(wrapper.emitted('shown')).toBeDefined()
  139 |     expect(wrapper.emitted('hide')).toBeUndefined()
> 140 |     expect(wrapper.emitted('hidden')).toBeUndefined()
      |    ^ Duplicate Assert
  141 |     expect(wrapper.emitted('show').length).toBe(1)
  142 |     expect(wrapper.emitted('shown').length).toBe(1)
  143 |"
/home/gabriel/Disk/Research/research-javascript-test-smells/repositories/bootstrap-vue-dev/src/components/toast/toast.spec.js,Duplicate Assert,"{'line': 141, 'column': 4, 'index': 4154}","  139 |     expect(wrapper.emitted('hide')).toBeUndefined()
  140 |     expect(wrapper.emitted('hidden')).toBeUndefined()
> 141 |     expect(wrapper.emitted('show').length).toBe(1)
      |    ^ Duplicate Assert
  142 |     expect(wrapper.emitted('shown').length).toBe(1)
  143 |
  144 |     await wrapper.setProps({ visible: false })"
/home/gabriel/Disk/Research/research-javascript-test-smells/repositories/bootstrap-vue-dev/src/components/toast/toast.spec.js,Duplicate Assert,"{'line': 141, 'column': 4, 'index': 4154}","  139 |     expect(wrapper.emitted('hide')).toBeUndefined()
  140 |     expect(wrapper.emitted('hidden')).toBeUndefined()
> 141 |     expect(wrapper.emitted('show').length).toBe(1)
      |    ^ Duplicate Assert
  142 |     expect(wrapper.emitted('shown').length).toBe(1)
  143 |
  144 |     await wrapper.setProps({ visible: false })"
/home/gabriel/Disk/Research/research-javascript-test-smells/repositories/bootstrap-vue-dev/src/components/toast/toast.spec.js,Duplicate Assert,"{'line': 142, 'column': 4, 'index': 4205}","  140 |     expect(wrapper.emitted('hidden')).toBeUndefined()
  141 |     expect(wrapper.emitted('show').length).toBe(1)
> 142 |     expect(wrapper.emitted('shown').length).toBe(1)
      |    ^ Duplicate Assert
  143 |
  144 |     await wrapper.setProps({ visible: false })
  145 |     await waitRAF()"
/home/gabriel/Disk/Research/research-javascript-test-smells/repositories/bootstrap-vue-dev/src/components/toast/toast.spec.js,Duplicate Assert,"{'line': 142, 'column': 4, 'index': 4205}","  140 |     expect(wrapper.emitted('hidden')).toBeUndefined()
  141 |     expect(wrapper.emitted('show').length).toBe(1)
> 142 |     expect(wrapper.emitted('shown').length).toBe(1)
      |    ^ Duplicate Assert
  143 |
  144 |     await wrapper.setProps({ visible: false })
  145 |     await waitRAF()"
/home/gabriel/Disk/Research/research-javascript-test-smells/repositories/bootstrap-vue-dev/src/components/toast/toast.spec.js,Duplicate Assert,"{'line': 151, 'column': 4, 'index': 4424}","  149 |     await waitRAF()
  150 |
> 151 |     expect(wrapper.element.nodeType).toBe(Node.COMMENT_NODE)
      |    ^ Duplicate Assert
  152 |
  153 |     expect(wrapper.emitted('show')).toBeDefined()
  154 |     expect(wrapper.emitted('shown')).toBeDefined()"
/home/gabriel/Disk/Research/research-javascript-test-smells/repositories/bootstrap-vue-dev/src/components/toast/toast.spec.js,Duplicate Assert,"{'line': 151, 'column': 4, 'index': 4424}","  149 |     await waitRAF()
  150 |
> 151 |     expect(wrapper.element.nodeType).toBe(Node.COMMENT_NODE)
      |    ^ Duplicate Assert
  152 |
  153 |     expect(wrapper.emitted('show')).toBeDefined()
  154 |     expect(wrapper.emitted('shown')).toBeDefined()"
/home/gabriel/Disk/Research/research-javascript-test-smells/repositories/bootstrap-vue-dev/src/components/toast/toast.spec.js,Duplicate Assert,"{'line': 153, 'column': 4, 'index': 4486}","  151 |     expect(wrapper.element.nodeType).toBe(Node.COMMENT_NODE)
  152 |
> 153 |     expect(wrapper.emitted('show')).toBeDefined()
      |    ^ Duplicate Assert
  154 |     expect(wrapper.emitted('shown')).toBeDefined()
  155 |     expect(wrapper.emitted('hide')).toBeDefined()
  156 |     expect(wrapper.emitted('hidden')).toBeDefined()"
/home/gabriel/Disk/Research/research-javascript-test-smells/repositories/bootstrap-vue-dev/src/components/toast/toast.spec.js,Duplicate Assert,"{'line': 153, 'column': 4, 'index': 4486}","  151 |     expect(wrapper.element.nodeType).toBe(Node.COMMENT_NODE)
  152 |
> 153 |     expect(wrapper.emitted('show')).toBeDefined()
      |    ^ Duplicate Assert
  154 |     expect(wrapper.emitted('shown')).toBeDefined()
  155 |     expect(wrapper.emitted('hide')).toBeDefined()
  156 |     expect(wrapper.emitted('hidden')).toBeDefined()"
/home/gabriel/Disk/Research/research-javascript-test-smells/repositories/bootstrap-vue-dev/src/components/toast/toast.spec.js,Duplicate Assert,"{'line': 154, 'column': 4, 'index': 4536}","  152 |
  153 |     expect(wrapper.emitted('show')).toBeDefined()
> 154 |     expect(wrapper.emitted('shown')).toBeDefined()
      |    ^ Duplicate Assert
  155 |     expect(wrapper.emitted('hide')).toBeDefined()
  156 |     expect(wrapper.emitted('hidden')).toBeDefined()
  157 |     expect(wrapper.emitted('show').length).toBe(1)"
/home/gabriel/Disk/Research/research-javascript-test-smells/repositories/bootstrap-vue-dev/src/components/toast/toast.spec.js,Duplicate Assert,"{'line': 154, 'column': 4, 'index': 4536}","  152 |
  153 |     expect(wrapper.emitted('show')).toBeDefined()
> 154 |     expect(wrapper.emitted('shown')).toBeDefined()
      |    ^ Duplicate Assert
  155 |     expect(wrapper.emitted('hide')).toBeDefined()
  156 |     expect(wrapper.emitted('hidden')).toBeDefined()
  157 |     expect(wrapper.emitted('show').length).toBe(1)"
/home/gabriel/Disk/Research/research-javascript-test-smells/repositories/bootstrap-vue-dev/src/components/toast/toast.spec.js,Duplicate Assert,"{'line': 155, 'column': 4, 'index': 4587}","  153 |     expect(wrapper.emitted('show')).toBeDefined()
  154 |     expect(wrapper.emitted('shown')).toBeDefined()
> 155 |     expect(wrapper.emitted('hide')).toBeDefined()
      |    ^ Duplicate Assert
  156 |     expect(wrapper.emitted('hidden')).toBeDefined()
  157 |     expect(wrapper.emitted('show').length).toBe(1)
  158 |     expect(wrapper.emitted('shown').length).toBe(1)"
/home/gabriel/Disk/Research/research-javascript-test-smells/repositories/bootstrap-vue-dev/src/components/toast/toast.spec.js,Duplicate Assert,"{'line': 156, 'column': 4, 'index': 4637}","  154 |     expect(wrapper.emitted('shown')).toBeDefined()
  155 |     expect(wrapper.emitted('hide')).toBeDefined()
> 156 |     expect(wrapper.emitted('hidden')).toBeDefined()
      |    ^ Duplicate Assert
  157 |     expect(wrapper.emitted('show').length).toBe(1)
  158 |     expect(wrapper.emitted('shown').length).toBe(1)
  159 |     expect(wrapper.emitted('hide').length).toBe(1)"
/home/gabriel/Disk/Research/research-javascript-test-smells/repositories/bootstrap-vue-dev/src/components/toast/toast.spec.js,Duplicate Assert,"{'line': 157, 'column': 4, 'index': 4689}","  155 |     expect(wrapper.emitted('hide')).toBeDefined()
  156 |     expect(wrapper.emitted('hidden')).toBeDefined()
> 157 |     expect(wrapper.emitted('show').length).toBe(1)
      |    ^ Duplicate Assert
  158 |     expect(wrapper.emitted('shown').length).toBe(1)
  159 |     expect(wrapper.emitted('hide').length).toBe(1)
  160 |     expect(wrapper.emitted('hidden').length).toBe(1)"
/home/gabriel/Disk/Research/research-javascript-test-smells/repositories/bootstrap-vue-dev/src/components/toast/toast.spec.js,Duplicate Assert,"{'line': 157, 'column': 4, 'index': 4689}","  155 |     expect(wrapper.emitted('hide')).toBeDefined()
  156 |     expect(wrapper.emitted('hidden')).toBeDefined()
> 157 |     expect(wrapper.emitted('show').length).toBe(1)
      |    ^ Duplicate Assert
  158 |     expect(wrapper.emitted('shown').length).toBe(1)
  159 |     expect(wrapper.emitted('hide').length).toBe(1)
  160 |     expect(wrapper.emitted('hidden').length).toBe(1)"
/home/gabriel/Disk/Research/research-javascript-test-smells/repositories/bootstrap-vue-dev/src/components/toast/toast.spec.js,Duplicate Assert,"{'line': 158, 'column': 4, 'index': 4740}","  156 |     expect(wrapper.emitted('hidden')).toBeDefined()
  157 |     expect(wrapper.emitted('show').length).toBe(1)
> 158 |     expect(wrapper.emitted('shown').length).toBe(1)
      |    ^ Duplicate Assert
  159 |     expect(wrapper.emitted('hide').length).toBe(1)
  160 |     expect(wrapper.emitted('hidden').length).toBe(1)
  161 |"
/home/gabriel/Disk/Research/research-javascript-test-smells/repositories/bootstrap-vue-dev/src/components/toast/toast.spec.js,Duplicate Assert,"{'line': 158, 'column': 4, 'index': 4740}","  156 |     expect(wrapper.emitted('hidden')).toBeDefined()
  157 |     expect(wrapper.emitted('show').length).toBe(1)
> 158 |     expect(wrapper.emitted('shown').length).toBe(1)
      |    ^ Duplicate Assert
  159 |     expect(wrapper.emitted('hide').length).toBe(1)
  160 |     expect(wrapper.emitted('hidden').length).toBe(1)
  161 |"
/home/gabriel/Disk/Research/research-javascript-test-smells/repositories/bootstrap-vue-dev/src/components/toast/toast.spec.js,Duplicate Assert,"{'line': 195, 'column': 4, 'index': 5667}","  193 |     expect($body.attributes('href')).toEqual('#foobar')
  194 |
> 195 |     expect(wrapper.emitted('hide')).toBeUndefined()
      |    ^ Duplicate Assert
  196 |     expect(wrapper.emitted('hidden')).toBeUndefined()
  197 |     expect(wrapper.emitted('change')).toBeUndefined()
  198 |"
/home/gabriel/Disk/Research/research-javascript-test-smells/repositories/bootstrap-vue-dev/src/components/toast/toast.spec.js,Duplicate Assert,"{'line': 196, 'column': 4, 'index': 5719}","  194 |
  195 |     expect(wrapper.emitted('hide')).toBeUndefined()
> 196 |     expect(wrapper.emitted('hidden')).toBeUndefined()
      |    ^ Duplicate Assert
  197 |     expect(wrapper.emitted('change')).toBeUndefined()
  198 |
  199 |     $body.element.focus()"
/home/gabriel/Disk/Research/research-javascript-test-smells/repositories/bootstrap-vue-dev/src/components/toast/toast.spec.js,Duplicate Assert,"{'line': 197, 'column': 4, 'index': 5773}","  195 |     expect(wrapper.emitted('hide')).toBeUndefined()
  196 |     expect(wrapper.emitted('hidden')).toBeUndefined()
> 197 |     expect(wrapper.emitted('change')).toBeUndefined()
      |    ^ Duplicate Assert
  198 |
  199 |     $body.element.focus()
  200 |     await $body.trigger('click')"
/home/gabriel/Disk/Research/research-javascript-test-smells/repositories/bootstrap-vue-dev/src/components/toast/toast.spec.js,Duplicate Assert,"{'line': 212, 'column': 4, 'index': 6146}","  210 |     expect(wrapper.element.nodeType).toBe(Node.COMMENT_NODE)
  211 |
> 212 |     expect(wrapper.emitted('hide')).toBeDefined()
      |    ^ Duplicate Assert
  213 |     expect(wrapper.emitted('hidden')).toBeDefined()
  214 |     expect(wrapper.emitted('change')).toBeDefined()
  215 |"
/home/gabriel/Disk/Research/research-javascript-test-smells/repositories/bootstrap-vue-dev/src/components/toast/toast.spec.js,Duplicate Assert,"{'line': 213, 'column': 4, 'index': 6196}","  211 |
  212 |     expect(wrapper.emitted('hide')).toBeDefined()
> 213 |     expect(wrapper.emitted('hidden')).toBeDefined()
      |    ^ Duplicate Assert
  214 |     expect(wrapper.emitted('change')).toBeDefined()
  215 |
  216 |     wrapper.destroy()"
/home/gabriel/Disk/Research/research-javascript-test-smells/repositories/bootstrap-vue-dev/src/components/toast/toast.spec.js,Duplicate Assert,"{'line': 214, 'column': 4, 'index': 6248}","  212 |     expect(wrapper.emitted('hide')).toBeDefined()
  213 |     expect(wrapper.emitted('hidden')).toBeDefined()
> 214 |     expect(wrapper.emitted('change')).toBeDefined()
      |    ^ Duplicate Assert
  215 |
  216 |     wrapper.destroy()
  217 |   })"
/home/gabriel/Disk/Research/research-javascript-test-smells/repositories/bootstrap-vue-dev/src/components/toast/toast.spec.js,Duplicate Assert,"{'line': 245, 'column': 4, 'index': 6922}","  243 |
  244 |     expect(wrapper.element.tagName).toBe('DIV')
> 245 |     expect(wrapper.vm.$_dismissTimer).not.toEqual(null)
      |    ^ Duplicate Assert
  246 |
  247 |     jest.runOnlyPendingTimers()
  248 |"
/home/gabriel/Disk/Research/research-javascript-test-smells/repositories/bootstrap-vue-dev/src/components/toast/toast.spec.js,Duplicate Assert,"{'line': 259, 'column': 4, 'index': 7270}","  257 |
  258 |     expect(wrapper.element.nodeType).toBe(Node.COMMENT_NODE)
> 259 |     expect(wrapper.vm.$_dismissTimer).toBe(null)
      |    ^ Duplicate Assert
  260 |
  261 |     wrapper.destroy()
  262 |   })"
/home/gabriel/Disk/Research/research-javascript-test-smells/repositories/bootstrap-vue-dev/src/components/toast/toast.spec.js,Duplicate Assert,"{'line': 290, 'column': 4, 'index': 7919}","  288 |
  289 |     expect(wrapper.element.tagName).toBe('DIV')
> 290 |     expect(wrapper.vm.$_dismissTimer).not.toEqual(null)
      |    ^ Duplicate Assert
  291 |     await waitNT(wrapper.vm)
  292 |     await waitRAF()
  293 |"
/home/gabriel/Disk/Research/research-javascript-test-smells/repositories/bootstrap-vue-dev/src/components/toast/toast.spec.js,Duplicate Assert,"{'line': 290, 'column': 4, 'index': 7919}","  288 |
  289 |     expect(wrapper.element.tagName).toBe('DIV')
> 290 |     expect(wrapper.vm.$_dismissTimer).not.toEqual(null)
      |    ^ Duplicate Assert
  291 |     await waitNT(wrapper.vm)
  292 |     await waitRAF()
  293 |"
/home/gabriel/Disk/Research/research-javascript-test-smells/repositories/bootstrap-vue-dev/src/components/toast/toast.spec.js,Duplicate Assert,"{'line': 296, 'column': 4, 'index': 8085}","  294 |     await wrapper.trigger('mouseenter')
  295 |     await waitRAF()
> 296 |     expect(wrapper.vm.$_dismissTimer).toEqual(null)
      |    ^ Duplicate Assert
  297 |
  298 |     await wrapper.trigger('mouseleave')
  299 |     await waitRAF()"
/home/gabriel/Disk/Research/research-javascript-test-smells/repositories/bootstrap-vue-dev/src/components/toast/toast.spec.js,Duplicate Assert,"{'line': 300, 'column': 4, 'index': 8198}","  298 |     await wrapper.trigger('mouseleave')
  299 |     await waitRAF()
> 300 |     expect(wrapper.vm.$_dismissTimer).not.toEqual(null)
      |    ^ Duplicate Assert
  301 |
  302 |     wrapper.destroy()
  303 |   })"
/home/gabriel/Disk/Research/research-javascript-test-smells/repositories/bootstrap-vue-dev/src/components/toast/toast.spec.js,Duplicate Assert,"{'line': 300, 'column': 4, 'index': 8198}","  298 |     await wrapper.trigger('mouseleave')
  299 |     await waitRAF()
> 300 |     expect(wrapper.vm.$_dismissTimer).not.toEqual(null)
      |    ^ Duplicate Assert
  301 |
  302 |     wrapper.destroy()
  303 |   })"
/home/gabriel/Disk/Research/research-javascript-test-smells/repositories/bootstrap-vue-dev/src/components/toast/toast.spec.js,Duplicate Assert,"{'line': 332, 'column': 4, 'index': 8917}","  330 |
  331 |     expect(wrapper.element.tagName).toBe('DIV')
> 332 |     expect(wrapper.vm.timer).not.toEqual(null)
      |    ^ Duplicate Assert
  333 |     await waitNT(wrapper.vm)
  334 |     await waitRAF()
  335 |"
/home/gabriel/Disk/Research/research-javascript-test-smells/repositories/bootstrap-vue-dev/src/components/toast/toast.spec.js,Duplicate Assert,"{'line': 332, 'column': 4, 'index': 8917}","  330 |
  331 |     expect(wrapper.element.tagName).toBe('DIV')
> 332 |     expect(wrapper.vm.timer).not.toEqual(null)
      |    ^ Duplicate Assert
  333 |     await waitNT(wrapper.vm)
  334 |     await waitRAF()
  335 |"
/home/gabriel/Disk/Research/research-javascript-test-smells/repositories/bootstrap-vue-dev/src/components/toast/toast.spec.js,Duplicate Assert,"{'line': 338, 'column': 4, 'index': 9074}","  336 |     await wrapper.trigger('mouseenter')
  337 |     await waitRAF()
> 338 |     expect(wrapper.vm.timer).not.toEqual(null)
      |    ^ Duplicate Assert
  339 |
  340 |     await wrapper.trigger('mouseleave')
  341 |     await waitRAF()"
/home/gabriel/Disk/Research/research-javascript-test-smells/repositories/bootstrap-vue-dev/src/components/toast/toast.spec.js,Duplicate Assert,"{'line': 338, 'column': 4, 'index': 9074}","  336 |     await wrapper.trigger('mouseenter')
  337 |     await waitRAF()
> 338 |     expect(wrapper.vm.timer).not.toEqual(null)
      |    ^ Duplicate Assert
  339 |
  340 |     await wrapper.trigger('mouseleave')
  341 |     await waitRAF()"
/home/gabriel/Disk/Research/research-javascript-test-smells/repositories/bootstrap-vue-dev/src/components/toast/toast.spec.js,Duplicate Assert,"{'line': 342, 'column': 4, 'index': 9182}","  340 |     await wrapper.trigger('mouseleave')
  341 |     await waitRAF()
> 342 |     expect(wrapper.vm.timer).not.toEqual(null)
      |    ^ Duplicate Assert
  343 |
  344 |     wrapper.destroy()
  345 |   })"
/home/gabriel/Disk/Research/research-javascript-test-smells/repositories/bootstrap-vue-dev/src/components/toast/toast.spec.js,Duplicate Assert,"{'line': 342, 'column': 4, 'index': 9182}","  340 |     await wrapper.trigger('mouseleave')
  341 |     await waitRAF()
> 342 |     expect(wrapper.vm.timer).not.toEqual(null)
      |    ^ Duplicate Assert
  343 |
  344 |     wrapper.destroy()
  345 |   })"
/home/gabriel/Disk/Research/research-javascript-test-smells/repositories/bootstrap-vue-dev/src/components/toast/toast.spec.js,Magic Number,"{'line': 38, 'column': 42, 'index': 972}","  36 |     expect(wrapper.classes()).toContain('b-toast')
  37 |     expect(wrapper.classes()).toContain('b-toast-prepend')
> 38 |     expect(wrapper.classes().length).toBe(2)
     |                                          ^ Magic Number
  39 |     expect(wrapper.attributes('role')).toEqual('alert')
  40 |     expect(wrapper.attributes('aria-live')).toEqual('assertive')
  41 |     expect(wrapper.attributes('aria-atomic')).toEqual('true')"
/home/gabriel/Disk/Research/research-javascript-test-smells/repositories/bootstrap-vue-dev/src/components/toast/toast.spec.js,Magic Number,"{'line': 52, 'column': 42, 'index': 1610}","  50 |     const $header = $toast.find('.toast-header')
  51 |     expect($header.element.tagName).toBe('HEADER')
> 52 |     expect($header.classes().length).toBe(1)
     |                                          ^ Magic Number
  53 |     expect($header.find('strong').exists()).toBe(true)
  54 |     expect($header.find('strong').text()).toEqual('title')
  55 |     expect($header.find('strong').classes()).toContain('mr-2')"
/home/gabriel/Disk/Research/research-javascript-test-smells/repositories/bootstrap-vue-dev/src/components/toast/toast.spec.js,Magic Number,"{'line': 64, 'column': 40, 'index': 2229}","  62 |     const $body = $toast.find('.toast-body')
  63 |     expect($body.element.tagName).toBe('DIV')
> 64 |     expect($body.classes().length).toBe(1)
     |                                        ^ Magic Number
  65 |     expect($body.text()).toEqual('content')
  66 |
  67 |     wrapper.destroy()"
/home/gabriel/Disk/Research/research-javascript-test-smells/repositories/bootstrap-vue-dev/src/components/toast/toast.spec.js,Magic Number,"{'line': 141, 'column': 48, 'index': 4198}","  139 |     expect(wrapper.emitted('hide')).toBeUndefined()
  140 |     expect(wrapper.emitted('hidden')).toBeUndefined()
> 141 |     expect(wrapper.emitted('show').length).toBe(1)
      |                                                ^ Magic Number
  142 |     expect(wrapper.emitted('shown').length).toBe(1)
  143 |
  144 |     await wrapper.setProps({ visible: false })"
/home/gabriel/Disk/Research/research-javascript-test-smells/repositories/bootstrap-vue-dev/src/components/toast/toast.spec.js,Magic Number,"{'line': 142, 'column': 49, 'index': 4250}","  140 |     expect(wrapper.emitted('hidden')).toBeUndefined()
  141 |     expect(wrapper.emitted('show').length).toBe(1)
> 142 |     expect(wrapper.emitted('shown').length).toBe(1)
      |                                                 ^ Magic Number
  143 |
  144 |     await wrapper.setProps({ visible: false })
  145 |     await waitRAF()"
/home/gabriel/Disk/Research/research-javascript-test-smells/repositories/bootstrap-vue-dev/src/components/toast/toast.spec.js,Magic Number,"{'line': 157, 'column': 48, 'index': 4733}","  155 |     expect(wrapper.emitted('hide')).toBeDefined()
  156 |     expect(wrapper.emitted('hidden')).toBeDefined()
> 157 |     expect(wrapper.emitted('show').length).toBe(1)
      |                                                ^ Magic Number
  158 |     expect(wrapper.emitted('shown').length).toBe(1)
  159 |     expect(wrapper.emitted('hide').length).toBe(1)
  160 |     expect(wrapper.emitted('hidden').length).toBe(1)"
/home/gabriel/Disk/Research/research-javascript-test-smells/repositories/bootstrap-vue-dev/src/components/toast/toast.spec.js,Magic Number,"{'line': 158, 'column': 49, 'index': 4785}","  156 |     expect(wrapper.emitted('hidden')).toBeDefined()
  157 |     expect(wrapper.emitted('show').length).toBe(1)
> 158 |     expect(wrapper.emitted('shown').length).toBe(1)
      |                                                 ^ Magic Number
  159 |     expect(wrapper.emitted('hide').length).toBe(1)
  160 |     expect(wrapper.emitted('hidden').length).toBe(1)
  161 |"
/home/gabriel/Disk/Research/research-javascript-test-smells/repositories/bootstrap-vue-dev/src/components/toast/toast.spec.js,Magic Number,"{'line': 159, 'column': 48, 'index': 4836}","  157 |     expect(wrapper.emitted('show').length).toBe(1)
  158 |     expect(wrapper.emitted('shown').length).toBe(1)
> 159 |     expect(wrapper.emitted('hide').length).toBe(1)
      |                                                ^ Magic Number
  160 |     expect(wrapper.emitted('hidden').length).toBe(1)
  161 |
  162 |     wrapper.destroy()"
/home/gabriel/Disk/Research/research-javascript-test-smells/repositories/bootstrap-vue-dev/src/components/toast/toast.spec.js,Magic Number,"{'line': 160, 'column': 50, 'index': 4889}","  158 |     expect(wrapper.emitted('shown').length).toBe(1)
  159 |     expect(wrapper.emitted('hide').length).toBe(1)
> 160 |     expect(wrapper.emitted('hidden').length).toBe(1)
      |                                                  ^ Magic Number
  161 |
  162 |     wrapper.destroy()
  163 |   })"
/home/gabriel/Disk/Research/research-javascript-test-smells/repositories/bootstrap-vue-dev/src/components/toast/helpers/bv-toast.spec.js,Duplicate Assert,"{'line': 43, 'column': 4, 'index': 1087}","  41 |     expect(typeof wrapper.vm.$bvToast.hide).toEqual('function')
  42 |
> 43 |     expect(wrapper.find('.toast').exists()).toBe(false)
     |    ^ Duplicate Assert
  44 |
  45 |     wrapper.vm.$bvToast.show('test1')
  46 |"
/home/gabriel/Disk/Research/research-javascript-test-smells/repositories/bootstrap-vue-dev/src/components/toast/helpers/bv-toast.spec.js,Duplicate Assert,"{'line': 43, 'column': 4, 'index': 1087}","  41 |     expect(typeof wrapper.vm.$bvToast.hide).toEqual('function')
  42 |
> 43 |     expect(wrapper.find('.toast').exists()).toBe(false)
     |    ^ Duplicate Assert
  44 |
  45 |     wrapper.vm.$bvToast.show('test1')
  46 |"
/home/gabriel/Disk/Research/research-javascript-test-smells/repositories/bootstrap-vue-dev/src/components/toast/helpers/bv-toast.spec.js,Duplicate Assert,"{'line': 54, 'column': 4, 'index': 1331}","  52 |     await waitRAF()
  53 |
> 54 |     expect(wrapper.find('.toast').exists()).toBe(true)
     |    ^ Duplicate Assert
  55 |
  56 |     wrapper.vm.$bvToast.hide('test1')
  57 |"
/home/gabriel/Disk/Research/research-javascript-test-smells/repositories/bootstrap-vue-dev/src/components/toast/helpers/bv-toast.spec.js,Duplicate Assert,"{'line': 65, 'column': 4, 'index': 1574}","  63 |     await waitRAF()
  64 |
> 65 |     expect(wrapper.find('.toast').exists()).toBe(false)
     |    ^ Duplicate Assert
  66 |
  67 |     wrapper.destroy()
  68 |   })"
/home/gabriel/Disk/Research/research-javascript-test-smells/repositories/bootstrap-vue-dev/src/components/toast/helpers/bv-toast.spec.js,Duplicate Assert,"{'line': 65, 'column': 4, 'index': 1574}","  63 |     await waitRAF()
  64 |
> 65 |     expect(wrapper.find('.toast').exists()).toBe(false)
     |    ^ Duplicate Assert
  66 |
  67 |     wrapper.destroy()
  68 |   })"
/home/gabriel/Disk/Research/research-javascript-test-smells/repositories/bootstrap-vue-dev/src/components/toast/helpers/bv-toast.spec.js,Duplicate Assert,"{'line': 104, 'column': 4, 'index': 2445}","  102 |     // Find the toast
  103 |     const toast = document.querySelector('#test2')
> 104 |     expect(toast).toBeDefined()
      |    ^ Duplicate Assert
  105 |     expect(toast).not.toEqual(null)
  106 |     const $toast = createWrapper(toast)
  107 |     expect($toast.element.tagName).toBe('DIV')"
/home/gabriel/Disk/Research/research-javascript-test-smells/repositories/bootstrap-vue-dev/src/components/toast/helpers/bv-toast.spec.js,Duplicate Assert,"{'line': 105, 'column': 4, 'index': 2477}","  103 |     const toast = document.querySelector('#test2')
  104 |     expect(toast).toBeDefined()
> 105 |     expect(toast).not.toEqual(null)
      |    ^ Duplicate Assert
  106 |     const $toast = createWrapper(toast)
  107 |     expect($toast.element.tagName).toBe('DIV')
  108 |"
/home/gabriel/Disk/Research/research-javascript-test-smells/repositories/bootstrap-vue-dev/src/components/toast/helpers/bv-toast.spec.js,Magic Number,"{'line': 118, 'column': 49, 'index': 2981}","  116 |
  117 |     // Find the Close button and click it
> 118 |     expect($toast.findAll('button').length).toBe(1)
      |                                                 ^ Magic Number
  119 |     const $button = $toast.find('button')
  120 |     expect($button.classes()).toContain('close')
  121 |"
/home/gabriel/Disk/Research/research-javascript-test-smells/repositories/bootstrap-vue-dev/src/components/time/time.spec.js,Duplicate Assert,"{'line': 19, 'column': 4, 'index': 631}","  17 |     expect(wrapper.element.hasAttribute('lang')).toBe(true)
  18 |     expect(wrapper.element.hasAttribute('aria-labelledby')).toBe(true)
> 19 |     expect(wrapper.classes()).toContain('b-time')
     |    ^ Duplicate Assert
  20 |     expect(wrapper.classes()).toContain('d-inline-flex')
  21 |     expect(wrapper.classes()).toContain('flex-column')
  22 |     expect(wrapper.classes()).toContain('text-center')"
/home/gabriel/Disk/Research/research-javascript-test-smells/repositories/bootstrap-vue-dev/src/components/time/time.spec.js,Duplicate Assert,"{'line': 20, 'column': 4, 'index': 681}","  18 |     expect(wrapper.element.hasAttribute('aria-labelledby')).toBe(true)
  19 |     expect(wrapper.classes()).toContain('b-time')
> 20 |     expect(wrapper.classes()).toContain('d-inline-flex')
     |    ^ Duplicate Assert
  21 |     expect(wrapper.classes()).toContain('flex-column')
  22 |     expect(wrapper.classes()).toContain('text-center')
  23 |"
/home/gabriel/Disk/Research/research-javascript-test-smells/repositories/bootstrap-vue-dev/src/components/time/time.spec.js,Duplicate Assert,"{'line': 21, 'column': 4, 'index': 738}","  19 |     expect(wrapper.classes()).toContain('b-time')
  20 |     expect(wrapper.classes()).toContain('d-inline-flex')
> 21 |     expect(wrapper.classes()).toContain('flex-column')
     |    ^ Duplicate Assert
  22 |     expect(wrapper.classes()).toContain('text-center')
  23 |
  24 |     const $output = wrapper.find('.b-time > header > output')"
/home/gabriel/Disk/Research/research-javascript-test-smells/repositories/bootstrap-vue-dev/src/components/time/time.spec.js,Duplicate Assert,"{'line': 22, 'column': 4, 'index': 793}","  20 |     expect(wrapper.classes()).toContain('d-inline-flex')
  21 |     expect(wrapper.classes()).toContain('flex-column')
> 22 |     expect(wrapper.classes()).toContain('text-center')
     |    ^ Duplicate Assert
  23 |
  24 |     const $output = wrapper.find('.b-time > header > output')
  25 |     expect($output.exists()).toBe(true)"
/home/gabriel/Disk/Research/research-javascript-test-smells/repositories/bootstrap-vue-dev/src/components/time/time.spec.js,Duplicate Assert,"{'line': 33, 'column': 4, 'index': 1325}","  31 |     const $spinWrap = wrapper.find('.b-time > div[role=""group""]')
  32 |     expect($spinWrap.exists()).toBe(true)
> 33 |     expect($spinWrap.classes()).toContain('d-flex')
     |    ^ Duplicate Assert
  34 |     expect($spinWrap.classes()).toContain('align-items-center')
  35 |     expect($spinWrap.classes()).toContain('justify-content-center')
  36 |     expect($spinWrap.classes()).toContain('mx-auto')"
/home/gabriel/Disk/Research/research-javascript-test-smells/repositories/bootstrap-vue-dev/src/components/time/time.spec.js,Duplicate Assert,"{'line': 34, 'column': 4, 'index': 1377}","  32 |     expect($spinWrap.exists()).toBe(true)
  33 |     expect($spinWrap.classes()).toContain('d-flex')
> 34 |     expect($spinWrap.classes()).toContain('align-items-center')
     |    ^ Duplicate Assert
  35 |     expect($spinWrap.classes()).toContain('justify-content-center')
  36 |     expect($spinWrap.classes()).toContain('mx-auto')
  37 |"
/home/gabriel/Disk/Research/research-javascript-test-smells/repositories/bootstrap-vue-dev/src/components/time/time.spec.js,Duplicate Assert,"{'line': 35, 'column': 4, 'index': 1441}","  33 |     expect($spinWrap.classes()).toContain('d-flex')
  34 |     expect($spinWrap.classes()).toContain('align-items-center')
> 35 |     expect($spinWrap.classes()).toContain('justify-content-center')
     |    ^ Duplicate Assert
  36 |     expect($spinWrap.classes()).toContain('mx-auto')
  37 |
  38 |     wrapper.destroy()"
/home/gabriel/Disk/Research/research-javascript-test-smells/repositories/bootstrap-vue-dev/src/components/time/time.spec.js,Duplicate Assert,"{'line': 36, 'column': 4, 'index': 1509}","  34 |     expect($spinWrap.classes()).toContain('align-items-center')
  35 |     expect($spinWrap.classes()).toContain('justify-content-center')
> 36 |     expect($spinWrap.classes()).toContain('mx-auto')
     |    ^ Duplicate Assert
  37 |
  38 |     wrapper.destroy()
  39 |   })"
/home/gabriel/Disk/Research/research-javascript-test-smells/repositories/bootstrap-vue-dev/src/components/time/time.spec.js,Duplicate Assert,"{'line': 57, 'column': 4, 'index': 2011}","  55 |     const $spinners = wrapper.findAll('[role=""spinbutton""]')
  56 |     expect($spinners.length).toBe(3)
> 57 |     expect($spinners.at(0).text()).toEqual('13')
     |    ^ Duplicate Assert
  58 |     expect($spinners.at(1).text()).toEqual('14')
  59 |     expect($spinners.at(2).text()).toEqual('15')
  60 |"
/home/gabriel/Disk/Research/research-javascript-test-smells/repositories/bootstrap-vue-dev/src/components/time/time.spec.js,Duplicate Assert,"{'line': 58, 'column': 4, 'index': 2060}","  56 |     expect($spinners.length).toBe(3)
  57 |     expect($spinners.at(0).text()).toEqual('13')
> 58 |     expect($spinners.at(1).text()).toEqual('14')
     |    ^ Duplicate Assert
  59 |     expect($spinners.at(2).text()).toEqual('15')
  60 |
  61 |     await wrapper.setProps({ value: '01:02:03' })"
/home/gabriel/Disk/Research/research-javascript-test-smells/repositories/bootstrap-vue-dev/src/components/time/time.spec.js,Duplicate Assert,"{'line': 59, 'column': 4, 'index': 2109}","  57 |     expect($spinners.at(0).text()).toEqual('13')
  58 |     expect($spinners.at(1).text()).toEqual('14')
> 59 |     expect($spinners.at(2).text()).toEqual('15')
     |    ^ Duplicate Assert
  60 |
  61 |     await wrapper.setProps({ value: '01:02:03' })
  62 |     await waitRAF()"
/home/gabriel/Disk/Research/research-javascript-test-smells/repositories/bootstrap-vue-dev/src/components/time/time.spec.js,Duplicate Assert,"{'line': 63, 'column': 4, 'index': 2229}","  61 |     await wrapper.setProps({ value: '01:02:03' })
  62 |     await waitRAF()
> 63 |     expect($spinners.at(0).text()).toEqual('01')
     |    ^ Duplicate Assert
  64 |     expect($spinners.at(1).text()).toEqual('02')
  65 |     expect($spinners.at(2).text()).toEqual('03')
  66 |"
/home/gabriel/Disk/Research/research-javascript-test-smells/repositories/bootstrap-vue-dev/src/components/time/time.spec.js,Duplicate Assert,"{'line': 64, 'column': 4, 'index': 2278}","  62 |     await waitRAF()
  63 |     expect($spinners.at(0).text()).toEqual('01')
> 64 |     expect($spinners.at(1).text()).toEqual('02')
     |    ^ Duplicate Assert
  65 |     expect($spinners.at(2).text()).toEqual('03')
  66 |
  67 |     wrapper.destroy()"
/home/gabriel/Disk/Research/research-javascript-test-smells/repositories/bootstrap-vue-dev/src/components/time/time.spec.js,Duplicate Assert,"{'line': 65, 'column': 4, 'index': 2327}","  63 |     expect($spinners.at(0).text()).toEqual('01')
  64 |     expect($spinners.at(1).text()).toEqual('02')
> 65 |     expect($spinners.at(2).text()).toEqual('03')
     |    ^ Duplicate Assert
  66 |
  67 |     wrapper.destroy()
  68 |   })"
/home/gabriel/Disk/Research/research-javascript-test-smells/repositories/bootstrap-vue-dev/src/components/time/time.spec.js,Duplicate Assert,"{'line': 85, 'column': 4, 'index': 2804}","  83 |     const $spinners = wrapper.findAll('[role=""spinbutton""]')
  84 |     expect($spinners.length).toBe(3)
> 85 |     expect($spinners.at(0).text()).toEqual('01')
     |    ^ Duplicate Assert
  86 |     expect($spinners.at(1).text()).toEqual('02')
  87 |     expect($spinners.at(2).text()).toEqual('AM')
  88 |"
/home/gabriel/Disk/Research/research-javascript-test-smells/repositories/bootstrap-vue-dev/src/components/time/time.spec.js,Duplicate Assert,"{'line': 85, 'column': 4, 'index': 2804}","  83 |     const $spinners = wrapper.findAll('[role=""spinbutton""]')
  84 |     expect($spinners.length).toBe(3)
> 85 |     expect($spinners.at(0).text()).toEqual('01')
     |    ^ Duplicate Assert
  86 |     expect($spinners.at(1).text()).toEqual('02')
  87 |     expect($spinners.at(2).text()).toEqual('AM')
  88 |"
/home/gabriel/Disk/Research/research-javascript-test-smells/repositories/bootstrap-vue-dev/src/components/time/time.spec.js,Duplicate Assert,"{'line': 86, 'column': 4, 'index': 2853}","  84 |     expect($spinners.length).toBe(3)
  85 |     expect($spinners.at(0).text()).toEqual('01')
> 86 |     expect($spinners.at(1).text()).toEqual('02')
     |    ^ Duplicate Assert
  87 |     expect($spinners.at(2).text()).toEqual('AM')
  88 |
  89 |     await wrapper.setProps({ value: '13:14:00' })"
/home/gabriel/Disk/Research/research-javascript-test-smells/repositories/bootstrap-vue-dev/src/components/time/time.spec.js,Duplicate Assert,"{'line': 87, 'column': 4, 'index': 2902}","  85 |     expect($spinners.at(0).text()).toEqual('01')
  86 |     expect($spinners.at(1).text()).toEqual('02')
> 87 |     expect($spinners.at(2).text()).toEqual('AM')
     |    ^ Duplicate Assert
  88 |
  89 |     await wrapper.setProps({ value: '13:14:00' })
  90 |     await waitRAF()"
/home/gabriel/Disk/Research/research-javascript-test-smells/repositories/bootstrap-vue-dev/src/components/time/time.spec.js,Duplicate Assert,"{'line': 91, 'column': 4, 'index': 3022}","  89 |     await wrapper.setProps({ value: '13:14:00' })
  90 |     await waitRAF()
> 91 |     expect($spinners.at(0).text()).toEqual('01')
     |    ^ Duplicate Assert
  92 |     expect($spinners.at(1).text()).toEqual('14')
  93 |     expect($spinners.at(2).text()).toEqual('PM')
  94 |"
/home/gabriel/Disk/Research/research-javascript-test-smells/repositories/bootstrap-vue-dev/src/components/time/time.spec.js,Duplicate Assert,"{'line': 91, 'column': 4, 'index': 3022}","  89 |     await wrapper.setProps({ value: '13:14:00' })
  90 |     await waitRAF()
> 91 |     expect($spinners.at(0).text()).toEqual('01')
     |    ^ Duplicate Assert
  92 |     expect($spinners.at(1).text()).toEqual('14')
  93 |     expect($spinners.at(2).text()).toEqual('PM')
  94 |"
/home/gabriel/Disk/Research/research-javascript-test-smells/repositories/bootstrap-vue-dev/src/components/time/time.spec.js,Duplicate Assert,"{'line': 92, 'column': 4, 'index': 3071}","  90 |     await waitRAF()
  91 |     expect($spinners.at(0).text()).toEqual('01')
> 92 |     expect($spinners.at(1).text()).toEqual('14')
     |    ^ Duplicate Assert
  93 |     expect($spinners.at(2).text()).toEqual('PM')
  94 |
  95 |     wrapper.destroy()"
/home/gabriel/Disk/Research/research-javascript-test-smells/repositories/bootstrap-vue-dev/src/components/time/time.spec.js,Duplicate Assert,"{'line': 93, 'column': 4, 'index': 3120}","  91 |     expect($spinners.at(0).text()).toEqual('01')
  92 |     expect($spinners.at(1).text()).toEqual('14')
> 93 |     expect($spinners.at(2).text()).toEqual('PM')
     |    ^ Duplicate Assert
  94 |
  95 |     wrapper.destroy()
  96 |   })"
/home/gabriel/Disk/Research/research-javascript-test-smells/repositories/bootstrap-vue-dev/src/components/time/time.spec.js,Duplicate Assert,"{'line': 113, 'column': 4, 'index': 3599}","  111 |     const $spinners = wrapper.findAll('[role=""spinbutton""]')
  112 |     expect($spinners.length).toBe(2)
> 113 |     expect($spinners.at(0).text()).toEqual('01')
      |    ^ Duplicate Assert
  114 |     expect($spinners.at(1).text()).toEqual('02')
  115 |
  116 |     await wrapper.setProps({ value: '13:14:00' })"
/home/gabriel/Disk/Research/research-javascript-test-smells/repositories/bootstrap-vue-dev/src/components/time/time.spec.js,Duplicate Assert,"{'line': 114, 'column': 4, 'index': 3648}","  112 |     expect($spinners.length).toBe(2)
  113 |     expect($spinners.at(0).text()).toEqual('01')
> 114 |     expect($spinners.at(1).text()).toEqual('02')
      |    ^ Duplicate Assert
  115 |
  116 |     await wrapper.setProps({ value: '13:14:00' })
  117 |     await waitRAF()"
/home/gabriel/Disk/Research/research-javascript-test-smells/repositories/bootstrap-vue-dev/src/components/time/time.spec.js,Duplicate Assert,"{'line': 118, 'column': 4, 'index': 3768}","  116 |     await wrapper.setProps({ value: '13:14:00' })
  117 |     await waitRAF()
> 118 |     expect($spinners.at(0).text()).toEqual('13')
      |    ^ Duplicate Assert
  119 |     expect($spinners.at(1).text()).toEqual('14')
  120 |
  121 |     wrapper.destroy()"
/home/gabriel/Disk/Research/research-javascript-test-smells/repositories/bootstrap-vue-dev/src/components/time/time.spec.js,Duplicate Assert,"{'line': 119, 'column': 4, 'index': 3817}","  117 |     await waitRAF()
  118 |     expect($spinners.at(0).text()).toEqual('13')
> 119 |     expect($spinners.at(1).text()).toEqual('14')
      |    ^ Duplicate Assert
  120 |
  121 |     wrapper.destroy()
  122 |   })"
/home/gabriel/Disk/Research/research-javascript-test-smells/repositories/bootstrap-vue-dev/src/components/time/time.spec.js,Duplicate Assert,"{'line': 203, 'column': 4, 'index': 5770}","  201 |     await waitRAF()
  202 |
> 203 |     expect(wrapper.emitted('input')).toBeUndefined()
      |    ^ Duplicate Assert
  204 |
  205 |     const $spinners = wrapper.findAll('[role=""spinbutton""]')
  206 |     expect($spinners.length).toBe(4)"
/home/gabriel/Disk/Research/research-javascript-test-smells/repositories/bootstrap-vue-dev/src/components/time/time.spec.js,Duplicate Assert,"{'line': 216, 'column': 4, 'index': 6163}","  214 |     await $hours.trigger('keyup.up')
  215 |     await waitRAF()
> 216 |     expect(wrapper.emitted('input')).toBeDefined()
      |    ^ Duplicate Assert
  217 |     expect(wrapper.emitted('input').length).toBe(1)
  218 |     expect(wrapper.emitted('input')[0][0]).toBe('01:00:00')
  219 |"
/home/gabriel/Disk/Research/research-javascript-test-smells/repositories/bootstrap-vue-dev/src/components/time/time.spec.js,Duplicate Assert,"{'line': 217, 'column': 4, 'index': 6214}","  215 |     await waitRAF()
  216 |     expect(wrapper.emitted('input')).toBeDefined()
> 217 |     expect(wrapper.emitted('input').length).toBe(1)
      |    ^ Duplicate Assert
  218 |     expect(wrapper.emitted('input')[0][0]).toBe('01:00:00')
  219 |
  220 |     await $minutes.trigger('keydown.up')"
/home/gabriel/Disk/Research/research-javascript-test-smells/repositories/bootstrap-vue-dev/src/components/time/time.spec.js,Duplicate Assert,"{'line': 223, 'column': 4, 'index': 6427}","  221 |     await $minutes.trigger('keyup.up')
  222 |     await waitRAF()
> 223 |     expect(wrapper.emitted('input').length).toBe(2)
      |    ^ Duplicate Assert
  224 |     expect(wrapper.emitted('input')[1][0]).toBe('01:01:00')
  225 |
  226 |     await $seconds.trigger('keydown.up')"
/home/gabriel/Disk/Research/research-javascript-test-smells/repositories/bootstrap-vue-dev/src/components/time/time.spec.js,Duplicate Assert,"{'line': 229, 'column': 4, 'index': 6640}","  227 |     await $seconds.trigger('keyup.up')
  228 |     await waitRAF()
> 229 |     expect(wrapper.emitted('input').length).toBe(3)
      |    ^ Duplicate Assert
  230 |     expect(wrapper.emitted('input')[2][0]).toBe('01:01:01')
  231 |
  232 |     await $ampm.trigger('keydown.up')"
/home/gabriel/Disk/Research/research-javascript-test-smells/repositories/bootstrap-vue-dev/src/components/time/time.spec.js,Duplicate Assert,"{'line': 235, 'column': 4, 'index': 6847}","  233 |     await $ampm.trigger('keyup.up')
  234 |     await waitRAF()
> 235 |     expect(wrapper.emitted('input').length).toBe(4)
      |    ^ Duplicate Assert
  236 |     expect(wrapper.emitted('input')[3][0]).toBe('13:01:01')
  237 |
  238 |     await $ampm.trigger('keydown.up')"
/home/gabriel/Disk/Research/research-javascript-test-smells/repositories/bootstrap-vue-dev/src/components/time/time.spec.js,Duplicate Assert,"{'line': 241, 'column': 4, 'index': 7054}","  239 |     await $ampm.trigger('keyup.up')
  240 |     await waitRAF()
> 241 |     expect(wrapper.emitted('input').length).toBe(5)
      |    ^ Duplicate Assert
  242 |     expect(wrapper.emitted('input')[4][0]).toBe('01:01:01')
  243 |
  244 |     wrapper.destroy()"
/home/gabriel/Disk/Research/research-javascript-test-smells/repositories/bootstrap-vue-dev/src/components/time/time.spec.js,Duplicate Assert,"{'line': 259, 'column': 4, 'index': 7520}","  257 |     expect($hours.exists()).toBe(true)
  258 |
> 259 |     expect(document.activeElement).not.toBe($hours.element)
      |    ^ Duplicate Assert
  260 |
  261 |     wrapper.vm.focus()
  262 |     await waitNT(wrapper.vm)"
/home/gabriel/Disk/Research/research-javascript-test-smells/repositories/bootstrap-vue-dev/src/components/time/time.spec.js,Duplicate Assert,"{'line': 259, 'column': 4, 'index': 7520}","  257 |     expect($hours.exists()).toBe(true)
  258 |
> 259 |     expect(document.activeElement).not.toBe($hours.element)
      |    ^ Duplicate Assert
  260 |
  261 |     wrapper.vm.focus()
  262 |     await waitNT(wrapper.vm)"
/home/gabriel/Disk/Research/research-javascript-test-smells/repositories/bootstrap-vue-dev/src/components/time/time.spec.js,Duplicate Assert,"{'line': 265, 'column': 4, 'index': 7654}","  263 |     await waitRAF()
  264 |
> 265 |     expect(document.activeElement).toBe($hours.element)
      |    ^ Duplicate Assert
  266 |
  267 |     wrapper.vm.blur()
  268 |     await waitNT(wrapper.vm)"
/home/gabriel/Disk/Research/research-javascript-test-smells/repositories/bootstrap-vue-dev/src/components/time/time.spec.js,Duplicate Assert,"{'line': 271, 'column': 4, 'index': 7783}","  269 |     await waitRAF()
  270 |
> 271 |     expect(document.activeElement).not.toBe($hours.element)
      |    ^ Duplicate Assert
  272 |
  273 |     wrapper.destroy()
  274 |   })"
/home/gabriel/Disk/Research/research-javascript-test-smells/repositories/bootstrap-vue-dev/src/components/time/time.spec.js,Duplicate Assert,"{'line': 271, 'column': 4, 'index': 7783}","  269 |     await waitRAF()
  270 |
> 271 |     expect(document.activeElement).not.toBe($hours.element)
      |    ^ Duplicate Assert
  272 |
  273 |     wrapper.destroy()
  274 |   })"
/home/gabriel/Disk/Research/research-javascript-test-smells/repositories/bootstrap-vue-dev/src/components/time/time.spec.js,Duplicate Assert,"{'line': 299, 'column': 4, 'index': 8462}","  297 |     const $ampm = $spinners.at(3)
  298 |
> 299 |     expect(document.activeElement).not.toBe($hours.element)
      |    ^ Duplicate Assert
  300 |     expect(document.activeElement).not.toBe($minutes.element)
  301 |     expect(document.activeElement).not.toBe($seconds.element)
  302 |     expect(document.activeElement).not.toBe($ampm.element)"
/home/gabriel/Disk/Research/research-javascript-test-smells/repositories/bootstrap-vue-dev/src/components/time/time.spec.js,Duplicate Assert,"{'line': 300, 'column': 4, 'index': 8522}","  298 |
  299 |     expect(document.activeElement).not.toBe($hours.element)
> 300 |     expect(document.activeElement).not.toBe($minutes.element)
      |    ^ Duplicate Assert
  301 |     expect(document.activeElement).not.toBe($seconds.element)
  302 |     expect(document.activeElement).not.toBe($ampm.element)
  303 |"
/home/gabriel/Disk/Research/research-javascript-test-smells/repositories/bootstrap-vue-dev/src/components/time/time.spec.js,Duplicate Assert,"{'line': 301, 'column': 4, 'index': 8584}","  299 |     expect(document.activeElement).not.toBe($hours.element)
  300 |     expect(document.activeElement).not.toBe($minutes.element)
> 301 |     expect(document.activeElement).not.toBe($seconds.element)
      |    ^ Duplicate Assert
  302 |     expect(document.activeElement).not.toBe($ampm.element)
  303 |
  304 |     wrapper.vm.focus()"
/home/gabriel/Disk/Research/research-javascript-test-smells/repositories/bootstrap-vue-dev/src/components/time/time.spec.js,Duplicate Assert,"{'line': 302, 'column': 4, 'index': 8646}","  300 |     expect(document.activeElement).not.toBe($minutes.element)
  301 |     expect(document.activeElement).not.toBe($seconds.element)
> 302 |     expect(document.activeElement).not.toBe($ampm.element)
      |    ^ Duplicate Assert
  303 |
  304 |     wrapper.vm.focus()
  305 |     await waitNT(wrapper.vm)"
/home/gabriel/Disk/Research/research-javascript-test-smells/repositories/bootstrap-vue-dev/src/components/time/time.spec.js,Duplicate Assert,"{'line': 308, 'column': 4, 'index': 8779}","  306 |     await waitRAF()
  307 |
> 308 |     expect(document.activeElement).toBe($hours.element)
      |    ^ Duplicate Assert
  309 |
  310 |     await $hours.trigger('keydown.right')
  311 |     expect(document.activeElement).toBe($minutes.element)"
/home/gabriel/Disk/Research/research-javascript-test-smells/repositories/bootstrap-vue-dev/src/components/time/time.spec.js,Duplicate Assert,"{'line': 308, 'column': 4, 'index': 8779}","  306 |     await waitRAF()
  307 |
> 308 |     expect(document.activeElement).toBe($hours.element)
      |    ^ Duplicate Assert
  309 |
  310 |     await $hours.trigger('keydown.right')
  311 |     expect(document.activeElement).toBe($minutes.element)"
/home/gabriel/Disk/Research/research-javascript-test-smells/repositories/bootstrap-vue-dev/src/components/time/time.spec.js,Duplicate Assert,"{'line': 311, 'column': 4, 'index': 8878}","  309 |
  310 |     await $hours.trigger('keydown.right')
> 311 |     expect(document.activeElement).toBe($minutes.element)
      |    ^ Duplicate Assert
  312 |
  313 |     await $minutes.trigger('keydown.right')
  314 |     expect(document.activeElement).toBe($seconds.element)"
/home/gabriel/Disk/Research/research-javascript-test-smells/repositories/bootstrap-vue-dev/src/components/time/time.spec.js,Duplicate Assert,"{'line': 314, 'column': 4, 'index': 8981}","  312 |
  313 |     await $minutes.trigger('keydown.right')
> 314 |     expect(document.activeElement).toBe($seconds.element)
      |    ^ Duplicate Assert
  315 |
  316 |     await $seconds.trigger('keydown.right')
  317 |     expect(document.activeElement).toBe($ampm.element)"
/home/gabriel/Disk/Research/research-javascript-test-smells/repositories/bootstrap-vue-dev/src/components/time/time.spec.js,Duplicate Assert,"{'line': 314, 'column': 4, 'index': 8981}","  312 |
  313 |     await $minutes.trigger('keydown.right')
> 314 |     expect(document.activeElement).toBe($seconds.element)
      |    ^ Duplicate Assert
  315 |
  316 |     await $seconds.trigger('keydown.right')
  317 |     expect(document.activeElement).toBe($ampm.element)"
/home/gabriel/Disk/Research/research-javascript-test-smells/repositories/bootstrap-vue-dev/src/components/time/time.spec.js,Duplicate Assert,"{'line': 317, 'column': 4, 'index': 9084}","  315 |
  316 |     await $seconds.trigger('keydown.right')
> 317 |     expect(document.activeElement).toBe($ampm.element)
      |    ^ Duplicate Assert
  318 |
  319 |     await $ampm.trigger('keydown.right')
  320 |     expect(document.activeElement).toBe($hours.element)"
/home/gabriel/Disk/Research/research-javascript-test-smells/repositories/bootstrap-vue-dev/src/components/time/time.spec.js,Duplicate Assert,"{'line': 317, 'column': 4, 'index': 9084}","  315 |
  316 |     await $seconds.trigger('keydown.right')
> 317 |     expect(document.activeElement).toBe($ampm.element)
      |    ^ Duplicate Assert
  318 |
  319 |     await $ampm.trigger('keydown.right')
  320 |     expect(document.activeElement).toBe($hours.element)"
/home/gabriel/Disk/Research/research-javascript-test-smells/repositories/bootstrap-vue-dev/src/components/time/time.spec.js,Duplicate Assert,"{'line': 320, 'column': 4, 'index': 9181}","  318 |
  319 |     await $ampm.trigger('keydown.right')
> 320 |     expect(document.activeElement).toBe($hours.element)
      |    ^ Duplicate Assert
  321 |
  322 |     await $hours.trigger('keydown.left')
  323 |     expect(document.activeElement).toBe($ampm.element)"
/home/gabriel/Disk/Research/research-javascript-test-smells/repositories/bootstrap-vue-dev/src/components/time/time.spec.js,Duplicate Assert,"{'line': 320, 'column': 4, 'index': 9181}","  318 |
  319 |     await $ampm.trigger('keydown.right')
> 320 |     expect(document.activeElement).toBe($hours.element)
      |    ^ Duplicate Assert
  321 |
  322 |     await $hours.trigger('keydown.left')
  323 |     expect(document.activeElement).toBe($ampm.element)"
/home/gabriel/Disk/Research/research-javascript-test-smells/repositories/bootstrap-vue-dev/src/components/time/time.spec.js,Duplicate Assert,"{'line': 323, 'column': 4, 'index': 9279}","  321 |
  322 |     await $hours.trigger('keydown.left')
> 323 |     expect(document.activeElement).toBe($ampm.element)
      |    ^ Duplicate Assert
  324 |
  325 |     await $ampm.trigger('keydown.left')
  326 |     expect(document.activeElement).toBe($seconds.element)"
/home/gabriel/Disk/Research/research-javascript-test-smells/repositories/bootstrap-vue-dev/src/components/time/time.spec.js,Duplicate Assert,"{'line': 323, 'column': 4, 'index': 9279}","  321 |
  322 |     await $hours.trigger('keydown.left')
> 323 |     expect(document.activeElement).toBe($ampm.element)
      |    ^ Duplicate Assert
  324 |
  325 |     await $ampm.trigger('keydown.left')
  326 |     expect(document.activeElement).toBe($seconds.element)"
/home/gabriel/Disk/Research/research-javascript-test-smells/repositories/bootstrap-vue-dev/src/components/time/time.spec.js,Duplicate Assert,"{'line': 326, 'column': 4, 'index': 9375}","  324 |
  325 |     await $ampm.trigger('keydown.left')
> 326 |     expect(document.activeElement).toBe($seconds.element)
      |    ^ Duplicate Assert
  327 |
  328 |     wrapper.destroy()
  329 |   })"
/home/gabriel/Disk/Research/research-javascript-test-smells/repositories/bootstrap-vue-dev/src/components/time/time.spec.js,Duplicate Assert,"{'line': 326, 'column': 4, 'index': 9375}","  324 |
  325 |     await $ampm.trigger('keydown.left')
> 326 |     expect(document.activeElement).toBe($seconds.element)
      |    ^ Duplicate Assert
  327 |
  328 |     wrapper.destroy()
  329 |   })"
/home/gabriel/Disk/Research/research-javascript-test-smells/repositories/bootstrap-vue-dev/src/components/time/time.spec.js,Magic Number,"{'line': 56, 'column': 34, 'index': 2004}","  54 |
  55 |     const $spinners = wrapper.findAll('[role=""spinbutton""]')
> 56 |     expect($spinners.length).toBe(3)
     |                                  ^ Magic Number
  57 |     expect($spinners.at(0).text()).toEqual('13')
  58 |     expect($spinners.at(1).text()).toEqual('14')
  59 |     expect($spinners.at(2).text()).toEqual('15')"
/home/gabriel/Disk/Research/research-javascript-test-smells/repositories/bootstrap-vue-dev/src/components/time/time.spec.js,Magic Number,"{'line': 84, 'column': 34, 'index': 2797}","  82 |
  83 |     const $spinners = wrapper.findAll('[role=""spinbutton""]')
> 84 |     expect($spinners.length).toBe(3)
     |                                  ^ Magic Number
  85 |     expect($spinners.at(0).text()).toEqual('01')
  86 |     expect($spinners.at(1).text()).toEqual('02')
  87 |     expect($spinners.at(2).text()).toEqual('AM')"
/home/gabriel/Disk/Research/research-javascript-test-smells/repositories/bootstrap-vue-dev/src/components/time/time.spec.js,Magic Number,"{'line': 112, 'column': 34, 'index': 3592}","  110 |
  111 |     const $spinners = wrapper.findAll('[role=""spinbutton""]')
> 112 |     expect($spinners.length).toBe(2)
      |                                  ^ Magic Number
  113 |     expect($spinners.at(0).text()).toEqual('01')
  114 |     expect($spinners.at(1).text()).toEqual('02')
  115 |"
/home/gabriel/Disk/Research/research-javascript-test-smells/repositories/bootstrap-vue-dev/src/components/time/time.spec.js,Magic Number,"{'line': 139, 'column': 34, 'index': 4321}","  137 |
  138 |     const $spinners = wrapper.findAll('[role=""spinbutton""]')
> 139 |     expect($spinners.length).toBe(3)
      |                                  ^ Magic Number
  140 |
  141 |     expect($spinners.at(0).text()).toEqual('01')
  142 |     expect($spinners.at(1).text()).toEqual('02')"
/home/gabriel/Disk/Research/research-javascript-test-smells/repositories/bootstrap-vue-dev/src/components/time/time.spec.js,Magic Number,"{'line': 206, 'column': 34, 'index': 5915}","  204 |
  205 |     const $spinners = wrapper.findAll('[role=""spinbutton""]')
> 206 |     expect($spinners.length).toBe(4)
      |                                  ^ Magic Number
  207 |
  208 |     const $hours = $spinners.at(0)
  209 |     const $minutes = $spinners.at(1)"
/home/gabriel/Disk/Research/research-javascript-test-smells/repositories/bootstrap-vue-dev/src/components/time/time.spec.js,Magic Number,"{'line': 217, 'column': 49, 'index': 6259}","  215 |     await waitRAF()
  216 |     expect(wrapper.emitted('input')).toBeDefined()
> 217 |     expect(wrapper.emitted('input').length).toBe(1)
      |                                                 ^ Magic Number
  218 |     expect(wrapper.emitted('input')[0][0]).toBe('01:00:00')
  219 |
  220 |     await $minutes.trigger('keydown.up')"
/home/gabriel/Disk/Research/research-javascript-test-smells/repositories/bootstrap-vue-dev/src/components/time/time.spec.js,Magic Number,"{'line': 223, 'column': 49, 'index': 6472}","  221 |     await $minutes.trigger('keyup.up')
  222 |     await waitRAF()
> 223 |     expect(wrapper.emitted('input').length).toBe(2)
      |                                                 ^ Magic Number
  224 |     expect(wrapper.emitted('input')[1][0]).toBe('01:01:00')
  225 |
  226 |     await $seconds.trigger('keydown.up')"
/home/gabriel/Disk/Research/research-javascript-test-smells/repositories/bootstrap-vue-dev/src/components/time/time.spec.js,Magic Number,"{'line': 229, 'column': 49, 'index': 6685}","  227 |     await $seconds.trigger('keyup.up')
  228 |     await waitRAF()
> 229 |     expect(wrapper.emitted('input').length).toBe(3)
      |                                                 ^ Magic Number
  230 |     expect(wrapper.emitted('input')[2][0]).toBe('01:01:01')
  231 |
  232 |     await $ampm.trigger('keydown.up')"
/home/gabriel/Disk/Research/research-javascript-test-smells/repositories/bootstrap-vue-dev/src/components/time/time.spec.js,Magic Number,"{'line': 235, 'column': 49, 'index': 6892}","  233 |     await $ampm.trigger('keyup.up')
  234 |     await waitRAF()
> 235 |     expect(wrapper.emitted('input').length).toBe(4)
      |                                                 ^ Magic Number
  236 |     expect(wrapper.emitted('input')[3][0]).toBe('13:01:01')
  237 |
  238 |     await $ampm.trigger('keydown.up')"
/home/gabriel/Disk/Research/research-javascript-test-smells/repositories/bootstrap-vue-dev/src/components/time/time.spec.js,Magic Number,"{'line': 241, 'column': 49, 'index': 7099}","  239 |     await $ampm.trigger('keyup.up')
  240 |     await waitRAF()
> 241 |     expect(wrapper.emitted('input').length).toBe(5)
      |                                                 ^ Magic Number
  242 |     expect(wrapper.emitted('input')[4][0]).toBe('01:01:01')
  243 |
  244 |     wrapper.destroy()"
/home/gabriel/Disk/Research/research-javascript-test-smells/repositories/bootstrap-vue-dev/src/components/time/time.spec.js,Magic Number,"{'line': 292, 'column': 34, 'index': 8310}","  290 |
  291 |     const $spinners = wrapper.findAll('[role=""spinbutton""]')
> 292 |     expect($spinners.length).toBe(4)
      |                                  ^ Magic Number
  293 |
  294 |     const $hours = $spinners.at(0)
  295 |     const $minutes = $spinners.at(1)"
/home/gabriel/Disk/Research/research-javascript-test-smells/repositories/bootstrap-vue-dev/src/components/tabs/tabs.spec.js,Conditional Test Logic,"{'line': 332, 'column': 10, 'index': 10369}","  330 |         preventTab(next, prev, bvEvent) {
  331 |           // Prevent 3rd tab (index === 2) from activating
> 332 |           if (next === 2) {
      |          ^ Conditional Test Logic
  333 |             bvEvent.preventDefault()
  334 |           }
  335 |         }"
/home/gabriel/Disk/Research/research-javascript-test-smells/repositories/bootstrap-vue-dev/src/components/tabs/tabs.spec.js,Duplicate Assert,"{'line': 15, 'column': 4, 'index': 424}","  13 |
  14 |     expect(wrapper.element.tagName).toBe('DIV')
> 15 |     expect(wrapper.classes()).toContain('tabs')
     |    ^ Duplicate Assert
  16 |     expect(wrapper.classes()).not.toContain('row')
  17 |     expect(wrapper.classes()).not.toContain('no-gutters')
  18 |     expect(wrapper.attributes('id')).toBeDefined()"
/home/gabriel/Disk/Research/research-javascript-test-smells/repositories/bootstrap-vue-dev/src/components/tabs/tabs.spec.js,Duplicate Assert,"{'line': 16, 'column': 4, 'index': 472}","  14 |     expect(wrapper.element.tagName).toBe('DIV')
  15 |     expect(wrapper.classes()).toContain('tabs')
> 16 |     expect(wrapper.classes()).not.toContain('row')
     |    ^ Duplicate Assert
  17 |     expect(wrapper.classes()).not.toContain('no-gutters')
  18 |     expect(wrapper.attributes('id')).toBeDefined()
  19 |"
/home/gabriel/Disk/Research/research-javascript-test-smells/repositories/bootstrap-vue-dev/src/components/tabs/tabs.spec.js,Duplicate Assert,"{'line': 17, 'column': 4, 'index': 523}","  15 |     expect(wrapper.classes()).toContain('tabs')
  16 |     expect(wrapper.classes()).not.toContain('row')
> 17 |     expect(wrapper.classes()).not.toContain('no-gutters')
     |    ^ Duplicate Assert
  18 |     expect(wrapper.attributes('id')).toBeDefined()
  19 |
  20 |     wrapper.destroy()"
/home/gabriel/Disk/Research/research-javascript-test-smells/repositories/bootstrap-vue-dev/src/components/tabs/tabs.spec.js,Duplicate Assert,"{'line': 53, 'column': 4, 'index': 1487}","  51 |     expect(wrapper.findAll('.card-header').length).toBe(1)
  52 |     expect(wrapper.findAll('ul').length).toBe(1)
> 53 |     expect(wrapper.find('ul').classes()).toContain('nav')
     |    ^ Duplicate Assert
  54 |     expect(wrapper.find('ul').classes()).toContain('nav-tabs')
  55 |     expect(wrapper.find('ul').classes()).toContain('card-header-tabs')
  56 |"
/home/gabriel/Disk/Research/research-javascript-test-smells/repositories/bootstrap-vue-dev/src/components/tabs/tabs.spec.js,Duplicate Assert,"{'line': 54, 'column': 4, 'index': 1545}","  52 |     expect(wrapper.findAll('ul').length).toBe(1)
  53 |     expect(wrapper.find('ul').classes()).toContain('nav')
> 54 |     expect(wrapper.find('ul').classes()).toContain('nav-tabs')
     |    ^ Duplicate Assert
  55 |     expect(wrapper.find('ul').classes()).toContain('card-header-tabs')
  56 |
  57 |     wrapper.destroy()"
/home/gabriel/Disk/Research/research-javascript-test-smells/repositories/bootstrap-vue-dev/src/components/tabs/tabs.spec.js,Duplicate Assert,"{'line': 55, 'column': 4, 'index': 1608}","  53 |     expect(wrapper.find('ul').classes()).toContain('nav')
  54 |     expect(wrapper.find('ul').classes()).toContain('nav-tabs')
> 55 |     expect(wrapper.find('ul').classes()).toContain('card-header-tabs')
     |    ^ Duplicate Assert
  56 |
  57 |     wrapper.destroy()
  58 |   })"
/home/gabriel/Disk/Research/research-javascript-test-smells/repositories/bootstrap-vue-dev/src/components/tabs/tabs.spec.js,Duplicate Assert,"{'line': 75, 'column': 4, 'index': 2142}","  73 |
  74 |     expect(wrapper.element.tagName).toBe('DIV')
> 75 |     expect(wrapper.classes()).toContain('tabs')
     |    ^ Duplicate Assert
  76 |     expect(wrapper.classes()).toContain('row')
  77 |     expect(wrapper.classes()).toContain('no-gutters')
  78 |     expect(wrapper.findAll('.card-header').length).toBe(1)"
/home/gabriel/Disk/Research/research-javascript-test-smells/repositories/bootstrap-vue-dev/src/components/tabs/tabs.spec.js,Duplicate Assert,"{'line': 76, 'column': 4, 'index': 2190}","  74 |     expect(wrapper.element.tagName).toBe('DIV')
  75 |     expect(wrapper.classes()).toContain('tabs')
> 76 |     expect(wrapper.classes()).toContain('row')
     |    ^ Duplicate Assert
  77 |     expect(wrapper.classes()).toContain('no-gutters')
  78 |     expect(wrapper.findAll('.card-header').length).toBe(1)
  79 |     expect(wrapper.findAll('ul').length).toBe(1)"
/home/gabriel/Disk/Research/research-javascript-test-smells/repositories/bootstrap-vue-dev/src/components/tabs/tabs.spec.js,Duplicate Assert,"{'line': 77, 'column': 4, 'index': 2237}","  75 |     expect(wrapper.classes()).toContain('tabs')
  76 |     expect(wrapper.classes()).toContain('row')
> 77 |     expect(wrapper.classes()).toContain('no-gutters')
     |    ^ Duplicate Assert
  78 |     expect(wrapper.findAll('.card-header').length).toBe(1)
  79 |     expect(wrapper.findAll('ul').length).toBe(1)
  80 |     expect(wrapper.find('ul').classes()).toContain('nav')"
/home/gabriel/Disk/Research/research-javascript-test-smells/repositories/bootstrap-vue-dev/src/components/tabs/tabs.spec.js,Duplicate Assert,"{'line': 80, 'column': 4, 'index': 2399}","  78 |     expect(wrapper.findAll('.card-header').length).toBe(1)
  79 |     expect(wrapper.findAll('ul').length).toBe(1)
> 80 |     expect(wrapper.find('ul').classes()).toContain('nav')
     |    ^ Duplicate Assert
  81 |     expect(wrapper.find('ul').classes()).toContain('nav-tabs')
  82 |     expect(wrapper.find('ul').classes()).toContain('card-header')
  83 |     expect(wrapper.find('ul').classes()).toContain('flex-column')"
/home/gabriel/Disk/Research/research-javascript-test-smells/repositories/bootstrap-vue-dev/src/components/tabs/tabs.spec.js,Duplicate Assert,"{'line': 81, 'column': 4, 'index': 2457}","  79 |     expect(wrapper.findAll('ul').length).toBe(1)
  80 |     expect(wrapper.find('ul').classes()).toContain('nav')
> 81 |     expect(wrapper.find('ul').classes()).toContain('nav-tabs')
     |    ^ Duplicate Assert
  82 |     expect(wrapper.find('ul').classes()).toContain('card-header')
  83 |     expect(wrapper.find('ul').classes()).toContain('flex-column')
  84 |     expect(wrapper.find('ul').classes()).toContain('h-100')"
/home/gabriel/Disk/Research/research-javascript-test-smells/repositories/bootstrap-vue-dev/src/components/tabs/tabs.spec.js,Duplicate Assert,"{'line': 82, 'column': 4, 'index': 2520}","  80 |     expect(wrapper.find('ul').classes()).toContain('nav')
  81 |     expect(wrapper.find('ul').classes()).toContain('nav-tabs')
> 82 |     expect(wrapper.find('ul').classes()).toContain('card-header')
     |    ^ Duplicate Assert
  83 |     expect(wrapper.find('ul').classes()).toContain('flex-column')
  84 |     expect(wrapper.find('ul').classes()).toContain('h-100')
  85 |     expect(wrapper.find('ul').classes()).toContain('border-bottom-0')"
/home/gabriel/Disk/Research/research-javascript-test-smells/repositories/bootstrap-vue-dev/src/components/tabs/tabs.spec.js,Duplicate Assert,"{'line': 83, 'column': 4, 'index': 2586}","  81 |     expect(wrapper.find('ul').classes()).toContain('nav-tabs')
  82 |     expect(wrapper.find('ul').classes()).toContain('card-header')
> 83 |     expect(wrapper.find('ul').classes()).toContain('flex-column')
     |    ^ Duplicate Assert
  84 |     expect(wrapper.find('ul').classes()).toContain('h-100')
  85 |     expect(wrapper.find('ul').classes()).toContain('border-bottom-0')
  86 |     expect(wrapper.find('ul').classes()).toContain('rounded-0')"
/home/gabriel/Disk/Research/research-javascript-test-smells/repositories/bootstrap-vue-dev/src/components/tabs/tabs.spec.js,Duplicate Assert,"{'line': 84, 'column': 4, 'index': 2652}","  82 |     expect(wrapper.find('ul').classes()).toContain('card-header')
  83 |     expect(wrapper.find('ul').classes()).toContain('flex-column')
> 84 |     expect(wrapper.find('ul').classes()).toContain('h-100')
     |    ^ Duplicate Assert
  85 |     expect(wrapper.find('ul').classes()).toContain('border-bottom-0')
  86 |     expect(wrapper.find('ul').classes()).toContain('rounded-0')
  87 |     expect(wrapper.findAll('.tab-content.col').length).toBe(1)"
/home/gabriel/Disk/Research/research-javascript-test-smells/repositories/bootstrap-vue-dev/src/components/tabs/tabs.spec.js,Duplicate Assert,"{'line': 85, 'column': 4, 'index': 2712}","  83 |     expect(wrapper.find('ul').classes()).toContain('flex-column')
  84 |     expect(wrapper.find('ul').classes()).toContain('h-100')
> 85 |     expect(wrapper.find('ul').classes()).toContain('border-bottom-0')
     |    ^ Duplicate Assert
  86 |     expect(wrapper.find('ul').classes()).toContain('rounded-0')
  87 |     expect(wrapper.findAll('.tab-content.col').length).toBe(1)
  88 |     expect(wrapper.findAll('.col-auto').length).toBe(1)"
/home/gabriel/Disk/Research/research-javascript-test-smells/repositories/bootstrap-vue-dev/src/components/tabs/tabs.spec.js,Duplicate Assert,"{'line': 86, 'column': 4, 'index': 2782}","  84 |     expect(wrapper.find('ul').classes()).toContain('h-100')
  85 |     expect(wrapper.find('ul').classes()).toContain('border-bottom-0')
> 86 |     expect(wrapper.find('ul').classes()).toContain('rounded-0')
     |    ^ Duplicate Assert
  87 |     expect(wrapper.findAll('.tab-content.col').length).toBe(1)
  88 |     expect(wrapper.findAll('.col-auto').length).toBe(1)
  89 |"
/home/gabriel/Disk/Research/research-javascript-test-smells/repositories/bootstrap-vue-dev/src/components/tabs/tabs.spec.js,Duplicate Assert,"{'line': 205, 'column': 4, 'index': 6136}","  203 |
  204 |     // Expect 2nd tab (index 1) to be active
> 205 |     expect($tabs.vm.currentTab).toBe(1)
      |    ^ Duplicate Assert
  206 |     expect($tabs.findAllComponents(BTab).at(0).vm.localActive).toBe(false)
  207 |     expect($tabs.findAllComponents(BTab).at(1).vm.localActive).toBe(true)
  208 |     expect($tabs.findAllComponents(BTab).at(2).vm.localActive).toBe(false)"
/home/gabriel/Disk/Research/research-javascript-test-smells/repositories/bootstrap-vue-dev/src/components/tabs/tabs.spec.js,Duplicate Assert,"{'line': 206, 'column': 4, 'index': 6176}","  204 |     // Expect 2nd tab (index 1) to be active
  205 |     expect($tabs.vm.currentTab).toBe(1)
> 206 |     expect($tabs.findAllComponents(BTab).at(0).vm.localActive).toBe(false)
      |    ^ Duplicate Assert
  207 |     expect($tabs.findAllComponents(BTab).at(1).vm.localActive).toBe(true)
  208 |     expect($tabs.findAllComponents(BTab).at(2).vm.localActive).toBe(false)
  209 |"
/home/gabriel/Disk/Research/research-javascript-test-smells/repositories/bootstrap-vue-dev/src/components/tabs/tabs.spec.js,Duplicate Assert,"{'line': 206, 'column': 4, 'index': 6176}","  204 |     // Expect 2nd tab (index 1) to be active
  205 |     expect($tabs.vm.currentTab).toBe(1)
> 206 |     expect($tabs.findAllComponents(BTab).at(0).vm.localActive).toBe(false)
      |    ^ Duplicate Assert
  207 |     expect($tabs.findAllComponents(BTab).at(1).vm.localActive).toBe(true)
  208 |     expect($tabs.findAllComponents(BTab).at(2).vm.localActive).toBe(false)
  209 |"
/home/gabriel/Disk/Research/research-javascript-test-smells/repositories/bootstrap-vue-dev/src/components/tabs/tabs.spec.js,Duplicate Assert,"{'line': 207, 'column': 4, 'index': 6251}","  205 |     expect($tabs.vm.currentTab).toBe(1)
  206 |     expect($tabs.findAllComponents(BTab).at(0).vm.localActive).toBe(false)
> 207 |     expect($tabs.findAllComponents(BTab).at(1).vm.localActive).toBe(true)
      |    ^ Duplicate Assert
  208 |     expect($tabs.findAllComponents(BTab).at(2).vm.localActive).toBe(false)
  209 |
  210 |     expect($tabs.emitted('input')).toBeDefined()"
/home/gabriel/Disk/Research/research-javascript-test-smells/repositories/bootstrap-vue-dev/src/components/tabs/tabs.spec.js,Duplicate Assert,"{'line': 208, 'column': 4, 'index': 6325}","  206 |     expect($tabs.findAllComponents(BTab).at(0).vm.localActive).toBe(false)
  207 |     expect($tabs.findAllComponents(BTab).at(1).vm.localActive).toBe(true)
> 208 |     expect($tabs.findAllComponents(BTab).at(2).vm.localActive).toBe(false)
      |    ^ Duplicate Assert
  209 |
  210 |     expect($tabs.emitted('input')).toBeDefined()
  211 |     expect($tabs.emitted('input').length).toBe(1)"
/home/gabriel/Disk/Research/research-javascript-test-smells/repositories/bootstrap-vue-dev/src/components/tabs/tabs.spec.js,Duplicate Assert,"{'line': 211, 'column': 4, 'index': 6450}","  209 |
  210 |     expect($tabs.emitted('input')).toBeDefined()
> 211 |     expect($tabs.emitted('input').length).toBe(1)
      |    ^ Duplicate Assert
  212 |     // Should emit index of 1 (2nd tab)
  213 |     expect($tabs.emitted('input')[0][0]).toBe(1)
  214 |"
/home/gabriel/Disk/Research/research-javascript-test-smells/repositories/bootstrap-vue-dev/src/components/tabs/tabs.spec.js,Duplicate Assert,"{'line': 219, 'column': 4, 'index': 6731}","  217 |
  218 |     // Expect last tab (index 2) to be active
> 219 |     expect($tabs.vm.currentTab).toBe(2)
      |    ^ Duplicate Assert
  220 |     expect($tabs.findAllComponents(BTab).at(0).vm.localActive).toBe(false)
  221 |     expect($tabs.findAllComponents(BTab).at(1).vm.localActive).toBe(false)
  222 |     expect($tabs.findAllComponents(BTab).at(2).vm.localActive).toBe(true)"
/home/gabriel/Disk/Research/research-javascript-test-smells/repositories/bootstrap-vue-dev/src/components/tabs/tabs.spec.js,Duplicate Assert,"{'line': 220, 'column': 4, 'index': 6771}","  218 |     // Expect last tab (index 2) to be active
  219 |     expect($tabs.vm.currentTab).toBe(2)
> 220 |     expect($tabs.findAllComponents(BTab).at(0).vm.localActive).toBe(false)
      |    ^ Duplicate Assert
  221 |     expect($tabs.findAllComponents(BTab).at(1).vm.localActive).toBe(false)
  222 |     expect($tabs.findAllComponents(BTab).at(2).vm.localActive).toBe(true)
  223 |     expect($tabs.emitted('input').length).toBe(2)"
/home/gabriel/Disk/Research/research-javascript-test-smells/repositories/bootstrap-vue-dev/src/components/tabs/tabs.spec.js,Duplicate Assert,"{'line': 220, 'column': 4, 'index': 6771}","  218 |     // Expect last tab (index 2) to be active
  219 |     expect($tabs.vm.currentTab).toBe(2)
> 220 |     expect($tabs.findAllComponents(BTab).at(0).vm.localActive).toBe(false)
      |    ^ Duplicate Assert
  221 |     expect($tabs.findAllComponents(BTab).at(1).vm.localActive).toBe(false)
  222 |     expect($tabs.findAllComponents(BTab).at(2).vm.localActive).toBe(true)
  223 |     expect($tabs.emitted('input').length).toBe(2)"
/home/gabriel/Disk/Research/research-javascript-test-smells/repositories/bootstrap-vue-dev/src/components/tabs/tabs.spec.js,Duplicate Assert,"{'line': 221, 'column': 4, 'index': 6846}","  219 |     expect($tabs.vm.currentTab).toBe(2)
  220 |     expect($tabs.findAllComponents(BTab).at(0).vm.localActive).toBe(false)
> 221 |     expect($tabs.findAllComponents(BTab).at(1).vm.localActive).toBe(false)
      |    ^ Duplicate Assert
  222 |     expect($tabs.findAllComponents(BTab).at(2).vm.localActive).toBe(true)
  223 |     expect($tabs.emitted('input').length).toBe(2)
  224 |     expect($tabs.emitted('input')[1][0]).toBe(2)"
/home/gabriel/Disk/Research/research-javascript-test-smells/repositories/bootstrap-vue-dev/src/components/tabs/tabs.spec.js,Duplicate Assert,"{'line': 222, 'column': 4, 'index': 6921}","  220 |     expect($tabs.findAllComponents(BTab).at(0).vm.localActive).toBe(false)
  221 |     expect($tabs.findAllComponents(BTab).at(1).vm.localActive).toBe(false)
> 222 |     expect($tabs.findAllComponents(BTab).at(2).vm.localActive).toBe(true)
      |    ^ Duplicate Assert
  223 |     expect($tabs.emitted('input').length).toBe(2)
  224 |     expect($tabs.emitted('input')[1][0]).toBe(2)
  225 |"
/home/gabriel/Disk/Research/research-javascript-test-smells/repositories/bootstrap-vue-dev/src/components/tabs/tabs.spec.js,Duplicate Assert,"{'line': 223, 'column': 4, 'index': 6995}","  221 |     expect($tabs.findAllComponents(BTab).at(1).vm.localActive).toBe(false)
  222 |     expect($tabs.findAllComponents(BTab).at(2).vm.localActive).toBe(true)
> 223 |     expect($tabs.emitted('input').length).toBe(2)
      |    ^ Duplicate Assert
  224 |     expect($tabs.emitted('input')[1][0]).toBe(2)
  225 |
  226 |     wrapper.destroy()"
/home/gabriel/Disk/Research/research-javascript-test-smells/repositories/bootstrap-vue-dev/src/components/tabs/tabs.spec.js,Duplicate Assert,"{'line': 253, 'column': 4, 'index': 7718}","  251 |
  252 |     // Expect 1st tab (index 0) to be active
> 253 |     expect($tabs.vm.currentTab).toBe(0)
      |    ^ Duplicate Assert
  254 |     expect($tabs.vm.tabs[0].localActive).toBe(true)
  255 |     // It should not emit an input event as the value is the same
  256 |     expect($tabs.emitted('input')).toBeUndefined()"
/home/gabriel/Disk/Research/research-javascript-test-smells/repositories/bootstrap-vue-dev/src/components/tabs/tabs.spec.js,Duplicate Assert,"{'line': 260, 'column': 4, 'index': 8006}","  258 |     // Set 2nd BTab to be active
  259 |     await wrapper.setProps({ activeTab: 1 })
> 260 |     expect($tabs.vm.currentTab).toBe(1)
      |    ^ Duplicate Assert
  261 |     expect($tabs.emitted('input').length).toBe(1)
  262 |     // Should emit index of 1 (2nd tab)
  263 |     expect($tabs.emitted('input')[0][0]).toBe(1)"
/home/gabriel/Disk/Research/research-javascript-test-smells/repositories/bootstrap-vue-dev/src/components/tabs/tabs.spec.js,Duplicate Assert,"{'line': 261, 'column': 4, 'index': 8046}","  259 |     await wrapper.setProps({ activeTab: 1 })
  260 |     expect($tabs.vm.currentTab).toBe(1)
> 261 |     expect($tabs.emitted('input').length).toBe(1)
      |    ^ Duplicate Assert
  262 |     // Should emit index of 1 (2nd tab)
  263 |     expect($tabs.emitted('input')[0][0]).toBe(1)
  264 |"
/home/gabriel/Disk/Research/research-javascript-test-smells/repositories/bootstrap-vue-dev/src/components/tabs/tabs.spec.js,Duplicate Assert,"{'line': 267, 'column': 4, 'index': 8264}","  265 |     // Set 3rd BTab to be active
  266 |     await wrapper.setProps({ activeTab: 2 })
> 267 |     expect($tabs.vm.currentTab).toBe(2)
      |    ^ Duplicate Assert
  268 |     expect($tabs.emitted('input').length).toBe(2)
  269 |     // Should emit index of 2 (3rd tab)
  270 |     expect($tabs.emitted('input')[1][0]).toBe(2)"
/home/gabriel/Disk/Research/research-javascript-test-smells/repositories/bootstrap-vue-dev/src/components/tabs/tabs.spec.js,Duplicate Assert,"{'line': 268, 'column': 4, 'index': 8304}","  266 |     await wrapper.setProps({ activeTab: 2 })
  267 |     expect($tabs.vm.currentTab).toBe(2)
> 268 |     expect($tabs.emitted('input').length).toBe(2)
      |    ^ Duplicate Assert
  269 |     // Should emit index of 2 (3rd tab)
  270 |     expect($tabs.emitted('input')[1][0]).toBe(2)
  271 |"
/home/gabriel/Disk/Research/research-javascript-test-smells/repositories/bootstrap-vue-dev/src/components/tabs/tabs.spec.js,Duplicate Assert,"{'line': 299, 'column': 4, 'index': 9137}","  297 |
  298 |     // Expect 1st tab (index 0) to be active
> 299 |     expect($tabs.vm.currentTab).toBe(0)
      |    ^ Duplicate Assert
  300 |     expect($tabs.vm.tabs[0].localActive).toBe(true)
  301 |     expect($tabs.emitted('input')).toBeUndefined()
  302 |"
/home/gabriel/Disk/Research/research-javascript-test-smells/repositories/bootstrap-vue-dev/src/components/tabs/tabs.spec.js,Duplicate Assert,"{'line': 299, 'column': 4, 'index': 9137}","  297 |
  298 |     // Expect 1st tab (index 0) to be active
> 299 |     expect($tabs.vm.currentTab).toBe(0)
      |    ^ Duplicate Assert
  300 |     expect($tabs.vm.tabs[0].localActive).toBe(true)
  301 |     expect($tabs.emitted('input')).toBeUndefined()
  302 |"
/home/gabriel/Disk/Research/research-javascript-test-smells/repositories/bootstrap-vue-dev/src/components/tabs/tabs.spec.js,Duplicate Assert,"{'line': 306, 'column': 4, 'index': 9451}","  304 |     await wrapper.setProps({ activeTab: 1 })
  305 |     // Will try activate next non-disabled tab instead (3rd tab, index 2)
> 306 |     expect($tabs.vm.currentTab).toBe(2)
      |    ^ Duplicate Assert
  307 |     expect($tabs.emitted('input').length).toBe(1)
  308 |     // Should emit index of 2 (3rd tab)
  309 |     expect($tabs.emitted('input')[0][0]).toBe(2)"
/home/gabriel/Disk/Research/research-javascript-test-smells/repositories/bootstrap-vue-dev/src/components/tabs/tabs.spec.js,Duplicate Assert,"{'line': 307, 'column': 4, 'index': 9491}","  305 |     // Will try activate next non-disabled tab instead (3rd tab, index 2)
  306 |     expect($tabs.vm.currentTab).toBe(2)
> 307 |     expect($tabs.emitted('input').length).toBe(1)
      |    ^ Duplicate Assert
  308 |     // Should emit index of 2 (3rd tab)
  309 |     expect($tabs.emitted('input')[0][0]).toBe(2)
  310 |"
/home/gabriel/Disk/Research/research-javascript-test-smells/repositories/bootstrap-vue-dev/src/components/tabs/tabs.spec.js,Duplicate Assert,"{'line': 316, 'column': 4, 'index': 9898}","  314 |     await wrapper.setProps({ activeTab: 1 })
  315 |     // Will find the previous non-disabled tab (1st tab, index 0)
> 316 |     expect($tabs.vm.currentTab).toBe(0)
      |    ^ Duplicate Assert
  317 |     expect($tabs.emitted('input').length).toBe(2)
  318 |     // Should emit index of 0 (1st tab)
  319 |     expect($tabs.emitted('input')[1][0]).toBe(0)"
/home/gabriel/Disk/Research/research-javascript-test-smells/repositories/bootstrap-vue-dev/src/components/tabs/tabs.spec.js,Duplicate Assert,"{'line': 316, 'column': 4, 'index': 9898}","  314 |     await wrapper.setProps({ activeTab: 1 })
  315 |     // Will find the previous non-disabled tab (1st tab, index 0)
> 316 |     expect($tabs.vm.currentTab).toBe(0)
      |    ^ Duplicate Assert
  317 |     expect($tabs.emitted('input').length).toBe(2)
  318 |     // Should emit index of 0 (1st tab)
  319 |     expect($tabs.emitted('input')[1][0]).toBe(0)"
/home/gabriel/Disk/Research/research-javascript-test-smells/repositories/bootstrap-vue-dev/src/components/tabs/tabs.spec.js,Duplicate Assert,"{'line': 317, 'column': 4, 'index': 9938}","  315 |     // Will find the previous non-disabled tab (1st tab, index 0)
  316 |     expect($tabs.vm.currentTab).toBe(0)
> 317 |     expect($tabs.emitted('input').length).toBe(2)
      |    ^ Duplicate Assert
  318 |     // Should emit index of 0 (1st tab)
  319 |     expect($tabs.emitted('input')[1][0]).toBe(0)
  320 |"
/home/gabriel/Disk/Research/research-javascript-test-smells/repositories/bootstrap-vue-dev/src/components/tabs/tabs.spec.js,Duplicate Assert,"{'line': 359, 'column': 4, 'index': 11003}","  357 |
  358 |     // Expect 1st tab (index 0) to be active
> 359 |     expect($tabs.vm.currentTab).toBe(0)
      |    ^ Duplicate Assert
  360 |     expect($tabs.vm.tabs[0].localActive).toBe(true)
  361 |     expect($tabs.emitted('input')).toBeUndefined()
  362 |     expect($tabs.emitted('activate-tab')).toBeUndefined()"
/home/gabriel/Disk/Research/research-javascript-test-smells/repositories/bootstrap-vue-dev/src/components/tabs/tabs.spec.js,Duplicate Assert,"{'line': 361, 'column': 4, 'index': 11095}","  359 |     expect($tabs.vm.currentTab).toBe(0)
  360 |     expect($tabs.vm.tabs[0].localActive).toBe(true)
> 361 |     expect($tabs.emitted('input')).toBeUndefined()
      |    ^ Duplicate Assert
  362 |     expect($tabs.emitted('activate-tab')).toBeUndefined()
  363 |
  364 |     // Set 2nd BTab to be active"
/home/gabriel/Disk/Research/research-javascript-test-smells/repositories/bootstrap-vue-dev/src/components/tabs/tabs.spec.js,Duplicate Assert,"{'line': 362, 'column': 4, 'index': 11146}","  360 |     expect($tabs.vm.tabs[0].localActive).toBe(true)
  361 |     expect($tabs.emitted('input')).toBeUndefined()
> 362 |     expect($tabs.emitted('activate-tab')).toBeUndefined()
      |    ^ Duplicate Assert
  363 |
  364 |     // Set 2nd BTab to be active
  365 |     await wrapper.setProps({ activeTab: 1 })"
/home/gabriel/Disk/Research/research-javascript-test-smells/repositories/bootstrap-vue-dev/src/components/tabs/tabs.spec.js,Duplicate Assert,"{'line': 366, 'column': 4, 'index': 11283}","  364 |     // Set 2nd BTab to be active
  365 |     await wrapper.setProps({ activeTab: 1 })
> 366 |     expect($tabs.vm.currentTab).toBe(1)
      |    ^ Duplicate Assert
  367 |     expect($tabs.emitted('input')).toBeDefined()
  368 |     expect($tabs.emitted('input').length).toBe(1)
  369 |     expect($tabs.emitted('input')[0][0]).toBe(1)"
/home/gabriel/Disk/Research/research-javascript-test-smells/repositories/bootstrap-vue-dev/src/components/tabs/tabs.spec.js,Duplicate Assert,"{'line': 366, 'column': 4, 'index': 11283}","  364 |     // Set 2nd BTab to be active
  365 |     await wrapper.setProps({ activeTab: 1 })
> 366 |     expect($tabs.vm.currentTab).toBe(1)
      |    ^ Duplicate Assert
  367 |     expect($tabs.emitted('input')).toBeDefined()
  368 |     expect($tabs.emitted('input').length).toBe(1)
  369 |     expect($tabs.emitted('input')[0][0]).toBe(1)"
/home/gabriel/Disk/Research/research-javascript-test-smells/repositories/bootstrap-vue-dev/src/components/tabs/tabs.spec.js,Duplicate Assert,"{'line': 367, 'column': 4, 'index': 11323}","  365 |     await wrapper.setProps({ activeTab: 1 })
  366 |     expect($tabs.vm.currentTab).toBe(1)
> 367 |     expect($tabs.emitted('input')).toBeDefined()
      |    ^ Duplicate Assert
  368 |     expect($tabs.emitted('input').length).toBe(1)
  369 |     expect($tabs.emitted('input')[0][0]).toBe(1)
  370 |     expect($tabs.emitted('activate-tab')).toBeDefined()"
/home/gabriel/Disk/Research/research-javascript-test-smells/repositories/bootstrap-vue-dev/src/components/tabs/tabs.spec.js,Duplicate Assert,"{'line': 367, 'column': 4, 'index': 11323}","  365 |     await wrapper.setProps({ activeTab: 1 })
  366 |     expect($tabs.vm.currentTab).toBe(1)
> 367 |     expect($tabs.emitted('input')).toBeDefined()
      |    ^ Duplicate Assert
  368 |     expect($tabs.emitted('input').length).toBe(1)
  369 |     expect($tabs.emitted('input')[0][0]).toBe(1)
  370 |     expect($tabs.emitted('activate-tab')).toBeDefined()"
/home/gabriel/Disk/Research/research-javascript-test-smells/repositories/bootstrap-vue-dev/src/components/tabs/tabs.spec.js,Duplicate Assert,"{'line': 368, 'column': 4, 'index': 11372}","  366 |     expect($tabs.vm.currentTab).toBe(1)
  367 |     expect($tabs.emitted('input')).toBeDefined()
> 368 |     expect($tabs.emitted('input').length).toBe(1)
      |    ^ Duplicate Assert
  369 |     expect($tabs.emitted('input')[0][0]).toBe(1)
  370 |     expect($tabs.emitted('activate-tab')).toBeDefined()
  371 |     expect($tabs.emitted('activate-tab').length).toBe(1)"
/home/gabriel/Disk/Research/research-javascript-test-smells/repositories/bootstrap-vue-dev/src/components/tabs/tabs.spec.js,Duplicate Assert,"{'line': 370, 'column': 4, 'index': 11471}","  368 |     expect($tabs.emitted('input').length).toBe(1)
  369 |     expect($tabs.emitted('input')[0][0]).toBe(1)
> 370 |     expect($tabs.emitted('activate-tab')).toBeDefined()
      |    ^ Duplicate Assert
  371 |     expect($tabs.emitted('activate-tab').length).toBe(1)
  372 |     expect($tabs.emitted('activate-tab')[0][0]).toBe(1)
  373 |     expect($tabs.emitted('activate-tab')[0][1]).toBe(0)"
/home/gabriel/Disk/Research/research-javascript-test-smells/repositories/bootstrap-vue-dev/src/components/tabs/tabs.spec.js,Duplicate Assert,"{'line': 371, 'column': 4, 'index': 11527}","  369 |     expect($tabs.emitted('input')[0][0]).toBe(1)
  370 |     expect($tabs.emitted('activate-tab')).toBeDefined()
> 371 |     expect($tabs.emitted('activate-tab').length).toBe(1)
      |    ^ Duplicate Assert
  372 |     expect($tabs.emitted('activate-tab')[0][0]).toBe(1)
  373 |     expect($tabs.emitted('activate-tab')[0][1]).toBe(0)
  374 |     expect($tabs.emitted('activate-tab')[0][2]).toBeDefined()"
/home/gabriel/Disk/Research/research-javascript-test-smells/repositories/bootstrap-vue-dev/src/components/tabs/tabs.spec.js,Duplicate Assert,"{'line': 379, 'column': 4, 'index': 11921}","  377 |     // Attempt to set 3rd BTab to be active
  378 |     await wrapper.setProps({ activeTab: 2 })
> 379 |     expect($tabs.vm.currentTab).toBe(1)
      |    ^ Duplicate Assert
  380 |     expect($tabs.emitted('input')).toBeDefined()
  381 |     expect($tabs.emitted('input').length).toBe(2)
  382 |     expect($tabs.emitted('input')[1][0]).toBe(1)"
/home/gabriel/Disk/Research/research-javascript-test-smells/repositories/bootstrap-vue-dev/src/components/tabs/tabs.spec.js,Duplicate Assert,"{'line': 379, 'column': 4, 'index': 11921}","  377 |     // Attempt to set 3rd BTab to be active
  378 |     await wrapper.setProps({ activeTab: 2 })
> 379 |     expect($tabs.vm.currentTab).toBe(1)
      |    ^ Duplicate Assert
  380 |     expect($tabs.emitted('input')).toBeDefined()
  381 |     expect($tabs.emitted('input').length).toBe(2)
  382 |     expect($tabs.emitted('input')[1][0]).toBe(1)"
/home/gabriel/Disk/Research/research-javascript-test-smells/repositories/bootstrap-vue-dev/src/components/tabs/tabs.spec.js,Duplicate Assert,"{'line': 380, 'column': 4, 'index': 11961}","  378 |     await wrapper.setProps({ activeTab: 2 })
  379 |     expect($tabs.vm.currentTab).toBe(1)
> 380 |     expect($tabs.emitted('input')).toBeDefined()
      |    ^ Duplicate Assert
  381 |     expect($tabs.emitted('input').length).toBe(2)
  382 |     expect($tabs.emitted('input')[1][0]).toBe(1)
  383 |     expect($tabs.emitted('activate-tab').length).toBe(2)"
/home/gabriel/Disk/Research/research-javascript-test-smells/repositories/bootstrap-vue-dev/src/components/tabs/tabs.spec.js,Duplicate Assert,"{'line': 380, 'column': 4, 'index': 11961}","  378 |     await wrapper.setProps({ activeTab: 2 })
  379 |     expect($tabs.vm.currentTab).toBe(1)
> 380 |     expect($tabs.emitted('input')).toBeDefined()
      |    ^ Duplicate Assert
  381 |     expect($tabs.emitted('input').length).toBe(2)
  382 |     expect($tabs.emitted('input')[1][0]).toBe(1)
  383 |     expect($tabs.emitted('activate-tab').length).toBe(2)"
/home/gabriel/Disk/Research/research-javascript-test-smells/repositories/bootstrap-vue-dev/src/components/tabs/tabs.spec.js,Duplicate Assert,"{'line': 381, 'column': 4, 'index': 12010}","  379 |     expect($tabs.vm.currentTab).toBe(1)
  380 |     expect($tabs.emitted('input')).toBeDefined()
> 381 |     expect($tabs.emitted('input').length).toBe(2)
      |    ^ Duplicate Assert
  382 |     expect($tabs.emitted('input')[1][0]).toBe(1)
  383 |     expect($tabs.emitted('activate-tab').length).toBe(2)
  384 |     expect($tabs.emitted('activate-tab')[1][0]).toBe(2)"
/home/gabriel/Disk/Research/research-javascript-test-smells/repositories/bootstrap-vue-dev/src/components/tabs/tabs.spec.js,Duplicate Assert,"{'line': 383, 'column': 4, 'index': 12109}","  381 |     expect($tabs.emitted('input').length).toBe(2)
  382 |     expect($tabs.emitted('input')[1][0]).toBe(1)
> 383 |     expect($tabs.emitted('activate-tab').length).toBe(2)
      |    ^ Duplicate Assert
  384 |     expect($tabs.emitted('activate-tab')[1][0]).toBe(2)
  385 |     expect($tabs.emitted('activate-tab')[1][1]).toBe(1)
  386 |     expect($tabs.emitted('activate-tab')[1][2]).toBeDefined()"
/home/gabriel/Disk/Research/research-javascript-test-smells/repositories/bootstrap-vue-dev/src/components/tabs/tabs.spec.js,Duplicate Assert,"{'line': 421, 'column': 4, 'index': 13436}","  419 |
  420 |     // Expect 1st tab (index 0) to be active
> 421 |     expect($tabs.vm.currentTab).toBe(0)
      |    ^ Duplicate Assert
  422 |     expect(tab1.vm.localActive).toBe(true)
  423 |     expect(tab2.vm.localActive).toBe(false)
  424 |     expect(tab3.vm.localActive).toBe(false)"
/home/gabriel/Disk/Research/research-javascript-test-smells/repositories/bootstrap-vue-dev/src/components/tabs/tabs.spec.js,Duplicate Assert,"{'line': 421, 'column': 4, 'index': 13436}","  419 |
  420 |     // Expect 1st tab (index 0) to be active
> 421 |     expect($tabs.vm.currentTab).toBe(0)
      |    ^ Duplicate Assert
  422 |     expect(tab1.vm.localActive).toBe(true)
  423 |     expect(tab2.vm.localActive).toBe(false)
  424 |     expect(tab3.vm.localActive).toBe(false)"
/home/gabriel/Disk/Research/research-javascript-test-smells/repositories/bootstrap-vue-dev/src/components/tabs/tabs.spec.js,Duplicate Assert,"{'line': 422, 'column': 4, 'index': 13476}","  420 |     // Expect 1st tab (index 0) to be active
  421 |     expect($tabs.vm.currentTab).toBe(0)
> 422 |     expect(tab1.vm.localActive).toBe(true)
      |    ^ Duplicate Assert
  423 |     expect(tab2.vm.localActive).toBe(false)
  424 |     expect(tab3.vm.localActive).toBe(false)
  425 |"
/home/gabriel/Disk/Research/research-javascript-test-smells/repositories/bootstrap-vue-dev/src/components/tabs/tabs.spec.js,Duplicate Assert,"{'line': 422, 'column': 4, 'index': 13476}","  420 |     // Expect 1st tab (index 0) to be active
  421 |     expect($tabs.vm.currentTab).toBe(0)
> 422 |     expect(tab1.vm.localActive).toBe(true)
      |    ^ Duplicate Assert
  423 |     expect(tab2.vm.localActive).toBe(false)
  424 |     expect(tab3.vm.localActive).toBe(false)
  425 |"
/home/gabriel/Disk/Research/research-javascript-test-smells/repositories/bootstrap-vue-dev/src/components/tabs/tabs.spec.js,Duplicate Assert,"{'line': 423, 'column': 4, 'index': 13519}","  421 |     expect($tabs.vm.currentTab).toBe(0)
  422 |     expect(tab1.vm.localActive).toBe(true)
> 423 |     expect(tab2.vm.localActive).toBe(false)
      |    ^ Duplicate Assert
  424 |     expect(tab3.vm.localActive).toBe(false)
  425 |
  426 |     // Try to set 2nd BTab to be active via click"
/home/gabriel/Disk/Research/research-javascript-test-smells/repositories/bootstrap-vue-dev/src/components/tabs/tabs.spec.js,Duplicate Assert,"{'line': 423, 'column': 4, 'index': 13519}","  421 |     expect($tabs.vm.currentTab).toBe(0)
  422 |     expect(tab1.vm.localActive).toBe(true)
> 423 |     expect(tab2.vm.localActive).toBe(false)
      |    ^ Duplicate Assert
  424 |     expect(tab3.vm.localActive).toBe(false)
  425 |
  426 |     // Try to set 2nd BTab to be active via click"
/home/gabriel/Disk/Research/research-javascript-test-smells/repositories/bootstrap-vue-dev/src/components/tabs/tabs.spec.js,Duplicate Assert,"{'line': 424, 'column': 4, 'index': 13563}","  422 |     expect(tab1.vm.localActive).toBe(true)
  423 |     expect(tab2.vm.localActive).toBe(false)
> 424 |     expect(tab3.vm.localActive).toBe(false)
      |    ^ Duplicate Assert
  425 |
  426 |     // Try to set 2nd BTab to be active via click
  427 |     expect(tab2.emitted('click')).toBeUndefined()"
/home/gabriel/Disk/Research/research-javascript-test-smells/repositories/bootstrap-vue-dev/src/components/tabs/tabs.spec.js,Duplicate Assert,"{'line': 424, 'column': 4, 'index': 13563}","  422 |     expect(tab1.vm.localActive).toBe(true)
  423 |     expect(tab2.vm.localActive).toBe(false)
> 424 |     expect(tab3.vm.localActive).toBe(false)
      |    ^ Duplicate Assert
  425 |
  426 |     // Try to set 2nd BTab to be active via click
  427 |     expect(tab2.emitted('click')).toBeUndefined()"
/home/gabriel/Disk/Research/research-javascript-test-smells/repositories/bootstrap-vue-dev/src/components/tabs/tabs.spec.js,Duplicate Assert,"{'line': 427, 'column': 4, 'index': 13658}","  425 |
  426 |     // Try to set 2nd BTab to be active via click
> 427 |     expect(tab2.emitted('click')).toBeUndefined()
      |    ^ Duplicate Assert
  428 |     await wrapper
  429 |       .findAll('.nav-link')
  430 |       .at(1)"
/home/gabriel/Disk/Research/research-javascript-test-smells/repositories/bootstrap-vue-dev/src/components/tabs/tabs.spec.js,Duplicate Assert,"{'line': 432, 'column': 4, 'index': 13791}","  430 |       .at(1)
  431 |       .trigger('click')
> 432 |     expect($tabs.vm.currentTab).toBe(1)
      |    ^ Duplicate Assert
  433 |     expect(tab1.vm.localActive).toBe(false)
  434 |     expect(tab2.vm.localActive).toBe(true)
  435 |     expect(tab3.vm.localActive).toBe(false)"
/home/gabriel/Disk/Research/research-javascript-test-smells/repositories/bootstrap-vue-dev/src/components/tabs/tabs.spec.js,Duplicate Assert,"{'line': 433, 'column': 4, 'index': 13831}","  431 |       .trigger('click')
  432 |     expect($tabs.vm.currentTab).toBe(1)
> 433 |     expect(tab1.vm.localActive).toBe(false)
      |    ^ Duplicate Assert
  434 |     expect(tab2.vm.localActive).toBe(true)
  435 |     expect(tab3.vm.localActive).toBe(false)
  436 |     expect(tab2.emitted('click')).toBeDefined()"
/home/gabriel/Disk/Research/research-javascript-test-smells/repositories/bootstrap-vue-dev/src/components/tabs/tabs.spec.js,Duplicate Assert,"{'line': 433, 'column': 4, 'index': 13831}","  431 |       .trigger('click')
  432 |     expect($tabs.vm.currentTab).toBe(1)
> 433 |     expect(tab1.vm.localActive).toBe(false)
      |    ^ Duplicate Assert
  434 |     expect(tab2.vm.localActive).toBe(true)
  435 |     expect(tab3.vm.localActive).toBe(false)
  436 |     expect(tab2.emitted('click')).toBeDefined()"
/home/gabriel/Disk/Research/research-javascript-test-smells/repositories/bootstrap-vue-dev/src/components/tabs/tabs.spec.js,Duplicate Assert,"{'line': 434, 'column': 4, 'index': 13875}","  432 |     expect($tabs.vm.currentTab).toBe(1)
  433 |     expect(tab1.vm.localActive).toBe(false)
> 434 |     expect(tab2.vm.localActive).toBe(true)
      |    ^ Duplicate Assert
  435 |     expect(tab3.vm.localActive).toBe(false)
  436 |     expect(tab2.emitted('click')).toBeDefined()
  437 |"
/home/gabriel/Disk/Research/research-javascript-test-smells/repositories/bootstrap-vue-dev/src/components/tabs/tabs.spec.js,Duplicate Assert,"{'line': 435, 'column': 4, 'index': 13918}","  433 |     expect(tab1.vm.localActive).toBe(false)
  434 |     expect(tab2.vm.localActive).toBe(true)
> 435 |     expect(tab3.vm.localActive).toBe(false)
      |    ^ Duplicate Assert
  436 |     expect(tab2.emitted('click')).toBeDefined()
  437 |
  438 |     // Try to set 3rd BTab to be active via click"
/home/gabriel/Disk/Research/research-javascript-test-smells/repositories/bootstrap-vue-dev/src/components/tabs/tabs.spec.js,Duplicate Assert,"{'line': 435, 'column': 4, 'index': 13918}","  433 |     expect(tab1.vm.localActive).toBe(false)
  434 |     expect(tab2.vm.localActive).toBe(true)
> 435 |     expect(tab3.vm.localActive).toBe(false)
      |    ^ Duplicate Assert
  436 |     expect(tab2.emitted('click')).toBeDefined()
  437 |
  438 |     // Try to set 3rd BTab to be active via click"
/home/gabriel/Disk/Research/research-javascript-test-smells/repositories/bootstrap-vue-dev/src/components/tabs/tabs.spec.js,Duplicate Assert,"{'line': 436, 'column': 4, 'index': 13962}","  434 |     expect(tab2.vm.localActive).toBe(true)
  435 |     expect(tab3.vm.localActive).toBe(false)
> 436 |     expect(tab2.emitted('click')).toBeDefined()
      |    ^ Duplicate Assert
  437 |
  438 |     // Try to set 3rd BTab to be active via click
  439 |     expect(tab3.emitted('click')).toBeUndefined()"
/home/gabriel/Disk/Research/research-javascript-test-smells/repositories/bootstrap-vue-dev/src/components/tabs/tabs.spec.js,Duplicate Assert,"{'line': 439, 'column': 4, 'index': 14061}","  437 |
  438 |     // Try to set 3rd BTab to be active via click
> 439 |     expect(tab3.emitted('click')).toBeUndefined()
      |    ^ Duplicate Assert
  440 |     await wrapper
  441 |       .findAll('.nav-link')
  442 |       .at(2)"
/home/gabriel/Disk/Research/research-javascript-test-smells/repositories/bootstrap-vue-dev/src/components/tabs/tabs.spec.js,Duplicate Assert,"{'line': 444, 'column': 4, 'index': 14194}","  442 |       .at(2)
  443 |       .trigger('click')
> 444 |     expect($tabs.vm.currentTab).toBe(2)
      |    ^ Duplicate Assert
  445 |     expect(tab1.vm.localActive).toBe(false)
  446 |     expect(tab2.vm.localActive).toBe(false)
  447 |     expect(tab3.vm.localActive).toBe(true)"
/home/gabriel/Disk/Research/research-javascript-test-smells/repositories/bootstrap-vue-dev/src/components/tabs/tabs.spec.js,Duplicate Assert,"{'line': 445, 'column': 4, 'index': 14234}","  443 |       .trigger('click')
  444 |     expect($tabs.vm.currentTab).toBe(2)
> 445 |     expect(tab1.vm.localActive).toBe(false)
      |    ^ Duplicate Assert
  446 |     expect(tab2.vm.localActive).toBe(false)
  447 |     expect(tab3.vm.localActive).toBe(true)
  448 |     expect(tab3.emitted('click')).toBeDefined()"
/home/gabriel/Disk/Research/research-javascript-test-smells/repositories/bootstrap-vue-dev/src/components/tabs/tabs.spec.js,Duplicate Assert,"{'line': 445, 'column': 4, 'index': 14234}","  443 |       .trigger('click')
  444 |     expect($tabs.vm.currentTab).toBe(2)
> 445 |     expect(tab1.vm.localActive).toBe(false)
      |    ^ Duplicate Assert
  446 |     expect(tab2.vm.localActive).toBe(false)
  447 |     expect(tab3.vm.localActive).toBe(true)
  448 |     expect(tab3.emitted('click')).toBeDefined()"
/home/gabriel/Disk/Research/research-javascript-test-smells/repositories/bootstrap-vue-dev/src/components/tabs/tabs.spec.js,Duplicate Assert,"{'line': 446, 'column': 4, 'index': 14278}","  444 |     expect($tabs.vm.currentTab).toBe(2)
  445 |     expect(tab1.vm.localActive).toBe(false)
> 446 |     expect(tab2.vm.localActive).toBe(false)
      |    ^ Duplicate Assert
  447 |     expect(tab3.vm.localActive).toBe(true)
  448 |     expect(tab3.emitted('click')).toBeDefined()
  449 |"
/home/gabriel/Disk/Research/research-javascript-test-smells/repositories/bootstrap-vue-dev/src/components/tabs/tabs.spec.js,Duplicate Assert,"{'line': 446, 'column': 4, 'index': 14278}","  444 |     expect($tabs.vm.currentTab).toBe(2)
  445 |     expect(tab1.vm.localActive).toBe(false)
> 446 |     expect(tab2.vm.localActive).toBe(false)
      |    ^ Duplicate Assert
  447 |     expect(tab3.vm.localActive).toBe(true)
  448 |     expect(tab3.emitted('click')).toBeDefined()
  449 |"
/home/gabriel/Disk/Research/research-javascript-test-smells/repositories/bootstrap-vue-dev/src/components/tabs/tabs.spec.js,Duplicate Assert,"{'line': 447, 'column': 4, 'index': 14322}","  445 |     expect(tab1.vm.localActive).toBe(false)
  446 |     expect(tab2.vm.localActive).toBe(false)
> 447 |     expect(tab3.vm.localActive).toBe(true)
      |    ^ Duplicate Assert
  448 |     expect(tab3.emitted('click')).toBeDefined()
  449 |
  450 |     // Try to set 1st BTab to be active via click (space === click in keynav mode)"
/home/gabriel/Disk/Research/research-javascript-test-smells/repositories/bootstrap-vue-dev/src/components/tabs/tabs.spec.js,Duplicate Assert,"{'line': 448, 'column': 4, 'index': 14365}","  446 |     expect(tab2.vm.localActive).toBe(false)
  447 |     expect(tab3.vm.localActive).toBe(true)
> 448 |     expect(tab3.emitted('click')).toBeDefined()
      |    ^ Duplicate Assert
  449 |
  450 |     // Try to set 1st BTab to be active via click (space === click in keynav mode)
  451 |     expect(tab1.emitted('click')).toBeUndefined()"
/home/gabriel/Disk/Research/research-javascript-test-smells/repositories/bootstrap-vue-dev/src/components/tabs/tabs.spec.js,Duplicate Assert,"{'line': 451, 'column': 4, 'index': 14497}","  449 |
  450 |     // Try to set 1st BTab to be active via click (space === click in keynav mode)
> 451 |     expect(tab1.emitted('click')).toBeUndefined()
      |    ^ Duplicate Assert
  452 |     await wrapper
  453 |       .findAll('.nav-link')
  454 |       .at(0)"
/home/gabriel/Disk/Research/research-javascript-test-smells/repositories/bootstrap-vue-dev/src/components/tabs/tabs.spec.js,Duplicate Assert,"{'line': 456, 'column': 4, 'index': 14638}","  454 |       .at(0)
  455 |       .trigger('keydown.space')
> 456 |     expect($tabs.vm.currentTab).toBe(0)
      |    ^ Duplicate Assert
  457 |     expect(tab1.vm.localActive).toBe(true)
  458 |     expect(tab2.vm.localActive).toBe(false)
  459 |     expect(tab3.vm.localActive).toBe(false)"
/home/gabriel/Disk/Research/research-javascript-test-smells/repositories/bootstrap-vue-dev/src/components/tabs/tabs.spec.js,Duplicate Assert,"{'line': 456, 'column': 4, 'index': 14638}","  454 |       .at(0)
  455 |       .trigger('keydown.space')
> 456 |     expect($tabs.vm.currentTab).toBe(0)
      |    ^ Duplicate Assert
  457 |     expect(tab1.vm.localActive).toBe(true)
  458 |     expect(tab2.vm.localActive).toBe(false)
  459 |     expect(tab3.vm.localActive).toBe(false)"
/home/gabriel/Disk/Research/research-javascript-test-smells/repositories/bootstrap-vue-dev/src/components/tabs/tabs.spec.js,Duplicate Assert,"{'line': 457, 'column': 4, 'index': 14678}","  455 |       .trigger('keydown.space')
  456 |     expect($tabs.vm.currentTab).toBe(0)
> 457 |     expect(tab1.vm.localActive).toBe(true)
      |    ^ Duplicate Assert
  458 |     expect(tab2.vm.localActive).toBe(false)
  459 |     expect(tab3.vm.localActive).toBe(false)
  460 |     expect(tab1.emitted('click')).toBeDefined()"
/home/gabriel/Disk/Research/research-javascript-test-smells/repositories/bootstrap-vue-dev/src/components/tabs/tabs.spec.js,Duplicate Assert,"{'line': 457, 'column': 4, 'index': 14678}","  455 |       .trigger('keydown.space')
  456 |     expect($tabs.vm.currentTab).toBe(0)
> 457 |     expect(tab1.vm.localActive).toBe(true)
      |    ^ Duplicate Assert
  458 |     expect(tab2.vm.localActive).toBe(false)
  459 |     expect(tab3.vm.localActive).toBe(false)
  460 |     expect(tab1.emitted('click')).toBeDefined()"
/home/gabriel/Disk/Research/research-javascript-test-smells/repositories/bootstrap-vue-dev/src/components/tabs/tabs.spec.js,Duplicate Assert,"{'line': 458, 'column': 4, 'index': 14721}","  456 |     expect($tabs.vm.currentTab).toBe(0)
  457 |     expect(tab1.vm.localActive).toBe(true)
> 458 |     expect(tab2.vm.localActive).toBe(false)
      |    ^ Duplicate Assert
  459 |     expect(tab3.vm.localActive).toBe(false)
  460 |     expect(tab1.emitted('click')).toBeDefined()
  461 |"
/home/gabriel/Disk/Research/research-javascript-test-smells/repositories/bootstrap-vue-dev/src/components/tabs/tabs.spec.js,Duplicate Assert,"{'line': 458, 'column': 4, 'index': 14721}","  456 |     expect($tabs.vm.currentTab).toBe(0)
  457 |     expect(tab1.vm.localActive).toBe(true)
> 458 |     expect(tab2.vm.localActive).toBe(false)
      |    ^ Duplicate Assert
  459 |     expect(tab3.vm.localActive).toBe(false)
  460 |     expect(tab1.emitted('click')).toBeDefined()
  461 |"
/home/gabriel/Disk/Research/research-javascript-test-smells/repositories/bootstrap-vue-dev/src/components/tabs/tabs.spec.js,Duplicate Assert,"{'line': 459, 'column': 4, 'index': 14765}","  457 |     expect(tab1.vm.localActive).toBe(true)
  458 |     expect(tab2.vm.localActive).toBe(false)
> 459 |     expect(tab3.vm.localActive).toBe(false)
      |    ^ Duplicate Assert
  460 |     expect(tab1.emitted('click')).toBeDefined()
  461 |
  462 |     wrapper.destroy()"
/home/gabriel/Disk/Research/research-javascript-test-smells/repositories/bootstrap-vue-dev/src/components/tabs/tabs.spec.js,Duplicate Assert,"{'line': 459, 'column': 4, 'index': 14765}","  457 |     expect(tab1.vm.localActive).toBe(true)
  458 |     expect(tab2.vm.localActive).toBe(false)
> 459 |     expect(tab3.vm.localActive).toBe(false)
      |    ^ Duplicate Assert
  460 |     expect(tab1.emitted('click')).toBeDefined()
  461 |
  462 |     wrapper.destroy()"
/home/gabriel/Disk/Research/research-javascript-test-smells/repositories/bootstrap-vue-dev/src/components/tabs/tabs.spec.js,Duplicate Assert,"{'line': 460, 'column': 4, 'index': 14809}","  458 |     expect(tab2.vm.localActive).toBe(false)
  459 |     expect(tab3.vm.localActive).toBe(false)
> 460 |     expect(tab1.emitted('click')).toBeDefined()
      |    ^ Duplicate Assert
  461 |
  462 |     wrapper.destroy()
  463 |   })"
/home/gabriel/Disk/Research/research-javascript-test-smells/repositories/bootstrap-vue-dev/src/components/tabs/tabs.spec.js,Duplicate Assert,"{'line': 493, 'column': 4, 'index': 15826}","  491 |
  492 |     // Expect 1st tab (index 0) to be active
> 493 |     expect($tabs.vm.currentTab).toBe(0)
      |    ^ Duplicate Assert
  494 |     expect(tab1.vm.localActive).toBe(true)
  495 |     expect(tab2.vm.localActive).toBe(false)
  496 |     expect(tab3.vm.localActive).toBe(false)"
/home/gabriel/Disk/Research/research-javascript-test-smells/repositories/bootstrap-vue-dev/src/components/tabs/tabs.spec.js,Duplicate Assert,"{'line': 493, 'column': 4, 'index': 15826}","  491 |
  492 |     // Expect 1st tab (index 0) to be active
> 493 |     expect($tabs.vm.currentTab).toBe(0)
      |    ^ Duplicate Assert
  494 |     expect(tab1.vm.localActive).toBe(true)
  495 |     expect(tab2.vm.localActive).toBe(false)
  496 |     expect(tab3.vm.localActive).toBe(false)"
/home/gabriel/Disk/Research/research-javascript-test-smells/repositories/bootstrap-vue-dev/src/components/tabs/tabs.spec.js,Duplicate Assert,"{'line': 494, 'column': 4, 'index': 15866}","  492 |     // Expect 1st tab (index 0) to be active
  493 |     expect($tabs.vm.currentTab).toBe(0)
> 494 |     expect(tab1.vm.localActive).toBe(true)
      |    ^ Duplicate Assert
  495 |     expect(tab2.vm.localActive).toBe(false)
  496 |     expect(tab3.vm.localActive).toBe(false)
  497 |"
/home/gabriel/Disk/Research/research-javascript-test-smells/repositories/bootstrap-vue-dev/src/components/tabs/tabs.spec.js,Duplicate Assert,"{'line': 494, 'column': 4, 'index': 15866}","  492 |     // Expect 1st tab (index 0) to be active
  493 |     expect($tabs.vm.currentTab).toBe(0)
> 494 |     expect(tab1.vm.localActive).toBe(true)
      |    ^ Duplicate Assert
  495 |     expect(tab2.vm.localActive).toBe(false)
  496 |     expect(tab3.vm.localActive).toBe(false)
  497 |"
/home/gabriel/Disk/Research/research-javascript-test-smells/repositories/bootstrap-vue-dev/src/components/tabs/tabs.spec.js,Duplicate Assert,"{'line': 495, 'column': 4, 'index': 15909}","  493 |     expect($tabs.vm.currentTab).toBe(0)
  494 |     expect(tab1.vm.localActive).toBe(true)
> 495 |     expect(tab2.vm.localActive).toBe(false)
      |    ^ Duplicate Assert
  496 |     expect(tab3.vm.localActive).toBe(false)
  497 |
  498 |     // Try to set 2nd BTab to be active via space keypress"
/home/gabriel/Disk/Research/research-javascript-test-smells/repositories/bootstrap-vue-dev/src/components/tabs/tabs.spec.js,Duplicate Assert,"{'line': 495, 'column': 4, 'index': 15909}","  493 |     expect($tabs.vm.currentTab).toBe(0)
  494 |     expect(tab1.vm.localActive).toBe(true)
> 495 |     expect(tab2.vm.localActive).toBe(false)
      |    ^ Duplicate Assert
  496 |     expect(tab3.vm.localActive).toBe(false)
  497 |
  498 |     // Try to set 2nd BTab to be active via space keypress"
/home/gabriel/Disk/Research/research-javascript-test-smells/repositories/bootstrap-vue-dev/src/components/tabs/tabs.spec.js,Duplicate Assert,"{'line': 496, 'column': 4, 'index': 15953}","  494 |     expect(tab1.vm.localActive).toBe(true)
  495 |     expect(tab2.vm.localActive).toBe(false)
> 496 |     expect(tab3.vm.localActive).toBe(false)
      |    ^ Duplicate Assert
  497 |
  498 |     // Try to set 2nd BTab to be active via space keypress
  499 |     expect(tab2.emitted('click')).toBeUndefined()"
/home/gabriel/Disk/Research/research-javascript-test-smells/repositories/bootstrap-vue-dev/src/components/tabs/tabs.spec.js,Duplicate Assert,"{'line': 496, 'column': 4, 'index': 15953}","  494 |     expect(tab1.vm.localActive).toBe(true)
  495 |     expect(tab2.vm.localActive).toBe(false)
> 496 |     expect(tab3.vm.localActive).toBe(false)
      |    ^ Duplicate Assert
  497 |
  498 |     // Try to set 2nd BTab to be active via space keypress
  499 |     expect(tab2.emitted('click')).toBeUndefined()"
/home/gabriel/Disk/Research/research-javascript-test-smells/repositories/bootstrap-vue-dev/src/components/tabs/tabs.spec.js,Duplicate Assert,"{'line': 499, 'column': 4, 'index': 16057}","  497 |
  498 |     // Try to set 2nd BTab to be active via space keypress
> 499 |     expect(tab2.emitted('click')).toBeUndefined()
      |    ^ Duplicate Assert
  500 |     await wrapper
  501 |       .findAll('.nav-link')
  502 |       .at(1)"
/home/gabriel/Disk/Research/research-javascript-test-smells/repositories/bootstrap-vue-dev/src/components/tabs/tabs.spec.js,Duplicate Assert,"{'line': 504, 'column': 4, 'index': 16198}","  502 |       .at(1)
  503 |       .trigger('keydown.space')
> 504 |     expect($tabs.vm.currentTab).toBe(1)
      |    ^ Duplicate Assert
  505 |     expect(tab1.vm.localActive).toBe(false)
  506 |     expect(tab2.vm.localActive).toBe(true)
  507 |     expect(tab3.vm.localActive).toBe(false)"
/home/gabriel/Disk/Research/research-javascript-test-smells/repositories/bootstrap-vue-dev/src/components/tabs/tabs.spec.js,Duplicate Assert,"{'line': 505, 'column': 4, 'index': 16238}","  503 |       .trigger('keydown.space')
  504 |     expect($tabs.vm.currentTab).toBe(1)
> 505 |     expect(tab1.vm.localActive).toBe(false)
      |    ^ Duplicate Assert
  506 |     expect(tab2.vm.localActive).toBe(true)
  507 |     expect(tab3.vm.localActive).toBe(false)
  508 |     expect(tab2.emitted('click')).toBeDefined()"
/home/gabriel/Disk/Research/research-javascript-test-smells/repositories/bootstrap-vue-dev/src/components/tabs/tabs.spec.js,Duplicate Assert,"{'line': 505, 'column': 4, 'index': 16238}","  503 |       .trigger('keydown.space')
  504 |     expect($tabs.vm.currentTab).toBe(1)
> 505 |     expect(tab1.vm.localActive).toBe(false)
      |    ^ Duplicate Assert
  506 |     expect(tab2.vm.localActive).toBe(true)
  507 |     expect(tab3.vm.localActive).toBe(false)
  508 |     expect(tab2.emitted('click')).toBeDefined()"
/home/gabriel/Disk/Research/research-javascript-test-smells/repositories/bootstrap-vue-dev/src/components/tabs/tabs.spec.js,Duplicate Assert,"{'line': 506, 'column': 4, 'index': 16282}","  504 |     expect($tabs.vm.currentTab).toBe(1)
  505 |     expect(tab1.vm.localActive).toBe(false)
> 506 |     expect(tab2.vm.localActive).toBe(true)
      |    ^ Duplicate Assert
  507 |     expect(tab3.vm.localActive).toBe(false)
  508 |     expect(tab2.emitted('click')).toBeDefined()
  509 |"
/home/gabriel/Disk/Research/research-javascript-test-smells/repositories/bootstrap-vue-dev/src/components/tabs/tabs.spec.js,Duplicate Assert,"{'line': 507, 'column': 4, 'index': 16325}","  505 |     expect(tab1.vm.localActive).toBe(false)
  506 |     expect(tab2.vm.localActive).toBe(true)
> 507 |     expect(tab3.vm.localActive).toBe(false)
      |    ^ Duplicate Assert
  508 |     expect(tab2.emitted('click')).toBeDefined()
  509 |
  510 |     // Try to set 3rd BTab to be active via space keypress"
/home/gabriel/Disk/Research/research-javascript-test-smells/repositories/bootstrap-vue-dev/src/components/tabs/tabs.spec.js,Duplicate Assert,"{'line': 507, 'column': 4, 'index': 16325}","  505 |     expect(tab1.vm.localActive).toBe(false)
  506 |     expect(tab2.vm.localActive).toBe(true)
> 507 |     expect(tab3.vm.localActive).toBe(false)
      |    ^ Duplicate Assert
  508 |     expect(tab2.emitted('click')).toBeDefined()
  509 |
  510 |     // Try to set 3rd BTab to be active via space keypress"
/home/gabriel/Disk/Research/research-javascript-test-smells/repositories/bootstrap-vue-dev/src/components/tabs/tabs.spec.js,Duplicate Assert,"{'line': 508, 'column': 4, 'index': 16369}","  506 |     expect(tab2.vm.localActive).toBe(true)
  507 |     expect(tab3.vm.localActive).toBe(false)
> 508 |     expect(tab2.emitted('click')).toBeDefined()
      |    ^ Duplicate Assert
  509 |
  510 |     // Try to set 3rd BTab to be active via space keypress
  511 |     expect(tab3.emitted('click')).toBeUndefined()"
/home/gabriel/Disk/Research/research-javascript-test-smells/repositories/bootstrap-vue-dev/src/components/tabs/tabs.spec.js,Duplicate Assert,"{'line': 511, 'column': 4, 'index': 16477}","  509 |
  510 |     // Try to set 3rd BTab to be active via space keypress
> 511 |     expect(tab3.emitted('click')).toBeUndefined()
      |    ^ Duplicate Assert
  512 |     await wrapper
  513 |       .findAll('.nav-link')
  514 |       .at(2)"
/home/gabriel/Disk/Research/research-javascript-test-smells/repositories/bootstrap-vue-dev/src/components/tabs/tabs.spec.js,Duplicate Assert,"{'line': 516, 'column': 4, 'index': 16618}","  514 |       .at(2)
  515 |       .trigger('keydown.space')
> 516 |     expect($tabs.vm.currentTab).toBe(2)
      |    ^ Duplicate Assert
  517 |     expect(tab1.vm.localActive).toBe(false)
  518 |     expect(tab2.vm.localActive).toBe(false)
  519 |     expect(tab3.vm.localActive).toBe(true)"
/home/gabriel/Disk/Research/research-javascript-test-smells/repositories/bootstrap-vue-dev/src/components/tabs/tabs.spec.js,Duplicate Assert,"{'line': 517, 'column': 4, 'index': 16658}","  515 |       .trigger('keydown.space')
  516 |     expect($tabs.vm.currentTab).toBe(2)
> 517 |     expect(tab1.vm.localActive).toBe(false)
      |    ^ Duplicate Assert
  518 |     expect(tab2.vm.localActive).toBe(false)
  519 |     expect(tab3.vm.localActive).toBe(true)
  520 |     expect(tab3.emitted('click')).toBeDefined()"
/home/gabriel/Disk/Research/research-javascript-test-smells/repositories/bootstrap-vue-dev/src/components/tabs/tabs.spec.js,Duplicate Assert,"{'line': 517, 'column': 4, 'index': 16658}","  515 |       .trigger('keydown.space')
  516 |     expect($tabs.vm.currentTab).toBe(2)
> 517 |     expect(tab1.vm.localActive).toBe(false)
      |    ^ Duplicate Assert
  518 |     expect(tab2.vm.localActive).toBe(false)
  519 |     expect(tab3.vm.localActive).toBe(true)
  520 |     expect(tab3.emitted('click')).toBeDefined()"
/home/gabriel/Disk/Research/research-javascript-test-smells/repositories/bootstrap-vue-dev/src/components/tabs/tabs.spec.js,Duplicate Assert,"{'line': 518, 'column': 4, 'index': 16702}","  516 |     expect($tabs.vm.currentTab).toBe(2)
  517 |     expect(tab1.vm.localActive).toBe(false)
> 518 |     expect(tab2.vm.localActive).toBe(false)
      |    ^ Duplicate Assert
  519 |     expect(tab3.vm.localActive).toBe(true)
  520 |     expect(tab3.emitted('click')).toBeDefined()
  521 |"
/home/gabriel/Disk/Research/research-javascript-test-smells/repositories/bootstrap-vue-dev/src/components/tabs/tabs.spec.js,Duplicate Assert,"{'line': 518, 'column': 4, 'index': 16702}","  516 |     expect($tabs.vm.currentTab).toBe(2)
  517 |     expect(tab1.vm.localActive).toBe(false)
> 518 |     expect(tab2.vm.localActive).toBe(false)
      |    ^ Duplicate Assert
  519 |     expect(tab3.vm.localActive).toBe(true)
  520 |     expect(tab3.emitted('click')).toBeDefined()
  521 |"
/home/gabriel/Disk/Research/research-javascript-test-smells/repositories/bootstrap-vue-dev/src/components/tabs/tabs.spec.js,Duplicate Assert,"{'line': 519, 'column': 4, 'index': 16746}","  517 |     expect(tab1.vm.localActive).toBe(false)
  518 |     expect(tab2.vm.localActive).toBe(false)
> 519 |     expect(tab3.vm.localActive).toBe(true)
      |    ^ Duplicate Assert
  520 |     expect(tab3.emitted('click')).toBeDefined()
  521 |
  522 |     // Try to set 1st BTab to be active via space keypress"
/home/gabriel/Disk/Research/research-javascript-test-smells/repositories/bootstrap-vue-dev/src/components/tabs/tabs.spec.js,Duplicate Assert,"{'line': 520, 'column': 4, 'index': 16789}","  518 |     expect(tab2.vm.localActive).toBe(false)
  519 |     expect(tab3.vm.localActive).toBe(true)
> 520 |     expect(tab3.emitted('click')).toBeDefined()
      |    ^ Duplicate Assert
  521 |
  522 |     // Try to set 1st BTab to be active via space keypress
  523 |     expect(tab1.emitted('click')).toBeUndefined()"
/home/gabriel/Disk/Research/research-javascript-test-smells/repositories/bootstrap-vue-dev/src/components/tabs/tabs.spec.js,Duplicate Assert,"{'line': 523, 'column': 4, 'index': 16897}","  521 |
  522 |     // Try to set 1st BTab to be active via space keypress
> 523 |     expect(tab1.emitted('click')).toBeUndefined()
      |    ^ Duplicate Assert
  524 |     await wrapper
  525 |       .findAll('.nav-link')
  526 |       .at(0)"
/home/gabriel/Disk/Research/research-javascript-test-smells/repositories/bootstrap-vue-dev/src/components/tabs/tabs.spec.js,Duplicate Assert,"{'line': 528, 'column': 4, 'index': 17038}","  526 |       .at(0)
  527 |       .trigger('keydown.space')
> 528 |     expect($tabs.vm.currentTab).toBe(0)
      |    ^ Duplicate Assert
  529 |     expect(tab1.vm.localActive).toBe(true)
  530 |     expect(tab2.vm.localActive).toBe(false)
  531 |     expect(tab3.vm.localActive).toBe(false)"
/home/gabriel/Disk/Research/research-javascript-test-smells/repositories/bootstrap-vue-dev/src/components/tabs/tabs.spec.js,Duplicate Assert,"{'line': 528, 'column': 4, 'index': 17038}","  526 |       .at(0)
  527 |       .trigger('keydown.space')
> 528 |     expect($tabs.vm.currentTab).toBe(0)
      |    ^ Duplicate Assert
  529 |     expect(tab1.vm.localActive).toBe(true)
  530 |     expect(tab2.vm.localActive).toBe(false)
  531 |     expect(tab3.vm.localActive).toBe(false)"
/home/gabriel/Disk/Research/research-javascript-test-smells/repositories/bootstrap-vue-dev/src/components/tabs/tabs.spec.js,Duplicate Assert,"{'line': 529, 'column': 4, 'index': 17078}","  527 |       .trigger('keydown.space')
  528 |     expect($tabs.vm.currentTab).toBe(0)
> 529 |     expect(tab1.vm.localActive).toBe(true)
      |    ^ Duplicate Assert
  530 |     expect(tab2.vm.localActive).toBe(false)
  531 |     expect(tab3.vm.localActive).toBe(false)
  532 |     expect(tab1.emitted('click')).toBeDefined()"
/home/gabriel/Disk/Research/research-javascript-test-smells/repositories/bootstrap-vue-dev/src/components/tabs/tabs.spec.js,Duplicate Assert,"{'line': 529, 'column': 4, 'index': 17078}","  527 |       .trigger('keydown.space')
  528 |     expect($tabs.vm.currentTab).toBe(0)
> 529 |     expect(tab1.vm.localActive).toBe(true)
      |    ^ Duplicate Assert
  530 |     expect(tab2.vm.localActive).toBe(false)
  531 |     expect(tab3.vm.localActive).toBe(false)
  532 |     expect(tab1.emitted('click')).toBeDefined()"
/home/gabriel/Disk/Research/research-javascript-test-smells/repositories/bootstrap-vue-dev/src/components/tabs/tabs.spec.js,Duplicate Assert,"{'line': 530, 'column': 4, 'index': 17121}","  528 |     expect($tabs.vm.currentTab).toBe(0)
  529 |     expect(tab1.vm.localActive).toBe(true)
> 530 |     expect(tab2.vm.localActive).toBe(false)
      |    ^ Duplicate Assert
  531 |     expect(tab3.vm.localActive).toBe(false)
  532 |     expect(tab1.emitted('click')).toBeDefined()
  533 |"
/home/gabriel/Disk/Research/research-javascript-test-smells/repositories/bootstrap-vue-dev/src/components/tabs/tabs.spec.js,Duplicate Assert,"{'line': 530, 'column': 4, 'index': 17121}","  528 |     expect($tabs.vm.currentTab).toBe(0)
  529 |     expect(tab1.vm.localActive).toBe(true)
> 530 |     expect(tab2.vm.localActive).toBe(false)
      |    ^ Duplicate Assert
  531 |     expect(tab3.vm.localActive).toBe(false)
  532 |     expect(tab1.emitted('click')).toBeDefined()
  533 |"
/home/gabriel/Disk/Research/research-javascript-test-smells/repositories/bootstrap-vue-dev/src/components/tabs/tabs.spec.js,Duplicate Assert,"{'line': 531, 'column': 4, 'index': 17165}","  529 |     expect(tab1.vm.localActive).toBe(true)
  530 |     expect(tab2.vm.localActive).toBe(false)
> 531 |     expect(tab3.vm.localActive).toBe(false)
      |    ^ Duplicate Assert
  532 |     expect(tab1.emitted('click')).toBeDefined()
  533 |
  534 |     wrapper.destroy()"
/home/gabriel/Disk/Research/research-javascript-test-smells/repositories/bootstrap-vue-dev/src/components/tabs/tabs.spec.js,Duplicate Assert,"{'line': 531, 'column': 4, 'index': 17165}","  529 |     expect(tab1.vm.localActive).toBe(true)
  530 |     expect(tab2.vm.localActive).toBe(false)
> 531 |     expect(tab3.vm.localActive).toBe(false)
      |    ^ Duplicate Assert
  532 |     expect(tab1.emitted('click')).toBeDefined()
  533 |
  534 |     wrapper.destroy()"
/home/gabriel/Disk/Research/research-javascript-test-smells/repositories/bootstrap-vue-dev/src/components/tabs/tabs.spec.js,Duplicate Assert,"{'line': 532, 'column': 4, 'index': 17209}","  530 |     expect(tab2.vm.localActive).toBe(false)
  531 |     expect(tab3.vm.localActive).toBe(false)
> 532 |     expect(tab1.emitted('click')).toBeDefined()
      |    ^ Duplicate Assert
  533 |
  534 |     wrapper.destroy()
  535 |   })"
/home/gabriel/Disk/Research/research-javascript-test-smells/repositories/bootstrap-vue-dev/src/components/tabs/tabs.spec.js,Duplicate Assert,"{'line': 565, 'column': 4, 'index': 18157}","  563 |
  564 |     // Expect 1st tab (index 0) to be active
> 565 |     expect($tabs.vm.currentTab).toBe(0)
      |    ^ Duplicate Assert
  566 |     expect(tab1.vm.localActive).toBe(true)
  567 |     expect(tab2.vm.localActive).toBe(false)
  568 |     expect(tab3.vm.localActive).toBe(false)"
/home/gabriel/Disk/Research/research-javascript-test-smells/repositories/bootstrap-vue-dev/src/components/tabs/tabs.spec.js,Duplicate Assert,"{'line': 565, 'column': 4, 'index': 18157}","  563 |
  564 |     // Expect 1st tab (index 0) to be active
> 565 |     expect($tabs.vm.currentTab).toBe(0)
      |    ^ Duplicate Assert
  566 |     expect(tab1.vm.localActive).toBe(true)
  567 |     expect(tab2.vm.localActive).toBe(false)
  568 |     expect(tab3.vm.localActive).toBe(false)"
/home/gabriel/Disk/Research/research-javascript-test-smells/repositories/bootstrap-vue-dev/src/components/tabs/tabs.spec.js,Duplicate Assert,"{'line': 566, 'column': 4, 'index': 18197}","  564 |     // Expect 1st tab (index 0) to be active
  565 |     expect($tabs.vm.currentTab).toBe(0)
> 566 |     expect(tab1.vm.localActive).toBe(true)
      |    ^ Duplicate Assert
  567 |     expect(tab2.vm.localActive).toBe(false)
  568 |     expect(tab3.vm.localActive).toBe(false)
  569 |"
/home/gabriel/Disk/Research/research-javascript-test-smells/repositories/bootstrap-vue-dev/src/components/tabs/tabs.spec.js,Duplicate Assert,"{'line': 566, 'column': 4, 'index': 18197}","  564 |     // Expect 1st tab (index 0) to be active
  565 |     expect($tabs.vm.currentTab).toBe(0)
> 566 |     expect(tab1.vm.localActive).toBe(true)
      |    ^ Duplicate Assert
  567 |     expect(tab2.vm.localActive).toBe(false)
  568 |     expect(tab3.vm.localActive).toBe(false)
  569 |"
/home/gabriel/Disk/Research/research-javascript-test-smells/repositories/bootstrap-vue-dev/src/components/tabs/tabs.spec.js,Duplicate Assert,"{'line': 567, 'column': 4, 'index': 18240}","  565 |     expect($tabs.vm.currentTab).toBe(0)
  566 |     expect(tab1.vm.localActive).toBe(true)
> 567 |     expect(tab2.vm.localActive).toBe(false)
      |    ^ Duplicate Assert
  568 |     expect(tab3.vm.localActive).toBe(false)
  569 |
  570 |     // RIGHT moves to next tab"
/home/gabriel/Disk/Research/research-javascript-test-smells/repositories/bootstrap-vue-dev/src/components/tabs/tabs.spec.js,Duplicate Assert,"{'line': 567, 'column': 4, 'index': 18240}","  565 |     expect($tabs.vm.currentTab).toBe(0)
  566 |     expect(tab1.vm.localActive).toBe(true)
> 567 |     expect(tab2.vm.localActive).toBe(false)
      |    ^ Duplicate Assert
  568 |     expect(tab3.vm.localActive).toBe(false)
  569 |
  570 |     // RIGHT moves to next tab"
/home/gabriel/Disk/Research/research-javascript-test-smells/repositories/bootstrap-vue-dev/src/components/tabs/tabs.spec.js,Duplicate Assert,"{'line': 568, 'column': 4, 'index': 18284}","  566 |     expect(tab1.vm.localActive).toBe(true)
  567 |     expect(tab2.vm.localActive).toBe(false)
> 568 |     expect(tab3.vm.localActive).toBe(false)
      |    ^ Duplicate Assert
  569 |
  570 |     // RIGHT moves to next tab
  571 |     await wrapper"
/home/gabriel/Disk/Research/research-javascript-test-smells/repositories/bootstrap-vue-dev/src/components/tabs/tabs.spec.js,Duplicate Assert,"{'line': 568, 'column': 4, 'index': 18284}","  566 |     expect(tab1.vm.localActive).toBe(true)
  567 |     expect(tab2.vm.localActive).toBe(false)
> 568 |     expect(tab3.vm.localActive).toBe(false)
      |    ^ Duplicate Assert
  569 |
  570 |     // RIGHT moves to next tab
  571 |     await wrapper"
/home/gabriel/Disk/Research/research-javascript-test-smells/repositories/bootstrap-vue-dev/src/components/tabs/tabs.spec.js,Duplicate Assert,"{'line': 575, 'column': 4, 'index': 18455}","  573 |       .at(0)
  574 |       .trigger('keydown.right')
> 575 |     expect($tabs.vm.currentTab).toBe(1)
      |    ^ Duplicate Assert
  576 |     expect(tab1.vm.localActive).toBe(false)
  577 |     expect(tab2.vm.localActive).toBe(true)
  578 |     expect(tab3.vm.localActive).toBe(false)"
/home/gabriel/Disk/Research/research-javascript-test-smells/repositories/bootstrap-vue-dev/src/components/tabs/tabs.spec.js,Duplicate Assert,"{'line': 575, 'column': 4, 'index': 18455}","  573 |       .at(0)
  574 |       .trigger('keydown.right')
> 575 |     expect($tabs.vm.currentTab).toBe(1)
      |    ^ Duplicate Assert
  576 |     expect(tab1.vm.localActive).toBe(false)
  577 |     expect(tab2.vm.localActive).toBe(true)
  578 |     expect(tab3.vm.localActive).toBe(false)"
/home/gabriel/Disk/Research/research-javascript-test-smells/repositories/bootstrap-vue-dev/src/components/tabs/tabs.spec.js,Duplicate Assert,"{'line': 576, 'column': 4, 'index': 18495}","  574 |       .trigger('keydown.right')
  575 |     expect($tabs.vm.currentTab).toBe(1)
> 576 |     expect(tab1.vm.localActive).toBe(false)
      |    ^ Duplicate Assert
  577 |     expect(tab2.vm.localActive).toBe(true)
  578 |     expect(tab3.vm.localActive).toBe(false)
  579 |"
/home/gabriel/Disk/Research/research-javascript-test-smells/repositories/bootstrap-vue-dev/src/components/tabs/tabs.spec.js,Duplicate Assert,"{'line': 576, 'column': 4, 'index': 18495}","  574 |       .trigger('keydown.right')
  575 |     expect($tabs.vm.currentTab).toBe(1)
> 576 |     expect(tab1.vm.localActive).toBe(false)
      |    ^ Duplicate Assert
  577 |     expect(tab2.vm.localActive).toBe(true)
  578 |     expect(tab3.vm.localActive).toBe(false)
  579 |"
/home/gabriel/Disk/Research/research-javascript-test-smells/repositories/bootstrap-vue-dev/src/components/tabs/tabs.spec.js,Duplicate Assert,"{'line': 577, 'column': 4, 'index': 18539}","  575 |     expect($tabs.vm.currentTab).toBe(1)
  576 |     expect(tab1.vm.localActive).toBe(false)
> 577 |     expect(tab2.vm.localActive).toBe(true)
      |    ^ Duplicate Assert
  578 |     expect(tab3.vm.localActive).toBe(false)
  579 |
  580 |     // END key moves to last tab"
/home/gabriel/Disk/Research/research-javascript-test-smells/repositories/bootstrap-vue-dev/src/components/tabs/tabs.spec.js,Duplicate Assert,"{'line': 577, 'column': 4, 'index': 18539}","  575 |     expect($tabs.vm.currentTab).toBe(1)
  576 |     expect(tab1.vm.localActive).toBe(false)
> 577 |     expect(tab2.vm.localActive).toBe(true)
      |    ^ Duplicate Assert
  578 |     expect(tab3.vm.localActive).toBe(false)
  579 |
  580 |     // END key moves to last tab"
/home/gabriel/Disk/Research/research-javascript-test-smells/repositories/bootstrap-vue-dev/src/components/tabs/tabs.spec.js,Duplicate Assert,"{'line': 578, 'column': 4, 'index': 18582}","  576 |     expect(tab1.vm.localActive).toBe(false)
  577 |     expect(tab2.vm.localActive).toBe(true)
> 578 |     expect(tab3.vm.localActive).toBe(false)
      |    ^ Duplicate Assert
  579 |
  580 |     // END key moves to last tab
  581 |     await wrapper"
/home/gabriel/Disk/Research/research-javascript-test-smells/repositories/bootstrap-vue-dev/src/components/tabs/tabs.spec.js,Duplicate Assert,"{'line': 578, 'column': 4, 'index': 18582}","  576 |     expect(tab1.vm.localActive).toBe(false)
  577 |     expect(tab2.vm.localActive).toBe(true)
> 578 |     expect(tab3.vm.localActive).toBe(false)
      |    ^ Duplicate Assert
  579 |
  580 |     // END key moves to last tab
  581 |     await wrapper"
/home/gabriel/Disk/Research/research-javascript-test-smells/repositories/bootstrap-vue-dev/src/components/tabs/tabs.spec.js,Duplicate Assert,"{'line': 585, 'column': 4, 'index': 18753}","  583 |       .at(1)
  584 |       .trigger('keydown.end')
> 585 |     expect($tabs.vm.currentTab).toBe(2)
      |    ^ Duplicate Assert
  586 |     expect(tab1.vm.localActive).toBe(false)
  587 |     expect(tab2.vm.localActive).toBe(false)
  588 |     expect(tab3.vm.localActive).toBe(true)"
/home/gabriel/Disk/Research/research-javascript-test-smells/repositories/bootstrap-vue-dev/src/components/tabs/tabs.spec.js,Duplicate Assert,"{'line': 586, 'column': 4, 'index': 18793}","  584 |       .trigger('keydown.end')
  585 |     expect($tabs.vm.currentTab).toBe(2)
> 586 |     expect(tab1.vm.localActive).toBe(false)
      |    ^ Duplicate Assert
  587 |     expect(tab2.vm.localActive).toBe(false)
  588 |     expect(tab3.vm.localActive).toBe(true)
  589 |"
/home/gabriel/Disk/Research/research-javascript-test-smells/repositories/bootstrap-vue-dev/src/components/tabs/tabs.spec.js,Duplicate Assert,"{'line': 586, 'column': 4, 'index': 18793}","  584 |       .trigger('keydown.end')
  585 |     expect($tabs.vm.currentTab).toBe(2)
> 586 |     expect(tab1.vm.localActive).toBe(false)
      |    ^ Duplicate Assert
  587 |     expect(tab2.vm.localActive).toBe(false)
  588 |     expect(tab3.vm.localActive).toBe(true)
  589 |"
/home/gabriel/Disk/Research/research-javascript-test-smells/repositories/bootstrap-vue-dev/src/components/tabs/tabs.spec.js,Duplicate Assert,"{'line': 587, 'column': 4, 'index': 18837}","  585 |     expect($tabs.vm.currentTab).toBe(2)
  586 |     expect(tab1.vm.localActive).toBe(false)
> 587 |     expect(tab2.vm.localActive).toBe(false)
      |    ^ Duplicate Assert
  588 |     expect(tab3.vm.localActive).toBe(true)
  589 |
  590 |     // LEFT moves to previous tab"
/home/gabriel/Disk/Research/research-javascript-test-smells/repositories/bootstrap-vue-dev/src/components/tabs/tabs.spec.js,Duplicate Assert,"{'line': 587, 'column': 4, 'index': 18837}","  585 |     expect($tabs.vm.currentTab).toBe(2)
  586 |     expect(tab1.vm.localActive).toBe(false)
> 587 |     expect(tab2.vm.localActive).toBe(false)
      |    ^ Duplicate Assert
  588 |     expect(tab3.vm.localActive).toBe(true)
  589 |
  590 |     // LEFT moves to previous tab"
/home/gabriel/Disk/Research/research-javascript-test-smells/repositories/bootstrap-vue-dev/src/components/tabs/tabs.spec.js,Duplicate Assert,"{'line': 588, 'column': 4, 'index': 18881}","  586 |     expect(tab1.vm.localActive).toBe(false)
  587 |     expect(tab2.vm.localActive).toBe(false)
> 588 |     expect(tab3.vm.localActive).toBe(true)
      |    ^ Duplicate Assert
  589 |
  590 |     // LEFT moves to previous tab
  591 |     await wrapper"
/home/gabriel/Disk/Research/research-javascript-test-smells/repositories/bootstrap-vue-dev/src/components/tabs/tabs.spec.js,Duplicate Assert,"{'line': 595, 'column': 4, 'index': 19053}","  593 |       .at(2)
  594 |       .trigger('keydown.left')
> 595 |     expect($tabs.vm.currentTab).toBe(1)
      |    ^ Duplicate Assert
  596 |     expect(tab1.vm.localActive).toBe(false)
  597 |     expect(tab2.vm.localActive).toBe(true)
  598 |     expect(tab3.vm.localActive).toBe(false)"
/home/gabriel/Disk/Research/research-javascript-test-smells/repositories/bootstrap-vue-dev/src/components/tabs/tabs.spec.js,Duplicate Assert,"{'line': 595, 'column': 4, 'index': 19053}","  593 |       .at(2)
  594 |       .trigger('keydown.left')
> 595 |     expect($tabs.vm.currentTab).toBe(1)
      |    ^ Duplicate Assert
  596 |     expect(tab1.vm.localActive).toBe(false)
  597 |     expect(tab2.vm.localActive).toBe(true)
  598 |     expect(tab3.vm.localActive).toBe(false)"
/home/gabriel/Disk/Research/research-javascript-test-smells/repositories/bootstrap-vue-dev/src/components/tabs/tabs.spec.js,Duplicate Assert,"{'line': 596, 'column': 4, 'index': 19093}","  594 |       .trigger('keydown.left')
  595 |     expect($tabs.vm.currentTab).toBe(1)
> 596 |     expect(tab1.vm.localActive).toBe(false)
      |    ^ Duplicate Assert
  597 |     expect(tab2.vm.localActive).toBe(true)
  598 |     expect(tab3.vm.localActive).toBe(false)
  599 |"
/home/gabriel/Disk/Research/research-javascript-test-smells/repositories/bootstrap-vue-dev/src/components/tabs/tabs.spec.js,Duplicate Assert,"{'line': 596, 'column': 4, 'index': 19093}","  594 |       .trigger('keydown.left')
  595 |     expect($tabs.vm.currentTab).toBe(1)
> 596 |     expect(tab1.vm.localActive).toBe(false)
      |    ^ Duplicate Assert
  597 |     expect(tab2.vm.localActive).toBe(true)
  598 |     expect(tab3.vm.localActive).toBe(false)
  599 |"
/home/gabriel/Disk/Research/research-javascript-test-smells/repositories/bootstrap-vue-dev/src/components/tabs/tabs.spec.js,Duplicate Assert,"{'line': 597, 'column': 4, 'index': 19137}","  595 |     expect($tabs.vm.currentTab).toBe(1)
  596 |     expect(tab1.vm.localActive).toBe(false)
> 597 |     expect(tab2.vm.localActive).toBe(true)
      |    ^ Duplicate Assert
  598 |     expect(tab3.vm.localActive).toBe(false)
  599 |
  600 |     // HOME moves to first tab"
/home/gabriel/Disk/Research/research-javascript-test-smells/repositories/bootstrap-vue-dev/src/components/tabs/tabs.spec.js,Duplicate Assert,"{'line': 597, 'column': 4, 'index': 19137}","  595 |     expect($tabs.vm.currentTab).toBe(1)
  596 |     expect(tab1.vm.localActive).toBe(false)
> 597 |     expect(tab2.vm.localActive).toBe(true)
      |    ^ Duplicate Assert
  598 |     expect(tab3.vm.localActive).toBe(false)
  599 |
  600 |     // HOME moves to first tab"
/home/gabriel/Disk/Research/research-javascript-test-smells/repositories/bootstrap-vue-dev/src/components/tabs/tabs.spec.js,Duplicate Assert,"{'line': 598, 'column': 4, 'index': 19180}","  596 |     expect(tab1.vm.localActive).toBe(false)
  597 |     expect(tab2.vm.localActive).toBe(true)
> 598 |     expect(tab3.vm.localActive).toBe(false)
      |    ^ Duplicate Assert
  599 |
  600 |     // HOME moves to first tab
  601 |     await wrapper"
/home/gabriel/Disk/Research/research-javascript-test-smells/repositories/bootstrap-vue-dev/src/components/tabs/tabs.spec.js,Duplicate Assert,"{'line': 598, 'column': 4, 'index': 19180}","  596 |     expect(tab1.vm.localActive).toBe(false)
  597 |     expect(tab2.vm.localActive).toBe(true)
> 598 |     expect(tab3.vm.localActive).toBe(false)
      |    ^ Duplicate Assert
  599 |
  600 |     // HOME moves to first tab
  601 |     await wrapper"
/home/gabriel/Disk/Research/research-javascript-test-smells/repositories/bootstrap-vue-dev/src/components/tabs/tabs.spec.js,Duplicate Assert,"{'line': 605, 'column': 4, 'index': 19350}","  603 |       .at(1)
  604 |       .trigger('keydown.home')
> 605 |     expect($tabs.vm.currentTab).toBe(0)
      |    ^ Duplicate Assert
  606 |     expect(tab1.vm.localActive).toBe(true)
  607 |     expect(tab2.vm.localActive).toBe(false)
  608 |     expect(tab3.vm.localActive).toBe(false)"
/home/gabriel/Disk/Research/research-javascript-test-smells/repositories/bootstrap-vue-dev/src/components/tabs/tabs.spec.js,Duplicate Assert,"{'line': 605, 'column': 4, 'index': 19350}","  603 |       .at(1)
  604 |       .trigger('keydown.home')
> 605 |     expect($tabs.vm.currentTab).toBe(0)
      |    ^ Duplicate Assert
  606 |     expect(tab1.vm.localActive).toBe(true)
  607 |     expect(tab2.vm.localActive).toBe(false)
  608 |     expect(tab3.vm.localActive).toBe(false)"
/home/gabriel/Disk/Research/research-javascript-test-smells/repositories/bootstrap-vue-dev/src/components/tabs/tabs.spec.js,Duplicate Assert,"{'line': 606, 'column': 4, 'index': 19390}","  604 |       .trigger('keydown.home')
  605 |     expect($tabs.vm.currentTab).toBe(0)
> 606 |     expect(tab1.vm.localActive).toBe(true)
      |    ^ Duplicate Assert
  607 |     expect(tab2.vm.localActive).toBe(false)
  608 |     expect(tab3.vm.localActive).toBe(false)
  609 |"
/home/gabriel/Disk/Research/research-javascript-test-smells/repositories/bootstrap-vue-dev/src/components/tabs/tabs.spec.js,Duplicate Assert,"{'line': 606, 'column': 4, 'index': 19390}","  604 |       .trigger('keydown.home')
  605 |     expect($tabs.vm.currentTab).toBe(0)
> 606 |     expect(tab1.vm.localActive).toBe(true)
      |    ^ Duplicate Assert
  607 |     expect(tab2.vm.localActive).toBe(false)
  608 |     expect(tab3.vm.localActive).toBe(false)
  609 |"
/home/gabriel/Disk/Research/research-javascript-test-smells/repositories/bootstrap-vue-dev/src/components/tabs/tabs.spec.js,Duplicate Assert,"{'line': 607, 'column': 4, 'index': 19433}","  605 |     expect($tabs.vm.currentTab).toBe(0)
  606 |     expect(tab1.vm.localActive).toBe(true)
> 607 |     expect(tab2.vm.localActive).toBe(false)
      |    ^ Duplicate Assert
  608 |     expect(tab3.vm.localActive).toBe(false)
  609 |
  610 |     wrapper.destroy()"
/home/gabriel/Disk/Research/research-javascript-test-smells/repositories/bootstrap-vue-dev/src/components/tabs/tabs.spec.js,Duplicate Assert,"{'line': 607, 'column': 4, 'index': 19433}","  605 |     expect($tabs.vm.currentTab).toBe(0)
  606 |     expect(tab1.vm.localActive).toBe(true)
> 607 |     expect(tab2.vm.localActive).toBe(false)
      |    ^ Duplicate Assert
  608 |     expect(tab3.vm.localActive).toBe(false)
  609 |
  610 |     wrapper.destroy()"
/home/gabriel/Disk/Research/research-javascript-test-smells/repositories/bootstrap-vue-dev/src/components/tabs/tabs.spec.js,Duplicate Assert,"{'line': 608, 'column': 4, 'index': 19477}","  606 |     expect(tab1.vm.localActive).toBe(true)
  607 |     expect(tab2.vm.localActive).toBe(false)
> 608 |     expect(tab3.vm.localActive).toBe(false)
      |    ^ Duplicate Assert
  609 |
  610 |     wrapper.destroy()
  611 |   })"
/home/gabriel/Disk/Research/research-javascript-test-smells/repositories/bootstrap-vue-dev/src/components/tabs/tabs.spec.js,Duplicate Assert,"{'line': 608, 'column': 4, 'index': 19477}","  606 |     expect(tab1.vm.localActive).toBe(true)
  607 |     expect(tab2.vm.localActive).toBe(false)
> 608 |     expect(tab3.vm.localActive).toBe(false)
      |    ^ Duplicate Assert
  609 |
  610 |     wrapper.destroy()
  611 |   })"
/home/gabriel/Disk/Research/research-javascript-test-smells/repositories/bootstrap-vue-dev/src/components/tabs/tabs.spec.js,Duplicate Assert,"{'line': 643, 'column': 4, 'index': 20549}","  641 |
  642 |     // Expect 3rd tab (index 2) to be active
> 643 |     expect($tabs.vm.currentTab).toBe(2)
      |    ^ Duplicate Assert
  644 |     expect(tab1.vm.localActive).toBe(false)
  645 |     expect(tab2.vm.localActive).toBe(false)
  646 |     expect(tab3.vm.localActive).toBe(true)"
/home/gabriel/Disk/Research/research-javascript-test-smells/repositories/bootstrap-vue-dev/src/components/tabs/tabs.spec.js,Duplicate Assert,"{'line': 644, 'column': 4, 'index': 20589}","  642 |     // Expect 3rd tab (index 2) to be active
  643 |     expect($tabs.vm.currentTab).toBe(2)
> 644 |     expect(tab1.vm.localActive).toBe(false)
      |    ^ Duplicate Assert
  645 |     expect(tab2.vm.localActive).toBe(false)
  646 |     expect(tab3.vm.localActive).toBe(true)
  647 |"
/home/gabriel/Disk/Research/research-javascript-test-smells/repositories/bootstrap-vue-dev/src/components/tabs/tabs.spec.js,Duplicate Assert,"{'line': 644, 'column': 4, 'index': 20589}","  642 |     // Expect 3rd tab (index 2) to be active
  643 |     expect($tabs.vm.currentTab).toBe(2)
> 644 |     expect(tab1.vm.localActive).toBe(false)
      |    ^ Duplicate Assert
  645 |     expect(tab2.vm.localActive).toBe(false)
  646 |     expect(tab3.vm.localActive).toBe(true)
  647 |"
/home/gabriel/Disk/Research/research-javascript-test-smells/repositories/bootstrap-vue-dev/src/components/tabs/tabs.spec.js,Duplicate Assert,"{'line': 645, 'column': 4, 'index': 20633}","  643 |     expect($tabs.vm.currentTab).toBe(2)
  644 |     expect(tab1.vm.localActive).toBe(false)
> 645 |     expect(tab2.vm.localActive).toBe(false)
      |    ^ Duplicate Assert
  646 |     expect(tab3.vm.localActive).toBe(true)
  647 |
  648 |     // Disable 3rd tab"
/home/gabriel/Disk/Research/research-javascript-test-smells/repositories/bootstrap-vue-dev/src/components/tabs/tabs.spec.js,Duplicate Assert,"{'line': 645, 'column': 4, 'index': 20633}","  643 |     expect($tabs.vm.currentTab).toBe(2)
  644 |     expect(tab1.vm.localActive).toBe(false)
> 645 |     expect(tab2.vm.localActive).toBe(false)
      |    ^ Duplicate Assert
  646 |     expect(tab3.vm.localActive).toBe(true)
  647 |
  648 |     // Disable 3rd tab"
/home/gabriel/Disk/Research/research-javascript-test-smells/repositories/bootstrap-vue-dev/src/components/tabs/tabs.spec.js,Duplicate Assert,"{'line': 646, 'column': 4, 'index': 20677}","  644 |     expect(tab1.vm.localActive).toBe(false)
  645 |     expect(tab2.vm.localActive).toBe(false)
> 646 |     expect(tab3.vm.localActive).toBe(true)
      |    ^ Duplicate Assert
  647 |
  648 |     // Disable 3rd tab
  649 |     await wrapper.setProps({ disabledTabs: [2] })"
/home/gabriel/Disk/Research/research-javascript-test-smells/repositories/bootstrap-vue-dev/src/components/tabs/tabs.spec.js,Duplicate Assert,"{'line': 652, 'column': 4, 'index': 20830}","  650 |
  651 |     // Expect 1st tab to be active
> 652 |     expect($tabs.vm.currentTab).toBe(0)
      |    ^ Duplicate Assert
  653 |     expect(tab1.vm.localActive).toBe(true)
  654 |     expect(tab2.vm.localActive).toBe(false)
  655 |     expect(tab3.vm.localActive).toBe(false)"
/home/gabriel/Disk/Research/research-javascript-test-smells/repositories/bootstrap-vue-dev/src/components/tabs/tabs.spec.js,Duplicate Assert,"{'line': 653, 'column': 4, 'index': 20870}","  651 |     // Expect 1st tab to be active
  652 |     expect($tabs.vm.currentTab).toBe(0)
> 653 |     expect(tab1.vm.localActive).toBe(true)
      |    ^ Duplicate Assert
  654 |     expect(tab2.vm.localActive).toBe(false)
  655 |     expect(tab3.vm.localActive).toBe(false)
  656 |"
/home/gabriel/Disk/Research/research-javascript-test-smells/repositories/bootstrap-vue-dev/src/components/tabs/tabs.spec.js,Duplicate Assert,"{'line': 654, 'column': 4, 'index': 20913}","  652 |     expect($tabs.vm.currentTab).toBe(0)
  653 |     expect(tab1.vm.localActive).toBe(true)
> 654 |     expect(tab2.vm.localActive).toBe(false)
      |    ^ Duplicate Assert
  655 |     expect(tab3.vm.localActive).toBe(false)
  656 |
  657 |     // Enable 3rd tab and Disable 1st tab"
/home/gabriel/Disk/Research/research-javascript-test-smells/repositories/bootstrap-vue-dev/src/components/tabs/tabs.spec.js,Duplicate Assert,"{'line': 654, 'column': 4, 'index': 20913}","  652 |     expect($tabs.vm.currentTab).toBe(0)
  653 |     expect(tab1.vm.localActive).toBe(true)
> 654 |     expect(tab2.vm.localActive).toBe(false)
      |    ^ Duplicate Assert
  655 |     expect(tab3.vm.localActive).toBe(false)
  656 |
  657 |     // Enable 3rd tab and Disable 1st tab"
/home/gabriel/Disk/Research/research-javascript-test-smells/repositories/bootstrap-vue-dev/src/components/tabs/tabs.spec.js,Duplicate Assert,"{'line': 655, 'column': 4, 'index': 20957}","  653 |     expect(tab1.vm.localActive).toBe(true)
  654 |     expect(tab2.vm.localActive).toBe(false)
> 655 |     expect(tab3.vm.localActive).toBe(false)
      |    ^ Duplicate Assert
  656 |
  657 |     // Enable 3rd tab and Disable 1st tab
  658 |     await wrapper.setProps({ disabledTabs: [0] })"
/home/gabriel/Disk/Research/research-javascript-test-smells/repositories/bootstrap-vue-dev/src/components/tabs/tabs.spec.js,Duplicate Assert,"{'line': 655, 'column': 4, 'index': 20957}","  653 |     expect(tab1.vm.localActive).toBe(true)
  654 |     expect(tab2.vm.localActive).toBe(false)
> 655 |     expect(tab3.vm.localActive).toBe(false)
      |    ^ Duplicate Assert
  656 |
  657 |     // Enable 3rd tab and Disable 1st tab
  658 |     await wrapper.setProps({ disabledTabs: [0] })"
/home/gabriel/Disk/Research/research-javascript-test-smells/repositories/bootstrap-vue-dev/src/components/tabs/tabs.spec.js,Duplicate Assert,"{'line': 661, 'column': 4, 'index': 21130}","  659 |
  660 |     // Expect 2nd tab to be active
> 661 |     expect($tabs.vm.currentTab).toBe(1)
      |    ^ Duplicate Assert
  662 |     expect(tab1.vm.localActive).toBe(false)
  663 |     expect(tab2.vm.localActive).toBe(true)
  664 |     expect(tab3.vm.localActive).toBe(false)"
/home/gabriel/Disk/Research/research-javascript-test-smells/repositories/bootstrap-vue-dev/src/components/tabs/tabs.spec.js,Duplicate Assert,"{'line': 662, 'column': 4, 'index': 21170}","  660 |     // Expect 2nd tab to be active
  661 |     expect($tabs.vm.currentTab).toBe(1)
> 662 |     expect(tab1.vm.localActive).toBe(false)
      |    ^ Duplicate Assert
  663 |     expect(tab2.vm.localActive).toBe(true)
  664 |     expect(tab3.vm.localActive).toBe(false)
  665 |"
/home/gabriel/Disk/Research/research-javascript-test-smells/repositories/bootstrap-vue-dev/src/components/tabs/tabs.spec.js,Duplicate Assert,"{'line': 662, 'column': 4, 'index': 21170}","  660 |     // Expect 2nd tab to be active
  661 |     expect($tabs.vm.currentTab).toBe(1)
> 662 |     expect(tab1.vm.localActive).toBe(false)
      |    ^ Duplicate Assert
  663 |     expect(tab2.vm.localActive).toBe(true)
  664 |     expect(tab3.vm.localActive).toBe(false)
  665 |"
/home/gabriel/Disk/Research/research-javascript-test-smells/repositories/bootstrap-vue-dev/src/components/tabs/tabs.spec.js,Duplicate Assert,"{'line': 663, 'column': 4, 'index': 21214}","  661 |     expect($tabs.vm.currentTab).toBe(1)
  662 |     expect(tab1.vm.localActive).toBe(false)
> 663 |     expect(tab2.vm.localActive).toBe(true)
      |    ^ Duplicate Assert
  664 |     expect(tab3.vm.localActive).toBe(false)
  665 |
  666 |     wrapper.destroy()"
/home/gabriel/Disk/Research/research-javascript-test-smells/repositories/bootstrap-vue-dev/src/components/tabs/tabs.spec.js,Duplicate Assert,"{'line': 664, 'column': 4, 'index': 21257}","  662 |     expect(tab1.vm.localActive).toBe(false)
  663 |     expect(tab2.vm.localActive).toBe(true)
> 664 |     expect(tab3.vm.localActive).toBe(false)
      |    ^ Duplicate Assert
  665 |
  666 |     wrapper.destroy()
  667 |   })"
/home/gabriel/Disk/Research/research-javascript-test-smells/repositories/bootstrap-vue-dev/src/components/tabs/tabs.spec.js,Duplicate Assert,"{'line': 664, 'column': 4, 'index': 21257}","  662 |     expect(tab1.vm.localActive).toBe(false)
  663 |     expect(tab2.vm.localActive).toBe(true)
> 664 |     expect(tab3.vm.localActive).toBe(false)
      |    ^ Duplicate Assert
  665 |
  666 |     wrapper.destroy()
  667 |   })"
/home/gabriel/Disk/Research/research-javascript-test-smells/repositories/bootstrap-vue-dev/src/components/tabs/tabs.spec.js,Duplicate Assert,"{'line': 688, 'column': 4, 'index': 21844}","  686 |
  687 |     // Expect tab button content to be `original`
> 688 |     expect(wrapper.find('.nav-link').text()).toBe('original')
      |    ^ Duplicate Assert
  689 |
  690 |     // Get the BTab's instance
  691 |     const tabVm = wrapper.findComponent(BTab).vm"
/home/gabriel/Disk/Research/research-javascript-test-smells/repositories/bootstrap-vue-dev/src/components/tabs/tabs.spec.js,Duplicate Assert,"{'line': 700, 'column': 4, 'index': 22222}","  698 |
  699 |     // Expect tab button content to be `foobar`
> 700 |     expect(wrapper.find('.nav-link').text()).toBe('foobar')
      |    ^ Duplicate Assert
  701 |
  702 |     wrapper.destroy()
  703 |   })"
/home/gabriel/Disk/Research/research-javascript-test-smells/repositories/bootstrap-vue-dev/src/components/tabs/tabs.spec.js,Duplicate Assert,"{'line': 732, 'column': 4, 'index': 23097}","  730 |
  731 |     // Expect 1st tab (index 0) to be active
> 732 |     expect($tabs.vm.currentTab).toBe(0)
      |    ^ Duplicate Assert
  733 |     expect($tabs.vm.tabs[0].localActive).toBe(true)
  734 |     // Expect 1st tabs nav item to have ""active-nav-item-class"" applied
  735 |     expect(getNavItemByTab($tabs.vm.tabs[0]).classes(activeNavItemClass)).toBe(true)"
/home/gabriel/Disk/Research/research-javascript-test-smells/repositories/bootstrap-vue-dev/src/components/tabs/tabs.spec.js,Duplicate Assert,"{'line': 735, 'column': 4, 'index': 23261}","  733 |     expect($tabs.vm.tabs[0].localActive).toBe(true)
  734 |     // Expect 1st tabs nav item to have ""active-nav-item-class"" applied
> 735 |     expect(getNavItemByTab($tabs.vm.tabs[0]).classes(activeNavItemClass)).toBe(true)
      |    ^ Duplicate Assert
  736 |
  737 |     // Set 2nd tab to be active
  738 |     wrapper.setProps({ activeTab: 1 })"
/home/gabriel/Disk/Research/research-javascript-test-smells/repositories/bootstrap-vue-dev/src/components/tabs/tabs.spec.js,Duplicate Assert,"{'line': 740, 'column': 4, 'index': 23447}","  738 |     wrapper.setProps({ activeTab: 1 })
  739 |     await waitNT(wrapper.vm)
> 740 |     expect($tabs.vm.currentTab).toBe(1)
      |    ^ Duplicate Assert
  741 |     // Expect 2nd tabs nav item to have ""active-nav-item-class"" applied
  742 |     expect(getNavItemByTab($tabs.vm.tabs[1]).classes(activeNavItemClass)).toBe(true)
  743 |     // Expect 1st tabs nav item to don't have ""active-nav-item-class"" applied anymore"
/home/gabriel/Disk/Research/research-javascript-test-smells/repositories/bootstrap-vue-dev/src/components/tabs/tabs.spec.js,Duplicate Assert,"{'line': 744, 'column': 4, 'index': 23730}","  742 |     expect(getNavItemByTab($tabs.vm.tabs[1]).classes(activeNavItemClass)).toBe(true)
  743 |     // Expect 1st tabs nav item to don't have ""active-nav-item-class"" applied anymore
> 744 |     expect(getNavItemByTab($tabs.vm.tabs[0]).classes(activeNavItemClass)).toBe(false)
      |    ^ Duplicate Assert
  745 |
  746 |     wrapper.destroy()
  747 |   })"
/home/gabriel/Disk/Research/research-javascript-test-smells/repositories/bootstrap-vue-dev/src/components/tabs/tabs.spec.js,Duplicate Assert,"{'line': 774, 'column': 4, 'index': 24528}","  772 |
  773 |     // Expect 1st tab (index 0) to be active
> 774 |     expect($tabs.vm.currentTab).toBe(0)
      |    ^ Duplicate Assert
  775 |     expect($tabs.vm.tabs[0].localActive).toBe(true)
  776 |     // Expect 1st tab to have ""active-tab-class"" applied
  777 |     expect($tabs.vm.tabs[0].$el.classList.contains(activeTabClass)).toBe(true)"
/home/gabriel/Disk/Research/research-javascript-test-smells/repositories/bootstrap-vue-dev/src/components/tabs/tabs.spec.js,Duplicate Assert,"{'line': 777, 'column': 4, 'index': 24677}","  775 |     expect($tabs.vm.tabs[0].localActive).toBe(true)
  776 |     // Expect 1st tab to have ""active-tab-class"" applied
> 777 |     expect($tabs.vm.tabs[0].$el.classList.contains(activeTabClass)).toBe(true)
      |    ^ Duplicate Assert
  778 |
  779 |     // Set 2nd tab to be active
  780 |     await wrapper.setProps({ activeTab: 1 })"
/home/gabriel/Disk/Research/research-javascript-test-smells/repositories/bootstrap-vue-dev/src/components/tabs/tabs.spec.js,Duplicate Assert,"{'line': 781, 'column': 4, 'index': 24834}","  779 |     // Set 2nd tab to be active
  780 |     await wrapper.setProps({ activeTab: 1 })
> 781 |     expect($tabs.vm.currentTab).toBe(1)
      |    ^ Duplicate Assert
  782 |     // Expect 2nd tab to have ""active-tab-class"" applied
  783 |     expect($tabs.vm.tabs[1].$el.classList.contains(activeTabClass)).toBe(true)
  784 |     // Expect 1st tab to don't have ""active-tab-class"" applied anymore"
/home/gabriel/Disk/Research/research-javascript-test-smells/repositories/bootstrap-vue-dev/src/components/tabs/tabs.spec.js,Duplicate Assert,"{'line': 785, 'column': 4, 'index': 25081}","  783 |     expect($tabs.vm.tabs[1].$el.classList.contains(activeTabClass)).toBe(true)
  784 |     // Expect 1st tab to don't have ""active-tab-class"" applied anymore
> 785 |     expect($tabs.vm.tabs[0].$el.classList.contains(activeTabClass)).toBe(false)
      |    ^ Duplicate Assert
  786 |
  787 |     wrapper.destroy()
  788 |   })"
/home/gabriel/Disk/Research/research-javascript-test-smells/repositories/bootstrap-vue-dev/src/components/tabs/tabs.spec.js,Duplicate Assert,"{'line': 810, 'column': 4, 'index': 25663}","  808 |     const $tabs = wrapper.findComponent(BTabs)
  809 |     expect($tabs).toBeDefined()
> 810 |     expect($tabs.findAllComponents(BTab).length).toBe(3)
      |    ^ Duplicate Assert
  811 |     expect($tabs.emitted('changed')).toBeDefined()
  812 |     expect($tabs.emitted('changed').length).toBe(1)
  813 |     expect($tabs.emitted('changed')[0][0].length).toBe(3)"
/home/gabriel/Disk/Research/research-javascript-test-smells/repositories/bootstrap-vue-dev/src/components/tabs/tabs.spec.js,Duplicate Assert,"{'line': 811, 'column': 4, 'index': 25720}","  809 |     expect($tabs).toBeDefined()
  810 |     expect($tabs.findAllComponents(BTab).length).toBe(3)
> 811 |     expect($tabs.emitted('changed')).toBeDefined()
      |    ^ Duplicate Assert
  812 |     expect($tabs.emitted('changed').length).toBe(1)
  813 |     expect($tabs.emitted('changed')[0][0].length).toBe(3)
  814 |     expect($tabs.emitted('changed')[0][1].length).toBe(0)"
/home/gabriel/Disk/Research/research-javascript-test-smells/repositories/bootstrap-vue-dev/src/components/tabs/tabs.spec.js,Duplicate Assert,"{'line': 811, 'column': 4, 'index': 25720}","  809 |     expect($tabs).toBeDefined()
  810 |     expect($tabs.findAllComponents(BTab).length).toBe(3)
> 811 |     expect($tabs.emitted('changed')).toBeDefined()
      |    ^ Duplicate Assert
  812 |     expect($tabs.emitted('changed').length).toBe(1)
  813 |     expect($tabs.emitted('changed')[0][0].length).toBe(3)
  814 |     expect($tabs.emitted('changed')[0][1].length).toBe(0)"
/home/gabriel/Disk/Research/research-javascript-test-smells/repositories/bootstrap-vue-dev/src/components/tabs/tabs.spec.js,Duplicate Assert,"{'line': 812, 'column': 4, 'index': 25771}","  810 |     expect($tabs.findAllComponents(BTab).length).toBe(3)
  811 |     expect($tabs.emitted('changed')).toBeDefined()
> 812 |     expect($tabs.emitted('changed').length).toBe(1)
      |    ^ Duplicate Assert
  813 |     expect($tabs.emitted('changed')[0][0].length).toBe(3)
  814 |     expect($tabs.emitted('changed')[0][1].length).toBe(0)
  815 |"
/home/gabriel/Disk/Research/research-javascript-test-smells/repositories/bootstrap-vue-dev/src/components/tabs/tabs.spec.js,Duplicate Assert,"{'line': 819, 'column': 4, 'index': 26061}","  817 |     await wrapper.setProps({ tabs: ['Tab 1', 'Tab 2', 'Tab 3', 'Tab 4'] })
  818 |     await waitNT(wrapper.vm)
> 819 |     expect($tabs.findAllComponents(BTab).length).toBe(4)
      |    ^ Duplicate Assert
  820 |     expect($tabs.emitted('changed')).toBeDefined()
  821 |     expect($tabs.emitted('changed').length).toBe(2)
  822 |     expect($tabs.emitted('changed')[1][0].length).toBe(4)"
/home/gabriel/Disk/Research/research-javascript-test-smells/repositories/bootstrap-vue-dev/src/components/tabs/tabs.spec.js,Duplicate Assert,"{'line': 820, 'column': 4, 'index': 26118}","  818 |     await waitNT(wrapper.vm)
  819 |     expect($tabs.findAllComponents(BTab).length).toBe(4)
> 820 |     expect($tabs.emitted('changed')).toBeDefined()
      |    ^ Duplicate Assert
  821 |     expect($tabs.emitted('changed').length).toBe(2)
  822 |     expect($tabs.emitted('changed')[1][0].length).toBe(4)
  823 |     expect($tabs.emitted('changed')[1][1].length).toBe(3)"
/home/gabriel/Disk/Research/research-javascript-test-smells/repositories/bootstrap-vue-dev/src/components/tabs/tabs.spec.js,Duplicate Assert,"{'line': 820, 'column': 4, 'index': 26118}","  818 |     await waitNT(wrapper.vm)
  819 |     expect($tabs.findAllComponents(BTab).length).toBe(4)
> 820 |     expect($tabs.emitted('changed')).toBeDefined()
      |    ^ Duplicate Assert
  821 |     expect($tabs.emitted('changed').length).toBe(2)
  822 |     expect($tabs.emitted('changed')[1][0].length).toBe(4)
  823 |     expect($tabs.emitted('changed')[1][1].length).toBe(3)"
/home/gabriel/Disk/Research/research-javascript-test-smells/repositories/bootstrap-vue-dev/src/components/tabs/tabs.spec.js,Duplicate Assert,"{'line': 821, 'column': 4, 'index': 26169}","  819 |     expect($tabs.findAllComponents(BTab).length).toBe(4)
  820 |     expect($tabs.emitted('changed')).toBeDefined()
> 821 |     expect($tabs.emitted('changed').length).toBe(2)
      |    ^ Duplicate Assert
  822 |     expect($tabs.emitted('changed')[1][0].length).toBe(4)
  823 |     expect($tabs.emitted('changed')[1][1].length).toBe(3)
  824 |"
/home/gabriel/Disk/Research/research-javascript-test-smells/repositories/bootstrap-vue-dev/src/components/tabs/tabs.spec.js,Duplicate Assert,"{'line': 828, 'column': 4, 'index': 26445}","  826 |     await wrapper.setProps({ tabs: ['Tab 1', 'Tab 2'] })
  827 |     await waitNT(wrapper.vm)
> 828 |     expect($tabs.findAllComponents(BTab).length).toBe(2)
      |    ^ Duplicate Assert
  829 |     expect($tabs.emitted('changed')).toBeDefined()
  830 |     expect($tabs.emitted('changed').length).toBe(3)
  831 |     expect($tabs.emitted('changed')[2][0].length).toBe(2)"
/home/gabriel/Disk/Research/research-javascript-test-smells/repositories/bootstrap-vue-dev/src/components/tabs/tabs.spec.js,Duplicate Assert,"{'line': 829, 'column': 4, 'index': 26502}","  827 |     await waitNT(wrapper.vm)
  828 |     expect($tabs.findAllComponents(BTab).length).toBe(2)
> 829 |     expect($tabs.emitted('changed')).toBeDefined()
      |    ^ Duplicate Assert
  830 |     expect($tabs.emitted('changed').length).toBe(3)
  831 |     expect($tabs.emitted('changed')[2][0].length).toBe(2)
  832 |     expect($tabs.emitted('changed')[2][1].length).toBe(4)"
/home/gabriel/Disk/Research/research-javascript-test-smells/repositories/bootstrap-vue-dev/src/components/tabs/tabs.spec.js,Duplicate Assert,"{'line': 829, 'column': 4, 'index': 26502}","  827 |     await waitNT(wrapper.vm)
  828 |     expect($tabs.findAllComponents(BTab).length).toBe(2)
> 829 |     expect($tabs.emitted('changed')).toBeDefined()
      |    ^ Duplicate Assert
  830 |     expect($tabs.emitted('changed').length).toBe(3)
  831 |     expect($tabs.emitted('changed')[2][0].length).toBe(2)
  832 |     expect($tabs.emitted('changed')[2][1].length).toBe(4)"
/home/gabriel/Disk/Research/research-javascript-test-smells/repositories/bootstrap-vue-dev/src/components/tabs/tabs.spec.js,Duplicate Assert,"{'line': 830, 'column': 4, 'index': 26553}","  828 |     expect($tabs.findAllComponents(BTab).length).toBe(2)
  829 |     expect($tabs.emitted('changed')).toBeDefined()
> 830 |     expect($tabs.emitted('changed').length).toBe(3)
      |    ^ Duplicate Assert
  831 |     expect($tabs.emitted('changed')[2][0].length).toBe(2)
  832 |     expect($tabs.emitted('changed')[2][1].length).toBe(4)
  833 |"
/home/gabriel/Disk/Research/research-javascript-test-smells/repositories/bootstrap-vue-dev/src/components/tabs/tabs.spec.js,Magic Number,"{'line': 30, 'column': 40, 'index': 892}","  28 |
  29 |     expect(wrapper.vm.currentTab).toBe(-1)
> 30 |     expect(wrapper.vm.tabs.length).toBe(0)
     |                                        ^ Magic Number
  31 |
  32 |     wrapper.destroy()
  33 |   })"
/home/gabriel/Disk/Research/research-javascript-test-smells/repositories/bootstrap-vue-dev/src/components/tabs/tabs.spec.js,Magic Number,"{'line': 51, 'column': 56, 'index': 1431}","  49 |     expect(wrapper.element.tagName).toBe('DIV')
  50 |     expect(wrapper.classes()).toContain('tabs')
> 51 |     expect(wrapper.findAll('.card-header').length).toBe(1)
     |                                                        ^ Magic Number
  52 |     expect(wrapper.findAll('ul').length).toBe(1)
  53 |     expect(wrapper.find('ul').classes()).toContain('nav')
  54 |     expect(wrapper.find('ul').classes()).toContain('nav-tabs')"
/home/gabriel/Disk/Research/research-javascript-test-smells/repositories/bootstrap-vue-dev/src/components/tabs/tabs.spec.js,Magic Number,"{'line': 52, 'column': 46, 'index': 1480}","  50 |     expect(wrapper.classes()).toContain('tabs')
  51 |     expect(wrapper.findAll('.card-header').length).toBe(1)
> 52 |     expect(wrapper.findAll('ul').length).toBe(1)
     |                                              ^ Magic Number
  53 |     expect(wrapper.find('ul').classes()).toContain('nav')
  54 |     expect(wrapper.find('ul').classes()).toContain('nav-tabs')
  55 |     expect(wrapper.find('ul').classes()).toContain('card-header-tabs')"
/home/gabriel/Disk/Research/research-javascript-test-smells/repositories/bootstrap-vue-dev/src/components/tabs/tabs.spec.js,Magic Number,"{'line': 78, 'column': 56, 'index': 2343}","  76 |     expect(wrapper.classes()).toContain('row')
  77 |     expect(wrapper.classes()).toContain('no-gutters')
> 78 |     expect(wrapper.findAll('.card-header').length).toBe(1)
     |                                                        ^ Magic Number
  79 |     expect(wrapper.findAll('ul').length).toBe(1)
  80 |     expect(wrapper.find('ul').classes()).toContain('nav')
  81 |     expect(wrapper.find('ul').classes()).toContain('nav-tabs')"
/home/gabriel/Disk/Research/research-javascript-test-smells/repositories/bootstrap-vue-dev/src/components/tabs/tabs.spec.js,Magic Number,"{'line': 79, 'column': 46, 'index': 2392}","  77 |     expect(wrapper.classes()).toContain('no-gutters')
  78 |     expect(wrapper.findAll('.card-header').length).toBe(1)
> 79 |     expect(wrapper.findAll('ul').length).toBe(1)
     |                                              ^ Magic Number
  80 |     expect(wrapper.find('ul').classes()).toContain('nav')
  81 |     expect(wrapper.find('ul').classes()).toContain('nav-tabs')
  82 |     expect(wrapper.find('ul').classes()).toContain('card-header')"
/home/gabriel/Disk/Research/research-javascript-test-smells/repositories/bootstrap-vue-dev/src/components/tabs/tabs.spec.js,Magic Number,"{'line': 87, 'column': 60, 'index': 2902}","  85 |     expect(wrapper.find('ul').classes()).toContain('border-bottom-0')
  86 |     expect(wrapper.find('ul').classes()).toContain('rounded-0')
> 87 |     expect(wrapper.findAll('.tab-content.col').length).toBe(1)
     |                                                            ^ Magic Number
  88 |     expect(wrapper.findAll('.col-auto').length).toBe(1)
  89 |
  90 |     wrapper.destroy()"
/home/gabriel/Disk/Research/research-javascript-test-smells/repositories/bootstrap-vue-dev/src/components/tabs/tabs.spec.js,Magic Number,"{'line': 88, 'column': 53, 'index': 2958}","  86 |     expect(wrapper.find('ul').classes()).toContain('rounded-0')
  87 |     expect(wrapper.findAll('.tab-content.col').length).toBe(1)
> 88 |     expect(wrapper.findAll('.col-auto').length).toBe(1)
     |                                                     ^ Magic Number
  89 |
  90 |     wrapper.destroy()
  91 |   })"
/home/gabriel/Disk/Research/research-javascript-test-smells/repositories/bootstrap-vue-dev/src/components/tabs/tabs.spec.js,Magic Number,"{'line': 109, 'column': 40, 'index': 3456}","  107 |
  108 |     expect(wrapper.vm.currentTab).toBe(tabIndex)
> 109 |     expect(wrapper.vm.tabs.length).toBe(3)
      |                                        ^ Magic Number
  110 |     expect(wrapper.vm.tabs[tabIndex].localActive).toBe(true)
  111 |
  112 |     wrapper.destroy()"
/home/gabriel/Disk/Research/research-javascript-test-smells/repositories/bootstrap-vue-dev/src/components/tabs/tabs.spec.js,Magic Number,"{'line': 133, 'column': 54, 'index': 4083}","  131 |     const $tabs = wrapper.findComponent(BTabs)
  132 |     expect($tabs).toBeDefined()
> 133 |     expect($tabs.findAllComponents(BTab).length).toBe(3)
      |                                                      ^ Magic Number
  134 |
  135 |     // Expect 2nd tab (index 1) to be active
  136 |     expect($tabs.vm.currentTab).toBe(1)"
/home/gabriel/Disk/Research/research-javascript-test-smells/repositories/bootstrap-vue-dev/src/components/tabs/tabs.spec.js,Magic Number,"{'line': 136, 'column': 37, 'index': 4169}","  134 |
  135 |     // Expect 2nd tab (index 1) to be active
> 136 |     expect($tabs.vm.currentTab).toBe(1)
      |                                     ^ Magic Number
  137 |     expect($tabs.vm.tabs[1].localActive).toBe(true)
  138 |
  139 |     expect($tabs.emitted('input')).toBeDefined()"
/home/gabriel/Disk/Research/research-javascript-test-smells/repositories/bootstrap-vue-dev/src/components/tabs/tabs.spec.js,Magic Number,"{'line': 140, 'column': 47, 'index': 4321}","  138 |
  139 |     expect($tabs.emitted('input')).toBeDefined()
> 140 |     expect($tabs.emitted('input').length).toBe(1)
      |                                               ^ Magic Number
  141 |     // Should emit index of 1 (2nd tab)
  142 |     expect($tabs.emitted('input')[0][0]).toBe(1)
  143 |"
/home/gabriel/Disk/Research/research-javascript-test-smells/repositories/bootstrap-vue-dev/src/components/tabs/tabs.spec.js,Magic Number,"{'line': 142, 'column': 46, 'index': 4410}","  140 |     expect($tabs.emitted('input').length).toBe(1)
  141 |     // Should emit index of 1 (2nd tab)
> 142 |     expect($tabs.emitted('input')[0][0]).toBe(1)
      |                                              ^ Magic Number
  143 |
  144 |     wrapper.destroy()
  145 |   })"
/home/gabriel/Disk/Research/research-javascript-test-smells/repositories/bootstrap-vue-dev/src/components/tabs/tabs.spec.js,Magic Number,"{'line': 165, 'column': 54, 'index': 5002}","  163 |     const $tabs = wrapper.findComponent(BTabs)
  164 |     expect($tabs).toBeDefined()
> 165 |     expect($tabs.findAllComponents(BTab).length).toBe(3)
      |                                                      ^ Magic Number
  166 |
  167 |     // Expect 2nd tab (index 1) to be active
  168 |     expect($tabs.vm.currentTab).toBe(1)"
/home/gabriel/Disk/Research/research-javascript-test-smells/repositories/bootstrap-vue-dev/src/components/tabs/tabs.spec.js,Magic Number,"{'line': 168, 'column': 37, 'index': 5088}","  166 |
  167 |     // Expect 2nd tab (index 1) to be active
> 168 |     expect($tabs.vm.currentTab).toBe(1)
      |                                     ^ Magic Number
  169 |     expect($tabs.vm.tabs[1].localActive).toBe(true)
  170 |
  171 |     expect($tabs.emitted('input')).toBeDefined()"
/home/gabriel/Disk/Research/research-javascript-test-smells/repositories/bootstrap-vue-dev/src/components/tabs/tabs.spec.js,Magic Number,"{'line': 172, 'column': 47, 'index': 5240}","  170 |
  171 |     expect($tabs.emitted('input')).toBeDefined()
> 172 |     expect($tabs.emitted('input').length).toBe(1)
      |                                               ^ Magic Number
  173 |     // Should emit index of 1 (2nd tab)
  174 |     expect($tabs.emitted('input')[0][0]).toBe(1)
  175 |"
/home/gabriel/Disk/Research/research-javascript-test-smells/repositories/bootstrap-vue-dev/src/components/tabs/tabs.spec.js,Magic Number,"{'line': 174, 'column': 46, 'index': 5329}","  172 |     expect($tabs.emitted('input').length).toBe(1)
  173 |     // Should emit index of 1 (2nd tab)
> 174 |     expect($tabs.emitted('input')[0][0]).toBe(1)
      |                                              ^ Magic Number
  175 |
  176 |     wrapper.destroy()
  177 |   })"
/home/gabriel/Disk/Research/research-javascript-test-smells/repositories/bootstrap-vue-dev/src/components/tabs/tabs.spec.js,Magic Number,"{'line': 202, 'column': 54, 'index': 6083}","  200 |     const $tabs = wrapper.findComponent(BTabs)
  201 |     expect($tabs).toBeDefined()
> 202 |     expect($tabs.findAllComponents(BTab).length).toBe(3)
      |                                                      ^ Magic Number
  203 |
  204 |     // Expect 2nd tab (index 1) to be active
  205 |     expect($tabs.vm.currentTab).toBe(1)"
/home/gabriel/Disk/Research/research-javascript-test-smells/repositories/bootstrap-vue-dev/src/components/tabs/tabs.spec.js,Magic Number,"{'line': 205, 'column': 37, 'index': 6169}","  203 |
  204 |     // Expect 2nd tab (index 1) to be active
> 205 |     expect($tabs.vm.currentTab).toBe(1)
      |                                     ^ Magic Number
  206 |     expect($tabs.findAllComponents(BTab).at(0).vm.localActive).toBe(false)
  207 |     expect($tabs.findAllComponents(BTab).at(1).vm.localActive).toBe(true)
  208 |     expect($tabs.findAllComponents(BTab).at(2).vm.localActive).toBe(false)"
/home/gabriel/Disk/Research/research-javascript-test-smells/repositories/bootstrap-vue-dev/src/components/tabs/tabs.spec.js,Magic Number,"{'line': 211, 'column': 47, 'index': 6493}","  209 |
  210 |     expect($tabs.emitted('input')).toBeDefined()
> 211 |     expect($tabs.emitted('input').length).toBe(1)
      |                                               ^ Magic Number
  212 |     // Should emit index of 1 (2nd tab)
  213 |     expect($tabs.emitted('input')[0][0]).toBe(1)
  214 |"
/home/gabriel/Disk/Research/research-javascript-test-smells/repositories/bootstrap-vue-dev/src/components/tabs/tabs.spec.js,Magic Number,"{'line': 213, 'column': 46, 'index': 6582}","  211 |     expect($tabs.emitted('input').length).toBe(1)
  212 |     // Should emit index of 1 (2nd tab)
> 213 |     expect($tabs.emitted('input')[0][0]).toBe(1)
      |                                              ^ Magic Number
  214 |
  215 |     // Deactivate current tab (BTab 2, index 1)
  216 |     await wrapper.setProps({ activeTab: -1 })"
/home/gabriel/Disk/Research/research-javascript-test-smells/repositories/bootstrap-vue-dev/src/components/tabs/tabs.spec.js,Magic Number,"{'line': 219, 'column': 37, 'index': 6764}","  217 |
  218 |     // Expect last tab (index 2) to be active
> 219 |     expect($tabs.vm.currentTab).toBe(2)
      |                                     ^ Magic Number
  220 |     expect($tabs.findAllComponents(BTab).at(0).vm.localActive).toBe(false)
  221 |     expect($tabs.findAllComponents(BTab).at(1).vm.localActive).toBe(false)
  222 |     expect($tabs.findAllComponents(BTab).at(2).vm.localActive).toBe(true)"
/home/gabriel/Disk/Research/research-javascript-test-smells/repositories/bootstrap-vue-dev/src/components/tabs/tabs.spec.js,Magic Number,"{'line': 223, 'column': 47, 'index': 7038}","  221 |     expect($tabs.findAllComponents(BTab).at(1).vm.localActive).toBe(false)
  222 |     expect($tabs.findAllComponents(BTab).at(2).vm.localActive).toBe(true)
> 223 |     expect($tabs.emitted('input').length).toBe(2)
      |                                               ^ Magic Number
  224 |     expect($tabs.emitted('input')[1][0]).toBe(2)
  225 |
  226 |     wrapper.destroy()"
/home/gabriel/Disk/Research/research-javascript-test-smells/repositories/bootstrap-vue-dev/src/components/tabs/tabs.spec.js,Magic Number,"{'line': 224, 'column': 46, 'index': 7087}","  222 |     expect($tabs.findAllComponents(BTab).at(2).vm.localActive).toBe(true)
  223 |     expect($tabs.emitted('input').length).toBe(2)
> 224 |     expect($tabs.emitted('input')[1][0]).toBe(2)
      |                                              ^ Magic Number
  225 |
  226 |     wrapper.destroy()
  227 |   })"
/home/gabriel/Disk/Research/research-javascript-test-smells/repositories/bootstrap-vue-dev/src/components/tabs/tabs.spec.js,Magic Number,"{'line': 250, 'column': 54, 'index': 7665}","  248 |     const $tabs = wrapper.findComponent(BTabs)
  249 |     expect($tabs).toBeDefined()
> 250 |     expect($tabs.findAllComponents(BTab).length).toBe(3)
      |                                                      ^ Magic Number
  251 |
  252 |     // Expect 1st tab (index 0) to be active
  253 |     expect($tabs.vm.currentTab).toBe(0)"
/home/gabriel/Disk/Research/research-javascript-test-smells/repositories/bootstrap-vue-dev/src/components/tabs/tabs.spec.js,Magic Number,"{'line': 253, 'column': 37, 'index': 7751}","  251 |
  252 |     // Expect 1st tab (index 0) to be active
> 253 |     expect($tabs.vm.currentTab).toBe(0)
      |                                     ^ Magic Number
  254 |     expect($tabs.vm.tabs[0].localActive).toBe(true)
  255 |     // It should not emit an input event as the value is the same
  256 |     expect($tabs.emitted('input')).toBeUndefined()"
/home/gabriel/Disk/Research/research-javascript-test-smells/repositories/bootstrap-vue-dev/src/components/tabs/tabs.spec.js,Magic Number,"{'line': 260, 'column': 37, 'index': 8039}","  258 |     // Set 2nd BTab to be active
  259 |     await wrapper.setProps({ activeTab: 1 })
> 260 |     expect($tabs.vm.currentTab).toBe(1)
      |                                     ^ Magic Number
  261 |     expect($tabs.emitted('input').length).toBe(1)
  262 |     // Should emit index of 1 (2nd tab)
  263 |     expect($tabs.emitted('input')[0][0]).toBe(1)"
/home/gabriel/Disk/Research/research-javascript-test-smells/repositories/bootstrap-vue-dev/src/components/tabs/tabs.spec.js,Magic Number,"{'line': 261, 'column': 47, 'index': 8089}","  259 |     await wrapper.setProps({ activeTab: 1 })
  260 |     expect($tabs.vm.currentTab).toBe(1)
> 261 |     expect($tabs.emitted('input').length).toBe(1)
      |                                               ^ Magic Number
  262 |     // Should emit index of 1 (2nd tab)
  263 |     expect($tabs.emitted('input')[0][0]).toBe(1)
  264 |"
/home/gabriel/Disk/Research/research-javascript-test-smells/repositories/bootstrap-vue-dev/src/components/tabs/tabs.spec.js,Magic Number,"{'line': 263, 'column': 46, 'index': 8178}","  261 |     expect($tabs.emitted('input').length).toBe(1)
  262 |     // Should emit index of 1 (2nd tab)
> 263 |     expect($tabs.emitted('input')[0][0]).toBe(1)
      |                                              ^ Magic Number
  264 |
  265 |     // Set 3rd BTab to be active
  266 |     await wrapper.setProps({ activeTab: 2 })"
/home/gabriel/Disk/Research/research-javascript-test-smells/repositories/bootstrap-vue-dev/src/components/tabs/tabs.spec.js,Magic Number,"{'line': 267, 'column': 37, 'index': 8297}","  265 |     // Set 3rd BTab to be active
  266 |     await wrapper.setProps({ activeTab: 2 })
> 267 |     expect($tabs.vm.currentTab).toBe(2)
      |                                     ^ Magic Number
  268 |     expect($tabs.emitted('input').length).toBe(2)
  269 |     // Should emit index of 2 (3rd tab)
  270 |     expect($tabs.emitted('input')[1][0]).toBe(2)"
/home/gabriel/Disk/Research/research-javascript-test-smells/repositories/bootstrap-vue-dev/src/components/tabs/tabs.spec.js,Magic Number,"{'line': 268, 'column': 47, 'index': 8347}","  266 |     await wrapper.setProps({ activeTab: 2 })
  267 |     expect($tabs.vm.currentTab).toBe(2)
> 268 |     expect($tabs.emitted('input').length).toBe(2)
      |                                               ^ Magic Number
  269 |     // Should emit index of 2 (3rd tab)
  270 |     expect($tabs.emitted('input')[1][0]).toBe(2)
  271 |"
/home/gabriel/Disk/Research/research-javascript-test-smells/repositories/bootstrap-vue-dev/src/components/tabs/tabs.spec.js,Magic Number,"{'line': 270, 'column': 46, 'index': 8436}","  268 |     expect($tabs.emitted('input').length).toBe(2)
  269 |     // Should emit index of 2 (3rd tab)
> 270 |     expect($tabs.emitted('input')[1][0]).toBe(2)
      |                                              ^ Magic Number
  271 |
  272 |     wrapper.destroy()
  273 |   })"
/home/gabriel/Disk/Research/research-javascript-test-smells/repositories/bootstrap-vue-dev/src/components/tabs/tabs.spec.js,Magic Number,"{'line': 296, 'column': 54, 'index': 9084}","  294 |     const $tabs = wrapper.findComponent(BTabs)
  295 |     expect($tabs).toBeDefined()
> 296 |     expect($tabs.findAllComponents(BTab).length).toBe(3)
      |                                                      ^ Magic Number
  297 |
  298 |     // Expect 1st tab (index 0) to be active
  299 |     expect($tabs.vm.currentTab).toBe(0)"
/home/gabriel/Disk/Research/research-javascript-test-smells/repositories/bootstrap-vue-dev/src/components/tabs/tabs.spec.js,Magic Number,"{'line': 299, 'column': 37, 'index': 9170}","  297 |
  298 |     // Expect 1st tab (index 0) to be active
> 299 |     expect($tabs.vm.currentTab).toBe(0)
      |                                     ^ Magic Number
  300 |     expect($tabs.vm.tabs[0].localActive).toBe(true)
  301 |     expect($tabs.emitted('input')).toBeUndefined()
  302 |"
/home/gabriel/Disk/Research/research-javascript-test-smells/repositories/bootstrap-vue-dev/src/components/tabs/tabs.spec.js,Magic Number,"{'line': 306, 'column': 37, 'index': 9484}","  304 |     await wrapper.setProps({ activeTab: 1 })
  305 |     // Will try activate next non-disabled tab instead (3rd tab, index 2)
> 306 |     expect($tabs.vm.currentTab).toBe(2)
      |                                     ^ Magic Number
  307 |     expect($tabs.emitted('input').length).toBe(1)
  308 |     // Should emit index of 2 (3rd tab)
  309 |     expect($tabs.emitted('input')[0][0]).toBe(2)"
/home/gabriel/Disk/Research/research-javascript-test-smells/repositories/bootstrap-vue-dev/src/components/tabs/tabs.spec.js,Magic Number,"{'line': 307, 'column': 47, 'index': 9534}","  305 |     // Will try activate next non-disabled tab instead (3rd tab, index 2)
  306 |     expect($tabs.vm.currentTab).toBe(2)
> 307 |     expect($tabs.emitted('input').length).toBe(1)
      |                                               ^ Magic Number
  308 |     // Should emit index of 2 (3rd tab)
  309 |     expect($tabs.emitted('input')[0][0]).toBe(2)
  310 |"
/home/gabriel/Disk/Research/research-javascript-test-smells/repositories/bootstrap-vue-dev/src/components/tabs/tabs.spec.js,Magic Number,"{'line': 309, 'column': 46, 'index': 9623}","  307 |     expect($tabs.emitted('input').length).toBe(1)
  308 |     // Should emit index of 2 (3rd tab)
> 309 |     expect($tabs.emitted('input')[0][0]).toBe(2)
      |                                              ^ Magic Number
  310 |
  311 |     // Needed for test since value not bound to actual v-model on App
  312 |     await wrapper.setProps({ activeTab: 2 })"
/home/gabriel/Disk/Research/research-javascript-test-smells/repositories/bootstrap-vue-dev/src/components/tabs/tabs.spec.js,Magic Number,"{'line': 316, 'column': 37, 'index': 9931}","  314 |     await wrapper.setProps({ activeTab: 1 })
  315 |     // Will find the previous non-disabled tab (1st tab, index 0)
> 316 |     expect($tabs.vm.currentTab).toBe(0)
      |                                     ^ Magic Number
  317 |     expect($tabs.emitted('input').length).toBe(2)
  318 |     // Should emit index of 0 (1st tab)
  319 |     expect($tabs.emitted('input')[1][0]).toBe(0)"
/home/gabriel/Disk/Research/research-javascript-test-smells/repositories/bootstrap-vue-dev/src/components/tabs/tabs.spec.js,Magic Number,"{'line': 317, 'column': 47, 'index': 9981}","  315 |     // Will find the previous non-disabled tab (1st tab, index 0)
  316 |     expect($tabs.vm.currentTab).toBe(0)
> 317 |     expect($tabs.emitted('input').length).toBe(2)
      |                                               ^ Magic Number
  318 |     // Should emit index of 0 (1st tab)
  319 |     expect($tabs.emitted('input')[1][0]).toBe(0)
  320 |"
/home/gabriel/Disk/Research/research-javascript-test-smells/repositories/bootstrap-vue-dev/src/components/tabs/tabs.spec.js,Magic Number,"{'line': 319, 'column': 46, 'index': 10070}","  317 |     expect($tabs.emitted('input').length).toBe(2)
  318 |     // Should emit index of 0 (1st tab)
> 319 |     expect($tabs.emitted('input')[1][0]).toBe(0)
      |                                              ^ Magic Number
  320 |
  321 |     wrapper.destroy()
  322 |   })"
/home/gabriel/Disk/Research/research-javascript-test-smells/repositories/bootstrap-vue-dev/src/components/tabs/tabs.spec.js,Magic Number,"{'line': 356, 'column': 54, 'index': 10950}","  354 |     const $tabs = wrapper.findComponent(BTabs)
  355 |     expect($tabs).toBeDefined()
> 356 |     expect($tabs.findAllComponents(BTab).length).toBe(3)
      |                                                      ^ Magic Number
  357 |
  358 |     // Expect 1st tab (index 0) to be active
  359 |     expect($tabs.vm.currentTab).toBe(0)"
/home/gabriel/Disk/Research/research-javascript-test-smells/repositories/bootstrap-vue-dev/src/components/tabs/tabs.spec.js,Magic Number,"{'line': 359, 'column': 37, 'index': 11036}","  357 |
  358 |     // Expect 1st tab (index 0) to be active
> 359 |     expect($tabs.vm.currentTab).toBe(0)
      |                                     ^ Magic Number
  360 |     expect($tabs.vm.tabs[0].localActive).toBe(true)
  361 |     expect($tabs.emitted('input')).toBeUndefined()
  362 |     expect($tabs.emitted('activate-tab')).toBeUndefined()"
/home/gabriel/Disk/Research/research-javascript-test-smells/repositories/bootstrap-vue-dev/src/components/tabs/tabs.spec.js,Magic Number,"{'line': 366, 'column': 37, 'index': 11316}","  364 |     // Set 2nd BTab to be active
  365 |     await wrapper.setProps({ activeTab: 1 })
> 366 |     expect($tabs.vm.currentTab).toBe(1)
      |                                     ^ Magic Number
  367 |     expect($tabs.emitted('input')).toBeDefined()
  368 |     expect($tabs.emitted('input').length).toBe(1)
  369 |     expect($tabs.emitted('input')[0][0]).toBe(1)"
/home/gabriel/Disk/Research/research-javascript-test-smells/repositories/bootstrap-vue-dev/src/components/tabs/tabs.spec.js,Magic Number,"{'line': 368, 'column': 47, 'index': 11415}","  366 |     expect($tabs.vm.currentTab).toBe(1)
  367 |     expect($tabs.emitted('input')).toBeDefined()
> 368 |     expect($tabs.emitted('input').length).toBe(1)
      |                                               ^ Magic Number
  369 |     expect($tabs.emitted('input')[0][0]).toBe(1)
  370 |     expect($tabs.emitted('activate-tab')).toBeDefined()
  371 |     expect($tabs.emitted('activate-tab').length).toBe(1)"
/home/gabriel/Disk/Research/research-javascript-test-smells/repositories/bootstrap-vue-dev/src/components/tabs/tabs.spec.js,Magic Number,"{'line': 369, 'column': 46, 'index': 11464}","  367 |     expect($tabs.emitted('input')).toBeDefined()
  368 |     expect($tabs.emitted('input').length).toBe(1)
> 369 |     expect($tabs.emitted('input')[0][0]).toBe(1)
      |                                              ^ Magic Number
  370 |     expect($tabs.emitted('activate-tab')).toBeDefined()
  371 |     expect($tabs.emitted('activate-tab').length).toBe(1)
  372 |     expect($tabs.emitted('activate-tab')[0][0]).toBe(1)"
/home/gabriel/Disk/Research/research-javascript-test-smells/repositories/bootstrap-vue-dev/src/components/tabs/tabs.spec.js,Magic Number,"{'line': 371, 'column': 54, 'index': 11577}","  369 |     expect($tabs.emitted('input')[0][0]).toBe(1)
  370 |     expect($tabs.emitted('activate-tab')).toBeDefined()
> 371 |     expect($tabs.emitted('activate-tab').length).toBe(1)
      |                                                      ^ Magic Number
  372 |     expect($tabs.emitted('activate-tab')[0][0]).toBe(1)
  373 |     expect($tabs.emitted('activate-tab')[0][1]).toBe(0)
  374 |     expect($tabs.emitted('activate-tab')[0][2]).toBeDefined()"
/home/gabriel/Disk/Research/research-javascript-test-smells/repositories/bootstrap-vue-dev/src/components/tabs/tabs.spec.js,Magic Number,"{'line': 372, 'column': 53, 'index': 11633}","  370 |     expect($tabs.emitted('activate-tab')).toBeDefined()
  371 |     expect($tabs.emitted('activate-tab').length).toBe(1)
> 372 |     expect($tabs.emitted('activate-tab')[0][0]).toBe(1)
      |                                                     ^ Magic Number
  373 |     expect($tabs.emitted('activate-tab')[0][1]).toBe(0)
  374 |     expect($tabs.emitted('activate-tab')[0][2]).toBeDefined()
  375 |     expect($tabs.emitted('activate-tab')[0][2].vueTarget).toBe($tabs.vm)"
/home/gabriel/Disk/Research/research-javascript-test-smells/repositories/bootstrap-vue-dev/src/components/tabs/tabs.spec.js,Magic Number,"{'line': 373, 'column': 53, 'index': 11689}","  371 |     expect($tabs.emitted('activate-tab').length).toBe(1)
  372 |     expect($tabs.emitted('activate-tab')[0][0]).toBe(1)
> 373 |     expect($tabs.emitted('activate-tab')[0][1]).toBe(0)
      |                                                     ^ Magic Number
  374 |     expect($tabs.emitted('activate-tab')[0][2]).toBeDefined()
  375 |     expect($tabs.emitted('activate-tab')[0][2].vueTarget).toBe($tabs.vm)
  376 |"
/home/gabriel/Disk/Research/research-javascript-test-smells/repositories/bootstrap-vue-dev/src/components/tabs/tabs.spec.js,Magic Number,"{'line': 379, 'column': 37, 'index': 11954}","  377 |     // Attempt to set 3rd BTab to be active
  378 |     await wrapper.setProps({ activeTab: 2 })
> 379 |     expect($tabs.vm.currentTab).toBe(1)
      |                                     ^ Magic Number
  380 |     expect($tabs.emitted('input')).toBeDefined()
  381 |     expect($tabs.emitted('input').length).toBe(2)
  382 |     expect($tabs.emitted('input')[1][0]).toBe(1)"
/home/gabriel/Disk/Research/research-javascript-test-smells/repositories/bootstrap-vue-dev/src/components/tabs/tabs.spec.js,Magic Number,"{'line': 381, 'column': 47, 'index': 12053}","  379 |     expect($tabs.vm.currentTab).toBe(1)
  380 |     expect($tabs.emitted('input')).toBeDefined()
> 381 |     expect($tabs.emitted('input').length).toBe(2)
      |                                               ^ Magic Number
  382 |     expect($tabs.emitted('input')[1][0]).toBe(1)
  383 |     expect($tabs.emitted('activate-tab').length).toBe(2)
  384 |     expect($tabs.emitted('activate-tab')[1][0]).toBe(2)"
/home/gabriel/Disk/Research/research-javascript-test-smells/repositories/bootstrap-vue-dev/src/components/tabs/tabs.spec.js,Magic Number,"{'line': 382, 'column': 46, 'index': 12102}","  380 |     expect($tabs.emitted('input')).toBeDefined()
  381 |     expect($tabs.emitted('input').length).toBe(2)
> 382 |     expect($tabs.emitted('input')[1][0]).toBe(1)
      |                                              ^ Magic Number
  383 |     expect($tabs.emitted('activate-tab').length).toBe(2)
  384 |     expect($tabs.emitted('activate-tab')[1][0]).toBe(2)
  385 |     expect($tabs.emitted('activate-tab')[1][1]).toBe(1)"
/home/gabriel/Disk/Research/research-javascript-test-smells/repositories/bootstrap-vue-dev/src/components/tabs/tabs.spec.js,Magic Number,"{'line': 383, 'column': 54, 'index': 12159}","  381 |     expect($tabs.emitted('input').length).toBe(2)
  382 |     expect($tabs.emitted('input')[1][0]).toBe(1)
> 383 |     expect($tabs.emitted('activate-tab').length).toBe(2)
      |                                                      ^ Magic Number
  384 |     expect($tabs.emitted('activate-tab')[1][0]).toBe(2)
  385 |     expect($tabs.emitted('activate-tab')[1][1]).toBe(1)
  386 |     expect($tabs.emitted('activate-tab')[1][2]).toBeDefined()"
/home/gabriel/Disk/Research/research-javascript-test-smells/repositories/bootstrap-vue-dev/src/components/tabs/tabs.spec.js,Magic Number,"{'line': 384, 'column': 53, 'index': 12215}","  382 |     expect($tabs.emitted('input')[1][0]).toBe(1)
  383 |     expect($tabs.emitted('activate-tab').length).toBe(2)
> 384 |     expect($tabs.emitted('activate-tab')[1][0]).toBe(2)
      |                                                     ^ Magic Number
  385 |     expect($tabs.emitted('activate-tab')[1][1]).toBe(1)
  386 |     expect($tabs.emitted('activate-tab')[1][2]).toBeDefined()
  387 |     expect($tabs.emitted('activate-tab')[1][2].vueTarget).toBe($tabs.vm)"
/home/gabriel/Disk/Research/research-javascript-test-smells/repositories/bootstrap-vue-dev/src/components/tabs/tabs.spec.js,Magic Number,"{'line': 385, 'column': 53, 'index': 12271}","  383 |     expect($tabs.emitted('activate-tab').length).toBe(2)
  384 |     expect($tabs.emitted('activate-tab')[1][0]).toBe(2)
> 385 |     expect($tabs.emitted('activate-tab')[1][1]).toBe(1)
      |                                                     ^ Magic Number
  386 |     expect($tabs.emitted('activate-tab')[1][2]).toBeDefined()
  387 |     expect($tabs.emitted('activate-tab')[1][2].vueTarget).toBe($tabs.vm)
  388 |     expect($tabs.emitted('activate-tab')[1][2].defaultPrevented).toBe(true)"
/home/gabriel/Disk/Research/research-javascript-test-smells/repositories/bootstrap-vue-dev/src/components/tabs/tabs.spec.js,Magic Number,"{'line': 411, 'column': 54, 'index': 13111}","  409 |     const $tabs = wrapper.findComponent(BTabs)
  410 |     expect($tabs).toBeDefined()
> 411 |     expect($tabs.findAllComponents(BTab).length).toBe(3)
      |                                                      ^ Magic Number
  412 |
  413 |     const tab1 = $tabs.findAllComponents(BTab).at(0)
  414 |     const tab2 = $tabs.findAllComponents(BTab).at(1)"
/home/gabriel/Disk/Research/research-javascript-test-smells/repositories/bootstrap-vue-dev/src/components/tabs/tabs.spec.js,Magic Number,"{'line': 418, 'column': 53, 'index': 13383}","  416 |
  417 |     expect(wrapper.findAll('.nav-link')).toBeDefined()
> 418 |     expect(wrapper.findAll('.nav-link').length).toBe(3)
      |                                                     ^ Magic Number
  419 |
  420 |     // Expect 1st tab (index 0) to be active
  421 |     expect($tabs.vm.currentTab).toBe(0)"
/home/gabriel/Disk/Research/research-javascript-test-smells/repositories/bootstrap-vue-dev/src/components/tabs/tabs.spec.js,Magic Number,"{'line': 421, 'column': 37, 'index': 13469}","  419 |
  420 |     // Expect 1st tab (index 0) to be active
> 421 |     expect($tabs.vm.currentTab).toBe(0)
      |                                     ^ Magic Number
  422 |     expect(tab1.vm.localActive).toBe(true)
  423 |     expect(tab2.vm.localActive).toBe(false)
  424 |     expect(tab3.vm.localActive).toBe(false)"
/home/gabriel/Disk/Research/research-javascript-test-smells/repositories/bootstrap-vue-dev/src/components/tabs/tabs.spec.js,Magic Number,"{'line': 432, 'column': 37, 'index': 13824}","  430 |       .at(1)
  431 |       .trigger('click')
> 432 |     expect($tabs.vm.currentTab).toBe(1)
      |                                     ^ Magic Number
  433 |     expect(tab1.vm.localActive).toBe(false)
  434 |     expect(tab2.vm.localActive).toBe(true)
  435 |     expect(tab3.vm.localActive).toBe(false)"
/home/gabriel/Disk/Research/research-javascript-test-smells/repositories/bootstrap-vue-dev/src/components/tabs/tabs.spec.js,Magic Number,"{'line': 444, 'column': 37, 'index': 14227}","  442 |       .at(2)
  443 |       .trigger('click')
> 444 |     expect($tabs.vm.currentTab).toBe(2)
      |                                     ^ Magic Number
  445 |     expect(tab1.vm.localActive).toBe(false)
  446 |     expect(tab2.vm.localActive).toBe(false)
  447 |     expect(tab3.vm.localActive).toBe(true)"
/home/gabriel/Disk/Research/research-javascript-test-smells/repositories/bootstrap-vue-dev/src/components/tabs/tabs.spec.js,Magic Number,"{'line': 456, 'column': 37, 'index': 14671}","  454 |       .at(0)
  455 |       .trigger('keydown.space')
> 456 |     expect($tabs.vm.currentTab).toBe(0)
      |                                     ^ Magic Number
  457 |     expect(tab1.vm.localActive).toBe(true)
  458 |     expect(tab2.vm.localActive).toBe(false)
  459 |     expect(tab3.vm.localActive).toBe(false)"
/home/gabriel/Disk/Research/research-javascript-test-smells/repositories/bootstrap-vue-dev/src/components/tabs/tabs.spec.js,Magic Number,"{'line': 483, 'column': 54, 'index': 15501}","  481 |     const $tabs = wrapper.findComponent(BTabs)
  482 |     expect($tabs).toBeDefined()
> 483 |     expect($tabs.findAllComponents(BTab).length).toBe(3)
      |                                                      ^ Magic Number
  484 |
  485 |     const tab1 = $tabs.findAllComponents(BTab).at(0)
  486 |     const tab2 = $tabs.findAllComponents(BTab).at(1)"
/home/gabriel/Disk/Research/research-javascript-test-smells/repositories/bootstrap-vue-dev/src/components/tabs/tabs.spec.js,Magic Number,"{'line': 490, 'column': 53, 'index': 15773}","  488 |
  489 |     expect(wrapper.findAll('.nav-link')).toBeDefined()
> 490 |     expect(wrapper.findAll('.nav-link').length).toBe(3)
      |                                                     ^ Magic Number
  491 |
  492 |     // Expect 1st tab (index 0) to be active
  493 |     expect($tabs.vm.currentTab).toBe(0)"
/home/gabriel/Disk/Research/research-javascript-test-smells/repositories/bootstrap-vue-dev/src/components/tabs/tabs.spec.js,Magic Number,"{'line': 493, 'column': 37, 'index': 15859}","  491 |
  492 |     // Expect 1st tab (index 0) to be active
> 493 |     expect($tabs.vm.currentTab).toBe(0)
      |                                     ^ Magic Number
  494 |     expect(tab1.vm.localActive).toBe(true)
  495 |     expect(tab2.vm.localActive).toBe(false)
  496 |     expect(tab3.vm.localActive).toBe(false)"
/home/gabriel/Disk/Research/research-javascript-test-smells/repositories/bootstrap-vue-dev/src/components/tabs/tabs.spec.js,Magic Number,"{'line': 504, 'column': 37, 'index': 16231}","  502 |       .at(1)
  503 |       .trigger('keydown.space')
> 504 |     expect($tabs.vm.currentTab).toBe(1)
      |                                     ^ Magic Number
  505 |     expect(tab1.vm.localActive).toBe(false)
  506 |     expect(tab2.vm.localActive).toBe(true)
  507 |     expect(tab3.vm.localActive).toBe(false)"
/home/gabriel/Disk/Research/research-javascript-test-smells/repositories/bootstrap-vue-dev/src/components/tabs/tabs.spec.js,Magic Number,"{'line': 516, 'column': 37, 'index': 16651}","  514 |       .at(2)
  515 |       .trigger('keydown.space')
> 516 |     expect($tabs.vm.currentTab).toBe(2)
      |                                     ^ Magic Number
  517 |     expect(tab1.vm.localActive).toBe(false)
  518 |     expect(tab2.vm.localActive).toBe(false)
  519 |     expect(tab3.vm.localActive).toBe(true)"
/home/gabriel/Disk/Research/research-javascript-test-smells/repositories/bootstrap-vue-dev/src/components/tabs/tabs.spec.js,Magic Number,"{'line': 528, 'column': 37, 'index': 17071}","  526 |       .at(0)
  527 |       .trigger('keydown.space')
> 528 |     expect($tabs.vm.currentTab).toBe(0)
      |                                     ^ Magic Number
  529 |     expect(tab1.vm.localActive).toBe(true)
  530 |     expect(tab2.vm.localActive).toBe(false)
  531 |     expect(tab3.vm.localActive).toBe(false)"
/home/gabriel/Disk/Research/research-javascript-test-smells/repositories/bootstrap-vue-dev/src/components/tabs/tabs.spec.js,Magic Number,"{'line': 555, 'column': 54, 'index': 17832}","  553 |     const $tabs = wrapper.findComponent(BTabs)
  554 |     expect($tabs).toBeDefined()
> 555 |     expect($tabs.findAllComponents(BTab).length).toBe(3)
      |                                                      ^ Magic Number
  556 |
  557 |     const tab1 = $tabs.findAllComponents(BTab).at(0)
  558 |     const tab2 = $tabs.findAllComponents(BTab).at(1)"
/home/gabriel/Disk/Research/research-javascript-test-smells/repositories/bootstrap-vue-dev/src/components/tabs/tabs.spec.js,Magic Number,"{'line': 562, 'column': 53, 'index': 18104}","  560 |
  561 |     expect(wrapper.findAll('.nav-link')).toBeDefined()
> 562 |     expect(wrapper.findAll('.nav-link').length).toBe(3)
      |                                                     ^ Magic Number
  563 |
  564 |     // Expect 1st tab (index 0) to be active
  565 |     expect($tabs.vm.currentTab).toBe(0)"
/home/gabriel/Disk/Research/research-javascript-test-smells/repositories/bootstrap-vue-dev/src/components/tabs/tabs.spec.js,Magic Number,"{'line': 565, 'column': 37, 'index': 18190}","  563 |
  564 |     // Expect 1st tab (index 0) to be active
> 565 |     expect($tabs.vm.currentTab).toBe(0)
      |                                     ^ Magic Number
  566 |     expect(tab1.vm.localActive).toBe(true)
  567 |     expect(tab2.vm.localActive).toBe(false)
  568 |     expect(tab3.vm.localActive).toBe(false)"
/home/gabriel/Disk/Research/research-javascript-test-smells/repositories/bootstrap-vue-dev/src/components/tabs/tabs.spec.js,Magic Number,"{'line': 575, 'column': 37, 'index': 18488}","  573 |       .at(0)
  574 |       .trigger('keydown.right')
> 575 |     expect($tabs.vm.currentTab).toBe(1)
      |                                     ^ Magic Number
  576 |     expect(tab1.vm.localActive).toBe(false)
  577 |     expect(tab2.vm.localActive).toBe(true)
  578 |     expect(tab3.vm.localActive).toBe(false)"
/home/gabriel/Disk/Research/research-javascript-test-smells/repositories/bootstrap-vue-dev/src/components/tabs/tabs.spec.js,Magic Number,"{'line': 585, 'column': 37, 'index': 18786}","  583 |       .at(1)
  584 |       .trigger('keydown.end')
> 585 |     expect($tabs.vm.currentTab).toBe(2)
      |                                     ^ Magic Number
  586 |     expect(tab1.vm.localActive).toBe(false)
  587 |     expect(tab2.vm.localActive).toBe(false)
  588 |     expect(tab3.vm.localActive).toBe(true)"
/home/gabriel/Disk/Research/research-javascript-test-smells/repositories/bootstrap-vue-dev/src/components/tabs/tabs.spec.js,Magic Number,"{'line': 595, 'column': 37, 'index': 19086}","  593 |       .at(2)
  594 |       .trigger('keydown.left')
> 595 |     expect($tabs.vm.currentTab).toBe(1)
      |                                     ^ Magic Number
  596 |     expect(tab1.vm.localActive).toBe(false)
  597 |     expect(tab2.vm.localActive).toBe(true)
  598 |     expect(tab3.vm.localActive).toBe(false)"
/home/gabriel/Disk/Research/research-javascript-test-smells/repositories/bootstrap-vue-dev/src/components/tabs/tabs.spec.js,Magic Number,"{'line': 605, 'column': 37, 'index': 19383}","  603 |       .at(1)
  604 |       .trigger('keydown.home')
> 605 |     expect($tabs.vm.currentTab).toBe(0)
      |                                     ^ Magic Number
  606 |     expect(tab1.vm.localActive).toBe(true)
  607 |     expect(tab2.vm.localActive).toBe(false)
  608 |     expect(tab3.vm.localActive).toBe(false)"
/home/gabriel/Disk/Research/research-javascript-test-smells/repositories/bootstrap-vue-dev/src/components/tabs/tabs.spec.js,Magic Number,"{'line': 636, 'column': 54, 'index': 20336}","  634 |     const $tabs = wrapper.findComponent(BTabs)
  635 |     expect($tabs).toBeDefined()
> 636 |     expect($tabs.findAllComponents(BTab).length).toBe(3)
      |                                                      ^ Magic Number
  637 |
  638 |     const tab1 = $tabs.findAllComponents(BTab).at(0)
  639 |     const tab2 = $tabs.findAllComponents(BTab).at(1)"
/home/gabriel/Disk/Research/research-javascript-test-smells/repositories/bootstrap-vue-dev/src/components/tabs/tabs.spec.js,Magic Number,"{'line': 643, 'column': 37, 'index': 20582}","  641 |
  642 |     // Expect 3rd tab (index 2) to be active
> 643 |     expect($tabs.vm.currentTab).toBe(2)
      |                                     ^ Magic Number
  644 |     expect(tab1.vm.localActive).toBe(false)
  645 |     expect(tab2.vm.localActive).toBe(false)
  646 |     expect(tab3.vm.localActive).toBe(true)"
/home/gabriel/Disk/Research/research-javascript-test-smells/repositories/bootstrap-vue-dev/src/components/tabs/tabs.spec.js,Magic Number,"{'line': 652, 'column': 37, 'index': 20863}","  650 |
  651 |     // Expect 1st tab to be active
> 652 |     expect($tabs.vm.currentTab).toBe(0)
      |                                     ^ Magic Number
  653 |     expect(tab1.vm.localActive).toBe(true)
  654 |     expect(tab2.vm.localActive).toBe(false)
  655 |     expect(tab3.vm.localActive).toBe(false)"
/home/gabriel/Disk/Research/research-javascript-test-smells/repositories/bootstrap-vue-dev/src/components/tabs/tabs.spec.js,Magic Number,"{'line': 661, 'column': 37, 'index': 21163}","  659 |
  660 |     // Expect 2nd tab to be active
> 661 |     expect($tabs.vm.currentTab).toBe(1)
      |                                     ^ Magic Number
  662 |     expect(tab1.vm.localActive).toBe(false)
  663 |     expect(tab2.vm.localActive).toBe(true)
  664 |     expect(tab3.vm.localActive).toBe(false)"
/home/gabriel/Disk/Research/research-javascript-test-smells/repositories/bootstrap-vue-dev/src/components/tabs/tabs.spec.js,Magic Number,"{'line': 685, 'column': 54, 'index': 21786}","  683 |     const $tabs = wrapper.findComponent(BTabs)
  684 |     expect($tabs).toBeDefined()
> 685 |     expect($tabs.findAllComponents(BTab).length).toBe(1)
      |                                                      ^ Magic Number
  686 |
  687 |     // Expect tab button content to be `original`
  688 |     expect(wrapper.find('.nav-link').text()).toBe('original')"
/home/gabriel/Disk/Research/research-javascript-test-smells/repositories/bootstrap-vue-dev/src/components/tabs/tabs.spec.js,Magic Number,"{'line': 727, 'column': 54, 'index': 22959}","  725 |     const $tabs = wrapper.findComponent(BTabs)
  726 |     expect($tabs).toBeDefined()
> 727 |     expect($tabs.findAllComponents(BTab).length).toBe(3)
      |                                                      ^ Magic Number
  728 |
  729 |     const getNavItemByTab = tab => wrapper.find(`#${tab.$el.id}___BV_tab_button__`)
  730 |"
/home/gabriel/Disk/Research/research-javascript-test-smells/repositories/bootstrap-vue-dev/src/components/tabs/tabs.spec.js,Magic Number,"{'line': 732, 'column': 37, 'index': 23130}","  730 |
  731 |     // Expect 1st tab (index 0) to be active
> 732 |     expect($tabs.vm.currentTab).toBe(0)
      |                                     ^ Magic Number
  733 |     expect($tabs.vm.tabs[0].localActive).toBe(true)
  734 |     // Expect 1st tabs nav item to have ""active-nav-item-class"" applied
  735 |     expect(getNavItemByTab($tabs.vm.tabs[0]).classes(activeNavItemClass)).toBe(true)"
/home/gabriel/Disk/Research/research-javascript-test-smells/repositories/bootstrap-vue-dev/src/components/tabs/tabs.spec.js,Magic Number,"{'line': 740, 'column': 37, 'index': 23480}","  738 |     wrapper.setProps({ activeTab: 1 })
  739 |     await waitNT(wrapper.vm)
> 740 |     expect($tabs.vm.currentTab).toBe(1)
      |                                     ^ Magic Number
  741 |     // Expect 2nd tabs nav item to have ""active-nav-item-class"" applied
  742 |     expect(getNavItemByTab($tabs.vm.tabs[1]).classes(activeNavItemClass)).toBe(true)
  743 |     // Expect 1st tabs nav item to don't have ""active-nav-item-class"" applied anymore"
/home/gabriel/Disk/Research/research-javascript-test-smells/repositories/bootstrap-vue-dev/src/components/tabs/tabs.spec.js,Magic Number,"{'line': 771, 'column': 54, 'index': 24475}","  769 |     const $tabs = wrapper.findComponent(BTabs)
  770 |     expect($tabs).toBeDefined()
> 771 |     expect($tabs.findAllComponents(BTab).length).toBe(3)
      |                                                      ^ Magic Number
  772 |
  773 |     // Expect 1st tab (index 0) to be active
  774 |     expect($tabs.vm.currentTab).toBe(0)"
/home/gabriel/Disk/Research/research-javascript-test-smells/repositories/bootstrap-vue-dev/src/components/tabs/tabs.spec.js,Magic Number,"{'line': 774, 'column': 37, 'index': 24561}","  772 |
  773 |     // Expect 1st tab (index 0) to be active
> 774 |     expect($tabs.vm.currentTab).toBe(0)
      |                                     ^ Magic Number
  775 |     expect($tabs.vm.tabs[0].localActive).toBe(true)
  776 |     // Expect 1st tab to have ""active-tab-class"" applied
  777 |     expect($tabs.vm.tabs[0].$el.classList.contains(activeTabClass)).toBe(true)"
/home/gabriel/Disk/Research/research-javascript-test-smells/repositories/bootstrap-vue-dev/src/components/tabs/tabs.spec.js,Magic Number,"{'line': 781, 'column': 37, 'index': 24867}","  779 |     // Set 2nd tab to be active
  780 |     await wrapper.setProps({ activeTab: 1 })
> 781 |     expect($tabs.vm.currentTab).toBe(1)
      |                                     ^ Magic Number
  782 |     // Expect 2nd tab to have ""active-tab-class"" applied
  783 |     expect($tabs.vm.tabs[1].$el.classList.contains(activeTabClass)).toBe(true)
  784 |     // Expect 1st tab to don't have ""active-tab-class"" applied anymore"
/home/gabriel/Disk/Research/research-javascript-test-smells/repositories/bootstrap-vue-dev/src/components/tabs/tabs.spec.js,Magic Number,"{'line': 810, 'column': 54, 'index': 25713}","  808 |     const $tabs = wrapper.findComponent(BTabs)
  809 |     expect($tabs).toBeDefined()
> 810 |     expect($tabs.findAllComponents(BTab).length).toBe(3)
      |                                                      ^ Magic Number
  811 |     expect($tabs.emitted('changed')).toBeDefined()
  812 |     expect($tabs.emitted('changed').length).toBe(1)
  813 |     expect($tabs.emitted('changed')[0][0].length).toBe(3)"
/home/gabriel/Disk/Research/research-javascript-test-smells/repositories/bootstrap-vue-dev/src/components/tabs/tabs.spec.js,Magic Number,"{'line': 812, 'column': 49, 'index': 25816}","  810 |     expect($tabs.findAllComponents(BTab).length).toBe(3)
  811 |     expect($tabs.emitted('changed')).toBeDefined()
> 812 |     expect($tabs.emitted('changed').length).toBe(1)
      |                                                 ^ Magic Number
  813 |     expect($tabs.emitted('changed')[0][0].length).toBe(3)
  814 |     expect($tabs.emitted('changed')[0][1].length).toBe(0)
  815 |"
/home/gabriel/Disk/Research/research-javascript-test-smells/repositories/bootstrap-vue-dev/src/components/tabs/tabs.spec.js,Magic Number,"{'line': 813, 'column': 55, 'index': 25874}","  811 |     expect($tabs.emitted('changed')).toBeDefined()
  812 |     expect($tabs.emitted('changed').length).toBe(1)
> 813 |     expect($tabs.emitted('changed')[0][0].length).toBe(3)
      |                                                       ^ Magic Number
  814 |     expect($tabs.emitted('changed')[0][1].length).toBe(0)
  815 |
  816 |     // Add a tab"
/home/gabriel/Disk/Research/research-javascript-test-smells/repositories/bootstrap-vue-dev/src/components/tabs/tabs.spec.js,Magic Number,"{'line': 814, 'column': 55, 'index': 25932}","  812 |     expect($tabs.emitted('changed').length).toBe(1)
  813 |     expect($tabs.emitted('changed')[0][0].length).toBe(3)
> 814 |     expect($tabs.emitted('changed')[0][1].length).toBe(0)
      |                                                       ^ Magic Number
  815 |
  816 |     // Add a tab
  817 |     await wrapper.setProps({ tabs: ['Tab 1', 'Tab 2', 'Tab 3', 'Tab 4'] })"
/home/gabriel/Disk/Research/research-javascript-test-smells/repositories/bootstrap-vue-dev/src/components/tabs/tabs.spec.js,Magic Number,"{'line': 819, 'column': 54, 'index': 26111}","  817 |     await wrapper.setProps({ tabs: ['Tab 1', 'Tab 2', 'Tab 3', 'Tab 4'] })
  818 |     await waitNT(wrapper.vm)
> 819 |     expect($tabs.findAllComponents(BTab).length).toBe(4)
      |                                                      ^ Magic Number
  820 |     expect($tabs.emitted('changed')).toBeDefined()
  821 |     expect($tabs.emitted('changed').length).toBe(2)
  822 |     expect($tabs.emitted('changed')[1][0].length).toBe(4)"
/home/gabriel/Disk/Research/research-javascript-test-smells/repositories/bootstrap-vue-dev/src/components/tabs/tabs.spec.js,Magic Number,"{'line': 821, 'column': 49, 'index': 26214}","  819 |     expect($tabs.findAllComponents(BTab).length).toBe(4)
  820 |     expect($tabs.emitted('changed')).toBeDefined()
> 821 |     expect($tabs.emitted('changed').length).toBe(2)
      |                                                 ^ Magic Number
  822 |     expect($tabs.emitted('changed')[1][0].length).toBe(4)
  823 |     expect($tabs.emitted('changed')[1][1].length).toBe(3)
  824 |"
/home/gabriel/Disk/Research/research-javascript-test-smells/repositories/bootstrap-vue-dev/src/components/tabs/tabs.spec.js,Magic Number,"{'line': 822, 'column': 55, 'index': 26272}","  820 |     expect($tabs.emitted('changed')).toBeDefined()
  821 |     expect($tabs.emitted('changed').length).toBe(2)
> 822 |     expect($tabs.emitted('changed')[1][0].length).toBe(4)
      |                                                       ^ Magic Number
  823 |     expect($tabs.emitted('changed')[1][1].length).toBe(3)
  824 |
  825 |     // Remove a tabs"
/home/gabriel/Disk/Research/research-javascript-test-smells/repositories/bootstrap-vue-dev/src/components/tabs/tabs.spec.js,Magic Number,"{'line': 823, 'column': 55, 'index': 26330}","  821 |     expect($tabs.emitted('changed').length).toBe(2)
  822 |     expect($tabs.emitted('changed')[1][0].length).toBe(4)
> 823 |     expect($tabs.emitted('changed')[1][1].length).toBe(3)
      |                                                       ^ Magic Number
  824 |
  825 |     // Remove a tabs
  826 |     await wrapper.setProps({ tabs: ['Tab 1', 'Tab 2'] })"
/home/gabriel/Disk/Research/research-javascript-test-smells/repositories/bootstrap-vue-dev/src/components/tabs/tabs.spec.js,Magic Number,"{'line': 828, 'column': 54, 'index': 26495}","  826 |     await wrapper.setProps({ tabs: ['Tab 1', 'Tab 2'] })
  827 |     await waitNT(wrapper.vm)
> 828 |     expect($tabs.findAllComponents(BTab).length).toBe(2)
      |                                                      ^ Magic Number
  829 |     expect($tabs.emitted('changed')).toBeDefined()
  830 |     expect($tabs.emitted('changed').length).toBe(3)
  831 |     expect($tabs.emitted('changed')[2][0].length).toBe(2)"
/home/gabriel/Disk/Research/research-javascript-test-smells/repositories/bootstrap-vue-dev/src/components/tabs/tabs.spec.js,Magic Number,"{'line': 830, 'column': 49, 'index': 26598}","  828 |     expect($tabs.findAllComponents(BTab).length).toBe(2)
  829 |     expect($tabs.emitted('changed')).toBeDefined()
> 830 |     expect($tabs.emitted('changed').length).toBe(3)
      |                                                 ^ Magic Number
  831 |     expect($tabs.emitted('changed')[2][0].length).toBe(2)
  832 |     expect($tabs.emitted('changed')[2][1].length).toBe(4)
  833 |"
/home/gabriel/Disk/Research/research-javascript-test-smells/repositories/bootstrap-vue-dev/src/components/tabs/tabs.spec.js,Magic Number,"{'line': 831, 'column': 55, 'index': 26656}","  829 |     expect($tabs.emitted('changed')).toBeDefined()
  830 |     expect($tabs.emitted('changed').length).toBe(3)
> 831 |     expect($tabs.emitted('changed')[2][0].length).toBe(2)
      |                                                       ^ Magic Number
  832 |     expect($tabs.emitted('changed')[2][1].length).toBe(4)
  833 |
  834 |     wrapper.destroy()"
/home/gabriel/Disk/Research/research-javascript-test-smells/repositories/bootstrap-vue-dev/src/components/tabs/tabs.spec.js,Magic Number,"{'line': 832, 'column': 55, 'index': 26714}","  830 |     expect($tabs.emitted('changed').length).toBe(3)
  831 |     expect($tabs.emitted('changed')[2][0].length).toBe(2)
> 832 |     expect($tabs.emitted('changed')[2][1].length).toBe(4)
      |                                                       ^ Magic Number
  833 |
  834 |     wrapper.destroy()
  835 |   })"
/home/gabriel/Disk/Research/research-javascript-test-smells/repositories/bootstrap-vue-dev/src/components/tabs/tab.spec.js,Duplicate Assert,"{'line': 14, 'column': 4, 'index': 367}","  12 |
  13 |     expect(wrapper.element.tagName).toBe('DIV')
> 14 |     expect(wrapper.classes()).toContain('tab-pane')
     |    ^ Duplicate Assert
  15 |     expect(wrapper.classes()).not.toContain('disabled')
  16 |     expect(wrapper.classes()).not.toContain('active')
  17 |     expect(wrapper.classes()).not.toContain('show')"
/home/gabriel/Disk/Research/research-javascript-test-smells/repositories/bootstrap-vue-dev/src/components/tabs/tab.spec.js,Duplicate Assert,"{'line': 15, 'column': 4, 'index': 419}","  13 |     expect(wrapper.element.tagName).toBe('DIV')
  14 |     expect(wrapper.classes()).toContain('tab-pane')
> 15 |     expect(wrapper.classes()).not.toContain('disabled')
     |    ^ Duplicate Assert
  16 |     expect(wrapper.classes()).not.toContain('active')
  17 |     expect(wrapper.classes()).not.toContain('show')
  18 |     expect(wrapper.classes()).not.toContain('fade')"
/home/gabriel/Disk/Research/research-javascript-test-smells/repositories/bootstrap-vue-dev/src/components/tabs/tab.spec.js,Duplicate Assert,"{'line': 16, 'column': 4, 'index': 475}","  14 |     expect(wrapper.classes()).toContain('tab-pane')
  15 |     expect(wrapper.classes()).not.toContain('disabled')
> 16 |     expect(wrapper.classes()).not.toContain('active')
     |    ^ Duplicate Assert
  17 |     expect(wrapper.classes()).not.toContain('show')
  18 |     expect(wrapper.classes()).not.toContain('fade')
  19 |     expect(wrapper.classes()).not.toContain('card-body')"
/home/gabriel/Disk/Research/research-javascript-test-smells/repositories/bootstrap-vue-dev/src/components/tabs/tab.spec.js,Duplicate Assert,"{'line': 17, 'column': 4, 'index': 529}","  15 |     expect(wrapper.classes()).not.toContain('disabled')
  16 |     expect(wrapper.classes()).not.toContain('active')
> 17 |     expect(wrapper.classes()).not.toContain('show')
     |    ^ Duplicate Assert
  18 |     expect(wrapper.classes()).not.toContain('fade')
  19 |     expect(wrapper.classes()).not.toContain('card-body')
  20 |     expect(wrapper.attributes('role')).toBe('tabpanel')"
/home/gabriel/Disk/Research/research-javascript-test-smells/repositories/bootstrap-vue-dev/src/components/tabs/tab.spec.js,Duplicate Assert,"{'line': 18, 'column': 4, 'index': 581}","  16 |     expect(wrapper.classes()).not.toContain('active')
  17 |     expect(wrapper.classes()).not.toContain('show')
> 18 |     expect(wrapper.classes()).not.toContain('fade')
     |    ^ Duplicate Assert
  19 |     expect(wrapper.classes()).not.toContain('card-body')
  20 |     expect(wrapper.attributes('role')).toBe('tabpanel')
  21 |     expect(wrapper.attributes('aria-hidden')).toBe('true')"
/home/gabriel/Disk/Research/research-javascript-test-smells/repositories/bootstrap-vue-dev/src/components/tabs/tab.spec.js,Duplicate Assert,"{'line': 19, 'column': 4, 'index': 633}","  17 |     expect(wrapper.classes()).not.toContain('show')
  18 |     expect(wrapper.classes()).not.toContain('fade')
> 19 |     expect(wrapper.classes()).not.toContain('card-body')
     |    ^ Duplicate Assert
  20 |     expect(wrapper.attributes('role')).toBe('tabpanel')
  21 |     expect(wrapper.attributes('aria-hidden')).toBe('true')
  22 |     expect(wrapper.attributes('labelledby')).toBeUndefined()"
/home/gabriel/Disk/Research/research-javascript-test-smells/repositories/bootstrap-vue-dev/src/components/tabs/tab.spec.js,Duplicate Assert,"{'line': 43, 'column': 4, 'index': 1347}","  41 |     })
  42 |
> 43 |     expect(wrapper.classes()).toContain('disabled')
     |    ^ Duplicate Assert
  44 |     expect(wrapper.classes()).toContain('tab-pane')
  45 |     expect(wrapper.classes()).not.toContain('active')
  46 |     expect(wrapper.classes()).not.toContain('card-body')"
/home/gabriel/Disk/Research/research-javascript-test-smells/repositories/bootstrap-vue-dev/src/components/tabs/tab.spec.js,Duplicate Assert,"{'line': 44, 'column': 4, 'index': 1399}","  42 |
  43 |     expect(wrapper.classes()).toContain('disabled')
> 44 |     expect(wrapper.classes()).toContain('tab-pane')
     |    ^ Duplicate Assert
  45 |     expect(wrapper.classes()).not.toContain('active')
  46 |     expect(wrapper.classes()).not.toContain('card-body')
  47 |"
/home/gabriel/Disk/Research/research-javascript-test-smells/repositories/bootstrap-vue-dev/src/components/tabs/tab.spec.js,Duplicate Assert,"{'line': 45, 'column': 4, 'index': 1451}","  43 |     expect(wrapper.classes()).toContain('disabled')
  44 |     expect(wrapper.classes()).toContain('tab-pane')
> 45 |     expect(wrapper.classes()).not.toContain('active')
     |    ^ Duplicate Assert
  46 |     expect(wrapper.classes()).not.toContain('card-body')
  47 |
  48 |     wrapper.destroy()"
/home/gabriel/Disk/Research/research-javascript-test-smells/repositories/bootstrap-vue-dev/src/components/tabs/tab.spec.js,Duplicate Assert,"{'line': 46, 'column': 4, 'index': 1505}","  44 |     expect(wrapper.classes()).toContain('tab-pane')
  45 |     expect(wrapper.classes()).not.toContain('active')
> 46 |     expect(wrapper.classes()).not.toContain('card-body')
     |    ^ Duplicate Assert
  47 |
  48 |     wrapper.destroy()
  49 |   })"
/home/gabriel/Disk/Research/research-javascript-test-smells/repositories/bootstrap-vue-dev/src/components/tabs/tab.spec.js,Duplicate Assert,"{'line': 56, 'column': 4, 'index': 1723}","  54 |     })
  55 |
> 56 |     expect(wrapper.classes()).toContain('active')
     |    ^ Duplicate Assert
  57 |     expect(wrapper.classes()).not.toContain('disabled')
  58 |     expect(wrapper.classes()).not.toContain('card-body')
  59 |"
/home/gabriel/Disk/Research/research-javascript-test-smells/repositories/bootstrap-vue-dev/src/components/tabs/tab.spec.js,Duplicate Assert,"{'line': 57, 'column': 4, 'index': 1773}","  55 |
  56 |     expect(wrapper.classes()).toContain('active')
> 57 |     expect(wrapper.classes()).not.toContain('disabled')
     |    ^ Duplicate Assert
  58 |     expect(wrapper.classes()).not.toContain('card-body')
  59 |
  60 |     wrapper.destroy()"
/home/gabriel/Disk/Research/research-javascript-test-smells/repositories/bootstrap-vue-dev/src/components/tabs/tab.spec.js,Duplicate Assert,"{'line': 58, 'column': 4, 'index': 1829}","  56 |     expect(wrapper.classes()).toContain('active')
  57 |     expect(wrapper.classes()).not.toContain('disabled')
> 58 |     expect(wrapper.classes()).not.toContain('card-body')
     |    ^ Duplicate Assert
  59 |
  60 |     wrapper.destroy()
  61 |   })"
/home/gabriel/Disk/Research/research-javascript-test-smells/repositories/bootstrap-vue-dev/src/components/tabs/tab.spec.js,Duplicate Assert,"{'line': 71, 'column': 4, 'index': 2113}","  69 |     })
  70 |
> 71 |     expect(wrapper.classes()).not.toContain('active')
     |    ^ Duplicate Assert
  72 |     expect(wrapper.classes()).toContain('disabled')
  73 |     expect(wrapper.classes()).toContain('tab-pane')
  74 |     expect(wrapper.classes()).not.toContain('card-body')"
/home/gabriel/Disk/Research/research-javascript-test-smells/repositories/bootstrap-vue-dev/src/components/tabs/tab.spec.js,Duplicate Assert,"{'line': 72, 'column': 4, 'index': 2167}","  70 |
  71 |     expect(wrapper.classes()).not.toContain('active')
> 72 |     expect(wrapper.classes()).toContain('disabled')
     |    ^ Duplicate Assert
  73 |     expect(wrapper.classes()).toContain('tab-pane')
  74 |     expect(wrapper.classes()).not.toContain('card-body')
  75 |"
/home/gabriel/Disk/Research/research-javascript-test-smells/repositories/bootstrap-vue-dev/src/components/tabs/tab.spec.js,Duplicate Assert,"{'line': 73, 'column': 4, 'index': 2219}","  71 |     expect(wrapper.classes()).not.toContain('active')
  72 |     expect(wrapper.classes()).toContain('disabled')
> 73 |     expect(wrapper.classes()).toContain('tab-pane')
     |    ^ Duplicate Assert
  74 |     expect(wrapper.classes()).not.toContain('card-body')
  75 |
  76 |     wrapper.destroy()"
/home/gabriel/Disk/Research/research-javascript-test-smells/repositories/bootstrap-vue-dev/src/components/tabs/tab.spec.js,Duplicate Assert,"{'line': 74, 'column': 4, 'index': 2271}","  72 |     expect(wrapper.classes()).toContain('disabled')
  73 |     expect(wrapper.classes()).toContain('tab-pane')
> 74 |     expect(wrapper.classes()).not.toContain('card-body')
     |    ^ Duplicate Assert
  75 |
  76 |     wrapper.destroy()
  77 |   })"
/home/gabriel/Disk/Research/research-javascript-test-smells/repositories/bootstrap-vue-dev/src/components/tabs/tab.spec.js,Duplicate Assert,"{'line': 82, 'column': 4, 'index': 2468}","  80 |     const wrapper = mount(BTab)
  81 |
> 82 |     expect(wrapper.classes()).not.toContain('active')
     |    ^ Duplicate Assert
  83 |     expect(wrapper.classes()).not.toContain('disabled')
  84 |     expect(wrapper.classes()).not.toContain('card-body')
  85 |"
/home/gabriel/Disk/Research/research-javascript-test-smells/repositories/bootstrap-vue-dev/src/components/tabs/tab.spec.js,Duplicate Assert,"{'line': 82, 'column': 4, 'index': 2468}","  80 |     const wrapper = mount(BTab)
  81 |
> 82 |     expect(wrapper.classes()).not.toContain('active')
     |    ^ Duplicate Assert
  83 |     expect(wrapper.classes()).not.toContain('disabled')
  84 |     expect(wrapper.classes()).not.toContain('card-body')
  85 |"
/home/gabriel/Disk/Research/research-javascript-test-smells/repositories/bootstrap-vue-dev/src/components/tabs/tab.spec.js,Duplicate Assert,"{'line': 83, 'column': 4, 'index': 2522}","  81 |
  82 |     expect(wrapper.classes()).not.toContain('active')
> 83 |     expect(wrapper.classes()).not.toContain('disabled')
     |    ^ Duplicate Assert
  84 |     expect(wrapper.classes()).not.toContain('card-body')
  85 |
  86 |     await wrapper.setData({ localActive: true })"
/home/gabriel/Disk/Research/research-javascript-test-smells/repositories/bootstrap-vue-dev/src/components/tabs/tab.spec.js,Duplicate Assert,"{'line': 83, 'column': 4, 'index': 2522}","  81 |
  82 |     expect(wrapper.classes()).not.toContain('active')
> 83 |     expect(wrapper.classes()).not.toContain('disabled')
     |    ^ Duplicate Assert
  84 |     expect(wrapper.classes()).not.toContain('card-body')
  85 |
  86 |     await wrapper.setData({ localActive: true })"
/home/gabriel/Disk/Research/research-javascript-test-smells/repositories/bootstrap-vue-dev/src/components/tabs/tab.spec.js,Duplicate Assert,"{'line': 84, 'column': 4, 'index': 2578}","  82 |     expect(wrapper.classes()).not.toContain('active')
  83 |     expect(wrapper.classes()).not.toContain('disabled')
> 84 |     expect(wrapper.classes()).not.toContain('card-body')
     |    ^ Duplicate Assert
  85 |
  86 |     await wrapper.setData({ localActive: true })
  87 |     await waitNT(wrapper.vm)"
/home/gabriel/Disk/Research/research-javascript-test-smells/repositories/bootstrap-vue-dev/src/components/tabs/tab.spec.js,Duplicate Assert,"{'line': 84, 'column': 4, 'index': 2578}","  82 |     expect(wrapper.classes()).not.toContain('active')
  83 |     expect(wrapper.classes()).not.toContain('disabled')
> 84 |     expect(wrapper.classes()).not.toContain('card-body')
     |    ^ Duplicate Assert
  85 |
  86 |     await wrapper.setData({ localActive: true })
  87 |     await waitNT(wrapper.vm)"
/home/gabriel/Disk/Research/research-javascript-test-smells/repositories/bootstrap-vue-dev/src/components/tabs/tab.spec.js,Duplicate Assert,"{'line': 89, 'column': 4, 'index': 2715}","  87 |     await waitNT(wrapper.vm)
  88 |
> 89 |     expect(wrapper.classes()).toContain('active')
     |    ^ Duplicate Assert
  90 |     expect(wrapper.classes()).not.toContain('disabled')
  91 |     expect(wrapper.classes()).not.toContain('card-body')
  92 |"
/home/gabriel/Disk/Research/research-javascript-test-smells/repositories/bootstrap-vue-dev/src/components/tabs/tab.spec.js,Duplicate Assert,"{'line': 90, 'column': 4, 'index': 2765}","  88 |
  89 |     expect(wrapper.classes()).toContain('active')
> 90 |     expect(wrapper.classes()).not.toContain('disabled')
     |    ^ Duplicate Assert
  91 |     expect(wrapper.classes()).not.toContain('card-body')
  92 |
  93 |     await wrapper.setData({ localActive: false })"
/home/gabriel/Disk/Research/research-javascript-test-smells/repositories/bootstrap-vue-dev/src/components/tabs/tab.spec.js,Duplicate Assert,"{'line': 90, 'column': 4, 'index': 2765}","  88 |
  89 |     expect(wrapper.classes()).toContain('active')
> 90 |     expect(wrapper.classes()).not.toContain('disabled')
     |    ^ Duplicate Assert
  91 |     expect(wrapper.classes()).not.toContain('card-body')
  92 |
  93 |     await wrapper.setData({ localActive: false })"
/home/gabriel/Disk/Research/research-javascript-test-smells/repositories/bootstrap-vue-dev/src/components/tabs/tab.spec.js,Duplicate Assert,"{'line': 91, 'column': 4, 'index': 2821}","  89 |     expect(wrapper.classes()).toContain('active')
  90 |     expect(wrapper.classes()).not.toContain('disabled')
> 91 |     expect(wrapper.classes()).not.toContain('card-body')
     |    ^ Duplicate Assert
  92 |
  93 |     await wrapper.setData({ localActive: false })
  94 |     await waitNT(wrapper.vm)"
/home/gabriel/Disk/Research/research-javascript-test-smells/repositories/bootstrap-vue-dev/src/components/tabs/tab.spec.js,Duplicate Assert,"{'line': 91, 'column': 4, 'index': 2821}","  89 |     expect(wrapper.classes()).toContain('active')
  90 |     expect(wrapper.classes()).not.toContain('disabled')
> 91 |     expect(wrapper.classes()).not.toContain('card-body')
     |    ^ Duplicate Assert
  92 |
  93 |     await wrapper.setData({ localActive: false })
  94 |     await waitNT(wrapper.vm)"
/home/gabriel/Disk/Research/research-javascript-test-smells/repositories/bootstrap-vue-dev/src/components/tabs/tab.spec.js,Duplicate Assert,"{'line': 96, 'column': 4, 'index': 2959}","  94 |     await waitNT(wrapper.vm)
  95 |
> 96 |     expect(wrapper.classes()).not.toContain('active')
     |    ^ Duplicate Assert
  97 |     expect(wrapper.classes()).not.toContain('disabled')
  98 |     expect(wrapper.classes()).not.toContain('card-body')
  99 |"
/home/gabriel/Disk/Research/research-javascript-test-smells/repositories/bootstrap-vue-dev/src/components/tabs/tab.spec.js,Duplicate Assert,"{'line': 96, 'column': 4, 'index': 2959}","  94 |     await waitNT(wrapper.vm)
  95 |
> 96 |     expect(wrapper.classes()).not.toContain('active')
     |    ^ Duplicate Assert
  97 |     expect(wrapper.classes()).not.toContain('disabled')
  98 |     expect(wrapper.classes()).not.toContain('card-body')
  99 |"
/home/gabriel/Disk/Research/research-javascript-test-smells/repositories/bootstrap-vue-dev/src/components/tabs/tab.spec.js,Duplicate Assert,"{'line': 97, 'column': 4, 'index': 3013}","   95 |
   96 |     expect(wrapper.classes()).not.toContain('active')
>  97 |     expect(wrapper.classes()).not.toContain('disabled')
      |    ^ Duplicate Assert
   98 |     expect(wrapper.classes()).not.toContain('card-body')
   99 |
  100 |     wrapper.destroy()"
/home/gabriel/Disk/Research/research-javascript-test-smells/repositories/bootstrap-vue-dev/src/components/tabs/tab.spec.js,Duplicate Assert,"{'line': 97, 'column': 4, 'index': 3013}","   95 |
   96 |     expect(wrapper.classes()).not.toContain('active')
>  97 |     expect(wrapper.classes()).not.toContain('disabled')
      |    ^ Duplicate Assert
   98 |     expect(wrapper.classes()).not.toContain('card-body')
   99 |
  100 |     wrapper.destroy()"
/home/gabriel/Disk/Research/research-javascript-test-smells/repositories/bootstrap-vue-dev/src/components/tabs/tab.spec.js,Duplicate Assert,"{'line': 98, 'column': 4, 'index': 3069}","   96 |     expect(wrapper.classes()).not.toContain('active')
   97 |     expect(wrapper.classes()).not.toContain('disabled')
>  98 |     expect(wrapper.classes()).not.toContain('card-body')
      |    ^ Duplicate Assert
   99 |
  100 |     wrapper.destroy()
  101 |   })"
/home/gabriel/Disk/Research/research-javascript-test-smells/repositories/bootstrap-vue-dev/src/components/tabs/tab.spec.js,Duplicate Assert,"{'line': 98, 'column': 4, 'index': 3069}","   96 |     expect(wrapper.classes()).not.toContain('active')
   97 |     expect(wrapper.classes()).not.toContain('disabled')
>  98 |     expect(wrapper.classes()).not.toContain('card-body')
      |    ^ Duplicate Assert
   99 |
  100 |     wrapper.destroy()
  101 |   })"
/home/gabriel/Disk/Research/research-javascript-test-smells/repositories/bootstrap-vue-dev/src/components/tabs/tab.spec.js,Duplicate Assert,"{'line': 113, 'column': 4, 'index': 3399}","  111 |     })
  112 |
> 113 |     expect(called).toBe(false)
      |    ^ Duplicate Assert
  114 |     expect(value).toBe(null)
  115 |
  116 |     await wrapper.setData({ localActive: true })"
/home/gabriel/Disk/Research/research-javascript-test-smells/repositories/bootstrap-vue-dev/src/components/tabs/tab.spec.js,Duplicate Assert,"{'line': 114, 'column': 4, 'index': 3430}","  112 |
  113 |     expect(called).toBe(false)
> 114 |     expect(value).toBe(null)
      |    ^ Duplicate Assert
  115 |
  116 |     await wrapper.setData({ localActive: true })
  117 |"
/home/gabriel/Disk/Research/research-javascript-test-smells/repositories/bootstrap-vue-dev/src/components/tabs/tab.spec.js,Duplicate Assert,"{'line': 118, 'column': 4, 'index': 3510}","  116 |     await wrapper.setData({ localActive: true })
  117 |
> 118 |     expect(called).toBe(true)
      |    ^ Duplicate Assert
  119 |     expect(value).toBe(true)
  120 |
  121 |     wrapper.destroy()"
/home/gabriel/Disk/Research/research-javascript-test-smells/repositories/bootstrap-vue-dev/src/components/tabs/tab.spec.js,Duplicate Assert,"{'line': 119, 'column': 4, 'index': 3540}","  117 |
  118 |     expect(called).toBe(true)
> 119 |     expect(value).toBe(true)
      |    ^ Duplicate Assert
  120 |
  121 |     wrapper.destroy()
  122 |   })"
/home/gabriel/Disk/Research/research-javascript-test-smells/repositories/bootstrap-vue-dev/src/components/tabs/tab.spec.js,Duplicate Assert,"{'line': 138, 'column': 4, 'index': 3905}","  136 |     })
  137 |
> 138 |     expect(wrapper.classes()).toContain('card-body')
      |    ^ Duplicate Assert
  139 |     expect(wrapper.classes()).toContain('tab-pane')
  140 |     expect(wrapper.classes()).not.toContain('disabled')
  141 |     expect(wrapper.classes()).not.toContain('active')"
/home/gabriel/Disk/Research/research-javascript-test-smells/repositories/bootstrap-vue-dev/src/components/tabs/tab.spec.js,Duplicate Assert,"{'line': 139, 'column': 4, 'index': 3958}","  137 |
  138 |     expect(wrapper.classes()).toContain('card-body')
> 139 |     expect(wrapper.classes()).toContain('tab-pane')
      |    ^ Duplicate Assert
  140 |     expect(wrapper.classes()).not.toContain('disabled')
  141 |     expect(wrapper.classes()).not.toContain('active')
  142 |"
/home/gabriel/Disk/Research/research-javascript-test-smells/repositories/bootstrap-vue-dev/src/components/tabs/tab.spec.js,Duplicate Assert,"{'line': 140, 'column': 4, 'index': 4010}","  138 |     expect(wrapper.classes()).toContain('card-body')
  139 |     expect(wrapper.classes()).toContain('tab-pane')
> 140 |     expect(wrapper.classes()).not.toContain('disabled')
      |    ^ Duplicate Assert
  141 |     expect(wrapper.classes()).not.toContain('active')
  142 |
  143 |     wrapper.destroy()"
/home/gabriel/Disk/Research/research-javascript-test-smells/repositories/bootstrap-vue-dev/src/components/tabs/tab.spec.js,Duplicate Assert,"{'line': 141, 'column': 4, 'index': 4066}","  139 |     expect(wrapper.classes()).toContain('tab-pane')
  140 |     expect(wrapper.classes()).not.toContain('disabled')
> 141 |     expect(wrapper.classes()).not.toContain('active')
      |    ^ Duplicate Assert
  142 |
  143 |     wrapper.destroy()
  144 |   })"
/home/gabriel/Disk/Research/research-javascript-test-smells/repositories/bootstrap-vue-dev/src/components/tabs/tab.spec.js,Duplicate Assert,"{'line': 163, 'column': 4, 'index': 4539}","  161 |     })
  162 |
> 163 |     expect(wrapper.classes()).not.toContain('card-body')
      |    ^ Duplicate Assert
  164 |     expect(wrapper.classes()).toContain('tab-pane')
  165 |     expect(wrapper.classes()).not.toContain('disabled')
  166 |     expect(wrapper.classes()).not.toContain('active')"
/home/gabriel/Disk/Research/research-javascript-test-smells/repositories/bootstrap-vue-dev/src/components/tabs/tab.spec.js,Duplicate Assert,"{'line': 164, 'column': 4, 'index': 4596}","  162 |
  163 |     expect(wrapper.classes()).not.toContain('card-body')
> 164 |     expect(wrapper.classes()).toContain('tab-pane')
      |    ^ Duplicate Assert
  165 |     expect(wrapper.classes()).not.toContain('disabled')
  166 |     expect(wrapper.classes()).not.toContain('active')
  167 |"
/home/gabriel/Disk/Research/research-javascript-test-smells/repositories/bootstrap-vue-dev/src/components/tabs/tab.spec.js,Duplicate Assert,"{'line': 165, 'column': 4, 'index': 4648}","  163 |     expect(wrapper.classes()).not.toContain('card-body')
  164 |     expect(wrapper.classes()).toContain('tab-pane')
> 165 |     expect(wrapper.classes()).not.toContain('disabled')
      |    ^ Duplicate Assert
  166 |     expect(wrapper.classes()).not.toContain('active')
  167 |
  168 |     wrapper.destroy()"
/home/gabriel/Disk/Research/research-javascript-test-smells/repositories/bootstrap-vue-dev/src/components/tabs/tab.spec.js,Duplicate Assert,"{'line': 166, 'column': 4, 'index': 4704}","  164 |     expect(wrapper.classes()).toContain('tab-pane')
  165 |     expect(wrapper.classes()).not.toContain('disabled')
> 166 |     expect(wrapper.classes()).not.toContain('active')
      |    ^ Duplicate Assert
  167 |
  168 |     wrapper.destroy()
  169 |   })"
/home/gabriel/Disk/Research/research-javascript-test-smells/repositories/bootstrap-vue-dev/src/components/tabs/tab.spec.js,Duplicate Assert,"{'line': 234, 'column': 4, 'index': 6265}","  232 |     })
  233 |
> 234 |     expect(activateCalled).toBe(false)
      |    ^ Duplicate Assert
  235 |     expect(activateVm).toBe(null)
  236 |     expect(deactivateCalled).toBe(false)
  237 |     expect(deactivateVm).toBe(null)"
/home/gabriel/Disk/Research/research-javascript-test-smells/repositories/bootstrap-vue-dev/src/components/tabs/tab.spec.js,Duplicate Assert,"{'line': 234, 'column': 4, 'index': 6265}","  232 |     })
  233 |
> 234 |     expect(activateCalled).toBe(false)
      |    ^ Duplicate Assert
  235 |     expect(activateVm).toBe(null)
  236 |     expect(deactivateCalled).toBe(false)
  237 |     expect(deactivateVm).toBe(null)"
/home/gabriel/Disk/Research/research-javascript-test-smells/repositories/bootstrap-vue-dev/src/components/tabs/tab.spec.js,Duplicate Assert,"{'line': 235, 'column': 4, 'index': 6304}","  233 |
  234 |     expect(activateCalled).toBe(false)
> 235 |     expect(activateVm).toBe(null)
      |    ^ Duplicate Assert
  236 |     expect(deactivateCalled).toBe(false)
  237 |     expect(deactivateVm).toBe(null)
  238 |"
/home/gabriel/Disk/Research/research-javascript-test-smells/repositories/bootstrap-vue-dev/src/components/tabs/tab.spec.js,Duplicate Assert,"{'line': 235, 'column': 4, 'index': 6304}","  233 |
  234 |     expect(activateCalled).toBe(false)
> 235 |     expect(activateVm).toBe(null)
      |    ^ Duplicate Assert
  236 |     expect(deactivateCalled).toBe(false)
  237 |     expect(deactivateVm).toBe(null)
  238 |"
/home/gabriel/Disk/Research/research-javascript-test-smells/repositories/bootstrap-vue-dev/src/components/tabs/tab.spec.js,Duplicate Assert,"{'line': 236, 'column': 4, 'index': 6338}","  234 |     expect(activateCalled).toBe(false)
  235 |     expect(activateVm).toBe(null)
> 236 |     expect(deactivateCalled).toBe(false)
      |    ^ Duplicate Assert
  237 |     expect(deactivateVm).toBe(null)
  238 |
  239 |     await wrapper.setProps({ active: true })"
/home/gabriel/Disk/Research/research-javascript-test-smells/repositories/bootstrap-vue-dev/src/components/tabs/tab.spec.js,Duplicate Assert,"{'line': 236, 'column': 4, 'index': 6338}","  234 |     expect(activateCalled).toBe(false)
  235 |     expect(activateVm).toBe(null)
> 236 |     expect(deactivateCalled).toBe(false)
      |    ^ Duplicate Assert
  237 |     expect(deactivateVm).toBe(null)
  238 |
  239 |     await wrapper.setProps({ active: true })"
/home/gabriel/Disk/Research/research-javascript-test-smells/repositories/bootstrap-vue-dev/src/components/tabs/tab.spec.js,Duplicate Assert,"{'line': 237, 'column': 4, 'index': 6379}","  235 |     expect(activateVm).toBe(null)
  236 |     expect(deactivateCalled).toBe(false)
> 237 |     expect(deactivateVm).toBe(null)
      |    ^ Duplicate Assert
  238 |
  239 |     await wrapper.setProps({ active: true })
  240 |"
/home/gabriel/Disk/Research/research-javascript-test-smells/repositories/bootstrap-vue-dev/src/components/tabs/tab.spec.js,Duplicate Assert,"{'line': 237, 'column': 4, 'index': 6379}","  235 |     expect(activateVm).toBe(null)
  236 |     expect(deactivateCalled).toBe(false)
> 237 |     expect(deactivateVm).toBe(null)
      |    ^ Duplicate Assert
  238 |
  239 |     await wrapper.setProps({ active: true })
  240 |"
/home/gabriel/Disk/Research/research-javascript-test-smells/repositories/bootstrap-vue-dev/src/components/tabs/tab.spec.js,Duplicate Assert,"{'line': 241, 'column': 4, 'index': 6462}","  239 |     await wrapper.setProps({ active: true })
  240 |
> 241 |     expect(activateCalled).toBe(true)
      |    ^ Duplicate Assert
  242 |     expect(activateVm).toBe(wrapper.vm)
  243 |     expect(deactivateCalled).toBe(false)
  244 |     expect(deactivateVm).toBe(null)"
/home/gabriel/Disk/Research/research-javascript-test-smells/repositories/bootstrap-vue-dev/src/components/tabs/tab.spec.js,Duplicate Assert,"{'line': 242, 'column': 4, 'index': 6500}","  240 |
  241 |     expect(activateCalled).toBe(true)
> 242 |     expect(activateVm).toBe(wrapper.vm)
      |    ^ Duplicate Assert
  243 |     expect(deactivateCalled).toBe(false)
  244 |     expect(deactivateVm).toBe(null)
  245 |"
/home/gabriel/Disk/Research/research-javascript-test-smells/repositories/bootstrap-vue-dev/src/components/tabs/tab.spec.js,Duplicate Assert,"{'line': 243, 'column': 4, 'index': 6540}","  241 |     expect(activateCalled).toBe(true)
  242 |     expect(activateVm).toBe(wrapper.vm)
> 243 |     expect(deactivateCalled).toBe(false)
      |    ^ Duplicate Assert
  244 |     expect(deactivateVm).toBe(null)
  245 |
  246 |     activateCalled = false"
/home/gabriel/Disk/Research/research-javascript-test-smells/repositories/bootstrap-vue-dev/src/components/tabs/tab.spec.js,Duplicate Assert,"{'line': 243, 'column': 4, 'index': 6540}","  241 |     expect(activateCalled).toBe(true)
  242 |     expect(activateVm).toBe(wrapper.vm)
> 243 |     expect(deactivateCalled).toBe(false)
      |    ^ Duplicate Assert
  244 |     expect(deactivateVm).toBe(null)
  245 |
  246 |     activateCalled = false"
/home/gabriel/Disk/Research/research-javascript-test-smells/repositories/bootstrap-vue-dev/src/components/tabs/tab.spec.js,Duplicate Assert,"{'line': 244, 'column': 4, 'index': 6581}","  242 |     expect(activateVm).toBe(wrapper.vm)
  243 |     expect(deactivateCalled).toBe(false)
> 244 |     expect(deactivateVm).toBe(null)
      |    ^ Duplicate Assert
  245 |
  246 |     activateCalled = false
  247 |     activateVm = null"
/home/gabriel/Disk/Research/research-javascript-test-smells/repositories/bootstrap-vue-dev/src/components/tabs/tab.spec.js,Duplicate Assert,"{'line': 244, 'column': 4, 'index': 6581}","  242 |     expect(activateVm).toBe(wrapper.vm)
  243 |     expect(deactivateCalled).toBe(false)
> 244 |     expect(deactivateVm).toBe(null)
      |    ^ Duplicate Assert
  245 |
  246 |     activateCalled = false
  247 |     activateVm = null"
/home/gabriel/Disk/Research/research-javascript-test-smells/repositories/bootstrap-vue-dev/src/components/tabs/tab.spec.js,Duplicate Assert,"{'line': 253, 'column': 4, 'index': 6768}","  251 |     await wrapper.setProps({ active: false })
  252 |
> 253 |     expect(activateCalled).toBe(false)
      |    ^ Duplicate Assert
  254 |     expect(activateVm).toBe(null)
  255 |     expect(deactivateCalled).toBe(true)
  256 |     expect(deactivateVm).toBe(wrapper.vm)"
/home/gabriel/Disk/Research/research-javascript-test-smells/repositories/bootstrap-vue-dev/src/components/tabs/tab.spec.js,Duplicate Assert,"{'line': 253, 'column': 4, 'index': 6768}","  251 |     await wrapper.setProps({ active: false })
  252 |
> 253 |     expect(activateCalled).toBe(false)
      |    ^ Duplicate Assert
  254 |     expect(activateVm).toBe(null)
  255 |     expect(deactivateCalled).toBe(true)
  256 |     expect(deactivateVm).toBe(wrapper.vm)"
/home/gabriel/Disk/Research/research-javascript-test-smells/repositories/bootstrap-vue-dev/src/components/tabs/tab.spec.js,Duplicate Assert,"{'line': 254, 'column': 4, 'index': 6807}","  252 |
  253 |     expect(activateCalled).toBe(false)
> 254 |     expect(activateVm).toBe(null)
      |    ^ Duplicate Assert
  255 |     expect(deactivateCalled).toBe(true)
  256 |     expect(deactivateVm).toBe(wrapper.vm)
  257 |"
/home/gabriel/Disk/Research/research-javascript-test-smells/repositories/bootstrap-vue-dev/src/components/tabs/tab.spec.js,Duplicate Assert,"{'line': 254, 'column': 4, 'index': 6807}","  252 |
  253 |     expect(activateCalled).toBe(false)
> 254 |     expect(activateVm).toBe(null)
      |    ^ Duplicate Assert
  255 |     expect(deactivateCalled).toBe(true)
  256 |     expect(deactivateVm).toBe(wrapper.vm)
  257 |"
/home/gabriel/Disk/Research/research-javascript-test-smells/repositories/bootstrap-vue-dev/src/components/tabs/tab.spec.js,Duplicate Assert,"{'line': 255, 'column': 4, 'index': 6841}","  253 |     expect(activateCalled).toBe(false)
  254 |     expect(activateVm).toBe(null)
> 255 |     expect(deactivateCalled).toBe(true)
      |    ^ Duplicate Assert
  256 |     expect(deactivateVm).toBe(wrapper.vm)
  257 |
  258 |     wrapper.destroy()"
/home/gabriel/Disk/Research/research-javascript-test-smells/repositories/bootstrap-vue-dev/src/components/tabs/tab.spec.js,Duplicate Assert,"{'line': 256, 'column': 4, 'index': 6881}","  254 |     expect(activateVm).toBe(null)
  255 |     expect(deactivateCalled).toBe(true)
> 256 |     expect(deactivateVm).toBe(wrapper.vm)
      |    ^ Duplicate Assert
  257 |
  258 |     wrapper.destroy()
  259 |   })"
/home/gabriel/Disk/Research/research-javascript-test-smells/repositories/bootstrap-vue-dev/src/components/tabs/tab.spec.js,Duplicate Assert,"{'line': 285, 'column': 4, 'index': 7564}","  283 |     })
  284 |
> 285 |     expect(activateCalled).toBe(false)
      |    ^ Duplicate Assert
  286 |     expect(activateVm).toBe(null)
  287 |
  288 |     await wrapper.setProps({ active: true })"
/home/gabriel/Disk/Research/research-javascript-test-smells/repositories/bootstrap-vue-dev/src/components/tabs/tab.spec.js,Duplicate Assert,"{'line': 285, 'column': 4, 'index': 7564}","  283 |     })
  284 |
> 285 |     expect(activateCalled).toBe(false)
      |    ^ Duplicate Assert
  286 |     expect(activateVm).toBe(null)
  287 |
  288 |     await wrapper.setProps({ active: true })"
/home/gabriel/Disk/Research/research-javascript-test-smells/repositories/bootstrap-vue-dev/src/components/tabs/tab.spec.js,Duplicate Assert,"{'line': 286, 'column': 4, 'index': 7603}","  284 |
  285 |     expect(activateCalled).toBe(false)
> 286 |     expect(activateVm).toBe(null)
      |    ^ Duplicate Assert
  287 |
  288 |     await wrapper.setProps({ active: true })
  289 |"
/home/gabriel/Disk/Research/research-javascript-test-smells/repositories/bootstrap-vue-dev/src/components/tabs/tab.spec.js,Duplicate Assert,"{'line': 286, 'column': 4, 'index': 7603}","  284 |
  285 |     expect(activateCalled).toBe(false)
> 286 |     expect(activateVm).toBe(null)
      |    ^ Duplicate Assert
  287 |
  288 |     await wrapper.setProps({ active: true })
  289 |"
/home/gabriel/Disk/Research/research-javascript-test-smells/repositories/bootstrap-vue-dev/src/components/tabs/tab.spec.js,Duplicate Assert,"{'line': 290, 'column': 4, 'index': 7684}","  288 |     await wrapper.setProps({ active: true })
  289 |
> 290 |     expect(activateCalled).toBe(false)
      |    ^ Duplicate Assert
  291 |     expect(activateVm).toBe(null)
  292 |
  293 |     wrapper.destroy()"
/home/gabriel/Disk/Research/research-javascript-test-smells/repositories/bootstrap-vue-dev/src/components/tabs/tab.spec.js,Duplicate Assert,"{'line': 290, 'column': 4, 'index': 7684}","  288 |     await wrapper.setProps({ active: true })
  289 |
> 290 |     expect(activateCalled).toBe(false)
      |    ^ Duplicate Assert
  291 |     expect(activateVm).toBe(null)
  292 |
  293 |     wrapper.destroy()"
/home/gabriel/Disk/Research/research-javascript-test-smells/repositories/bootstrap-vue-dev/src/components/tabs/tab.spec.js,Duplicate Assert,"{'line': 291, 'column': 4, 'index': 7723}","  289 |
  290 |     expect(activateCalled).toBe(false)
> 291 |     expect(activateVm).toBe(null)
      |    ^ Duplicate Assert
  292 |
  293 |     wrapper.destroy()
  294 |   })"
/home/gabriel/Disk/Research/research-javascript-test-smells/repositories/bootstrap-vue-dev/src/components/tabs/tab.spec.js,Duplicate Assert,"{'line': 291, 'column': 4, 'index': 7723}","  289 |
  290 |     expect(activateCalled).toBe(false)
> 291 |     expect(activateVm).toBe(null)
      |    ^ Duplicate Assert
  292 |
  293 |     wrapper.destroy()
  294 |   })"
/home/gabriel/Disk/Research/research-javascript-test-smells/repositories/bootstrap-vue-dev/src/components/tabs/tab.spec.js,Duplicate Assert,"{'line': 319, 'column': 4, 'index': 8371}","  317 |     })
  318 |
> 319 |     expect(deactivateCalled).toBe(false)
      |    ^ Duplicate Assert
  320 |     expect(deactivateVm).toBe(null)
  321 |
  322 |     const result = wrapper.vm.deactivate()"
/home/gabriel/Disk/Research/research-javascript-test-smells/repositories/bootstrap-vue-dev/src/components/tabs/tab.spec.js,Duplicate Assert,"{'line': 319, 'column': 4, 'index': 8371}","  317 |     })
  318 |
> 319 |     expect(deactivateCalled).toBe(false)
      |    ^ Duplicate Assert
  320 |     expect(deactivateVm).toBe(null)
  321 |
  322 |     const result = wrapper.vm.deactivate()"
/home/gabriel/Disk/Research/research-javascript-test-smells/repositories/bootstrap-vue-dev/src/components/tabs/tab.spec.js,Duplicate Assert,"{'line': 320, 'column': 4, 'index': 8412}","  318 |
  319 |     expect(deactivateCalled).toBe(false)
> 320 |     expect(deactivateVm).toBe(null)
      |    ^ Duplicate Assert
  321 |
  322 |     const result = wrapper.vm.deactivate()
  323 |"
/home/gabriel/Disk/Research/research-javascript-test-smells/repositories/bootstrap-vue-dev/src/components/tabs/tab.spec.js,Duplicate Assert,"{'line': 320, 'column': 4, 'index': 8412}","  318 |
  319 |     expect(deactivateCalled).toBe(false)
> 320 |     expect(deactivateVm).toBe(null)
      |    ^ Duplicate Assert
  321 |
  322 |     const result = wrapper.vm.deactivate()
  323 |"
/home/gabriel/Disk/Research/research-javascript-test-smells/repositories/bootstrap-vue-dev/src/components/tabs/tab.spec.js,Duplicate Assert,"{'line': 324, 'column': 4, 'index': 8493}","  322 |     const result = wrapper.vm.deactivate()
  323 |
> 324 |     expect(deactivateCalled).toBe(false)
      |    ^ Duplicate Assert
  325 |     expect(deactivateVm).toBe(null)
  326 |     expect(result).toBe(false)
  327 |"
/home/gabriel/Disk/Research/research-javascript-test-smells/repositories/bootstrap-vue-dev/src/components/tabs/tab.spec.js,Duplicate Assert,"{'line': 324, 'column': 4, 'index': 8493}","  322 |     const result = wrapper.vm.deactivate()
  323 |
> 324 |     expect(deactivateCalled).toBe(false)
      |    ^ Duplicate Assert
  325 |     expect(deactivateVm).toBe(null)
  326 |     expect(result).toBe(false)
  327 |"
/home/gabriel/Disk/Research/research-javascript-test-smells/repositories/bootstrap-vue-dev/src/components/tabs/tab.spec.js,Duplicate Assert,"{'line': 325, 'column': 4, 'index': 8534}","  323 |
  324 |     expect(deactivateCalled).toBe(false)
> 325 |     expect(deactivateVm).toBe(null)
      |    ^ Duplicate Assert
  326 |     expect(result).toBe(false)
  327 |
  328 |     wrapper.destroy()"
/home/gabriel/Disk/Research/research-javascript-test-smells/repositories/bootstrap-vue-dev/src/components/tabs/tab.spec.js,Duplicate Assert,"{'line': 325, 'column': 4, 'index': 8534}","  323 |
  324 |     expect(deactivateCalled).toBe(false)
> 325 |     expect(deactivateVm).toBe(null)
      |    ^ Duplicate Assert
  326 |     expect(result).toBe(false)
  327 |
  328 |     wrapper.destroy()"
/home/gabriel/Disk/Research/research-javascript-test-smells/repositories/bootstrap-vue-dev/src/components/table/table.spec.js,Duplicate Assert,"{'line': 19, 'column': 4, 'index': 505}","  17 |     expect(wrapper).toBeDefined()
  18 |     expect(wrapper.element.tagName).toBe('TABLE')
> 19 |     expect(wrapper.classes()).toContain('table')
     |    ^ Duplicate Assert
  20 |     expect(wrapper.classes()).toContain('b-table')
  21 |     expect(wrapper.classes().length).toBe(2)
  22 |"
/home/gabriel/Disk/Research/research-javascript-test-smells/repositories/bootstrap-vue-dev/src/components/table/table.spec.js,Duplicate Assert,"{'line': 20, 'column': 4, 'index': 554}","  18 |     expect(wrapper.element.tagName).toBe('TABLE')
  19 |     expect(wrapper.classes()).toContain('table')
> 20 |     expect(wrapper.classes()).toContain('b-table')
     |    ^ Duplicate Assert
  21 |     expect(wrapper.classes().length).toBe(2)
  22 |
  23 |     wrapper.destroy()"
/home/gabriel/Disk/Research/research-javascript-test-smells/repositories/bootstrap-vue-dev/src/components/table/table.spec.js,Duplicate Assert,"{'line': 37, 'column': 4, 'index': 970}","  35 |     expect(wrapper).toBeDefined()
  36 |     expect(wrapper.element.tagName).toBe('TABLE')
> 37 |     expect(wrapper.classes()).toContain('table-striped')
     |    ^ Duplicate Assert
  38 |     expect(wrapper.classes()).toContain('table')
  39 |     expect(wrapper.classes()).toContain('b-table')
  40 |     expect(wrapper.classes().length).toBe(3)"
/home/gabriel/Disk/Research/research-javascript-test-smells/repositories/bootstrap-vue-dev/src/components/table/table.spec.js,Duplicate Assert,"{'line': 38, 'column': 4, 'index': 1027}","  36 |     expect(wrapper.element.tagName).toBe('TABLE')
  37 |     expect(wrapper.classes()).toContain('table-striped')
> 38 |     expect(wrapper.classes()).toContain('table')
     |    ^ Duplicate Assert
  39 |     expect(wrapper.classes()).toContain('b-table')
  40 |     expect(wrapper.classes().length).toBe(3)
  41 |"
/home/gabriel/Disk/Research/research-javascript-test-smells/repositories/bootstrap-vue-dev/src/components/table/table.spec.js,Duplicate Assert,"{'line': 39, 'column': 4, 'index': 1076}","  37 |     expect(wrapper.classes()).toContain('table-striped')
  38 |     expect(wrapper.classes()).toContain('table')
> 39 |     expect(wrapper.classes()).toContain('b-table')
     |    ^ Duplicate Assert
  40 |     expect(wrapper.classes().length).toBe(3)
  41 |
  42 |     wrapper.destroy()"
/home/gabriel/Disk/Research/research-javascript-test-smells/repositories/bootstrap-vue-dev/src/components/table/table.spec.js,Duplicate Assert,"{'line': 56, 'column': 4, 'index': 1495}","  54 |     expect(wrapper).toBeDefined()
  55 |     expect(wrapper.element.tagName).toBe('TABLE')
> 56 |     expect(wrapper.classes()).toContain('table-bordered')
     |    ^ Duplicate Assert
  57 |     expect(wrapper.classes()).toContain('table')
  58 |     expect(wrapper.classes()).toContain('b-table')
  59 |     expect(wrapper.classes().length).toBe(3)"
/home/gabriel/Disk/Research/research-javascript-test-smells/repositories/bootstrap-vue-dev/src/components/table/table.spec.js,Duplicate Assert,"{'line': 57, 'column': 4, 'index': 1553}","  55 |     expect(wrapper.element.tagName).toBe('TABLE')
  56 |     expect(wrapper.classes()).toContain('table-bordered')
> 57 |     expect(wrapper.classes()).toContain('table')
     |    ^ Duplicate Assert
  58 |     expect(wrapper.classes()).toContain('b-table')
  59 |     expect(wrapper.classes().length).toBe(3)
  60 |"
/home/gabriel/Disk/Research/research-javascript-test-smells/repositories/bootstrap-vue-dev/src/components/table/table.spec.js,Duplicate Assert,"{'line': 58, 'column': 4, 'index': 1602}","  56 |     expect(wrapper.classes()).toContain('table-bordered')
  57 |     expect(wrapper.classes()).toContain('table')
> 58 |     expect(wrapper.classes()).toContain('b-table')
     |    ^ Duplicate Assert
  59 |     expect(wrapper.classes().length).toBe(3)
  60 |
  61 |     wrapper.destroy()"
/home/gabriel/Disk/Research/research-javascript-test-smells/repositories/bootstrap-vue-dev/src/components/table/table.spec.js,Duplicate Assert,"{'line': 75, 'column': 4, 'index': 2027}","  73 |     expect(wrapper).toBeDefined()
  74 |     expect(wrapper.element.tagName).toBe('TABLE')
> 75 |     expect(wrapper.classes()).toContain('table-borderless')
     |    ^ Duplicate Assert
  76 |     expect(wrapper.classes()).toContain('table')
  77 |     expect(wrapper.classes()).toContain('b-table')
  78 |     expect(wrapper.classes().length).toBe(3)"
/home/gabriel/Disk/Research/research-javascript-test-smells/repositories/bootstrap-vue-dev/src/components/table/table.spec.js,Duplicate Assert,"{'line': 76, 'column': 4, 'index': 2087}","  74 |     expect(wrapper.element.tagName).toBe('TABLE')
  75 |     expect(wrapper.classes()).toContain('table-borderless')
> 76 |     expect(wrapper.classes()).toContain('table')
     |    ^ Duplicate Assert
  77 |     expect(wrapper.classes()).toContain('b-table')
  78 |     expect(wrapper.classes().length).toBe(3)
  79 |"
/home/gabriel/Disk/Research/research-javascript-test-smells/repositories/bootstrap-vue-dev/src/components/table/table.spec.js,Duplicate Assert,"{'line': 77, 'column': 4, 'index': 2136}","  75 |     expect(wrapper.classes()).toContain('table-borderless')
  76 |     expect(wrapper.classes()).toContain('table')
> 77 |     expect(wrapper.classes()).toContain('b-table')
     |    ^ Duplicate Assert
  78 |     expect(wrapper.classes().length).toBe(3)
  79 |
  80 |     wrapper.destroy()"
/home/gabriel/Disk/Research/research-javascript-test-smells/repositories/bootstrap-vue-dev/src/components/table/table.spec.js,Duplicate Assert,"{'line': 94, 'column': 4, 'index': 2546}","  92 |     expect(wrapper).toBeDefined()
  93 |     expect(wrapper.element.tagName).toBe('TABLE')
> 94 |     expect(wrapper.classes()).toContain('table-hover')
     |    ^ Duplicate Assert
  95 |     expect(wrapper.classes()).toContain('table')
  96 |     expect(wrapper.classes()).toContain('b-table')
  97 |     expect(wrapper.classes().length).toBe(3)"
/home/gabriel/Disk/Research/research-javascript-test-smells/repositories/bootstrap-vue-dev/src/components/table/table.spec.js,Duplicate Assert,"{'line': 95, 'column': 4, 'index': 2601}","  93 |     expect(wrapper.element.tagName).toBe('TABLE')
  94 |     expect(wrapper.classes()).toContain('table-hover')
> 95 |     expect(wrapper.classes()).toContain('table')
     |    ^ Duplicate Assert
  96 |     expect(wrapper.classes()).toContain('b-table')
  97 |     expect(wrapper.classes().length).toBe(3)
  98 |"
/home/gabriel/Disk/Research/research-javascript-test-smells/repositories/bootstrap-vue-dev/src/components/table/table.spec.js,Duplicate Assert,"{'line': 96, 'column': 4, 'index': 2650}","  94 |     expect(wrapper.classes()).toContain('table-hover')
  95 |     expect(wrapper.classes()).toContain('table')
> 96 |     expect(wrapper.classes()).toContain('b-table')
     |    ^ Duplicate Assert
  97 |     expect(wrapper.classes().length).toBe(3)
  98 |
  99 |     wrapper.destroy()"
/home/gabriel/Disk/Research/research-javascript-test-smells/repositories/bootstrap-vue-dev/src/components/table/table.spec.js,Duplicate Assert,"{'line': 113, 'column': 4, 'index': 3057}","  111 |     expect(wrapper).toBeDefined()
  112 |     expect(wrapper.element.tagName).toBe('TABLE')
> 113 |     expect(wrapper.classes()).toContain('table-sm')
      |    ^ Duplicate Assert
  114 |     expect(wrapper.classes()).toContain('table')
  115 |     expect(wrapper.classes()).toContain('b-table')
  116 |     expect(wrapper.classes().length).toBe(3)"
/home/gabriel/Disk/Research/research-javascript-test-smells/repositories/bootstrap-vue-dev/src/components/table/table.spec.js,Duplicate Assert,"{'line': 114, 'column': 4, 'index': 3109}","  112 |     expect(wrapper.element.tagName).toBe('TABLE')
  113 |     expect(wrapper.classes()).toContain('table-sm')
> 114 |     expect(wrapper.classes()).toContain('table')
      |    ^ Duplicate Assert
  115 |     expect(wrapper.classes()).toContain('b-table')
  116 |     expect(wrapper.classes().length).toBe(3)
  117 |"
/home/gabriel/Disk/Research/research-javascript-test-smells/repositories/bootstrap-vue-dev/src/components/table/table.spec.js,Duplicate Assert,"{'line': 115, 'column': 4, 'index': 3158}","  113 |     expect(wrapper.classes()).toContain('table-sm')
  114 |     expect(wrapper.classes()).toContain('table')
> 115 |     expect(wrapper.classes()).toContain('b-table')
      |    ^ Duplicate Assert
  116 |     expect(wrapper.classes().length).toBe(3)
  117 |
  118 |     wrapper.destroy()"
/home/gabriel/Disk/Research/research-javascript-test-smells/repositories/bootstrap-vue-dev/src/components/table/table.spec.js,Duplicate Assert,"{'line': 132, 'column': 4, 'index': 3565}","  130 |     expect(wrapper).toBeDefined()
  131 |     expect(wrapper.element.tagName).toBe('TABLE')
> 132 |     expect(wrapper.classes()).toContain('table-dark')
      |    ^ Duplicate Assert
  133 |     expect(wrapper.classes()).toContain('table')
  134 |     expect(wrapper.classes()).toContain('b-table')
  135 |     expect(wrapper.classes().length).toBe(3)"
/home/gabriel/Disk/Research/research-javascript-test-smells/repositories/bootstrap-vue-dev/src/components/table/table.spec.js,Duplicate Assert,"{'line': 133, 'column': 4, 'index': 3619}","  131 |     expect(wrapper.element.tagName).toBe('TABLE')
  132 |     expect(wrapper.classes()).toContain('table-dark')
> 133 |     expect(wrapper.classes()).toContain('table')
      |    ^ Duplicate Assert
  134 |     expect(wrapper.classes()).toContain('b-table')
  135 |     expect(wrapper.classes().length).toBe(3)
  136 |"
/home/gabriel/Disk/Research/research-javascript-test-smells/repositories/bootstrap-vue-dev/src/components/table/table.spec.js,Duplicate Assert,"{'line': 134, 'column': 4, 'index': 3668}","  132 |     expect(wrapper.classes()).toContain('table-dark')
  133 |     expect(wrapper.classes()).toContain('table')
> 134 |     expect(wrapper.classes()).toContain('b-table')
      |    ^ Duplicate Assert
  135 |     expect(wrapper.classes().length).toBe(3)
  136 |
  137 |     wrapper.destroy()"
/home/gabriel/Disk/Research/research-javascript-test-smells/repositories/bootstrap-vue-dev/src/components/table/table.spec.js,Duplicate Assert,"{'line': 151, 'column': 4, 'index': 4079}","  149 |     expect(wrapper).toBeDefined()
  150 |     expect(wrapper.element.tagName).toBe('TABLE')
> 151 |     expect(wrapper.classes()).toContain('border')
      |    ^ Duplicate Assert
  152 |     expect(wrapper.classes()).toContain('table')
  153 |     expect(wrapper.classes()).toContain('b-table')
  154 |     expect(wrapper.classes().length).toBe(3)"
/home/gabriel/Disk/Research/research-javascript-test-smells/repositories/bootstrap-vue-dev/src/components/table/table.spec.js,Duplicate Assert,"{'line': 152, 'column': 4, 'index': 4129}","  150 |     expect(wrapper.element.tagName).toBe('TABLE')
  151 |     expect(wrapper.classes()).toContain('border')
> 152 |     expect(wrapper.classes()).toContain('table')
      |    ^ Duplicate Assert
  153 |     expect(wrapper.classes()).toContain('b-table')
  154 |     expect(wrapper.classes().length).toBe(3)
  155 |"
/home/gabriel/Disk/Research/research-javascript-test-smells/repositories/bootstrap-vue-dev/src/components/table/table.spec.js,Duplicate Assert,"{'line': 153, 'column': 4, 'index': 4178}","  151 |     expect(wrapper.classes()).toContain('border')
  152 |     expect(wrapper.classes()).toContain('table')
> 153 |     expect(wrapper.classes()).toContain('b-table')
      |    ^ Duplicate Assert
  154 |     expect(wrapper.classes().length).toBe(3)
  155 |
  156 |     wrapper.destroy()"
/home/gabriel/Disk/Research/research-javascript-test-smells/repositories/bootstrap-vue-dev/src/components/table/table.spec.js,Duplicate Assert,"{'line': 170, 'column': 4, 'index': 4590}","  168 |     expect(wrapper).toBeDefined()
  169 |     expect(wrapper.element.tagName).toBe('TABLE')
> 170 |     expect(wrapper.classes()).toContain('b-table-fixed')
      |    ^ Duplicate Assert
  171 |     expect(wrapper.classes()).toContain('table')
  172 |     expect(wrapper.classes()).toContain('b-table')
  173 |     expect(wrapper.classes().length).toBe(3)"
/home/gabriel/Disk/Research/research-javascript-test-smells/repositories/bootstrap-vue-dev/src/components/table/table.spec.js,Duplicate Assert,"{'line': 171, 'column': 4, 'index': 4647}","  169 |     expect(wrapper.element.tagName).toBe('TABLE')
  170 |     expect(wrapper.classes()).toContain('b-table-fixed')
> 171 |     expect(wrapper.classes()).toContain('table')
      |    ^ Duplicate Assert
  172 |     expect(wrapper.classes()).toContain('b-table')
  173 |     expect(wrapper.classes().length).toBe(3)
  174 |"
/home/gabriel/Disk/Research/research-javascript-test-smells/repositories/bootstrap-vue-dev/src/components/table/table.spec.js,Duplicate Assert,"{'line': 172, 'column': 4, 'index': 4696}","  170 |     expect(wrapper.classes()).toContain('b-table-fixed')
  171 |     expect(wrapper.classes()).toContain('table')
> 172 |     expect(wrapper.classes()).toContain('b-table')
      |    ^ Duplicate Assert
  173 |     expect(wrapper.classes().length).toBe(3)
  174 |
  175 |     wrapper.destroy()"
/home/gabriel/Disk/Research/research-javascript-test-smells/repositories/bootstrap-vue-dev/src/components/table/table.spec.js,Duplicate Assert,"{'line': 189, 'column': 4, 'index': 5145}","  187 |     expect(wrapper).toBeDefined()
  188 |     expect(wrapper.element.tagName).toBe('TABLE')
> 189 |     expect(wrapper.classes()).toContain('b-table-no-border-collapse')
      |    ^ Duplicate Assert
  190 |     expect(wrapper.classes()).toContain('table')
  191 |     expect(wrapper.classes()).toContain('b-table')
  192 |     expect(wrapper.classes().length).toBe(3)"
/home/gabriel/Disk/Research/research-javascript-test-smells/repositories/bootstrap-vue-dev/src/components/table/table.spec.js,Duplicate Assert,"{'line': 190, 'column': 4, 'index': 5215}","  188 |     expect(wrapper.element.tagName).toBe('TABLE')
  189 |     expect(wrapper.classes()).toContain('b-table-no-border-collapse')
> 190 |     expect(wrapper.classes()).toContain('table')
      |    ^ Duplicate Assert
  191 |     expect(wrapper.classes()).toContain('b-table')
  192 |     expect(wrapper.classes().length).toBe(3)
  193 |"
/home/gabriel/Disk/Research/research-javascript-test-smells/repositories/bootstrap-vue-dev/src/components/table/table.spec.js,Duplicate Assert,"{'line': 191, 'column': 4, 'index': 5264}","  189 |     expect(wrapper.classes()).toContain('b-table-no-border-collapse')
  190 |     expect(wrapper.classes()).toContain('table')
> 191 |     expect(wrapper.classes()).toContain('b-table')
      |    ^ Duplicate Assert
  192 |     expect(wrapper.classes().length).toBe(3)
  193 |
  194 |     wrapper.destroy()"
/home/gabriel/Disk/Research/research-javascript-test-smells/repositories/bootstrap-vue-dev/src/components/table/table.spec.js,Duplicate Assert,"{'line': 208, 'column': 4, 'index': 5682}","  206 |     expect(wrapper).toBeDefined()
  207 |     expect(wrapper.element.tagName).toBe('TABLE')
> 208 |     expect(wrapper.classes()).toContain('b-table-stacked')
      |    ^ Duplicate Assert
  209 |     expect(wrapper.classes()).toContain('table')
  210 |     expect(wrapper.classes()).toContain('b-table')
  211 |     expect(wrapper.classes().length).toBe(3)"
/home/gabriel/Disk/Research/research-javascript-test-smells/repositories/bootstrap-vue-dev/src/components/table/table.spec.js,Duplicate Assert,"{'line': 209, 'column': 4, 'index': 5741}","  207 |     expect(wrapper.element.tagName).toBe('TABLE')
  208 |     expect(wrapper.classes()).toContain('b-table-stacked')
> 209 |     expect(wrapper.classes()).toContain('table')
      |    ^ Duplicate Assert
  210 |     expect(wrapper.classes()).toContain('b-table')
  211 |     expect(wrapper.classes().length).toBe(3)
  212 |"
/home/gabriel/Disk/Research/research-javascript-test-smells/repositories/bootstrap-vue-dev/src/components/table/table.spec.js,Duplicate Assert,"{'line': 210, 'column': 4, 'index': 5790}","  208 |     expect(wrapper.classes()).toContain('b-table-stacked')
  209 |     expect(wrapper.classes()).toContain('table')
> 210 |     expect(wrapper.classes()).toContain('b-table')
      |    ^ Duplicate Assert
  211 |     expect(wrapper.classes().length).toBe(3)
  212 |
  213 |     wrapper.destroy()"
/home/gabriel/Disk/Research/research-javascript-test-smells/repositories/bootstrap-vue-dev/src/components/table/table.spec.js,Duplicate Assert,"{'line': 227, 'column': 4, 'index': 6209}","  225 |     expect(wrapper).toBeDefined()
  226 |     expect(wrapper.element.tagName).toBe('TABLE')
> 227 |     expect(wrapper.classes()).toContain('b-table-stacked-md')
      |    ^ Duplicate Assert
  228 |     expect(wrapper.classes()).toContain('table')
  229 |     expect(wrapper.classes()).toContain('b-table')
  230 |     expect(wrapper.classes().length).toBe(3)"
/home/gabriel/Disk/Research/research-javascript-test-smells/repositories/bootstrap-vue-dev/src/components/table/table.spec.js,Duplicate Assert,"{'line': 228, 'column': 4, 'index': 6271}","  226 |     expect(wrapper.element.tagName).toBe('TABLE')
  227 |     expect(wrapper.classes()).toContain('b-table-stacked-md')
> 228 |     expect(wrapper.classes()).toContain('table')
      |    ^ Duplicate Assert
  229 |     expect(wrapper.classes()).toContain('b-table')
  230 |     expect(wrapper.classes().length).toBe(3)
  231 |"
/home/gabriel/Disk/Research/research-javascript-test-smells/repositories/bootstrap-vue-dev/src/components/table/table.spec.js,Duplicate Assert,"{'line': 229, 'column': 4, 'index': 6320}","  227 |     expect(wrapper.classes()).toContain('b-table-stacked-md')
  228 |     expect(wrapper.classes()).toContain('table')
> 229 |     expect(wrapper.classes()).toContain('b-table')
      |    ^ Duplicate Assert
  230 |     expect(wrapper.classes().length).toBe(3)
  231 |
  232 |     wrapper.destroy()"
/home/gabriel/Disk/Research/research-javascript-test-smells/repositories/bootstrap-vue-dev/src/components/table/table.spec.js,Duplicate Assert,"{'line': 248, 'column': 4, 'index': 6863}","  246 |     expect(wrapper.classes()).toContain('b-table-sticky-header')
  247 |     expect(wrapper.classes().length).toBe(1)
> 248 |     expect(wrapper.find('table').classes()).toContain('table')
      |    ^ Duplicate Assert
  249 |     expect(wrapper.find('table').classes()).toContain('b-table')
  250 |     expect(wrapper.find('table').classes().length).toBe(2)
  251 |"
/home/gabriel/Disk/Research/research-javascript-test-smells/repositories/bootstrap-vue-dev/src/components/table/table.spec.js,Duplicate Assert,"{'line': 249, 'column': 4, 'index': 6926}","  247 |     expect(wrapper.classes().length).toBe(1)
  248 |     expect(wrapper.find('table').classes()).toContain('table')
> 249 |     expect(wrapper.find('table').classes()).toContain('b-table')
      |    ^ Duplicate Assert
  250 |     expect(wrapper.find('table').classes().length).toBe(2)
  251 |
  252 |     wrapper.destroy()"
/home/gabriel/Disk/Research/research-javascript-test-smells/repositories/bootstrap-vue-dev/src/components/table/table.spec.js,Duplicate Assert,"{'line': 268, 'column': 4, 'index': 7501}","  266 |     expect(wrapper.classes()).toContain('b-table-sticky-header')
  267 |     expect(wrapper.classes().length).toBe(1)
> 268 |     expect(wrapper.attributes('style')).toBeDefined()
      |    ^ Duplicate Assert
  269 |     expect(wrapper.attributes('style')).toContain(`max-height: 100px;`)
  270 |     expect(wrapper.find('table').classes()).toContain('table')
  271 |     expect(wrapper.find('table').classes()).toContain('b-table')"
/home/gabriel/Disk/Research/research-javascript-test-smells/repositories/bootstrap-vue-dev/src/components/table/table.spec.js,Duplicate Assert,"{'line': 269, 'column': 4, 'index': 7555}","  267 |     expect(wrapper.classes().length).toBe(1)
  268 |     expect(wrapper.attributes('style')).toBeDefined()
> 269 |     expect(wrapper.attributes('style')).toContain(`max-height: 100px;`)
      |    ^ Duplicate Assert
  270 |     expect(wrapper.find('table').classes()).toContain('table')
  271 |     expect(wrapper.find('table').classes()).toContain('b-table')
  272 |     expect(wrapper.find('table').classes().length).toBe(2)"
/home/gabriel/Disk/Research/research-javascript-test-smells/repositories/bootstrap-vue-dev/src/components/table/table.spec.js,Duplicate Assert,"{'line': 270, 'column': 4, 'index': 7627}","  268 |     expect(wrapper.attributes('style')).toBeDefined()
  269 |     expect(wrapper.attributes('style')).toContain(`max-height: 100px;`)
> 270 |     expect(wrapper.find('table').classes()).toContain('table')
      |    ^ Duplicate Assert
  271 |     expect(wrapper.find('table').classes()).toContain('b-table')
  272 |     expect(wrapper.find('table').classes().length).toBe(2)
  273 |"
/home/gabriel/Disk/Research/research-javascript-test-smells/repositories/bootstrap-vue-dev/src/components/table/table.spec.js,Duplicate Assert,"{'line': 271, 'column': 4, 'index': 7690}","  269 |     expect(wrapper.attributes('style')).toContain(`max-height: 100px;`)
  270 |     expect(wrapper.find('table').classes()).toContain('table')
> 271 |     expect(wrapper.find('table').classes()).toContain('b-table')
      |    ^ Duplicate Assert
  272 |     expect(wrapper.find('table').classes().length).toBe(2)
  273 |
  274 |     wrapper.destroy()"
/home/gabriel/Disk/Research/research-javascript-test-smells/repositories/bootstrap-vue-dev/src/components/table/table.spec.js,Duplicate Assert,"{'line': 293, 'column': 4, 'index': 8327}","  291 |     const $table = wrapper.find('table')
  292 |     expect($table.exists()).toBe(true)
> 293 |     expect($table.classes()).toContain('table')
      |    ^ Duplicate Assert
  294 |     expect($table.classes()).toContain('b-table')
  295 |     expect($table.classes().length).toBe(2)
  296 |"
/home/gabriel/Disk/Research/research-javascript-test-smells/repositories/bootstrap-vue-dev/src/components/table/table.spec.js,Duplicate Assert,"{'line': 294, 'column': 4, 'index': 8375}","  292 |     expect($table.exists()).toBe(true)
  293 |     expect($table.classes()).toContain('table')
> 294 |     expect($table.classes()).toContain('b-table')
      |    ^ Duplicate Assert
  295 |     expect($table.classes().length).toBe(2)
  296 |
  297 |     wrapper.destroy()"
/home/gabriel/Disk/Research/research-javascript-test-smells/repositories/bootstrap-vue-dev/src/components/table/table.spec.js,Duplicate Assert,"{'line': 316, 'column': 4, 'index': 8986}","  314 |     const $table = wrapper.find('table')
  315 |     expect($table.exists()).toBe(true)
> 316 |     expect($table.classes()).toContain('table')
      |    ^ Duplicate Assert
  317 |     expect($table.classes()).toContain('b-table')
  318 |     expect($table.classes().length).toBe(2)
  319 |"
/home/gabriel/Disk/Research/research-javascript-test-smells/repositories/bootstrap-vue-dev/src/components/table/table.spec.js,Duplicate Assert,"{'line': 317, 'column': 4, 'index': 9034}","  315 |     expect($table.exists()).toBe(true)
  316 |     expect($table.classes()).toContain('table')
> 317 |     expect($table.classes()).toContain('b-table')
      |    ^ Duplicate Assert
  318 |     expect($table.classes().length).toBe(2)
  319 |
  320 |     wrapper.destroy()"
/home/gabriel/Disk/Research/research-javascript-test-smells/repositories/bootstrap-vue-dev/src/components/table/table.spec.js,Duplicate Assert,"{'line': 340, 'column': 4, 'index': 9651}","  338 |     const $table = wrapper.find('table')
  339 |     expect($table.exists()).toBe(true)
> 340 |     expect($table.classes()).toContain('table')
      |    ^ Duplicate Assert
  341 |     expect($table.classes()).toContain('b-table')
  342 |     expect($table.classes()).toContain('b-table-stacked')
  343 |     expect($table.classes().length).toBe(3)"
/home/gabriel/Disk/Research/research-javascript-test-smells/repositories/bootstrap-vue-dev/src/components/table/table.spec.js,Duplicate Assert,"{'line': 341, 'column': 4, 'index': 9699}","  339 |     expect($table.exists()).toBe(true)
  340 |     expect($table.classes()).toContain('table')
> 341 |     expect($table.classes()).toContain('b-table')
      |    ^ Duplicate Assert
  342 |     expect($table.classes()).toContain('b-table-stacked')
  343 |     expect($table.classes().length).toBe(3)
  344 |"
/home/gabriel/Disk/Research/research-javascript-test-smells/repositories/bootstrap-vue-dev/src/components/table/table.spec.js,Duplicate Assert,"{'line': 342, 'column': 4, 'index': 9749}","  340 |     expect($table.classes()).toContain('table')
  341 |     expect($table.classes()).toContain('b-table')
> 342 |     expect($table.classes()).toContain('b-table-stacked')
      |    ^ Duplicate Assert
  343 |     expect($table.classes().length).toBe(3)
  344 |
  345 |     wrapper.destroy()"
/home/gabriel/Disk/Research/research-javascript-test-smells/repositories/bootstrap-vue-dev/src/components/table/table.spec.js,Duplicate Assert,"{'line': 414, 'column': 4, 'index': 11250}","  412 |
  413 |     expect(wrapper).toBeDefined()
> 414 |     expect(wrapper.findAll('tbody > tr').length).toBe(1)
      |    ^ Duplicate Assert
  415 |     expect(wrapper.find('tbody > tr').classes()).toContain('table-primary')
  416 |
  417 |     await wrapper.setProps({"
/home/gabriel/Disk/Research/research-javascript-test-smells/repositories/bootstrap-vue-dev/src/components/table/table.spec.js,Duplicate Assert,"{'line': 414, 'column': 4, 'index': 11250}","  412 |
  413 |     expect(wrapper).toBeDefined()
> 414 |     expect(wrapper.findAll('tbody > tr').length).toBe(1)
      |    ^ Duplicate Assert
  415 |     expect(wrapper.find('tbody > tr').classes()).toContain('table-primary')
  416 |
  417 |     await wrapper.setProps({"
/home/gabriel/Disk/Research/research-javascript-test-smells/repositories/bootstrap-vue-dev/src/components/table/table.spec.js,Duplicate Assert,"{'line': 415, 'column': 4, 'index': 11307}","  413 |     expect(wrapper).toBeDefined()
  414 |     expect(wrapper.findAll('tbody > tr').length).toBe(1)
> 415 |     expect(wrapper.find('tbody > tr').classes()).toContain('table-primary')
      |    ^ Duplicate Assert
  416 |
  417 |     await wrapper.setProps({
  418 |       dark: true"
/home/gabriel/Disk/Research/research-javascript-test-smells/repositories/bootstrap-vue-dev/src/components/table/table.spec.js,Duplicate Assert,"{'line': 421, 'column': 4, 'index': 11438}","  419 |     })
  420 |
> 421 |     expect(wrapper.findAll('tbody > tr').length).toBe(1)
      |    ^ Duplicate Assert
  422 |     expect(wrapper.find('tbody > tr').classes()).toContain('bg-primary')
  423 |
  424 |     wrapper.destroy()"
/home/gabriel/Disk/Research/research-javascript-test-smells/repositories/bootstrap-vue-dev/src/components/table/table.spec.js,Duplicate Assert,"{'line': 421, 'column': 4, 'index': 11438}","  419 |     })
  420 |
> 421 |     expect(wrapper.findAll('tbody > tr').length).toBe(1)
      |    ^ Duplicate Assert
  422 |     expect(wrapper.find('tbody > tr').classes()).toContain('bg-primary')
  423 |
  424 |     wrapper.destroy()"
/home/gabriel/Disk/Research/research-javascript-test-smells/repositories/bootstrap-vue-dev/src/components/table/table.spec.js,Duplicate Assert,"{'line': 422, 'column': 4, 'index': 11495}","  420 |
  421 |     expect(wrapper.findAll('tbody > tr').length).toBe(1)
> 422 |     expect(wrapper.find('tbody > tr').classes()).toContain('bg-primary')
      |    ^ Duplicate Assert
  423 |
  424 |     wrapper.destroy()
  425 |   })"
/home/gabriel/Disk/Research/research-javascript-test-smells/repositories/bootstrap-vue-dev/src/components/table/table.spec.js,Duplicate Assert,"{'line': 437, 'column': 4, 'index': 11849}","  435 |
  436 |     expect(wrapper).toBeDefined()
> 437 |     expect(wrapper.findAll('tbody > tr').length).toBe(1)
      |    ^ Duplicate Assert
  438 |     expect(wrapper.findAll('tbody > tr > td').length).toBe(1)
  439 |     expect(wrapper.find('tbody > tr > td').classes()).toContain('table-info')
  440 |"
/home/gabriel/Disk/Research/research-javascript-test-smells/repositories/bootstrap-vue-dev/src/components/table/table.spec.js,Duplicate Assert,"{'line': 437, 'column': 4, 'index': 11849}","  435 |
  436 |     expect(wrapper).toBeDefined()
> 437 |     expect(wrapper.findAll('tbody > tr').length).toBe(1)
      |    ^ Duplicate Assert
  438 |     expect(wrapper.findAll('tbody > tr > td').length).toBe(1)
  439 |     expect(wrapper.find('tbody > tr > td').classes()).toContain('table-info')
  440 |"
/home/gabriel/Disk/Research/research-javascript-test-smells/repositories/bootstrap-vue-dev/src/components/table/table.spec.js,Duplicate Assert,"{'line': 438, 'column': 4, 'index': 11906}","  436 |     expect(wrapper).toBeDefined()
  437 |     expect(wrapper.findAll('tbody > tr').length).toBe(1)
> 438 |     expect(wrapper.findAll('tbody > tr > td').length).toBe(1)
      |    ^ Duplicate Assert
  439 |     expect(wrapper.find('tbody > tr > td').classes()).toContain('table-info')
  440 |
  441 |     await wrapper.setProps({"
/home/gabriel/Disk/Research/research-javascript-test-smells/repositories/bootstrap-vue-dev/src/components/table/table.spec.js,Duplicate Assert,"{'line': 438, 'column': 4, 'index': 11906}","  436 |     expect(wrapper).toBeDefined()
  437 |     expect(wrapper.findAll('tbody > tr').length).toBe(1)
> 438 |     expect(wrapper.findAll('tbody > tr > td').length).toBe(1)
      |    ^ Duplicate Assert
  439 |     expect(wrapper.find('tbody > tr > td').classes()).toContain('table-info')
  440 |
  441 |     await wrapper.setProps({"
/home/gabriel/Disk/Research/research-javascript-test-smells/repositories/bootstrap-vue-dev/src/components/table/table.spec.js,Duplicate Assert,"{'line': 439, 'column': 4, 'index': 11968}","  437 |     expect(wrapper.findAll('tbody > tr').length).toBe(1)
  438 |     expect(wrapper.findAll('tbody > tr > td').length).toBe(1)
> 439 |     expect(wrapper.find('tbody > tr > td').classes()).toContain('table-info')
      |    ^ Duplicate Assert
  440 |
  441 |     await wrapper.setProps({
  442 |       dark: true"
/home/gabriel/Disk/Research/research-javascript-test-smells/repositories/bootstrap-vue-dev/src/components/table/table.spec.js,Duplicate Assert,"{'line': 445, 'column': 4, 'index': 12101}","  443 |     })
  444 |
> 445 |     expect(wrapper.findAll('tbody > tr').length).toBe(1)
      |    ^ Duplicate Assert
  446 |     expect(wrapper.findAll('tbody > tr > td').length).toBe(1)
  447 |     expect(wrapper.find('tbody > tr > td').classes()).toContain('bg-info')
  448 |"
/home/gabriel/Disk/Research/research-javascript-test-smells/repositories/bootstrap-vue-dev/src/components/table/table.spec.js,Duplicate Assert,"{'line': 445, 'column': 4, 'index': 12101}","  443 |     })
  444 |
> 445 |     expect(wrapper.findAll('tbody > tr').length).toBe(1)
      |    ^ Duplicate Assert
  446 |     expect(wrapper.findAll('tbody > tr > td').length).toBe(1)
  447 |     expect(wrapper.find('tbody > tr > td').classes()).toContain('bg-info')
  448 |"
/home/gabriel/Disk/Research/research-javascript-test-smells/repositories/bootstrap-vue-dev/src/components/table/table.spec.js,Duplicate Assert,"{'line': 446, 'column': 4, 'index': 12158}","  444 |
  445 |     expect(wrapper.findAll('tbody > tr').length).toBe(1)
> 446 |     expect(wrapper.findAll('tbody > tr > td').length).toBe(1)
      |    ^ Duplicate Assert
  447 |     expect(wrapper.find('tbody > tr > td').classes()).toContain('bg-info')
  448 |
  449 |     wrapper.destroy()"
/home/gabriel/Disk/Research/research-javascript-test-smells/repositories/bootstrap-vue-dev/src/components/table/table.spec.js,Duplicate Assert,"{'line': 446, 'column': 4, 'index': 12158}","  444 |
  445 |     expect(wrapper.findAll('tbody > tr').length).toBe(1)
> 446 |     expect(wrapper.findAll('tbody > tr > td').length).toBe(1)
      |    ^ Duplicate Assert
  447 |     expect(wrapper.find('tbody > tr > td').classes()).toContain('bg-info')
  448 |
  449 |     wrapper.destroy()"
/home/gabriel/Disk/Research/research-javascript-test-smells/repositories/bootstrap-vue-dev/src/components/table/table.spec.js,Duplicate Assert,"{'line': 447, 'column': 4, 'index': 12220}","  445 |     expect(wrapper.findAll('tbody > tr').length).toBe(1)
  446 |     expect(wrapper.findAll('tbody > tr > td').length).toBe(1)
> 447 |     expect(wrapper.find('tbody > tr > td').classes()).toContain('bg-info')
      |    ^ Duplicate Assert
  448 |
  449 |     wrapper.destroy()
  450 |   })"
/home/gabriel/Disk/Research/research-javascript-test-smells/repositories/bootstrap-vue-dev/src/components/table/table.spec.js,Duplicate Assert,"{'line': 463, 'column': 4, 'index': 12616}","  461 |     expect(wrapper).toBeDefined()
  462 |
> 463 |     expect(wrapper.findAll('tbody > tr').length).toBe(2)
      |    ^ Duplicate Assert
  464 |     await wrapper.setProps({
  465 |       items: items2
  466 |     })"
/home/gabriel/Disk/Research/research-javascript-test-smells/repositories/bootstrap-vue-dev/src/components/table/table.spec.js,Duplicate Assert,"{'line': 467, 'column': 4, 'index': 12729}","  465 |       items: items2
  466 |     })
> 467 |     expect(wrapper.findAll('tbody > tr').length).toBe(1)
      |    ^ Duplicate Assert
  468 |
  469 |     wrapper.destroy()
  470 |   })"
/home/gabriel/Disk/Research/research-javascript-test-smells/repositories/bootstrap-vue-dev/src/components/table/table.spec.js,Duplicate Assert,"{'line': 484, 'column': 4, 'index': 13096}","  482 |
  483 |     // Prop as a string
> 484 |     expect(wrapper.findAll('tbody > tr').length).toBe(2)
      |    ^ Duplicate Assert
  485 |     let $trs = wrapper.findAll('tbody > tr')
  486 |     expect($trs.at(0).classes()).toContain('foobar')
  487 |     expect($trs.at(1).classes()).toContain('foobar')"
/home/gabriel/Disk/Research/research-javascript-test-smells/repositories/bootstrap-vue-dev/src/components/table/table.spec.js,Duplicate Assert,"{'line': 484, 'column': 4, 'index': 13096}","  482 |
  483 |     // Prop as a string
> 484 |     expect(wrapper.findAll('tbody > tr').length).toBe(2)
      |    ^ Duplicate Assert
  485 |     let $trs = wrapper.findAll('tbody > tr')
  486 |     expect($trs.at(0).classes()).toContain('foobar')
  487 |     expect($trs.at(1).classes()).toContain('foobar')"
/home/gabriel/Disk/Research/research-javascript-test-smells/repositories/bootstrap-vue-dev/src/components/table/table.spec.js,Duplicate Assert,"{'line': 486, 'column': 4, 'index': 13198}","  484 |     expect(wrapper.findAll('tbody > tr').length).toBe(2)
  485 |     let $trs = wrapper.findAll('tbody > tr')
> 486 |     expect($trs.at(0).classes()).toContain('foobar')
      |    ^ Duplicate Assert
  487 |     expect($trs.at(1).classes()).toContain('foobar')
  488 |
  489 |     // As a function"
/home/gabriel/Disk/Research/research-javascript-test-smells/repositories/bootstrap-vue-dev/src/components/table/table.spec.js,Duplicate Assert,"{'line': 487, 'column': 4, 'index': 13251}","  485 |     let $trs = wrapper.findAll('tbody > tr')
  486 |     expect($trs.at(0).classes()).toContain('foobar')
> 487 |     expect($trs.at(1).classes()).toContain('foobar')
      |    ^ Duplicate Assert
  488 |
  489 |     // As a function
  490 |     await wrapper.setProps({"
/home/gabriel/Disk/Research/research-javascript-test-smells/repositories/bootstrap-vue-dev/src/components/table/table.spec.js,Duplicate Assert,"{'line': 496, 'column': 4, 'index': 13445}","  494 |     })
  495 |
> 496 |     expect(wrapper.findAll('tbody > tr').length).toBe(2)
      |    ^ Duplicate Assert
  497 |     $trs = wrapper.findAll('tbody > tr')
  498 |     expect($trs.at(0).classes()).toContain('foo')
  499 |     expect($trs.at(0).classes()).not.toContain('bar')"
/home/gabriel/Disk/Research/research-javascript-test-smells/repositories/bootstrap-vue-dev/src/components/table/table.spec.js,Duplicate Assert,"{'line': 496, 'column': 4, 'index': 13445}","  494 |     })
  495 |
> 496 |     expect(wrapper.findAll('tbody > tr').length).toBe(2)
      |    ^ Duplicate Assert
  497 |     $trs = wrapper.findAll('tbody > tr')
  498 |     expect($trs.at(0).classes()).toContain('foo')
  499 |     expect($trs.at(0).classes()).not.toContain('bar')"
/home/gabriel/Disk/Research/research-javascript-test-smells/repositories/bootstrap-vue-dev/src/components/table/table.spec.js,Duplicate Assert,"{'line': 498, 'column': 4, 'index': 13543}","  496 |     expect(wrapper.findAll('tbody > tr').length).toBe(2)
  497 |     $trs = wrapper.findAll('tbody > tr')
> 498 |     expect($trs.at(0).classes()).toContain('foo')
      |    ^ Duplicate Assert
  499 |     expect($trs.at(0).classes()).not.toContain('bar')
  500 |     expect($trs.at(1).classes()).toContain('bar')
  501 |     expect($trs.at(1).classes()).not.toContain('foo')"
/home/gabriel/Disk/Research/research-javascript-test-smells/repositories/bootstrap-vue-dev/src/components/table/table.spec.js,Duplicate Assert,"{'line': 499, 'column': 4, 'index': 13593}","  497 |     $trs = wrapper.findAll('tbody > tr')
  498 |     expect($trs.at(0).classes()).toContain('foo')
> 499 |     expect($trs.at(0).classes()).not.toContain('bar')
      |    ^ Duplicate Assert
  500 |     expect($trs.at(1).classes()).toContain('bar')
  501 |     expect($trs.at(1).classes()).not.toContain('foo')
  502 |"
/home/gabriel/Disk/Research/research-javascript-test-smells/repositories/bootstrap-vue-dev/src/components/table/table.spec.js,Duplicate Assert,"{'line': 500, 'column': 4, 'index': 13647}","  498 |     expect($trs.at(0).classes()).toContain('foo')
  499 |     expect($trs.at(0).classes()).not.toContain('bar')
> 500 |     expect($trs.at(1).classes()).toContain('bar')
      |    ^ Duplicate Assert
  501 |     expect($trs.at(1).classes()).not.toContain('foo')
  502 |
  503 |     wrapper.destroy()"
/home/gabriel/Disk/Research/research-javascript-test-smells/repositories/bootstrap-vue-dev/src/components/table/table.spec.js,Duplicate Assert,"{'line': 501, 'column': 4, 'index': 13697}","  499 |     expect($trs.at(0).classes()).not.toContain('bar')
  500 |     expect($trs.at(1).classes()).toContain('bar')
> 501 |     expect($trs.at(1).classes()).not.toContain('foo')
      |    ^ Duplicate Assert
  502 |
  503 |     wrapper.destroy()
  504 |   })"
/home/gabriel/Disk/Research/research-javascript-test-smells/repositories/bootstrap-vue-dev/src/components/table/table.spec.js,Duplicate Assert,"{'line': 526, 'column': 4, 'index': 14331}","  524 |     })
  525 |
> 526 |     expect(wrapper.find('thead').classes()).toContain('thead-light')
      |    ^ Duplicate Assert
  527 |     expect(wrapper.find('tfoot').classes()).toContain('thead-light')
  528 |
  529 |     await wrapper.setProps({"
/home/gabriel/Disk/Research/research-javascript-test-smells/repositories/bootstrap-vue-dev/src/components/table/table.spec.js,Duplicate Assert,"{'line': 526, 'column': 4, 'index': 14331}","  524 |     })
  525 |
> 526 |     expect(wrapper.find('thead').classes()).toContain('thead-light')
      |    ^ Duplicate Assert
  527 |     expect(wrapper.find('tfoot').classes()).toContain('thead-light')
  528 |
  529 |     await wrapper.setProps({"
/home/gabriel/Disk/Research/research-javascript-test-smells/repositories/bootstrap-vue-dev/src/components/table/table.spec.js,Duplicate Assert,"{'line': 527, 'column': 4, 'index': 14400}","  525 |
  526 |     expect(wrapper.find('thead').classes()).toContain('thead-light')
> 527 |     expect(wrapper.find('tfoot').classes()).toContain('thead-light')
      |    ^ Duplicate Assert
  528 |
  529 |     await wrapper.setProps({
  530 |       footVariant: 'dark'"
/home/gabriel/Disk/Research/research-javascript-test-smells/repositories/bootstrap-vue-dev/src/components/table/table.spec.js,Duplicate Assert,"{'line': 533, 'column': 4, 'index': 14533}","  531 |     })
  532 |
> 533 |     expect(wrapper.find('thead').classes()).toContain('thead-light')
      |    ^ Duplicate Assert
  534 |     expect(wrapper.find('tfoot').classes()).toContain('thead-dark')
  535 |
  536 |     await wrapper.setProps({"
/home/gabriel/Disk/Research/research-javascript-test-smells/repositories/bootstrap-vue-dev/src/components/table/table.spec.js,Duplicate Assert,"{'line': 533, 'column': 4, 'index': 14533}","  531 |     })
  532 |
> 533 |     expect(wrapper.find('thead').classes()).toContain('thead-light')
      |    ^ Duplicate Assert
  534 |     expect(wrapper.find('tfoot').classes()).toContain('thead-dark')
  535 |
  536 |     await wrapper.setProps({"
/home/gabriel/Disk/Research/research-javascript-test-smells/repositories/bootstrap-vue-dev/src/components/table/table.spec.js,Duplicate Assert,"{'line': 534, 'column': 4, 'index': 14602}","  532 |
  533 |     expect(wrapper.find('thead').classes()).toContain('thead-light')
> 534 |     expect(wrapper.find('tfoot').classes()).toContain('thead-dark')
      |    ^ Duplicate Assert
  535 |
  536 |     await wrapper.setProps({
  537 |       theadClass: 'foo',"
/home/gabriel/Disk/Research/research-javascript-test-smells/repositories/bootstrap-vue-dev/src/components/table/table.spec.js,Duplicate Assert,"{'line': 534, 'column': 4, 'index': 14602}","  532 |
  533 |     expect(wrapper.find('thead').classes()).toContain('thead-light')
> 534 |     expect(wrapper.find('tfoot').classes()).toContain('thead-dark')
      |    ^ Duplicate Assert
  535 |
  536 |     await wrapper.setProps({
  537 |       theadClass: 'foo',"
/home/gabriel/Disk/Research/research-javascript-test-smells/repositories/bootstrap-vue-dev/src/components/table/table.spec.js,Duplicate Assert,"{'line': 541, 'column': 4, 'index': 14757}","  539 |     })
  540 |
> 541 |     expect(wrapper.find('thead').classes()).toContain('thead-light')
      |    ^ Duplicate Assert
  542 |     expect(wrapper.find('thead').classes()).toContain('foo')
  543 |     expect(wrapper.find('tfoot').classes()).toContain('thead-dark')
  544 |     expect(wrapper.find('tfoot').classes()).toContain('bar')"
/home/gabriel/Disk/Research/research-javascript-test-smells/repositories/bootstrap-vue-dev/src/components/table/table.spec.js,Duplicate Assert,"{'line': 541, 'column': 4, 'index': 14757}","  539 |     })
  540 |
> 541 |     expect(wrapper.find('thead').classes()).toContain('thead-light')
      |    ^ Duplicate Assert
  542 |     expect(wrapper.find('thead').classes()).toContain('foo')
  543 |     expect(wrapper.find('tfoot').classes()).toContain('thead-dark')
  544 |     expect(wrapper.find('tfoot').classes()).toContain('bar')"
/home/gabriel/Disk/Research/research-javascript-test-smells/repositories/bootstrap-vue-dev/src/components/table/table.spec.js,Duplicate Assert,"{'line': 542, 'column': 4, 'index': 14826}","  540 |
  541 |     expect(wrapper.find('thead').classes()).toContain('thead-light')
> 542 |     expect(wrapper.find('thead').classes()).toContain('foo')
      |    ^ Duplicate Assert
  543 |     expect(wrapper.find('tfoot').classes()).toContain('thead-dark')
  544 |     expect(wrapper.find('tfoot').classes()).toContain('bar')
  545 |"
/home/gabriel/Disk/Research/research-javascript-test-smells/repositories/bootstrap-vue-dev/src/components/table/table.spec.js,Duplicate Assert,"{'line': 543, 'column': 4, 'index': 14887}","  541 |     expect(wrapper.find('thead').classes()).toContain('thead-light')
  542 |     expect(wrapper.find('thead').classes()).toContain('foo')
> 543 |     expect(wrapper.find('tfoot').classes()).toContain('thead-dark')
      |    ^ Duplicate Assert
  544 |     expect(wrapper.find('tfoot').classes()).toContain('bar')
  545 |
  546 |     await wrapper.setProps({"
/home/gabriel/Disk/Research/research-javascript-test-smells/repositories/bootstrap-vue-dev/src/components/table/table.spec.js,Duplicate Assert,"{'line': 543, 'column': 4, 'index': 14887}","  541 |     expect(wrapper.find('thead').classes()).toContain('thead-light')
  542 |     expect(wrapper.find('thead').classes()).toContain('foo')
> 543 |     expect(wrapper.find('tfoot').classes()).toContain('thead-dark')
      |    ^ Duplicate Assert
  544 |     expect(wrapper.find('tfoot').classes()).toContain('bar')
  545 |
  546 |     await wrapper.setProps({"
/home/gabriel/Disk/Research/research-javascript-test-smells/repositories/bootstrap-vue-dev/src/components/table/table.spec.js,Duplicate Assert,"{'line': 544, 'column': 4, 'index': 14955}","  542 |     expect(wrapper.find('thead').classes()).toContain('foo')
  543 |     expect(wrapper.find('tfoot').classes()).toContain('thead-dark')
> 544 |     expect(wrapper.find('tfoot').classes()).toContain('bar')
      |    ^ Duplicate Assert
  545 |
  546 |     await wrapper.setProps({
  547 |       theadTrClass: 'willy',"
/home/gabriel/Disk/Research/research-javascript-test-smells/repositories/bootstrap-vue-dev/src/components/table/table.spec.js,Magic Number,"{'line': 21, 'column': 42, 'index': 643}","  19 |     expect(wrapper.classes()).toContain('table')
  20 |     expect(wrapper.classes()).toContain('b-table')
> 21 |     expect(wrapper.classes().length).toBe(2)
     |                                          ^ Magic Number
  22 |
  23 |     wrapper.destroy()
  24 |   })"
/home/gabriel/Disk/Research/research-javascript-test-smells/repositories/bootstrap-vue-dev/src/components/table/table.spec.js,Magic Number,"{'line': 40, 'column': 42, 'index': 1165}","  38 |     expect(wrapper.classes()).toContain('table')
  39 |     expect(wrapper.classes()).toContain('b-table')
> 40 |     expect(wrapper.classes().length).toBe(3)
     |                                          ^ Magic Number
  41 |
  42 |     wrapper.destroy()
  43 |   })"
/home/gabriel/Disk/Research/research-javascript-test-smells/repositories/bootstrap-vue-dev/src/components/table/table.spec.js,Magic Number,"{'line': 59, 'column': 42, 'index': 1691}","  57 |     expect(wrapper.classes()).toContain('table')
  58 |     expect(wrapper.classes()).toContain('b-table')
> 59 |     expect(wrapper.classes().length).toBe(3)
     |                                          ^ Magic Number
  60 |
  61 |     wrapper.destroy()
  62 |   })"
/home/gabriel/Disk/Research/research-javascript-test-smells/repositories/bootstrap-vue-dev/src/components/table/table.spec.js,Magic Number,"{'line': 78, 'column': 42, 'index': 2225}","  76 |     expect(wrapper.classes()).toContain('table')
  77 |     expect(wrapper.classes()).toContain('b-table')
> 78 |     expect(wrapper.classes().length).toBe(3)
     |                                          ^ Magic Number
  79 |
  80 |     wrapper.destroy()
  81 |   })"
/home/gabriel/Disk/Research/research-javascript-test-smells/repositories/bootstrap-vue-dev/src/components/table/table.spec.js,Magic Number,"{'line': 97, 'column': 42, 'index': 2739}","   95 |     expect(wrapper.classes()).toContain('table')
   96 |     expect(wrapper.classes()).toContain('b-table')
>  97 |     expect(wrapper.classes().length).toBe(3)
      |                                          ^ Magic Number
   98 |
   99 |     wrapper.destroy()
  100 |   })"
/home/gabriel/Disk/Research/research-javascript-test-smells/repositories/bootstrap-vue-dev/src/components/table/table.spec.js,Magic Number,"{'line': 116, 'column': 42, 'index': 3247}","  114 |     expect(wrapper.classes()).toContain('table')
  115 |     expect(wrapper.classes()).toContain('b-table')
> 116 |     expect(wrapper.classes().length).toBe(3)
      |                                          ^ Magic Number
  117 |
  118 |     wrapper.destroy()
  119 |   })"
/home/gabriel/Disk/Research/research-javascript-test-smells/repositories/bootstrap-vue-dev/src/components/table/table.spec.js,Magic Number,"{'line': 135, 'column': 42, 'index': 3757}","  133 |     expect(wrapper.classes()).toContain('table')
  134 |     expect(wrapper.classes()).toContain('b-table')
> 135 |     expect(wrapper.classes().length).toBe(3)
      |                                          ^ Magic Number
  136 |
  137 |     wrapper.destroy()
  138 |   })"
/home/gabriel/Disk/Research/research-javascript-test-smells/repositories/bootstrap-vue-dev/src/components/table/table.spec.js,Magic Number,"{'line': 154, 'column': 42, 'index': 4267}","  152 |     expect(wrapper.classes()).toContain('table')
  153 |     expect(wrapper.classes()).toContain('b-table')
> 154 |     expect(wrapper.classes().length).toBe(3)
      |                                          ^ Magic Number
  155 |
  156 |     wrapper.destroy()
  157 |   })"
/home/gabriel/Disk/Research/research-javascript-test-smells/repositories/bootstrap-vue-dev/src/components/table/table.spec.js,Magic Number,"{'line': 173, 'column': 42, 'index': 4785}","  171 |     expect(wrapper.classes()).toContain('table')
  172 |     expect(wrapper.classes()).toContain('b-table')
> 173 |     expect(wrapper.classes().length).toBe(3)
      |                                          ^ Magic Number
  174 |
  175 |     wrapper.destroy()
  176 |   })"
/home/gabriel/Disk/Research/research-javascript-test-smells/repositories/bootstrap-vue-dev/src/components/table/table.spec.js,Magic Number,"{'line': 192, 'column': 42, 'index': 5353}","  190 |     expect(wrapper.classes()).toContain('table')
  191 |     expect(wrapper.classes()).toContain('b-table')
> 192 |     expect(wrapper.classes().length).toBe(3)
      |                                          ^ Magic Number
  193 |
  194 |     wrapper.destroy()
  195 |   })"
/home/gabriel/Disk/Research/research-javascript-test-smells/repositories/bootstrap-vue-dev/src/components/table/table.spec.js,Magic Number,"{'line': 211, 'column': 42, 'index': 5879}","  209 |     expect(wrapper.classes()).toContain('table')
  210 |     expect(wrapper.classes()).toContain('b-table')
> 211 |     expect(wrapper.classes().length).toBe(3)
      |                                          ^ Magic Number
  212 |
  213 |     wrapper.destroy()
  214 |   })"
/home/gabriel/Disk/Research/research-javascript-test-smells/repositories/bootstrap-vue-dev/src/components/table/table.spec.js,Magic Number,"{'line': 230, 'column': 42, 'index': 6409}","  228 |     expect(wrapper.classes()).toContain('table')
  229 |     expect(wrapper.classes()).toContain('b-table')
> 230 |     expect(wrapper.classes().length).toBe(3)
      |                                          ^ Magic Number
  231 |
  232 |     wrapper.destroy()
  233 |   })"
/home/gabriel/Disk/Research/research-javascript-test-smells/repositories/bootstrap-vue-dev/src/components/table/table.spec.js,Magic Number,"{'line': 247, 'column': 42, 'index': 6856}","  245 |     expect(wrapper.element.tagName).toBe('DIV')
  246 |     expect(wrapper.classes()).toContain('b-table-sticky-header')
> 247 |     expect(wrapper.classes().length).toBe(1)
      |                                          ^ Magic Number
  248 |     expect(wrapper.find('table').classes()).toContain('table')
  249 |     expect(wrapper.find('table').classes()).toContain('b-table')
  250 |     expect(wrapper.find('table').classes().length).toBe(2)"
/home/gabriel/Disk/Research/research-javascript-test-smells/repositories/bootstrap-vue-dev/src/components/table/table.spec.js,Magic Number,"{'line': 250, 'column': 56, 'index': 7043}","  248 |     expect(wrapper.find('table').classes()).toContain('table')
  249 |     expect(wrapper.find('table').classes()).toContain('b-table')
> 250 |     expect(wrapper.find('table').classes().length).toBe(2)
      |                                                        ^ Magic Number
  251 |
  252 |     wrapper.destroy()
  253 |   })"
/home/gabriel/Disk/Research/research-javascript-test-smells/repositories/bootstrap-vue-dev/src/components/table/table.spec.js,Magic Number,"{'line': 267, 'column': 42, 'index': 7494}","  265 |     expect(wrapper.element.tagName).toBe('DIV')
  266 |     expect(wrapper.classes()).toContain('b-table-sticky-header')
> 267 |     expect(wrapper.classes().length).toBe(1)
      |                                          ^ Magic Number
  268 |     expect(wrapper.attributes('style')).toBeDefined()
  269 |     expect(wrapper.attributes('style')).toContain(`max-height: 100px;`)
  270 |     expect(wrapper.find('table').classes()).toContain('table')"
/home/gabriel/Disk/Research/research-javascript-test-smells/repositories/bootstrap-vue-dev/src/components/table/table.spec.js,Magic Number,"{'line': 272, 'column': 56, 'index': 7807}","  270 |     expect(wrapper.find('table').classes()).toContain('table')
  271 |     expect(wrapper.find('table').classes()).toContain('b-table')
> 272 |     expect(wrapper.find('table').classes().length).toBe(2)
      |                                                        ^ Magic Number
  273 |
  274 |     wrapper.destroy()
  275 |   })"
/home/gabriel/Disk/Research/research-javascript-test-smells/repositories/bootstrap-vue-dev/src/components/table/table.spec.js,Magic Number,"{'line': 289, 'column': 42, 'index': 8239}","  287 |     expect(wrapper.element.tagName).toBe('DIV')
  288 |     expect(wrapper.classes()).toContain('table-responsive')
> 289 |     expect(wrapper.classes().length).toBe(1)
      |                                          ^ Magic Number
  290 |
  291 |     const $table = wrapper.find('table')
  292 |     expect($table.exists()).toBe(true)"
/home/gabriel/Disk/Research/research-javascript-test-smells/repositories/bootstrap-vue-dev/src/components/table/table.spec.js,Magic Number,"{'line': 295, 'column': 41, 'index': 8462}","  293 |     expect($table.classes()).toContain('table')
  294 |     expect($table.classes()).toContain('b-table')
> 295 |     expect($table.classes().length).toBe(2)
      |                                         ^ Magic Number
  296 |
  297 |     wrapper.destroy()
  298 |   })"
/home/gabriel/Disk/Research/research-javascript-test-smells/repositories/bootstrap-vue-dev/src/components/table/table.spec.js,Magic Number,"{'line': 312, 'column': 42, 'index': 8898}","  310 |     expect(wrapper.element.tagName).toBe('DIV')
  311 |     expect(wrapper.classes()).toContain('table-responsive-md')
> 312 |     expect(wrapper.classes().length).toBe(1)
      |                                          ^ Magic Number
  313 |
  314 |     const $table = wrapper.find('table')
  315 |     expect($table.exists()).toBe(true)"
/home/gabriel/Disk/Research/research-javascript-test-smells/repositories/bootstrap-vue-dev/src/components/table/table.spec.js,Magic Number,"{'line': 318, 'column': 41, 'index': 9121}","  316 |     expect($table.classes()).toContain('table')
  317 |     expect($table.classes()).toContain('b-table')
> 318 |     expect($table.classes().length).toBe(2)
      |                                         ^ Magic Number
  319 |
  320 |     wrapper.destroy()
  321 |   })"
/home/gabriel/Disk/Research/research-javascript-test-smells/repositories/bootstrap-vue-dev/src/components/table/table.spec.js,Magic Number,"{'line': 336, 'column': 42, 'index': 9563}","  334 |     expect(wrapper.element.tagName).toBe('DIV')
  335 |     expect(wrapper.classes()).toContain('table-responsive')
> 336 |     expect(wrapper.classes().length).toBe(1)
      |                                          ^ Magic Number
  337 |
  338 |     const $table = wrapper.find('table')
  339 |     expect($table.exists()).toBe(true)"
/home/gabriel/Disk/Research/research-javascript-test-smells/repositories/bootstrap-vue-dev/src/components/table/table.spec.js,Magic Number,"{'line': 343, 'column': 41, 'index': 9844}","  341 |     expect($table.classes()).toContain('b-table')
  342 |     expect($table.classes()).toContain('b-table-stacked')
> 343 |     expect($table.classes().length).toBe(3)
      |                                         ^ Magic Number
  344 |
  345 |     wrapper.destroy()
  346 |   })"
/home/gabriel/Disk/Research/research-javascript-test-smells/repositories/bootstrap-vue-dev/src/components/table/table.spec.js,Magic Number,"{'line': 358, 'column': 54, 'index': 10181}","  356 |
  357 |     expect(wrapper).toBeDefined()
> 358 |     expect(wrapper.findAll('tbody > tr').length).toBe(2)
      |                                                      ^ Magic Number
  359 |     const $trs = wrapper.findAll('tbody > tr').wrappers
  360 |
  361 |     // Labels will have run through startCase"
/home/gabriel/Disk/Research/research-javascript-test-smells/repositories/bootstrap-vue-dev/src/components/table/table.spec.js,Magic Number,"{'line': 414, 'column': 54, 'index': 11300}","  412 |
  413 |     expect(wrapper).toBeDefined()
> 414 |     expect(wrapper.findAll('tbody > tr').length).toBe(1)
      |                                                      ^ Magic Number
  415 |     expect(wrapper.find('tbody > tr').classes()).toContain('table-primary')
  416 |
  417 |     await wrapper.setProps({"
/home/gabriel/Disk/Research/research-javascript-test-smells/repositories/bootstrap-vue-dev/src/components/table/table.spec.js,Magic Number,"{'line': 421, 'column': 54, 'index': 11488}","  419 |     })
  420 |
> 421 |     expect(wrapper.findAll('tbody > tr').length).toBe(1)
      |                                                      ^ Magic Number
  422 |     expect(wrapper.find('tbody > tr').classes()).toContain('bg-primary')
  423 |
  424 |     wrapper.destroy()"
/home/gabriel/Disk/Research/research-javascript-test-smells/repositories/bootstrap-vue-dev/src/components/table/table.spec.js,Magic Number,"{'line': 437, 'column': 54, 'index': 11899}","  435 |
  436 |     expect(wrapper).toBeDefined()
> 437 |     expect(wrapper.findAll('tbody > tr').length).toBe(1)
      |                                                      ^ Magic Number
  438 |     expect(wrapper.findAll('tbody > tr > td').length).toBe(1)
  439 |     expect(wrapper.find('tbody > tr > td').classes()).toContain('table-info')
  440 |"
/home/gabriel/Disk/Research/research-javascript-test-smells/repositories/bootstrap-vue-dev/src/components/table/table.spec.js,Magic Number,"{'line': 438, 'column': 59, 'index': 11961}","  436 |     expect(wrapper).toBeDefined()
  437 |     expect(wrapper.findAll('tbody > tr').length).toBe(1)
> 438 |     expect(wrapper.findAll('tbody > tr > td').length).toBe(1)
      |                                                           ^ Magic Number
  439 |     expect(wrapper.find('tbody > tr > td').classes()).toContain('table-info')
  440 |
  441 |     await wrapper.setProps({"
/home/gabriel/Disk/Research/research-javascript-test-smells/repositories/bootstrap-vue-dev/src/components/table/table.spec.js,Magic Number,"{'line': 445, 'column': 54, 'index': 12151}","  443 |     })
  444 |
> 445 |     expect(wrapper.findAll('tbody > tr').length).toBe(1)
      |                                                      ^ Magic Number
  446 |     expect(wrapper.findAll('tbody > tr > td').length).toBe(1)
  447 |     expect(wrapper.find('tbody > tr > td').classes()).toContain('bg-info')
  448 |"
/home/gabriel/Disk/Research/research-javascript-test-smells/repositories/bootstrap-vue-dev/src/components/table/table.spec.js,Magic Number,"{'line': 446, 'column': 59, 'index': 12213}","  444 |
  445 |     expect(wrapper.findAll('tbody > tr').length).toBe(1)
> 446 |     expect(wrapper.findAll('tbody > tr > td').length).toBe(1)
      |                                                           ^ Magic Number
  447 |     expect(wrapper.find('tbody > tr > td').classes()).toContain('bg-info')
  448 |
  449 |     wrapper.destroy()"
/home/gabriel/Disk/Research/research-javascript-test-smells/repositories/bootstrap-vue-dev/src/components/table/table.spec.js,Magic Number,"{'line': 463, 'column': 54, 'index': 12666}","  461 |     expect(wrapper).toBeDefined()
  462 |
> 463 |     expect(wrapper.findAll('tbody > tr').length).toBe(2)
      |                                                      ^ Magic Number
  464 |     await wrapper.setProps({
  465 |       items: items2
  466 |     })"
/home/gabriel/Disk/Research/research-javascript-test-smells/repositories/bootstrap-vue-dev/src/components/table/table.spec.js,Magic Number,"{'line': 467, 'column': 54, 'index': 12779}","  465 |       items: items2
  466 |     })
> 467 |     expect(wrapper.findAll('tbody > tr').length).toBe(1)
      |                                                      ^ Magic Number
  468 |
  469 |     wrapper.destroy()
  470 |   })"
/home/gabriel/Disk/Research/research-javascript-test-smells/repositories/bootstrap-vue-dev/src/components/table/table.spec.js,Magic Number,"{'line': 484, 'column': 54, 'index': 13146}","  482 |
  483 |     // Prop as a string
> 484 |     expect(wrapper.findAll('tbody > tr').length).toBe(2)
      |                                                      ^ Magic Number
  485 |     let $trs = wrapper.findAll('tbody > tr')
  486 |     expect($trs.at(0).classes()).toContain('foobar')
  487 |     expect($trs.at(1).classes()).toContain('foobar')"
/home/gabriel/Disk/Research/research-javascript-test-smells/repositories/bootstrap-vue-dev/src/components/table/table.spec.js,Magic Number,"{'line': 496, 'column': 54, 'index': 13495}","  494 |     })
  495 |
> 496 |     expect(wrapper.findAll('tbody > tr').length).toBe(2)
      |                                                      ^ Magic Number
  497 |     $trs = wrapper.findAll('tbody > tr')
  498 |     expect($trs.at(0).classes()).toContain('foo')
  499 |     expect($trs.at(0).classes()).not.toContain('bar')"
/home/gabriel/Disk/Research/research-javascript-test-smells/repositories/bootstrap-vue-dev/src/components/table/table.spec.js,Magic Number,"{'line': 516, 'column': 54, 'index': 14083}","  514 |
  515 |     expect(wrapper).toBeDefined()
> 516 |     expect(wrapper.findAll('thead > tr').length).toBe(1)
      |                                                      ^ Magic Number
  517 |     expect(wrapper.findAll('tfoot > tr').length).toBe(1)
  518 |
  519 |     expect(wrapper.find('thead').classes().length).toBe(0)"
/home/gabriel/Disk/Research/research-javascript-test-smells/repositories/bootstrap-vue-dev/src/components/table/table.spec.js,Magic Number,"{'line': 517, 'column': 54, 'index': 14140}","  515 |     expect(wrapper).toBeDefined()
  516 |     expect(wrapper.findAll('thead > tr').length).toBe(1)
> 517 |     expect(wrapper.findAll('tfoot > tr').length).toBe(1)
      |                                                      ^ Magic Number
  518 |
  519 |     expect(wrapper.find('thead').classes().length).toBe(0)
  520 |     expect(wrapper.find('tfoot').classes().length).toBe(0)"
/home/gabriel/Disk/Research/research-javascript-test-smells/repositories/bootstrap-vue-dev/src/components/table/table.spec.js,Magic Number,"{'line': 519, 'column': 56, 'index': 14200}","  517 |     expect(wrapper.findAll('tfoot > tr').length).toBe(1)
  518 |
> 519 |     expect(wrapper.find('thead').classes().length).toBe(0)
      |                                                        ^ Magic Number
  520 |     expect(wrapper.find('tfoot').classes().length).toBe(0)
  521 |
  522 |     await wrapper.setProps({"
/home/gabriel/Disk/Research/research-javascript-test-smells/repositories/bootstrap-vue-dev/src/components/table/table.spec.js,Magic Number,"{'line': 520, 'column': 56, 'index': 14259}","  518 |
  519 |     expect(wrapper.find('thead').classes().length).toBe(0)
> 520 |     expect(wrapper.find('tfoot').classes().length).toBe(0)
      |                                                        ^ Magic Number
  521 |
  522 |     await wrapper.setProps({
  523 |       headVariant: 'light'"
/home/gabriel/Disk/Research/research-javascript-test-smells/repositories/bootstrap-vue-dev/src/components/table/table.spec.js,Magic Number,"{'line': 566, 'column': 54, 'index': 15570}","  564 |
  565 |     expect(wrapper).toBeDefined()
> 566 |     expect(wrapper.findAll('tbody > tr').length).toBe(1)
      |                                                      ^ Magic Number
  567 |     expect(wrapper.findAll('tbody > tr > *').length).toBe(2)
  568 |
  569 |     expect(wrapper.findAll('tbody > tr > *').at(0).element.tagName).toBe('TH')"
/home/gabriel/Disk/Research/research-javascript-test-smells/repositories/bootstrap-vue-dev/src/components/table/table.spec.js,Magic Number,"{'line': 567, 'column': 58, 'index': 15631}","  565 |     expect(wrapper).toBeDefined()
  566 |     expect(wrapper.findAll('tbody > tr').length).toBe(1)
> 567 |     expect(wrapper.findAll('tbody > tr > *').length).toBe(2)
      |                                                          ^ Magic Number
  568 |
  569 |     expect(wrapper.findAll('tbody > tr > *').at(0).element.tagName).toBe('TH')
  570 |     expect("
/home/gabriel/Disk/Research/research-javascript-test-smells/repositories/bootstrap-vue-dev/src/components/table/table.spec.js,Magic Number,"{'line': 620, 'column': 54, 'index': 16902}","  618 |
  619 |     expect(wrapper).toBeDefined()
> 620 |     expect(wrapper.findAll('tbody > tr').length).toBe(1)
      |                                                      ^ Magic Number
  621 |     expect(wrapper.findAll('tbody > tr > td').length).toBe(3)
  622 |
  623 |     const $tds = wrapper.findAll('tbody > tr > td')"
/home/gabriel/Disk/Research/research-javascript-test-smells/repositories/bootstrap-vue-dev/src/components/table/table.spec.js,Magic Number,"{'line': 621, 'column': 59, 'index': 16964}","  619 |     expect(wrapper).toBeDefined()
  620 |     expect(wrapper.findAll('tbody > tr').length).toBe(1)
> 621 |     expect(wrapper.findAll('tbody > tr > td').length).toBe(3)
      |                                                           ^ Magic Number
  622 |
  623 |     const $tds = wrapper.findAll('tbody > tr > td')
  624 |"
/home/gabriel/Disk/Research/research-javascript-test-smells/repositories/bootstrap-vue-dev/src/components/table/table.spec.js,Magic Number,"{'line': 627, 'column': 45, 'index': 17189}","  625 |     expect($tds.at(0).attributes('data-foo')).toBe('bar')
  626 |     expect($tds.at(0).attributes('data-parent')).toBeUndefined()
> 627 |     expect($tds.at(0).classes().length).toBe(0)
      |                                             ^ Magic Number
  628 |
  629 |     expect($tds.at(1).classes()).toContain('baz')
  630 |     expect($tds.at(1).attributes('data-foo')).toBeUndefined()"
/home/gabriel/Disk/Research/research-javascript-test-smells/repositories/bootstrap-vue-dev/src/components/table/table.spec.js,Magic Number,"{'line': 635, 'column': 45, 'index': 17542}","  633 |     expect($tds.at(2).attributes('data-parent')).toBe('parent')
  634 |     expect($tds.at(2).attributes('data-foo')).toBeUndefined()
> 635 |     expect($tds.at(2).classes().length).toBe(0)
      |                                             ^ Magic Number
  636 |
  637 |     wrapper.destroy()
  638 |   })"
/home/gabriel/Disk/Research/research-javascript-test-smells/repositories/bootstrap-vue-dev/src/components/table/table.spec.js,Magic Number,"{'line': 665, 'column': 54, 'index': 18278}","  663 |
  664 |     expect(wrapper).toBeDefined()
> 665 |     expect(wrapper.findAll('thead > tr').length).toBe(1)
      |                                                      ^ Magic Number
  666 |     expect(wrapper.findAll('thead > tr > th').length).toBe(3)
  667 |     expect(wrapper.findAll('tbody > tr').length).toBe(1)
  668 |     expect(wrapper.findAll('tbody > tr > td').length).toBe(2)"
/home/gabriel/Disk/Research/research-javascript-test-smells/repositories/bootstrap-vue-dev/src/components/table/table.spec.js,Magic Number,"{'line': 666, 'column': 59, 'index': 18340}","  664 |     expect(wrapper).toBeDefined()
  665 |     expect(wrapper.findAll('thead > tr').length).toBe(1)
> 666 |     expect(wrapper.findAll('thead > tr > th').length).toBe(3)
      |                                                           ^ Magic Number
  667 |     expect(wrapper.findAll('tbody > tr').length).toBe(1)
  668 |     expect(wrapper.findAll('tbody > tr > td').length).toBe(2)
  669 |     expect(wrapper.findAll('tbody > tr > th').length).toBe(1)"
/home/gabriel/Disk/Research/research-javascript-test-smells/repositories/bootstrap-vue-dev/src/components/table/table.spec.js,Magic Number,"{'line': 667, 'column': 54, 'index': 18397}","  665 |     expect(wrapper.findAll('thead > tr').length).toBe(1)
  666 |     expect(wrapper.findAll('thead > tr > th').length).toBe(3)
> 667 |     expect(wrapper.findAll('tbody > tr').length).toBe(1)
      |                                                      ^ Magic Number
  668 |     expect(wrapper.findAll('tbody > tr > td').length).toBe(2)
  669 |     expect(wrapper.findAll('tbody > tr > th').length).toBe(1)
  670 |"
/home/gabriel/Disk/Research/research-javascript-test-smells/repositories/bootstrap-vue-dev/src/components/table/table.spec.js,Magic Number,"{'line': 668, 'column': 59, 'index': 18459}","  666 |     expect(wrapper.findAll('thead > tr > th').length).toBe(3)
  667 |     expect(wrapper.findAll('tbody > tr').length).toBe(1)
> 668 |     expect(wrapper.findAll('tbody > tr > td').length).toBe(2)
      |                                                           ^ Magic Number
  669 |     expect(wrapper.findAll('tbody > tr > th').length).toBe(1)
  670 |
  671 |     const $headerThs = wrapper.findAll('thead > tr > th')"
/home/gabriel/Disk/Research/research-javascript-test-smells/repositories/bootstrap-vue-dev/src/components/table/table.spec.js,Magic Number,"{'line': 669, 'column': 59, 'index': 18521}","  667 |     expect(wrapper.findAll('tbody > tr').length).toBe(1)
  668 |     expect(wrapper.findAll('tbody > tr > td').length).toBe(2)
> 669 |     expect(wrapper.findAll('tbody > tr > th').length).toBe(1)
      |                                                           ^ Magic Number
  670 |
  671 |     const $headerThs = wrapper.findAll('thead > tr > th')
  672 |     expect($headerThs.at(0).attributes('data-foo')).toBe('bar')"
/home/gabriel/Disk/Research/research-javascript-test-smells/repositories/bootstrap-vue-dev/src/components/table/table.spec.js,Magic Number,"{'line': 674, 'column': 51, 'index': 18767}","  672 |     expect($headerThs.at(0).attributes('data-foo')).toBe('bar')
  673 |     expect($headerThs.at(0).attributes('data-type')).toBeUndefined()
> 674 |     expect($headerThs.at(0).classes().length).toBe(0)
      |                                                   ^ Magic Number
  675 |
  676 |     expect($headerThs.at(1).attributes('data-foo')).toBeUndefined()
  677 |     expect($headerThs.at(1).attributes('data-type')).toBe('head')"
/home/gabriel/Disk/Research/research-javascript-test-smells/repositories/bootstrap-vue-dev/src/components/table/table.spec.js,Magic Number,"{'line': 678, 'column': 51, 'index': 18956}","  676 |     expect($headerThs.at(1).attributes('data-foo')).toBeUndefined()
  677 |     expect($headerThs.at(1).attributes('data-type')).toBe('head')
> 678 |     expect($headerThs.at(1).classes().length).toBe(0)
      |                                                   ^ Magic Number
  679 |
  680 |     expect($headerThs.at(2).attributes('data-foo')).toBeUndefined()
  681 |     expect($headerThs.at(2).attributes('data-type')).toBe('head')"
/home/gabriel/Disk/Research/research-javascript-test-smells/repositories/bootstrap-vue-dev/src/components/table/table.spec.js,Magic Number,"{'line': 682, 'column': 51, 'index': 19145}","  680 |     expect($headerThs.at(2).attributes('data-foo')).toBeUndefined()
  681 |     expect($headerThs.at(2).attributes('data-type')).toBe('head')
> 682 |     expect($headerThs.at(2).classes().length).toBe(0)
      |                                                   ^ Magic Number
  683 |
  684 |     const $bodyThs = wrapper.findAll('tbody > tr > th')
  685 |"
/home/gabriel/Disk/Research/research-javascript-test-smells/repositories/bootstrap-vue-dev/src/components/table/table.spec.js,Magic Number,"{'line': 688, 'column': 49, 'index': 19384}","  686 |     expect($bodyThs.at(0).attributes('data-foo')).toBeUndefined()
  687 |     expect($bodyThs.at(0).attributes('data-type')).toBe('row')
> 688 |     expect($bodyThs.at(0).classes().length).toBe(0)
      |                                                 ^ Magic Number
  689 |
  690 |     wrapper.destroy()
  691 |   })"
/home/gabriel/Disk/Research/research-javascript-test-smells/repositories/bootstrap-vue-dev/src/components/table/table-thead-top.spec.js,Magic Number,"{'line': 20, 'column': 54, 'index': 745}","  18 |     expect(wrapper.find('thead').exists()).toBe(true)
  19 |     expect(wrapper.findAll('thead > tr').exists()).toBe(true)
> 20 |     expect(wrapper.findAll('thead > tr').length).toBe(1)
     |                                                      ^ Magic Number
  21 |
  22 |     wrapper.destroy()
  23 |   })"
/home/gabriel/Disk/Research/research-javascript-test-smells/repositories/bootstrap-vue-dev/src/components/table/table-thead-top.spec.js,Magic Number,"{'line': 39, 'column': 54, 'index': 1326}","  37 |     expect(wrapper.find('thead').exists()).toBe(true)
  38 |     expect(wrapper.findAll('thead > tr').exists()).toBe(true)
> 39 |     expect(wrapper.findAll('thead > tr').length).toBe(2)
     |                                                      ^ Magic Number
  40 |     expect(
  41 |       wrapper
  42 |         .findAll('thead > tr')"
/home/gabriel/Disk/Research/research-javascript-test-smells/repositories/bootstrap-vue-dev/src/components/table/table-thead-top.spec.js,Magic Number,"{'line': 77, 'column': 25, 'index': 2264}","  75 |     expect(wrapper.element.tagName).toBe('TABLE')
  76 |     expect(wrapper.find('thead').exists()).toBe(true)
> 77 |     expect(columns).toBe(3)
     |                         ^ Magic Number
  78 |     expect(fields).toEqual(normalizeFields(testFields))
  79 |     expect(wrapper.findAll('thead > tr').exists()).toBe(true)
  80 |     expect(wrapper.findAll('thead > tr').length).toBe(2)"
/home/gabriel/Disk/Research/research-javascript-test-smells/repositories/bootstrap-vue-dev/src/components/table/table-thead-top.spec.js,Magic Number,"{'line': 80, 'column': 54, 'index': 2439}","  78 |     expect(fields).toEqual(normalizeFields(testFields))
  79 |     expect(wrapper.findAll('thead > tr').exists()).toBe(true)
> 80 |     expect(wrapper.findAll('thead > tr').length).toBe(2)
     |                                                      ^ Magic Number
  81 |     expect(
  82 |       wrapper
  83 |         .findAll('thead > tr')"
/home/gabriel/Disk/Research/research-javascript-test-smells/repositories/bootstrap-vue-dev/src/components/table/table-thead-events.spec.js,Conditional Test Logic,"{'line': 10, 'column': 4, 'index': 408}","   8 | describe('table > thead events', () => {
   9 |   it('should not emit head-clicked event when a head cell is clicked and no head-clicked listener', async () => {
> 10 |     if (isVue3) {
     |    ^ Conditional Test Logic
  11 |       // We can't track if we have an event listener in vue3 so we skip this test for vue 3
  12 |       return
  13 |     }"
/home/gabriel/Disk/Research/research-javascript-test-smells/repositories/bootstrap-vue-dev/src/components/table/table-thead-events.spec.js,Duplicate Assert,"{'line': 26, 'column': 4, 'index': 896}","  24 |     const $ths = wrapper.findAll('thead > tr > th')
  25 |     expect($ths.length).toBe(testFields.length)
> 26 |     expect(wrapper.emitted('head-clicked')).toBeUndefined()
     |    ^ Duplicate Assert
  27 |     await $ths.at(0).trigger('click')
  28 |     expect(wrapper.emitted('head-clicked')).toBeUndefined()
  29 |     await $ths.at(1).trigger('click')"
/home/gabriel/Disk/Research/research-javascript-test-smells/repositories/bootstrap-vue-dev/src/components/table/table-thead-events.spec.js,Duplicate Assert,"{'line': 26, 'column': 4, 'index': 896}","  24 |     const $ths = wrapper.findAll('thead > tr > th')
  25 |     expect($ths.length).toBe(testFields.length)
> 26 |     expect(wrapper.emitted('head-clicked')).toBeUndefined()
     |    ^ Duplicate Assert
  27 |     await $ths.at(0).trigger('click')
  28 |     expect(wrapper.emitted('head-clicked')).toBeUndefined()
  29 |     await $ths.at(1).trigger('click')"
/home/gabriel/Disk/Research/research-javascript-test-smells/repositories/bootstrap-vue-dev/src/components/table/table-thead-events.spec.js,Duplicate Assert,"{'line': 28, 'column': 4, 'index': 994}","  26 |     expect(wrapper.emitted('head-clicked')).toBeUndefined()
  27 |     await $ths.at(0).trigger('click')
> 28 |     expect(wrapper.emitted('head-clicked')).toBeUndefined()
     |    ^ Duplicate Assert
  29 |     await $ths.at(1).trigger('click')
  30 |     expect(wrapper.emitted('head-clicked')).toBeUndefined()
  31 |     await $ths.at(2).trigger('click')"
/home/gabriel/Disk/Research/research-javascript-test-smells/repositories/bootstrap-vue-dev/src/components/table/table-thead-events.spec.js,Duplicate Assert,"{'line': 28, 'column': 4, 'index': 994}","  26 |     expect(wrapper.emitted('head-clicked')).toBeUndefined()
  27 |     await $ths.at(0).trigger('click')
> 28 |     expect(wrapper.emitted('head-clicked')).toBeUndefined()
     |    ^ Duplicate Assert
  29 |     await $ths.at(1).trigger('click')
  30 |     expect(wrapper.emitted('head-clicked')).toBeUndefined()
  31 |     await $ths.at(2).trigger('click')"
/home/gabriel/Disk/Research/research-javascript-test-smells/repositories/bootstrap-vue-dev/src/components/table/table-thead-events.spec.js,Duplicate Assert,"{'line': 30, 'column': 4, 'index': 1092}","  28 |     expect(wrapper.emitted('head-clicked')).toBeUndefined()
  29 |     await $ths.at(1).trigger('click')
> 30 |     expect(wrapper.emitted('head-clicked')).toBeUndefined()
     |    ^ Duplicate Assert
  31 |     await $ths.at(2).trigger('click')
  32 |     expect(wrapper.emitted('head-clicked')).toBeUndefined()
  33 |   })"
/home/gabriel/Disk/Research/research-javascript-test-smells/repositories/bootstrap-vue-dev/src/components/table/table-thead-events.spec.js,Duplicate Assert,"{'line': 30, 'column': 4, 'index': 1092}","  28 |     expect(wrapper.emitted('head-clicked')).toBeUndefined()
  29 |     await $ths.at(1).trigger('click')
> 30 |     expect(wrapper.emitted('head-clicked')).toBeUndefined()
     |    ^ Duplicate Assert
  31 |     await $ths.at(2).trigger('click')
  32 |     expect(wrapper.emitted('head-clicked')).toBeUndefined()
  33 |   })"
/home/gabriel/Disk/Research/research-javascript-test-smells/repositories/bootstrap-vue-dev/src/components/table/table-thead-events.spec.js,Duplicate Assert,"{'line': 32, 'column': 4, 'index': 1190}","  30 |     expect(wrapper.emitted('head-clicked')).toBeUndefined()
  31 |     await $ths.at(2).trigger('click')
> 32 |     expect(wrapper.emitted('head-clicked')).toBeUndefined()
     |    ^ Duplicate Assert
  33 |   })
  34 |
  35 |   it('should emit head-clicked event when a head cell is clicked', async () => {"
/home/gabriel/Disk/Research/research-javascript-test-smells/repositories/bootstrap-vue-dev/src/components/table/table-thead-events.spec.js,Duplicate Assert,"{'line': 32, 'column': 4, 'index': 1190}","  30 |     expect(wrapper.emitted('head-clicked')).toBeUndefined()
  31 |     await $ths.at(2).trigger('click')
> 32 |     expect(wrapper.emitted('head-clicked')).toBeUndefined()
     |    ^ Duplicate Assert
  33 |   })
  34 |
  35 |   it('should emit head-clicked event when a head cell is clicked', async () => {"
/home/gabriel/Disk/Research/research-javascript-test-smells/repositories/bootstrap-vue-dev/src/components/table/table-thead-events.spec.js,Duplicate Assert,"{'line': 51, 'column': 4, 'index': 1815}","  49 |     const $ths = wrapper.findAll('thead > tr > th')
  50 |     expect($ths.length).toBe(testFields.length)
> 51 |     expect(wrapper.emitted('head-clicked')).toBeUndefined()
     |    ^ Duplicate Assert
  52 |     await $ths.at(0).trigger('click')
  53 |     expect(wrapper.emitted('head-clicked')).toBeDefined()
  54 |     expect(wrapper.emitted('head-clicked').length).toBe(1)"
/home/gabriel/Disk/Research/research-javascript-test-smells/repositories/bootstrap-vue-dev/src/components/table/table-thead-events.spec.js,Duplicate Assert,"{'line': 53, 'column': 4, 'index': 1913}","  51 |     expect(wrapper.emitted('head-clicked')).toBeUndefined()
  52 |     await $ths.at(0).trigger('click')
> 53 |     expect(wrapper.emitted('head-clicked')).toBeDefined()
     |    ^ Duplicate Assert
  54 |     expect(wrapper.emitted('head-clicked').length).toBe(1)
  55 |     expect(wrapper.emitted('head-clicked')[0][0]).toEqual(testFields[0].key) // Field key
  56 |     expect(wrapper.emitted('head-clicked')[0][1]).toEqual(testFields[0]) // Field definition"
/home/gabriel/Disk/Research/research-javascript-test-smells/repositories/bootstrap-vue-dev/src/components/table/table-thead-events.spec.js,Duplicate Assert,"{'line': 54, 'column': 4, 'index': 1971}","  52 |     await $ths.at(0).trigger('click')
  53 |     expect(wrapper.emitted('head-clicked')).toBeDefined()
> 54 |     expect(wrapper.emitted('head-clicked').length).toBe(1)
     |    ^ Duplicate Assert
  55 |     expect(wrapper.emitted('head-clicked')[0][0]).toEqual(testFields[0].key) // Field key
  56 |     expect(wrapper.emitted('head-clicked')[0][1]).toEqual(testFields[0]) // Field definition
  57 |     expect(wrapper.emitted('head-clicked')[0][2]).toBeInstanceOf(MouseEvent) // Event"
/home/gabriel/Disk/Research/research-javascript-test-smells/repositories/bootstrap-vue-dev/src/components/table/table-thead-events.spec.js,Duplicate Assert,"{'line': 61, 'column': 4, 'index': 2413}","  59 |
  60 |     await $ths.at(2).trigger('click')
> 61 |     expect(wrapper.emitted('head-clicked').length).toBe(2)
     |    ^ Duplicate Assert
  62 |     expect(wrapper.emitted('head-clicked')[1][0]).toEqual(testFields[2].key) // Field key
  63 |     expect(wrapper.emitted('head-clicked')[1][1]).toEqual(testFields[2]) // Field definition
  64 |     expect(wrapper.emitted('head-clicked')[1][2]).toBeInstanceOf(MouseEvent) // Event"
/home/gabriel/Disk/Research/research-javascript-test-smells/repositories/bootstrap-vue-dev/src/components/table/table-thead-events.spec.js,Duplicate Assert,"{'line': 85, 'column': 4, 'index': 3341}","  83 |     const $ths = wrapper.findAll('thead > tr > th')
  84 |     expect($ths.length).toBe(testFields.length)
> 85 |     expect(wrapper.emitted('head-clicked')).toBeUndefined()
     |    ^ Duplicate Assert
  86 |     await $ths.at(0).trigger('click')
  87 |     expect(wrapper.emitted('head-clicked')).toBeUndefined()
  88 |"
/home/gabriel/Disk/Research/research-javascript-test-smells/repositories/bootstrap-vue-dev/src/components/table/table-thead-events.spec.js,Duplicate Assert,"{'line': 85, 'column': 4, 'index': 3341}","  83 |     const $ths = wrapper.findAll('thead > tr > th')
  84 |     expect($ths.length).toBe(testFields.length)
> 85 |     expect(wrapper.emitted('head-clicked')).toBeUndefined()
     |    ^ Duplicate Assert
  86 |     await $ths.at(0).trigger('click')
  87 |     expect(wrapper.emitted('head-clicked')).toBeUndefined()
  88 |"
/home/gabriel/Disk/Research/research-javascript-test-smells/repositories/bootstrap-vue-dev/src/components/table/table-thead-events.spec.js,Duplicate Assert,"{'line': 87, 'column': 4, 'index': 3439}","  85 |     expect(wrapper.emitted('head-clicked')).toBeUndefined()
  86 |     await $ths.at(0).trigger('click')
> 87 |     expect(wrapper.emitted('head-clicked')).toBeUndefined()
     |    ^ Duplicate Assert
  88 |
  89 |     wrapper.destroy()
  90 |   })"
/home/gabriel/Disk/Research/research-javascript-test-smells/repositories/bootstrap-vue-dev/src/components/table/table-thead-events.spec.js,Duplicate Assert,"{'line': 87, 'column': 4, 'index': 3439}","  85 |     expect(wrapper.emitted('head-clicked')).toBeUndefined()
  86 |     await $ths.at(0).trigger('click')
> 87 |     expect(wrapper.emitted('head-clicked')).toBeUndefined()
     |    ^ Duplicate Assert
  88 |
  89 |     wrapper.destroy()
  90 |   })"
/home/gabriel/Disk/Research/research-javascript-test-smells/repositories/bootstrap-vue-dev/src/components/table/table-thead-events.spec.js,Duplicate Assert,"{'line': 109, 'column': 4, 'index': 4065}","  107 |     const $ths = wrapper.findAll('thead > tr > th')
  108 |     expect($ths.length).toBe(testFields.length)
> 109 |     expect(wrapper.emitted('head-clicked')).toBeUndefined()
      |    ^ Duplicate Assert
  110 |     await $ths.at(0).trigger('click')
  111 |     expect(wrapper.emitted('head-clicked')).toBeUndefined()
  112 |"
/home/gabriel/Disk/Research/research-javascript-test-smells/repositories/bootstrap-vue-dev/src/components/table/table-thead-events.spec.js,Duplicate Assert,"{'line': 109, 'column': 4, 'index': 4065}","  107 |     const $ths = wrapper.findAll('thead > tr > th')
  108 |     expect($ths.length).toBe(testFields.length)
> 109 |     expect(wrapper.emitted('head-clicked')).toBeUndefined()
      |    ^ Duplicate Assert
  110 |     await $ths.at(0).trigger('click')
  111 |     expect(wrapper.emitted('head-clicked')).toBeUndefined()
  112 |"
/home/gabriel/Disk/Research/research-javascript-test-smells/repositories/bootstrap-vue-dev/src/components/table/table-thead-events.spec.js,Duplicate Assert,"{'line': 111, 'column': 4, 'index': 4163}","  109 |     expect(wrapper.emitted('head-clicked')).toBeUndefined()
  110 |     await $ths.at(0).trigger('click')
> 111 |     expect(wrapper.emitted('head-clicked')).toBeUndefined()
      |    ^ Duplicate Assert
  112 |
  113 |     wrapper.destroy()
  114 |   })"
/home/gabriel/Disk/Research/research-javascript-test-smells/repositories/bootstrap-vue-dev/src/components/table/table-thead-events.spec.js,Duplicate Assert,"{'line': 111, 'column': 4, 'index': 4163}","  109 |     expect(wrapper.emitted('head-clicked')).toBeUndefined()
  110 |     await $ths.at(0).trigger('click')
> 111 |     expect(wrapper.emitted('head-clicked')).toBeUndefined()
      |    ^ Duplicate Assert
  112 |
  113 |     wrapper.destroy()
  114 |   })"
/home/gabriel/Disk/Research/research-javascript-test-smells/repositories/bootstrap-vue-dev/src/components/table/table-thead-events.spec.js,Duplicate Assert,"{'line': 136, 'column': 4, 'index': 4986}","  134 |     const $ths = wrapper.findAll('thead > tr > th')
  135 |     expect($ths.length).toBe(testFields.length)
> 136 |     expect(wrapper.emitted('head-clicked')).toBeUndefined()
      |    ^ Duplicate Assert
  137 |
  138 |     const $btn = wrapper.find('button[id=""a""]')
  139 |     expect($btn.exists()).toBe(true)"
/home/gabriel/Disk/Research/research-javascript-test-smells/repositories/bootstrap-vue-dev/src/components/table/table-thead-events.spec.js,Duplicate Assert,"{'line': 136, 'column': 4, 'index': 4986}","  134 |     const $ths = wrapper.findAll('thead > tr > th')
  135 |     expect($ths.length).toBe(testFields.length)
> 136 |     expect(wrapper.emitted('head-clicked')).toBeUndefined()
      |    ^ Duplicate Assert
  137 |
  138 |     const $btn = wrapper.find('button[id=""a""]')
  139 |     expect($btn.exists()).toBe(true)"
/home/gabriel/Disk/Research/research-javascript-test-smells/repositories/bootstrap-vue-dev/src/components/table/table-thead-events.spec.js,Duplicate Assert,"{'line': 141, 'column': 4, 'index': 5164}","  139 |     expect($btn.exists()).toBe(true)
  140 |     await $btn.trigger('click')
> 141 |     expect(wrapper.emitted('head-clicked')).toBeUndefined()
      |    ^ Duplicate Assert
  142 |
  143 |     const $input = wrapper.find('input[id=""b""]')
  144 |     expect($input.exists()).toBe(true)"
/home/gabriel/Disk/Research/research-javascript-test-smells/repositories/bootstrap-vue-dev/src/components/table/table-thead-events.spec.js,Duplicate Assert,"{'line': 141, 'column': 4, 'index': 5164}","  139 |     expect($btn.exists()).toBe(true)
  140 |     await $btn.trigger('click')
> 141 |     expect(wrapper.emitted('head-clicked')).toBeUndefined()
      |    ^ Duplicate Assert
  142 |
  143 |     const $input = wrapper.find('input[id=""b""]')
  144 |     expect($input.exists()).toBe(true)"
/home/gabriel/Disk/Research/research-javascript-test-smells/repositories/bootstrap-vue-dev/src/components/table/table-thead-events.spec.js,Duplicate Assert,"{'line': 146, 'column': 4, 'index': 5347}","  144 |     expect($input.exists()).toBe(true)
  145 |     await $input.trigger('click')
> 146 |     expect(wrapper.emitted('head-clicked')).toBeUndefined()
      |    ^ Duplicate Assert
  147 |
  148 |     const $link = wrapper.find('a[id=""c""]')
  149 |     expect($link.exists()).toBe(true)"
/home/gabriel/Disk/Research/research-javascript-test-smells/repositories/bootstrap-vue-dev/src/components/table/table-thead-events.spec.js,Duplicate Assert,"{'line': 146, 'column': 4, 'index': 5347}","  144 |     expect($input.exists()).toBe(true)
  145 |     await $input.trigger('click')
> 146 |     expect(wrapper.emitted('head-clicked')).toBeUndefined()
      |    ^ Duplicate Assert
  147 |
  148 |     const $link = wrapper.find('a[id=""c""]')
  149 |     expect($link.exists()).toBe(true)"
/home/gabriel/Disk/Research/research-javascript-test-smells/repositories/bootstrap-vue-dev/src/components/table/table-thead-events.spec.js,Duplicate Assert,"{'line': 151, 'column': 4, 'index': 5523}","  149 |     expect($link.exists()).toBe(true)
  150 |     await $link.trigger('click')
> 151 |     expect(wrapper.emitted('head-clicked')).toBeUndefined()
      |    ^ Duplicate Assert
  152 |
  153 |     wrapper.destroy()
  154 |   })"
/home/gabriel/Disk/Research/research-javascript-test-smells/repositories/bootstrap-vue-dev/src/components/table/table-thead-events.spec.js,Duplicate Assert,"{'line': 151, 'column': 4, 'index': 5523}","  149 |     expect($link.exists()).toBe(true)
  150 |     await $link.trigger('click')
> 151 |     expect(wrapper.emitted('head-clicked')).toBeUndefined()
      |    ^ Duplicate Assert
  152 |
  153 |     wrapper.destroy()
  154 |   })"
/home/gabriel/Disk/Research/research-javascript-test-smells/repositories/bootstrap-vue-dev/src/components/table/table-thead-events.spec.js,Magic Number,"{'line': 23, 'column': 30, 'index': 789}","  21 |     expect(wrapper).toBeDefined()
  22 |     const $rows = wrapper.findAll('thead > tr')
> 23 |     expect($rows.length).toBe(1)
     |                              ^ Magic Number
  24 |     const $ths = wrapper.findAll('thead > tr > th')
  25 |     expect($ths.length).toBe(testFields.length)
  26 |     expect(wrapper.emitted('head-clicked')).toBeUndefined()"
/home/gabriel/Disk/Research/research-javascript-test-smells/repositories/bootstrap-vue-dev/src/components/table/table-thead-events.spec.js,Magic Number,"{'line': 48, 'column': 30, 'index': 1708}","  46 |     expect(wrapper).toBeDefined()
  47 |     const $rows = wrapper.findAll('thead > tr')
> 48 |     expect($rows.length).toBe(1)
     |                              ^ Magic Number
  49 |     const $ths = wrapper.findAll('thead > tr > th')
  50 |     expect($ths.length).toBe(testFields.length)
  51 |     expect(wrapper.emitted('head-clicked')).toBeUndefined()"
/home/gabriel/Disk/Research/research-javascript-test-smells/repositories/bootstrap-vue-dev/src/components/table/table-thead-events.spec.js,Magic Number,"{'line': 54, 'column': 56, 'index': 2023}","  52 |     await $ths.at(0).trigger('click')
  53 |     expect(wrapper.emitted('head-clicked')).toBeDefined()
> 54 |     expect(wrapper.emitted('head-clicked').length).toBe(1)
     |                                                        ^ Magic Number
  55 |     expect(wrapper.emitted('head-clicked')[0][0]).toEqual(testFields[0].key) // Field key
  56 |     expect(wrapper.emitted('head-clicked')[0][1]).toEqual(testFields[0]) // Field definition
  57 |     expect(wrapper.emitted('head-clicked')[0][2]).toBeInstanceOf(MouseEvent) // Event"
/home/gabriel/Disk/Research/research-javascript-test-smells/repositories/bootstrap-vue-dev/src/components/table/table-thead-events.spec.js,Magic Number,"{'line': 61, 'column': 56, 'index': 2465}","  59 |
  60 |     await $ths.at(2).trigger('click')
> 61 |     expect(wrapper.emitted('head-clicked').length).toBe(2)
     |                                                        ^ Magic Number
  62 |     expect(wrapper.emitted('head-clicked')[1][0]).toEqual(testFields[2].key) // Field key
  63 |     expect(wrapper.emitted('head-clicked')[1][1]).toEqual(testFields[2]) // Field definition
  64 |     expect(wrapper.emitted('head-clicked')[1][2]).toBeInstanceOf(MouseEvent) // Event"
/home/gabriel/Disk/Research/research-javascript-test-smells/repositories/bootstrap-vue-dev/src/components/table/table-tfoot-events.spec.js,Duplicate Assert,"{'line': 26, 'column': 4, 'index': 870}","  24 |     const $ths = wrapper.findAll('tfoot > tr > th')
  25 |     expect($ths.length).toBe(testFields.length)
> 26 |     expect(wrapper.emitted('head-clicked')).toBeUndefined()
     |    ^ Duplicate Assert
  27 |     await $ths.at(0).trigger('click')
  28 |     expect(wrapper.emitted('head-clicked')).toBeDefined()
  29 |     expect(wrapper.emitted('head-clicked').length).toBe(1)"
/home/gabriel/Disk/Research/research-javascript-test-smells/repositories/bootstrap-vue-dev/src/components/table/table-tfoot-events.spec.js,Duplicate Assert,"{'line': 28, 'column': 4, 'index': 968}","  26 |     expect(wrapper.emitted('head-clicked')).toBeUndefined()
  27 |     await $ths.at(0).trigger('click')
> 28 |     expect(wrapper.emitted('head-clicked')).toBeDefined()
     |    ^ Duplicate Assert
  29 |     expect(wrapper.emitted('head-clicked').length).toBe(1)
  30 |     expect(wrapper.emitted('head-clicked')[0][0]).toEqual(testFields[0].key) // Field key
  31 |     expect(wrapper.emitted('head-clicked')[0][1]).toEqual(testFields[0]) // Field definition"
/home/gabriel/Disk/Research/research-javascript-test-smells/repositories/bootstrap-vue-dev/src/components/table/table-tfoot-events.spec.js,Duplicate Assert,"{'line': 29, 'column': 4, 'index': 1026}","  27 |     await $ths.at(0).trigger('click')
  28 |     expect(wrapper.emitted('head-clicked')).toBeDefined()
> 29 |     expect(wrapper.emitted('head-clicked').length).toBe(1)
     |    ^ Duplicate Assert
  30 |     expect(wrapper.emitted('head-clicked')[0][0]).toEqual(testFields[0].key) // Field key
  31 |     expect(wrapper.emitted('head-clicked')[0][1]).toEqual(testFields[0]) // Field definition
  32 |     expect(wrapper.emitted('head-clicked')[0][2]).toBeInstanceOf(MouseEvent) // Event"
/home/gabriel/Disk/Research/research-javascript-test-smells/repositories/bootstrap-vue-dev/src/components/table/table-tfoot-events.spec.js,Duplicate Assert,"{'line': 36, 'column': 4, 'index': 1467}","  34 |
  35 |     await $ths.at(2).trigger('click')
> 36 |     expect(wrapper.emitted('head-clicked').length).toBe(2)
     |    ^ Duplicate Assert
  37 |     expect(wrapper.emitted('head-clicked')[1][0]).toEqual(testFields[2].key) // Field key
  38 |     expect(wrapper.emitted('head-clicked')[1][1]).toEqual(testFields[2]) // Field definition
  39 |     expect(wrapper.emitted('head-clicked')[1][2]).toBeInstanceOf(MouseEvent) // Event"
/home/gabriel/Disk/Research/research-javascript-test-smells/repositories/bootstrap-vue-dev/src/components/table/table-tfoot-events.spec.js,Duplicate Assert,"{'line': 62, 'column': 4, 'index': 2446}","  60 |     const $ths = wrapper.findAll('tfoot > tr > th')
  61 |     expect($ths.length).toBe(testFields.length)
> 62 |     expect(wrapper.emitted('head-clicked')).toBeUndefined()
     |    ^ Duplicate Assert
  63 |     await $ths.at(0).trigger('click')
  64 |     expect(wrapper.emitted('head-clicked')).toBeUndefined()
  65 |"
/home/gabriel/Disk/Research/research-javascript-test-smells/repositories/bootstrap-vue-dev/src/components/table/table-tfoot-events.spec.js,Duplicate Assert,"{'line': 62, 'column': 4, 'index': 2446}","  60 |     const $ths = wrapper.findAll('tfoot > tr > th')
  61 |     expect($ths.length).toBe(testFields.length)
> 62 |     expect(wrapper.emitted('head-clicked')).toBeUndefined()
     |    ^ Duplicate Assert
  63 |     await $ths.at(0).trigger('click')
  64 |     expect(wrapper.emitted('head-clicked')).toBeUndefined()
  65 |"
/home/gabriel/Disk/Research/research-javascript-test-smells/repositories/bootstrap-vue-dev/src/components/table/table-tfoot-events.spec.js,Duplicate Assert,"{'line': 64, 'column': 4, 'index': 2544}","  62 |     expect(wrapper.emitted('head-clicked')).toBeUndefined()
  63 |     await $ths.at(0).trigger('click')
> 64 |     expect(wrapper.emitted('head-clicked')).toBeUndefined()
     |    ^ Duplicate Assert
  65 |
  66 |     wrapper.destroy()
  67 |   })"
/home/gabriel/Disk/Research/research-javascript-test-smells/repositories/bootstrap-vue-dev/src/components/table/table-tfoot-events.spec.js,Duplicate Assert,"{'line': 64, 'column': 4, 'index': 2544}","  62 |     expect(wrapper.emitted('head-clicked')).toBeUndefined()
  63 |     await $ths.at(0).trigger('click')
> 64 |     expect(wrapper.emitted('head-clicked')).toBeUndefined()
     |    ^ Duplicate Assert
  65 |
  66 |     wrapper.destroy()
  67 |   })"
/home/gabriel/Disk/Research/research-javascript-test-smells/repositories/bootstrap-vue-dev/src/components/table/table-tfoot-events.spec.js,Duplicate Assert,"{'line': 88, 'column': 4, 'index': 3222}","  86 |     const $ths = wrapper.findAll('tfoot > tr > th')
  87 |     expect($ths.length).toBe(testFields.length)
> 88 |     expect(wrapper.emitted('head-clicked')).toBeUndefined()
     |    ^ Duplicate Assert
  89 |     await $ths.at(0).trigger('click')
  90 |     expect(wrapper.emitted('head-clicked')).toBeUndefined()
  91 |"
/home/gabriel/Disk/Research/research-javascript-test-smells/repositories/bootstrap-vue-dev/src/components/table/table-tfoot-events.spec.js,Duplicate Assert,"{'line': 88, 'column': 4, 'index': 3222}","  86 |     const $ths = wrapper.findAll('tfoot > tr > th')
  87 |     expect($ths.length).toBe(testFields.length)
> 88 |     expect(wrapper.emitted('head-clicked')).toBeUndefined()
     |    ^ Duplicate Assert
  89 |     await $ths.at(0).trigger('click')
  90 |     expect(wrapper.emitted('head-clicked')).toBeUndefined()
  91 |"
/home/gabriel/Disk/Research/research-javascript-test-smells/repositories/bootstrap-vue-dev/src/components/table/table-tfoot-events.spec.js,Duplicate Assert,"{'line': 90, 'column': 4, 'index': 3320}","  88 |     expect(wrapper.emitted('head-clicked')).toBeUndefined()
  89 |     await $ths.at(0).trigger('click')
> 90 |     expect(wrapper.emitted('head-clicked')).toBeUndefined()
     |    ^ Duplicate Assert
  91 |
  92 |     wrapper.destroy()
  93 |   })"
/home/gabriel/Disk/Research/research-javascript-test-smells/repositories/bootstrap-vue-dev/src/components/table/table-tfoot-events.spec.js,Duplicate Assert,"{'line': 90, 'column': 4, 'index': 3320}","  88 |     expect(wrapper.emitted('head-clicked')).toBeUndefined()
  89 |     await $ths.at(0).trigger('click')
> 90 |     expect(wrapper.emitted('head-clicked')).toBeUndefined()
     |    ^ Duplicate Assert
  91 |
  92 |     wrapper.destroy()
  93 |   })"
/home/gabriel/Disk/Research/research-javascript-test-smells/repositories/bootstrap-vue-dev/src/components/table/table-tfoot-events.spec.js,Duplicate Assert,"{'line': 118, 'column': 4, 'index': 4252}","  116 |     const $ths = wrapper.findAll('tfoot > tr > th')
  117 |     expect($ths.length).toBe(testFields.length)
> 118 |     expect(wrapper.emitted('head-clicked')).toBeUndefined()
      |    ^ Duplicate Assert
  119 |
  120 |     const $btn = wrapper.find('button[id=""a""]')
  121 |     expect($btn.exists()).toBe(true)"
/home/gabriel/Disk/Research/research-javascript-test-smells/repositories/bootstrap-vue-dev/src/components/table/table-tfoot-events.spec.js,Duplicate Assert,"{'line': 118, 'column': 4, 'index': 4252}","  116 |     const $ths = wrapper.findAll('tfoot > tr > th')
  117 |     expect($ths.length).toBe(testFields.length)
> 118 |     expect(wrapper.emitted('head-clicked')).toBeUndefined()
      |    ^ Duplicate Assert
  119 |
  120 |     const $btn = wrapper.find('button[id=""a""]')
  121 |     expect($btn.exists()).toBe(true)"
/home/gabriel/Disk/Research/research-javascript-test-smells/repositories/bootstrap-vue-dev/src/components/table/table-tfoot-events.spec.js,Duplicate Assert,"{'line': 123, 'column': 4, 'index': 4430}","  121 |     expect($btn.exists()).toBe(true)
  122 |     await $btn.trigger('click')
> 123 |     expect(wrapper.emitted('head-clicked')).toBeUndefined()
      |    ^ Duplicate Assert
  124 |
  125 |     const $input = wrapper.find('input[id=""b""]')
  126 |     expect($input.exists()).toBe(true)"
/home/gabriel/Disk/Research/research-javascript-test-smells/repositories/bootstrap-vue-dev/src/components/table/table-tfoot-events.spec.js,Duplicate Assert,"{'line': 123, 'column': 4, 'index': 4430}","  121 |     expect($btn.exists()).toBe(true)
  122 |     await $btn.trigger('click')
> 123 |     expect(wrapper.emitted('head-clicked')).toBeUndefined()
      |    ^ Duplicate Assert
  124 |
  125 |     const $input = wrapper.find('input[id=""b""]')
  126 |     expect($input.exists()).toBe(true)"
/home/gabriel/Disk/Research/research-javascript-test-smells/repositories/bootstrap-vue-dev/src/components/table/table-tfoot-events.spec.js,Duplicate Assert,"{'line': 128, 'column': 4, 'index': 4613}","  126 |     expect($input.exists()).toBe(true)
  127 |     await $input.trigger('click')
> 128 |     expect(wrapper.emitted('head-clicked')).toBeUndefined()
      |    ^ Duplicate Assert
  129 |
  130 |     const $link = wrapper.find('a[id=""c""]')
  131 |     expect($link.exists()).toBe(true)"
/home/gabriel/Disk/Research/research-javascript-test-smells/repositories/bootstrap-vue-dev/src/components/table/table-tfoot-events.spec.js,Duplicate Assert,"{'line': 128, 'column': 4, 'index': 4613}","  126 |     expect($input.exists()).toBe(true)
  127 |     await $input.trigger('click')
> 128 |     expect(wrapper.emitted('head-clicked')).toBeUndefined()
      |    ^ Duplicate Assert
  129 |
  130 |     const $link = wrapper.find('a[id=""c""]')
  131 |     expect($link.exists()).toBe(true)"
/home/gabriel/Disk/Research/research-javascript-test-smells/repositories/bootstrap-vue-dev/src/components/table/table-tfoot-events.spec.js,Duplicate Assert,"{'line': 133, 'column': 4, 'index': 4789}","  131 |     expect($link.exists()).toBe(true)
  132 |     await $link.trigger('click')
> 133 |     expect(wrapper.emitted('head-clicked')).toBeUndefined()
      |    ^ Duplicate Assert
  134 |
  135 |     wrapper.destroy()
  136 |   })"
/home/gabriel/Disk/Research/research-javascript-test-smells/repositories/bootstrap-vue-dev/src/components/table/table-tfoot-events.spec.js,Duplicate Assert,"{'line': 133, 'column': 4, 'index': 4789}","  131 |     expect($link.exists()).toBe(true)
  132 |     await $link.trigger('click')
> 133 |     expect(wrapper.emitted('head-clicked')).toBeUndefined()
      |    ^ Duplicate Assert
  134 |
  135 |     wrapper.destroy()
  136 |   })"
/home/gabriel/Disk/Research/research-javascript-test-smells/repositories/bootstrap-vue-dev/src/components/table/table-tfoot-events.spec.js,Magic Number,"{'line': 23, 'column': 30, 'index': 763}","  21 |     expect(wrapper).toBeDefined()
  22 |     const $rows = wrapper.findAll('tfoot > tr')
> 23 |     expect($rows.length).toBe(1)
     |                              ^ Magic Number
  24 |     const $ths = wrapper.findAll('tfoot > tr > th')
  25 |     expect($ths.length).toBe(testFields.length)
  26 |     expect(wrapper.emitted('head-clicked')).toBeUndefined()"
/home/gabriel/Disk/Research/research-javascript-test-smells/repositories/bootstrap-vue-dev/src/components/table/table-tfoot-events.spec.js,Magic Number,"{'line': 29, 'column': 56, 'index': 1078}","  27 |     await $ths.at(0).trigger('click')
  28 |     expect(wrapper.emitted('head-clicked')).toBeDefined()
> 29 |     expect(wrapper.emitted('head-clicked').length).toBe(1)
     |                                                        ^ Magic Number
  30 |     expect(wrapper.emitted('head-clicked')[0][0]).toEqual(testFields[0].key) // Field key
  31 |     expect(wrapper.emitted('head-clicked')[0][1]).toEqual(testFields[0]) // Field definition
  32 |     expect(wrapper.emitted('head-clicked')[0][2]).toBeInstanceOf(MouseEvent) // Event"
/home/gabriel/Disk/Research/research-javascript-test-smells/repositories/bootstrap-vue-dev/src/components/table/table-tfoot-events.spec.js,Magic Number,"{'line': 36, 'column': 56, 'index': 1519}","  34 |
  35 |     await $ths.at(2).trigger('click')
> 36 |     expect(wrapper.emitted('head-clicked').length).toBe(2)
     |                                                        ^ Magic Number
  37 |     expect(wrapper.emitted('head-clicked')[1][0]).toEqual(testFields[2].key) // Field key
  38 |     expect(wrapper.emitted('head-clicked')[1][1]).toEqual(testFields[2]) // Field definition
  39 |     expect(wrapper.emitted('head-clicked')[1][2]).toBeInstanceOf(MouseEvent) // Event"
/home/gabriel/Disk/Research/research-javascript-test-smells/repositories/bootstrap-vue-dev/src/components/table/table-tfoot-custom.spec.js,Magic Number,"{'line': 42, 'column': 56, 'index': 1422}","  40 |     expect(wrapper.find('tfoot').exists()).toBe(true)
  41 |     expect(wrapper.find('tfoot').text()).toContain('CUSTOM-FOOTER')
> 42 |     expect(wrapper.find('tfoot').classes().length).toBe(0)
     |                                                        ^ Magic Number
  43 |
  44 |     wrapper.destroy()
  45 |   })"
/home/gabriel/Disk/Research/research-javascript-test-smells/repositories/bootstrap-vue-dev/src/components/table/table-tfoot-custom.spec.js,Magic Number,"{'line': 87, 'column': 56, 'index': 2899}","  85 |     expect(wrapper.find('tfoot').text()).toContain('CUSTOM-FOOTER')
  86 |     expect(wrapper.find('tfoot').classes()).toContain('thead-dark')
> 87 |     expect(wrapper.find('tfoot').classes().length).toBe(1)
     |                                                        ^ Magic Number
  88 |
  89 |     wrapper.destroy()
  90 |   })"
/home/gabriel/Disk/Research/research-javascript-test-smells/repositories/bootstrap-vue-dev/src/components/table/table-tbody-transition.spec.js,Conditional Test Logic,"{'line': 7, 'column': 0, 'index': 233}","   5 |
   6 | // Stub `<transition-group>` component
>  7 | if (!isVue3) {
   8 |   vtuConfig.stubs['transition-group'] = TransitionGroupStub
   9 | }
  10 |"
/home/gabriel/Disk/Research/research-javascript-test-smells/repositories/bootstrap-vue-dev/src/components/table/table-tbody-transition.spec.js,Conditional Test Logic,"{'line': 15, 'column': 2, 'index': 479}","  13 |
  14 | describe('table > tbody transition', () => {
> 15 |   if (isVue3) {
     |  ^ Conditional Test Logic
  16 |     // @vue/test-utils does not support stubbing transition, so impossible to test ATM
  17 |
  18 |     // adding dummy test to keep jest happy"
/home/gabriel/Disk/Research/research-javascript-test-smells/repositories/bootstrap-vue-dev/src/components/table/table-tbody-transition.spec.js,Empty Test,"{'line': 19, 'column': 4, 'index': 629}","  17 |
  18 |     // adding dummy test to keep jest happy
> 19 |     it('skipped due to vue3', () => {})
     |    ^ Empty Test
  20 |     return
  21 |   }
  22 |"
/home/gabriel/Disk/Research/research-javascript-test-smells/repositories/bootstrap-vue-dev/src/components/table/table-tbody-top-row.spec.js,Magic Number,"{'line': 71, 'column': 25, 'index': 2153}","  69 |     expect(wrapper.element.tagName).toBe('TABLE')
  70 |     expect(wrapper.find('tbody').exists()).toBe(true)
> 71 |     expect(columns).toBe(3)
     |                         ^ Magic Number
  72 |     expect(fields).toEqual(normalizeFields(testFields))
  73 |     expect(wrapper.findAll('tbody > tr').exists()).toBe(true)
  74 |     expect(wrapper.findAll('tbody > tr').length).toBe(testItems.length + 1)"
/home/gabriel/Disk/Research/research-javascript-test-smells/repositories/bootstrap-vue-dev/src/components/table/table-tbody-row-events.spec.js,Conditional Test Logic,"{'line': 249, 'column': 4, 'index': 8745}","  247 |
  248 |   it('should not emit row-hovered event when a row is hovered and no listener', async () => {
> 249 |     if (isVue3) {
      |    ^ Conditional Test Logic
  250 |       // We can't track if we have an event listener in vue3 so we skip this test for vue 3
  251 |       return
  252 |     }"
/home/gabriel/Disk/Research/research-javascript-test-smells/repositories/bootstrap-vue-dev/src/components/table/table-tbody-row-events.spec.js,Conditional Test Logic,"{'line': 318, 'column': 4, 'index': 11028}","  316 |
  317 |   it('should not emit row-unhovered event when a row is hovered and no listener', async () => {
> 318 |     if (isVue3) {
      |    ^ Conditional Test Logic
  319 |       // We can't track if we have an event listener in vue3 so we skip this test for vue 3
  320 |       return
  321 |     }"
/home/gabriel/Disk/Research/research-javascript-test-smells/repositories/bootstrap-vue-dev/src/components/table/table-tbody-row-events.spec.js,Duplicate Assert,"{'line': 24, 'column': 4, 'index': 770}","  22 |     const $rows = wrapper.findAll('tbody > tr')
  23 |     expect($rows.length).toBe(3)
> 24 |     expect(wrapper.emitted('row-clicked')).toBeUndefined()
     |    ^ Duplicate Assert
  25 |     await $rows.at(1).trigger('click')
  26 |     expect(wrapper.emitted('row-clicked')).toBeDefined()
  27 |     expect(wrapper.emitted('row-clicked').length).toBe(1)"
/home/gabriel/Disk/Research/research-javascript-test-smells/repositories/bootstrap-vue-dev/src/components/table/table-tbody-row-events.spec.js,Duplicate Assert,"{'line': 26, 'column': 4, 'index': 868}","  24 |     expect(wrapper.emitted('row-clicked')).toBeUndefined()
  25 |     await $rows.at(1).trigger('click')
> 26 |     expect(wrapper.emitted('row-clicked')).toBeDefined()
     |    ^ Duplicate Assert
  27 |     expect(wrapper.emitted('row-clicked').length).toBe(1)
  28 |     expect(wrapper.emitted('row-clicked')[0][0]).toEqual(testItems[1]) // Row item
  29 |     expect(wrapper.emitted('row-clicked')[0][1]).toEqual(1) // Row index"
/home/gabriel/Disk/Research/research-javascript-test-smells/repositories/bootstrap-vue-dev/src/components/table/table-tbody-row-events.spec.js,Duplicate Assert,"{'line': 51, 'column': 4, 'index': 1772}","  49 |     const $rows = wrapper.findAll('tbody > tr')
  50 |     expect($rows.length).toBe(3)
> 51 |     expect(wrapper.emitted('row-clicked')).toBeUndefined()
     |    ^ Duplicate Assert
  52 |     await $rows.at(1).trigger('click')
  53 |     expect(wrapper.emitted('row-clicked')).toBeUndefined()
  54 |"
/home/gabriel/Disk/Research/research-javascript-test-smells/repositories/bootstrap-vue-dev/src/components/table/table-tbody-row-events.spec.js,Duplicate Assert,"{'line': 51, 'column': 4, 'index': 1772}","  49 |     const $rows = wrapper.findAll('tbody > tr')
  50 |     expect($rows.length).toBe(3)
> 51 |     expect(wrapper.emitted('row-clicked')).toBeUndefined()
     |    ^ Duplicate Assert
  52 |     await $rows.at(1).trigger('click')
  53 |     expect(wrapper.emitted('row-clicked')).toBeUndefined()
  54 |"
/home/gabriel/Disk/Research/research-javascript-test-smells/repositories/bootstrap-vue-dev/src/components/table/table-tbody-row-events.spec.js,Duplicate Assert,"{'line': 53, 'column': 4, 'index': 1870}","  51 |     expect(wrapper.emitted('row-clicked')).toBeUndefined()
  52 |     await $rows.at(1).trigger('click')
> 53 |     expect(wrapper.emitted('row-clicked')).toBeUndefined()
     |    ^ Duplicate Assert
  54 |
  55 |     wrapper.destroy()
  56 |   })"
/home/gabriel/Disk/Research/research-javascript-test-smells/repositories/bootstrap-vue-dev/src/components/table/table-tbody-row-events.spec.js,Duplicate Assert,"{'line': 53, 'column': 4, 'index': 1870}","  51 |     expect(wrapper.emitted('row-clicked')).toBeUndefined()
  52 |     await $rows.at(1).trigger('click')
> 53 |     expect(wrapper.emitted('row-clicked')).toBeUndefined()
     |    ^ Duplicate Assert
  54 |
  55 |     wrapper.destroy()
  56 |   })"
/home/gabriel/Disk/Research/research-javascript-test-smells/repositories/bootstrap-vue-dev/src/components/table/table-tbody-row-events.spec.js,Duplicate Assert,"{'line': 72, 'column': 4, 'index': 2411}","  70 |     const $rows = wrapper.findAll('tbody > tr')
  71 |     expect($rows.length).toBe(3)
> 72 |     expect(wrapper.emitted('row-clicked')).toBeUndefined()
     |    ^ Duplicate Assert
  73 |     await wrapper.setData({
  74 |       localBusy: true
  75 |     })"
/home/gabriel/Disk/Research/research-javascript-test-smells/repositories/bootstrap-vue-dev/src/components/table/table-tbody-row-events.spec.js,Duplicate Assert,"{'line': 72, 'column': 4, 'index': 2411}","  70 |     const $rows = wrapper.findAll('tbody > tr')
  71 |     expect($rows.length).toBe(3)
> 72 |     expect(wrapper.emitted('row-clicked')).toBeUndefined()
     |    ^ Duplicate Assert
  73 |     await wrapper.setData({
  74 |       localBusy: true
  75 |     })"
/home/gabriel/Disk/Research/research-javascript-test-smells/repositories/bootstrap-vue-dev/src/components/table/table-tbody-row-events.spec.js,Duplicate Assert,"{'line': 77, 'column': 4, 'index': 2566}","  75 |     })
  76 |     await $rows.at(1).trigger('click')
> 77 |     expect(wrapper.emitted('row-clicked')).toBeUndefined()
     |    ^ Duplicate Assert
  78 |
  79 |     wrapper.destroy()
  80 |   })"
/home/gabriel/Disk/Research/research-javascript-test-smells/repositories/bootstrap-vue-dev/src/components/table/table-tbody-row-events.spec.js,Duplicate Assert,"{'line': 77, 'column': 4, 'index': 2566}","  75 |     })
  76 |     await $rows.at(1).trigger('click')
> 77 |     expect(wrapper.emitted('row-clicked')).toBeUndefined()
     |    ^ Duplicate Assert
  78 |
  79 |     wrapper.destroy()
  80 |   })"
/home/gabriel/Disk/Research/research-javascript-test-smells/repositories/bootstrap-vue-dev/src/components/table/table-tbody-row-events.spec.js,Duplicate Assert,"{'line': 96, 'column': 4, 'index': 3111}","  94 |     const $rows = wrapper.findAll('tbody > tr')
  95 |     expect($rows.length).toBe(3)
> 96 |     expect(wrapper.emitted('row-dblclicked')).toBeUndefined()
     |    ^ Duplicate Assert
  97 |     await $rows.at(1).trigger('dblclick')
  98 |     expect(wrapper.emitted('row-dblclicked')).toBeDefined()
  99 |     expect(wrapper.emitted('row-dblclicked').length).toBe(1)"
/home/gabriel/Disk/Research/research-javascript-test-smells/repositories/bootstrap-vue-dev/src/components/table/table-tbody-row-events.spec.js,Duplicate Assert,"{'line': 98, 'column': 4, 'index': 3215}","   96 |     expect(wrapper.emitted('row-dblclicked')).toBeUndefined()
   97 |     await $rows.at(1).trigger('dblclick')
>  98 |     expect(wrapper.emitted('row-dblclicked')).toBeDefined()
      |    ^ Duplicate Assert
   99 |     expect(wrapper.emitted('row-dblclicked').length).toBe(1)
  100 |     expect(wrapper.emitted('row-dblclicked')[0][0]).toEqual(testItems[1]) // Row item
  101 |     expect(wrapper.emitted('row-dblclicked')[0][1]).toEqual(1) // Row index"
/home/gabriel/Disk/Research/research-javascript-test-smells/repositories/bootstrap-vue-dev/src/components/table/table-tbody-row-events.spec.js,Duplicate Assert,"{'line': 122, 'column': 4, 'index': 4111}","  120 |     const $rows = wrapper.findAll('tbody > tr')
  121 |     expect($rows.length).toBe(3)
> 122 |     expect(wrapper.emitted('row-dblclicked')).toBeUndefined()
      |    ^ Duplicate Assert
  123 |     await $rows.at(1).trigger('dblclick')
  124 |     expect(wrapper.emitted('row-dblclicked')).toBeUndefined()
  125 |"
/home/gabriel/Disk/Research/research-javascript-test-smells/repositories/bootstrap-vue-dev/src/components/table/table-tbody-row-events.spec.js,Duplicate Assert,"{'line': 122, 'column': 4, 'index': 4111}","  120 |     const $rows = wrapper.findAll('tbody > tr')
  121 |     expect($rows.length).toBe(3)
> 122 |     expect(wrapper.emitted('row-dblclicked')).toBeUndefined()
      |    ^ Duplicate Assert
  123 |     await $rows.at(1).trigger('dblclick')
  124 |     expect(wrapper.emitted('row-dblclicked')).toBeUndefined()
  125 |"
/home/gabriel/Disk/Research/research-javascript-test-smells/repositories/bootstrap-vue-dev/src/components/table/table-tbody-row-events.spec.js,Duplicate Assert,"{'line': 124, 'column': 4, 'index': 4215}","  122 |     expect(wrapper.emitted('row-dblclicked')).toBeUndefined()
  123 |     await $rows.at(1).trigger('dblclick')
> 124 |     expect(wrapper.emitted('row-dblclicked')).toBeUndefined()
      |    ^ Duplicate Assert
  125 |
  126 |     wrapper.destroy()
  127 |   })"
/home/gabriel/Disk/Research/research-javascript-test-smells/repositories/bootstrap-vue-dev/src/components/table/table-tbody-row-events.spec.js,Duplicate Assert,"{'line': 124, 'column': 4, 'index': 4215}","  122 |     expect(wrapper.emitted('row-dblclicked')).toBeUndefined()
  123 |     await $rows.at(1).trigger('dblclick')
> 124 |     expect(wrapper.emitted('row-dblclicked')).toBeUndefined()
      |    ^ Duplicate Assert
  125 |
  126 |     wrapper.destroy()
  127 |   })"
/home/gabriel/Disk/Research/research-javascript-test-smells/repositories/bootstrap-vue-dev/src/components/table/table-tbody-row-events.spec.js,Duplicate Assert,"{'line': 143, 'column': 4, 'index': 4779}","  141 |     const $rows = wrapper.findAll('tbody > tr')
  142 |     expect($rows.length).toBe(3)
> 143 |     expect(wrapper.emitted('row-middle-clicked')).toBeUndefined()
      |    ^ Duplicate Assert
  144 |     await $rows.at(1).trigger('auxclick', { which: 2 })
  145 |     expect(wrapper.emitted('row-middle-clicked')).toBeDefined()
  146 |     expect(wrapper.emitted('row-middle-clicked').length).toBe(1)"
/home/gabriel/Disk/Research/research-javascript-test-smells/repositories/bootstrap-vue-dev/src/components/table/table-tbody-row-events.spec.js,Duplicate Assert,"{'line': 145, 'column': 4, 'index': 4901}","  143 |     expect(wrapper.emitted('row-middle-clicked')).toBeUndefined()
  144 |     await $rows.at(1).trigger('auxclick', { which: 2 })
> 145 |     expect(wrapper.emitted('row-middle-clicked')).toBeDefined()
      |    ^ Duplicate Assert
  146 |     expect(wrapper.emitted('row-middle-clicked').length).toBe(1)
  147 |     expect(wrapper.emitted('row-middle-clicked')[0][0]).toEqual(testItems[1]) // Row item
  148 |     expect(wrapper.emitted('row-middle-clicked')[0][1]).toEqual(1) // Row index"
/home/gabriel/Disk/Research/research-javascript-test-smells/repositories/bootstrap-vue-dev/src/components/table/table-tbody-row-events.spec.js,Duplicate Assert,"{'line': 169, 'column': 4, 'index': 5828}","  167 |     const $rows = wrapper.findAll('tbody > tr')
  168 |     expect($rows.length).toBe(3)
> 169 |     expect(wrapper.emitted('row-middle-clicked')).toBeUndefined()
      |    ^ Duplicate Assert
  170 |     await $rows.at(1).trigger('auxclick', { which: 2 })
  171 |     expect(wrapper.emitted('row-middle-clicked')).toBeUndefined()
  172 |"
/home/gabriel/Disk/Research/research-javascript-test-smells/repositories/bootstrap-vue-dev/src/components/table/table-tbody-row-events.spec.js,Duplicate Assert,"{'line': 169, 'column': 4, 'index': 5828}","  167 |     const $rows = wrapper.findAll('tbody > tr')
  168 |     expect($rows.length).toBe(3)
> 169 |     expect(wrapper.emitted('row-middle-clicked')).toBeUndefined()
      |    ^ Duplicate Assert
  170 |     await $rows.at(1).trigger('auxclick', { which: 2 })
  171 |     expect(wrapper.emitted('row-middle-clicked')).toBeUndefined()
  172 |"
/home/gabriel/Disk/Research/research-javascript-test-smells/repositories/bootstrap-vue-dev/src/components/table/table-tbody-row-events.spec.js,Duplicate Assert,"{'line': 171, 'column': 4, 'index': 5950}","  169 |     expect(wrapper.emitted('row-middle-clicked')).toBeUndefined()
  170 |     await $rows.at(1).trigger('auxclick', { which: 2 })
> 171 |     expect(wrapper.emitted('row-middle-clicked')).toBeUndefined()
      |    ^ Duplicate Assert
  172 |
  173 |     wrapper.destroy()
  174 |   })"
/home/gabriel/Disk/Research/research-javascript-test-smells/repositories/bootstrap-vue-dev/src/components/table/table-tbody-row-events.spec.js,Duplicate Assert,"{'line': 171, 'column': 4, 'index': 5950}","  169 |     expect(wrapper.emitted('row-middle-clicked')).toBeUndefined()
  170 |     await $rows.at(1).trigger('auxclick', { which: 2 })
> 171 |     expect(wrapper.emitted('row-middle-clicked')).toBeUndefined()
      |    ^ Duplicate Assert
  172 |
  173 |     wrapper.destroy()
  174 |   })"
/home/gabriel/Disk/Research/research-javascript-test-smells/repositories/bootstrap-vue-dev/src/components/table/table-tbody-row-events.spec.js,Duplicate Assert,"{'line': 190, 'column': 4, 'index': 6508}","  188 |     const $rows = wrapper.findAll('tbody > tr')
  189 |     expect($rows.length).toBe(3)
> 190 |     expect(wrapper.emitted('row-contextmenu')).toBeUndefined()
      |    ^ Duplicate Assert
  191 |     await $rows.at(1).trigger('contextmenu')
  192 |     expect(wrapper.emitted('row-contextmenu')).toBeDefined()
  193 |     expect(wrapper.emitted('row-contextmenu').length).toBe(1)"
/home/gabriel/Disk/Research/research-javascript-test-smells/repositories/bootstrap-vue-dev/src/components/table/table-tbody-row-events.spec.js,Duplicate Assert,"{'line': 192, 'column': 4, 'index': 6616}","  190 |     expect(wrapper.emitted('row-contextmenu')).toBeUndefined()
  191 |     await $rows.at(1).trigger('contextmenu')
> 192 |     expect(wrapper.emitted('row-contextmenu')).toBeDefined()
      |    ^ Duplicate Assert
  193 |     expect(wrapper.emitted('row-contextmenu').length).toBe(1)
  194 |     expect(wrapper.emitted('row-contextmenu')[0][0]).toEqual(testItems[1]) // Row item
  195 |     expect(wrapper.emitted('row-contextmenu')[0][1]).toEqual(1) // Row index"
/home/gabriel/Disk/Research/research-javascript-test-smells/repositories/bootstrap-vue-dev/src/components/table/table-tbody-row-events.spec.js,Duplicate Assert,"{'line': 216, 'column': 4, 'index': 7518}","  214 |     const $rows = wrapper.findAll('tbody > tr')
  215 |     expect($rows.length).toBe(3)
> 216 |     expect(wrapper.emitted('row-contextmenu')).toBeUndefined()
      |    ^ Duplicate Assert
  217 |     await $rows.at(1).trigger('contextmenu')
  218 |     expect(wrapper.emitted('row-contextmenu')).toBeUndefined()
  219 |"
/home/gabriel/Disk/Research/research-javascript-test-smells/repositories/bootstrap-vue-dev/src/components/table/table-tbody-row-events.spec.js,Duplicate Assert,"{'line': 216, 'column': 4, 'index': 7518}","  214 |     const $rows = wrapper.findAll('tbody > tr')
  215 |     expect($rows.length).toBe(3)
> 216 |     expect(wrapper.emitted('row-contextmenu')).toBeUndefined()
      |    ^ Duplicate Assert
  217 |     await $rows.at(1).trigger('contextmenu')
  218 |     expect(wrapper.emitted('row-contextmenu')).toBeUndefined()
  219 |"
/home/gabriel/Disk/Research/research-javascript-test-smells/repositories/bootstrap-vue-dev/src/components/table/table-tbody-row-events.spec.js,Duplicate Assert,"{'line': 218, 'column': 4, 'index': 7626}","  216 |     expect(wrapper.emitted('row-contextmenu')).toBeUndefined()
  217 |     await $rows.at(1).trigger('contextmenu')
> 218 |     expect(wrapper.emitted('row-contextmenu')).toBeUndefined()
      |    ^ Duplicate Assert
  219 |
  220 |     wrapper.destroy()
  221 |   })"
/home/gabriel/Disk/Research/research-javascript-test-smells/repositories/bootstrap-vue-dev/src/components/table/table-tbody-row-events.spec.js,Duplicate Assert,"{'line': 218, 'column': 4, 'index': 7626}","  216 |     expect(wrapper.emitted('row-contextmenu')).toBeUndefined()
  217 |     await $rows.at(1).trigger('contextmenu')
> 218 |     expect(wrapper.emitted('row-contextmenu')).toBeUndefined()
      |    ^ Duplicate Assert
  219 |
  220 |     wrapper.destroy()
  221 |   })"
/home/gabriel/Disk/Research/research-javascript-test-smells/repositories/bootstrap-vue-dev/src/components/table/table-tbody-row-events.spec.js,Duplicate Assert,"{'line': 237, 'column': 4, 'index': 8163}","  235 |     const $rows = wrapper.findAll('tbody > tr')
  236 |     expect($rows.length).toBe(3)
> 237 |     expect(wrapper.emitted('row-hovered')).toBeUndefined()
      |    ^ Duplicate Assert
  238 |     await $rows.at(1).trigger('mouseenter')
  239 |     expect(wrapper.emitted('row-hovered')).toBeDefined()
  240 |     expect(wrapper.emitted('row-hovered').length).toBe(1)"
/home/gabriel/Disk/Research/research-javascript-test-smells/repositories/bootstrap-vue-dev/src/components/table/table-tbody-row-events.spec.js,Duplicate Assert,"{'line': 239, 'column': 4, 'index': 8266}","  237 |     expect(wrapper.emitted('row-hovered')).toBeUndefined()
  238 |     await $rows.at(1).trigger('mouseenter')
> 239 |     expect(wrapper.emitted('row-hovered')).toBeDefined()
      |    ^ Duplicate Assert
  240 |     expect(wrapper.emitted('row-hovered').length).toBe(1)
  241 |     expect(wrapper.emitted('row-hovered')[0][0]).toEqual(testItems[1]) // Row item
  242 |     expect(wrapper.emitted('row-hovered')[0][1]).toEqual(1) // Row index"
/home/gabriel/Disk/Research/research-javascript-test-smells/repositories/bootstrap-vue-dev/src/components/table/table-tbody-row-events.spec.js,Duplicate Assert,"{'line': 263, 'column': 4, 'index': 9113}","  261 |     const $rows = wrapper.findAll('tbody > tr')
  262 |     expect($rows.length).toBe(3)
> 263 |     expect(wrapper.emitted('row-hovered')).toBeUndefined()
      |    ^ Duplicate Assert
  264 |     await $rows.at(1).trigger('mouseenter')
  265 |     expect(wrapper.emitted('row-hovered')).toBeUndefined()
  266 |"
/home/gabriel/Disk/Research/research-javascript-test-smells/repositories/bootstrap-vue-dev/src/components/table/table-tbody-row-events.spec.js,Duplicate Assert,"{'line': 263, 'column': 4, 'index': 9113}","  261 |     const $rows = wrapper.findAll('tbody > tr')
  262 |     expect($rows.length).toBe(3)
> 263 |     expect(wrapper.emitted('row-hovered')).toBeUndefined()
      |    ^ Duplicate Assert
  264 |     await $rows.at(1).trigger('mouseenter')
  265 |     expect(wrapper.emitted('row-hovered')).toBeUndefined()
  266 |"
/home/gabriel/Disk/Research/research-javascript-test-smells/repositories/bootstrap-vue-dev/src/components/table/table-tbody-row-events.spec.js,Duplicate Assert,"{'line': 265, 'column': 4, 'index': 9216}","  263 |     expect(wrapper.emitted('row-hovered')).toBeUndefined()
  264 |     await $rows.at(1).trigger('mouseenter')
> 265 |     expect(wrapper.emitted('row-hovered')).toBeUndefined()
      |    ^ Duplicate Assert
  266 |
  267 |     wrapper.destroy()
  268 |   })"
/home/gabriel/Disk/Research/research-javascript-test-smells/repositories/bootstrap-vue-dev/src/components/table/table-tbody-row-events.spec.js,Duplicate Assert,"{'line': 265, 'column': 4, 'index': 9216}","  263 |     expect(wrapper.emitted('row-hovered')).toBeUndefined()
  264 |     await $rows.at(1).trigger('mouseenter')
> 265 |     expect(wrapper.emitted('row-hovered')).toBeUndefined()
      |    ^ Duplicate Assert
  266 |
  267 |     wrapper.destroy()
  268 |   })"
/home/gabriel/Disk/Research/research-javascript-test-smells/repositories/bootstrap-vue-dev/src/components/table/table-tbody-row-events.spec.js,Duplicate Assert,"{'line': 285, 'column': 4, 'index': 9788}","  283 |     const $rows = wrapper.findAll('tbody > tr')
  284 |     expect($rows.length).toBe(3)
> 285 |     expect(wrapper.emitted('row-hovered')).toBeUndefined()
      |    ^ Duplicate Assert
  286 |     await $rows.at(1).trigger('mouseenter')
  287 |     expect(wrapper.emitted('row-hovered')).toBeUndefined()
  288 |"
/home/gabriel/Disk/Research/research-javascript-test-smells/repositories/bootstrap-vue-dev/src/components/table/table-tbody-row-events.spec.js,Duplicate Assert,"{'line': 285, 'column': 4, 'index': 9788}","  283 |     const $rows = wrapper.findAll('tbody > tr')
  284 |     expect($rows.length).toBe(3)
> 285 |     expect(wrapper.emitted('row-hovered')).toBeUndefined()
      |    ^ Duplicate Assert
  286 |     await $rows.at(1).trigger('mouseenter')
  287 |     expect(wrapper.emitted('row-hovered')).toBeUndefined()
  288 |"
/home/gabriel/Disk/Research/research-javascript-test-smells/repositories/bootstrap-vue-dev/src/components/table/table-tbody-row-events.spec.js,Duplicate Assert,"{'line': 287, 'column': 4, 'index': 9891}","  285 |     expect(wrapper.emitted('row-hovered')).toBeUndefined()
  286 |     await $rows.at(1).trigger('mouseenter')
> 287 |     expect(wrapper.emitted('row-hovered')).toBeUndefined()
      |    ^ Duplicate Assert
  288 |
  289 |     wrapper.destroy()
  290 |   })"
/home/gabriel/Disk/Research/research-javascript-test-smells/repositories/bootstrap-vue-dev/src/components/table/table-tbody-row-events.spec.js,Duplicate Assert,"{'line': 287, 'column': 4, 'index': 9891}","  285 |     expect(wrapper.emitted('row-hovered')).toBeUndefined()
  286 |     await $rows.at(1).trigger('mouseenter')
> 287 |     expect(wrapper.emitted('row-hovered')).toBeUndefined()
      |    ^ Duplicate Assert
  288 |
  289 |     wrapper.destroy()
  290 |   })"
/home/gabriel/Disk/Research/research-javascript-test-smells/repositories/bootstrap-vue-dev/src/components/table/table-tbody-row-events.spec.js,Duplicate Assert,"{'line': 306, 'column': 4, 'index': 10432}","  304 |     const $rows = wrapper.findAll('tbody > tr')
  305 |     expect($rows.length).toBe(3)
> 306 |     expect(wrapper.emitted('row-unhovered')).toBeUndefined()
      |    ^ Duplicate Assert
  307 |     await $rows.at(1).trigger('mouseleave')
  308 |     expect(wrapper.emitted('row-unhovered')).toBeDefined()
  309 |     expect(wrapper.emitted('row-unhovered').length).toBe(1)"
/home/gabriel/Disk/Research/research-javascript-test-smells/repositories/bootstrap-vue-dev/src/components/table/table-tbody-row-events.spec.js,Duplicate Assert,"{'line': 308, 'column': 4, 'index': 10537}","  306 |     expect(wrapper.emitted('row-unhovered')).toBeUndefined()
  307 |     await $rows.at(1).trigger('mouseleave')
> 308 |     expect(wrapper.emitted('row-unhovered')).toBeDefined()
      |    ^ Duplicate Assert
  309 |     expect(wrapper.emitted('row-unhovered').length).toBe(1)
  310 |     expect(wrapper.emitted('row-unhovered')[0][0]).toEqual(testItems[1]) // Row item
  311 |     expect(wrapper.emitted('row-unhovered')[0][1]).toEqual(1) // Row index"
/home/gabriel/Disk/Research/research-javascript-test-smells/repositories/bootstrap-vue-dev/src/components/table/table-tbody-row-events.spec.js,Duplicate Assert,"{'line': 332, 'column': 4, 'index': 11396}","  330 |     const $rows = wrapper.findAll('tbody > tr')
  331 |     expect($rows.length).toBe(3)
> 332 |     expect(wrapper.emitted('row-unhovered')).toBeUndefined()
      |    ^ Duplicate Assert
  333 |     await $rows.at(1).trigger('mouseleave')
  334 |     expect(wrapper.emitted('row-unhovered')).toBeUndefined()
  335 |"
/home/gabriel/Disk/Research/research-javascript-test-smells/repositories/bootstrap-vue-dev/src/components/table/table-tbody-row-events.spec.js,Duplicate Assert,"{'line': 332, 'column': 4, 'index': 11396}","  330 |     const $rows = wrapper.findAll('tbody > tr')
  331 |     expect($rows.length).toBe(3)
> 332 |     expect(wrapper.emitted('row-unhovered')).toBeUndefined()
      |    ^ Duplicate Assert
  333 |     await $rows.at(1).trigger('mouseleave')
  334 |     expect(wrapper.emitted('row-unhovered')).toBeUndefined()
  335 |"
/home/gabriel/Disk/Research/research-javascript-test-smells/repositories/bootstrap-vue-dev/src/components/table/table-tbody-row-events.spec.js,Duplicate Assert,"{'line': 334, 'column': 4, 'index': 11501}","  332 |     expect(wrapper.emitted('row-unhovered')).toBeUndefined()
  333 |     await $rows.at(1).trigger('mouseleave')
> 334 |     expect(wrapper.emitted('row-unhovered')).toBeUndefined()
      |    ^ Duplicate Assert
  335 |
  336 |     wrapper.destroy()
  337 |   })"
/home/gabriel/Disk/Research/research-javascript-test-smells/repositories/bootstrap-vue-dev/src/components/table/table-tbody-row-events.spec.js,Duplicate Assert,"{'line': 334, 'column': 4, 'index': 11501}","  332 |     expect(wrapper.emitted('row-unhovered')).toBeUndefined()
  333 |     await $rows.at(1).trigger('mouseleave')
> 334 |     expect(wrapper.emitted('row-unhovered')).toBeUndefined()
      |    ^ Duplicate Assert
  335 |
  336 |     wrapper.destroy()
  337 |   })"
/home/gabriel/Disk/Research/research-javascript-test-smells/repositories/bootstrap-vue-dev/src/components/table/table-tbody-row-events.spec.js,Duplicate Assert,"{'line': 354, 'column': 4, 'index': 12083}","  352 |     const $rows = wrapper.findAll('tbody > tr')
  353 |     expect($rows.length).toBe(3)
> 354 |     expect(wrapper.emitted('row-unhovered')).toBeUndefined()
      |    ^ Duplicate Assert
  355 |     await $rows.at(1).trigger('mouseleave')
  356 |     expect(wrapper.emitted('row-unhovered')).toBeUndefined()
  357 |"
/home/gabriel/Disk/Research/research-javascript-test-smells/repositories/bootstrap-vue-dev/src/components/table/table-tbody-row-events.spec.js,Duplicate Assert,"{'line': 354, 'column': 4, 'index': 12083}","  352 |     const $rows = wrapper.findAll('tbody > tr')
  353 |     expect($rows.length).toBe(3)
> 354 |     expect(wrapper.emitted('row-unhovered')).toBeUndefined()
      |    ^ Duplicate Assert
  355 |     await $rows.at(1).trigger('mouseleave')
  356 |     expect(wrapper.emitted('row-unhovered')).toBeUndefined()
  357 |"
/home/gabriel/Disk/Research/research-javascript-test-smells/repositories/bootstrap-vue-dev/src/components/table/table-tbody-row-events.spec.js,Duplicate Assert,"{'line': 356, 'column': 4, 'index': 12188}","  354 |     expect(wrapper.emitted('row-unhovered')).toBeUndefined()
  355 |     await $rows.at(1).trigger('mouseleave')
> 356 |     expect(wrapper.emitted('row-unhovered')).toBeUndefined()
      |    ^ Duplicate Assert
  357 |
  358 |     wrapper.destroy()
  359 |   })"
/home/gabriel/Disk/Research/research-javascript-test-smells/repositories/bootstrap-vue-dev/src/components/table/table-tbody-row-events.spec.js,Duplicate Assert,"{'line': 356, 'column': 4, 'index': 12188}","  354 |     expect(wrapper.emitted('row-unhovered')).toBeUndefined()
  355 |     await $rows.at(1).trigger('mouseleave')
> 356 |     expect(wrapper.emitted('row-unhovered')).toBeUndefined()
      |    ^ Duplicate Assert
  357 |
  358 |     wrapper.destroy()
  359 |   })"
/home/gabriel/Disk/Research/research-javascript-test-smells/repositories/bootstrap-vue-dev/src/components/table/table-tbody-row-events.spec.js,Duplicate Assert,"{'line': 376, 'column': 4, 'index': 12779}","  374 |     const $rows = wrapper.findAll('tbody > tr')
  375 |     expect($rows.length).toBe(3)
> 376 |     expect(wrapper.emitted('row-clicked')).toBeUndefined()
      |    ^ Duplicate Assert
  377 |     $rows.at(1).element.focus() // Event only works when the TR is focused
  378 |     await waitNT(wrapper.vm)
  379 |     await $rows.at(1).trigger('keydown.enter')"
/home/gabriel/Disk/Research/research-javascript-test-smells/repositories/bootstrap-vue-dev/src/components/table/table-tbody-row-events.spec.js,Duplicate Assert,"{'line': 381, 'column': 4, 'index': 13018}","  379 |     await $rows.at(1).trigger('keydown.enter')
  380 |     await waitNT(wrapper.vm)
> 381 |     expect(wrapper.emitted('row-clicked')).toBeDefined()
      |    ^ Duplicate Assert
  382 |     expect(wrapper.emitted('row-clicked').length).toBe(1)
  383 |     expect(wrapper.emitted('row-clicked')[0][0]).toEqual(testItems[1]) // Row item
  384 |     expect(wrapper.emitted('row-clicked')[0][1]).toEqual(1) // Row index"
/home/gabriel/Disk/Research/research-javascript-test-smells/repositories/bootstrap-vue-dev/src/components/table/table-tbody-row-events.spec.js,Duplicate Assert,"{'line': 406, 'column': 4, 'index': 13976}","  404 |     const $rows = wrapper.findAll('tbody > tr')
  405 |     expect($rows.length).toBe(3)
> 406 |     expect(wrapper.emitted('row-clicked')).toBeUndefined()
      |    ^ Duplicate Assert
  407 |     $rows.at(1).element.focus() // Event only works when the TR is focused
  408 |     await $rows.at(1).trigger('keydown.enter')
  409 |     expect(wrapper.emitted('row-clicked')).toBeUndefined()"
/home/gabriel/Disk/Research/research-javascript-test-smells/repositories/bootstrap-vue-dev/src/components/table/table-tbody-row-events.spec.js,Duplicate Assert,"{'line': 406, 'column': 4, 'index': 13976}","  404 |     const $rows = wrapper.findAll('tbody > tr')
  405 |     expect($rows.length).toBe(3)
> 406 |     expect(wrapper.emitted('row-clicked')).toBeUndefined()
      |    ^ Duplicate Assert
  407 |     $rows.at(1).element.focus() // Event only works when the TR is focused
  408 |     await $rows.at(1).trigger('keydown.enter')
  409 |     expect(wrapper.emitted('row-clicked')).toBeUndefined()"
/home/gabriel/Disk/Research/research-javascript-test-smells/repositories/bootstrap-vue-dev/src/components/table/table-tbody-row-events.spec.js,Duplicate Assert,"{'line': 409, 'column': 4, 'index': 14157}","  407 |     $rows.at(1).element.focus() // Event only works when the TR is focused
  408 |     await $rows.at(1).trigger('keydown.enter')
> 409 |     expect(wrapper.emitted('row-clicked')).toBeUndefined()
      |    ^ Duplicate Assert
  410 |
  411 |     wrapper.destroy()
  412 |   })"
/home/gabriel/Disk/Research/research-javascript-test-smells/repositories/bootstrap-vue-dev/src/components/table/table-tbody-row-events.spec.js,Duplicate Assert,"{'line': 409, 'column': 4, 'index': 14157}","  407 |     $rows.at(1).element.focus() // Event only works when the TR is focused
  408 |     await $rows.at(1).trigger('keydown.enter')
> 409 |     expect(wrapper.emitted('row-clicked')).toBeUndefined()
      |    ^ Duplicate Assert
  410 |
  411 |     wrapper.destroy()
  412 |   })"
/home/gabriel/Disk/Research/research-javascript-test-smells/repositories/bootstrap-vue-dev/src/components/table/table-tbody-row-events.spec.js,Duplicate Assert,"{'line': 442, 'column': 4, 'index': 15398}","  440 |     const $rows = wrapper.findAll('tbody > tr')
  441 |     expect($rows.length).toBe(1)
> 442 |     expect(wrapper.emitted('row-clicked')).toBeUndefined()
      |    ^ Duplicate Assert
  443 |
  444 |     const $btn = wrapper.find('button[id=""a""]')
  445 |     expect($btn.exists()).toBe(true)"
/home/gabriel/Disk/Research/research-javascript-test-smells/repositories/bootstrap-vue-dev/src/components/table/table-tbody-row-events.spec.js,Duplicate Assert,"{'line': 442, 'column': 4, 'index': 15398}","  440 |     const $rows = wrapper.findAll('tbody > tr')
  441 |     expect($rows.length).toBe(1)
> 442 |     expect(wrapper.emitted('row-clicked')).toBeUndefined()
      |    ^ Duplicate Assert
  443 |
  444 |     const $btn = wrapper.find('button[id=""a""]')
  445 |     expect($btn.exists()).toBe(true)"
/home/gabriel/Disk/Research/research-javascript-test-smells/repositories/bootstrap-vue-dev/src/components/table/table-tbody-row-events.spec.js,Duplicate Assert,"{'line': 447, 'column': 4, 'index': 15575}","  445 |     expect($btn.exists()).toBe(true)
  446 |     await $btn.trigger('click')
> 447 |     expect(wrapper.emitted('row-clicked')).toBeUndefined()
      |    ^ Duplicate Assert
  448 |
  449 |     const $input = wrapper.find('input[id=""b""]')
  450 |     expect($input.exists()).toBe(true)"
/home/gabriel/Disk/Research/research-javascript-test-smells/repositories/bootstrap-vue-dev/src/components/table/table-tbody-row-events.spec.js,Duplicate Assert,"{'line': 447, 'column': 4, 'index': 15575}","  445 |     expect($btn.exists()).toBe(true)
  446 |     await $btn.trigger('click')
> 447 |     expect(wrapper.emitted('row-clicked')).toBeUndefined()
      |    ^ Duplicate Assert
  448 |
  449 |     const $input = wrapper.find('input[id=""b""]')
  450 |     expect($input.exists()).toBe(true)"
/home/gabriel/Disk/Research/research-javascript-test-smells/repositories/bootstrap-vue-dev/src/components/table/table-tbody-row-events.spec.js,Duplicate Assert,"{'line': 452, 'column': 4, 'index': 15757}","  450 |     expect($input.exists()).toBe(true)
  451 |     await $input.trigger('click')
> 452 |     expect(wrapper.emitted('row-clicked')).toBeUndefined()
      |    ^ Duplicate Assert
  453 |
  454 |     const $link = wrapper.find('a[id=""c""]')
  455 |     expect($link.exists()).toBe(true)"
/home/gabriel/Disk/Research/research-javascript-test-smells/repositories/bootstrap-vue-dev/src/components/table/table-tbody-row-events.spec.js,Duplicate Assert,"{'line': 452, 'column': 4, 'index': 15757}","  450 |     expect($input.exists()).toBe(true)
  451 |     await $input.trigger('click')
> 452 |     expect(wrapper.emitted('row-clicked')).toBeUndefined()
      |    ^ Duplicate Assert
  453 |
  454 |     const $link = wrapper.find('a[id=""c""]')
  455 |     expect($link.exists()).toBe(true)"
/home/gabriel/Disk/Research/research-javascript-test-smells/repositories/bootstrap-vue-dev/src/components/table/table-tbody-row-events.spec.js,Duplicate Assert,"{'line': 457, 'column': 4, 'index': 15932}","  455 |     expect($link.exists()).toBe(true)
  456 |     await $link.trigger('click')
> 457 |     expect(wrapper.emitted('row-clicked')).toBeUndefined()
      |    ^ Duplicate Assert
  458 |
  459 |     const $dd = wrapper.find('div[id=""d""]')
  460 |     expect($dd.exists()).toBe(true)"
/home/gabriel/Disk/Research/research-javascript-test-smells/repositories/bootstrap-vue-dev/src/components/table/table-tbody-row-events.spec.js,Duplicate Assert,"{'line': 457, 'column': 4, 'index': 15932}","  455 |     expect($link.exists()).toBe(true)
  456 |     await $link.trigger('click')
> 457 |     expect(wrapper.emitted('row-clicked')).toBeUndefined()
      |    ^ Duplicate Assert
  458 |
  459 |     const $dd = wrapper.find('div[id=""d""]')
  460 |     expect($dd.exists()).toBe(true)"
/home/gabriel/Disk/Research/research-javascript-test-smells/repositories/bootstrap-vue-dev/src/components/table/table-tbody-row-events.spec.js,Duplicate Assert,"{'line': 462, 'column': 4, 'index': 16103}","  460 |     expect($dd.exists()).toBe(true)
  461 |     await $dd.trigger('click')
> 462 |     expect(wrapper.emitted('row-clicked')).toBeUndefined()
      |    ^ Duplicate Assert
  463 |
  464 |     const $label = wrapper.find('label[for=""e""]')
  465 |     expect($label.exists()).toBe(true)"
/home/gabriel/Disk/Research/research-javascript-test-smells/repositories/bootstrap-vue-dev/src/components/table/table-tbody-row-events.spec.js,Duplicate Assert,"{'line': 462, 'column': 4, 'index': 16103}","  460 |     expect($dd.exists()).toBe(true)
  461 |     await $dd.trigger('click')
> 462 |     expect(wrapper.emitted('row-clicked')).toBeUndefined()
      |    ^ Duplicate Assert
  463 |
  464 |     const $label = wrapper.find('label[for=""e""]')
  465 |     expect($label.exists()).toBe(true)"
/home/gabriel/Disk/Research/research-javascript-test-smells/repositories/bootstrap-vue-dev/src/components/table/table-tbody-row-events.spec.js,Duplicate Assert,"{'line': 467, 'column': 4, 'index': 16286}","  465 |     expect($label.exists()).toBe(true)
  466 |     await $label.trigger('click')
> 467 |     expect(wrapper.emitted('row-clicked')).toBeUndefined()
      |    ^ Duplicate Assert
  468 |
  469 |     const $labelf = wrapper.find('label.f-label')
  470 |     expect($labelf.exists()).toBe(true)"
/home/gabriel/Disk/Research/research-javascript-test-smells/repositories/bootstrap-vue-dev/src/components/table/table-tbody-row-events.spec.js,Duplicate Assert,"{'line': 467, 'column': 4, 'index': 16286}","  465 |     expect($label.exists()).toBe(true)
  466 |     await $label.trigger('click')
> 467 |     expect(wrapper.emitted('row-clicked')).toBeUndefined()
      |    ^ Duplicate Assert
  468 |
  469 |     const $labelf = wrapper.find('label.f-label')
  470 |     expect($labelf.exists()).toBe(true)"
/home/gabriel/Disk/Research/research-javascript-test-smells/repositories/bootstrap-vue-dev/src/components/table/table-tbody-row-events.spec.js,Duplicate Assert,"{'line': 472, 'column': 4, 'index': 16471}","  470 |     expect($labelf.exists()).toBe(true)
  471 |     await $labelf.trigger('click')
> 472 |     expect(wrapper.emitted('row-clicked')).toBeUndefined()
      |    ^ Duplicate Assert
  473 |
  474 |     wrapper.destroy()
  475 |   })"
/home/gabriel/Disk/Research/research-javascript-test-smells/repositories/bootstrap-vue-dev/src/components/table/table-tbody-row-events.spec.js,Duplicate Assert,"{'line': 472, 'column': 4, 'index': 16471}","  470 |     expect($labelf.exists()).toBe(true)
  471 |     await $labelf.trigger('click')
> 472 |     expect(wrapper.emitted('row-clicked')).toBeUndefined()
      |    ^ Duplicate Assert
  473 |
  474 |     wrapper.destroy()
  475 |   })"
/home/gabriel/Disk/Research/research-javascript-test-smells/repositories/bootstrap-vue-dev/src/components/table/table-tbody-row-events.spec.js,Duplicate Assert,"{'line': 495, 'column': 4, 'index': 17143}","  493 |     expect($rows.wrappers.every(w => w.attributes('tabindex') === '0')).toBe(true)
  494 |
> 495 |     expect(document.activeElement).not.toBe($rows.at(0).element)
      |    ^ Duplicate Assert
  496 |     expect(document.activeElement).not.toBe($rows.at(1).element)
  497 |     expect(document.activeElement).not.toBe($rows.at(2).element)
  498 |"
/home/gabriel/Disk/Research/research-javascript-test-smells/repositories/bootstrap-vue-dev/src/components/table/table-tbody-row-events.spec.js,Duplicate Assert,"{'line': 496, 'column': 4, 'index': 17208}","  494 |
  495 |     expect(document.activeElement).not.toBe($rows.at(0).element)
> 496 |     expect(document.activeElement).not.toBe($rows.at(1).element)
      |    ^ Duplicate Assert
  497 |     expect(document.activeElement).not.toBe($rows.at(2).element)
  498 |
  499 |     $rows.at(0).element.focus()"
/home/gabriel/Disk/Research/research-javascript-test-smells/repositories/bootstrap-vue-dev/src/components/table/table-tbody-row-events.spec.js,Duplicate Assert,"{'line': 497, 'column': 4, 'index': 17273}","  495 |     expect(document.activeElement).not.toBe($rows.at(0).element)
  496 |     expect(document.activeElement).not.toBe($rows.at(1).element)
> 497 |     expect(document.activeElement).not.toBe($rows.at(2).element)
      |    ^ Duplicate Assert
  498 |
  499 |     $rows.at(0).element.focus()
  500 |     expect(document.activeElement).toBe($rows.at(0).element)"
/home/gabriel/Disk/Research/research-javascript-test-smells/repositories/bootstrap-vue-dev/src/components/table/table-tbody-row-events.spec.js,Duplicate Assert,"{'line': 500, 'column': 4, 'index': 17371}","  498 |
  499 |     $rows.at(0).element.focus()
> 500 |     expect(document.activeElement).toBe($rows.at(0).element)
      |    ^ Duplicate Assert
  501 |
  502 |     await $rows.at(0).trigger('keydown.end')
  503 |     expect(document.activeElement).toBe($rows.at(2).element)"
/home/gabriel/Disk/Research/research-javascript-test-smells/repositories/bootstrap-vue-dev/src/components/table/table-tbody-row-events.spec.js,Duplicate Assert,"{'line': 500, 'column': 4, 'index': 17371}","  498 |
  499 |     $rows.at(0).element.focus()
> 500 |     expect(document.activeElement).toBe($rows.at(0).element)
      |    ^ Duplicate Assert
  501 |
  502 |     await $rows.at(0).trigger('keydown.end')
  503 |     expect(document.activeElement).toBe($rows.at(2).element)"
/home/gabriel/Disk/Research/research-javascript-test-smells/repositories/bootstrap-vue-dev/src/components/table/table-tbody-row-events.spec.js,Duplicate Assert,"{'line': 503, 'column': 4, 'index': 17478}","  501 |
  502 |     await $rows.at(0).trigger('keydown.end')
> 503 |     expect(document.activeElement).toBe($rows.at(2).element)
      |    ^ Duplicate Assert
  504 |
  505 |     await $rows.at(2).trigger('keydown.home')
  506 |     expect(document.activeElement).toBe($rows.at(0).element)"
/home/gabriel/Disk/Research/research-javascript-test-smells/repositories/bootstrap-vue-dev/src/components/table/table-tbody-row-events.spec.js,Duplicate Assert,"{'line': 503, 'column': 4, 'index': 17478}","  501 |
  502 |     await $rows.at(0).trigger('keydown.end')
> 503 |     expect(document.activeElement).toBe($rows.at(2).element)
      |    ^ Duplicate Assert
  504 |
  505 |     await $rows.at(2).trigger('keydown.home')
  506 |     expect(document.activeElement).toBe($rows.at(0).element)"
/home/gabriel/Disk/Research/research-javascript-test-smells/repositories/bootstrap-vue-dev/src/components/table/table-tbody-row-events.spec.js,Duplicate Assert,"{'line': 506, 'column': 4, 'index': 17586}","  504 |
  505 |     await $rows.at(2).trigger('keydown.home')
> 506 |     expect(document.activeElement).toBe($rows.at(0).element)
      |    ^ Duplicate Assert
  507 |
  508 |     await $rows.at(0).trigger('keydown.down')
  509 |     expect(document.activeElement).toBe($rows.at(1).element)"
/home/gabriel/Disk/Research/research-javascript-test-smells/repositories/bootstrap-vue-dev/src/components/table/table-tbody-row-events.spec.js,Duplicate Assert,"{'line': 506, 'column': 4, 'index': 17586}","  504 |
  505 |     await $rows.at(2).trigger('keydown.home')
> 506 |     expect(document.activeElement).toBe($rows.at(0).element)
      |    ^ Duplicate Assert
  507 |
  508 |     await $rows.at(0).trigger('keydown.down')
  509 |     expect(document.activeElement).toBe($rows.at(1).element)"
/home/gabriel/Disk/Research/research-javascript-test-smells/repositories/bootstrap-vue-dev/src/components/table/table-tbody-row-events.spec.js,Duplicate Assert,"{'line': 509, 'column': 4, 'index': 17694}","  507 |
  508 |     await $rows.at(0).trigger('keydown.down')
> 509 |     expect(document.activeElement).toBe($rows.at(1).element)
      |    ^ Duplicate Assert
  510 |
  511 |     await $rows.at(1).trigger('keydown.up')
  512 |     expect(document.activeElement).toBe($rows.at(0).element)"
/home/gabriel/Disk/Research/research-javascript-test-smells/repositories/bootstrap-vue-dev/src/components/table/table-tbody-row-events.spec.js,Duplicate Assert,"{'line': 512, 'column': 4, 'index': 17800}","  510 |
  511 |     await $rows.at(1).trigger('keydown.up')
> 512 |     expect(document.activeElement).toBe($rows.at(0).element)
      |    ^ Duplicate Assert
  513 |
  514 |     await $rows.at(0).trigger('keydown.down', { shiftKey: true })
  515 |     expect(document.activeElement).toBe($rows.at(2).element)"
/home/gabriel/Disk/Research/research-javascript-test-smells/repositories/bootstrap-vue-dev/src/components/table/table-tbody-row-events.spec.js,Duplicate Assert,"{'line': 512, 'column': 4, 'index': 17800}","  510 |
  511 |     await $rows.at(1).trigger('keydown.up')
> 512 |     expect(document.activeElement).toBe($rows.at(0).element)
      |    ^ Duplicate Assert
  513 |
  514 |     await $rows.at(0).trigger('keydown.down', { shiftKey: true })
  515 |     expect(document.activeElement).toBe($rows.at(2).element)"
/home/gabriel/Disk/Research/research-javascript-test-smells/repositories/bootstrap-vue-dev/src/components/table/table-tbody-row-events.spec.js,Duplicate Assert,"{'line': 515, 'column': 4, 'index': 17928}","  513 |
  514 |     await $rows.at(0).trigger('keydown.down', { shiftKey: true })
> 515 |     expect(document.activeElement).toBe($rows.at(2).element)
      |    ^ Duplicate Assert
  516 |
  517 |     await $rows.at(2).trigger('keydown.up', { shiftKey: true })
  518 |     expect(document.activeElement).toBe($rows.at(0).element)"
/home/gabriel/Disk/Research/research-javascript-test-smells/repositories/bootstrap-vue-dev/src/components/table/table-tbody-row-events.spec.js,Duplicate Assert,"{'line': 515, 'column': 4, 'index': 17928}","  513 |
  514 |     await $rows.at(0).trigger('keydown.down', { shiftKey: true })
> 515 |     expect(document.activeElement).toBe($rows.at(2).element)
      |    ^ Duplicate Assert
  516 |
  517 |     await $rows.at(2).trigger('keydown.up', { shiftKey: true })
  518 |     expect(document.activeElement).toBe($rows.at(0).element)"
/home/gabriel/Disk/Research/research-javascript-test-smells/repositories/bootstrap-vue-dev/src/components/table/table-tbody-row-events.spec.js,Duplicate Assert,"{'line': 518, 'column': 4, 'index': 18054}","  516 |
  517 |     await $rows.at(2).trigger('keydown.up', { shiftKey: true })
> 518 |     expect(document.activeElement).toBe($rows.at(0).element)
      |    ^ Duplicate Assert
  519 |
  520 |     // Should only move focus if TR was target
  521 |     await $rows"
/home/gabriel/Disk/Research/research-javascript-test-smells/repositories/bootstrap-vue-dev/src/components/table/table-tbody-row-events.spec.js,Duplicate Assert,"{'line': 518, 'column': 4, 'index': 18054}","  516 |
  517 |     await $rows.at(2).trigger('keydown.up', { shiftKey: true })
> 518 |     expect(document.activeElement).toBe($rows.at(0).element)
      |    ^ Duplicate Assert
  519 |
  520 |     // Should only move focus if TR was target
  521 |     await $rows"
/home/gabriel/Disk/Research/research-javascript-test-smells/repositories/bootstrap-vue-dev/src/components/table/table-tbody-row-events.spec.js,Duplicate Assert,"{'line': 525, 'column': 4, 'index': 18241}","  523 |       .find('td')
  524 |       .trigger('keydown.down')
> 525 |     expect(document.activeElement).toBe($rows.at(0).element)
      |    ^ Duplicate Assert
  526 |
  527 |     wrapper.destroy()
  528 |   })"
/home/gabriel/Disk/Research/research-javascript-test-smells/repositories/bootstrap-vue-dev/src/components/table/table-tbody-row-events.spec.js,Duplicate Assert,"{'line': 525, 'column': 4, 'index': 18241}","  523 |       .find('td')
  524 |       .trigger('keydown.down')
> 525 |     expect(document.activeElement).toBe($rows.at(0).element)
      |    ^ Duplicate Assert
  526 |
  527 |     wrapper.destroy()
  528 |   })"
/home/gabriel/Disk/Research/research-javascript-test-smells/repositories/bootstrap-vue-dev/src/components/table/table-tbody-row-events.spec.js,Magic Number,"{'line': 23, 'column': 30, 'index': 763}","  21 |     expect(wrapper).toBeDefined()
  22 |     const $rows = wrapper.findAll('tbody > tr')
> 23 |     expect($rows.length).toBe(3)
     |                              ^ Magic Number
  24 |     expect(wrapper.emitted('row-clicked')).toBeUndefined()
  25 |     await $rows.at(1).trigger('click')
  26 |     expect(wrapper.emitted('row-clicked')).toBeDefined()"
/home/gabriel/Disk/Research/research-javascript-test-smells/repositories/bootstrap-vue-dev/src/components/table/table-tbody-row-events.spec.js,Magic Number,"{'line': 27, 'column': 55, 'index': 976}","  25 |     await $rows.at(1).trigger('click')
  26 |     expect(wrapper.emitted('row-clicked')).toBeDefined()
> 27 |     expect(wrapper.emitted('row-clicked').length).toBe(1)
     |                                                       ^ Magic Number
  28 |     expect(wrapper.emitted('row-clicked')[0][0]).toEqual(testItems[1]) // Row item
  29 |     expect(wrapper.emitted('row-clicked')[0][1]).toEqual(1) // Row index
  30 |     expect(wrapper.emitted('row-clicked')[0][2]).toBeInstanceOf(MouseEvent) // Event"
/home/gabriel/Disk/Research/research-javascript-test-smells/repositories/bootstrap-vue-dev/src/components/table/table-tbody-row-events.spec.js,Magic Number,"{'line': 29, 'column': 57, 'index': 1119}","  27 |     expect(wrapper.emitted('row-clicked').length).toBe(1)
  28 |     expect(wrapper.emitted('row-clicked')[0][0]).toEqual(testItems[1]) // Row item
> 29 |     expect(wrapper.emitted('row-clicked')[0][1]).toEqual(1) // Row index
     |                                                         ^ Magic Number
  30 |     expect(wrapper.emitted('row-clicked')[0][2]).toBeInstanceOf(MouseEvent) // Event
  31 |
  32 |     wrapper.destroy()"
/home/gabriel/Disk/Research/research-javascript-test-smells/repositories/bootstrap-vue-dev/src/components/table/table-tbody-row-events.spec.js,Magic Number,"{'line': 50, 'column': 30, 'index': 1765}","  48 |     expect(wrapper.element.tagName).toBe('TABLE')
  49 |     const $rows = wrapper.findAll('tbody > tr')
> 50 |     expect($rows.length).toBe(3)
     |                              ^ Magic Number
  51 |     expect(wrapper.emitted('row-clicked')).toBeUndefined()
  52 |     await $rows.at(1).trigger('click')
  53 |     expect(wrapper.emitted('row-clicked')).toBeUndefined()"
/home/gabriel/Disk/Research/research-javascript-test-smells/repositories/bootstrap-vue-dev/src/components/table/table-tbody-row-events.spec.js,Magic Number,"{'line': 71, 'column': 30, 'index': 2404}","  69 |     expect(wrapper).toBeDefined()
  70 |     const $rows = wrapper.findAll('tbody > tr')
> 71 |     expect($rows.length).toBe(3)
     |                              ^ Magic Number
  72 |     expect(wrapper.emitted('row-clicked')).toBeUndefined()
  73 |     await wrapper.setData({
  74 |       localBusy: true"
/home/gabriel/Disk/Research/research-javascript-test-smells/repositories/bootstrap-vue-dev/src/components/table/table-tbody-row-events.spec.js,Magic Number,"{'line': 95, 'column': 30, 'index': 3104}","  93 |     expect(wrapper).toBeDefined()
  94 |     const $rows = wrapper.findAll('tbody > tr')
> 95 |     expect($rows.length).toBe(3)
     |                              ^ Magic Number
  96 |     expect(wrapper.emitted('row-dblclicked')).toBeUndefined()
  97 |     await $rows.at(1).trigger('dblclick')
  98 |     expect(wrapper.emitted('row-dblclicked')).toBeDefined()"
/home/gabriel/Disk/Research/research-javascript-test-smells/repositories/bootstrap-vue-dev/src/components/table/table-tbody-row-events.spec.js,Magic Number,"{'line': 99, 'column': 58, 'index': 3329}","   97 |     await $rows.at(1).trigger('dblclick')
   98 |     expect(wrapper.emitted('row-dblclicked')).toBeDefined()
>  99 |     expect(wrapper.emitted('row-dblclicked').length).toBe(1)
      |                                                          ^ Magic Number
  100 |     expect(wrapper.emitted('row-dblclicked')[0][0]).toEqual(testItems[1]) // Row item
  101 |     expect(wrapper.emitted('row-dblclicked')[0][1]).toEqual(1) // Row index
  102 |     expect(wrapper.emitted('row-dblclicked')[0][2]).toBeInstanceOf(MouseEvent) // Event"
/home/gabriel/Disk/Research/research-javascript-test-smells/repositories/bootstrap-vue-dev/src/components/table/table-tbody-row-events.spec.js,Magic Number,"{'line': 101, 'column': 60, 'index': 3478}","   99 |     expect(wrapper.emitted('row-dblclicked').length).toBe(1)
  100 |     expect(wrapper.emitted('row-dblclicked')[0][0]).toEqual(testItems[1]) // Row item
> 101 |     expect(wrapper.emitted('row-dblclicked')[0][1]).toEqual(1) // Row index
      |                                                            ^ Magic Number
  102 |     expect(wrapper.emitted('row-dblclicked')[0][2]).toBeInstanceOf(MouseEvent) // Event
  103 |
  104 |     wrapper.destroy()"
/home/gabriel/Disk/Research/research-javascript-test-smells/repositories/bootstrap-vue-dev/src/components/table/table-tbody-row-events.spec.js,Magic Number,"{'line': 121, 'column': 30, 'index': 4104}","  119 |     expect(wrapper).toBeDefined()
  120 |     const $rows = wrapper.findAll('tbody > tr')
> 121 |     expect($rows.length).toBe(3)
      |                              ^ Magic Number
  122 |     expect(wrapper.emitted('row-dblclicked')).toBeUndefined()
  123 |     await $rows.at(1).trigger('dblclick')
  124 |     expect(wrapper.emitted('row-dblclicked')).toBeUndefined()"
/home/gabriel/Disk/Research/research-javascript-test-smells/repositories/bootstrap-vue-dev/src/components/table/table-tbody-row-events.spec.js,Magic Number,"{'line': 142, 'column': 30, 'index': 4772}","  140 |     expect(wrapper).toBeDefined()
  141 |     const $rows = wrapper.findAll('tbody > tr')
> 142 |     expect($rows.length).toBe(3)
      |                              ^ Magic Number
  143 |     expect(wrapper.emitted('row-middle-clicked')).toBeUndefined()
  144 |     await $rows.at(1).trigger('auxclick', { which: 2 })
  145 |     expect(wrapper.emitted('row-middle-clicked')).toBeDefined()"
/home/gabriel/Disk/Research/research-javascript-test-smells/repositories/bootstrap-vue-dev/src/components/table/table-tbody-row-events.spec.js,Magic Number,"{'line': 146, 'column': 62, 'index': 5023}","  144 |     await $rows.at(1).trigger('auxclick', { which: 2 })
  145 |     expect(wrapper.emitted('row-middle-clicked')).toBeDefined()
> 146 |     expect(wrapper.emitted('row-middle-clicked').length).toBe(1)
      |                                                              ^ Magic Number
  147 |     expect(wrapper.emitted('row-middle-clicked')[0][0]).toEqual(testItems[1]) // Row item
  148 |     expect(wrapper.emitted('row-middle-clicked')[0][1]).toEqual(1) // Row index
  149 |     expect(wrapper.emitted('row-middle-clicked')[0][2]).toBeInstanceOf(Event) // Event"
/home/gabriel/Disk/Research/research-javascript-test-smells/repositories/bootstrap-vue-dev/src/components/table/table-tbody-row-events.spec.js,Magic Number,"{'line': 148, 'column': 64, 'index': 5180}","  146 |     expect(wrapper.emitted('row-middle-clicked').length).toBe(1)
  147 |     expect(wrapper.emitted('row-middle-clicked')[0][0]).toEqual(testItems[1]) // Row item
> 148 |     expect(wrapper.emitted('row-middle-clicked')[0][1]).toEqual(1) // Row index
      |                                                                ^ Magic Number
  149 |     expect(wrapper.emitted('row-middle-clicked')[0][2]).toBeInstanceOf(Event) // Event
  150 |
  151 |     wrapper.destroy()"
/home/gabriel/Disk/Research/research-javascript-test-smells/repositories/bootstrap-vue-dev/src/components/table/table-tbody-row-events.spec.js,Magic Number,"{'line': 168, 'column': 30, 'index': 5821}","  166 |     expect(wrapper).toBeDefined()
  167 |     const $rows = wrapper.findAll('tbody > tr')
> 168 |     expect($rows.length).toBe(3)
      |                              ^ Magic Number
  169 |     expect(wrapper.emitted('row-middle-clicked')).toBeUndefined()
  170 |     await $rows.at(1).trigger('auxclick', { which: 2 })
  171 |     expect(wrapper.emitted('row-middle-clicked')).toBeUndefined()"
/home/gabriel/Disk/Research/research-javascript-test-smells/repositories/bootstrap-vue-dev/src/components/table/table-tbody-row-events.spec.js,Magic Number,"{'line': 189, 'column': 30, 'index': 6501}","  187 |     expect(wrapper).toBeDefined()
  188 |     const $rows = wrapper.findAll('tbody > tr')
> 189 |     expect($rows.length).toBe(3)
      |                              ^ Magic Number
  190 |     expect(wrapper.emitted('row-contextmenu')).toBeUndefined()
  191 |     await $rows.at(1).trigger('contextmenu')
  192 |     expect(wrapper.emitted('row-contextmenu')).toBeDefined()"
/home/gabriel/Disk/Research/research-javascript-test-smells/repositories/bootstrap-vue-dev/src/components/table/table-tbody-row-events.spec.js,Magic Number,"{'line': 193, 'column': 59, 'index': 6732}","  191 |     await $rows.at(1).trigger('contextmenu')
  192 |     expect(wrapper.emitted('row-contextmenu')).toBeDefined()
> 193 |     expect(wrapper.emitted('row-contextmenu').length).toBe(1)
      |                                                           ^ Magic Number
  194 |     expect(wrapper.emitted('row-contextmenu')[0][0]).toEqual(testItems[1]) // Row item
  195 |     expect(wrapper.emitted('row-contextmenu')[0][1]).toEqual(1) // Row index
  196 |     expect(wrapper.emitted('row-contextmenu')[0][2]).toBeInstanceOf(Event) // Event"
/home/gabriel/Disk/Research/research-javascript-test-smells/repositories/bootstrap-vue-dev/src/components/table/table-tbody-row-events.spec.js,Magic Number,"{'line': 195, 'column': 61, 'index': 6883}","  193 |     expect(wrapper.emitted('row-contextmenu').length).toBe(1)
  194 |     expect(wrapper.emitted('row-contextmenu')[0][0]).toEqual(testItems[1]) // Row item
> 195 |     expect(wrapper.emitted('row-contextmenu')[0][1]).toEqual(1) // Row index
      |                                                             ^ Magic Number
  196 |     expect(wrapper.emitted('row-contextmenu')[0][2]).toBeInstanceOf(Event) // Event
  197 |
  198 |     wrapper.destroy()"
/home/gabriel/Disk/Research/research-javascript-test-smells/repositories/bootstrap-vue-dev/src/components/table/table-tbody-row-events.spec.js,Magic Number,"{'line': 215, 'column': 30, 'index': 7511}","  213 |     expect(wrapper).toBeDefined()
  214 |     const $rows = wrapper.findAll('tbody > tr')
> 215 |     expect($rows.length).toBe(3)
      |                              ^ Magic Number
  216 |     expect(wrapper.emitted('row-contextmenu')).toBeUndefined()
  217 |     await $rows.at(1).trigger('contextmenu')
  218 |     expect(wrapper.emitted('row-contextmenu')).toBeUndefined()"
/home/gabriel/Disk/Research/research-javascript-test-smells/repositories/bootstrap-vue-dev/src/components/table/table-tbody-row-events.spec.js,Magic Number,"{'line': 236, 'column': 30, 'index': 8156}","  234 |     expect(wrapper).toBeDefined()
  235 |     const $rows = wrapper.findAll('tbody > tr')
> 236 |     expect($rows.length).toBe(3)
      |                              ^ Magic Number
  237 |     expect(wrapper.emitted('row-hovered')).toBeUndefined()
  238 |     await $rows.at(1).trigger('mouseenter')
  239 |     expect(wrapper.emitted('row-hovered')).toBeDefined()"
/home/gabriel/Disk/Research/research-javascript-test-smells/repositories/bootstrap-vue-dev/src/components/table/table-tbody-row-events.spec.js,Magic Number,"{'line': 240, 'column': 55, 'index': 8374}","  238 |     await $rows.at(1).trigger('mouseenter')
  239 |     expect(wrapper.emitted('row-hovered')).toBeDefined()
> 240 |     expect(wrapper.emitted('row-hovered').length).toBe(1)
      |                                                       ^ Magic Number
  241 |     expect(wrapper.emitted('row-hovered')[0][0]).toEqual(testItems[1]) // Row item
  242 |     expect(wrapper.emitted('row-hovered')[0][1]).toEqual(1) // Row index
  243 |     expect(wrapper.emitted('row-hovered')[0][2]).toBeInstanceOf(MouseEvent) // Event"
/home/gabriel/Disk/Research/research-javascript-test-smells/repositories/bootstrap-vue-dev/src/components/table/table-tbody-row-events.spec.js,Magic Number,"{'line': 242, 'column': 57, 'index': 8517}","  240 |     expect(wrapper.emitted('row-hovered').length).toBe(1)
  241 |     expect(wrapper.emitted('row-hovered')[0][0]).toEqual(testItems[1]) // Row item
> 242 |     expect(wrapper.emitted('row-hovered')[0][1]).toEqual(1) // Row index
      |                                                         ^ Magic Number
  243 |     expect(wrapper.emitted('row-hovered')[0][2]).toBeInstanceOf(MouseEvent) // Event
  244 |
  245 |     wrapper.destroy()"
/home/gabriel/Disk/Research/research-javascript-test-smells/repositories/bootstrap-vue-dev/src/components/table/table-tbody-row-events.spec.js,Magic Number,"{'line': 262, 'column': 30, 'index': 9106}","  260 |     expect(wrapper).toBeDefined()
  261 |     const $rows = wrapper.findAll('tbody > tr')
> 262 |     expect($rows.length).toBe(3)
      |                              ^ Magic Number
  263 |     expect(wrapper.emitted('row-hovered')).toBeUndefined()
  264 |     await $rows.at(1).trigger('mouseenter')
  265 |     expect(wrapper.emitted('row-hovered')).toBeUndefined()"
/home/gabriel/Disk/Research/research-javascript-test-smells/repositories/bootstrap-vue-dev/src/components/table/table-tbody-row-events.spec.js,Magic Number,"{'line': 284, 'column': 30, 'index': 9781}","  282 |     expect(wrapper).toBeDefined()
  283 |     const $rows = wrapper.findAll('tbody > tr')
> 284 |     expect($rows.length).toBe(3)
      |                              ^ Magic Number
  285 |     expect(wrapper.emitted('row-hovered')).toBeUndefined()
  286 |     await $rows.at(1).trigger('mouseenter')
  287 |     expect(wrapper.emitted('row-hovered')).toBeUndefined()"
/home/gabriel/Disk/Research/research-javascript-test-smells/repositories/bootstrap-vue-dev/src/components/table/table-tbody-row-events.spec.js,Magic Number,"{'line': 305, 'column': 30, 'index': 10425}","  303 |     expect(wrapper).toBeDefined()
  304 |     const $rows = wrapper.findAll('tbody > tr')
> 305 |     expect($rows.length).toBe(3)
      |                              ^ Magic Number
  306 |     expect(wrapper.emitted('row-unhovered')).toBeUndefined()
  307 |     await $rows.at(1).trigger('mouseleave')
  308 |     expect(wrapper.emitted('row-unhovered')).toBeDefined()"
/home/gabriel/Disk/Research/research-javascript-test-smells/repositories/bootstrap-vue-dev/src/components/table/table-tbody-row-events.spec.js,Magic Number,"{'line': 309, 'column': 57, 'index': 10649}","  307 |     await $rows.at(1).trigger('mouseleave')
  308 |     expect(wrapper.emitted('row-unhovered')).toBeDefined()
> 309 |     expect(wrapper.emitted('row-unhovered').length).toBe(1)
      |                                                         ^ Magic Number
  310 |     expect(wrapper.emitted('row-unhovered')[0][0]).toEqual(testItems[1]) // Row item
  311 |     expect(wrapper.emitted('row-unhovered')[0][1]).toEqual(1) // Row index
  312 |     expect(wrapper.emitted('row-unhovered')[0][2]).toBeInstanceOf(MouseEvent) // Event"
/home/gabriel/Disk/Research/research-javascript-test-smells/repositories/bootstrap-vue-dev/src/components/table/table-tbody-row-events.spec.js,Magic Number,"{'line': 311, 'column': 59, 'index': 10796}","  309 |     expect(wrapper.emitted('row-unhovered').length).toBe(1)
  310 |     expect(wrapper.emitted('row-unhovered')[0][0]).toEqual(testItems[1]) // Row item
> 311 |     expect(wrapper.emitted('row-unhovered')[0][1]).toEqual(1) // Row index
      |                                                           ^ Magic Number
  312 |     expect(wrapper.emitted('row-unhovered')[0][2]).toBeInstanceOf(MouseEvent) // Event
  313 |
  314 |     wrapper.destroy()"
/home/gabriel/Disk/Research/research-javascript-test-smells/repositories/bootstrap-vue-dev/src/components/table/table-tbody-row-events.spec.js,Magic Number,"{'line': 331, 'column': 30, 'index': 11389}","  329 |     expect(wrapper).toBeDefined()
  330 |     const $rows = wrapper.findAll('tbody > tr')
> 331 |     expect($rows.length).toBe(3)
      |                              ^ Magic Number
  332 |     expect(wrapper.emitted('row-unhovered')).toBeUndefined()
  333 |     await $rows.at(1).trigger('mouseleave')
  334 |     expect(wrapper.emitted('row-unhovered')).toBeUndefined()"
/home/gabriel/Disk/Research/research-javascript-test-smells/repositories/bootstrap-vue-dev/src/components/table/table-tbody-row-events.spec.js,Magic Number,"{'line': 353, 'column': 30, 'index': 12076}","  351 |     expect(wrapper).toBeDefined()
  352 |     const $rows = wrapper.findAll('tbody > tr')
> 353 |     expect($rows.length).toBe(3)
      |                              ^ Magic Number
  354 |     expect(wrapper.emitted('row-unhovered')).toBeUndefined()
  355 |     await $rows.at(1).trigger('mouseleave')
  356 |     expect(wrapper.emitted('row-unhovered')).toBeUndefined()"
/home/gabriel/Disk/Research/research-javascript-test-smells/repositories/bootstrap-vue-dev/src/components/table/table-tbody-row-events.spec.js,Magic Number,"{'line': 375, 'column': 30, 'index': 12772}","  373 |     expect(wrapper).toBeDefined()
  374 |     const $rows = wrapper.findAll('tbody > tr')
> 375 |     expect($rows.length).toBe(3)
      |                              ^ Magic Number
  376 |     expect(wrapper.emitted('row-clicked')).toBeUndefined()
  377 |     $rows.at(1).element.focus() // Event only works when the TR is focused
  378 |     await waitNT(wrapper.vm)"
/home/gabriel/Disk/Research/research-javascript-test-smells/repositories/bootstrap-vue-dev/src/components/table/table-tbody-row-events.spec.js,Magic Number,"{'line': 382, 'column': 55, 'index': 13126}","  380 |     await waitNT(wrapper.vm)
  381 |     expect(wrapper.emitted('row-clicked')).toBeDefined()
> 382 |     expect(wrapper.emitted('row-clicked').length).toBe(1)
      |                                                       ^ Magic Number
  383 |     expect(wrapper.emitted('row-clicked')[0][0]).toEqual(testItems[1]) // Row item
  384 |     expect(wrapper.emitted('row-clicked')[0][1]).toEqual(1) // Row index
  385 |     // Note: the KeyboardEvent is passed to the row-clicked handler"
/home/gabriel/Disk/Research/research-javascript-test-smells/repositories/bootstrap-vue-dev/src/components/table/table-tbody-row-events.spec.js,Magic Number,"{'line': 384, 'column': 57, 'index': 13269}","  382 |     expect(wrapper.emitted('row-clicked').length).toBe(1)
  383 |     expect(wrapper.emitted('row-clicked')[0][0]).toEqual(testItems[1]) // Row item
> 384 |     expect(wrapper.emitted('row-clicked')[0][1]).toEqual(1) // Row index
      |                                                         ^ Magic Number
  385 |     // Note: the KeyboardEvent is passed to the row-clicked handler
  386 |     expect(wrapper.emitted('row-clicked')[0][2]).toBeInstanceOf(KeyboardEvent) // Event
  387 |"
/home/gabriel/Disk/Research/research-javascript-test-smells/repositories/bootstrap-vue-dev/src/components/table/table-tbody-row-events.spec.js,Magic Number,"{'line': 405, 'column': 30, 'index': 13969}","  403 |     expect(wrapper).toBeDefined()
  404 |     const $rows = wrapper.findAll('tbody > tr')
> 405 |     expect($rows.length).toBe(3)
      |                              ^ Magic Number
  406 |     expect(wrapper.emitted('row-clicked')).toBeUndefined()
  407 |     $rows.at(1).element.focus() // Event only works when the TR is focused
  408 |     await $rows.at(1).trigger('keydown.enter')"
/home/gabriel/Disk/Research/research-javascript-test-smells/repositories/bootstrap-vue-dev/src/components/table/table-tbody-row-events.spec.js,Magic Number,"{'line': 441, 'column': 30, 'index': 15391}","  439 |     expect(wrapper.element.tagName).toBe('TABLE')
  440 |     const $rows = wrapper.findAll('tbody > tr')
> 441 |     expect($rows.length).toBe(1)
      |                              ^ Magic Number
  442 |     expect(wrapper.emitted('row-clicked')).toBeUndefined()
  443 |
  444 |     const $btn = wrapper.find('button[id=""a""]')"
/home/gabriel/Disk/Research/research-javascript-test-smells/repositories/bootstrap-vue-dev/src/components/table/table-tbody-row-events.spec.js,Magic Number,"{'line': 492, 'column': 30, 'index': 17052}","  490 |     await waitNT(wrapper.vm)
  491 |     const $rows = wrapper.findAll('tbody > tr')
> 492 |     expect($rows.length).toBe(3)
      |                              ^ Magic Number
  493 |     expect($rows.wrappers.every(w => w.attributes('tabindex') === '0')).toBe(true)
  494 |
  495 |     expect(document.activeElement).not.toBe($rows.at(0).element)"
/home/gabriel/Disk/Research/research-javascript-test-smells/repositories/bootstrap-vue-dev/src/components/table/table-tbody-bottom-row.spec.js,Magic Number,"{'line': 75, 'column': 25, 'index': 2250}","  73 |     expect(wrapper.element.tagName).toBe('TABLE')
  74 |     expect(wrapper.find('tbody').exists()).toBe(true)
> 75 |     expect(columns).toBe(3)
     |                         ^ Magic Number
  76 |     expect(fields).toEqual(normalizeFields(testFields))
  77 |     expect(wrapper.findAll('tbody > tr').exists()).toBe(true)
  78 |     expect(wrapper.findAll('tbody > tr').length).toBe(testItems.length + 1)"
/home/gabriel/Disk/Research/research-javascript-test-smells/repositories/bootstrap-vue-dev/src/components/table/table-sticky-column.spec.js,Duplicate Assert,"{'line': 26, 'column': 4, 'index': 673}","  24 |     expect(wrapper).toBeDefined()
  25 |     expect(wrapper.element.tagName).toBe('DIV')
> 26 |     expect(wrapper.classes()).toContain('table-responsive')
     |    ^ Duplicate Assert
  27 |     expect(wrapper.classes()).not.toContain('b-table-sticky-header')
  28 |     const table = wrapper.find('table')
  29 |     expect(table.classes()).toContain('table')"
/home/gabriel/Disk/Research/research-javascript-test-smells/repositories/bootstrap-vue-dev/src/components/table/table-sticky-column.spec.js,Duplicate Assert,"{'line': 27, 'column': 4, 'index': 733}","  25 |     expect(wrapper.element.tagName).toBe('DIV')
  26 |     expect(wrapper.classes()).toContain('table-responsive')
> 27 |     expect(wrapper.classes()).not.toContain('b-table-sticky-header')
     |    ^ Duplicate Assert
  28 |     const table = wrapper.find('table')
  29 |     expect(table.classes()).toContain('table')
  30 |     expect(table.classes()).toContain('b-table')"
/home/gabriel/Disk/Research/research-javascript-test-smells/repositories/bootstrap-vue-dev/src/components/table/table-sticky-column.spec.js,Duplicate Assert,"{'line': 29, 'column': 4, 'index': 842}","  27 |     expect(wrapper.classes()).not.toContain('b-table-sticky-header')
  28 |     const table = wrapper.find('table')
> 29 |     expect(table.classes()).toContain('table')
     |    ^ Duplicate Assert
  30 |     expect(table.classes()).toContain('b-table')
  31 |
  32 |     // Body"
/home/gabriel/Disk/Research/research-javascript-test-smells/repositories/bootstrap-vue-dev/src/components/table/table-sticky-column.spec.js,Duplicate Assert,"{'line': 30, 'column': 4, 'index': 889}","  28 |     const table = wrapper.find('table')
  29 |     expect(table.classes()).toContain('table')
> 30 |     expect(table.classes()).toContain('b-table')
     |    ^ Duplicate Assert
  31 |
  32 |     // Body
  33 |     let trs = wrapper.findAll('tbody > tr')"
/home/gabriel/Disk/Research/research-javascript-test-smells/repositories/bootstrap-vue-dev/src/components/table/table-sticky-column.spec.js,Duplicate Assert,"{'line': 34, 'column': 4, 'index': 995}","  32 |     // Body
  33 |     let trs = wrapper.findAll('tbody > tr')
> 34 |     expect(trs.length).toBe(2)
     |    ^ Duplicate Assert
  35 |     let cells = trs.at(0).findAll('th, td')
  36 |     expect(cells.length).toBe(3)
  37 |"
/home/gabriel/Disk/Research/research-javascript-test-smells/repositories/bootstrap-vue-dev/src/components/table/table-sticky-column.spec.js,Duplicate Assert,"{'line': 36, 'column': 4, 'index': 1070}","  34 |     expect(trs.length).toBe(2)
  35 |     let cells = trs.at(0).findAll('th, td')
> 36 |     expect(cells.length).toBe(3)
     |    ^ Duplicate Assert
  37 |
  38 |     // First column should be BTh with sticky classes
  39 |     expect("
/home/gabriel/Disk/Research/research-javascript-test-smells/repositories/bootstrap-vue-dev/src/components/table/table-sticky-column.spec.js,Duplicate Assert,"{'line': 36, 'column': 4, 'index': 1070}","  34 |     expect(trs.length).toBe(2)
  35 |     let cells = trs.at(0).findAll('th, td')
> 36 |     expect(cells.length).toBe(3)
     |    ^ Duplicate Assert
  37 |
  38 |     // First column should be BTh with sticky classes
  39 |     expect("
/home/gabriel/Disk/Research/research-javascript-test-smells/repositories/bootstrap-vue-dev/src/components/table/table-sticky-column.spec.js,Duplicate Assert,"{'line': 39, 'column': 4, 'index': 1158}","  37 |
  38 |     // First column should be BTh with sticky classes
> 39 |     expect(
     |    ^ Duplicate Assert
  40 |       cells
  41 |         .at(0)
  42 |         .findComponent(BTh)"
/home/gabriel/Disk/Research/research-javascript-test-smells/repositories/bootstrap-vue-dev/src/components/table/table-sticky-column.spec.js,Duplicate Assert,"{'line': 39, 'column': 4, 'index': 1158}","  37 |
  38 |     // First column should be BTh with sticky classes
> 39 |     expect(
     |    ^ Duplicate Assert
  40 |       cells
  41 |         .at(0)
  42 |         .findComponent(BTh)"
/home/gabriel/Disk/Research/research-javascript-test-smells/repositories/bootstrap-vue-dev/src/components/table/table-sticky-column.spec.js,Duplicate Assert,"{'line': 45, 'column': 4, 'index': 1260}","  43 |         .exists()
  44 |     ).toBe(true)
> 45 |     expect(cells.at(0).element.tagName).toBe('TH')
     |    ^ Duplicate Assert
  46 |     expect(cells.at(0).classes()).toContain('b-table-sticky-column')
  47 |
  48 |     // Second column should be BTd with sticky classes"
/home/gabriel/Disk/Research/research-javascript-test-smells/repositories/bootstrap-vue-dev/src/components/table/table-sticky-column.spec.js,Duplicate Assert,"{'line': 45, 'column': 4, 'index': 1260}","  43 |         .exists()
  44 |     ).toBe(true)
> 45 |     expect(cells.at(0).element.tagName).toBe('TH')
     |    ^ Duplicate Assert
  46 |     expect(cells.at(0).classes()).toContain('b-table-sticky-column')
  47 |
  48 |     // Second column should be BTd with sticky classes"
/home/gabriel/Disk/Research/research-javascript-test-smells/repositories/bootstrap-vue-dev/src/components/table/table-sticky-column.spec.js,Duplicate Assert,"{'line': 46, 'column': 4, 'index': 1311}","  44 |     ).toBe(true)
  45 |     expect(cells.at(0).element.tagName).toBe('TH')
> 46 |     expect(cells.at(0).classes()).toContain('b-table-sticky-column')
     |    ^ Duplicate Assert
  47 |
  48 |     // Second column should be BTd with sticky classes
  49 |     expect("
/home/gabriel/Disk/Research/research-javascript-test-smells/repositories/bootstrap-vue-dev/src/components/table/table-sticky-column.spec.js,Duplicate Assert,"{'line': 46, 'column': 4, 'index': 1311}","  44 |     ).toBe(true)
  45 |     expect(cells.at(0).element.tagName).toBe('TH')
> 46 |     expect(cells.at(0).classes()).toContain('b-table-sticky-column')
     |    ^ Duplicate Assert
  47 |
  48 |     // Second column should be BTd with sticky classes
  49 |     expect("
/home/gabriel/Disk/Research/research-javascript-test-smells/repositories/bootstrap-vue-dev/src/components/table/table-sticky-column.spec.js,Duplicate Assert,"{'line': 55, 'column': 4, 'index': 1538}","  53 |         .exists()
  54 |     ).toBe(true)
> 55 |     expect(cells.at(1).element.tagName).toBe('TD')
     |    ^ Duplicate Assert
  56 |     expect(cells.at(1).classes()).toContain('b-table-sticky-column')
  57 |
  58 |     // Third column should be td"
/home/gabriel/Disk/Research/research-javascript-test-smells/repositories/bootstrap-vue-dev/src/components/table/table-sticky-column.spec.js,Duplicate Assert,"{'line': 56, 'column': 4, 'index': 1589}","  54 |     ).toBe(true)
  55 |     expect(cells.at(1).element.tagName).toBe('TD')
> 56 |     expect(cells.at(1).classes()).toContain('b-table-sticky-column')
     |    ^ Duplicate Assert
  57 |
  58 |     // Third column should be td
  59 |     expect(cells.at(2).vm).toBeUndefined()"
/home/gabriel/Disk/Research/research-javascript-test-smells/repositories/bootstrap-vue-dev/src/components/table/table-sticky-column.spec.js,Duplicate Assert,"{'line': 56, 'column': 4, 'index': 1589}","  54 |     ).toBe(true)
  55 |     expect(cells.at(1).element.tagName).toBe('TD')
> 56 |     expect(cells.at(1).classes()).toContain('b-table-sticky-column')
     |    ^ Duplicate Assert
  57 |
  58 |     // Third column should be td
  59 |     expect(cells.at(2).vm).toBeUndefined()"
/home/gabriel/Disk/Research/research-javascript-test-smells/repositories/bootstrap-vue-dev/src/components/table/table-sticky-column.spec.js,Duplicate Assert,"{'line': 60, 'column': 4, 'index': 1735}","  58 |     // Third column should be td
  59 |     expect(cells.at(2).vm).toBeUndefined()
> 60 |     expect(cells.at(2).element.tagName).toBe('TD')
     |    ^ Duplicate Assert
  61 |     expect(cells.at(2).classes()).not.toContain('b-table-sticky-column')
  62 |
  63 |     // Header cells"
/home/gabriel/Disk/Research/research-javascript-test-smells/repositories/bootstrap-vue-dev/src/components/table/table-sticky-column.spec.js,Duplicate Assert,"{'line': 61, 'column': 4, 'index': 1786}","  59 |     expect(cells.at(2).vm).toBeUndefined()
  60 |     expect(cells.at(2).element.tagName).toBe('TD')
> 61 |     expect(cells.at(2).classes()).not.toContain('b-table-sticky-column')
     |    ^ Duplicate Assert
  62 |
  63 |     // Header cells
  64 |     trs = wrapper.findAll('thead > tr')"
/home/gabriel/Disk/Research/research-javascript-test-smells/repositories/bootstrap-vue-dev/src/components/table/table-sticky-column.spec.js,Duplicate Assert,"{'line': 61, 'column': 4, 'index': 1786}","  59 |     expect(cells.at(2).vm).toBeUndefined()
  60 |     expect(cells.at(2).element.tagName).toBe('TD')
> 61 |     expect(cells.at(2).classes()).not.toContain('b-table-sticky-column')
     |    ^ Duplicate Assert
  62 |
  63 |     // Header cells
  64 |     trs = wrapper.findAll('thead > tr')"
/home/gabriel/Disk/Research/research-javascript-test-smells/repositories/bootstrap-vue-dev/src/components/table/table-sticky-column.spec.js,Duplicate Assert,"{'line': 65, 'column': 4, 'index': 1920}","  63 |     // Header cells
  64 |     trs = wrapper.findAll('thead > tr')
> 65 |     expect(trs.length).toBe(1)
     |    ^ Duplicate Assert
  66 |     cells = trs.at(0).findAll('th')
  67 |     expect(cells.length).toBe(3)
  68 |"
/home/gabriel/Disk/Research/research-javascript-test-smells/repositories/bootstrap-vue-dev/src/components/table/table-sticky-column.spec.js,Duplicate Assert,"{'line': 65, 'column': 4, 'index': 1920}","  63 |     // Header cells
  64 |     trs = wrapper.findAll('thead > tr')
> 65 |     expect(trs.length).toBe(1)
     |    ^ Duplicate Assert
  66 |     cells = trs.at(0).findAll('th')
  67 |     expect(cells.length).toBe(3)
  68 |"
/home/gabriel/Disk/Research/research-javascript-test-smells/repositories/bootstrap-vue-dev/src/components/table/table-sticky-column.spec.js,Duplicate Assert,"{'line': 67, 'column': 4, 'index': 1987}","  65 |     expect(trs.length).toBe(1)
  66 |     cells = trs.at(0).findAll('th')
> 67 |     expect(cells.length).toBe(3)
     |    ^ Duplicate Assert
  68 |
  69 |     // First column should be BTh with sticky classes
  70 |     expect("
/home/gabriel/Disk/Research/research-javascript-test-smells/repositories/bootstrap-vue-dev/src/components/table/table-sticky-column.spec.js,Duplicate Assert,"{'line': 67, 'column': 4, 'index': 1987}","  65 |     expect(trs.length).toBe(1)
  66 |     cells = trs.at(0).findAll('th')
> 67 |     expect(cells.length).toBe(3)
     |    ^ Duplicate Assert
  68 |
  69 |     // First column should be BTh with sticky classes
  70 |     expect("
/home/gabriel/Disk/Research/research-javascript-test-smells/repositories/bootstrap-vue-dev/src/components/table/table-sticky-column.spec.js,Duplicate Assert,"{'line': 70, 'column': 4, 'index': 2075}","  68 |
  69 |     // First column should be BTh with sticky classes
> 70 |     expect(
     |    ^ Duplicate Assert
  71 |       cells
  72 |         .at(0)
  73 |         .findComponent(BTh)"
/home/gabriel/Disk/Research/research-javascript-test-smells/repositories/bootstrap-vue-dev/src/components/table/table-sticky-column.spec.js,Duplicate Assert,"{'line': 70, 'column': 4, 'index': 2075}","  68 |
  69 |     // First column should be BTh with sticky classes
> 70 |     expect(
     |    ^ Duplicate Assert
  71 |       cells
  72 |         .at(0)
  73 |         .findComponent(BTh)"
/home/gabriel/Disk/Research/research-javascript-test-smells/repositories/bootstrap-vue-dev/src/components/table/table-sticky-column.spec.js,Duplicate Assert,"{'line': 76, 'column': 4, 'index': 2177}","  74 |         .exists()
  75 |     ).toBe(true)
> 76 |     expect(cells.at(0).element.tagName).toBe('TH')
     |    ^ Duplicate Assert
  77 |     expect(cells.at(0).classes()).toContain('b-table-sticky-column')
  78 |
  79 |     // Second column should be BTh with sticky classes"
/home/gabriel/Disk/Research/research-javascript-test-smells/repositories/bootstrap-vue-dev/src/components/table/table-sticky-column.spec.js,Duplicate Assert,"{'line': 76, 'column': 4, 'index': 2177}","  74 |         .exists()
  75 |     ).toBe(true)
> 76 |     expect(cells.at(0).element.tagName).toBe('TH')
     |    ^ Duplicate Assert
  77 |     expect(cells.at(0).classes()).toContain('b-table-sticky-column')
  78 |
  79 |     // Second column should be BTh with sticky classes"
/home/gabriel/Disk/Research/research-javascript-test-smells/repositories/bootstrap-vue-dev/src/components/table/table-sticky-column.spec.js,Duplicate Assert,"{'line': 77, 'column': 4, 'index': 2228}","  75 |     ).toBe(true)
  76 |     expect(cells.at(0).element.tagName).toBe('TH')
> 77 |     expect(cells.at(0).classes()).toContain('b-table-sticky-column')
     |    ^ Duplicate Assert
  78 |
  79 |     // Second column should be BTh with sticky classes
  80 |     expect("
/home/gabriel/Disk/Research/research-javascript-test-smells/repositories/bootstrap-vue-dev/src/components/table/table-sticky-column.spec.js,Duplicate Assert,"{'line': 77, 'column': 4, 'index': 2228}","  75 |     ).toBe(true)
  76 |     expect(cells.at(0).element.tagName).toBe('TH')
> 77 |     expect(cells.at(0).classes()).toContain('b-table-sticky-column')
     |    ^ Duplicate Assert
  78 |
  79 |     // Second column should be BTh with sticky classes
  80 |     expect("
/home/gabriel/Disk/Research/research-javascript-test-smells/repositories/bootstrap-vue-dev/src/components/table/table-sticky-column.spec.js,Duplicate Assert,"{'line': 80, 'column': 4, 'index': 2353}","  78 |
  79 |     // Second column should be BTh with sticky classes
> 80 |     expect(
     |    ^ Duplicate Assert
  81 |       cells
  82 |         .at(1)
  83 |         .findComponent(BTh)"
/home/gabriel/Disk/Research/research-javascript-test-smells/repositories/bootstrap-vue-dev/src/components/table/table-sticky-column.spec.js,Duplicate Assert,"{'line': 80, 'column': 4, 'index': 2353}","  78 |
  79 |     // Second column should be BTh with sticky classes
> 80 |     expect(
     |    ^ Duplicate Assert
  81 |       cells
  82 |         .at(1)
  83 |         .findComponent(BTh)"
/home/gabriel/Disk/Research/research-javascript-test-smells/repositories/bootstrap-vue-dev/src/components/table/table-sticky-column.spec.js,Duplicate Assert,"{'line': 86, 'column': 4, 'index': 2455}","  84 |         .exists()
  85 |     ).toBe(true)
> 86 |     expect(cells.at(1).element.tagName).toBe('TH')
     |    ^ Duplicate Assert
  87 |     expect(cells.at(1).classes()).toContain('b-table-sticky-column')
  88 |
  89 |     // Third column should be BTh"
/home/gabriel/Disk/Research/research-javascript-test-smells/repositories/bootstrap-vue-dev/src/components/table/table-sticky-column.spec.js,Duplicate Assert,"{'line': 86, 'column': 4, 'index': 2455}","  84 |         .exists()
  85 |     ).toBe(true)
> 86 |     expect(cells.at(1).element.tagName).toBe('TH')
     |    ^ Duplicate Assert
  87 |     expect(cells.at(1).classes()).toContain('b-table-sticky-column')
  88 |
  89 |     // Third column should be BTh"
/home/gabriel/Disk/Research/research-javascript-test-smells/repositories/bootstrap-vue-dev/src/components/table/table-sticky-column.spec.js,Duplicate Assert,"{'line': 87, 'column': 4, 'index': 2506}","  85 |     ).toBe(true)
  86 |     expect(cells.at(1).element.tagName).toBe('TH')
> 87 |     expect(cells.at(1).classes()).toContain('b-table-sticky-column')
     |    ^ Duplicate Assert
  88 |
  89 |     // Third column should be BTh
  90 |     expect("
/home/gabriel/Disk/Research/research-javascript-test-smells/repositories/bootstrap-vue-dev/src/components/table/table-sticky-column.spec.js,Duplicate Assert,"{'line': 87, 'column': 4, 'index': 2506}","  85 |     ).toBe(true)
  86 |     expect(cells.at(1).element.tagName).toBe('TH')
> 87 |     expect(cells.at(1).classes()).toContain('b-table-sticky-column')
     |    ^ Duplicate Assert
  88 |
  89 |     // Third column should be BTh
  90 |     expect("
/home/gabriel/Disk/Research/research-javascript-test-smells/repositories/bootstrap-vue-dev/src/components/table/table-sticky-column.spec.js,Duplicate Assert,"{'line': 90, 'column': 4, 'index': 2610}","  88 |
  89 |     // Third column should be BTh
> 90 |     expect(
     |    ^ Duplicate Assert
  91 |       cells
  92 |         .at(2)
  93 |         .findComponent(BTh)"
/home/gabriel/Disk/Research/research-javascript-test-smells/repositories/bootstrap-vue-dev/src/components/table/table-sticky-column.spec.js,Duplicate Assert,"{'line': 90, 'column': 4, 'index': 2610}","  88 |
  89 |     // Third column should be BTh
> 90 |     expect(
     |    ^ Duplicate Assert
  91 |       cells
  92 |         .at(2)
  93 |         .findComponent(BTh)"
/home/gabriel/Disk/Research/research-javascript-test-smells/repositories/bootstrap-vue-dev/src/components/table/table-sticky-column.spec.js,Duplicate Assert,"{'line': 96, 'column': 4, 'index': 2712}","  94 |         .exists()
  95 |     ).toBe(true)
> 96 |     expect(cells.at(2).element.tagName).toBe('TH')
     |    ^ Duplicate Assert
  97 |     expect(cells.at(2).classes()).not.toContain('b-table-sticky-column')
  98 |
  99 |     // Footer cells"
/home/gabriel/Disk/Research/research-javascript-test-smells/repositories/bootstrap-vue-dev/src/components/table/table-sticky-column.spec.js,Duplicate Assert,"{'line': 96, 'column': 4, 'index': 2712}","  94 |         .exists()
  95 |     ).toBe(true)
> 96 |     expect(cells.at(2).element.tagName).toBe('TH')
     |    ^ Duplicate Assert
  97 |     expect(cells.at(2).classes()).not.toContain('b-table-sticky-column')
  98 |
  99 |     // Footer cells"
/home/gabriel/Disk/Research/research-javascript-test-smells/repositories/bootstrap-vue-dev/src/components/table/table-sticky-column.spec.js,Duplicate Assert,"{'line': 97, 'column': 4, 'index': 2763}","   95 |     ).toBe(true)
   96 |     expect(cells.at(2).element.tagName).toBe('TH')
>  97 |     expect(cells.at(2).classes()).not.toContain('b-table-sticky-column')
      |    ^ Duplicate Assert
   98 |
   99 |     // Footer cells
  100 |     trs = wrapper.findAll('tfoot > tr')"
/home/gabriel/Disk/Research/research-javascript-test-smells/repositories/bootstrap-vue-dev/src/components/table/table-sticky-column.spec.js,Duplicate Assert,"{'line': 97, 'column': 4, 'index': 2763}","   95 |     ).toBe(true)
   96 |     expect(cells.at(2).element.tagName).toBe('TH')
>  97 |     expect(cells.at(2).classes()).not.toContain('b-table-sticky-column')
      |    ^ Duplicate Assert
   98 |
   99 |     // Footer cells
  100 |     trs = wrapper.findAll('tfoot > tr')"
/home/gabriel/Disk/Research/research-javascript-test-smells/repositories/bootstrap-vue-dev/src/components/table/table-sticky-column.spec.js,Duplicate Assert,"{'line': 101, 'column': 4, 'index': 2897}","   99 |     // Footer cells
  100 |     trs = wrapper.findAll('tfoot > tr')
> 101 |     expect(trs.length).toBe(1)
      |    ^ Duplicate Assert
  102 |     cells = trs.at(0).findAll('th')
  103 |     expect(cells.length).toBe(3)
  104 |"
/home/gabriel/Disk/Research/research-javascript-test-smells/repositories/bootstrap-vue-dev/src/components/table/table-sticky-column.spec.js,Duplicate Assert,"{'line': 101, 'column': 4, 'index': 2897}","   99 |     // Footer cells
  100 |     trs = wrapper.findAll('tfoot > tr')
> 101 |     expect(trs.length).toBe(1)
      |    ^ Duplicate Assert
  102 |     cells = trs.at(0).findAll('th')
  103 |     expect(cells.length).toBe(3)
  104 |"
/home/gabriel/Disk/Research/research-javascript-test-smells/repositories/bootstrap-vue-dev/src/components/table/table-sticky-column.spec.js,Duplicate Assert,"{'line': 103, 'column': 4, 'index': 2964}","  101 |     expect(trs.length).toBe(1)
  102 |     cells = trs.at(0).findAll('th')
> 103 |     expect(cells.length).toBe(3)
      |    ^ Duplicate Assert
  104 |
  105 |     // First column should be BTh with sticky classes
  106 |     expect("
/home/gabriel/Disk/Research/research-javascript-test-smells/repositories/bootstrap-vue-dev/src/components/table/table-sticky-column.spec.js,Duplicate Assert,"{'line': 103, 'column': 4, 'index': 2964}","  101 |     expect(trs.length).toBe(1)
  102 |     cells = trs.at(0).findAll('th')
> 103 |     expect(cells.length).toBe(3)
      |    ^ Duplicate Assert
  104 |
  105 |     // First column should be BTh with sticky classes
  106 |     expect("
/home/gabriel/Disk/Research/research-javascript-test-smells/repositories/bootstrap-vue-dev/src/components/table/table-sticky-column.spec.js,Duplicate Assert,"{'line': 106, 'column': 4, 'index': 3052}","  104 |
  105 |     // First column should be BTh with sticky classes
> 106 |     expect(
      |    ^ Duplicate Assert
  107 |       cells
  108 |         .at(0)
  109 |         .findComponent(BTh)"
/home/gabriel/Disk/Research/research-javascript-test-smells/repositories/bootstrap-vue-dev/src/components/table/table-sticky-column.spec.js,Duplicate Assert,"{'line': 106, 'column': 4, 'index': 3052}","  104 |
  105 |     // First column should be BTh with sticky classes
> 106 |     expect(
      |    ^ Duplicate Assert
  107 |       cells
  108 |         .at(0)
  109 |         .findComponent(BTh)"
/home/gabriel/Disk/Research/research-javascript-test-smells/repositories/bootstrap-vue-dev/src/components/table/table-sticky-column.spec.js,Duplicate Assert,"{'line': 112, 'column': 4, 'index': 3154}","  110 |         .exists()
  111 |     ).toBe(true)
> 112 |     expect(cells.at(0).element.tagName).toBe('TH')
      |    ^ Duplicate Assert
  113 |     expect(cells.at(0).classes()).toContain('b-table-sticky-column')
  114 |
  115 |     // Second column should be BTh with sticky classes"
/home/gabriel/Disk/Research/research-javascript-test-smells/repositories/bootstrap-vue-dev/src/components/table/table-sticky-column.spec.js,Duplicate Assert,"{'line': 112, 'column': 4, 'index': 3154}","  110 |         .exists()
  111 |     ).toBe(true)
> 112 |     expect(cells.at(0).element.tagName).toBe('TH')
      |    ^ Duplicate Assert
  113 |     expect(cells.at(0).classes()).toContain('b-table-sticky-column')
  114 |
  115 |     // Second column should be BTh with sticky classes"
/home/gabriel/Disk/Research/research-javascript-test-smells/repositories/bootstrap-vue-dev/src/components/table/table-sticky-column.spec.js,Duplicate Assert,"{'line': 113, 'column': 4, 'index': 3205}","  111 |     ).toBe(true)
  112 |     expect(cells.at(0).element.tagName).toBe('TH')
> 113 |     expect(cells.at(0).classes()).toContain('b-table-sticky-column')
      |    ^ Duplicate Assert
  114 |
  115 |     // Second column should be BTh with sticky classes
  116 |     expect("
/home/gabriel/Disk/Research/research-javascript-test-smells/repositories/bootstrap-vue-dev/src/components/table/table-sticky-column.spec.js,Duplicate Assert,"{'line': 113, 'column': 4, 'index': 3205}","  111 |     ).toBe(true)
  112 |     expect(cells.at(0).element.tagName).toBe('TH')
> 113 |     expect(cells.at(0).classes()).toContain('b-table-sticky-column')
      |    ^ Duplicate Assert
  114 |
  115 |     // Second column should be BTh with sticky classes
  116 |     expect("
/home/gabriel/Disk/Research/research-javascript-test-smells/repositories/bootstrap-vue-dev/src/components/table/table-sticky-column.spec.js,Duplicate Assert,"{'line': 116, 'column': 4, 'index': 3330}","  114 |
  115 |     // Second column should be BTh with sticky classes
> 116 |     expect(
      |    ^ Duplicate Assert
  117 |       cells
  118 |         .at(1)
  119 |         .findComponent(BTh)"
/home/gabriel/Disk/Research/research-javascript-test-smells/repositories/bootstrap-vue-dev/src/components/table/table-sticky-column.spec.js,Duplicate Assert,"{'line': 116, 'column': 4, 'index': 3330}","  114 |
  115 |     // Second column should be BTh with sticky classes
> 116 |     expect(
      |    ^ Duplicate Assert
  117 |       cells
  118 |         .at(1)
  119 |         .findComponent(BTh)"
/home/gabriel/Disk/Research/research-javascript-test-smells/repositories/bootstrap-vue-dev/src/components/table/table-sticky-column.spec.js,Duplicate Assert,"{'line': 122, 'column': 4, 'index': 3432}","  120 |         .exists()
  121 |     ).toBe(true)
> 122 |     expect(cells.at(1).element.tagName).toBe('TH')
      |    ^ Duplicate Assert
  123 |     expect(cells.at(1).classes()).toContain('b-table-sticky-column')
  124 |
  125 |     // Third column should be BTh"
/home/gabriel/Disk/Research/research-javascript-test-smells/repositories/bootstrap-vue-dev/src/components/table/table-sticky-column.spec.js,Duplicate Assert,"{'line': 122, 'column': 4, 'index': 3432}","  120 |         .exists()
  121 |     ).toBe(true)
> 122 |     expect(cells.at(1).element.tagName).toBe('TH')
      |    ^ Duplicate Assert
  123 |     expect(cells.at(1).classes()).toContain('b-table-sticky-column')
  124 |
  125 |     // Third column should be BTh"
/home/gabriel/Disk/Research/research-javascript-test-smells/repositories/bootstrap-vue-dev/src/components/table/table-sticky-column.spec.js,Duplicate Assert,"{'line': 123, 'column': 4, 'index': 3483}","  121 |     ).toBe(true)
  122 |     expect(cells.at(1).element.tagName).toBe('TH')
> 123 |     expect(cells.at(1).classes()).toContain('b-table-sticky-column')
      |    ^ Duplicate Assert
  124 |
  125 |     // Third column should be BTh
  126 |     expect("
/home/gabriel/Disk/Research/research-javascript-test-smells/repositories/bootstrap-vue-dev/src/components/table/table-sticky-column.spec.js,Duplicate Assert,"{'line': 123, 'column': 4, 'index': 3483}","  121 |     ).toBe(true)
  122 |     expect(cells.at(1).element.tagName).toBe('TH')
> 123 |     expect(cells.at(1).classes()).toContain('b-table-sticky-column')
      |    ^ Duplicate Assert
  124 |
  125 |     // Third column should be BTh
  126 |     expect("
/home/gabriel/Disk/Research/research-javascript-test-smells/repositories/bootstrap-vue-dev/src/components/table/table-sticky-column.spec.js,Duplicate Assert,"{'line': 126, 'column': 4, 'index': 3587}","  124 |
  125 |     // Third column should be BTh
> 126 |     expect(
      |    ^ Duplicate Assert
  127 |       cells
  128 |         .at(2)
  129 |         .findComponent(BTh)"
/home/gabriel/Disk/Research/research-javascript-test-smells/repositories/bootstrap-vue-dev/src/components/table/table-sticky-column.spec.js,Duplicate Assert,"{'line': 126, 'column': 4, 'index': 3587}","  124 |
  125 |     // Third column should be BTh
> 126 |     expect(
      |    ^ Duplicate Assert
  127 |       cells
  128 |         .at(2)
  129 |         .findComponent(BTh)"
/home/gabriel/Disk/Research/research-javascript-test-smells/repositories/bootstrap-vue-dev/src/components/table/table-sticky-column.spec.js,Duplicate Assert,"{'line': 132, 'column': 4, 'index': 3689}","  130 |         .exists()
  131 |     ).toBe(true)
> 132 |     expect(cells.at(2).element.tagName).toBe('TH')
      |    ^ Duplicate Assert
  133 |     expect(cells.at(2).classes()).not.toContain('b-table-sticky-column')
  134 |
  135 |     wrapper.destroy()"
/home/gabriel/Disk/Research/research-javascript-test-smells/repositories/bootstrap-vue-dev/src/components/table/table-sticky-column.spec.js,Duplicate Assert,"{'line': 132, 'column': 4, 'index': 3689}","  130 |         .exists()
  131 |     ).toBe(true)
> 132 |     expect(cells.at(2).element.tagName).toBe('TH')
      |    ^ Duplicate Assert
  133 |     expect(cells.at(2).classes()).not.toContain('b-table-sticky-column')
  134 |
  135 |     wrapper.destroy()"
/home/gabriel/Disk/Research/research-javascript-test-smells/repositories/bootstrap-vue-dev/src/components/table/table-sticky-column.spec.js,Duplicate Assert,"{'line': 133, 'column': 4, 'index': 3740}","  131 |     ).toBe(true)
  132 |     expect(cells.at(2).element.tagName).toBe('TH')
> 133 |     expect(cells.at(2).classes()).not.toContain('b-table-sticky-column')
      |    ^ Duplicate Assert
  134 |
  135 |     wrapper.destroy()
  136 |   })"
/home/gabriel/Disk/Research/research-javascript-test-smells/repositories/bootstrap-vue-dev/src/components/table/table-sticky-column.spec.js,Duplicate Assert,"{'line': 133, 'column': 4, 'index': 3740}","  131 |     ).toBe(true)
  132 |     expect(cells.at(2).element.tagName).toBe('TH')
> 133 |     expect(cells.at(2).classes()).not.toContain('b-table-sticky-column')
      |    ^ Duplicate Assert
  134 |
  135 |     wrapper.destroy()
  136 |   })"
/home/gabriel/Disk/Research/research-javascript-test-smells/repositories/bootstrap-vue-dev/src/components/table/table-sticky-column.spec.js,Duplicate Assert,"{'line': 151, 'column': 4, 'index': 4198}","  149 |     expect(wrapper).toBeDefined()
  150 |     expect(wrapper.element.tagName).toBe('DIV')
> 151 |     expect(wrapper.classes()).not.toContain('table-responsive')
      |    ^ Duplicate Assert
  152 |     expect(wrapper.classes()).toContain('b-table-sticky-header')
  153 |     const table = wrapper.find('table')
  154 |     expect(table.classes()).toContain('table')"
/home/gabriel/Disk/Research/research-javascript-test-smells/repositories/bootstrap-vue-dev/src/components/table/table-sticky-column.spec.js,Duplicate Assert,"{'line': 152, 'column': 4, 'index': 4262}","  150 |     expect(wrapper.element.tagName).toBe('DIV')
  151 |     expect(wrapper.classes()).not.toContain('table-responsive')
> 152 |     expect(wrapper.classes()).toContain('b-table-sticky-header')
      |    ^ Duplicate Assert
  153 |     const table = wrapper.find('table')
  154 |     expect(table.classes()).toContain('table')
  155 |     expect(table.classes()).toContain('b-table')"
/home/gabriel/Disk/Research/research-javascript-test-smells/repositories/bootstrap-vue-dev/src/components/table/table-sticky-column.spec.js,Duplicate Assert,"{'line': 154, 'column': 4, 'index': 4367}","  152 |     expect(wrapper.classes()).toContain('b-table-sticky-header')
  153 |     const table = wrapper.find('table')
> 154 |     expect(table.classes()).toContain('table')
      |    ^ Duplicate Assert
  155 |     expect(table.classes()).toContain('b-table')
  156 |
  157 |     // Tbody cells"
/home/gabriel/Disk/Research/research-javascript-test-smells/repositories/bootstrap-vue-dev/src/components/table/table-sticky-column.spec.js,Duplicate Assert,"{'line': 155, 'column': 4, 'index': 4414}","  153 |     const table = wrapper.find('table')
  154 |     expect(table.classes()).toContain('table')
> 155 |     expect(table.classes()).toContain('b-table')
      |    ^ Duplicate Assert
  156 |
  157 |     // Tbody cells
  158 |     let trs = wrapper.findAll('tbody > tr')"
/home/gabriel/Disk/Research/research-javascript-test-smells/repositories/bootstrap-vue-dev/src/components/table/table-sticky-column.spec.js,Duplicate Assert,"{'line': 159, 'column': 4, 'index': 4527}","  157 |     // Tbody cells
  158 |     let trs = wrapper.findAll('tbody > tr')
> 159 |     expect(trs.length).toBe(2)
      |    ^ Duplicate Assert
  160 |     let cells = trs.at(0).findAll('th, td')
  161 |     expect(cells.length).toBe(3)
  162 |"
/home/gabriel/Disk/Research/research-javascript-test-smells/repositories/bootstrap-vue-dev/src/components/table/table-sticky-column.spec.js,Duplicate Assert,"{'line': 161, 'column': 4, 'index': 4602}","  159 |     expect(trs.length).toBe(2)
  160 |     let cells = trs.at(0).findAll('th, td')
> 161 |     expect(cells.length).toBe(3)
      |    ^ Duplicate Assert
  162 |
  163 |     // First column should be BTh with sticky classes
  164 |     expect("
/home/gabriel/Disk/Research/research-javascript-test-smells/repositories/bootstrap-vue-dev/src/components/table/table-sticky-column.spec.js,Duplicate Assert,"{'line': 161, 'column': 4, 'index': 4602}","  159 |     expect(trs.length).toBe(2)
  160 |     let cells = trs.at(0).findAll('th, td')
> 161 |     expect(cells.length).toBe(3)
      |    ^ Duplicate Assert
  162 |
  163 |     // First column should be BTh with sticky classes
  164 |     expect("
/home/gabriel/Disk/Research/research-javascript-test-smells/repositories/bootstrap-vue-dev/src/components/table/table-sticky-column.spec.js,Duplicate Assert,"{'line': 164, 'column': 4, 'index': 4690}","  162 |
  163 |     // First column should be BTh with sticky classes
> 164 |     expect(
      |    ^ Duplicate Assert
  165 |       cells
  166 |         .at(0)
  167 |         .findComponent(BTh)"
/home/gabriel/Disk/Research/research-javascript-test-smells/repositories/bootstrap-vue-dev/src/components/table/table-sticky-column.spec.js,Duplicate Assert,"{'line': 164, 'column': 4, 'index': 4690}","  162 |
  163 |     // First column should be BTh with sticky classes
> 164 |     expect(
      |    ^ Duplicate Assert
  165 |       cells
  166 |         .at(0)
  167 |         .findComponent(BTh)"
/home/gabriel/Disk/Research/research-javascript-test-smells/repositories/bootstrap-vue-dev/src/components/table/table-sticky-column.spec.js,Duplicate Assert,"{'line': 170, 'column': 4, 'index': 4792}","  168 |         .exists()
  169 |     ).toBe(true)
> 170 |     expect(cells.at(0).element.tagName).toBe('TH')
      |    ^ Duplicate Assert
  171 |     expect(cells.at(0).classes()).toContain('b-table-sticky-column')
  172 |
  173 |     // Second column should be BTd with sticky classes"
/home/gabriel/Disk/Research/research-javascript-test-smells/repositories/bootstrap-vue-dev/src/components/table/table-sticky-column.spec.js,Duplicate Assert,"{'line': 170, 'column': 4, 'index': 4792}","  168 |         .exists()
  169 |     ).toBe(true)
> 170 |     expect(cells.at(0).element.tagName).toBe('TH')
      |    ^ Duplicate Assert
  171 |     expect(cells.at(0).classes()).toContain('b-table-sticky-column')
  172 |
  173 |     // Second column should be BTd with sticky classes"
/home/gabriel/Disk/Research/research-javascript-test-smells/repositories/bootstrap-vue-dev/src/components/table/table-sticky-column.spec.js,Duplicate Assert,"{'line': 171, 'column': 4, 'index': 4843}","  169 |     ).toBe(true)
  170 |     expect(cells.at(0).element.tagName).toBe('TH')
> 171 |     expect(cells.at(0).classes()).toContain('b-table-sticky-column')
      |    ^ Duplicate Assert
  172 |
  173 |     // Second column should be BTd with sticky classes
  174 |     expect("
/home/gabriel/Disk/Research/research-javascript-test-smells/repositories/bootstrap-vue-dev/src/components/table/table-sticky-column.spec.js,Duplicate Assert,"{'line': 171, 'column': 4, 'index': 4843}","  169 |     ).toBe(true)
  170 |     expect(cells.at(0).element.tagName).toBe('TH')
> 171 |     expect(cells.at(0).classes()).toContain('b-table-sticky-column')
      |    ^ Duplicate Assert
  172 |
  173 |     // Second column should be BTd with sticky classes
  174 |     expect("
/home/gabriel/Disk/Research/research-javascript-test-smells/repositories/bootstrap-vue-dev/src/components/table/table-sticky-column.spec.js,Duplicate Assert,"{'line': 180, 'column': 4, 'index': 5070}","  178 |         .exists()
  179 |     ).toBe(true)
> 180 |     expect(cells.at(1).element.tagName).toBe('TD')
      |    ^ Duplicate Assert
  181 |     expect(cells.at(1).classes()).toContain('b-table-sticky-column')
  182 |
  183 |     // Third column should be td"
/home/gabriel/Disk/Research/research-javascript-test-smells/repositories/bootstrap-vue-dev/src/components/table/table-sticky-column.spec.js,Duplicate Assert,"{'line': 181, 'column': 4, 'index': 5121}","  179 |     ).toBe(true)
  180 |     expect(cells.at(1).element.tagName).toBe('TD')
> 181 |     expect(cells.at(1).classes()).toContain('b-table-sticky-column')
      |    ^ Duplicate Assert
  182 |
  183 |     // Third column should be td
  184 |     expect(cells.at(2).vm).toBeUndefined()"
/home/gabriel/Disk/Research/research-javascript-test-smells/repositories/bootstrap-vue-dev/src/components/table/table-sticky-column.spec.js,Duplicate Assert,"{'line': 181, 'column': 4, 'index': 5121}","  179 |     ).toBe(true)
  180 |     expect(cells.at(1).element.tagName).toBe('TD')
> 181 |     expect(cells.at(1).classes()).toContain('b-table-sticky-column')
      |    ^ Duplicate Assert
  182 |
  183 |     // Third column should be td
  184 |     expect(cells.at(2).vm).toBeUndefined()"
/home/gabriel/Disk/Research/research-javascript-test-smells/repositories/bootstrap-vue-dev/src/components/table/table-sticky-column.spec.js,Duplicate Assert,"{'line': 185, 'column': 4, 'index': 5267}","  183 |     // Third column should be td
  184 |     expect(cells.at(2).vm).toBeUndefined()
> 185 |     expect(cells.at(2).element.tagName).toBe('TD')
      |    ^ Duplicate Assert
  186 |     expect(cells.at(2).classes()).not.toContain('b-table-sticky-column')
  187 |
  188 |     // Header cells"
/home/gabriel/Disk/Research/research-javascript-test-smells/repositories/bootstrap-vue-dev/src/components/table/table-sticky-column.spec.js,Duplicate Assert,"{'line': 186, 'column': 4, 'index': 5318}","  184 |     expect(cells.at(2).vm).toBeUndefined()
  185 |     expect(cells.at(2).element.tagName).toBe('TD')
> 186 |     expect(cells.at(2).classes()).not.toContain('b-table-sticky-column')
      |    ^ Duplicate Assert
  187 |
  188 |     // Header cells
  189 |     trs = wrapper.findAll('thead > tr')"
/home/gabriel/Disk/Research/research-javascript-test-smells/repositories/bootstrap-vue-dev/src/components/table/table-sticky-column.spec.js,Duplicate Assert,"{'line': 186, 'column': 4, 'index': 5318}","  184 |     expect(cells.at(2).vm).toBeUndefined()
  185 |     expect(cells.at(2).element.tagName).toBe('TD')
> 186 |     expect(cells.at(2).classes()).not.toContain('b-table-sticky-column')
      |    ^ Duplicate Assert
  187 |
  188 |     // Header cells
  189 |     trs = wrapper.findAll('thead > tr')"
/home/gabriel/Disk/Research/research-javascript-test-smells/repositories/bootstrap-vue-dev/src/components/table/table-sticky-column.spec.js,Duplicate Assert,"{'line': 190, 'column': 4, 'index': 5452}","  188 |     // Header cells
  189 |     trs = wrapper.findAll('thead > tr')
> 190 |     expect(trs.length).toBe(1)
      |    ^ Duplicate Assert
  191 |     cells = trs.at(0).findAll('th')
  192 |     expect(cells.length).toBe(3)
  193 |"
/home/gabriel/Disk/Research/research-javascript-test-smells/repositories/bootstrap-vue-dev/src/components/table/table-sticky-column.spec.js,Duplicate Assert,"{'line': 190, 'column': 4, 'index': 5452}","  188 |     // Header cells
  189 |     trs = wrapper.findAll('thead > tr')
> 190 |     expect(trs.length).toBe(1)
      |    ^ Duplicate Assert
  191 |     cells = trs.at(0).findAll('th')
  192 |     expect(cells.length).toBe(3)
  193 |"
/home/gabriel/Disk/Research/research-javascript-test-smells/repositories/bootstrap-vue-dev/src/components/table/table-sticky-column.spec.js,Duplicate Assert,"{'line': 192, 'column': 4, 'index': 5519}","  190 |     expect(trs.length).toBe(1)
  191 |     cells = trs.at(0).findAll('th')
> 192 |     expect(cells.length).toBe(3)
      |    ^ Duplicate Assert
  193 |
  194 |     // First column should be BTh with sticky classes
  195 |     expect("
/home/gabriel/Disk/Research/research-javascript-test-smells/repositories/bootstrap-vue-dev/src/components/table/table-sticky-column.spec.js,Duplicate Assert,"{'line': 192, 'column': 4, 'index': 5519}","  190 |     expect(trs.length).toBe(1)
  191 |     cells = trs.at(0).findAll('th')
> 192 |     expect(cells.length).toBe(3)
      |    ^ Duplicate Assert
  193 |
  194 |     // First column should be BTh with sticky classes
  195 |     expect("
/home/gabriel/Disk/Research/research-javascript-test-smells/repositories/bootstrap-vue-dev/src/components/table/table-sticky-column.spec.js,Duplicate Assert,"{'line': 195, 'column': 4, 'index': 5607}","  193 |
  194 |     // First column should be BTh with sticky classes
> 195 |     expect(
      |    ^ Duplicate Assert
  196 |       cells
  197 |         .at(0)
  198 |         .findComponent(BTh)"
/home/gabriel/Disk/Research/research-javascript-test-smells/repositories/bootstrap-vue-dev/src/components/table/table-sticky-column.spec.js,Duplicate Assert,"{'line': 195, 'column': 4, 'index': 5607}","  193 |
  194 |     // First column should be BTh with sticky classes
> 195 |     expect(
      |    ^ Duplicate Assert
  196 |       cells
  197 |         .at(0)
  198 |         .findComponent(BTh)"
/home/gabriel/Disk/Research/research-javascript-test-smells/repositories/bootstrap-vue-dev/src/components/table/table-sticky-column.spec.js,Duplicate Assert,"{'line': 201, 'column': 4, 'index': 5709}","  199 |         .exists()
  200 |     ).toBe(true)
> 201 |     expect(cells.at(0).element.tagName).toBe('TH')
      |    ^ Duplicate Assert
  202 |     expect(cells.at(0).classes()).toContain('b-table-sticky-column')
  203 |
  204 |     // Second column should be BTh with sticky classes"
/home/gabriel/Disk/Research/research-javascript-test-smells/repositories/bootstrap-vue-dev/src/components/table/table-sticky-column.spec.js,Duplicate Assert,"{'line': 201, 'column': 4, 'index': 5709}","  199 |         .exists()
  200 |     ).toBe(true)
> 201 |     expect(cells.at(0).element.tagName).toBe('TH')
      |    ^ Duplicate Assert
  202 |     expect(cells.at(0).classes()).toContain('b-table-sticky-column')
  203 |
  204 |     // Second column should be BTh with sticky classes"
/home/gabriel/Disk/Research/research-javascript-test-smells/repositories/bootstrap-vue-dev/src/components/table/table-sticky-column.spec.js,Duplicate Assert,"{'line': 202, 'column': 4, 'index': 5760}","  200 |     ).toBe(true)
  201 |     expect(cells.at(0).element.tagName).toBe('TH')
> 202 |     expect(cells.at(0).classes()).toContain('b-table-sticky-column')
      |    ^ Duplicate Assert
  203 |
  204 |     // Second column should be BTh with sticky classes
  205 |     expect("
/home/gabriel/Disk/Research/research-javascript-test-smells/repositories/bootstrap-vue-dev/src/components/table/table-sticky-column.spec.js,Duplicate Assert,"{'line': 202, 'column': 4, 'index': 5760}","  200 |     ).toBe(true)
  201 |     expect(cells.at(0).element.tagName).toBe('TH')
> 202 |     expect(cells.at(0).classes()).toContain('b-table-sticky-column')
      |    ^ Duplicate Assert
  203 |
  204 |     // Second column should be BTh with sticky classes
  205 |     expect("
/home/gabriel/Disk/Research/research-javascript-test-smells/repositories/bootstrap-vue-dev/src/components/table/table-sticky-column.spec.js,Duplicate Assert,"{'line': 205, 'column': 4, 'index': 5885}","  203 |
  204 |     // Second column should be BTh with sticky classes
> 205 |     expect(
      |    ^ Duplicate Assert
  206 |       cells
  207 |         .at(1)
  208 |         .findComponent(BTh)"
/home/gabriel/Disk/Research/research-javascript-test-smells/repositories/bootstrap-vue-dev/src/components/table/table-sticky-column.spec.js,Duplicate Assert,"{'line': 205, 'column': 4, 'index': 5885}","  203 |
  204 |     // Second column should be BTh with sticky classes
> 205 |     expect(
      |    ^ Duplicate Assert
  206 |       cells
  207 |         .at(1)
  208 |         .findComponent(BTh)"
/home/gabriel/Disk/Research/research-javascript-test-smells/repositories/bootstrap-vue-dev/src/components/table/table-sticky-column.spec.js,Duplicate Assert,"{'line': 211, 'column': 4, 'index': 5987}","  209 |         .exists()
  210 |     ).toBe(true)
> 211 |     expect(cells.at(1).element.tagName).toBe('TH')
      |    ^ Duplicate Assert
  212 |     expect(cells.at(1).classes()).toContain('b-table-sticky-column')
  213 |
  214 |     // Third column should be BTh"
/home/gabriel/Disk/Research/research-javascript-test-smells/repositories/bootstrap-vue-dev/src/components/table/table-sticky-column.spec.js,Duplicate Assert,"{'line': 211, 'column': 4, 'index': 5987}","  209 |         .exists()
  210 |     ).toBe(true)
> 211 |     expect(cells.at(1).element.tagName).toBe('TH')
      |    ^ Duplicate Assert
  212 |     expect(cells.at(1).classes()).toContain('b-table-sticky-column')
  213 |
  214 |     // Third column should be BTh"
/home/gabriel/Disk/Research/research-javascript-test-smells/repositories/bootstrap-vue-dev/src/components/table/table-sticky-column.spec.js,Duplicate Assert,"{'line': 212, 'column': 4, 'index': 6038}","  210 |     ).toBe(true)
  211 |     expect(cells.at(1).element.tagName).toBe('TH')
> 212 |     expect(cells.at(1).classes()).toContain('b-table-sticky-column')
      |    ^ Duplicate Assert
  213 |
  214 |     // Third column should be BTh
  215 |     expect("
/home/gabriel/Disk/Research/research-javascript-test-smells/repositories/bootstrap-vue-dev/src/components/table/table-sticky-column.spec.js,Duplicate Assert,"{'line': 212, 'column': 4, 'index': 6038}","  210 |     ).toBe(true)
  211 |     expect(cells.at(1).element.tagName).toBe('TH')
> 212 |     expect(cells.at(1).classes()).toContain('b-table-sticky-column')
      |    ^ Duplicate Assert
  213 |
  214 |     // Third column should be BTh
  215 |     expect("
/home/gabriel/Disk/Research/research-javascript-test-smells/repositories/bootstrap-vue-dev/src/components/table/table-sticky-column.spec.js,Duplicate Assert,"{'line': 215, 'column': 4, 'index': 6142}","  213 |
  214 |     // Third column should be BTh
> 215 |     expect(
      |    ^ Duplicate Assert
  216 |       cells
  217 |         .at(2)
  218 |         .findComponent(BTh)"
/home/gabriel/Disk/Research/research-javascript-test-smells/repositories/bootstrap-vue-dev/src/components/table/table-sticky-column.spec.js,Duplicate Assert,"{'line': 215, 'column': 4, 'index': 6142}","  213 |
  214 |     // Third column should be BTh
> 215 |     expect(
      |    ^ Duplicate Assert
  216 |       cells
  217 |         .at(2)
  218 |         .findComponent(BTh)"
/home/gabriel/Disk/Research/research-javascript-test-smells/repositories/bootstrap-vue-dev/src/components/table/table-sticky-column.spec.js,Duplicate Assert,"{'line': 221, 'column': 4, 'index': 6244}","  219 |         .exists()
  220 |     ).toBe(true)
> 221 |     expect(cells.at(2).element.tagName).toBe('TH')
      |    ^ Duplicate Assert
  222 |     expect(cells.at(2).classes()).not.toContain('b-table-sticky-column')
  223 |
  224 |     // Footer cells"
/home/gabriel/Disk/Research/research-javascript-test-smells/repositories/bootstrap-vue-dev/src/components/table/table-sticky-column.spec.js,Duplicate Assert,"{'line': 221, 'column': 4, 'index': 6244}","  219 |         .exists()
  220 |     ).toBe(true)
> 221 |     expect(cells.at(2).element.tagName).toBe('TH')
      |    ^ Duplicate Assert
  222 |     expect(cells.at(2).classes()).not.toContain('b-table-sticky-column')
  223 |
  224 |     // Footer cells"
/home/gabriel/Disk/Research/research-javascript-test-smells/repositories/bootstrap-vue-dev/src/components/table/table-sticky-column.spec.js,Duplicate Assert,"{'line': 222, 'column': 4, 'index': 6295}","  220 |     ).toBe(true)
  221 |     expect(cells.at(2).element.tagName).toBe('TH')
> 222 |     expect(cells.at(2).classes()).not.toContain('b-table-sticky-column')
      |    ^ Duplicate Assert
  223 |
  224 |     // Footer cells
  225 |     trs = wrapper.findAll('tfoot > tr')"
/home/gabriel/Disk/Research/research-javascript-test-smells/repositories/bootstrap-vue-dev/src/components/table/table-sticky-column.spec.js,Duplicate Assert,"{'line': 222, 'column': 4, 'index': 6295}","  220 |     ).toBe(true)
  221 |     expect(cells.at(2).element.tagName).toBe('TH')
> 222 |     expect(cells.at(2).classes()).not.toContain('b-table-sticky-column')
      |    ^ Duplicate Assert
  223 |
  224 |     // Footer cells
  225 |     trs = wrapper.findAll('tfoot > tr')"
/home/gabriel/Disk/Research/research-javascript-test-smells/repositories/bootstrap-vue-dev/src/components/table/table-sticky-column.spec.js,Duplicate Assert,"{'line': 226, 'column': 4, 'index': 6429}","  224 |     // Footer cells
  225 |     trs = wrapper.findAll('tfoot > tr')
> 226 |     expect(trs.length).toBe(1)
      |    ^ Duplicate Assert
  227 |
  228 |     cells = trs.at(0).findAll('th')
  229 |     expect(cells.length).toBe(3)"
/home/gabriel/Disk/Research/research-javascript-test-smells/repositories/bootstrap-vue-dev/src/components/table/table-sticky-column.spec.js,Duplicate Assert,"{'line': 226, 'column': 4, 'index': 6429}","  224 |     // Footer cells
  225 |     trs = wrapper.findAll('tfoot > tr')
> 226 |     expect(trs.length).toBe(1)
      |    ^ Duplicate Assert
  227 |
  228 |     cells = trs.at(0).findAll('th')
  229 |     expect(cells.length).toBe(3)"
/home/gabriel/Disk/Research/research-javascript-test-smells/repositories/bootstrap-vue-dev/src/components/table/table-sticky-column.spec.js,Duplicate Assert,"{'line': 229, 'column': 4, 'index': 6497}","  227 |
  228 |     cells = trs.at(0).findAll('th')
> 229 |     expect(cells.length).toBe(3)
      |    ^ Duplicate Assert
  230 |
  231 |     // First column should be BTh with sticky classes
  232 |     expect("
/home/gabriel/Disk/Research/research-javascript-test-smells/repositories/bootstrap-vue-dev/src/components/table/table-sticky-column.spec.js,Duplicate Assert,"{'line': 229, 'column': 4, 'index': 6497}","  227 |
  228 |     cells = trs.at(0).findAll('th')
> 229 |     expect(cells.length).toBe(3)
      |    ^ Duplicate Assert
  230 |
  231 |     // First column should be BTh with sticky classes
  232 |     expect("
/home/gabriel/Disk/Research/research-javascript-test-smells/repositories/bootstrap-vue-dev/src/components/table/table-sticky-column.spec.js,Duplicate Assert,"{'line': 232, 'column': 4, 'index': 6585}","  230 |
  231 |     // First column should be BTh with sticky classes
> 232 |     expect(
      |    ^ Duplicate Assert
  233 |       cells
  234 |         .at(0)
  235 |         .findComponent(BTh)"
/home/gabriel/Disk/Research/research-javascript-test-smells/repositories/bootstrap-vue-dev/src/components/table/table-sticky-column.spec.js,Duplicate Assert,"{'line': 232, 'column': 4, 'index': 6585}","  230 |
  231 |     // First column should be BTh with sticky classes
> 232 |     expect(
      |    ^ Duplicate Assert
  233 |       cells
  234 |         .at(0)
  235 |         .findComponent(BTh)"
/home/gabriel/Disk/Research/research-javascript-test-smells/repositories/bootstrap-vue-dev/src/components/table/table-sticky-column.spec.js,Duplicate Assert,"{'line': 238, 'column': 4, 'index': 6687}","  236 |         .exists()
  237 |     ).toBe(true)
> 238 |     expect(cells.at(0).element.tagName).toBe('TH')
      |    ^ Duplicate Assert
  239 |     expect(cells.at(0).classes()).toContain('b-table-sticky-column')
  240 |
  241 |     // Second column should be BTh with sticky classes"
/home/gabriel/Disk/Research/research-javascript-test-smells/repositories/bootstrap-vue-dev/src/components/table/table-sticky-column.spec.js,Duplicate Assert,"{'line': 238, 'column': 4, 'index': 6687}","  236 |         .exists()
  237 |     ).toBe(true)
> 238 |     expect(cells.at(0).element.tagName).toBe('TH')
      |    ^ Duplicate Assert
  239 |     expect(cells.at(0).classes()).toContain('b-table-sticky-column')
  240 |
  241 |     // Second column should be BTh with sticky classes"
/home/gabriel/Disk/Research/research-javascript-test-smells/repositories/bootstrap-vue-dev/src/components/table/table-sticky-column.spec.js,Duplicate Assert,"{'line': 239, 'column': 4, 'index': 6738}","  237 |     ).toBe(true)
  238 |     expect(cells.at(0).element.tagName).toBe('TH')
> 239 |     expect(cells.at(0).classes()).toContain('b-table-sticky-column')
      |    ^ Duplicate Assert
  240 |
  241 |     // Second column should be BTh with sticky classes
  242 |     expect("
/home/gabriel/Disk/Research/research-javascript-test-smells/repositories/bootstrap-vue-dev/src/components/table/table-sticky-column.spec.js,Duplicate Assert,"{'line': 239, 'column': 4, 'index': 6738}","  237 |     ).toBe(true)
  238 |     expect(cells.at(0).element.tagName).toBe('TH')
> 239 |     expect(cells.at(0).classes()).toContain('b-table-sticky-column')
      |    ^ Duplicate Assert
  240 |
  241 |     // Second column should be BTh with sticky classes
  242 |     expect("
/home/gabriel/Disk/Research/research-javascript-test-smells/repositories/bootstrap-vue-dev/src/components/table/table-sticky-column.spec.js,Duplicate Assert,"{'line': 242, 'column': 4, 'index': 6863}","  240 |
  241 |     // Second column should be BTh with sticky classes
> 242 |     expect(
      |    ^ Duplicate Assert
  243 |       cells
  244 |         .at(1)
  245 |         .findComponent(BTh)"
/home/gabriel/Disk/Research/research-javascript-test-smells/repositories/bootstrap-vue-dev/src/components/table/table-sticky-column.spec.js,Duplicate Assert,"{'line': 242, 'column': 4, 'index': 6863}","  240 |
  241 |     // Second column should be BTh with sticky classes
> 242 |     expect(
      |    ^ Duplicate Assert
  243 |       cells
  244 |         .at(1)
  245 |         .findComponent(BTh)"
/home/gabriel/Disk/Research/research-javascript-test-smells/repositories/bootstrap-vue-dev/src/components/table/table-sticky-column.spec.js,Duplicate Assert,"{'line': 248, 'column': 4, 'index': 6965}","  246 |         .exists()
  247 |     ).toBe(true)
> 248 |     expect(cells.at(1).element.tagName).toBe('TH')
      |    ^ Duplicate Assert
  249 |     expect(cells.at(1).classes()).toContain('b-table-sticky-column')
  250 |
  251 |     // Third column should be BTh"
/home/gabriel/Disk/Research/research-javascript-test-smells/repositories/bootstrap-vue-dev/src/components/table/table-sticky-column.spec.js,Duplicate Assert,"{'line': 248, 'column': 4, 'index': 6965}","  246 |         .exists()
  247 |     ).toBe(true)
> 248 |     expect(cells.at(1).element.tagName).toBe('TH')
      |    ^ Duplicate Assert
  249 |     expect(cells.at(1).classes()).toContain('b-table-sticky-column')
  250 |
  251 |     // Third column should be BTh"
/home/gabriel/Disk/Research/research-javascript-test-smells/repositories/bootstrap-vue-dev/src/components/table/table-sticky-column.spec.js,Duplicate Assert,"{'line': 249, 'column': 4, 'index': 7016}","  247 |     ).toBe(true)
  248 |     expect(cells.at(1).element.tagName).toBe('TH')
> 249 |     expect(cells.at(1).classes()).toContain('b-table-sticky-column')
      |    ^ Duplicate Assert
  250 |
  251 |     // Third column should be BTh
  252 |     expect("
/home/gabriel/Disk/Research/research-javascript-test-smells/repositories/bootstrap-vue-dev/src/components/table/table-sticky-column.spec.js,Duplicate Assert,"{'line': 249, 'column': 4, 'index': 7016}","  247 |     ).toBe(true)
  248 |     expect(cells.at(1).element.tagName).toBe('TH')
> 249 |     expect(cells.at(1).classes()).toContain('b-table-sticky-column')
      |    ^ Duplicate Assert
  250 |
  251 |     // Third column should be BTh
  252 |     expect("
/home/gabriel/Disk/Research/research-javascript-test-smells/repositories/bootstrap-vue-dev/src/components/table/table-sticky-column.spec.js,Duplicate Assert,"{'line': 252, 'column': 4, 'index': 7120}","  250 |
  251 |     // Third column should be BTh
> 252 |     expect(
      |    ^ Duplicate Assert
  253 |       cells
  254 |         .at(2)
  255 |         .findComponent(BTh)"
/home/gabriel/Disk/Research/research-javascript-test-smells/repositories/bootstrap-vue-dev/src/components/table/table-sticky-column.spec.js,Duplicate Assert,"{'line': 252, 'column': 4, 'index': 7120}","  250 |
  251 |     // Third column should be BTh
> 252 |     expect(
      |    ^ Duplicate Assert
  253 |       cells
  254 |         .at(2)
  255 |         .findComponent(BTh)"
/home/gabriel/Disk/Research/research-javascript-test-smells/repositories/bootstrap-vue-dev/src/components/table/table-sticky-column.spec.js,Duplicate Assert,"{'line': 258, 'column': 4, 'index': 7222}","  256 |         .exists()
  257 |     ).toBe(true)
> 258 |     expect(cells.at(2).element.tagName).toBe('TH')
      |    ^ Duplicate Assert
  259 |     expect(cells.at(2).classes()).not.toContain('b-table-sticky-column')
  260 |
  261 |     wrapper.destroy()"
/home/gabriel/Disk/Research/research-javascript-test-smells/repositories/bootstrap-vue-dev/src/components/table/table-sticky-column.spec.js,Duplicate Assert,"{'line': 258, 'column': 4, 'index': 7222}","  256 |         .exists()
  257 |     ).toBe(true)
> 258 |     expect(cells.at(2).element.tagName).toBe('TH')
      |    ^ Duplicate Assert
  259 |     expect(cells.at(2).classes()).not.toContain('b-table-sticky-column')
  260 |
  261 |     wrapper.destroy()"
/home/gabriel/Disk/Research/research-javascript-test-smells/repositories/bootstrap-vue-dev/src/components/table/table-sticky-column.spec.js,Duplicate Assert,"{'line': 259, 'column': 4, 'index': 7273}","  257 |     ).toBe(true)
  258 |     expect(cells.at(2).element.tagName).toBe('TH')
> 259 |     expect(cells.at(2).classes()).not.toContain('b-table-sticky-column')
      |    ^ Duplicate Assert
  260 |
  261 |     wrapper.destroy()
  262 |   })"
/home/gabriel/Disk/Research/research-javascript-test-smells/repositories/bootstrap-vue-dev/src/components/table/table-sticky-column.spec.js,Duplicate Assert,"{'line': 259, 'column': 4, 'index': 7273}","  257 |     ).toBe(true)
  258 |     expect(cells.at(2).element.tagName).toBe('TH')
> 259 |     expect(cells.at(2).classes()).not.toContain('b-table-sticky-column')
      |    ^ Duplicate Assert
  260 |
  261 |     wrapper.destroy()
  262 |   })"
/home/gabriel/Disk/Research/research-javascript-test-smells/repositories/bootstrap-vue-dev/src/components/table/table-sticky-column.spec.js,Duplicate Assert,"{'line': 277, 'column': 4, 'index': 7762}","  275 |     expect(wrapper).toBeDefined()
  276 |     expect(wrapper.element.tagName).toBe('TABLE')
> 277 |     expect(wrapper.classes()).not.toContain('table-responsive')
      |    ^ Duplicate Assert
  278 |     expect(wrapper.classes()).not.toContain('b-table-sticky-header')
  279 |     expect(wrapper.classes()).toContain('table')
  280 |     expect(wrapper.classes()).toContain('b-table')"
/home/gabriel/Disk/Research/research-javascript-test-smells/repositories/bootstrap-vue-dev/src/components/table/table-sticky-column.spec.js,Duplicate Assert,"{'line': 278, 'column': 4, 'index': 7826}","  276 |     expect(wrapper.element.tagName).toBe('TABLE')
  277 |     expect(wrapper.classes()).not.toContain('table-responsive')
> 278 |     expect(wrapper.classes()).not.toContain('b-table-sticky-header')
      |    ^ Duplicate Assert
  279 |     expect(wrapper.classes()).toContain('table')
  280 |     expect(wrapper.classes()).toContain('b-table')
  281 |"
/home/gabriel/Disk/Research/research-javascript-test-smells/repositories/bootstrap-vue-dev/src/components/table/table-sticky-column.spec.js,Duplicate Assert,"{'line': 279, 'column': 4, 'index': 7895}","  277 |     expect(wrapper.classes()).not.toContain('table-responsive')
  278 |     expect(wrapper.classes()).not.toContain('b-table-sticky-header')
> 279 |     expect(wrapper.classes()).toContain('table')
      |    ^ Duplicate Assert
  280 |     expect(wrapper.classes()).toContain('b-table')
  281 |
  282 |     // Body"
/home/gabriel/Disk/Research/research-javascript-test-smells/repositories/bootstrap-vue-dev/src/components/table/table-sticky-column.spec.js,Duplicate Assert,"{'line': 280, 'column': 4, 'index': 7944}","  278 |     expect(wrapper.classes()).not.toContain('b-table-sticky-header')
  279 |     expect(wrapper.classes()).toContain('table')
> 280 |     expect(wrapper.classes()).toContain('b-table')
      |    ^ Duplicate Assert
  281 |
  282 |     // Body
  283 |     let trs = wrapper.findAll('tbody > tr')"
/home/gabriel/Disk/Research/research-javascript-test-smells/repositories/bootstrap-vue-dev/src/components/table/table-sticky-column.spec.js,Duplicate Assert,"{'line': 284, 'column': 4, 'index': 8052}","  282 |     // Body
  283 |     let trs = wrapper.findAll('tbody > tr')
> 284 |     expect(trs.length).toBe(2)
      |    ^ Duplicate Assert
  285 |     let cells = trs.at(0).findAll('th, td')
  286 |     expect(cells.length).toBe(3)
  287 |"
/home/gabriel/Disk/Research/research-javascript-test-smells/repositories/bootstrap-vue-dev/src/components/table/table-sticky-column.spec.js,Duplicate Assert,"{'line': 286, 'column': 4, 'index': 8127}","  284 |     expect(trs.length).toBe(2)
  285 |     let cells = trs.at(0).findAll('th, td')
> 286 |     expect(cells.length).toBe(3)
      |    ^ Duplicate Assert
  287 |
  288 |     // First column should be th
  289 |     expect(cells.at(0).vm).toBeUndefined()"
/home/gabriel/Disk/Research/research-javascript-test-smells/repositories/bootstrap-vue-dev/src/components/table/table-sticky-column.spec.js,Duplicate Assert,"{'line': 286, 'column': 4, 'index': 8127}","  284 |     expect(trs.length).toBe(2)
  285 |     let cells = trs.at(0).findAll('th, td')
> 286 |     expect(cells.length).toBe(3)
      |    ^ Duplicate Assert
  287 |
  288 |     // First column should be th
  289 |     expect(cells.at(0).vm).toBeUndefined()"
/home/gabriel/Disk/Research/research-javascript-test-smells/repositories/bootstrap-vue-dev/src/components/table/table-sticky-column.spec.js,Duplicate Assert,"{'line': 290, 'column': 4, 'index': 8237}","  288 |     // First column should be th
  289 |     expect(cells.at(0).vm).toBeUndefined()
> 290 |     expect(cells.at(0).element.tagName).toBe('TH')
      |    ^ Duplicate Assert
  291 |     expect(cells.at(0).classes()).not.toContain('b-table-sticky-column')
  292 |
  293 |     // Second column should be td"
/home/gabriel/Disk/Research/research-javascript-test-smells/repositories/bootstrap-vue-dev/src/components/table/table-sticky-column.spec.js,Duplicate Assert,"{'line': 290, 'column': 4, 'index': 8237}","  288 |     // First column should be th
  289 |     expect(cells.at(0).vm).toBeUndefined()
> 290 |     expect(cells.at(0).element.tagName).toBe('TH')
      |    ^ Duplicate Assert
  291 |     expect(cells.at(0).classes()).not.toContain('b-table-sticky-column')
  292 |
  293 |     // Second column should be td"
/home/gabriel/Disk/Research/research-javascript-test-smells/repositories/bootstrap-vue-dev/src/components/table/table-sticky-column.spec.js,Duplicate Assert,"{'line': 291, 'column': 4, 'index': 8288}","  289 |     expect(cells.at(0).vm).toBeUndefined()
  290 |     expect(cells.at(0).element.tagName).toBe('TH')
> 291 |     expect(cells.at(0).classes()).not.toContain('b-table-sticky-column')
      |    ^ Duplicate Assert
  292 |
  293 |     // Second column should be td
  294 |     expect(cells.at(1).vm).toBeUndefined()"
/home/gabriel/Disk/Research/research-javascript-test-smells/repositories/bootstrap-vue-dev/src/components/table/table-sticky-column.spec.js,Duplicate Assert,"{'line': 291, 'column': 4, 'index': 8288}","  289 |     expect(cells.at(0).vm).toBeUndefined()
  290 |     expect(cells.at(0).element.tagName).toBe('TH')
> 291 |     expect(cells.at(0).classes()).not.toContain('b-table-sticky-column')
      |    ^ Duplicate Assert
  292 |
  293 |     // Second column should be td
  294 |     expect(cells.at(1).vm).toBeUndefined()"
/home/gabriel/Disk/Research/research-javascript-test-smells/repositories/bootstrap-vue-dev/src/components/table/table-sticky-column.spec.js,Duplicate Assert,"{'line': 295, 'column': 4, 'index': 8439}","  293 |     // Second column should be td
  294 |     expect(cells.at(1).vm).toBeUndefined()
> 295 |     expect(cells.at(1).element.tagName).toBe('TD')
      |    ^ Duplicate Assert
  296 |     expect(cells.at(1).classes()).not.toContain('b-table-sticky-column')
  297 |
  298 |     // Third column should be td"
/home/gabriel/Disk/Research/research-javascript-test-smells/repositories/bootstrap-vue-dev/src/components/table/table-sticky-column.spec.js,Duplicate Assert,"{'line': 296, 'column': 4, 'index': 8490}","  294 |     expect(cells.at(1).vm).toBeUndefined()
  295 |     expect(cells.at(1).element.tagName).toBe('TD')
> 296 |     expect(cells.at(1).classes()).not.toContain('b-table-sticky-column')
      |    ^ Duplicate Assert
  297 |
  298 |     // Third column should be td
  299 |     expect(cells.at(2).vm).toBeUndefined()"
/home/gabriel/Disk/Research/research-javascript-test-smells/repositories/bootstrap-vue-dev/src/components/table/table-sticky-column.spec.js,Duplicate Assert,"{'line': 296, 'column': 4, 'index': 8490}","  294 |     expect(cells.at(1).vm).toBeUndefined()
  295 |     expect(cells.at(1).element.tagName).toBe('TD')
> 296 |     expect(cells.at(1).classes()).not.toContain('b-table-sticky-column')
      |    ^ Duplicate Assert
  297 |
  298 |     // Third column should be td
  299 |     expect(cells.at(2).vm).toBeUndefined()"
/home/gabriel/Disk/Research/research-javascript-test-smells/repositories/bootstrap-vue-dev/src/components/table/table-sticky-column.spec.js,Duplicate Assert,"{'line': 300, 'column': 4, 'index': 8640}","  298 |     // Third column should be td
  299 |     expect(cells.at(2).vm).toBeUndefined()
> 300 |     expect(cells.at(2).element.tagName).toBe('TD')
      |    ^ Duplicate Assert
  301 |     expect(cells.at(2).classes()).not.toContain('b-table-sticky-column')
  302 |
  303 |     // Header cells"
/home/gabriel/Disk/Research/research-javascript-test-smells/repositories/bootstrap-vue-dev/src/components/table/table-sticky-column.spec.js,Duplicate Assert,"{'line': 301, 'column': 4, 'index': 8691}","  299 |     expect(cells.at(2).vm).toBeUndefined()
  300 |     expect(cells.at(2).element.tagName).toBe('TD')
> 301 |     expect(cells.at(2).classes()).not.toContain('b-table-sticky-column')
      |    ^ Duplicate Assert
  302 |
  303 |     // Header cells
  304 |     trs = wrapper.findAll('thead > tr')"
/home/gabriel/Disk/Research/research-javascript-test-smells/repositories/bootstrap-vue-dev/src/components/table/table-sticky-column.spec.js,Duplicate Assert,"{'line': 301, 'column': 4, 'index': 8691}","  299 |     expect(cells.at(2).vm).toBeUndefined()
  300 |     expect(cells.at(2).element.tagName).toBe('TD')
> 301 |     expect(cells.at(2).classes()).not.toContain('b-table-sticky-column')
      |    ^ Duplicate Assert
  302 |
  303 |     // Header cells
  304 |     trs = wrapper.findAll('thead > tr')"
/home/gabriel/Disk/Research/research-javascript-test-smells/repositories/bootstrap-vue-dev/src/components/table/table-sticky-column.spec.js,Duplicate Assert,"{'line': 305, 'column': 4, 'index': 8825}","  303 |     // Header cells
  304 |     trs = wrapper.findAll('thead > tr')
> 305 |     expect(trs.length).toBe(1)
      |    ^ Duplicate Assert
  306 |     cells = trs.at(0).findAll('th')
  307 |     expect(cells.length).toBe(3)
  308 |"
/home/gabriel/Disk/Research/research-javascript-test-smells/repositories/bootstrap-vue-dev/src/components/table/table-sticky-column.spec.js,Duplicate Assert,"{'line': 305, 'column': 4, 'index': 8825}","  303 |     // Header cells
  304 |     trs = wrapper.findAll('thead > tr')
> 305 |     expect(trs.length).toBe(1)
      |    ^ Duplicate Assert
  306 |     cells = trs.at(0).findAll('th')
  307 |     expect(cells.length).toBe(3)
  308 |"
/home/gabriel/Disk/Research/research-javascript-test-smells/repositories/bootstrap-vue-dev/src/components/table/table-sticky-column.spec.js,Duplicate Assert,"{'line': 307, 'column': 4, 'index': 8892}","  305 |     expect(trs.length).toBe(1)
  306 |     cells = trs.at(0).findAll('th')
> 307 |     expect(cells.length).toBe(3)
      |    ^ Duplicate Assert
  308 |
  309 |     // First column should be BTh with sticky classes
  310 |     expect("
/home/gabriel/Disk/Research/research-javascript-test-smells/repositories/bootstrap-vue-dev/src/components/table/table-sticky-column.spec.js,Duplicate Assert,"{'line': 307, 'column': 4, 'index': 8892}","  305 |     expect(trs.length).toBe(1)
  306 |     cells = trs.at(0).findAll('th')
> 307 |     expect(cells.length).toBe(3)
      |    ^ Duplicate Assert
  308 |
  309 |     // First column should be BTh with sticky classes
  310 |     expect("
/home/gabriel/Disk/Research/research-javascript-test-smells/repositories/bootstrap-vue-dev/src/components/table/table-sticky-column.spec.js,Duplicate Assert,"{'line': 310, 'column': 4, 'index': 8980}","  308 |
  309 |     // First column should be BTh with sticky classes
> 310 |     expect(
      |    ^ Duplicate Assert
  311 |       cells
  312 |         .at(0)
  313 |         .findComponent(BTh)"
/home/gabriel/Disk/Research/research-javascript-test-smells/repositories/bootstrap-vue-dev/src/components/table/table-sticky-column.spec.js,Duplicate Assert,"{'line': 310, 'column': 4, 'index': 8980}","  308 |
  309 |     // First column should be BTh with sticky classes
> 310 |     expect(
      |    ^ Duplicate Assert
  311 |       cells
  312 |         .at(0)
  313 |         .findComponent(BTh)"
/home/gabriel/Disk/Research/research-javascript-test-smells/repositories/bootstrap-vue-dev/src/components/table/table-sticky-column.spec.js,Duplicate Assert,"{'line': 316, 'column': 4, 'index': 9082}","  314 |         .exists()
  315 |     ).toBe(true)
> 316 |     expect(cells.at(0).element.tagName).toBe('TH')
      |    ^ Duplicate Assert
  317 |     expect(cells.at(0).classes()).not.toContain('b-table-sticky-column')
  318 |
  319 |     // Second column should be BTh with sticky classes"
/home/gabriel/Disk/Research/research-javascript-test-smells/repositories/bootstrap-vue-dev/src/components/table/table-sticky-column.spec.js,Duplicate Assert,"{'line': 316, 'column': 4, 'index': 9082}","  314 |         .exists()
  315 |     ).toBe(true)
> 316 |     expect(cells.at(0).element.tagName).toBe('TH')
      |    ^ Duplicate Assert
  317 |     expect(cells.at(0).classes()).not.toContain('b-table-sticky-column')
  318 |
  319 |     // Second column should be BTh with sticky classes"
/home/gabriel/Disk/Research/research-javascript-test-smells/repositories/bootstrap-vue-dev/src/components/table/table-sticky-column.spec.js,Duplicate Assert,"{'line': 317, 'column': 4, 'index': 9133}","  315 |     ).toBe(true)
  316 |     expect(cells.at(0).element.tagName).toBe('TH')
> 317 |     expect(cells.at(0).classes()).not.toContain('b-table-sticky-column')
      |    ^ Duplicate Assert
  318 |
  319 |     // Second column should be BTh with sticky classes
  320 |     expect("
/home/gabriel/Disk/Research/research-javascript-test-smells/repositories/bootstrap-vue-dev/src/components/table/table-sticky-column.spec.js,Duplicate Assert,"{'line': 317, 'column': 4, 'index': 9133}","  315 |     ).toBe(true)
  316 |     expect(cells.at(0).element.tagName).toBe('TH')
> 317 |     expect(cells.at(0).classes()).not.toContain('b-table-sticky-column')
      |    ^ Duplicate Assert
  318 |
  319 |     // Second column should be BTh with sticky classes
  320 |     expect("
/home/gabriel/Disk/Research/research-javascript-test-smells/repositories/bootstrap-vue-dev/src/components/table/table-sticky-column.spec.js,Duplicate Assert,"{'line': 320, 'column': 4, 'index': 9262}","  318 |
  319 |     // Second column should be BTh with sticky classes
> 320 |     expect(
      |    ^ Duplicate Assert
  321 |       cells
  322 |         .at(1)
  323 |         .findComponent(BTh)"
/home/gabriel/Disk/Research/research-javascript-test-smells/repositories/bootstrap-vue-dev/src/components/table/table-sticky-column.spec.js,Duplicate Assert,"{'line': 320, 'column': 4, 'index': 9262}","  318 |
  319 |     // Second column should be BTh with sticky classes
> 320 |     expect(
      |    ^ Duplicate Assert
  321 |       cells
  322 |         .at(1)
  323 |         .findComponent(BTh)"
/home/gabriel/Disk/Research/research-javascript-test-smells/repositories/bootstrap-vue-dev/src/components/table/table-sticky-column.spec.js,Duplicate Assert,"{'line': 326, 'column': 4, 'index': 9364}","  324 |         .exists()
  325 |     ).toBe(true)
> 326 |     expect(cells.at(1).element.tagName).toBe('TH')
      |    ^ Duplicate Assert
  327 |     expect(cells.at(1).classes()).not.toContain('b-table-sticky-column')
  328 |
  329 |     // Third column should be BTh"
/home/gabriel/Disk/Research/research-javascript-test-smells/repositories/bootstrap-vue-dev/src/components/table/table-sticky-column.spec.js,Duplicate Assert,"{'line': 326, 'column': 4, 'index': 9364}","  324 |         .exists()
  325 |     ).toBe(true)
> 326 |     expect(cells.at(1).element.tagName).toBe('TH')
      |    ^ Duplicate Assert
  327 |     expect(cells.at(1).classes()).not.toContain('b-table-sticky-column')
  328 |
  329 |     // Third column should be BTh"
/home/gabriel/Disk/Research/research-javascript-test-smells/repositories/bootstrap-vue-dev/src/components/table/table-sticky-column.spec.js,Duplicate Assert,"{'line': 327, 'column': 4, 'index': 9415}","  325 |     ).toBe(true)
  326 |     expect(cells.at(1).element.tagName).toBe('TH')
> 327 |     expect(cells.at(1).classes()).not.toContain('b-table-sticky-column')
      |    ^ Duplicate Assert
  328 |
  329 |     // Third column should be BTh
  330 |     expect("
/home/gabriel/Disk/Research/research-javascript-test-smells/repositories/bootstrap-vue-dev/src/components/table/table-sticky-column.spec.js,Duplicate Assert,"{'line': 327, 'column': 4, 'index': 9415}","  325 |     ).toBe(true)
  326 |     expect(cells.at(1).element.tagName).toBe('TH')
> 327 |     expect(cells.at(1).classes()).not.toContain('b-table-sticky-column')
      |    ^ Duplicate Assert
  328 |
  329 |     // Third column should be BTh
  330 |     expect("
/home/gabriel/Disk/Research/research-javascript-test-smells/repositories/bootstrap-vue-dev/src/components/table/table-sticky-column.spec.js,Duplicate Assert,"{'line': 330, 'column': 4, 'index': 9523}","  328 |
  329 |     // Third column should be BTh
> 330 |     expect(
      |    ^ Duplicate Assert
  331 |       cells
  332 |         .at(2)
  333 |         .findComponent(BTh)"
/home/gabriel/Disk/Research/research-javascript-test-smells/repositories/bootstrap-vue-dev/src/components/table/table-sticky-column.spec.js,Duplicate Assert,"{'line': 330, 'column': 4, 'index': 9523}","  328 |
  329 |     // Third column should be BTh
> 330 |     expect(
      |    ^ Duplicate Assert
  331 |       cells
  332 |         .at(2)
  333 |         .findComponent(BTh)"
/home/gabriel/Disk/Research/research-javascript-test-smells/repositories/bootstrap-vue-dev/src/components/table/table-sticky-column.spec.js,Duplicate Assert,"{'line': 336, 'column': 4, 'index': 9625}","  334 |         .exists()
  335 |     ).toBe(true)
> 336 |     expect(cells.at(2).element.tagName).toBe('TH')
      |    ^ Duplicate Assert
  337 |     expect(cells.at(2).classes()).not.toContain('b-table-sticky-column')
  338 |
  339 |     // Footer cells"
/home/gabriel/Disk/Research/research-javascript-test-smells/repositories/bootstrap-vue-dev/src/components/table/table-sticky-column.spec.js,Duplicate Assert,"{'line': 336, 'column': 4, 'index': 9625}","  334 |         .exists()
  335 |     ).toBe(true)
> 336 |     expect(cells.at(2).element.tagName).toBe('TH')
      |    ^ Duplicate Assert
  337 |     expect(cells.at(2).classes()).not.toContain('b-table-sticky-column')
  338 |
  339 |     // Footer cells"
/home/gabriel/Disk/Research/research-javascript-test-smells/repositories/bootstrap-vue-dev/src/components/table/table-sticky-column.spec.js,Duplicate Assert,"{'line': 337, 'column': 4, 'index': 9676}","  335 |     ).toBe(true)
  336 |     expect(cells.at(2).element.tagName).toBe('TH')
> 337 |     expect(cells.at(2).classes()).not.toContain('b-table-sticky-column')
      |    ^ Duplicate Assert
  338 |
  339 |     // Footer cells
  340 |     trs = wrapper.findAll('tfoot > tr')"
/home/gabriel/Disk/Research/research-javascript-test-smells/repositories/bootstrap-vue-dev/src/components/table/table-sticky-column.spec.js,Duplicate Assert,"{'line': 337, 'column': 4, 'index': 9676}","  335 |     ).toBe(true)
  336 |     expect(cells.at(2).element.tagName).toBe('TH')
> 337 |     expect(cells.at(2).classes()).not.toContain('b-table-sticky-column')
      |    ^ Duplicate Assert
  338 |
  339 |     // Footer cells
  340 |     trs = wrapper.findAll('tfoot > tr')"
/home/gabriel/Disk/Research/research-javascript-test-smells/repositories/bootstrap-vue-dev/src/components/table/table-sticky-column.spec.js,Duplicate Assert,"{'line': 341, 'column': 4, 'index': 9810}","  339 |     // Footer cells
  340 |     trs = wrapper.findAll('tfoot > tr')
> 341 |     expect(trs.length).toBe(1)
      |    ^ Duplicate Assert
  342 |     cells = trs.at(0).findAll('th')
  343 |     expect(cells.length).toBe(3)
  344 |"
/home/gabriel/Disk/Research/research-javascript-test-smells/repositories/bootstrap-vue-dev/src/components/table/table-sticky-column.spec.js,Duplicate Assert,"{'line': 341, 'column': 4, 'index': 9810}","  339 |     // Footer cells
  340 |     trs = wrapper.findAll('tfoot > tr')
> 341 |     expect(trs.length).toBe(1)
      |    ^ Duplicate Assert
  342 |     cells = trs.at(0).findAll('th')
  343 |     expect(cells.length).toBe(3)
  344 |"
/home/gabriel/Disk/Research/research-javascript-test-smells/repositories/bootstrap-vue-dev/src/components/table/table-sticky-column.spec.js,Duplicate Assert,"{'line': 343, 'column': 4, 'index': 9877}","  341 |     expect(trs.length).toBe(1)
  342 |     cells = trs.at(0).findAll('th')
> 343 |     expect(cells.length).toBe(3)
      |    ^ Duplicate Assert
  344 |
  345 |     // First column should be BTh with sticky classes
  346 |     expect("
/home/gabriel/Disk/Research/research-javascript-test-smells/repositories/bootstrap-vue-dev/src/components/table/table-sticky-column.spec.js,Duplicate Assert,"{'line': 343, 'column': 4, 'index': 9877}","  341 |     expect(trs.length).toBe(1)
  342 |     cells = trs.at(0).findAll('th')
> 343 |     expect(cells.length).toBe(3)
      |    ^ Duplicate Assert
  344 |
  345 |     // First column should be BTh with sticky classes
  346 |     expect("
/home/gabriel/Disk/Research/research-javascript-test-smells/repositories/bootstrap-vue-dev/src/components/table/table-sticky-column.spec.js,Duplicate Assert,"{'line': 346, 'column': 4, 'index': 9965}","  344 |
  345 |     // First column should be BTh with sticky classes
> 346 |     expect(
      |    ^ Duplicate Assert
  347 |       cells
  348 |         .at(0)
  349 |         .findComponent(BTh)"
/home/gabriel/Disk/Research/research-javascript-test-smells/repositories/bootstrap-vue-dev/src/components/table/table-sticky-column.spec.js,Duplicate Assert,"{'line': 346, 'column': 4, 'index': 9965}","  344 |
  345 |     // First column should be BTh with sticky classes
> 346 |     expect(
      |    ^ Duplicate Assert
  347 |       cells
  348 |         .at(0)
  349 |         .findComponent(BTh)"
/home/gabriel/Disk/Research/research-javascript-test-smells/repositories/bootstrap-vue-dev/src/components/table/table-sticky-column.spec.js,Duplicate Assert,"{'line': 352, 'column': 4, 'index': 10067}","  350 |         .exists()
  351 |     ).toBe(true)
> 352 |     expect(cells.at(0).element.tagName).toBe('TH')
      |    ^ Duplicate Assert
  353 |     expect(cells.at(0).classes()).not.toContain('b-table-sticky-column')
  354 |
  355 |     // Second column should be BTh with sticky classes"
/home/gabriel/Disk/Research/research-javascript-test-smells/repositories/bootstrap-vue-dev/src/components/table/table-sticky-column.spec.js,Duplicate Assert,"{'line': 352, 'column': 4, 'index': 10067}","  350 |         .exists()
  351 |     ).toBe(true)
> 352 |     expect(cells.at(0).element.tagName).toBe('TH')
      |    ^ Duplicate Assert
  353 |     expect(cells.at(0).classes()).not.toContain('b-table-sticky-column')
  354 |
  355 |     // Second column should be BTh with sticky classes"
/home/gabriel/Disk/Research/research-javascript-test-smells/repositories/bootstrap-vue-dev/src/components/table/table-sticky-column.spec.js,Duplicate Assert,"{'line': 353, 'column': 4, 'index': 10118}","  351 |     ).toBe(true)
  352 |     expect(cells.at(0).element.tagName).toBe('TH')
> 353 |     expect(cells.at(0).classes()).not.toContain('b-table-sticky-column')
      |    ^ Duplicate Assert
  354 |
  355 |     // Second column should be BTh with sticky classes
  356 |     expect("
/home/gabriel/Disk/Research/research-javascript-test-smells/repositories/bootstrap-vue-dev/src/components/table/table-sticky-column.spec.js,Duplicate Assert,"{'line': 353, 'column': 4, 'index': 10118}","  351 |     ).toBe(true)
  352 |     expect(cells.at(0).element.tagName).toBe('TH')
> 353 |     expect(cells.at(0).classes()).not.toContain('b-table-sticky-column')
      |    ^ Duplicate Assert
  354 |
  355 |     // Second column should be BTh with sticky classes
  356 |     expect("
/home/gabriel/Disk/Research/research-javascript-test-smells/repositories/bootstrap-vue-dev/src/components/table/table-sticky-column.spec.js,Duplicate Assert,"{'line': 356, 'column': 4, 'index': 10247}","  354 |
  355 |     // Second column should be BTh with sticky classes
> 356 |     expect(
      |    ^ Duplicate Assert
  357 |       cells
  358 |         .at(1)
  359 |         .findComponent(BTh)"
/home/gabriel/Disk/Research/research-javascript-test-smells/repositories/bootstrap-vue-dev/src/components/table/table-sticky-column.spec.js,Duplicate Assert,"{'line': 356, 'column': 4, 'index': 10247}","  354 |
  355 |     // Second column should be BTh with sticky classes
> 356 |     expect(
      |    ^ Duplicate Assert
  357 |       cells
  358 |         .at(1)
  359 |         .findComponent(BTh)"
/home/gabriel/Disk/Research/research-javascript-test-smells/repositories/bootstrap-vue-dev/src/components/table/table-sticky-column.spec.js,Duplicate Assert,"{'line': 362, 'column': 4, 'index': 10349}","  360 |         .exists()
  361 |     ).toBe(true)
> 362 |     expect(cells.at(1).element.tagName).toBe('TH')
      |    ^ Duplicate Assert
  363 |     expect(cells.at(1).classes()).not.toContain('b-table-sticky-column')
  364 |
  365 |     // Third column should be BTh"
/home/gabriel/Disk/Research/research-javascript-test-smells/repositories/bootstrap-vue-dev/src/components/table/table-sticky-column.spec.js,Duplicate Assert,"{'line': 362, 'column': 4, 'index': 10349}","  360 |         .exists()
  361 |     ).toBe(true)
> 362 |     expect(cells.at(1).element.tagName).toBe('TH')
      |    ^ Duplicate Assert
  363 |     expect(cells.at(1).classes()).not.toContain('b-table-sticky-column')
  364 |
  365 |     // Third column should be BTh"
/home/gabriel/Disk/Research/research-javascript-test-smells/repositories/bootstrap-vue-dev/src/components/table/table-sticky-column.spec.js,Duplicate Assert,"{'line': 363, 'column': 4, 'index': 10400}","  361 |     ).toBe(true)
  362 |     expect(cells.at(1).element.tagName).toBe('TH')
> 363 |     expect(cells.at(1).classes()).not.toContain('b-table-sticky-column')
      |    ^ Duplicate Assert
  364 |
  365 |     // Third column should be BTh
  366 |     expect("
/home/gabriel/Disk/Research/research-javascript-test-smells/repositories/bootstrap-vue-dev/src/components/table/table-sticky-column.spec.js,Duplicate Assert,"{'line': 363, 'column': 4, 'index': 10400}","  361 |     ).toBe(true)
  362 |     expect(cells.at(1).element.tagName).toBe('TH')
> 363 |     expect(cells.at(1).classes()).not.toContain('b-table-sticky-column')
      |    ^ Duplicate Assert
  364 |
  365 |     // Third column should be BTh
  366 |     expect("
/home/gabriel/Disk/Research/research-javascript-test-smells/repositories/bootstrap-vue-dev/src/components/table/table-sticky-column.spec.js,Duplicate Assert,"{'line': 366, 'column': 4, 'index': 10508}","  364 |
  365 |     // Third column should be BTh
> 366 |     expect(
      |    ^ Duplicate Assert
  367 |       cells
  368 |         .at(2)
  369 |         .findComponent(BTh)"
/home/gabriel/Disk/Research/research-javascript-test-smells/repositories/bootstrap-vue-dev/src/components/table/table-sticky-column.spec.js,Duplicate Assert,"{'line': 366, 'column': 4, 'index': 10508}","  364 |
  365 |     // Third column should be BTh
> 366 |     expect(
      |    ^ Duplicate Assert
  367 |       cells
  368 |         .at(2)
  369 |         .findComponent(BTh)"
/home/gabriel/Disk/Research/research-javascript-test-smells/repositories/bootstrap-vue-dev/src/components/table/table-sticky-column.spec.js,Duplicate Assert,"{'line': 372, 'column': 4, 'index': 10610}","  370 |         .exists()
  371 |     ).toBe(true)
> 372 |     expect(cells.at(2).element.tagName).toBe('TH')
      |    ^ Duplicate Assert
  373 |     expect(cells.at(2).classes()).not.toContain('b-table-sticky-column')
  374 |
  375 |     wrapper.destroy()"
/home/gabriel/Disk/Research/research-javascript-test-smells/repositories/bootstrap-vue-dev/src/components/table/table-sticky-column.spec.js,Duplicate Assert,"{'line': 372, 'column': 4, 'index': 10610}","  370 |         .exists()
  371 |     ).toBe(true)
> 372 |     expect(cells.at(2).element.tagName).toBe('TH')
      |    ^ Duplicate Assert
  373 |     expect(cells.at(2).classes()).not.toContain('b-table-sticky-column')
  374 |
  375 |     wrapper.destroy()"
/home/gabriel/Disk/Research/research-javascript-test-smells/repositories/bootstrap-vue-dev/src/components/table/table-sticky-column.spec.js,Duplicate Assert,"{'line': 373, 'column': 4, 'index': 10661}","  371 |     ).toBe(true)
  372 |     expect(cells.at(2).element.tagName).toBe('TH')
> 373 |     expect(cells.at(2).classes()).not.toContain('b-table-sticky-column')
      |    ^ Duplicate Assert
  374 |
  375 |     wrapper.destroy()
  376 |   })"
/home/gabriel/Disk/Research/research-javascript-test-smells/repositories/bootstrap-vue-dev/src/components/table/table-sticky-column.spec.js,Duplicate Assert,"{'line': 373, 'column': 4, 'index': 10661}","  371 |     ).toBe(true)
  372 |     expect(cells.at(2).element.tagName).toBe('TH')
> 373 |     expect(cells.at(2).classes()).not.toContain('b-table-sticky-column')
      |    ^ Duplicate Assert
  374 |
  375 |     wrapper.destroy()
  376 |   })"
/home/gabriel/Disk/Research/research-javascript-test-smells/repositories/bootstrap-vue-dev/src/components/table/table-sticky-column.spec.js,Magic Number,"{'line': 34, 'column': 28, 'index': 1019}","  32 |     // Body
  33 |     let trs = wrapper.findAll('tbody > tr')
> 34 |     expect(trs.length).toBe(2)
     |                            ^ Magic Number
  35 |     let cells = trs.at(0).findAll('th, td')
  36 |     expect(cells.length).toBe(3)
  37 |"
/home/gabriel/Disk/Research/research-javascript-test-smells/repositories/bootstrap-vue-dev/src/components/table/table-sticky-column.spec.js,Magic Number,"{'line': 36, 'column': 30, 'index': 1096}","  34 |     expect(trs.length).toBe(2)
  35 |     let cells = trs.at(0).findAll('th, td')
> 36 |     expect(cells.length).toBe(3)
     |                              ^ Magic Number
  37 |
  38 |     // First column should be BTh with sticky classes
  39 |     expect("
/home/gabriel/Disk/Research/research-javascript-test-smells/repositories/bootstrap-vue-dev/src/components/table/table-sticky-column.spec.js,Magic Number,"{'line': 65, 'column': 28, 'index': 1944}","  63 |     // Header cells
  64 |     trs = wrapper.findAll('thead > tr')
> 65 |     expect(trs.length).toBe(1)
     |                            ^ Magic Number
  66 |     cells = trs.at(0).findAll('th')
  67 |     expect(cells.length).toBe(3)
  68 |"
/home/gabriel/Disk/Research/research-javascript-test-smells/repositories/bootstrap-vue-dev/src/components/table/table-sticky-column.spec.js,Magic Number,"{'line': 67, 'column': 30, 'index': 2013}","  65 |     expect(trs.length).toBe(1)
  66 |     cells = trs.at(0).findAll('th')
> 67 |     expect(cells.length).toBe(3)
     |                              ^ Magic Number
  68 |
  69 |     // First column should be BTh with sticky classes
  70 |     expect("
/home/gabriel/Disk/Research/research-javascript-test-smells/repositories/bootstrap-vue-dev/src/components/table/table-sticky-column.spec.js,Magic Number,"{'line': 101, 'column': 28, 'index': 2921}","   99 |     // Footer cells
  100 |     trs = wrapper.findAll('tfoot > tr')
> 101 |     expect(trs.length).toBe(1)
      |                            ^ Magic Number
  102 |     cells = trs.at(0).findAll('th')
  103 |     expect(cells.length).toBe(3)
  104 |"
/home/gabriel/Disk/Research/research-javascript-test-smells/repositories/bootstrap-vue-dev/src/components/table/table-sticky-column.spec.js,Magic Number,"{'line': 103, 'column': 30, 'index': 2990}","  101 |     expect(trs.length).toBe(1)
  102 |     cells = trs.at(0).findAll('th')
> 103 |     expect(cells.length).toBe(3)
      |                              ^ Magic Number
  104 |
  105 |     // First column should be BTh with sticky classes
  106 |     expect("
/home/gabriel/Disk/Research/research-javascript-test-smells/repositories/bootstrap-vue-dev/src/components/table/table-sticky-column.spec.js,Magic Number,"{'line': 159, 'column': 28, 'index': 4551}","  157 |     // Tbody cells
  158 |     let trs = wrapper.findAll('tbody > tr')
> 159 |     expect(trs.length).toBe(2)
      |                            ^ Magic Number
  160 |     let cells = trs.at(0).findAll('th, td')
  161 |     expect(cells.length).toBe(3)
  162 |"
/home/gabriel/Disk/Research/research-javascript-test-smells/repositories/bootstrap-vue-dev/src/components/table/table-sticky-column.spec.js,Magic Number,"{'line': 161, 'column': 30, 'index': 4628}","  159 |     expect(trs.length).toBe(2)
  160 |     let cells = trs.at(0).findAll('th, td')
> 161 |     expect(cells.length).toBe(3)
      |                              ^ Magic Number
  162 |
  163 |     // First column should be BTh with sticky classes
  164 |     expect("
/home/gabriel/Disk/Research/research-javascript-test-smells/repositories/bootstrap-vue-dev/src/components/table/table-sticky-column.spec.js,Magic Number,"{'line': 190, 'column': 28, 'index': 5476}","  188 |     // Header cells
  189 |     trs = wrapper.findAll('thead > tr')
> 190 |     expect(trs.length).toBe(1)
      |                            ^ Magic Number
  191 |     cells = trs.at(0).findAll('th')
  192 |     expect(cells.length).toBe(3)
  193 |"
/home/gabriel/Disk/Research/research-javascript-test-smells/repositories/bootstrap-vue-dev/src/components/table/table-sticky-column.spec.js,Magic Number,"{'line': 192, 'column': 30, 'index': 5545}","  190 |     expect(trs.length).toBe(1)
  191 |     cells = trs.at(0).findAll('th')
> 192 |     expect(cells.length).toBe(3)
      |                              ^ Magic Number
  193 |
  194 |     // First column should be BTh with sticky classes
  195 |     expect("
/home/gabriel/Disk/Research/research-javascript-test-smells/repositories/bootstrap-vue-dev/src/components/table/table-sticky-column.spec.js,Magic Number,"{'line': 226, 'column': 28, 'index': 6453}","  224 |     // Footer cells
  225 |     trs = wrapper.findAll('tfoot > tr')
> 226 |     expect(trs.length).toBe(1)
      |                            ^ Magic Number
  227 |
  228 |     cells = trs.at(0).findAll('th')
  229 |     expect(cells.length).toBe(3)"
/home/gabriel/Disk/Research/research-javascript-test-smells/repositories/bootstrap-vue-dev/src/components/table/table-sticky-column.spec.js,Magic Number,"{'line': 229, 'column': 30, 'index': 6523}","  227 |
  228 |     cells = trs.at(0).findAll('th')
> 229 |     expect(cells.length).toBe(3)
      |                              ^ Magic Number
  230 |
  231 |     // First column should be BTh with sticky classes
  232 |     expect("
/home/gabriel/Disk/Research/research-javascript-test-smells/repositories/bootstrap-vue-dev/src/components/table/table-sticky-column.spec.js,Magic Number,"{'line': 284, 'column': 28, 'index': 8076}","  282 |     // Body
  283 |     let trs = wrapper.findAll('tbody > tr')
> 284 |     expect(trs.length).toBe(2)
      |                            ^ Magic Number
  285 |     let cells = trs.at(0).findAll('th, td')
  286 |     expect(cells.length).toBe(3)
  287 |"
/home/gabriel/Disk/Research/research-javascript-test-smells/repositories/bootstrap-vue-dev/src/components/table/table-sticky-column.spec.js,Magic Number,"{'line': 286, 'column': 30, 'index': 8153}","  284 |     expect(trs.length).toBe(2)
  285 |     let cells = trs.at(0).findAll('th, td')
> 286 |     expect(cells.length).toBe(3)
      |                              ^ Magic Number
  287 |
  288 |     // First column should be th
  289 |     expect(cells.at(0).vm).toBeUndefined()"
/home/gabriel/Disk/Research/research-javascript-test-smells/repositories/bootstrap-vue-dev/src/components/table/table-sticky-column.spec.js,Magic Number,"{'line': 305, 'column': 28, 'index': 8849}","  303 |     // Header cells
  304 |     trs = wrapper.findAll('thead > tr')
> 305 |     expect(trs.length).toBe(1)
      |                            ^ Magic Number
  306 |     cells = trs.at(0).findAll('th')
  307 |     expect(cells.length).toBe(3)
  308 |"
/home/gabriel/Disk/Research/research-javascript-test-smells/repositories/bootstrap-vue-dev/src/components/table/table-sticky-column.spec.js,Magic Number,"{'line': 307, 'column': 30, 'index': 8918}","  305 |     expect(trs.length).toBe(1)
  306 |     cells = trs.at(0).findAll('th')
> 307 |     expect(cells.length).toBe(3)
      |                              ^ Magic Number
  308 |
  309 |     // First column should be BTh with sticky classes
  310 |     expect("
/home/gabriel/Disk/Research/research-javascript-test-smells/repositories/bootstrap-vue-dev/src/components/table/table-sticky-column.spec.js,Magic Number,"{'line': 341, 'column': 28, 'index': 9834}","  339 |     // Footer cells
  340 |     trs = wrapper.findAll('tfoot > tr')
> 341 |     expect(trs.length).toBe(1)
      |                            ^ Magic Number
  342 |     cells = trs.at(0).findAll('th')
  343 |     expect(cells.length).toBe(3)
  344 |"
/home/gabriel/Disk/Research/research-javascript-test-smells/repositories/bootstrap-vue-dev/src/components/table/table-sticky-column.spec.js,Magic Number,"{'line': 343, 'column': 30, 'index': 9903}","  341 |     expect(trs.length).toBe(1)
  342 |     cells = trs.at(0).findAll('th')
> 343 |     expect(cells.length).toBe(3)
      |                              ^ Magic Number
  344 |
  345 |     // First column should be BTh with sticky classes
  346 |     expect("
/home/gabriel/Disk/Research/research-javascript-test-smells/repositories/bootstrap-vue-dev/src/components/table/table-sorting.spec.js,Duplicate Assert,"{'line': 102, 'column': 4, 'index': 3159}","  100 |
  101 |     expect(wrapper.emitted('input')).toBeDefined()
> 102 |     expect(wrapper.emitted('input').length).toBe(1)
      |    ^ Duplicate Assert
  103 |     let $rows = wrapper.findAll('tbody > tr').wrappers
  104 |     expect($rows.length).toBe(3)
  105 |     // Map the rows to the first column text value"
/home/gabriel/Disk/Research/research-javascript-test-smells/repositories/bootstrap-vue-dev/src/components/table/table-sorting.spec.js,Duplicate Assert,"{'line': 104, 'column': 4, 'index': 3266}","  102 |     expect(wrapper.emitted('input').length).toBe(1)
  103 |     let $rows = wrapper.findAll('tbody > tr').wrappers
> 104 |     expect($rows.length).toBe(3)
      |    ^ Duplicate Assert
  105 |     // Map the rows to the first column text value
  106 |     let columnA = $rows.map(row => {
  107 |       return row"
/home/gabriel/Disk/Research/research-javascript-test-smells/repositories/bootstrap-vue-dev/src/components/table/table-sorting.spec.js,Duplicate Assert,"{'line': 104, 'column': 4, 'index': 3266}","  102 |     expect(wrapper.emitted('input').length).toBe(1)
  103 |     let $rows = wrapper.findAll('tbody > tr').wrappers
> 104 |     expect($rows.length).toBe(3)
      |    ^ Duplicate Assert
  105 |     // Map the rows to the first column text value
  106 |     let columnA = $rows.map(row => {
  107 |       return row"
/home/gabriel/Disk/Research/research-javascript-test-smells/repositories/bootstrap-vue-dev/src/components/table/table-sorting.spec.js,Duplicate Assert,"{'line': 112, 'column': 4, 'index': 3465}","  110 |         .text()
  111 |     })
> 112 |     expect(columnA[0]).toBe('1')
      |    ^ Duplicate Assert
  113 |     expect(columnA[1]).toBe('2')
  114 |     expect(columnA[2]).toBe('3')
  115 |"
/home/gabriel/Disk/Research/research-javascript-test-smells/repositories/bootstrap-vue-dev/src/components/table/table-sorting.spec.js,Duplicate Assert,"{'line': 113, 'column': 4, 'index': 3498}","  111 |     })
  112 |     expect(columnA[0]).toBe('1')
> 113 |     expect(columnA[1]).toBe('2')
      |    ^ Duplicate Assert
  114 |     expect(columnA[2]).toBe('3')
  115 |
  116 |     let $ths = wrapper.findAll('thead > tr > th')"
/home/gabriel/Disk/Research/research-javascript-test-smells/repositories/bootstrap-vue-dev/src/components/table/table-sorting.spec.js,Duplicate Assert,"{'line': 113, 'column': 4, 'index': 3498}","  111 |     })
  112 |     expect(columnA[0]).toBe('1')
> 113 |     expect(columnA[1]).toBe('2')
      |    ^ Duplicate Assert
  114 |     expect(columnA[2]).toBe('3')
  115 |
  116 |     let $ths = wrapper.findAll('thead > tr > th')"
/home/gabriel/Disk/Research/research-javascript-test-smells/repositories/bootstrap-vue-dev/src/components/table/table-sorting.spec.js,Duplicate Assert,"{'line': 114, 'column': 4, 'index': 3531}","  112 |     expect(columnA[0]).toBe('1')
  113 |     expect(columnA[1]).toBe('2')
> 114 |     expect(columnA[2]).toBe('3')
      |    ^ Duplicate Assert
  115 |
  116 |     let $ths = wrapper.findAll('thead > tr > th')
  117 |"
/home/gabriel/Disk/Research/research-javascript-test-smells/repositories/bootstrap-vue-dev/src/components/table/table-sorting.spec.js,Duplicate Assert,"{'line': 119, 'column': 4, 'index': 3653}","  117 |
  118 |     // Currently sorted as ascending
> 119 |     expect($ths.at(0).attributes('aria-sort')).toBe('ascending')
      |    ^ Duplicate Assert
  120 |     expect($ths.at(0).attributes('tabindex')).toBe('0')
  121 |     // For switching to descending
  122 |     expect("
/home/gabriel/Disk/Research/research-javascript-test-smells/repositories/bootstrap-vue-dev/src/components/table/table-sorting.spec.js,Duplicate Assert,"{'line': 122, 'column': 4, 'index': 3809}","  120 |     expect($ths.at(0).attributes('tabindex')).toBe('0')
  121 |     // For switching to descending
> 122 |     expect(
      |    ^ Duplicate Assert
  123 |       $ths
  124 |         .at(0)
  125 |         .find('.sr-only')"
/home/gabriel/Disk/Research/research-javascript-test-smells/repositories/bootstrap-vue-dev/src/components/table/table-sorting.spec.js,Duplicate Assert,"{'line': 130, 'column': 4, 'index': 3965}","  128 |
  129 |     // Not sorted by this column
> 130 |     expect($ths.at(1).attributes('aria-sort')).toBe('none')
      |    ^ Duplicate Assert
  131 |     expect($ths.at(1).attributes('tabindex')).toBe('0')
  132 |     // For sorting by ascending
  133 |     expect("
/home/gabriel/Disk/Research/research-javascript-test-smells/repositories/bootstrap-vue-dev/src/components/table/table-sorting.spec.js,Duplicate Assert,"{'line': 130, 'column': 4, 'index': 3965}","  128 |
  129 |     // Not sorted by this column
> 130 |     expect($ths.at(1).attributes('aria-sort')).toBe('none')
      |    ^ Duplicate Assert
  131 |     expect($ths.at(1).attributes('tabindex')).toBe('0')
  132 |     // For sorting by ascending
  133 |     expect("
/home/gabriel/Disk/Research/research-javascript-test-smells/repositories/bootstrap-vue-dev/src/components/table/table-sorting.spec.js,Duplicate Assert,"{'line': 133, 'column': 4, 'index': 4113}","  131 |     expect($ths.at(1).attributes('tabindex')).toBe('0')
  132 |     // For sorting by ascending
> 133 |     expect(
      |    ^ Duplicate Assert
  134 |       $ths
  135 |         .at(1)
  136 |         .find('.sr-only')"
/home/gabriel/Disk/Research/research-javascript-test-smells/repositories/bootstrap-vue-dev/src/components/table/table-sorting.spec.js,Duplicate Assert,"{'line': 133, 'column': 4, 'index': 4113}","  131 |     expect($ths.at(1).attributes('tabindex')).toBe('0')
  132 |     // For sorting by ascending
> 133 |     expect(
      |    ^ Duplicate Assert
  134 |       $ths
  135 |         .at(1)
  136 |         .find('.sr-only')"
/home/gabriel/Disk/Research/research-javascript-test-smells/repositories/bootstrap-vue-dev/src/components/table/table-sorting.spec.js,Duplicate Assert,"{'line': 141, 'column': 4, 'index': 4264}","  139 |
  140 |     // Not a sortable column
> 141 |     expect($ths.at(2).attributes('aria-sort')).toBeUndefined()
      |    ^ Duplicate Assert
  142 |     expect($ths.at(2).attributes('tabindex')).toBeUndefined()
  143 |     // For clearing sorting
  144 |     expect("
/home/gabriel/Disk/Research/research-javascript-test-smells/repositories/bootstrap-vue-dev/src/components/table/table-sorting.spec.js,Duplicate Assert,"{'line': 141, 'column': 4, 'index': 4264}","  139 |
  140 |     // Not a sortable column
> 141 |     expect($ths.at(2).attributes('aria-sort')).toBeUndefined()
      |    ^ Duplicate Assert
  142 |     expect($ths.at(2).attributes('tabindex')).toBeUndefined()
  143 |     // For clearing sorting
  144 |     expect("
/home/gabriel/Disk/Research/research-javascript-test-smells/repositories/bootstrap-vue-dev/src/components/table/table-sorting.spec.js,Duplicate Assert,"{'line': 144, 'column': 4, 'index': 4417}","  142 |     expect($ths.at(2).attributes('tabindex')).toBeUndefined()
  143 |     // For clearing sorting
> 144 |     expect(
      |    ^ Duplicate Assert
  145 |       $ths
  146 |         .at(2)
  147 |         .find('.sr-only')"
/home/gabriel/Disk/Research/research-javascript-test-smells/repositories/bootstrap-vue-dev/src/components/table/table-sorting.spec.js,Duplicate Assert,"{'line': 144, 'column': 4, 'index': 4417}","  142 |     expect($ths.at(2).attributes('tabindex')).toBeUndefined()
  143 |     // For clearing sorting
> 144 |     expect(
      |    ^ Duplicate Assert
  145 |       $ths
  146 |         .at(2)
  147 |         .find('.sr-only')"
/home/gabriel/Disk/Research/research-javascript-test-smells/repositories/bootstrap-vue-dev/src/components/table/table-sorting.spec.js,Duplicate Assert,"{'line': 153, 'column': 4, 'index': 4617}","  151 |     // Change sort direction
  152 |     await wrapper.setProps({ sortDesc: true })
> 153 |     expect(wrapper.emitted('input').length).toBe(2)
      |    ^ Duplicate Assert
  154 |     $rows = wrapper.findAll('tbody > tr').wrappers
  155 |     expect($rows.length).toBe(3)
  156 |     // Map the rows to the first column text value"
/home/gabriel/Disk/Research/research-javascript-test-smells/repositories/bootstrap-vue-dev/src/components/table/table-sorting.spec.js,Duplicate Assert,"{'line': 155, 'column': 4, 'index': 4720}","  153 |     expect(wrapper.emitted('input').length).toBe(2)
  154 |     $rows = wrapper.findAll('tbody > tr').wrappers
> 155 |     expect($rows.length).toBe(3)
      |    ^ Duplicate Assert
  156 |     // Map the rows to the first column text value
  157 |     columnA = $rows.map(row => {
  158 |       return row"
/home/gabriel/Disk/Research/research-javascript-test-smells/repositories/bootstrap-vue-dev/src/components/table/table-sorting.spec.js,Duplicate Assert,"{'line': 155, 'column': 4, 'index': 4720}","  153 |     expect(wrapper.emitted('input').length).toBe(2)
  154 |     $rows = wrapper.findAll('tbody > tr').wrappers
> 155 |     expect($rows.length).toBe(3)
      |    ^ Duplicate Assert
  156 |     // Map the rows to the first column text value
  157 |     columnA = $rows.map(row => {
  158 |       return row"
/home/gabriel/Disk/Research/research-javascript-test-smells/repositories/bootstrap-vue-dev/src/components/table/table-sorting.spec.js,Duplicate Assert,"{'line': 163, 'column': 4, 'index': 4915}","  161 |         .text()
  162 |     })
> 163 |     expect(columnA[0]).toBe('3')
      |    ^ Duplicate Assert
  164 |     expect(columnA[1]).toBe('2')
  165 |     expect(columnA[2]).toBe('1')
  166 |"
/home/gabriel/Disk/Research/research-javascript-test-smells/repositories/bootstrap-vue-dev/src/components/table/table-sorting.spec.js,Duplicate Assert,"{'line': 163, 'column': 4, 'index': 4915}","  161 |         .text()
  162 |     })
> 163 |     expect(columnA[0]).toBe('3')
      |    ^ Duplicate Assert
  164 |     expect(columnA[1]).toBe('2')
  165 |     expect(columnA[2]).toBe('1')
  166 |"
/home/gabriel/Disk/Research/research-javascript-test-smells/repositories/bootstrap-vue-dev/src/components/table/table-sorting.spec.js,Duplicate Assert,"{'line': 164, 'column': 4, 'index': 4948}","  162 |     })
  163 |     expect(columnA[0]).toBe('3')
> 164 |     expect(columnA[1]).toBe('2')
      |    ^ Duplicate Assert
  165 |     expect(columnA[2]).toBe('1')
  166 |
  167 |     $ths = wrapper.findAll('thead > tr > th')"
/home/gabriel/Disk/Research/research-javascript-test-smells/repositories/bootstrap-vue-dev/src/components/table/table-sorting.spec.js,Duplicate Assert,"{'line': 164, 'column': 4, 'index': 4948}","  162 |     })
  163 |     expect(columnA[0]).toBe('3')
> 164 |     expect(columnA[1]).toBe('2')
      |    ^ Duplicate Assert
  165 |     expect(columnA[2]).toBe('1')
  166 |
  167 |     $ths = wrapper.findAll('thead > tr > th')"
/home/gabriel/Disk/Research/research-javascript-test-smells/repositories/bootstrap-vue-dev/src/components/table/table-sorting.spec.js,Duplicate Assert,"{'line': 165, 'column': 4, 'index': 4981}","  163 |     expect(columnA[0]).toBe('3')
  164 |     expect(columnA[1]).toBe('2')
> 165 |     expect(columnA[2]).toBe('1')
      |    ^ Duplicate Assert
  166 |
  167 |     $ths = wrapper.findAll('thead > tr > th')
  168 |"
/home/gabriel/Disk/Research/research-javascript-test-smells/repositories/bootstrap-vue-dev/src/components/table/table-sorting.spec.js,Duplicate Assert,"{'line': 170, 'column': 4, 'index': 5100}","  168 |
  169 |     // Currently sorted as descending
> 170 |     expect($ths.at(0).attributes('aria-sort')).toBe('descending')
      |    ^ Duplicate Assert
  171 |     // For switching to ascending
  172 |     expect(
  173 |       $ths"
/home/gabriel/Disk/Research/research-javascript-test-smells/repositories/bootstrap-vue-dev/src/components/table/table-sorting.spec.js,Duplicate Assert,"{'line': 172, 'column': 4, 'index': 5200}","  170 |     expect($ths.at(0).attributes('aria-sort')).toBe('descending')
  171 |     // For switching to ascending
> 172 |     expect(
      |    ^ Duplicate Assert
  173 |       $ths
  174 |         .at(0)
  175 |         .find('.sr-only')"
/home/gabriel/Disk/Research/research-javascript-test-smells/repositories/bootstrap-vue-dev/src/components/table/table-sorting.spec.js,Duplicate Assert,"{'line': 172, 'column': 4, 'index': 5200}","  170 |     expect($ths.at(0).attributes('aria-sort')).toBe('descending')
  171 |     // For switching to ascending
> 172 |     expect(
      |    ^ Duplicate Assert
  173 |       $ths
  174 |         .at(0)
  175 |         .find('.sr-only')"
/home/gabriel/Disk/Research/research-javascript-test-smells/repositories/bootstrap-vue-dev/src/components/table/table-sorting.spec.js,Duplicate Assert,"{'line': 180, 'column': 4, 'index': 5355}","  178 |
  179 |     // Not sorted by this column
> 180 |     expect($ths.at(1).attributes('aria-sort')).toBe('none')
      |    ^ Duplicate Assert
  181 |     // For sorting by ascending
  182 |     expect(
  183 |       $ths"
/home/gabriel/Disk/Research/research-javascript-test-smells/repositories/bootstrap-vue-dev/src/components/table/table-sorting.spec.js,Duplicate Assert,"{'line': 180, 'column': 4, 'index': 5355}","  178 |
  179 |     // Not sorted by this column
> 180 |     expect($ths.at(1).attributes('aria-sort')).toBe('none')
      |    ^ Duplicate Assert
  181 |     // For sorting by ascending
  182 |     expect(
  183 |       $ths"
/home/gabriel/Disk/Research/research-javascript-test-smells/repositories/bootstrap-vue-dev/src/components/table/table-sorting.spec.js,Duplicate Assert,"{'line': 182, 'column': 4, 'index': 5447}","  180 |     expect($ths.at(1).attributes('aria-sort')).toBe('none')
  181 |     // For sorting by ascending
> 182 |     expect(
      |    ^ Duplicate Assert
  183 |       $ths
  184 |         .at(1)
  185 |         .find('.sr-only')"
/home/gabriel/Disk/Research/research-javascript-test-smells/repositories/bootstrap-vue-dev/src/components/table/table-sorting.spec.js,Duplicate Assert,"{'line': 182, 'column': 4, 'index': 5447}","  180 |     expect($ths.at(1).attributes('aria-sort')).toBe('none')
  181 |     // For sorting by ascending
> 182 |     expect(
      |    ^ Duplicate Assert
  183 |       $ths
  184 |         .at(1)
  185 |         .find('.sr-only')"
/home/gabriel/Disk/Research/research-javascript-test-smells/repositories/bootstrap-vue-dev/src/components/table/table-sorting.spec.js,Duplicate Assert,"{'line': 190, 'column': 4, 'index': 5598}","  188 |
  189 |     // Not a sortable column
> 190 |     expect($ths.at(2).attributes('aria-sort')).toBeUndefined()
      |    ^ Duplicate Assert
  191 |     // For clearing sorting
  192 |     expect(
  193 |       $ths"
/home/gabriel/Disk/Research/research-javascript-test-smells/repositories/bootstrap-vue-dev/src/components/table/table-sorting.spec.js,Duplicate Assert,"{'line': 190, 'column': 4, 'index': 5598}","  188 |
  189 |     // Not a sortable column
> 190 |     expect($ths.at(2).attributes('aria-sort')).toBeUndefined()
      |    ^ Duplicate Assert
  191 |     // For clearing sorting
  192 |     expect(
  193 |       $ths"
/home/gabriel/Disk/Research/research-javascript-test-smells/repositories/bootstrap-vue-dev/src/components/table/table-sorting.spec.js,Duplicate Assert,"{'line': 192, 'column': 4, 'index': 5689}","  190 |     expect($ths.at(2).attributes('aria-sort')).toBeUndefined()
  191 |     // For clearing sorting
> 192 |     expect(
      |    ^ Duplicate Assert
  193 |       $ths
  194 |         .at(2)
  195 |         .find('.sr-only')"
/home/gabriel/Disk/Research/research-javascript-test-smells/repositories/bootstrap-vue-dev/src/components/table/table-sorting.spec.js,Duplicate Assert,"{'line': 192, 'column': 4, 'index': 5689}","  190 |     expect($ths.at(2).attributes('aria-sort')).toBeUndefined()
  191 |     // For clearing sorting
> 192 |     expect(
      |    ^ Duplicate Assert
  193 |       $ths
  194 |         .at(2)
  195 |         .find('.sr-only')"
/home/gabriel/Disk/Research/research-javascript-test-smells/repositories/bootstrap-vue-dev/src/components/table/table-sorting.spec.js,Duplicate Assert,"{'line': 211, 'column': 4, 'index': 6161}","  209 |     ])
  210 |     $rows = wrapper.findAll('tbody > tr').wrappers
> 211 |     expect($rows.length).toBe(3)
      |    ^ Duplicate Assert
  212 |     // Map the rows to the first column text value
  213 |     columnA = $rows.map(row => {
  214 |       return row"
/home/gabriel/Disk/Research/research-javascript-test-smells/repositories/bootstrap-vue-dev/src/components/table/table-sorting.spec.js,Duplicate Assert,"{'line': 211, 'column': 4, 'index': 6161}","  209 |     ])
  210 |     $rows = wrapper.findAll('tbody > tr').wrappers
> 211 |     expect($rows.length).toBe(3)
      |    ^ Duplicate Assert
  212 |     // Map the rows to the first column text value
  213 |     columnA = $rows.map(row => {
  214 |       return row"
/home/gabriel/Disk/Research/research-javascript-test-smells/repositories/bootstrap-vue-dev/src/components/table/table-sorting.spec.js,Duplicate Assert,"{'line': 219, 'column': 4, 'index': 6356}","  217 |         .text()
  218 |     })
> 219 |     expect(columnA[0]).toBe('3')
      |    ^ Duplicate Assert
  220 |     expect(columnA[1]).toBe('1')
  221 |     expect(columnA[2]).toBe('2')
  222 |"
/home/gabriel/Disk/Research/research-javascript-test-smells/repositories/bootstrap-vue-dev/src/components/table/table-sorting.spec.js,Duplicate Assert,"{'line': 219, 'column': 4, 'index': 6356}","  217 |         .text()
  218 |     })
> 219 |     expect(columnA[0]).toBe('3')
      |    ^ Duplicate Assert
  220 |     expect(columnA[1]).toBe('1')
  221 |     expect(columnA[2]).toBe('2')
  222 |"
/home/gabriel/Disk/Research/research-javascript-test-smells/repositories/bootstrap-vue-dev/src/components/table/table-sorting.spec.js,Duplicate Assert,"{'line': 220, 'column': 4, 'index': 6389}","  218 |     })
  219 |     expect(columnA[0]).toBe('3')
> 220 |     expect(columnA[1]).toBe('1')
      |    ^ Duplicate Assert
  221 |     expect(columnA[2]).toBe('2')
  222 |
  223 |     $ths = wrapper.findAll('thead > tr > th')"
/home/gabriel/Disk/Research/research-javascript-test-smells/repositories/bootstrap-vue-dev/src/components/table/table-sorting.spec.js,Duplicate Assert,"{'line': 221, 'column': 4, 'index': 6422}","  219 |     expect(columnA[0]).toBe('3')
  220 |     expect(columnA[1]).toBe('1')
> 221 |     expect(columnA[2]).toBe('2')
      |    ^ Duplicate Assert
  222 |
  223 |     $ths = wrapper.findAll('thead > tr > th')
  224 |"
/home/gabriel/Disk/Research/research-javascript-test-smells/repositories/bootstrap-vue-dev/src/components/table/table-sorting.spec.js,Duplicate Assert,"{'line': 226, 'column': 4, 'index': 6531}","  224 |
  225 |     // Currently not sorted
> 226 |     expect($ths.at(0).attributes('aria-sort')).toBe('none')
      |    ^ Duplicate Assert
  227 |     // For sorting by ascending
  228 |     expect(
  229 |       $ths"
/home/gabriel/Disk/Research/research-javascript-test-smells/repositories/bootstrap-vue-dev/src/components/table/table-sorting.spec.js,Duplicate Assert,"{'line': 228, 'column': 4, 'index': 6623}","  226 |     expect($ths.at(0).attributes('aria-sort')).toBe('none')
  227 |     // For sorting by ascending
> 228 |     expect(
      |    ^ Duplicate Assert
  229 |       $ths
  230 |         .at(0)
  231 |         .find('.sr-only')"
/home/gabriel/Disk/Research/research-javascript-test-smells/repositories/bootstrap-vue-dev/src/components/table/table-sorting.spec.js,Duplicate Assert,"{'line': 228, 'column': 4, 'index': 6623}","  226 |     expect($ths.at(0).attributes('aria-sort')).toBe('none')
  227 |     // For sorting by ascending
> 228 |     expect(
      |    ^ Duplicate Assert
  229 |       $ths
  230 |         .at(0)
  231 |         .find('.sr-only')"
/home/gabriel/Disk/Research/research-javascript-test-smells/repositories/bootstrap-vue-dev/src/components/table/table-sorting.spec.js,Duplicate Assert,"{'line': 236, 'column': 4, 'index': 6778}","  234 |
  235 |     // Not sorted by this column
> 236 |     expect($ths.at(1).attributes('aria-sort')).toBe('none')
      |    ^ Duplicate Assert
  237 |     // For sorting by ascending
  238 |     expect(
  239 |       $ths"
/home/gabriel/Disk/Research/research-javascript-test-smells/repositories/bootstrap-vue-dev/src/components/table/table-sorting.spec.js,Duplicate Assert,"{'line': 236, 'column': 4, 'index': 6778}","  234 |
  235 |     // Not sorted by this column
> 236 |     expect($ths.at(1).attributes('aria-sort')).toBe('none')
      |    ^ Duplicate Assert
  237 |     // For sorting by ascending
  238 |     expect(
  239 |       $ths"
/home/gabriel/Disk/Research/research-javascript-test-smells/repositories/bootstrap-vue-dev/src/components/table/table-sorting.spec.js,Duplicate Assert,"{'line': 238, 'column': 4, 'index': 6870}","  236 |     expect($ths.at(1).attributes('aria-sort')).toBe('none')
  237 |     // For sorting by ascending
> 238 |     expect(
      |    ^ Duplicate Assert
  239 |       $ths
  240 |         .at(1)
  241 |         .find('.sr-only')"
/home/gabriel/Disk/Research/research-javascript-test-smells/repositories/bootstrap-vue-dev/src/components/table/table-sorting.spec.js,Duplicate Assert,"{'line': 238, 'column': 4, 'index': 6870}","  236 |     expect($ths.at(1).attributes('aria-sort')).toBe('none')
  237 |     // For sorting by ascending
> 238 |     expect(
      |    ^ Duplicate Assert
  239 |       $ths
  240 |         .at(1)
  241 |         .find('.sr-only')"
/home/gabriel/Disk/Research/research-javascript-test-smells/repositories/bootstrap-vue-dev/src/components/table/table-sorting.spec.js,Duplicate Assert,"{'line': 246, 'column': 4, 'index': 7021}","  244 |
  245 |     // Not a sortable column
> 246 |     expect($ths.at(2).attributes('aria-sort')).toBeUndefined()
      |    ^ Duplicate Assert
  247 |     // For clearing sorting
  248 |     expect(
  249 |       $ths"
/home/gabriel/Disk/Research/research-javascript-test-smells/repositories/bootstrap-vue-dev/src/components/table/table-sorting.spec.js,Duplicate Assert,"{'line': 246, 'column': 4, 'index': 7021}","  244 |
  245 |     // Not a sortable column
> 246 |     expect($ths.at(2).attributes('aria-sort')).toBeUndefined()
      |    ^ Duplicate Assert
  247 |     // For clearing sorting
  248 |     expect(
  249 |       $ths"
/home/gabriel/Disk/Research/research-javascript-test-smells/repositories/bootstrap-vue-dev/src/components/table/table-sorting.spec.js,Duplicate Assert,"{'line': 312, 'column': 4, 'index': 8774}","  310 |     // Should not be sorted
  311 |     expect(wrapper.emitted('input')).toBeDefined()
> 312 |     expect(wrapper.emitted('sort-changed')).toBeUndefined()
      |    ^ Duplicate Assert
  313 |     let $rows = wrapper.findAll('tbody > tr').wrappers
  314 |     expect($rows.length).toBe(3)
  315 |     // Map the rows to the first column text value"
/home/gabriel/Disk/Research/research-javascript-test-smells/repositories/bootstrap-vue-dev/src/components/table/table-sorting.spec.js,Duplicate Assert,"{'line': 314, 'column': 4, 'index': 8889}","  312 |     expect(wrapper.emitted('sort-changed')).toBeUndefined()
  313 |     let $rows = wrapper.findAll('tbody > tr').wrappers
> 314 |     expect($rows.length).toBe(3)
      |    ^ Duplicate Assert
  315 |     // Map the rows to the first column text value
  316 |     let columnA = $rows.map(row => {
  317 |       return row"
/home/gabriel/Disk/Research/research-javascript-test-smells/repositories/bootstrap-vue-dev/src/components/table/table-sorting.spec.js,Duplicate Assert,"{'line': 314, 'column': 4, 'index': 8889}","  312 |     expect(wrapper.emitted('sort-changed')).toBeUndefined()
  313 |     let $rows = wrapper.findAll('tbody > tr').wrappers
> 314 |     expect($rows.length).toBe(3)
      |    ^ Duplicate Assert
  315 |     // Map the rows to the first column text value
  316 |     let columnA = $rows.map(row => {
  317 |       return row"
/home/gabriel/Disk/Research/research-javascript-test-smells/repositories/bootstrap-vue-dev/src/components/table/table-sorting.spec.js,Duplicate Assert,"{'line': 322, 'column': 4, 'index': 9088}","  320 |         .text()
  321 |     })
> 322 |     expect(columnA[0]).toBe('3')
      |    ^ Duplicate Assert
  323 |     expect(columnA[1]).toBe('1')
  324 |     expect(columnA[2]).toBe('2')
  325 |"
/home/gabriel/Disk/Research/research-javascript-test-smells/repositories/bootstrap-vue-dev/src/components/table/table-sorting.spec.js,Duplicate Assert,"{'line': 322, 'column': 4, 'index': 9088}","  320 |         .text()
  321 |     })
> 322 |     expect(columnA[0]).toBe('3')
      |    ^ Duplicate Assert
  323 |     expect(columnA[1]).toBe('1')
  324 |     expect(columnA[2]).toBe('2')
  325 |"
/home/gabriel/Disk/Research/research-javascript-test-smells/repositories/bootstrap-vue-dev/src/components/table/table-sorting.spec.js,Duplicate Assert,"{'line': 323, 'column': 4, 'index': 9121}","  321 |     })
  322 |     expect(columnA[0]).toBe('3')
> 323 |     expect(columnA[1]).toBe('1')
      |    ^ Duplicate Assert
  324 |     expect(columnA[2]).toBe('2')
  325 |
  326 |     // Sort by first column"
/home/gabriel/Disk/Research/research-javascript-test-smells/repositories/bootstrap-vue-dev/src/components/table/table-sorting.spec.js,Duplicate Assert,"{'line': 323, 'column': 4, 'index': 9121}","  321 |     })
  322 |     expect(columnA[0]).toBe('3')
> 323 |     expect(columnA[1]).toBe('1')
      |    ^ Duplicate Assert
  324 |     expect(columnA[2]).toBe('2')
  325 |
  326 |     // Sort by first column"
/home/gabriel/Disk/Research/research-javascript-test-smells/repositories/bootstrap-vue-dev/src/components/table/table-sorting.spec.js,Duplicate Assert,"{'line': 324, 'column': 4, 'index': 9154}","  322 |     expect(columnA[0]).toBe('3')
  323 |     expect(columnA[1]).toBe('1')
> 324 |     expect(columnA[2]).toBe('2')
      |    ^ Duplicate Assert
  325 |
  326 |     // Sort by first column
  327 |     await wrapper"
/home/gabriel/Disk/Research/research-javascript-test-smells/repositories/bootstrap-vue-dev/src/components/table/table-sorting.spec.js,Duplicate Assert,"{'line': 324, 'column': 4, 'index': 9154}","  322 |     expect(columnA[0]).toBe('3')
  323 |     expect(columnA[1]).toBe('1')
> 324 |     expect(columnA[2]).toBe('2')
      |    ^ Duplicate Assert
  325 |
  326 |     // Sort by first column
  327 |     await wrapper"
/home/gabriel/Disk/Research/research-javascript-test-smells/repositories/bootstrap-vue-dev/src/components/table/table-sorting.spec.js,Duplicate Assert,"{'line': 331, 'column': 4, 'index': 9305}","  329 |       .at(0)
  330 |       .trigger('click')
> 331 |     expect(wrapper.emitted('sort-changed')).toBeDefined()
      |    ^ Duplicate Assert
  332 |     expect(wrapper.emitted('sort-changed').length).toBe(1)
  333 |     expect(wrapper.emitted('sort-changed')[0][0]).toEqual(wrapper.vm.context)
  334 |     $rows = wrapper.findAll('tbody > tr').wrappers"
/home/gabriel/Disk/Research/research-javascript-test-smells/repositories/bootstrap-vue-dev/src/components/table/table-sorting.spec.js,Duplicate Assert,"{'line': 332, 'column': 4, 'index': 9363}","  330 |       .trigger('click')
  331 |     expect(wrapper.emitted('sort-changed')).toBeDefined()
> 332 |     expect(wrapper.emitted('sort-changed').length).toBe(1)
      |    ^ Duplicate Assert
  333 |     expect(wrapper.emitted('sort-changed')[0][0]).toEqual(wrapper.vm.context)
  334 |     $rows = wrapper.findAll('tbody > tr').wrappers
  335 |     expect($rows.length).toBe(3)"
/home/gabriel/Disk/Research/research-javascript-test-smells/repositories/bootstrap-vue-dev/src/components/table/table-sorting.spec.js,Duplicate Assert,"{'line': 335, 'column': 4, 'index': 9551}","  333 |     expect(wrapper.emitted('sort-changed')[0][0]).toEqual(wrapper.vm.context)
  334 |     $rows = wrapper.findAll('tbody > tr').wrappers
> 335 |     expect($rows.length).toBe(3)
      |    ^ Duplicate Assert
  336 |     // Map the rows to the column text value
  337 |     columnA = $rows.map(row => {
  338 |       return row"
/home/gabriel/Disk/Research/research-javascript-test-smells/repositories/bootstrap-vue-dev/src/components/table/table-sorting.spec.js,Duplicate Assert,"{'line': 335, 'column': 4, 'index': 9551}","  333 |     expect(wrapper.emitted('sort-changed')[0][0]).toEqual(wrapper.vm.context)
  334 |     $rows = wrapper.findAll('tbody > tr').wrappers
> 335 |     expect($rows.length).toBe(3)
      |    ^ Duplicate Assert
  336 |     // Map the rows to the column text value
  337 |     columnA = $rows.map(row => {
  338 |       return row"
/home/gabriel/Disk/Research/research-javascript-test-smells/repositories/bootstrap-vue-dev/src/components/table/table-sorting.spec.js,Duplicate Assert,"{'line': 343, 'column': 4, 'index': 9740}","  341 |         .text()
  342 |     })
> 343 |     expect(columnA[0]).toBe('1')
      |    ^ Duplicate Assert
  344 |     expect(columnA[1]).toBe('2')
  345 |     expect(columnA[2]).toBe('3')
  346 |"
/home/gabriel/Disk/Research/research-javascript-test-smells/repositories/bootstrap-vue-dev/src/components/table/table-sorting.spec.js,Duplicate Assert,"{'line': 344, 'column': 4, 'index': 9773}","  342 |     })
  343 |     expect(columnA[0]).toBe('1')
> 344 |     expect(columnA[1]).toBe('2')
      |    ^ Duplicate Assert
  345 |     expect(columnA[2]).toBe('3')
  346 |
  347 |     // Click first column header again to reverse sort"
/home/gabriel/Disk/Research/research-javascript-test-smells/repositories/bootstrap-vue-dev/src/components/table/table-sorting.spec.js,Duplicate Assert,"{'line': 344, 'column': 4, 'index': 9773}","  342 |     })
  343 |     expect(columnA[0]).toBe('1')
> 344 |     expect(columnA[1]).toBe('2')
      |    ^ Duplicate Assert
  345 |     expect(columnA[2]).toBe('3')
  346 |
  347 |     // Click first column header again to reverse sort"
/home/gabriel/Disk/Research/research-javascript-test-smells/repositories/bootstrap-vue-dev/src/components/table/table-sorting.spec.js,Duplicate Assert,"{'line': 345, 'column': 4, 'index': 9806}","  343 |     expect(columnA[0]).toBe('1')
  344 |     expect(columnA[1]).toBe('2')
> 345 |     expect(columnA[2]).toBe('3')
      |    ^ Duplicate Assert
  346 |
  347 |     // Click first column header again to reverse sort
  348 |     await wrapper"
/home/gabriel/Disk/Research/research-javascript-test-smells/repositories/bootstrap-vue-dev/src/components/table/table-sorting.spec.js,Duplicate Assert,"{'line': 352, 'column': 4, 'index': 9984}","  350 |       .at(0)
  351 |       .trigger('click')
> 352 |     expect(wrapper.emitted('sort-changed').length).toBe(2)
      |    ^ Duplicate Assert
  353 |     expect(wrapper.emitted('sort-changed')[1][0]).toEqual(wrapper.vm.context)
  354 |     $rows = wrapper.findAll('tbody > tr').wrappers
  355 |     expect($rows.length).toBe(3)"
/home/gabriel/Disk/Research/research-javascript-test-smells/repositories/bootstrap-vue-dev/src/components/table/table-sorting.spec.js,Duplicate Assert,"{'line': 355, 'column': 4, 'index': 10172}","  353 |     expect(wrapper.emitted('sort-changed')[1][0]).toEqual(wrapper.vm.context)
  354 |     $rows = wrapper.findAll('tbody > tr').wrappers
> 355 |     expect($rows.length).toBe(3)
      |    ^ Duplicate Assert
  356 |     // Map the rows to the column text value
  357 |     columnA = $rows.map(row => {
  358 |       return row"
/home/gabriel/Disk/Research/research-javascript-test-smells/repositories/bootstrap-vue-dev/src/components/table/table-sorting.spec.js,Duplicate Assert,"{'line': 355, 'column': 4, 'index': 10172}","  353 |     expect(wrapper.emitted('sort-changed')[1][0]).toEqual(wrapper.vm.context)
  354 |     $rows = wrapper.findAll('tbody > tr').wrappers
> 355 |     expect($rows.length).toBe(3)
      |    ^ Duplicate Assert
  356 |     // Map the rows to the column text value
  357 |     columnA = $rows.map(row => {
  358 |       return row"
/home/gabriel/Disk/Research/research-javascript-test-smells/repositories/bootstrap-vue-dev/src/components/table/table-sorting.spec.js,Duplicate Assert,"{'line': 363, 'column': 4, 'index': 10361}","  361 |         .text()
  362 |     })
> 363 |     expect(columnA[0]).toBe('3')
      |    ^ Duplicate Assert
  364 |     expect(columnA[1]).toBe('2')
  365 |     expect(columnA[2]).toBe('1')
  366 |"
/home/gabriel/Disk/Research/research-javascript-test-smells/repositories/bootstrap-vue-dev/src/components/table/table-sorting.spec.js,Duplicate Assert,"{'line': 363, 'column': 4, 'index': 10361}","  361 |         .text()
  362 |     })
> 363 |     expect(columnA[0]).toBe('3')
      |    ^ Duplicate Assert
  364 |     expect(columnA[1]).toBe('2')
  365 |     expect(columnA[2]).toBe('1')
  366 |"
/home/gabriel/Disk/Research/research-javascript-test-smells/repositories/bootstrap-vue-dev/src/components/table/table-sorting.spec.js,Duplicate Assert,"{'line': 364, 'column': 4, 'index': 10394}","  362 |     })
  363 |     expect(columnA[0]).toBe('3')
> 364 |     expect(columnA[1]).toBe('2')
      |    ^ Duplicate Assert
  365 |     expect(columnA[2]).toBe('1')
  366 |
  367 |     // Click second column header to sort by it (by using keydown.enter)"
/home/gabriel/Disk/Research/research-javascript-test-smells/repositories/bootstrap-vue-dev/src/components/table/table-sorting.spec.js,Duplicate Assert,"{'line': 364, 'column': 4, 'index': 10394}","  362 |     })
  363 |     expect(columnA[0]).toBe('3')
> 364 |     expect(columnA[1]).toBe('2')
      |    ^ Duplicate Assert
  365 |     expect(columnA[2]).toBe('1')
  366 |
  367 |     // Click second column header to sort by it (by using keydown.enter)"
/home/gabriel/Disk/Research/research-javascript-test-smells/repositories/bootstrap-vue-dev/src/components/table/table-sorting.spec.js,Duplicate Assert,"{'line': 365, 'column': 4, 'index': 10427}","  363 |     expect(columnA[0]).toBe('3')
  364 |     expect(columnA[1]).toBe('2')
> 365 |     expect(columnA[2]).toBe('1')
      |    ^ Duplicate Assert
  366 |
  367 |     // Click second column header to sort by it (by using keydown.enter)
  368 |     await wrapper"
/home/gabriel/Disk/Research/research-javascript-test-smells/repositories/bootstrap-vue-dev/src/components/table/table-sorting.spec.js,Duplicate Assert,"{'line': 372, 'column': 4, 'index': 10631}","  370 |       .at(1)
  371 |       .trigger('keydown.enter')
> 372 |     expect(wrapper.emitted('sort-changed').length).toBe(3)
      |    ^ Duplicate Assert
  373 |     expect(wrapper.emitted('sort-changed')[2][0]).toEqual(wrapper.vm.context)
  374 |     $rows = wrapper.findAll('tbody > tr').wrappers
  375 |     expect($rows.length).toBe(3)"
/home/gabriel/Disk/Research/research-javascript-test-smells/repositories/bootstrap-vue-dev/src/components/table/table-sorting.spec.js,Duplicate Assert,"{'line': 375, 'column': 4, 'index': 10819}","  373 |     expect(wrapper.emitted('sort-changed')[2][0]).toEqual(wrapper.vm.context)
  374 |     $rows = wrapper.findAll('tbody > tr').wrappers
> 375 |     expect($rows.length).toBe(3)
      |    ^ Duplicate Assert
  376 |     // Map the rows to the column text value
  377 |     const columnB = $rows.map(row => {
  378 |       return row"
/home/gabriel/Disk/Research/research-javascript-test-smells/repositories/bootstrap-vue-dev/src/components/table/table-sorting.spec.js,Duplicate Assert,"{'line': 375, 'column': 4, 'index': 10819}","  373 |     expect(wrapper.emitted('sort-changed')[2][0]).toEqual(wrapper.vm.context)
  374 |     $rows = wrapper.findAll('tbody > tr').wrappers
> 375 |     expect($rows.length).toBe(3)
      |    ^ Duplicate Assert
  376 |     // Map the rows to the column text value
  377 |     const columnB = $rows.map(row => {
  378 |       return row"
/home/gabriel/Disk/Research/research-javascript-test-smells/repositories/bootstrap-vue-dev/src/components/table/table-sorting.spec.js,Duplicate Assert,"{'line': 392, 'column': 4, 'index': 11250}","  390 |       .at(2)
  391 |       .trigger('click')
> 392 |     expect(wrapper.emitted('sort-changed').length).toBe(4)
      |    ^ Duplicate Assert
  393 |     expect(wrapper.emitted('sort-changed')[3][0]).toEqual(wrapper.vm.context)
  394 |     $rows = wrapper.findAll('tbody > tr').wrappers
  395 |     expect($rows.length).toBe(3)"
/home/gabriel/Disk/Research/research-javascript-test-smells/repositories/bootstrap-vue-dev/src/components/table/table-sorting.spec.js,Duplicate Assert,"{'line': 395, 'column': 4, 'index': 11438}","  393 |     expect(wrapper.emitted('sort-changed')[3][0]).toEqual(wrapper.vm.context)
  394 |     $rows = wrapper.findAll('tbody > tr').wrappers
> 395 |     expect($rows.length).toBe(3)
      |    ^ Duplicate Assert
  396 |     // Map the rows to the column text value
  397 |     columnA = $rows.map(row => {
  398 |       return row"
/home/gabriel/Disk/Research/research-javascript-test-smells/repositories/bootstrap-vue-dev/src/components/table/table-sorting.spec.js,Duplicate Assert,"{'line': 395, 'column': 4, 'index': 11438}","  393 |     expect(wrapper.emitted('sort-changed')[3][0]).toEqual(wrapper.vm.context)
  394 |     $rows = wrapper.findAll('tbody > tr').wrappers
> 395 |     expect($rows.length).toBe(3)
      |    ^ Duplicate Assert
  396 |     // Map the rows to the column text value
  397 |     columnA = $rows.map(row => {
  398 |       return row"
/home/gabriel/Disk/Research/research-javascript-test-smells/repositories/bootstrap-vue-dev/src/components/table/table-sorting.spec.js,Duplicate Assert,"{'line': 403, 'column': 4, 'index': 11627}","  401 |         .text()
  402 |     })
> 403 |     expect(columnA[0]).toBe('3')
      |    ^ Duplicate Assert
  404 |     expect(columnA[1]).toBe('1')
  405 |     expect(columnA[2]).toBe('2')
  406 |"
/home/gabriel/Disk/Research/research-javascript-test-smells/repositories/bootstrap-vue-dev/src/components/table/table-sorting.spec.js,Duplicate Assert,"{'line': 403, 'column': 4, 'index': 11627}","  401 |         .text()
  402 |     })
> 403 |     expect(columnA[0]).toBe('3')
      |    ^ Duplicate Assert
  404 |     expect(columnA[1]).toBe('1')
  405 |     expect(columnA[2]).toBe('2')
  406 |"
/home/gabriel/Disk/Research/research-javascript-test-smells/repositories/bootstrap-vue-dev/src/components/table/table-sorting.spec.js,Duplicate Assert,"{'line': 404, 'column': 4, 'index': 11660}","  402 |     })
  403 |     expect(columnA[0]).toBe('3')
> 404 |     expect(columnA[1]).toBe('1')
      |    ^ Duplicate Assert
  405 |     expect(columnA[2]).toBe('2')
  406 |
  407 |     wrapper.destroy()"
/home/gabriel/Disk/Research/research-javascript-test-smells/repositories/bootstrap-vue-dev/src/components/table/table-sorting.spec.js,Duplicate Assert,"{'line': 404, 'column': 4, 'index': 11660}","  402 |     })
  403 |     expect(columnA[0]).toBe('3')
> 404 |     expect(columnA[1]).toBe('1')
      |    ^ Duplicate Assert
  405 |     expect(columnA[2]).toBe('2')
  406 |
  407 |     wrapper.destroy()"
/home/gabriel/Disk/Research/research-javascript-test-smells/repositories/bootstrap-vue-dev/src/components/table/table-sorting.spec.js,Duplicate Assert,"{'line': 405, 'column': 4, 'index': 11693}","  403 |     expect(columnA[0]).toBe('3')
  404 |     expect(columnA[1]).toBe('1')
> 405 |     expect(columnA[2]).toBe('2')
      |    ^ Duplicate Assert
  406 |
  407 |     wrapper.destroy()
  408 |   })"
/home/gabriel/Disk/Research/research-javascript-test-smells/repositories/bootstrap-vue-dev/src/components/table/table-sorting.spec.js,Duplicate Assert,"{'line': 405, 'column': 4, 'index': 11693}","  403 |     expect(columnA[0]).toBe('3')
  404 |     expect(columnA[1]).toBe('1')
> 405 |     expect(columnA[2]).toBe('2')
      |    ^ Duplicate Assert
  406 |
  407 |     wrapper.destroy()
  408 |   })"
/home/gabriel/Disk/Research/research-javascript-test-smells/repositories/bootstrap-vue-dev/src/components/table/table-sorting.spec.js,Duplicate Assert,"{'line': 427, 'column': 4, 'index': 12231}","  425 |     // Should not be sorted
  426 |     expect(wrapper.emitted('input')).toBeDefined()
> 427 |     expect(wrapper.emitted('sort-changed')).toBeUndefined()
      |    ^ Duplicate Assert
  428 |     let $rows = wrapper.findAll('tbody > tr').wrappers
  429 |     expect($rows.length).toBe(3)
  430 |     // Map the rows to the first column text value"
/home/gabriel/Disk/Research/research-javascript-test-smells/repositories/bootstrap-vue-dev/src/components/table/table-sorting.spec.js,Duplicate Assert,"{'line': 429, 'column': 4, 'index': 12346}","  427 |     expect(wrapper.emitted('sort-changed')).toBeUndefined()
  428 |     let $rows = wrapper.findAll('tbody > tr').wrappers
> 429 |     expect($rows.length).toBe(3)
      |    ^ Duplicate Assert
  430 |     // Map the rows to the first column text value
  431 |     let columnA = $rows.map(row => {
  432 |       return row"
/home/gabriel/Disk/Research/research-javascript-test-smells/repositories/bootstrap-vue-dev/src/components/table/table-sorting.spec.js,Duplicate Assert,"{'line': 429, 'column': 4, 'index': 12346}","  427 |     expect(wrapper.emitted('sort-changed')).toBeUndefined()
  428 |     let $rows = wrapper.findAll('tbody > tr').wrappers
> 429 |     expect($rows.length).toBe(3)
      |    ^ Duplicate Assert
  430 |     // Map the rows to the first column text value
  431 |     let columnA = $rows.map(row => {
  432 |       return row"
/home/gabriel/Disk/Research/research-javascript-test-smells/repositories/bootstrap-vue-dev/src/components/table/table-sorting.spec.js,Duplicate Assert,"{'line': 437, 'column': 4, 'index': 12545}","  435 |         .text()
  436 |     })
> 437 |     expect(columnA[0]).toBe('3')
      |    ^ Duplicate Assert
  438 |     expect(columnA[1]).toBe('1')
  439 |     expect(columnA[2]).toBe('2')
  440 |     // Should have aria-* labels"
/home/gabriel/Disk/Research/research-javascript-test-smells/repositories/bootstrap-vue-dev/src/components/table/table-sorting.spec.js,Duplicate Assert,"{'line': 437, 'column': 4, 'index': 12545}","  435 |         .text()
  436 |     })
> 437 |     expect(columnA[0]).toBe('3')
      |    ^ Duplicate Assert
  438 |     expect(columnA[1]).toBe('1')
  439 |     expect(columnA[2]).toBe('2')
  440 |     // Should have aria-* labels"
/home/gabriel/Disk/Research/research-javascript-test-smells/repositories/bootstrap-vue-dev/src/components/table/table-sorting.spec.js,Duplicate Assert,"{'line': 438, 'column': 4, 'index': 12578}","  436 |     })
  437 |     expect(columnA[0]).toBe('3')
> 438 |     expect(columnA[1]).toBe('1')
      |    ^ Duplicate Assert
  439 |     expect(columnA[2]).toBe('2')
  440 |     // Should have aria-* labels
  441 |     expect(wrapper.findAll('tfoot > tr > th[aria-sort]').length).toBe(2)"
/home/gabriel/Disk/Research/research-javascript-test-smells/repositories/bootstrap-vue-dev/src/components/table/table-sorting.spec.js,Duplicate Assert,"{'line': 438, 'column': 4, 'index': 12578}","  436 |     })
  437 |     expect(columnA[0]).toBe('3')
> 438 |     expect(columnA[1]).toBe('1')
      |    ^ Duplicate Assert
  439 |     expect(columnA[2]).toBe('2')
  440 |     // Should have aria-* labels
  441 |     expect(wrapper.findAll('tfoot > tr > th[aria-sort]').length).toBe(2)"
/home/gabriel/Disk/Research/research-javascript-test-smells/repositories/bootstrap-vue-dev/src/components/table/table-sorting.spec.js,Duplicate Assert,"{'line': 439, 'column': 4, 'index': 12611}","  437 |     expect(columnA[0]).toBe('3')
  438 |     expect(columnA[1]).toBe('1')
> 439 |     expect(columnA[2]).toBe('2')
      |    ^ Duplicate Assert
  440 |     // Should have aria-* labels
  441 |     expect(wrapper.findAll('tfoot > tr > th[aria-sort]').length).toBe(2)
  442 |     expect(wrapper.findAll('tfoot > tr > th > .sr-only').length).toBe(2)"
/home/gabriel/Disk/Research/research-javascript-test-smells/repositories/bootstrap-vue-dev/src/components/table/table-sorting.spec.js,Duplicate Assert,"{'line': 439, 'column': 4, 'index': 12611}","  437 |     expect(columnA[0]).toBe('3')
  438 |     expect(columnA[1]).toBe('1')
> 439 |     expect(columnA[2]).toBe('2')
      |    ^ Duplicate Assert
  440 |     // Should have aria-* labels
  441 |     expect(wrapper.findAll('tfoot > tr > th[aria-sort]').length).toBe(2)
  442 |     expect(wrapper.findAll('tfoot > tr > th > .sr-only').length).toBe(2)"
/home/gabriel/Disk/Research/research-javascript-test-smells/repositories/bootstrap-vue-dev/src/components/table/table-sorting.spec.js,Duplicate Assert,"{'line': 441, 'column': 4, 'index': 12677}","  439 |     expect(columnA[2]).toBe('2')
  440 |     // Should have aria-* labels
> 441 |     expect(wrapper.findAll('tfoot > tr > th[aria-sort]').length).toBe(2)
      |    ^ Duplicate Assert
  442 |     expect(wrapper.findAll('tfoot > tr > th > .sr-only').length).toBe(2)
  443 |
  444 |     // Sort by first column"
/home/gabriel/Disk/Research/research-javascript-test-smells/repositories/bootstrap-vue-dev/src/components/table/table-sorting.spec.js,Duplicate Assert,"{'line': 441, 'column': 4, 'index': 12677}","  439 |     expect(columnA[2]).toBe('2')
  440 |     // Should have aria-* labels
> 441 |     expect(wrapper.findAll('tfoot > tr > th[aria-sort]').length).toBe(2)
      |    ^ Duplicate Assert
  442 |     expect(wrapper.findAll('tfoot > tr > th > .sr-only').length).toBe(2)
  443 |
  444 |     // Sort by first column"
/home/gabriel/Disk/Research/research-javascript-test-smells/repositories/bootstrap-vue-dev/src/components/table/table-sorting.spec.js,Duplicate Assert,"{'line': 442, 'column': 4, 'index': 12750}","  440 |     // Should have aria-* labels
  441 |     expect(wrapper.findAll('tfoot > tr > th[aria-sort]').length).toBe(2)
> 442 |     expect(wrapper.findAll('tfoot > tr > th > .sr-only').length).toBe(2)
      |    ^ Duplicate Assert
  443 |
  444 |     // Sort by first column
  445 |     await wrapper"
/home/gabriel/Disk/Research/research-javascript-test-smells/repositories/bootstrap-vue-dev/src/components/table/table-sorting.spec.js,Duplicate Assert,"{'line': 442, 'column': 4, 'index': 12750}","  440 |     // Should have aria-* labels
  441 |     expect(wrapper.findAll('tfoot > tr > th[aria-sort]').length).toBe(2)
> 442 |     expect(wrapper.findAll('tfoot > tr > th > .sr-only').length).toBe(2)
      |    ^ Duplicate Assert
  443 |
  444 |     // Sort by first column
  445 |     await wrapper"
/home/gabriel/Disk/Research/research-javascript-test-smells/repositories/bootstrap-vue-dev/src/components/table/table-sorting.spec.js,Duplicate Assert,"{'line': 449, 'column': 4, 'index': 12941}","  447 |       .at(0)
  448 |       .trigger('click')
> 449 |     expect(wrapper.emitted('sort-changed')).toBeDefined()
      |    ^ Duplicate Assert
  450 |     expect(wrapper.emitted('sort-changed').length).toBe(1)
  451 |     expect(wrapper.emitted('sort-changed')[0][0]).toEqual(wrapper.vm.context)
  452 |     $rows = wrapper.findAll('tbody > tr').wrappers"
/home/gabriel/Disk/Research/research-javascript-test-smells/repositories/bootstrap-vue-dev/src/components/table/table-sorting.spec.js,Duplicate Assert,"{'line': 450, 'column': 4, 'index': 12999}","  448 |       .trigger('click')
  449 |     expect(wrapper.emitted('sort-changed')).toBeDefined()
> 450 |     expect(wrapper.emitted('sort-changed').length).toBe(1)
      |    ^ Duplicate Assert
  451 |     expect(wrapper.emitted('sort-changed')[0][0]).toEqual(wrapper.vm.context)
  452 |     $rows = wrapper.findAll('tbody > tr').wrappers
  453 |     expect($rows.length).toBe(3)"
/home/gabriel/Disk/Research/research-javascript-test-smells/repositories/bootstrap-vue-dev/src/components/table/table-sorting.spec.js,Duplicate Assert,"{'line': 453, 'column': 4, 'index': 13187}","  451 |     expect(wrapper.emitted('sort-changed')[0][0]).toEqual(wrapper.vm.context)
  452 |     $rows = wrapper.findAll('tbody > tr').wrappers
> 453 |     expect($rows.length).toBe(3)
      |    ^ Duplicate Assert
  454 |     // Map the rows to the column text value
  455 |     columnA = $rows.map(row => {
  456 |       return row"
/home/gabriel/Disk/Research/research-javascript-test-smells/repositories/bootstrap-vue-dev/src/components/table/table-sorting.spec.js,Duplicate Assert,"{'line': 453, 'column': 4, 'index': 13187}","  451 |     expect(wrapper.emitted('sort-changed')[0][0]).toEqual(wrapper.vm.context)
  452 |     $rows = wrapper.findAll('tbody > tr').wrappers
> 453 |     expect($rows.length).toBe(3)
      |    ^ Duplicate Assert
  454 |     // Map the rows to the column text value
  455 |     columnA = $rows.map(row => {
  456 |       return row"
/home/gabriel/Disk/Research/research-javascript-test-smells/repositories/bootstrap-vue-dev/src/components/table/table-sorting.spec.js,Duplicate Assert,"{'line': 461, 'column': 4, 'index': 13376}","  459 |         .text()
  460 |     })
> 461 |     expect(columnA[0]).toBe('1')
      |    ^ Duplicate Assert
  462 |     expect(columnA[1]).toBe('2')
  463 |     expect(columnA[2]).toBe('3')
  464 |     // Should have aria-* labels"
/home/gabriel/Disk/Research/research-javascript-test-smells/repositories/bootstrap-vue-dev/src/components/table/table-sorting.spec.js,Duplicate Assert,"{'line': 462, 'column': 4, 'index': 13409}","  460 |     })
  461 |     expect(columnA[0]).toBe('1')
> 462 |     expect(columnA[1]).toBe('2')
      |    ^ Duplicate Assert
  463 |     expect(columnA[2]).toBe('3')
  464 |     // Should have aria-* labels
  465 |     expect(wrapper.findAll('tfoot > tr > th[aria-sort]').length).toBe(2)"
/home/gabriel/Disk/Research/research-javascript-test-smells/repositories/bootstrap-vue-dev/src/components/table/table-sorting.spec.js,Duplicate Assert,"{'line': 462, 'column': 4, 'index': 13409}","  460 |     })
  461 |     expect(columnA[0]).toBe('1')
> 462 |     expect(columnA[1]).toBe('2')
      |    ^ Duplicate Assert
  463 |     expect(columnA[2]).toBe('3')
  464 |     // Should have aria-* labels
  465 |     expect(wrapper.findAll('tfoot > tr > th[aria-sort]').length).toBe(2)"
/home/gabriel/Disk/Research/research-javascript-test-smells/repositories/bootstrap-vue-dev/src/components/table/table-sorting.spec.js,Duplicate Assert,"{'line': 463, 'column': 4, 'index': 13442}","  461 |     expect(columnA[0]).toBe('1')
  462 |     expect(columnA[1]).toBe('2')
> 463 |     expect(columnA[2]).toBe('3')
      |    ^ Duplicate Assert
  464 |     // Should have aria-* labels
  465 |     expect(wrapper.findAll('tfoot > tr > th[aria-sort]').length).toBe(2)
  466 |     expect(wrapper.findAll('tfoot > tr > th > .sr-only').length).toBe(3)"
/home/gabriel/Disk/Research/research-javascript-test-smells/repositories/bootstrap-vue-dev/src/components/table/table-sorting.spec.js,Duplicate Assert,"{'line': 465, 'column': 4, 'index': 13508}","  463 |     expect(columnA[2]).toBe('3')
  464 |     // Should have aria-* labels
> 465 |     expect(wrapper.findAll('tfoot > tr > th[aria-sort]').length).toBe(2)
      |    ^ Duplicate Assert
  466 |     expect(wrapper.findAll('tfoot > tr > th > .sr-only').length).toBe(3)
  467 |
  468 |     // Click first column header again to reverse sort"
/home/gabriel/Disk/Research/research-javascript-test-smells/repositories/bootstrap-vue-dev/src/components/table/table-sorting.spec.js,Duplicate Assert,"{'line': 465, 'column': 4, 'index': 13508}","  463 |     expect(columnA[2]).toBe('3')
  464 |     // Should have aria-* labels
> 465 |     expect(wrapper.findAll('tfoot > tr > th[aria-sort]').length).toBe(2)
      |    ^ Duplicate Assert
  466 |     expect(wrapper.findAll('tfoot > tr > th > .sr-only').length).toBe(3)
  467 |
  468 |     // Click first column header again to reverse sort"
/home/gabriel/Disk/Research/research-javascript-test-smells/repositories/bootstrap-vue-dev/src/components/table/table-sorting.spec.js,Duplicate Assert,"{'line': 466, 'column': 4, 'index': 13581}","  464 |     // Should have aria-* labels
  465 |     expect(wrapper.findAll('tfoot > tr > th[aria-sort]').length).toBe(2)
> 466 |     expect(wrapper.findAll('tfoot > tr > th > .sr-only').length).toBe(3)
      |    ^ Duplicate Assert
  467 |
  468 |     // Click first column header again to reverse sort
  469 |     await wrapper"
/home/gabriel/Disk/Research/research-javascript-test-smells/repositories/bootstrap-vue-dev/src/components/table/table-sorting.spec.js,Duplicate Assert,"{'line': 466, 'column': 4, 'index': 13581}","  464 |     // Should have aria-* labels
  465 |     expect(wrapper.findAll('tfoot > tr > th[aria-sort]').length).toBe(2)
> 466 |     expect(wrapper.findAll('tfoot > tr > th > .sr-only').length).toBe(3)
      |    ^ Duplicate Assert
  467 |
  468 |     // Click first column header again to reverse sort
  469 |     await wrapper"
/home/gabriel/Disk/Research/research-javascript-test-smells/repositories/bootstrap-vue-dev/src/components/table/table-sorting.spec.js,Duplicate Assert,"{'line': 473, 'column': 4, 'index': 13799}","  471 |       .at(0)
  472 |       .trigger('click')
> 473 |     expect(wrapper.emitted('sort-changed').length).toBe(2)
      |    ^ Duplicate Assert
  474 |     expect(wrapper.emitted('sort-changed')[1][0]).toEqual(wrapper.vm.context)
  475 |     $rows = wrapper.findAll('tbody > tr').wrappers
  476 |     expect($rows.length).toBe(3)"
/home/gabriel/Disk/Research/research-javascript-test-smells/repositories/bootstrap-vue-dev/src/components/table/table-sorting.spec.js,Duplicate Assert,"{'line': 476, 'column': 4, 'index': 13987}","  474 |     expect(wrapper.emitted('sort-changed')[1][0]).toEqual(wrapper.vm.context)
  475 |     $rows = wrapper.findAll('tbody > tr').wrappers
> 476 |     expect($rows.length).toBe(3)
      |    ^ Duplicate Assert
  477 |     // Map the rows to the column text value
  478 |     columnA = $rows.map(row => {
  479 |       return row"
/home/gabriel/Disk/Research/research-javascript-test-smells/repositories/bootstrap-vue-dev/src/components/table/table-sorting.spec.js,Duplicate Assert,"{'line': 476, 'column': 4, 'index': 13987}","  474 |     expect(wrapper.emitted('sort-changed')[1][0]).toEqual(wrapper.vm.context)
  475 |     $rows = wrapper.findAll('tbody > tr').wrappers
> 476 |     expect($rows.length).toBe(3)
      |    ^ Duplicate Assert
  477 |     // Map the rows to the column text value
  478 |     columnA = $rows.map(row => {
  479 |       return row"
/home/gabriel/Disk/Research/research-javascript-test-smells/repositories/bootstrap-vue-dev/src/components/table/table-sorting.spec.js,Duplicate Assert,"{'line': 484, 'column': 4, 'index': 14176}","  482 |         .text()
  483 |     })
> 484 |     expect(columnA[0]).toBe('3')
      |    ^ Duplicate Assert
  485 |     expect(columnA[1]).toBe('2')
  486 |     expect(columnA[2]).toBe('1')
  487 |     // Should have aria-* labels"
/home/gabriel/Disk/Research/research-javascript-test-smells/repositories/bootstrap-vue-dev/src/components/table/table-sorting.spec.js,Duplicate Assert,"{'line': 484, 'column': 4, 'index': 14176}","  482 |         .text()
  483 |     })
> 484 |     expect(columnA[0]).toBe('3')
      |    ^ Duplicate Assert
  485 |     expect(columnA[1]).toBe('2')
  486 |     expect(columnA[2]).toBe('1')
  487 |     // Should have aria-* labels"
/home/gabriel/Disk/Research/research-javascript-test-smells/repositories/bootstrap-vue-dev/src/components/table/table-sorting.spec.js,Duplicate Assert,"{'line': 485, 'column': 4, 'index': 14209}","  483 |     })
  484 |     expect(columnA[0]).toBe('3')
> 485 |     expect(columnA[1]).toBe('2')
      |    ^ Duplicate Assert
  486 |     expect(columnA[2]).toBe('1')
  487 |     // Should have aria-* labels
  488 |     expect(wrapper.findAll('tfoot > tr > th[aria-sort]').length).toBe(2)"
/home/gabriel/Disk/Research/research-javascript-test-smells/repositories/bootstrap-vue-dev/src/components/table/table-sorting.spec.js,Duplicate Assert,"{'line': 485, 'column': 4, 'index': 14209}","  483 |     })
  484 |     expect(columnA[0]).toBe('3')
> 485 |     expect(columnA[1]).toBe('2')
      |    ^ Duplicate Assert
  486 |     expect(columnA[2]).toBe('1')
  487 |     // Should have aria-* labels
  488 |     expect(wrapper.findAll('tfoot > tr > th[aria-sort]').length).toBe(2)"
/home/gabriel/Disk/Research/research-javascript-test-smells/repositories/bootstrap-vue-dev/src/components/table/table-sorting.spec.js,Duplicate Assert,"{'line': 486, 'column': 4, 'index': 14242}","  484 |     expect(columnA[0]).toBe('3')
  485 |     expect(columnA[1]).toBe('2')
> 486 |     expect(columnA[2]).toBe('1')
      |    ^ Duplicate Assert
  487 |     // Should have aria-* labels
  488 |     expect(wrapper.findAll('tfoot > tr > th[aria-sort]').length).toBe(2)
  489 |     expect(wrapper.findAll('tfoot > tr > th > .sr-only').length).toBe(3)"
/home/gabriel/Disk/Research/research-javascript-test-smells/repositories/bootstrap-vue-dev/src/components/table/table-sorting.spec.js,Duplicate Assert,"{'line': 488, 'column': 4, 'index': 14308}","  486 |     expect(columnA[2]).toBe('1')
  487 |     // Should have aria-* labels
> 488 |     expect(wrapper.findAll('tfoot > tr > th[aria-sort]').length).toBe(2)
      |    ^ Duplicate Assert
  489 |     expect(wrapper.findAll('tfoot > tr > th > .sr-only').length).toBe(3)
  490 |
  491 |     // Click second column header to sort by it (by using keydown.enter)"
/home/gabriel/Disk/Research/research-javascript-test-smells/repositories/bootstrap-vue-dev/src/components/table/table-sorting.spec.js,Duplicate Assert,"{'line': 488, 'column': 4, 'index': 14308}","  486 |     expect(columnA[2]).toBe('1')
  487 |     // Should have aria-* labels
> 488 |     expect(wrapper.findAll('tfoot > tr > th[aria-sort]').length).toBe(2)
      |    ^ Duplicate Assert
  489 |     expect(wrapper.findAll('tfoot > tr > th > .sr-only').length).toBe(3)
  490 |
  491 |     // Click second column header to sort by it (by using keydown.enter)"
/home/gabriel/Disk/Research/research-javascript-test-smells/repositories/bootstrap-vue-dev/src/components/table/table-sorting.spec.js,Duplicate Assert,"{'line': 489, 'column': 4, 'index': 14381}","  487 |     // Should have aria-* labels
  488 |     expect(wrapper.findAll('tfoot > tr > th[aria-sort]').length).toBe(2)
> 489 |     expect(wrapper.findAll('tfoot > tr > th > .sr-only').length).toBe(3)
      |    ^ Duplicate Assert
  490 |
  491 |     // Click second column header to sort by it (by using keydown.enter)
  492 |     await wrapper"
/home/gabriel/Disk/Research/research-javascript-test-smells/repositories/bootstrap-vue-dev/src/components/table/table-sorting.spec.js,Duplicate Assert,"{'line': 489, 'column': 4, 'index': 14381}","  487 |     // Should have aria-* labels
  488 |     expect(wrapper.findAll('tfoot > tr > th[aria-sort]').length).toBe(2)
> 489 |     expect(wrapper.findAll('tfoot > tr > th > .sr-only').length).toBe(3)
      |    ^ Duplicate Assert
  490 |
  491 |     // Click second column header to sort by it (by using keydown.enter)
  492 |     await wrapper"
/home/gabriel/Disk/Research/research-javascript-test-smells/repositories/bootstrap-vue-dev/src/components/table/table-sorting.spec.js,Duplicate Assert,"{'line': 496, 'column': 4, 'index': 14625}","  494 |       .at(1)
  495 |       .trigger('keydown.enter')
> 496 |     expect(wrapper.emitted('sort-changed').length).toBe(3)
      |    ^ Duplicate Assert
  497 |     expect(wrapper.emitted('sort-changed')[2][0]).toEqual(wrapper.vm.context)
  498 |     $rows = wrapper.findAll('tbody > tr').wrappers
  499 |     expect($rows.length).toBe(3)"
/home/gabriel/Disk/Research/research-javascript-test-smells/repositories/bootstrap-vue-dev/src/components/table/table-sorting.spec.js,Duplicate Assert,"{'line': 499, 'column': 4, 'index': 14813}","  497 |     expect(wrapper.emitted('sort-changed')[2][0]).toEqual(wrapper.vm.context)
  498 |     $rows = wrapper.findAll('tbody > tr').wrappers
> 499 |     expect($rows.length).toBe(3)
      |    ^ Duplicate Assert
  500 |     // Map the rows to the column text value
  501 |     const columnB = $rows.map(row => {
  502 |       return row"
/home/gabriel/Disk/Research/research-javascript-test-smells/repositories/bootstrap-vue-dev/src/components/table/table-sorting.spec.js,Duplicate Assert,"{'line': 499, 'column': 4, 'index': 14813}","  497 |     expect(wrapper.emitted('sort-changed')[2][0]).toEqual(wrapper.vm.context)
  498 |     $rows = wrapper.findAll('tbody > tr').wrappers
> 499 |     expect($rows.length).toBe(3)
      |    ^ Duplicate Assert
  500 |     // Map the rows to the column text value
  501 |     const columnB = $rows.map(row => {
  502 |       return row"
/home/gabriel/Disk/Research/research-javascript-test-smells/repositories/bootstrap-vue-dev/src/components/table/table-sorting.spec.js,Duplicate Assert,"{'line': 516, 'column': 4, 'index': 15244}","  514 |       .at(2)
  515 |       .trigger('click')
> 516 |     expect(wrapper.emitted('sort-changed').length).toBe(4)
      |    ^ Duplicate Assert
  517 |     expect(wrapper.emitted('sort-changed')[3][0]).toEqual(wrapper.vm.context)
  518 |     $rows = wrapper.findAll('tbody > tr').wrappers
  519 |     expect($rows.length).toBe(3)"
/home/gabriel/Disk/Research/research-javascript-test-smells/repositories/bootstrap-vue-dev/src/components/table/table-sorting.spec.js,Duplicate Assert,"{'line': 519, 'column': 4, 'index': 15432}","  517 |     expect(wrapper.emitted('sort-changed')[3][0]).toEqual(wrapper.vm.context)
  518 |     $rows = wrapper.findAll('tbody > tr').wrappers
> 519 |     expect($rows.length).toBe(3)
      |    ^ Duplicate Assert
  520 |     // Map the rows to the column text value
  521 |     columnA = $rows.map(row => {
  522 |       return row"
/home/gabriel/Disk/Research/research-javascript-test-smells/repositories/bootstrap-vue-dev/src/components/table/table-sorting.spec.js,Duplicate Assert,"{'line': 519, 'column': 4, 'index': 15432}","  517 |     expect(wrapper.emitted('sort-changed')[3][0]).toEqual(wrapper.vm.context)
  518 |     $rows = wrapper.findAll('tbody > tr').wrappers
> 519 |     expect($rows.length).toBe(3)
      |    ^ Duplicate Assert
  520 |     // Map the rows to the column text value
  521 |     columnA = $rows.map(row => {
  522 |       return row"
/home/gabriel/Disk/Research/research-javascript-test-smells/repositories/bootstrap-vue-dev/src/components/table/table-sorting.spec.js,Duplicate Assert,"{'line': 527, 'column': 4, 'index': 15621}","  525 |         .text()
  526 |     })
> 527 |     expect(columnA[0]).toBe('3')
      |    ^ Duplicate Assert
  528 |     expect(columnA[1]).toBe('1')
  529 |     expect(columnA[2]).toBe('2')
  530 |     // Should have aria-* labels"
/home/gabriel/Disk/Research/research-javascript-test-smells/repositories/bootstrap-vue-dev/src/components/table/table-sorting.spec.js,Duplicate Assert,"{'line': 527, 'column': 4, 'index': 15621}","  525 |         .text()
  526 |     })
> 527 |     expect(columnA[0]).toBe('3')
      |    ^ Duplicate Assert
  528 |     expect(columnA[1]).toBe('1')
  529 |     expect(columnA[2]).toBe('2')
  530 |     // Should have aria-* labels"
/home/gabriel/Disk/Research/research-javascript-test-smells/repositories/bootstrap-vue-dev/src/components/table/table-sorting.spec.js,Duplicate Assert,"{'line': 528, 'column': 4, 'index': 15654}","  526 |     })
  527 |     expect(columnA[0]).toBe('3')
> 528 |     expect(columnA[1]).toBe('1')
      |    ^ Duplicate Assert
  529 |     expect(columnA[2]).toBe('2')
  530 |     // Should have aria-* labels
  531 |     expect(wrapper.findAll('tfoot > tr > th[aria-sort]').length).toBe(2)"
/home/gabriel/Disk/Research/research-javascript-test-smells/repositories/bootstrap-vue-dev/src/components/table/table-sorting.spec.js,Duplicate Assert,"{'line': 528, 'column': 4, 'index': 15654}","  526 |     })
  527 |     expect(columnA[0]).toBe('3')
> 528 |     expect(columnA[1]).toBe('1')
      |    ^ Duplicate Assert
  529 |     expect(columnA[2]).toBe('2')
  530 |     // Should have aria-* labels
  531 |     expect(wrapper.findAll('tfoot > tr > th[aria-sort]').length).toBe(2)"
/home/gabriel/Disk/Research/research-javascript-test-smells/repositories/bootstrap-vue-dev/src/components/table/table-sorting.spec.js,Duplicate Assert,"{'line': 529, 'column': 4, 'index': 15687}","  527 |     expect(columnA[0]).toBe('3')
  528 |     expect(columnA[1]).toBe('1')
> 529 |     expect(columnA[2]).toBe('2')
      |    ^ Duplicate Assert
  530 |     // Should have aria-* labels
  531 |     expect(wrapper.findAll('tfoot > tr > th[aria-sort]').length).toBe(2)
  532 |     expect(wrapper.findAll('tfoot > tr > th > .sr-only').length).toBe(2)"
/home/gabriel/Disk/Research/research-javascript-test-smells/repositories/bootstrap-vue-dev/src/components/table/table-sorting.spec.js,Duplicate Assert,"{'line': 529, 'column': 4, 'index': 15687}","  527 |     expect(columnA[0]).toBe('3')
  528 |     expect(columnA[1]).toBe('1')
> 529 |     expect(columnA[2]).toBe('2')
      |    ^ Duplicate Assert
  530 |     // Should have aria-* labels
  531 |     expect(wrapper.findAll('tfoot > tr > th[aria-sort]').length).toBe(2)
  532 |     expect(wrapper.findAll('tfoot > tr > th > .sr-only').length).toBe(2)"
/home/gabriel/Disk/Research/research-javascript-test-smells/repositories/bootstrap-vue-dev/src/components/table/table-sorting.spec.js,Duplicate Assert,"{'line': 531, 'column': 4, 'index': 15753}","  529 |     expect(columnA[2]).toBe('2')
  530 |     // Should have aria-* labels
> 531 |     expect(wrapper.findAll('tfoot > tr > th[aria-sort]').length).toBe(2)
      |    ^ Duplicate Assert
  532 |     expect(wrapper.findAll('tfoot > tr > th > .sr-only').length).toBe(2)
  533 |
  534 |     wrapper.destroy()"
/home/gabriel/Disk/Research/research-javascript-test-smells/repositories/bootstrap-vue-dev/src/components/table/table-sorting.spec.js,Duplicate Assert,"{'line': 531, 'column': 4, 'index': 15753}","  529 |     expect(columnA[2]).toBe('2')
  530 |     // Should have aria-* labels
> 531 |     expect(wrapper.findAll('tfoot > tr > th[aria-sort]').length).toBe(2)
      |    ^ Duplicate Assert
  532 |     expect(wrapper.findAll('tfoot > tr > th > .sr-only').length).toBe(2)
  533 |
  534 |     wrapper.destroy()"
/home/gabriel/Disk/Research/research-javascript-test-smells/repositories/bootstrap-vue-dev/src/components/table/table-sorting.spec.js,Duplicate Assert,"{'line': 532, 'column': 4, 'index': 15826}","  530 |     // Should have aria-* labels
  531 |     expect(wrapper.findAll('tfoot > tr > th[aria-sort]').length).toBe(2)
> 532 |     expect(wrapper.findAll('tfoot > tr > th > .sr-only').length).toBe(2)
      |    ^ Duplicate Assert
  533 |
  534 |     wrapper.destroy()
  535 |   })"
/home/gabriel/Disk/Research/research-javascript-test-smells/repositories/bootstrap-vue-dev/src/components/table/table-sorting.spec.js,Duplicate Assert,"{'line': 532, 'column': 4, 'index': 15826}","  530 |     // Should have aria-* labels
  531 |     expect(wrapper.findAll('tfoot > tr > th[aria-sort]').length).toBe(2)
> 532 |     expect(wrapper.findAll('tfoot > tr > th > .sr-only').length).toBe(2)
      |    ^ Duplicate Assert
  533 |
  534 |     wrapper.destroy()
  535 |   })"
/home/gabriel/Disk/Research/research-javascript-test-smells/repositories/bootstrap-vue-dev/src/components/table/table-sorting.spec.js,Duplicate Assert,"{'line': 555, 'column': 4, 'index': 16465}","  553 |     // Should not be sorted
  554 |     expect(wrapper.emitted('input')).toBeDefined()
> 555 |     expect(wrapper.emitted('sort-changed')).toBeUndefined()
      |    ^ Duplicate Assert
  556 |     let $rows = wrapper.findAll('tbody > tr').wrappers
  557 |     expect($rows.length).toBe(3)
  558 |     // Map the rows to the first column text value"
/home/gabriel/Disk/Research/research-javascript-test-smells/repositories/bootstrap-vue-dev/src/components/table/table-sorting.spec.js,Duplicate Assert,"{'line': 555, 'column': 4, 'index': 16465}","  553 |     // Should not be sorted
  554 |     expect(wrapper.emitted('input')).toBeDefined()
> 555 |     expect(wrapper.emitted('sort-changed')).toBeUndefined()
      |    ^ Duplicate Assert
  556 |     let $rows = wrapper.findAll('tbody > tr').wrappers
  557 |     expect($rows.length).toBe(3)
  558 |     // Map the rows to the first column text value"
/home/gabriel/Disk/Research/research-javascript-test-smells/repositories/bootstrap-vue-dev/src/components/table/table-sorting.spec.js,Duplicate Assert,"{'line': 557, 'column': 4, 'index': 16580}","  555 |     expect(wrapper.emitted('sort-changed')).toBeUndefined()
  556 |     let $rows = wrapper.findAll('tbody > tr').wrappers
> 557 |     expect($rows.length).toBe(3)
      |    ^ Duplicate Assert
  558 |     // Map the rows to the first column text value
  559 |     let columnA = $rows.map(row => {
  560 |       return row"
/home/gabriel/Disk/Research/research-javascript-test-smells/repositories/bootstrap-vue-dev/src/components/table/table-sorting.spec.js,Duplicate Assert,"{'line': 557, 'column': 4, 'index': 16580}","  555 |     expect(wrapper.emitted('sort-changed')).toBeUndefined()
  556 |     let $rows = wrapper.findAll('tbody > tr').wrappers
> 557 |     expect($rows.length).toBe(3)
      |    ^ Duplicate Assert
  558 |     // Map the rows to the first column text value
  559 |     let columnA = $rows.map(row => {
  560 |       return row"
/home/gabriel/Disk/Research/research-javascript-test-smells/repositories/bootstrap-vue-dev/src/components/table/table-sorting.spec.js,Duplicate Assert,"{'line': 565, 'column': 4, 'index': 16779}","  563 |         .text()
  564 |     })
> 565 |     expect(columnA[0]).toBe('3')
      |    ^ Duplicate Assert
  566 |     expect(columnA[1]).toBe('1')
  567 |     expect(columnA[2]).toBe('2')
  568 |     // Shouldn't have aria-* labels"
/home/gabriel/Disk/Research/research-javascript-test-smells/repositories/bootstrap-vue-dev/src/components/table/table-sorting.spec.js,Duplicate Assert,"{'line': 565, 'column': 4, 'index': 16779}","  563 |         .text()
  564 |     })
> 565 |     expect(columnA[0]).toBe('3')
      |    ^ Duplicate Assert
  566 |     expect(columnA[1]).toBe('1')
  567 |     expect(columnA[2]).toBe('2')
  568 |     // Shouldn't have aria-* labels"
/home/gabriel/Disk/Research/research-javascript-test-smells/repositories/bootstrap-vue-dev/src/components/table/table-sorting.spec.js,Duplicate Assert,"{'line': 566, 'column': 4, 'index': 16812}","  564 |     })
  565 |     expect(columnA[0]).toBe('3')
> 566 |     expect(columnA[1]).toBe('1')
      |    ^ Duplicate Assert
  567 |     expect(columnA[2]).toBe('2')
  568 |     // Shouldn't have aria-* labels
  569 |     expect(wrapper.findAll('tfoot > tr > th[aria-sort]').length).toBe(0)"
/home/gabriel/Disk/Research/research-javascript-test-smells/repositories/bootstrap-vue-dev/src/components/table/table-sorting.spec.js,Duplicate Assert,"{'line': 566, 'column': 4, 'index': 16812}","  564 |     })
  565 |     expect(columnA[0]).toBe('3')
> 566 |     expect(columnA[1]).toBe('1')
      |    ^ Duplicate Assert
  567 |     expect(columnA[2]).toBe('2')
  568 |     // Shouldn't have aria-* labels
  569 |     expect(wrapper.findAll('tfoot > tr > th[aria-sort]').length).toBe(0)"
/home/gabriel/Disk/Research/research-javascript-test-smells/repositories/bootstrap-vue-dev/src/components/table/table-sorting.spec.js,Duplicate Assert,"{'line': 567, 'column': 4, 'index': 16845}","  565 |     expect(columnA[0]).toBe('3')
  566 |     expect(columnA[1]).toBe('1')
> 567 |     expect(columnA[2]).toBe('2')
      |    ^ Duplicate Assert
  568 |     // Shouldn't have aria-* labels
  569 |     expect(wrapper.findAll('tfoot > tr > th[aria-sort]').length).toBe(0)
  570 |     expect(wrapper.findAll('tfoot > tr > th > .sr-only').length).toBe(0)"
/home/gabriel/Disk/Research/research-javascript-test-smells/repositories/bootstrap-vue-dev/src/components/table/table-sorting.spec.js,Duplicate Assert,"{'line': 567, 'column': 4, 'index': 16845}","  565 |     expect(columnA[0]).toBe('3')
  566 |     expect(columnA[1]).toBe('1')
> 567 |     expect(columnA[2]).toBe('2')
      |    ^ Duplicate Assert
  568 |     // Shouldn't have aria-* labels
  569 |     expect(wrapper.findAll('tfoot > tr > th[aria-sort]').length).toBe(0)
  570 |     expect(wrapper.findAll('tfoot > tr > th > .sr-only').length).toBe(0)"
/home/gabriel/Disk/Research/research-javascript-test-smells/repositories/bootstrap-vue-dev/src/components/table/table-sorting.spec.js,Duplicate Assert,"{'line': 569, 'column': 4, 'index': 16914}","  567 |     expect(columnA[2]).toBe('2')
  568 |     // Shouldn't have aria-* labels
> 569 |     expect(wrapper.findAll('tfoot > tr > th[aria-sort]').length).toBe(0)
      |    ^ Duplicate Assert
  570 |     expect(wrapper.findAll('tfoot > tr > th > .sr-only').length).toBe(0)
  571 |
  572 |     // Click first column"
/home/gabriel/Disk/Research/research-javascript-test-smells/repositories/bootstrap-vue-dev/src/components/table/table-sorting.spec.js,Duplicate Assert,"{'line': 569, 'column': 4, 'index': 16914}","  567 |     expect(columnA[2]).toBe('2')
  568 |     // Shouldn't have aria-* labels
> 569 |     expect(wrapper.findAll('tfoot > tr > th[aria-sort]').length).toBe(0)
      |    ^ Duplicate Assert
  570 |     expect(wrapper.findAll('tfoot > tr > th > .sr-only').length).toBe(0)
  571 |
  572 |     // Click first column"
/home/gabriel/Disk/Research/research-javascript-test-smells/repositories/bootstrap-vue-dev/src/components/table/table-sorting.spec.js,Duplicate Assert,"{'line': 570, 'column': 4, 'index': 16987}","  568 |     // Shouldn't have aria-* labels
  569 |     expect(wrapper.findAll('tfoot > tr > th[aria-sort]').length).toBe(0)
> 570 |     expect(wrapper.findAll('tfoot > tr > th > .sr-only').length).toBe(0)
      |    ^ Duplicate Assert
  571 |
  572 |     // Click first column
  573 |     await wrapper"
/home/gabriel/Disk/Research/research-javascript-test-smells/repositories/bootstrap-vue-dev/src/components/table/table-sorting.spec.js,Duplicate Assert,"{'line': 570, 'column': 4, 'index': 16987}","  568 |     // Shouldn't have aria-* labels
  569 |     expect(wrapper.findAll('tfoot > tr > th[aria-sort]').length).toBe(0)
> 570 |     expect(wrapper.findAll('tfoot > tr > th > .sr-only').length).toBe(0)
      |    ^ Duplicate Assert
  571 |
  572 |     // Click first column
  573 |     await wrapper"
/home/gabriel/Disk/Research/research-javascript-test-smells/repositories/bootstrap-vue-dev/src/components/table/table-sorting.spec.js,Duplicate Assert,"{'line': 577, 'column': 4, 'index': 17176}","  575 |       .at(0)
  576 |       .trigger('click')
> 577 |     expect(wrapper.emitted('sort-changed')).toBeUndefined()
      |    ^ Duplicate Assert
  578 |     $rows = wrapper.findAll('tbody > tr').wrappers
  579 |     expect($rows.length).toBe(3)
  580 |     // Map the rows to the column text value"
/home/gabriel/Disk/Research/research-javascript-test-smells/repositories/bootstrap-vue-dev/src/components/table/table-sorting.spec.js,Duplicate Assert,"{'line': 577, 'column': 4, 'index': 17176}","  575 |       .at(0)
  576 |       .trigger('click')
> 577 |     expect(wrapper.emitted('sort-changed')).toBeUndefined()
      |    ^ Duplicate Assert
  578 |     $rows = wrapper.findAll('tbody > tr').wrappers
  579 |     expect($rows.length).toBe(3)
  580 |     // Map the rows to the column text value"
/home/gabriel/Disk/Research/research-javascript-test-smells/repositories/bootstrap-vue-dev/src/components/table/table-sorting.spec.js,Duplicate Assert,"{'line': 579, 'column': 4, 'index': 17287}","  577 |     expect(wrapper.emitted('sort-changed')).toBeUndefined()
  578 |     $rows = wrapper.findAll('tbody > tr').wrappers
> 579 |     expect($rows.length).toBe(3)
      |    ^ Duplicate Assert
  580 |     // Map the rows to the column text value
  581 |     columnA = $rows.map(row => {
  582 |       return row"
/home/gabriel/Disk/Research/research-javascript-test-smells/repositories/bootstrap-vue-dev/src/components/table/table-sorting.spec.js,Duplicate Assert,"{'line': 579, 'column': 4, 'index': 17287}","  577 |     expect(wrapper.emitted('sort-changed')).toBeUndefined()
  578 |     $rows = wrapper.findAll('tbody > tr').wrappers
> 579 |     expect($rows.length).toBe(3)
      |    ^ Duplicate Assert
  580 |     // Map the rows to the column text value
  581 |     columnA = $rows.map(row => {
  582 |       return row"
/home/gabriel/Disk/Research/research-javascript-test-smells/repositories/bootstrap-vue-dev/src/components/table/table-sorting.spec.js,Duplicate Assert,"{'line': 587, 'column': 4, 'index': 17476}","  585 |         .text()
  586 |     })
> 587 |     expect(columnA[0]).toBe('3')
      |    ^ Duplicate Assert
  588 |     expect(columnA[1]).toBe('1')
  589 |     expect(columnA[2]).toBe('2')
  590 |     // Shouldn't have aria-* labels"
/home/gabriel/Disk/Research/research-javascript-test-smells/repositories/bootstrap-vue-dev/src/components/table/table-sorting.spec.js,Duplicate Assert,"{'line': 587, 'column': 4, 'index': 17476}","  585 |         .text()
  586 |     })
> 587 |     expect(columnA[0]).toBe('3')
      |    ^ Duplicate Assert
  588 |     expect(columnA[1]).toBe('1')
  589 |     expect(columnA[2]).toBe('2')
  590 |     // Shouldn't have aria-* labels"
/home/gabriel/Disk/Research/research-javascript-test-smells/repositories/bootstrap-vue-dev/src/components/table/table-sorting.spec.js,Duplicate Assert,"{'line': 588, 'column': 4, 'index': 17509}","  586 |     })
  587 |     expect(columnA[0]).toBe('3')
> 588 |     expect(columnA[1]).toBe('1')
      |    ^ Duplicate Assert
  589 |     expect(columnA[2]).toBe('2')
  590 |     // Shouldn't have aria-* labels
  591 |     expect(wrapper.findAll('tfoot > tr > th[aria-sort]').length).toBe(0)"
/home/gabriel/Disk/Research/research-javascript-test-smells/repositories/bootstrap-vue-dev/src/components/table/table-sorting.spec.js,Duplicate Assert,"{'line': 588, 'column': 4, 'index': 17509}","  586 |     })
  587 |     expect(columnA[0]).toBe('3')
> 588 |     expect(columnA[1]).toBe('1')
      |    ^ Duplicate Assert
  589 |     expect(columnA[2]).toBe('2')
  590 |     // Shouldn't have aria-* labels
  591 |     expect(wrapper.findAll('tfoot > tr > th[aria-sort]').length).toBe(0)"
/home/gabriel/Disk/Research/research-javascript-test-smells/repositories/bootstrap-vue-dev/src/components/table/table-sorting.spec.js,Duplicate Assert,"{'line': 589, 'column': 4, 'index': 17542}","  587 |     expect(columnA[0]).toBe('3')
  588 |     expect(columnA[1]).toBe('1')
> 589 |     expect(columnA[2]).toBe('2')
      |    ^ Duplicate Assert
  590 |     // Shouldn't have aria-* labels
  591 |     expect(wrapper.findAll('tfoot > tr > th[aria-sort]').length).toBe(0)
  592 |     expect(wrapper.findAll('tfoot > tr > th > .sr-only').length).toBe(0)"
/home/gabriel/Disk/Research/research-javascript-test-smells/repositories/bootstrap-vue-dev/src/components/table/table-sorting.spec.js,Duplicate Assert,"{'line': 589, 'column': 4, 'index': 17542}","  587 |     expect(columnA[0]).toBe('3')
  588 |     expect(columnA[1]).toBe('1')
> 589 |     expect(columnA[2]).toBe('2')
      |    ^ Duplicate Assert
  590 |     // Shouldn't have aria-* labels
  591 |     expect(wrapper.findAll('tfoot > tr > th[aria-sort]').length).toBe(0)
  592 |     expect(wrapper.findAll('tfoot > tr > th > .sr-only').length).toBe(0)"
/home/gabriel/Disk/Research/research-javascript-test-smells/repositories/bootstrap-vue-dev/src/components/table/table-sorting.spec.js,Duplicate Assert,"{'line': 591, 'column': 4, 'index': 17611}","  589 |     expect(columnA[2]).toBe('2')
  590 |     // Shouldn't have aria-* labels
> 591 |     expect(wrapper.findAll('tfoot > tr > th[aria-sort]').length).toBe(0)
      |    ^ Duplicate Assert
  592 |     expect(wrapper.findAll('tfoot > tr > th > .sr-only').length).toBe(0)
  593 |
  594 |     // Click third column header"
/home/gabriel/Disk/Research/research-javascript-test-smells/repositories/bootstrap-vue-dev/src/components/table/table-sorting.spec.js,Duplicate Assert,"{'line': 591, 'column': 4, 'index': 17611}","  589 |     expect(columnA[2]).toBe('2')
  590 |     // Shouldn't have aria-* labels
> 591 |     expect(wrapper.findAll('tfoot > tr > th[aria-sort]').length).toBe(0)
      |    ^ Duplicate Assert
  592 |     expect(wrapper.findAll('tfoot > tr > th > .sr-only').length).toBe(0)
  593 |
  594 |     // Click third column header"
/home/gabriel/Disk/Research/research-javascript-test-smells/repositories/bootstrap-vue-dev/src/components/table/table-sorting.spec.js,Duplicate Assert,"{'line': 592, 'column': 4, 'index': 17684}","  590 |     // Shouldn't have aria-* labels
  591 |     expect(wrapper.findAll('tfoot > tr > th[aria-sort]').length).toBe(0)
> 592 |     expect(wrapper.findAll('tfoot > tr > th > .sr-only').length).toBe(0)
      |    ^ Duplicate Assert
  593 |
  594 |     // Click third column header
  595 |     await wrapper"
/home/gabriel/Disk/Research/research-javascript-test-smells/repositories/bootstrap-vue-dev/src/components/table/table-sorting.spec.js,Duplicate Assert,"{'line': 592, 'column': 4, 'index': 17684}","  590 |     // Shouldn't have aria-* labels
  591 |     expect(wrapper.findAll('tfoot > tr > th[aria-sort]').length).toBe(0)
> 592 |     expect(wrapper.findAll('tfoot > tr > th > .sr-only').length).toBe(0)
      |    ^ Duplicate Assert
  593 |
  594 |     // Click third column header
  595 |     await wrapper"
/home/gabriel/Disk/Research/research-javascript-test-smells/repositories/bootstrap-vue-dev/src/components/table/table-sorting.spec.js,Duplicate Assert,"{'line': 599, 'column': 4, 'index': 17880}","  597 |       .at(2)
  598 |       .trigger('click')
> 599 |     expect(wrapper.emitted('sort-changed')).toBeUndefined()
      |    ^ Duplicate Assert
  600 |     $rows = wrapper.findAll('tbody > tr').wrappers
  601 |     expect($rows.length).toBe(3)
  602 |     // Map the rows to the column text value"
/home/gabriel/Disk/Research/research-javascript-test-smells/repositories/bootstrap-vue-dev/src/components/table/table-sorting.spec.js,Duplicate Assert,"{'line': 599, 'column': 4, 'index': 17880}","  597 |       .at(2)
  598 |       .trigger('click')
> 599 |     expect(wrapper.emitted('sort-changed')).toBeUndefined()
      |    ^ Duplicate Assert
  600 |     $rows = wrapper.findAll('tbody > tr').wrappers
  601 |     expect($rows.length).toBe(3)
  602 |     // Map the rows to the column text value"
/home/gabriel/Disk/Research/research-javascript-test-smells/repositories/bootstrap-vue-dev/src/components/table/table-sorting.spec.js,Duplicate Assert,"{'line': 601, 'column': 4, 'index': 17991}","  599 |     expect(wrapper.emitted('sort-changed')).toBeUndefined()
  600 |     $rows = wrapper.findAll('tbody > tr').wrappers
> 601 |     expect($rows.length).toBe(3)
      |    ^ Duplicate Assert
  602 |     // Map the rows to the column text value
  603 |     columnA = $rows.map(row => {
  604 |       return row"
/home/gabriel/Disk/Research/research-javascript-test-smells/repositories/bootstrap-vue-dev/src/components/table/table-sorting.spec.js,Duplicate Assert,"{'line': 601, 'column': 4, 'index': 17991}","  599 |     expect(wrapper.emitted('sort-changed')).toBeUndefined()
  600 |     $rows = wrapper.findAll('tbody > tr').wrappers
> 601 |     expect($rows.length).toBe(3)
      |    ^ Duplicate Assert
  602 |     // Map the rows to the column text value
  603 |     columnA = $rows.map(row => {
  604 |       return row"
/home/gabriel/Disk/Research/research-javascript-test-smells/repositories/bootstrap-vue-dev/src/components/table/table-sorting.spec.js,Duplicate Assert,"{'line': 609, 'column': 4, 'index': 18180}","  607 |         .text()
  608 |     })
> 609 |     expect(columnA[0]).toBe('3')
      |    ^ Duplicate Assert
  610 |     expect(columnA[1]).toBe('1')
  611 |     expect(columnA[2]).toBe('2')
  612 |     // Shouldn't have aria-* labels"
/home/gabriel/Disk/Research/research-javascript-test-smells/repositories/bootstrap-vue-dev/src/components/table/table-sorting.spec.js,Duplicate Assert,"{'line': 609, 'column': 4, 'index': 18180}","  607 |         .text()
  608 |     })
> 609 |     expect(columnA[0]).toBe('3')
      |    ^ Duplicate Assert
  610 |     expect(columnA[1]).toBe('1')
  611 |     expect(columnA[2]).toBe('2')
  612 |     // Shouldn't have aria-* labels"
/home/gabriel/Disk/Research/research-javascript-test-smells/repositories/bootstrap-vue-dev/src/components/table/table-sorting.spec.js,Duplicate Assert,"{'line': 610, 'column': 4, 'index': 18213}","  608 |     })
  609 |     expect(columnA[0]).toBe('3')
> 610 |     expect(columnA[1]).toBe('1')
      |    ^ Duplicate Assert
  611 |     expect(columnA[2]).toBe('2')
  612 |     // Shouldn't have aria-* labels
  613 |     expect(wrapper.findAll('tfoot > tr > th[aria-sort]').length).toBe(0)"
/home/gabriel/Disk/Research/research-javascript-test-smells/repositories/bootstrap-vue-dev/src/components/table/table-sorting.spec.js,Duplicate Assert,"{'line': 610, 'column': 4, 'index': 18213}","  608 |     })
  609 |     expect(columnA[0]).toBe('3')
> 610 |     expect(columnA[1]).toBe('1')
      |    ^ Duplicate Assert
  611 |     expect(columnA[2]).toBe('2')
  612 |     // Shouldn't have aria-* labels
  613 |     expect(wrapper.findAll('tfoot > tr > th[aria-sort]').length).toBe(0)"
/home/gabriel/Disk/Research/research-javascript-test-smells/repositories/bootstrap-vue-dev/src/components/table/table-sorting.spec.js,Duplicate Assert,"{'line': 611, 'column': 4, 'index': 18246}","  609 |     expect(columnA[0]).toBe('3')
  610 |     expect(columnA[1]).toBe('1')
> 611 |     expect(columnA[2]).toBe('2')
      |    ^ Duplicate Assert
  612 |     // Shouldn't have aria-* labels
  613 |     expect(wrapper.findAll('tfoot > tr > th[aria-sort]').length).toBe(0)
  614 |     expect(wrapper.findAll('tfoot > tr > th > .sr-only').length).toBe(0)"
/home/gabriel/Disk/Research/research-javascript-test-smells/repositories/bootstrap-vue-dev/src/components/table/table-sorting.spec.js,Duplicate Assert,"{'line': 611, 'column': 4, 'index': 18246}","  609 |     expect(columnA[0]).toBe('3')
  610 |     expect(columnA[1]).toBe('1')
> 611 |     expect(columnA[2]).toBe('2')
      |    ^ Duplicate Assert
  612 |     // Shouldn't have aria-* labels
  613 |     expect(wrapper.findAll('tfoot > tr > th[aria-sort]').length).toBe(0)
  614 |     expect(wrapper.findAll('tfoot > tr > th > .sr-only').length).toBe(0)"
/home/gabriel/Disk/Research/research-javascript-test-smells/repositories/bootstrap-vue-dev/src/components/table/table-sorting.spec.js,Duplicate Assert,"{'line': 613, 'column': 4, 'index': 18315}","  611 |     expect(columnA[2]).toBe('2')
  612 |     // Shouldn't have aria-* labels
> 613 |     expect(wrapper.findAll('tfoot > tr > th[aria-sort]').length).toBe(0)
      |    ^ Duplicate Assert
  614 |     expect(wrapper.findAll('tfoot > tr > th > .sr-only').length).toBe(0)
  615 |
  616 |     wrapper.destroy()"
/home/gabriel/Disk/Research/research-javascript-test-smells/repositories/bootstrap-vue-dev/src/components/table/table-sorting.spec.js,Duplicate Assert,"{'line': 613, 'column': 4, 'index': 18315}","  611 |     expect(columnA[2]).toBe('2')
  612 |     // Shouldn't have aria-* labels
> 613 |     expect(wrapper.findAll('tfoot > tr > th[aria-sort]').length).toBe(0)
      |    ^ Duplicate Assert
  614 |     expect(wrapper.findAll('tfoot > tr > th > .sr-only').length).toBe(0)
  615 |
  616 |     wrapper.destroy()"
/home/gabriel/Disk/Research/research-javascript-test-smells/repositories/bootstrap-vue-dev/src/components/table/table-sorting.spec.js,Duplicate Assert,"{'line': 614, 'column': 4, 'index': 18388}","  612 |     // Shouldn't have aria-* labels
  613 |     expect(wrapper.findAll('tfoot > tr > th[aria-sort]').length).toBe(0)
> 614 |     expect(wrapper.findAll('tfoot > tr > th > .sr-only').length).toBe(0)
      |    ^ Duplicate Assert
  615 |
  616 |     wrapper.destroy()
  617 |   })"
/home/gabriel/Disk/Research/research-javascript-test-smells/repositories/bootstrap-vue-dev/src/components/table/table-sorting.spec.js,Duplicate Assert,"{'line': 614, 'column': 4, 'index': 18388}","  612 |     // Shouldn't have aria-* labels
  613 |     expect(wrapper.findAll('tfoot > tr > th[aria-sort]').length).toBe(0)
> 614 |     expect(wrapper.findAll('tfoot > tr > th > .sr-only').length).toBe(0)
      |    ^ Duplicate Assert
  615 |
  616 |     wrapper.destroy()
  617 |   })"
/home/gabriel/Disk/Research/research-javascript-test-smells/repositories/bootstrap-vue-dev/src/components/table/table-sorting.spec.js,Duplicate Assert,"{'line': 636, 'column': 4, 'index': 18993}","  634 |
  635 |     let $rows = wrapper.findAll('tbody > tr').wrappers
> 636 |     expect($rows.length).toBe(3)
      |    ^ Duplicate Assert
  637 |     // Map the rows to the first column text value
  638 |     let columnA = $rows.map(row => {
  639 |       return row"
/home/gabriel/Disk/Research/research-javascript-test-smells/repositories/bootstrap-vue-dev/src/components/table/table-sorting.spec.js,Duplicate Assert,"{'line': 636, 'column': 4, 'index': 18993}","  634 |
  635 |     let $rows = wrapper.findAll('tbody > tr').wrappers
> 636 |     expect($rows.length).toBe(3)
      |    ^ Duplicate Assert
  637 |     // Map the rows to the first column text value
  638 |     let columnA = $rows.map(row => {
  639 |       return row"
/home/gabriel/Disk/Research/research-javascript-test-smells/repositories/bootstrap-vue-dev/src/components/table/table-sorting.spec.js,Duplicate Assert,"{'line': 644, 'column': 4, 'index': 19192}","  642 |         .text()
  643 |     })
> 644 |     expect(columnA[0]).toBe('3')
      |    ^ Duplicate Assert
  645 |     expect(columnA[1]).toBe('1')
  646 |     expect(columnA[2]).toBe('2')
  647 |"
/home/gabriel/Disk/Research/research-javascript-test-smells/repositories/bootstrap-vue-dev/src/components/table/table-sorting.spec.js,Duplicate Assert,"{'line': 644, 'column': 4, 'index': 19192}","  642 |         .text()
  643 |     })
> 644 |     expect(columnA[0]).toBe('3')
      |    ^ Duplicate Assert
  645 |     expect(columnA[1]).toBe('1')
  646 |     expect(columnA[2]).toBe('2')
  647 |"
/home/gabriel/Disk/Research/research-javascript-test-smells/repositories/bootstrap-vue-dev/src/components/table/table-sorting.spec.js,Duplicate Assert,"{'line': 645, 'column': 4, 'index': 19225}","  643 |     })
  644 |     expect(columnA[0]).toBe('3')
> 645 |     expect(columnA[1]).toBe('1')
      |    ^ Duplicate Assert
  646 |     expect(columnA[2]).toBe('2')
  647 |
  648 |     let $ths = wrapper.findAll('thead > tr > th')"
/home/gabriel/Disk/Research/research-javascript-test-smells/repositories/bootstrap-vue-dev/src/components/table/table-sorting.spec.js,Duplicate Assert,"{'line': 646, 'column': 4, 'index': 19258}","  644 |     expect(columnA[0]).toBe('3')
  645 |     expect(columnA[1]).toBe('1')
> 646 |     expect(columnA[2]).toBe('2')
      |    ^ Duplicate Assert
  647 |
  648 |     let $ths = wrapper.findAll('thead > tr > th')
  649 |"
/home/gabriel/Disk/Research/research-javascript-test-smells/repositories/bootstrap-vue-dev/src/components/table/table-sorting.spec.js,Duplicate Assert,"{'line': 651, 'column': 4, 'index': 19371}","  649 |
  650 |     // Currently not sorted
> 651 |     expect($ths.at(0).attributes('aria-sort')).toBe('none')
      |    ^ Duplicate Assert
  652 |     // For switching to descending
  653 |     expect(
  654 |       $ths"
/home/gabriel/Disk/Research/research-javascript-test-smells/repositories/bootstrap-vue-dev/src/components/table/table-sorting.spec.js,Duplicate Assert,"{'line': 653, 'column': 4, 'index': 19466}","  651 |     expect($ths.at(0).attributes('aria-sort')).toBe('none')
  652 |     // For switching to descending
> 653 |     expect(
      |    ^ Duplicate Assert
  654 |       $ths
  655 |         .at(0)
  656 |         .find('.sr-only')"
/home/gabriel/Disk/Research/research-javascript-test-smells/repositories/bootstrap-vue-dev/src/components/table/table-sorting.spec.js,Duplicate Assert,"{'line': 661, 'column': 4, 'index': 19622}","  659 |
  660 |     // Not sorted by this column
> 661 |     expect($ths.at(1).attributes('aria-sort')).toBe('none')
      |    ^ Duplicate Assert
  662 |     // For sorting by ascending
  663 |     expect(
  664 |       $ths"
/home/gabriel/Disk/Research/research-javascript-test-smells/repositories/bootstrap-vue-dev/src/components/table/table-sorting.spec.js,Duplicate Assert,"{'line': 661, 'column': 4, 'index': 19622}","  659 |
  660 |     // Not sorted by this column
> 661 |     expect($ths.at(1).attributes('aria-sort')).toBe('none')
      |    ^ Duplicate Assert
  662 |     // For sorting by ascending
  663 |     expect(
  664 |       $ths"
/home/gabriel/Disk/Research/research-javascript-test-smells/repositories/bootstrap-vue-dev/src/components/table/table-sorting.spec.js,Duplicate Assert,"{'line': 663, 'column': 4, 'index': 19714}","  661 |     expect($ths.at(1).attributes('aria-sort')).toBe('none')
  662 |     // For sorting by ascending
> 663 |     expect(
      |    ^ Duplicate Assert
  664 |       $ths
  665 |         .at(1)
  666 |         .find('.sr-only')"
/home/gabriel/Disk/Research/research-javascript-test-smells/repositories/bootstrap-vue-dev/src/components/table/table-sorting.spec.js,Duplicate Assert,"{'line': 663, 'column': 4, 'index': 19714}","  661 |     expect($ths.at(1).attributes('aria-sort')).toBe('none')
  662 |     // For sorting by ascending
> 663 |     expect(
      |    ^ Duplicate Assert
  664 |       $ths
  665 |         .at(1)
  666 |         .find('.sr-only')"
/home/gabriel/Disk/Research/research-javascript-test-smells/repositories/bootstrap-vue-dev/src/components/table/table-sorting.spec.js,Duplicate Assert,"{'line': 671, 'column': 4, 'index': 19866}","  669 |
  670 |     // Not a sortable column
> 671 |     expect($ths.at(2).attributes('aria-sort')).toBeUndefined()
      |    ^ Duplicate Assert
  672 |     // For clearing sorting
  673 |     expect(
  674 |       $ths"
/home/gabriel/Disk/Research/research-javascript-test-smells/repositories/bootstrap-vue-dev/src/components/table/table-sorting.spec.js,Duplicate Assert,"{'line': 671, 'column': 4, 'index': 19866}","  669 |
  670 |     // Not a sortable column
> 671 |     expect($ths.at(2).attributes('aria-sort')).toBeUndefined()
      |    ^ Duplicate Assert
  672 |     // For clearing sorting
  673 |     expect(
  674 |       $ths"
/home/gabriel/Disk/Research/research-javascript-test-smells/repositories/bootstrap-vue-dev/src/components/table/table-sorting.spec.js,Duplicate Assert,"{'line': 687, 'column': 4, 'index': 20257}","  685 |
  686 |     $rows = wrapper.findAll('tbody > tr').wrappers
> 687 |     expect($rows.length).toBe(3)
      |    ^ Duplicate Assert
  688 |     // Map the rows to the first column text value
  689 |     columnA = $rows.map(row => {
  690 |       return row"
/home/gabriel/Disk/Research/research-javascript-test-smells/repositories/bootstrap-vue-dev/src/components/table/table-sorting.spec.js,Duplicate Assert,"{'line': 687, 'column': 4, 'index': 20257}","  685 |
  686 |     $rows = wrapper.findAll('tbody > tr').wrappers
> 687 |     expect($rows.length).toBe(3)
      |    ^ Duplicate Assert
  688 |     // Map the rows to the first column text value
  689 |     columnA = $rows.map(row => {
  690 |       return row"
/home/gabriel/Disk/Research/research-javascript-test-smells/repositories/bootstrap-vue-dev/src/components/table/table-sorting.spec.js,Duplicate Assert,"{'line': 695, 'column': 4, 'index': 20452}","  693 |         .text()
  694 |     })
> 695 |     expect(columnA[0]).toBe('3')
      |    ^ Duplicate Assert
  696 |     expect(columnA[1]).toBe('2')
  697 |     expect(columnA[2]).toBe('1')
  698 |"
/home/gabriel/Disk/Research/research-javascript-test-smells/repositories/bootstrap-vue-dev/src/components/table/table-sorting.spec.js,Duplicate Assert,"{'line': 695, 'column': 4, 'index': 20452}","  693 |         .text()
  694 |     })
> 695 |     expect(columnA[0]).toBe('3')
      |    ^ Duplicate Assert
  696 |     expect(columnA[1]).toBe('2')
  697 |     expect(columnA[2]).toBe('1')
  698 |"
/home/gabriel/Disk/Research/research-javascript-test-smells/repositories/bootstrap-vue-dev/src/components/table/table-sorting.spec.js,Duplicate Assert,"{'line': 696, 'column': 4, 'index': 20485}","  694 |     })
  695 |     expect(columnA[0]).toBe('3')
> 696 |     expect(columnA[1]).toBe('2')
      |    ^ Duplicate Assert
  697 |     expect(columnA[2]).toBe('1')
  698 |
  699 |     $ths = wrapper.findAll('thead > tr > th')"
/home/gabriel/Disk/Research/research-javascript-test-smells/repositories/bootstrap-vue-dev/src/components/table/table-sorting.spec.js,Duplicate Assert,"{'line': 697, 'column': 4, 'index': 20518}","  695 |     expect(columnA[0]).toBe('3')
  696 |     expect(columnA[1]).toBe('2')
> 697 |     expect(columnA[2]).toBe('1')
      |    ^ Duplicate Assert
  698 |
  699 |     $ths = wrapper.findAll('thead > tr > th')
  700 |"
/home/gabriel/Disk/Research/research-javascript-test-smells/repositories/bootstrap-vue-dev/src/components/table/table-sorting.spec.js,Duplicate Assert,"{'line': 702, 'column': 4, 'index': 20637}","  700 |
  701 |     // Currently sorted as descending
> 702 |     expect($ths.at(0).attributes('aria-sort')).toBe('descending')
      |    ^ Duplicate Assert
  703 |     // For switching to ascending
  704 |     expect(
  705 |       $ths"
/home/gabriel/Disk/Research/research-javascript-test-smells/repositories/bootstrap-vue-dev/src/components/table/table-sorting.spec.js,Duplicate Assert,"{'line': 704, 'column': 4, 'index': 20737}","  702 |     expect($ths.at(0).attributes('aria-sort')).toBe('descending')
  703 |     // For switching to ascending
> 704 |     expect(
      |    ^ Duplicate Assert
  705 |       $ths
  706 |         .at(0)
  707 |         .find('.sr-only')"
/home/gabriel/Disk/Research/research-javascript-test-smells/repositories/bootstrap-vue-dev/src/components/table/table-sorting.spec.js,Duplicate Assert,"{'line': 712, 'column': 4, 'index': 20892}","  710 |
  711 |     // Not sorted by this column
> 712 |     expect($ths.at(1).attributes('aria-sort')).toBe('none')
      |    ^ Duplicate Assert
  713 |     // For sorting by ascending
  714 |     expect(
  715 |       $ths"
/home/gabriel/Disk/Research/research-javascript-test-smells/repositories/bootstrap-vue-dev/src/components/table/table-sorting.spec.js,Duplicate Assert,"{'line': 712, 'column': 4, 'index': 20892}","  710 |
  711 |     // Not sorted by this column
> 712 |     expect($ths.at(1).attributes('aria-sort')).toBe('none')
      |    ^ Duplicate Assert
  713 |     // For sorting by ascending
  714 |     expect(
  715 |       $ths"
/home/gabriel/Disk/Research/research-javascript-test-smells/repositories/bootstrap-vue-dev/src/components/table/table-sorting.spec.js,Duplicate Assert,"{'line': 714, 'column': 4, 'index': 20984}","  712 |     expect($ths.at(1).attributes('aria-sort')).toBe('none')
  713 |     // For sorting by ascending
> 714 |     expect(
      |    ^ Duplicate Assert
  715 |       $ths
  716 |         .at(1)
  717 |         .find('.sr-only')"
/home/gabriel/Disk/Research/research-javascript-test-smells/repositories/bootstrap-vue-dev/src/components/table/table-sorting.spec.js,Duplicate Assert,"{'line': 714, 'column': 4, 'index': 20984}","  712 |     expect($ths.at(1).attributes('aria-sort')).toBe('none')
  713 |     // For sorting by ascending
> 714 |     expect(
      |    ^ Duplicate Assert
  715 |       $ths
  716 |         .at(1)
  717 |         .find('.sr-only')"
/home/gabriel/Disk/Research/research-javascript-test-smells/repositories/bootstrap-vue-dev/src/components/table/table-sorting.spec.js,Duplicate Assert,"{'line': 722, 'column': 4, 'index': 21136}","  720 |
  721 |     // Not a sortable column
> 722 |     expect($ths.at(2).attributes('aria-sort')).toBeUndefined()
      |    ^ Duplicate Assert
  723 |     // For clearing sorting
  724 |     expect(
  725 |       $ths"
/home/gabriel/Disk/Research/research-javascript-test-smells/repositories/bootstrap-vue-dev/src/components/table/table-sorting.spec.js,Duplicate Assert,"{'line': 722, 'column': 4, 'index': 21136}","  720 |
  721 |     // Not a sortable column
> 722 |     expect($ths.at(2).attributes('aria-sort')).toBeUndefined()
      |    ^ Duplicate Assert
  723 |     // For clearing sorting
  724 |     expect(
  725 |       $ths"
/home/gabriel/Disk/Research/research-javascript-test-smells/repositories/bootstrap-vue-dev/src/components/table/table-sorting.spec.js,Duplicate Assert,"{'line': 751, 'column': 4, 'index': 21918}","  749 |     // Should not be sorted
  750 |     expect(wrapper.emitted('input')).toBeDefined()
> 751 |     expect(wrapper.emitted('sort-changed')).toBeUndefined()
      |    ^ Duplicate Assert
  752 |     let $rows = wrapper.findAll('tbody > tr').wrappers
  753 |     expect($rows.length).toBe(3)
  754 |     // Map the rows to the first column text value"
/home/gabriel/Disk/Research/research-javascript-test-smells/repositories/bootstrap-vue-dev/src/components/table/table-sorting.spec.js,Duplicate Assert,"{'line': 753, 'column': 4, 'index': 22033}","  751 |     expect(wrapper.emitted('sort-changed')).toBeUndefined()
  752 |     let $rows = wrapper.findAll('tbody > tr').wrappers
> 753 |     expect($rows.length).toBe(3)
      |    ^ Duplicate Assert
  754 |     // Map the rows to the first column text value
  755 |     let columnA = $rows.map(row => {
  756 |       return row"
/home/gabriel/Disk/Research/research-javascript-test-smells/repositories/bootstrap-vue-dev/src/components/table/table-sorting.spec.js,Duplicate Assert,"{'line': 753, 'column': 4, 'index': 22033}","  751 |     expect(wrapper.emitted('sort-changed')).toBeUndefined()
  752 |     let $rows = wrapper.findAll('tbody > tr').wrappers
> 753 |     expect($rows.length).toBe(3)
      |    ^ Duplicate Assert
  754 |     // Map the rows to the first column text value
  755 |     let columnA = $rows.map(row => {
  756 |       return row"
/home/gabriel/Disk/Research/research-javascript-test-smells/repositories/bootstrap-vue-dev/src/components/table/table-sorting.spec.js,Duplicate Assert,"{'line': 761, 'column': 4, 'index': 22232}","  759 |         .text()
  760 |     })
> 761 |     expect(columnA[0]).toBe('3')
      |    ^ Duplicate Assert
  762 |     expect(columnA[1]).toBe('1')
  763 |     expect(columnA[2]).toBe('2')
  764 |"
/home/gabriel/Disk/Research/research-javascript-test-smells/repositories/bootstrap-vue-dev/src/components/table/table-sorting.spec.js,Duplicate Assert,"{'line': 762, 'column': 4, 'index': 22265}","  760 |     })
  761 |     expect(columnA[0]).toBe('3')
> 762 |     expect(columnA[1]).toBe('1')
      |    ^ Duplicate Assert
  763 |     expect(columnA[2]).toBe('2')
  764 |
  765 |     // Click first column to sort"
/home/gabriel/Disk/Research/research-javascript-test-smells/repositories/bootstrap-vue-dev/src/components/table/table-sorting.spec.js,Duplicate Assert,"{'line': 763, 'column': 4, 'index': 22298}","  761 |     expect(columnA[0]).toBe('3')
  762 |     expect(columnA[1]).toBe('1')
> 763 |     expect(columnA[2]).toBe('2')
      |    ^ Duplicate Assert
  764 |
  765 |     // Click first column to sort
  766 |     await wrapper"
/home/gabriel/Disk/Research/research-javascript-test-smells/repositories/bootstrap-vue-dev/src/components/table/table-sorting.spec.js,Duplicate Assert,"{'line': 770, 'column': 4, 'index': 22455}","  768 |       .at(0)
  769 |       .trigger('click')
> 770 |     expect(wrapper.emitted('sort-changed')).toBeDefined()
      |    ^ Duplicate Assert
  771 |     expect(wrapper.emitted('sort-changed').length).toBe(1)
  772 |     $rows = wrapper.findAll('tbody > tr').wrappers
  773 |     expect($rows.length).toBe(3)"
/home/gabriel/Disk/Research/research-javascript-test-smells/repositories/bootstrap-vue-dev/src/components/table/table-sorting.spec.js,Duplicate Assert,"{'line': 771, 'column': 4, 'index': 22513}","  769 |       .trigger('click')
  770 |     expect(wrapper.emitted('sort-changed')).toBeDefined()
> 771 |     expect(wrapper.emitted('sort-changed').length).toBe(1)
      |    ^ Duplicate Assert
  772 |     $rows = wrapper.findAll('tbody > tr').wrappers
  773 |     expect($rows.length).toBe(3)
  774 |     // Map the rows to the column text value"
/home/gabriel/Disk/Research/research-javascript-test-smells/repositories/bootstrap-vue-dev/src/components/table/table-sorting.spec.js,Duplicate Assert,"{'line': 771, 'column': 4, 'index': 22513}","  769 |       .trigger('click')
  770 |     expect(wrapper.emitted('sort-changed')).toBeDefined()
> 771 |     expect(wrapper.emitted('sort-changed').length).toBe(1)
      |    ^ Duplicate Assert
  772 |     $rows = wrapper.findAll('tbody > tr').wrappers
  773 |     expect($rows.length).toBe(3)
  774 |     // Map the rows to the column text value"
/home/gabriel/Disk/Research/research-javascript-test-smells/repositories/bootstrap-vue-dev/src/components/table/table-sorting.spec.js,Duplicate Assert,"{'line': 773, 'column': 4, 'index': 22623}","  771 |     expect(wrapper.emitted('sort-changed').length).toBe(1)
  772 |     $rows = wrapper.findAll('tbody > tr').wrappers
> 773 |     expect($rows.length).toBe(3)
      |    ^ Duplicate Assert
  774 |     // Map the rows to the column text value
  775 |     columnA = $rows.map(row => {
  776 |       return row"
/home/gabriel/Disk/Research/research-javascript-test-smells/repositories/bootstrap-vue-dev/src/components/table/table-sorting.spec.js,Duplicate Assert,"{'line': 773, 'column': 4, 'index': 22623}","  771 |     expect(wrapper.emitted('sort-changed').length).toBe(1)
  772 |     $rows = wrapper.findAll('tbody > tr').wrappers
> 773 |     expect($rows.length).toBe(3)
      |    ^ Duplicate Assert
  774 |     // Map the rows to the column text value
  775 |     columnA = $rows.map(row => {
  776 |       return row"
/home/gabriel/Disk/Research/research-javascript-test-smells/repositories/bootstrap-vue-dev/src/components/table/table-sorting.spec.js,Duplicate Assert,"{'line': 781, 'column': 4, 'index': 22812}","  779 |         .text()
  780 |     })
> 781 |     expect(columnA[0]).toBe('1')
      |    ^ Duplicate Assert
  782 |     expect(columnA[1]).toBe('2')
  783 |     expect(columnA[2]).toBe('3')
  784 |"
/home/gabriel/Disk/Research/research-javascript-test-smells/repositories/bootstrap-vue-dev/src/components/table/table-sorting.spec.js,Duplicate Assert,"{'line': 781, 'column': 4, 'index': 22812}","  779 |         .text()
  780 |     })
> 781 |     expect(columnA[0]).toBe('1')
      |    ^ Duplicate Assert
  782 |     expect(columnA[1]).toBe('2')
  783 |     expect(columnA[2]).toBe('3')
  784 |"
/home/gabriel/Disk/Research/research-javascript-test-smells/repositories/bootstrap-vue-dev/src/components/table/table-sorting.spec.js,Duplicate Assert,"{'line': 782, 'column': 4, 'index': 22845}","  780 |     })
  781 |     expect(columnA[0]).toBe('1')
> 782 |     expect(columnA[1]).toBe('2')
      |    ^ Duplicate Assert
  783 |     expect(columnA[2]).toBe('3')
  784 |
  785 |     // Click third column header (should not clear sorting)"
/home/gabriel/Disk/Research/research-javascript-test-smells/repositories/bootstrap-vue-dev/src/components/table/table-sorting.spec.js,Duplicate Assert,"{'line': 782, 'column': 4, 'index': 22845}","  780 |     })
  781 |     expect(columnA[0]).toBe('1')
> 782 |     expect(columnA[1]).toBe('2')
      |    ^ Duplicate Assert
  783 |     expect(columnA[2]).toBe('3')
  784 |
  785 |     // Click third column header (should not clear sorting)"
/home/gabriel/Disk/Research/research-javascript-test-smells/repositories/bootstrap-vue-dev/src/components/table/table-sorting.spec.js,Duplicate Assert,"{'line': 783, 'column': 4, 'index': 22878}","  781 |     expect(columnA[0]).toBe('1')
  782 |     expect(columnA[1]).toBe('2')
> 783 |     expect(columnA[2]).toBe('3')
      |    ^ Duplicate Assert
  784 |
  785 |     // Click third column header (should not clear sorting)
  786 |     await wrapper"
/home/gabriel/Disk/Research/research-javascript-test-smells/repositories/bootstrap-vue-dev/src/components/table/table-sorting.spec.js,Duplicate Assert,"{'line': 783, 'column': 4, 'index': 22878}","  781 |     expect(columnA[0]).toBe('1')
  782 |     expect(columnA[1]).toBe('2')
> 783 |     expect(columnA[2]).toBe('3')
      |    ^ Duplicate Assert
  784 |
  785 |     // Click third column header (should not clear sorting)
  786 |     await wrapper"
/home/gabriel/Disk/Research/research-javascript-test-smells/repositories/bootstrap-vue-dev/src/components/table/table-sorting.spec.js,Duplicate Assert,"{'line': 790, 'column': 4, 'index': 23061}","  788 |       .at(2)
  789 |       .trigger('click')
> 790 |     expect(wrapper.emitted('sort-changed').length).toBe(1)
      |    ^ Duplicate Assert
  791 |     $rows = wrapper.findAll('tbody > tr').wrappers
  792 |     expect($rows.length).toBe(3)
  793 |     // Map the rows to the column text value"
/home/gabriel/Disk/Research/research-javascript-test-smells/repositories/bootstrap-vue-dev/src/components/table/table-sorting.spec.js,Duplicate Assert,"{'line': 790, 'column': 4, 'index': 23061}","  788 |       .at(2)
  789 |       .trigger('click')
> 790 |     expect(wrapper.emitted('sort-changed').length).toBe(1)
      |    ^ Duplicate Assert
  791 |     $rows = wrapper.findAll('tbody > tr').wrappers
  792 |     expect($rows.length).toBe(3)
  793 |     // Map the rows to the column text value"
/home/gabriel/Disk/Research/research-javascript-test-smells/repositories/bootstrap-vue-dev/src/components/table/table-sorting.spec.js,Duplicate Assert,"{'line': 792, 'column': 4, 'index': 23171}","  790 |     expect(wrapper.emitted('sort-changed').length).toBe(1)
  791 |     $rows = wrapper.findAll('tbody > tr').wrappers
> 792 |     expect($rows.length).toBe(3)
      |    ^ Duplicate Assert
  793 |     // Map the rows to the column text value
  794 |     columnA = $rows.map(row => {
  795 |       return row"
/home/gabriel/Disk/Research/research-javascript-test-smells/repositories/bootstrap-vue-dev/src/components/table/table-sorting.spec.js,Duplicate Assert,"{'line': 792, 'column': 4, 'index': 23171}","  790 |     expect(wrapper.emitted('sort-changed').length).toBe(1)
  791 |     $rows = wrapper.findAll('tbody > tr').wrappers
> 792 |     expect($rows.length).toBe(3)
      |    ^ Duplicate Assert
  793 |     // Map the rows to the column text value
  794 |     columnA = $rows.map(row => {
  795 |       return row"
/home/gabriel/Disk/Research/research-javascript-test-smells/repositories/bootstrap-vue-dev/src/components/table/table-sorting.spec.js,Duplicate Assert,"{'line': 800, 'column': 4, 'index': 23360}","  798 |         .text()
  799 |     })
> 800 |     expect(columnA[0]).toBe('1')
      |    ^ Duplicate Assert
  801 |     expect(columnA[1]).toBe('2')
  802 |     expect(columnA[2]).toBe('3')
  803 |"
/home/gabriel/Disk/Research/research-javascript-test-smells/repositories/bootstrap-vue-dev/src/components/table/table-sorting.spec.js,Duplicate Assert,"{'line': 800, 'column': 4, 'index': 23360}","  798 |         .text()
  799 |     })
> 800 |     expect(columnA[0]).toBe('1')
      |    ^ Duplicate Assert
  801 |     expect(columnA[1]).toBe('2')
  802 |     expect(columnA[2]).toBe('3')
  803 |"
/home/gabriel/Disk/Research/research-javascript-test-smells/repositories/bootstrap-vue-dev/src/components/table/table-sorting.spec.js,Duplicate Assert,"{'line': 801, 'column': 4, 'index': 23393}","  799 |     })
  800 |     expect(columnA[0]).toBe('1')
> 801 |     expect(columnA[1]).toBe('2')
      |    ^ Duplicate Assert
  802 |     expect(columnA[2]).toBe('3')
  803 |
  804 |     wrapper.destroy()"
/home/gabriel/Disk/Research/research-javascript-test-smells/repositories/bootstrap-vue-dev/src/components/table/table-sorting.spec.js,Duplicate Assert,"{'line': 801, 'column': 4, 'index': 23393}","  799 |     })
  800 |     expect(columnA[0]).toBe('1')
> 801 |     expect(columnA[1]).toBe('2')
      |    ^ Duplicate Assert
  802 |     expect(columnA[2]).toBe('3')
  803 |
  804 |     wrapper.destroy()"
/home/gabriel/Disk/Research/research-javascript-test-smells/repositories/bootstrap-vue-dev/src/components/table/table-sorting.spec.js,Duplicate Assert,"{'line': 802, 'column': 4, 'index': 23426}","  800 |     expect(columnA[0]).toBe('1')
  801 |     expect(columnA[1]).toBe('2')
> 802 |     expect(columnA[2]).toBe('3')
      |    ^ Duplicate Assert
  803 |
  804 |     wrapper.destroy()
  805 |   })"
/home/gabriel/Disk/Research/research-javascript-test-smells/repositories/bootstrap-vue-dev/src/components/table/table-sorting.spec.js,Duplicate Assert,"{'line': 802, 'column': 4, 'index': 23426}","  800 |     expect(columnA[0]).toBe('1')
  801 |     expect(columnA[1]).toBe('2')
> 802 |     expect(columnA[2]).toBe('3')
      |    ^ Duplicate Assert
  803 |
  804 |     wrapper.destroy()
  805 |   })"
/home/gabriel/Disk/Research/research-javascript-test-smells/repositories/bootstrap-vue-dev/src/components/table/table-sorting.spec.js,Duplicate Assert,"{'line': 831, 'column': 4, 'index': 24063}","  829 |
  830 |     let $trs = wrapper.findAll('tbody > tr')
> 831 |     expect($trs.length).toBe(2)
      |    ^ Duplicate Assert
  832 |
  833 |     // First Row - unsorted
  834 |     let $tds = $trs.at(0).findAll('td')"
/home/gabriel/Disk/Research/research-javascript-test-smells/repositories/bootstrap-vue-dev/src/components/table/table-sorting.spec.js,Duplicate Assert,"{'line': 831, 'column': 4, 'index': 24063}","  829 |
  830 |     let $trs = wrapper.findAll('tbody > tr')
> 831 |     expect($trs.length).toBe(2)
      |    ^ Duplicate Assert
  832 |
  833 |     // First Row - unsorted
  834 |     let $tds = $trs.at(0).findAll('td')"
/home/gabriel/Disk/Research/research-javascript-test-smells/repositories/bootstrap-vue-dev/src/components/table/table-sorting.spec.js,Duplicate Assert,"{'line': 835, 'column': 4, 'index': 24164}","  833 |     // First Row - unsorted
  834 |     let $tds = $trs.at(0).findAll('td')
> 835 |     expect($tds.length).toBe(3)
      |    ^ Duplicate Assert
  836 |     expect($tds.at(0).text()).toBe('5')
  837 |     expect($tds.at(1).text()).toBe('2')
  838 |     expect($tds.at(2).text()).toBe('3') // 5 - 2"
/home/gabriel/Disk/Research/research-javascript-test-smells/repositories/bootstrap-vue-dev/src/components/table/table-sorting.spec.js,Duplicate Assert,"{'line': 835, 'column': 4, 'index': 24164}","  833 |     // First Row - unsorted
  834 |     let $tds = $trs.at(0).findAll('td')
> 835 |     expect($tds.length).toBe(3)
      |    ^ Duplicate Assert
  836 |     expect($tds.at(0).text()).toBe('5')
  837 |     expect($tds.at(1).text()).toBe('2')
  838 |     expect($tds.at(2).text()).toBe('3') // 5 - 2"
/home/gabriel/Disk/Research/research-javascript-test-smells/repositories/bootstrap-vue-dev/src/components/table/table-sorting.spec.js,Duplicate Assert,"{'line': 836, 'column': 4, 'index': 24196}","  834 |     let $tds = $trs.at(0).findAll('td')
  835 |     expect($tds.length).toBe(3)
> 836 |     expect($tds.at(0).text()).toBe('5')
      |    ^ Duplicate Assert
  837 |     expect($tds.at(1).text()).toBe('2')
  838 |     expect($tds.at(2).text()).toBe('3') // 5 - 2
  839 |"
/home/gabriel/Disk/Research/research-javascript-test-smells/repositories/bootstrap-vue-dev/src/components/table/table-sorting.spec.js,Duplicate Assert,"{'line': 837, 'column': 4, 'index': 24236}","  835 |     expect($tds.length).toBe(3)
  836 |     expect($tds.at(0).text()).toBe('5')
> 837 |     expect($tds.at(1).text()).toBe('2')
      |    ^ Duplicate Assert
  838 |     expect($tds.at(2).text()).toBe('3') // 5 - 2
  839 |
  840 |     await wrapper.setProps({"
/home/gabriel/Disk/Research/research-javascript-test-smells/repositories/bootstrap-vue-dev/src/components/table/table-sorting.spec.js,Duplicate Assert,"{'line': 838, 'column': 4, 'index': 24276}","  836 |     expect($tds.at(0).text()).toBe('5')
  837 |     expect($tds.at(1).text()).toBe('2')
> 838 |     expect($tds.at(2).text()).toBe('3') // 5 - 2
      |    ^ Duplicate Assert
  839 |
  840 |     await wrapper.setProps({
  841 |       sortBy: 'c',"
/home/gabriel/Disk/Research/research-javascript-test-smells/repositories/bootstrap-vue-dev/src/components/table/table-sorting.spec.js,Duplicate Assert,"{'line': 847, 'column': 4, 'index': 24472}","  845 |     // Grab the sorted TRs
  846 |     $trs = wrapper.findAll('tbody > tr')
> 847 |     expect($trs.length).toBe(2)
      |    ^ Duplicate Assert
  848 |
  849 |     // First Row - sorted (smallest first)
  850 |     $tds = $trs.at(0).findAll('td')"
/home/gabriel/Disk/Research/research-javascript-test-smells/repositories/bootstrap-vue-dev/src/components/table/table-sorting.spec.js,Duplicate Assert,"{'line': 847, 'column': 4, 'index': 24472}","  845 |     // Grab the sorted TRs
  846 |     $trs = wrapper.findAll('tbody > tr')
> 847 |     expect($trs.length).toBe(2)
      |    ^ Duplicate Assert
  848 |
  849 |     // First Row - sorted (smallest first)
  850 |     $tds = $trs.at(0).findAll('td')"
/home/gabriel/Disk/Research/research-javascript-test-smells/repositories/bootstrap-vue-dev/src/components/table/table-sorting.spec.js,Duplicate Assert,"{'line': 851, 'column': 4, 'index': 24584}","  849 |     // First Row - sorted (smallest first)
  850 |     $tds = $trs.at(0).findAll('td')
> 851 |     expect($tds.length).toBe(3)
      |    ^ Duplicate Assert
  852 |     expect($tds.at(0).text()).toBe('10')
  853 |     expect($tds.at(1).text()).toBe('9')
  854 |     expect($tds.at(2).text()).toBe('1') // 10 - 9"
/home/gabriel/Disk/Research/research-javascript-test-smells/repositories/bootstrap-vue-dev/src/components/table/table-sorting.spec.js,Duplicate Assert,"{'line': 851, 'column': 4, 'index': 24584}","  849 |     // First Row - sorted (smallest first)
  850 |     $tds = $trs.at(0).findAll('td')
> 851 |     expect($tds.length).toBe(3)
      |    ^ Duplicate Assert
  852 |     expect($tds.at(0).text()).toBe('10')
  853 |     expect($tds.at(1).text()).toBe('9')
  854 |     expect($tds.at(2).text()).toBe('1') // 10 - 9"
/home/gabriel/Disk/Research/research-javascript-test-smells/repositories/bootstrap-vue-dev/src/components/table/table-sorting.spec.js,Duplicate Assert,"{'line': 852, 'column': 4, 'index': 24616}","  850 |     $tds = $trs.at(0).findAll('td')
  851 |     expect($tds.length).toBe(3)
> 852 |     expect($tds.at(0).text()).toBe('10')
      |    ^ Duplicate Assert
  853 |     expect($tds.at(1).text()).toBe('9')
  854 |     expect($tds.at(2).text()).toBe('1') // 10 - 9
  855 |"
/home/gabriel/Disk/Research/research-javascript-test-smells/repositories/bootstrap-vue-dev/src/components/table/table-sorting.spec.js,Duplicate Assert,"{'line': 853, 'column': 4, 'index': 24657}","  851 |     expect($tds.length).toBe(3)
  852 |     expect($tds.at(0).text()).toBe('10')
> 853 |     expect($tds.at(1).text()).toBe('9')
      |    ^ Duplicate Assert
  854 |     expect($tds.at(2).text()).toBe('1') // 10 - 9
  855 |
  856 |     wrapper.destroy()"
/home/gabriel/Disk/Research/research-javascript-test-smells/repositories/bootstrap-vue-dev/src/components/table/table-sorting.spec.js,Duplicate Assert,"{'line': 854, 'column': 4, 'index': 24697}","  852 |     expect($tds.at(0).text()).toBe('10')
  853 |     expect($tds.at(1).text()).toBe('9')
> 854 |     expect($tds.at(2).text()).toBe('1') // 10 - 9
      |    ^ Duplicate Assert
  855 |
  856 |     wrapper.destroy()
  857 |   })"
/home/gabriel/Disk/Research/research-javascript-test-smells/repositories/bootstrap-vue-dev/src/components/table/table-sorting.spec.js,Magic Number,"{'line': 26, 'column': 54, 'index': 835}","  24 |     expect(wrapper).toBeDefined()
  25 |     expect(wrapper.findAll('tbody > tr').exists()).toBe(true)
> 26 |     expect(wrapper.findAll('tbody > tr').length).toBe(3)
     |                                                      ^ Magic Number
  27 |
  28 |     expect(wrapper.emitted('input')).toBeDefined()
  29 |     expect(wrapper.emitted('input').length).toBe(1)"
/home/gabriel/Disk/Research/research-javascript-test-smells/repositories/bootstrap-vue-dev/src/components/table/table-sorting.spec.js,Magic Number,"{'line': 29, 'column': 49, 'index': 939}","  27 |
  28 |     expect(wrapper.emitted('input')).toBeDefined()
> 29 |     expect(wrapper.emitted('input').length).toBe(1)
     |                                                 ^ Magic Number
  30 |     expect(wrapper.emitted('input')[0][0]).toEqual(testItems)
  31 |     const $rows = wrapper.findAll('tbody > tr').wrappers
  32 |     expect($rows.length).toBe(3)"
/home/gabriel/Disk/Research/research-javascript-test-smells/repositories/bootstrap-vue-dev/src/components/table/table-sorting.spec.js,Magic Number,"{'line': 32, 'column': 30, 'index': 1091}","  30 |     expect(wrapper.emitted('input')[0][0]).toEqual(testItems)
  31 |     const $rows = wrapper.findAll('tbody > tr').wrappers
> 32 |     expect($rows.length).toBe(3)
     |                              ^ Magic Number
  33 |     // Map the rows to the first column text value
  34 |     const columnA = $rows.map(row => {
  35 |       return row"
/home/gabriel/Disk/Research/research-javascript-test-smells/repositories/bootstrap-vue-dev/src/components/table/table-sorting.spec.js,Magic Number,"{'line': 62, 'column': 56, 'index': 1885}","  60 |       .at(3)
  61 |       .trigger('keydown.enter')
> 62 |     expect(wrapper.emitted('sort-changed').length).toBe(1)
     |                                                        ^ Magic Number
  63 |     expect(wrapper.emitted('sort-changed')[0][0].sortBy).toEqual('non-local')
  64 |   })
  65 |"
/home/gabriel/Disk/Research/research-javascript-test-smells/repositories/bootstrap-vue-dev/src/components/table/table-sorting.spec.js,Magic Number,"{'line': 79, 'column': 56, 'index': 2487}","  77 |
  78 |     await $header.trigger('keydown.enter')
> 79 |     expect(wrapper.emitted('sort-changed').length).toBe(1)
     |                                                        ^ Magic Number
  80 |     expect(wrapper.emitted('sort-changed')[0][0].sortBy).toEqual('non-local')
  81 |
  82 |     expect($header.attributes('aria-sort')).toBe('ascending')"
/home/gabriel/Disk/Research/research-javascript-test-smells/repositories/bootstrap-vue-dev/src/components/table/table-sorting.spec.js,Magic Number,"{'line': 99, 'column': 54, 'index': 3100}","   97 |     expect(wrapper).toBeDefined()
   98 |     expect(wrapper.findAll('tbody > tr').exists()).toBe(true)
>  99 |     expect(wrapper.findAll('tbody > tr').length).toBe(3)
      |                                                      ^ Magic Number
  100 |
  101 |     expect(wrapper.emitted('input')).toBeDefined()
  102 |     expect(wrapper.emitted('input').length).toBe(1)"
/home/gabriel/Disk/Research/research-javascript-test-smells/repositories/bootstrap-vue-dev/src/components/table/table-sorting.spec.js,Magic Number,"{'line': 102, 'column': 49, 'index': 3204}","  100 |
  101 |     expect(wrapper.emitted('input')).toBeDefined()
> 102 |     expect(wrapper.emitted('input').length).toBe(1)
      |                                                 ^ Magic Number
  103 |     let $rows = wrapper.findAll('tbody > tr').wrappers
  104 |     expect($rows.length).toBe(3)
  105 |     // Map the rows to the first column text value"
/home/gabriel/Disk/Research/research-javascript-test-smells/repositories/bootstrap-vue-dev/src/components/table/table-sorting.spec.js,Magic Number,"{'line': 104, 'column': 30, 'index': 3292}","  102 |     expect(wrapper.emitted('input').length).toBe(1)
  103 |     let $rows = wrapper.findAll('tbody > tr').wrappers
> 104 |     expect($rows.length).toBe(3)
      |                              ^ Magic Number
  105 |     // Map the rows to the first column text value
  106 |     let columnA = $rows.map(row => {
  107 |       return row"
/home/gabriel/Disk/Research/research-javascript-test-smells/repositories/bootstrap-vue-dev/src/components/table/table-sorting.spec.js,Magic Number,"{'line': 153, 'column': 49, 'index': 4662}","  151 |     // Change sort direction
  152 |     await wrapper.setProps({ sortDesc: true })
> 153 |     expect(wrapper.emitted('input').length).toBe(2)
      |                                                 ^ Magic Number
  154 |     $rows = wrapper.findAll('tbody > tr').wrappers
  155 |     expect($rows.length).toBe(3)
  156 |     // Map the rows to the first column text value"
/home/gabriel/Disk/Research/research-javascript-test-smells/repositories/bootstrap-vue-dev/src/components/table/table-sorting.spec.js,Magic Number,"{'line': 155, 'column': 30, 'index': 4746}","  153 |     expect(wrapper.emitted('input').length).toBe(2)
  154 |     $rows = wrapper.findAll('tbody > tr').wrappers
> 155 |     expect($rows.length).toBe(3)
      |                              ^ Magic Number
  156 |     // Map the rows to the first column text value
  157 |     columnA = $rows.map(row => {
  158 |       return row"
/home/gabriel/Disk/Research/research-javascript-test-smells/repositories/bootstrap-vue-dev/src/components/table/table-sorting.spec.js,Magic Number,"{'line': 211, 'column': 30, 'index': 6187}","  209 |     ])
  210 |     $rows = wrapper.findAll('tbody > tr').wrappers
> 211 |     expect($rows.length).toBe(3)
      |                              ^ Magic Number
  212 |     // Map the rows to the first column text value
  213 |     columnA = $rows.map(row => {
  214 |       return row"
/home/gabriel/Disk/Research/research-javascript-test-smells/repositories/bootstrap-vue-dev/src/components/table/table-sorting.spec.js,Magic Number,"{'line': 276, 'column': 54, 'index': 7826}","  274 |     expect(wrapper).toBeDefined()
  275 |     expect(wrapper.findAll('tbody > tr').exists()).toBe(true)
> 276 |     expect(wrapper.findAll('tbody > tr').length).toBe(3)
      |                                                      ^ Magic Number
  277 |
  278 |     expect(wrapper.emitted('input')).toBeDefined()
  279 |     expect(wrapper.emitted('input').length).toBe(1)"
/home/gabriel/Disk/Research/research-javascript-test-smells/repositories/bootstrap-vue-dev/src/components/table/table-sorting.spec.js,Magic Number,"{'line': 279, 'column': 49, 'index': 7930}","  277 |
  278 |     expect(wrapper.emitted('input')).toBeDefined()
> 279 |     expect(wrapper.emitted('input').length).toBe(1)
      |                                                 ^ Magic Number
  280 |     const $rows = wrapper.findAll('tbody > tr').wrappers
  281 |     expect($rows.length).toBe(3)
  282 |     // Map the rows to the first column text value"
/home/gabriel/Disk/Research/research-javascript-test-smells/repositories/bootstrap-vue-dev/src/components/table/table-sorting.spec.js,Magic Number,"{'line': 281, 'column': 30, 'index': 8020}","  279 |     expect(wrapper.emitted('input').length).toBe(1)
  280 |     const $rows = wrapper.findAll('tbody > tr').wrappers
> 281 |     expect($rows.length).toBe(3)
      |                              ^ Magic Number
  282 |     // Map the rows to the first column text value
  283 |     const columnA = $rows.map(row => {
  284 |       return row"
/home/gabriel/Disk/Research/research-javascript-test-smells/repositories/bootstrap-vue-dev/src/components/table/table-sorting.spec.js,Magic Number,"{'line': 308, 'column': 54, 'index': 8687}","  306 |     expect(wrapper).toBeDefined()
  307 |     expect(wrapper.findAll('tbody > tr').exists()).toBe(true)
> 308 |     expect(wrapper.findAll('tbody > tr').length).toBe(3)
      |                                                      ^ Magic Number
  309 |
  310 |     // Should not be sorted
  311 |     expect(wrapper.emitted('input')).toBeDefined()"
/home/gabriel/Disk/Research/research-javascript-test-smells/repositories/bootstrap-vue-dev/src/components/table/table-sorting.spec.js,Magic Number,"{'line': 314, 'column': 30, 'index': 8915}","  312 |     expect(wrapper.emitted('sort-changed')).toBeUndefined()
  313 |     let $rows = wrapper.findAll('tbody > tr').wrappers
> 314 |     expect($rows.length).toBe(3)
      |                              ^ Magic Number
  315 |     // Map the rows to the first column text value
  316 |     let columnA = $rows.map(row => {
  317 |       return row"
/home/gabriel/Disk/Research/research-javascript-test-smells/repositories/bootstrap-vue-dev/src/components/table/table-sorting.spec.js,Magic Number,"{'line': 332, 'column': 56, 'index': 9415}","  330 |       .trigger('click')
  331 |     expect(wrapper.emitted('sort-changed')).toBeDefined()
> 332 |     expect(wrapper.emitted('sort-changed').length).toBe(1)
      |                                                        ^ Magic Number
  333 |     expect(wrapper.emitted('sort-changed')[0][0]).toEqual(wrapper.vm.context)
  334 |     $rows = wrapper.findAll('tbody > tr').wrappers
  335 |     expect($rows.length).toBe(3)"
/home/gabriel/Disk/Research/research-javascript-test-smells/repositories/bootstrap-vue-dev/src/components/table/table-sorting.spec.js,Magic Number,"{'line': 335, 'column': 30, 'index': 9577}","  333 |     expect(wrapper.emitted('sort-changed')[0][0]).toEqual(wrapper.vm.context)
  334 |     $rows = wrapper.findAll('tbody > tr').wrappers
> 335 |     expect($rows.length).toBe(3)
      |                              ^ Magic Number
  336 |     // Map the rows to the column text value
  337 |     columnA = $rows.map(row => {
  338 |       return row"
/home/gabriel/Disk/Research/research-javascript-test-smells/repositories/bootstrap-vue-dev/src/components/table/table-sorting.spec.js,Magic Number,"{'line': 352, 'column': 56, 'index': 10036}","  350 |       .at(0)
  351 |       .trigger('click')
> 352 |     expect(wrapper.emitted('sort-changed').length).toBe(2)
      |                                                        ^ Magic Number
  353 |     expect(wrapper.emitted('sort-changed')[1][0]).toEqual(wrapper.vm.context)
  354 |     $rows = wrapper.findAll('tbody > tr').wrappers
  355 |     expect($rows.length).toBe(3)"
/home/gabriel/Disk/Research/research-javascript-test-smells/repositories/bootstrap-vue-dev/src/components/table/table-sorting.spec.js,Magic Number,"{'line': 355, 'column': 30, 'index': 10198}","  353 |     expect(wrapper.emitted('sort-changed')[1][0]).toEqual(wrapper.vm.context)
  354 |     $rows = wrapper.findAll('tbody > tr').wrappers
> 355 |     expect($rows.length).toBe(3)
      |                              ^ Magic Number
  356 |     // Map the rows to the column text value
  357 |     columnA = $rows.map(row => {
  358 |       return row"
/home/gabriel/Disk/Research/research-javascript-test-smells/repositories/bootstrap-vue-dev/src/components/table/table-sorting.spec.js,Magic Number,"{'line': 372, 'column': 56, 'index': 10683}","  370 |       .at(1)
  371 |       .trigger('keydown.enter')
> 372 |     expect(wrapper.emitted('sort-changed').length).toBe(3)
      |                                                        ^ Magic Number
  373 |     expect(wrapper.emitted('sort-changed')[2][0]).toEqual(wrapper.vm.context)
  374 |     $rows = wrapper.findAll('tbody > tr').wrappers
  375 |     expect($rows.length).toBe(3)"
/home/gabriel/Disk/Research/research-javascript-test-smells/repositories/bootstrap-vue-dev/src/components/table/table-sorting.spec.js,Magic Number,"{'line': 375, 'column': 30, 'index': 10845}","  373 |     expect(wrapper.emitted('sort-changed')[2][0]).toEqual(wrapper.vm.context)
  374 |     $rows = wrapper.findAll('tbody > tr').wrappers
> 375 |     expect($rows.length).toBe(3)
      |                              ^ Magic Number
  376 |     // Map the rows to the column text value
  377 |     const columnB = $rows.map(row => {
  378 |       return row"
/home/gabriel/Disk/Research/research-javascript-test-smells/repositories/bootstrap-vue-dev/src/components/table/table-sorting.spec.js,Magic Number,"{'line': 392, 'column': 56, 'index': 11302}","  390 |       .at(2)
  391 |       .trigger('click')
> 392 |     expect(wrapper.emitted('sort-changed').length).toBe(4)
      |                                                        ^ Magic Number
  393 |     expect(wrapper.emitted('sort-changed')[3][0]).toEqual(wrapper.vm.context)
  394 |     $rows = wrapper.findAll('tbody > tr').wrappers
  395 |     expect($rows.length).toBe(3)"
/home/gabriel/Disk/Research/research-javascript-test-smells/repositories/bootstrap-vue-dev/src/components/table/table-sorting.spec.js,Magic Number,"{'line': 395, 'column': 30, 'index': 11464}","  393 |     expect(wrapper.emitted('sort-changed')[3][0]).toEqual(wrapper.vm.context)
  394 |     $rows = wrapper.findAll('tbody > tr').wrappers
> 395 |     expect($rows.length).toBe(3)
      |                              ^ Magic Number
  396 |     // Map the rows to the column text value
  397 |     columnA = $rows.map(row => {
  398 |       return row"
/home/gabriel/Disk/Research/research-javascript-test-smells/repositories/bootstrap-vue-dev/src/components/table/table-sorting.spec.js,Magic Number,"{'line': 423, 'column': 54, 'index': 12144}","  421 |     expect(wrapper).toBeDefined()
  422 |     expect(wrapper.findAll('tbody > tr').exists()).toBe(true)
> 423 |     expect(wrapper.findAll('tbody > tr').length).toBe(3)
      |                                                      ^ Magic Number
  424 |
  425 |     // Should not be sorted
  426 |     expect(wrapper.emitted('input')).toBeDefined()"
/home/gabriel/Disk/Research/research-javascript-test-smells/repositories/bootstrap-vue-dev/src/components/table/table-sorting.spec.js,Magic Number,"{'line': 429, 'column': 30, 'index': 12372}","  427 |     expect(wrapper.emitted('sort-changed')).toBeUndefined()
  428 |     let $rows = wrapper.findAll('tbody > tr').wrappers
> 429 |     expect($rows.length).toBe(3)
      |                              ^ Magic Number
  430 |     // Map the rows to the first column text value
  431 |     let columnA = $rows.map(row => {
  432 |       return row"
/home/gabriel/Disk/Research/research-javascript-test-smells/repositories/bootstrap-vue-dev/src/components/table/table-sorting.spec.js,Magic Number,"{'line': 441, 'column': 70, 'index': 12743}","  439 |     expect(columnA[2]).toBe('2')
  440 |     // Should have aria-* labels
> 441 |     expect(wrapper.findAll('tfoot > tr > th[aria-sort]').length).toBe(2)
      |                                                                      ^ Magic Number
  442 |     expect(wrapper.findAll('tfoot > tr > th > .sr-only').length).toBe(2)
  443 |
  444 |     // Sort by first column"
/home/gabriel/Disk/Research/research-javascript-test-smells/repositories/bootstrap-vue-dev/src/components/table/table-sorting.spec.js,Magic Number,"{'line': 442, 'column': 70, 'index': 12816}","  440 |     // Should have aria-* labels
  441 |     expect(wrapper.findAll('tfoot > tr > th[aria-sort]').length).toBe(2)
> 442 |     expect(wrapper.findAll('tfoot > tr > th > .sr-only').length).toBe(2)
      |                                                                      ^ Magic Number
  443 |
  444 |     // Sort by first column
  445 |     await wrapper"
/home/gabriel/Disk/Research/research-javascript-test-smells/repositories/bootstrap-vue-dev/src/components/table/table-sorting.spec.js,Magic Number,"{'line': 450, 'column': 56, 'index': 13051}","  448 |       .trigger('click')
  449 |     expect(wrapper.emitted('sort-changed')).toBeDefined()
> 450 |     expect(wrapper.emitted('sort-changed').length).toBe(1)
      |                                                        ^ Magic Number
  451 |     expect(wrapper.emitted('sort-changed')[0][0]).toEqual(wrapper.vm.context)
  452 |     $rows = wrapper.findAll('tbody > tr').wrappers
  453 |     expect($rows.length).toBe(3)"
/home/gabriel/Disk/Research/research-javascript-test-smells/repositories/bootstrap-vue-dev/src/components/table/table-sorting.spec.js,Magic Number,"{'line': 453, 'column': 30, 'index': 13213}","  451 |     expect(wrapper.emitted('sort-changed')[0][0]).toEqual(wrapper.vm.context)
  452 |     $rows = wrapper.findAll('tbody > tr').wrappers
> 453 |     expect($rows.length).toBe(3)
      |                              ^ Magic Number
  454 |     // Map the rows to the column text value
  455 |     columnA = $rows.map(row => {
  456 |       return row"
/home/gabriel/Disk/Research/research-javascript-test-smells/repositories/bootstrap-vue-dev/src/components/table/table-sorting.spec.js,Magic Number,"{'line': 465, 'column': 70, 'index': 13574}","  463 |     expect(columnA[2]).toBe('3')
  464 |     // Should have aria-* labels
> 465 |     expect(wrapper.findAll('tfoot > tr > th[aria-sort]').length).toBe(2)
      |                                                                      ^ Magic Number
  466 |     expect(wrapper.findAll('tfoot > tr > th > .sr-only').length).toBe(3)
  467 |
  468 |     // Click first column header again to reverse sort"
/home/gabriel/Disk/Research/research-javascript-test-smells/repositories/bootstrap-vue-dev/src/components/table/table-sorting.spec.js,Magic Number,"{'line': 466, 'column': 70, 'index': 13647}","  464 |     // Should have aria-* labels
  465 |     expect(wrapper.findAll('tfoot > tr > th[aria-sort]').length).toBe(2)
> 466 |     expect(wrapper.findAll('tfoot > tr > th > .sr-only').length).toBe(3)
      |                                                                      ^ Magic Number
  467 |
  468 |     // Click first column header again to reverse sort
  469 |     await wrapper"
/home/gabriel/Disk/Research/research-javascript-test-smells/repositories/bootstrap-vue-dev/src/components/table/table-sorting.spec.js,Magic Number,"{'line': 473, 'column': 56, 'index': 13851}","  471 |       .at(0)
  472 |       .trigger('click')
> 473 |     expect(wrapper.emitted('sort-changed').length).toBe(2)
      |                                                        ^ Magic Number
  474 |     expect(wrapper.emitted('sort-changed')[1][0]).toEqual(wrapper.vm.context)
  475 |     $rows = wrapper.findAll('tbody > tr').wrappers
  476 |     expect($rows.length).toBe(3)"
/home/gabriel/Disk/Research/research-javascript-test-smells/repositories/bootstrap-vue-dev/src/components/table/table-sorting.spec.js,Magic Number,"{'line': 476, 'column': 30, 'index': 14013}","  474 |     expect(wrapper.emitted('sort-changed')[1][0]).toEqual(wrapper.vm.context)
  475 |     $rows = wrapper.findAll('tbody > tr').wrappers
> 476 |     expect($rows.length).toBe(3)
      |                              ^ Magic Number
  477 |     // Map the rows to the column text value
  478 |     columnA = $rows.map(row => {
  479 |       return row"
/home/gabriel/Disk/Research/research-javascript-test-smells/repositories/bootstrap-vue-dev/src/components/table/table-sorting.spec.js,Magic Number,"{'line': 488, 'column': 70, 'index': 14374}","  486 |     expect(columnA[2]).toBe('1')
  487 |     // Should have aria-* labels
> 488 |     expect(wrapper.findAll('tfoot > tr > th[aria-sort]').length).toBe(2)
      |                                                                      ^ Magic Number
  489 |     expect(wrapper.findAll('tfoot > tr > th > .sr-only').length).toBe(3)
  490 |
  491 |     // Click second column header to sort by it (by using keydown.enter)"
/home/gabriel/Disk/Research/research-javascript-test-smells/repositories/bootstrap-vue-dev/src/components/table/table-sorting.spec.js,Magic Number,"{'line': 489, 'column': 70, 'index': 14447}","  487 |     // Should have aria-* labels
  488 |     expect(wrapper.findAll('tfoot > tr > th[aria-sort]').length).toBe(2)
> 489 |     expect(wrapper.findAll('tfoot > tr > th > .sr-only').length).toBe(3)
      |                                                                      ^ Magic Number
  490 |
  491 |     // Click second column header to sort by it (by using keydown.enter)
  492 |     await wrapper"
/home/gabriel/Disk/Research/research-javascript-test-smells/repositories/bootstrap-vue-dev/src/components/table/table-sorting.spec.js,Magic Number,"{'line': 496, 'column': 56, 'index': 14677}","  494 |       .at(1)
  495 |       .trigger('keydown.enter')
> 496 |     expect(wrapper.emitted('sort-changed').length).toBe(3)
      |                                                        ^ Magic Number
  497 |     expect(wrapper.emitted('sort-changed')[2][0]).toEqual(wrapper.vm.context)
  498 |     $rows = wrapper.findAll('tbody > tr').wrappers
  499 |     expect($rows.length).toBe(3)"
/home/gabriel/Disk/Research/research-javascript-test-smells/repositories/bootstrap-vue-dev/src/components/table/table-sorting.spec.js,Magic Number,"{'line': 499, 'column': 30, 'index': 14839}","  497 |     expect(wrapper.emitted('sort-changed')[2][0]).toEqual(wrapper.vm.context)
  498 |     $rows = wrapper.findAll('tbody > tr').wrappers
> 499 |     expect($rows.length).toBe(3)
      |                              ^ Magic Number
  500 |     // Map the rows to the column text value
  501 |     const columnB = $rows.map(row => {
  502 |       return row"
/home/gabriel/Disk/Research/research-javascript-test-smells/repositories/bootstrap-vue-dev/src/components/table/table-sorting.spec.js,Magic Number,"{'line': 516, 'column': 56, 'index': 15296}","  514 |       .at(2)
  515 |       .trigger('click')
> 516 |     expect(wrapper.emitted('sort-changed').length).toBe(4)
      |                                                        ^ Magic Number
  517 |     expect(wrapper.emitted('sort-changed')[3][0]).toEqual(wrapper.vm.context)
  518 |     $rows = wrapper.findAll('tbody > tr').wrappers
  519 |     expect($rows.length).toBe(3)"
/home/gabriel/Disk/Research/research-javascript-test-smells/repositories/bootstrap-vue-dev/src/components/table/table-sorting.spec.js,Magic Number,"{'line': 519, 'column': 30, 'index': 15458}","  517 |     expect(wrapper.emitted('sort-changed')[3][0]).toEqual(wrapper.vm.context)
  518 |     $rows = wrapper.findAll('tbody > tr').wrappers
> 519 |     expect($rows.length).toBe(3)
      |                              ^ Magic Number
  520 |     // Map the rows to the column text value
  521 |     columnA = $rows.map(row => {
  522 |       return row"
/home/gabriel/Disk/Research/research-javascript-test-smells/repositories/bootstrap-vue-dev/src/components/table/table-sorting.spec.js,Magic Number,"{'line': 531, 'column': 70, 'index': 15819}","  529 |     expect(columnA[2]).toBe('2')
  530 |     // Should have aria-* labels
> 531 |     expect(wrapper.findAll('tfoot > tr > th[aria-sort]').length).toBe(2)
      |                                                                      ^ Magic Number
  532 |     expect(wrapper.findAll('tfoot > tr > th > .sr-only').length).toBe(2)
  533 |
  534 |     wrapper.destroy()"
/home/gabriel/Disk/Research/research-javascript-test-smells/repositories/bootstrap-vue-dev/src/components/table/table-sorting.spec.js,Magic Number,"{'line': 532, 'column': 70, 'index': 15892}","  530 |     // Should have aria-* labels
  531 |     expect(wrapper.findAll('tfoot > tr > th[aria-sort]').length).toBe(2)
> 532 |     expect(wrapper.findAll('tfoot > tr > th > .sr-only').length).toBe(2)
      |                                                                      ^ Magic Number
  533 |
  534 |     wrapper.destroy()
  535 |   })"
/home/gabriel/Disk/Research/research-javascript-test-smells/repositories/bootstrap-vue-dev/src/components/table/table-sorting.spec.js,Magic Number,"{'line': 551, 'column': 54, 'index': 16378}","  549 |     expect(wrapper).toBeDefined()
  550 |     expect(wrapper.findAll('tbody > tr').exists()).toBe(true)
> 551 |     expect(wrapper.findAll('tbody > tr').length).toBe(3)
      |                                                      ^ Magic Number
  552 |
  553 |     // Should not be sorted
  554 |     expect(wrapper.emitted('input')).toBeDefined()"
/home/gabriel/Disk/Research/research-javascript-test-smells/repositories/bootstrap-vue-dev/src/components/table/table-sorting.spec.js,Magic Number,"{'line': 557, 'column': 30, 'index': 16606}","  555 |     expect(wrapper.emitted('sort-changed')).toBeUndefined()
  556 |     let $rows = wrapper.findAll('tbody > tr').wrappers
> 557 |     expect($rows.length).toBe(3)
      |                              ^ Magic Number
  558 |     // Map the rows to the first column text value
  559 |     let columnA = $rows.map(row => {
  560 |       return row"
/home/gabriel/Disk/Research/research-javascript-test-smells/repositories/bootstrap-vue-dev/src/components/table/table-sorting.spec.js,Magic Number,"{'line': 569, 'column': 70, 'index': 16980}","  567 |     expect(columnA[2]).toBe('2')
  568 |     // Shouldn't have aria-* labels
> 569 |     expect(wrapper.findAll('tfoot > tr > th[aria-sort]').length).toBe(0)
      |                                                                      ^ Magic Number
  570 |     expect(wrapper.findAll('tfoot > tr > th > .sr-only').length).toBe(0)
  571 |
  572 |     // Click first column"
/home/gabriel/Disk/Research/research-javascript-test-smells/repositories/bootstrap-vue-dev/src/components/table/table-sorting.spec.js,Magic Number,"{'line': 570, 'column': 70, 'index': 17053}","  568 |     // Shouldn't have aria-* labels
  569 |     expect(wrapper.findAll('tfoot > tr > th[aria-sort]').length).toBe(0)
> 570 |     expect(wrapper.findAll('tfoot > tr > th > .sr-only').length).toBe(0)
      |                                                                      ^ Magic Number
  571 |
  572 |     // Click first column
  573 |     await wrapper"
/home/gabriel/Disk/Research/research-javascript-test-smells/repositories/bootstrap-vue-dev/src/components/table/table-sorting.spec.js,Magic Number,"{'line': 579, 'column': 30, 'index': 17313}","  577 |     expect(wrapper.emitted('sort-changed')).toBeUndefined()
  578 |     $rows = wrapper.findAll('tbody > tr').wrappers
> 579 |     expect($rows.length).toBe(3)
      |                              ^ Magic Number
  580 |     // Map the rows to the column text value
  581 |     columnA = $rows.map(row => {
  582 |       return row"
/home/gabriel/Disk/Research/research-javascript-test-smells/repositories/bootstrap-vue-dev/src/components/table/table-sorting.spec.js,Magic Number,"{'line': 591, 'column': 70, 'index': 17677}","  589 |     expect(columnA[2]).toBe('2')
  590 |     // Shouldn't have aria-* labels
> 591 |     expect(wrapper.findAll('tfoot > tr > th[aria-sort]').length).toBe(0)
      |                                                                      ^ Magic Number
  592 |     expect(wrapper.findAll('tfoot > tr > th > .sr-only').length).toBe(0)
  593 |
  594 |     // Click third column header"
/home/gabriel/Disk/Research/research-javascript-test-smells/repositories/bootstrap-vue-dev/src/components/table/table-sorting.spec.js,Magic Number,"{'line': 592, 'column': 70, 'index': 17750}","  590 |     // Shouldn't have aria-* labels
  591 |     expect(wrapper.findAll('tfoot > tr > th[aria-sort]').length).toBe(0)
> 592 |     expect(wrapper.findAll('tfoot > tr > th > .sr-only').length).toBe(0)
      |                                                                      ^ Magic Number
  593 |
  594 |     // Click third column header
  595 |     await wrapper"
/home/gabriel/Disk/Research/research-javascript-test-smells/repositories/bootstrap-vue-dev/src/components/table/table-sorting.spec.js,Magic Number,"{'line': 601, 'column': 30, 'index': 18017}","  599 |     expect(wrapper.emitted('sort-changed')).toBeUndefined()
  600 |     $rows = wrapper.findAll('tbody > tr').wrappers
> 601 |     expect($rows.length).toBe(3)
      |                              ^ Magic Number
  602 |     // Map the rows to the column text value
  603 |     columnA = $rows.map(row => {
  604 |       return row"
/home/gabriel/Disk/Research/research-javascript-test-smells/repositories/bootstrap-vue-dev/src/components/table/table-sorting.spec.js,Magic Number,"{'line': 613, 'column': 70, 'index': 18381}","  611 |     expect(columnA[2]).toBe('2')
  612 |     // Shouldn't have aria-* labels
> 613 |     expect(wrapper.findAll('tfoot > tr > th[aria-sort]').length).toBe(0)
      |                                                                      ^ Magic Number
  614 |     expect(wrapper.findAll('tfoot > tr > th > .sr-only').length).toBe(0)
  615 |
  616 |     wrapper.destroy()"
/home/gabriel/Disk/Research/research-javascript-test-smells/repositories/bootstrap-vue-dev/src/components/table/table-sorting.spec.js,Magic Number,"{'line': 614, 'column': 70, 'index': 18454}","  612 |     // Shouldn't have aria-* labels
  613 |     expect(wrapper.findAll('tfoot > tr > th[aria-sort]').length).toBe(0)
> 614 |     expect(wrapper.findAll('tfoot > tr > th > .sr-only').length).toBe(0)
      |                                                                      ^ Magic Number
  615 |
  616 |     wrapper.destroy()
  617 |   })"
/home/gabriel/Disk/Research/research-javascript-test-smells/repositories/bootstrap-vue-dev/src/components/table/table-sorting.spec.js,Magic Number,"{'line': 633, 'column': 54, 'index': 18930}","  631 |     expect(wrapper).toBeDefined()
  632 |     expect(wrapper.findAll('tbody > tr').exists()).toBe(true)
> 633 |     expect(wrapper.findAll('tbody > tr').length).toBe(3)
      |                                                      ^ Magic Number
  634 |
  635 |     let $rows = wrapper.findAll('tbody > tr').wrappers
  636 |     expect($rows.length).toBe(3)"
/home/gabriel/Disk/Research/research-javascript-test-smells/repositories/bootstrap-vue-dev/src/components/table/table-sorting.spec.js,Magic Number,"{'line': 636, 'column': 30, 'index': 19019}","  634 |
  635 |     let $rows = wrapper.findAll('tbody > tr').wrappers
> 636 |     expect($rows.length).toBe(3)
      |                              ^ Magic Number
  637 |     // Map the rows to the first column text value
  638 |     let columnA = $rows.map(row => {
  639 |       return row"
/home/gabriel/Disk/Research/research-javascript-test-smells/repositories/bootstrap-vue-dev/src/components/table/table-sorting.spec.js,Magic Number,"{'line': 687, 'column': 30, 'index': 20283}","  685 |
  686 |     $rows = wrapper.findAll('tbody > tr').wrappers
> 687 |     expect($rows.length).toBe(3)
      |                              ^ Magic Number
  688 |     // Map the rows to the first column text value
  689 |     columnA = $rows.map(row => {
  690 |       return row"
/home/gabriel/Disk/Research/research-javascript-test-smells/repositories/bootstrap-vue-dev/src/components/table/table-sorting.spec.js,Magic Number,"{'line': 747, 'column': 54, 'index': 21831}","  745 |     expect(wrapper).toBeDefined()
  746 |     expect(wrapper.findAll('tbody > tr').exists()).toBe(true)
> 747 |     expect(wrapper.findAll('tbody > tr').length).toBe(3)
      |                                                      ^ Magic Number
  748 |
  749 |     // Should not be sorted
  750 |     expect(wrapper.emitted('input')).toBeDefined()"
/home/gabriel/Disk/Research/research-javascript-test-smells/repositories/bootstrap-vue-dev/src/components/table/table-sorting.spec.js,Magic Number,"{'line': 753, 'column': 30, 'index': 22059}","  751 |     expect(wrapper.emitted('sort-changed')).toBeUndefined()
  752 |     let $rows = wrapper.findAll('tbody > tr').wrappers
> 753 |     expect($rows.length).toBe(3)
      |                              ^ Magic Number
  754 |     // Map the rows to the first column text value
  755 |     let columnA = $rows.map(row => {
  756 |       return row"
/home/gabriel/Disk/Research/research-javascript-test-smells/repositories/bootstrap-vue-dev/src/components/table/table-sorting.spec.js,Magic Number,"{'line': 771, 'column': 56, 'index': 22565}","  769 |       .trigger('click')
  770 |     expect(wrapper.emitted('sort-changed')).toBeDefined()
> 771 |     expect(wrapper.emitted('sort-changed').length).toBe(1)
      |                                                        ^ Magic Number
  772 |     $rows = wrapper.findAll('tbody > tr').wrappers
  773 |     expect($rows.length).toBe(3)
  774 |     // Map the rows to the column text value"
/home/gabriel/Disk/Research/research-javascript-test-smells/repositories/bootstrap-vue-dev/src/components/table/table-sorting.spec.js,Magic Number,"{'line': 773, 'column': 30, 'index': 22649}","  771 |     expect(wrapper.emitted('sort-changed').length).toBe(1)
  772 |     $rows = wrapper.findAll('tbody > tr').wrappers
> 773 |     expect($rows.length).toBe(3)
      |                              ^ Magic Number
  774 |     // Map the rows to the column text value
  775 |     columnA = $rows.map(row => {
  776 |       return row"
/home/gabriel/Disk/Research/research-javascript-test-smells/repositories/bootstrap-vue-dev/src/components/table/table-sorting.spec.js,Magic Number,"{'line': 790, 'column': 56, 'index': 23113}","  788 |       .at(2)
  789 |       .trigger('click')
> 790 |     expect(wrapper.emitted('sort-changed').length).toBe(1)
      |                                                        ^ Magic Number
  791 |     $rows = wrapper.findAll('tbody > tr').wrappers
  792 |     expect($rows.length).toBe(3)
  793 |     // Map the rows to the column text value"
/home/gabriel/Disk/Research/research-javascript-test-smells/repositories/bootstrap-vue-dev/src/components/table/table-sorting.spec.js,Magic Number,"{'line': 792, 'column': 30, 'index': 23197}","  790 |     expect(wrapper.emitted('sort-changed').length).toBe(1)
  791 |     $rows = wrapper.findAll('tbody > tr').wrappers
> 792 |     expect($rows.length).toBe(3)
      |                              ^ Magic Number
  793 |     // Map the rows to the column text value
  794 |     columnA = $rows.map(row => {
  795 |       return row"
/home/gabriel/Disk/Research/research-javascript-test-smells/repositories/bootstrap-vue-dev/src/components/table/table-sorting.spec.js,Magic Number,"{'line': 831, 'column': 29, 'index': 24088}","  829 |
  830 |     let $trs = wrapper.findAll('tbody > tr')
> 831 |     expect($trs.length).toBe(2)
      |                             ^ Magic Number
  832 |
  833 |     // First Row - unsorted
  834 |     let $tds = $trs.at(0).findAll('td')"
/home/gabriel/Disk/Research/research-javascript-test-smells/repositories/bootstrap-vue-dev/src/components/table/table-sorting.spec.js,Magic Number,"{'line': 835, 'column': 29, 'index': 24189}","  833 |     // First Row - unsorted
  834 |     let $tds = $trs.at(0).findAll('td')
> 835 |     expect($tds.length).toBe(3)
      |                             ^ Magic Number
  836 |     expect($tds.at(0).text()).toBe('5')
  837 |     expect($tds.at(1).text()).toBe('2')
  838 |     expect($tds.at(2).text()).toBe('3') // 5 - 2"
/home/gabriel/Disk/Research/research-javascript-test-smells/repositories/bootstrap-vue-dev/src/components/table/table-sorting.spec.js,Magic Number,"{'line': 847, 'column': 29, 'index': 24497}","  845 |     // Grab the sorted TRs
  846 |     $trs = wrapper.findAll('tbody > tr')
> 847 |     expect($trs.length).toBe(2)
      |                             ^ Magic Number
  848 |
  849 |     // First Row - sorted (smallest first)
  850 |     $tds = $trs.at(0).findAll('td')"
/home/gabriel/Disk/Research/research-javascript-test-smells/repositories/bootstrap-vue-dev/src/components/table/table-sorting.spec.js,Magic Number,"{'line': 851, 'column': 29, 'index': 24609}","  849 |     // First Row - sorted (smallest first)
  850 |     $tds = $trs.at(0).findAll('td')
> 851 |     expect($tds.length).toBe(3)
      |                             ^ Magic Number
  852 |     expect($tds.at(0).text()).toBe('10')
  853 |     expect($tds.at(1).text()).toBe('9')
  854 |     expect($tds.at(2).text()).toBe('1') // 10 - 9"
/home/gabriel/Disk/Research/research-javascript-test-smells/repositories/bootstrap-vue-dev/src/components/table/table-simple.spec.js,Duplicate Assert,"{'line': 10, 'column': 4, 'index': 300}","   8 |     expect(wrapper).toBeDefined()
   9 |     expect(wrapper.element.tagName).toBe('TABLE')
> 10 |     expect(wrapper.classes()).toContain('table')
     |    ^ Duplicate Assert
  11 |     expect(wrapper.classes()).toContain('b-table')
  12 |     expect(wrapper.classes().length).toBe(2)
  13 |     expect(wrapper.text()).toBe('')"
/home/gabriel/Disk/Research/research-javascript-test-smells/repositories/bootstrap-vue-dev/src/components/table/table-simple.spec.js,Duplicate Assert,"{'line': 11, 'column': 4, 'index': 349}","   9 |     expect(wrapper.element.tagName).toBe('TABLE')
  10 |     expect(wrapper.classes()).toContain('table')
> 11 |     expect(wrapper.classes()).toContain('b-table')
     |    ^ Duplicate Assert
  12 |     expect(wrapper.classes().length).toBe(2)
  13 |     expect(wrapper.text()).toBe('')
  14 |"
/home/gabriel/Disk/Research/research-javascript-test-smells/repositories/bootstrap-vue-dev/src/components/table/table-simple.spec.js,Duplicate Assert,"{'line': 27, 'column': 4, 'index': 749}","  25 |     expect(wrapper).toBeDefined()
  26 |     expect(wrapper.element.tagName).toBe('TABLE')
> 27 |     expect(wrapper.classes()).toContain('table')
     |    ^ Duplicate Assert
  28 |     expect(wrapper.classes()).toContain('b-table')
  29 |     expect(wrapper.classes().length).toBe(2)
  30 |     expect(wrapper.text()).toContain('foobar')"
/home/gabriel/Disk/Research/research-javascript-test-smells/repositories/bootstrap-vue-dev/src/components/table/table-simple.spec.js,Duplicate Assert,"{'line': 28, 'column': 4, 'index': 798}","  26 |     expect(wrapper.element.tagName).toBe('TABLE')
  27 |     expect(wrapper.classes()).toContain('table')
> 28 |     expect(wrapper.classes()).toContain('b-table')
     |    ^ Duplicate Assert
  29 |     expect(wrapper.classes().length).toBe(2)
  30 |     expect(wrapper.text()).toContain('foobar')
  31 |"
/home/gabriel/Disk/Research/research-javascript-test-smells/repositories/bootstrap-vue-dev/src/components/table/table-simple.spec.js,Duplicate Assert,"{'line': 44, 'column': 4, 'index': 1219}","  42 |     expect(wrapper).toBeDefined()
  43 |     expect(wrapper.element.tagName).toBe('TABLE')
> 44 |     expect(wrapper.classes()).toContain('table-striped')
     |    ^ Duplicate Assert
  45 |     expect(wrapper.classes()).toContain('table')
  46 |     expect(wrapper.classes()).toContain('b-table')
  47 |     expect(wrapper.classes().length).toBe(3)"
/home/gabriel/Disk/Research/research-javascript-test-smells/repositories/bootstrap-vue-dev/src/components/table/table-simple.spec.js,Duplicate Assert,"{'line': 45, 'column': 4, 'index': 1276}","  43 |     expect(wrapper.element.tagName).toBe('TABLE')
  44 |     expect(wrapper.classes()).toContain('table-striped')
> 45 |     expect(wrapper.classes()).toContain('table')
     |    ^ Duplicate Assert
  46 |     expect(wrapper.classes()).toContain('b-table')
  47 |     expect(wrapper.classes().length).toBe(3)
  48 |"
/home/gabriel/Disk/Research/research-javascript-test-smells/repositories/bootstrap-vue-dev/src/components/table/table-simple.spec.js,Duplicate Assert,"{'line': 46, 'column': 4, 'index': 1325}","  44 |     expect(wrapper.classes()).toContain('table-striped')
  45 |     expect(wrapper.classes()).toContain('table')
> 46 |     expect(wrapper.classes()).toContain('b-table')
     |    ^ Duplicate Assert
  47 |     expect(wrapper.classes().length).toBe(3)
  48 |
  49 |     wrapper.destroy()"
/home/gabriel/Disk/Research/research-javascript-test-smells/repositories/bootstrap-vue-dev/src/components/table/table-simple.spec.js,Duplicate Assert,"{'line': 61, 'column': 4, 'index': 1702}","  59 |     expect(wrapper).toBeDefined()
  60 |     expect(wrapper.element.tagName).toBe('TABLE')
> 61 |     expect(wrapper.classes()).toContain('table-bordered')
     |    ^ Duplicate Assert
  62 |     expect(wrapper.classes()).toContain('table')
  63 |     expect(wrapper.classes()).toContain('b-table')
  64 |     expect(wrapper.classes().length).toBe(3)"
/home/gabriel/Disk/Research/research-javascript-test-smells/repositories/bootstrap-vue-dev/src/components/table/table-simple.spec.js,Duplicate Assert,"{'line': 62, 'column': 4, 'index': 1760}","  60 |     expect(wrapper.element.tagName).toBe('TABLE')
  61 |     expect(wrapper.classes()).toContain('table-bordered')
> 62 |     expect(wrapper.classes()).toContain('table')
     |    ^ Duplicate Assert
  63 |     expect(wrapper.classes()).toContain('b-table')
  64 |     expect(wrapper.classes().length).toBe(3)
  65 |"
/home/gabriel/Disk/Research/research-javascript-test-smells/repositories/bootstrap-vue-dev/src/components/table/table-simple.spec.js,Duplicate Assert,"{'line': 63, 'column': 4, 'index': 1809}","  61 |     expect(wrapper.classes()).toContain('table-bordered')
  62 |     expect(wrapper.classes()).toContain('table')
> 63 |     expect(wrapper.classes()).toContain('b-table')
     |    ^ Duplicate Assert
  64 |     expect(wrapper.classes().length).toBe(3)
  65 |
  66 |     wrapper.destroy()"
/home/gabriel/Disk/Research/research-javascript-test-smells/repositories/bootstrap-vue-dev/src/components/table/table-simple.spec.js,Duplicate Assert,"{'line': 78, 'column': 4, 'index': 2192}","  76 |     expect(wrapper).toBeDefined()
  77 |     expect(wrapper.element.tagName).toBe('TABLE')
> 78 |     expect(wrapper.classes()).toContain('table-borderless')
     |    ^ Duplicate Assert
  79 |     expect(wrapper.classes()).toContain('table')
  80 |     expect(wrapper.classes()).toContain('b-table')
  81 |     expect(wrapper.classes().length).toBe(3)"
/home/gabriel/Disk/Research/research-javascript-test-smells/repositories/bootstrap-vue-dev/src/components/table/table-simple.spec.js,Duplicate Assert,"{'line': 79, 'column': 4, 'index': 2252}","  77 |     expect(wrapper.element.tagName).toBe('TABLE')
  78 |     expect(wrapper.classes()).toContain('table-borderless')
> 79 |     expect(wrapper.classes()).toContain('table')
     |    ^ Duplicate Assert
  80 |     expect(wrapper.classes()).toContain('b-table')
  81 |     expect(wrapper.classes().length).toBe(3)
  82 |"
/home/gabriel/Disk/Research/research-javascript-test-smells/repositories/bootstrap-vue-dev/src/components/table/table-simple.spec.js,Duplicate Assert,"{'line': 80, 'column': 4, 'index': 2301}","  78 |     expect(wrapper.classes()).toContain('table-borderless')
  79 |     expect(wrapper.classes()).toContain('table')
> 80 |     expect(wrapper.classes()).toContain('b-table')
     |    ^ Duplicate Assert
  81 |     expect(wrapper.classes().length).toBe(3)
  82 |
  83 |     wrapper.destroy()"
/home/gabriel/Disk/Research/research-javascript-test-smells/repositories/bootstrap-vue-dev/src/components/table/table-simple.spec.js,Duplicate Assert,"{'line': 95, 'column': 4, 'index': 2669}","  93 |     expect(wrapper).toBeDefined()
  94 |     expect(wrapper.element.tagName).toBe('TABLE')
> 95 |     expect(wrapper.classes()).toContain('table-hover')
     |    ^ Duplicate Assert
  96 |     expect(wrapper.classes()).toContain('table')
  97 |     expect(wrapper.classes()).toContain('b-table')
  98 |     expect(wrapper.classes().length).toBe(3)"
/home/gabriel/Disk/Research/research-javascript-test-smells/repositories/bootstrap-vue-dev/src/components/table/table-simple.spec.js,Duplicate Assert,"{'line': 96, 'column': 4, 'index': 2724}","  94 |     expect(wrapper.element.tagName).toBe('TABLE')
  95 |     expect(wrapper.classes()).toContain('table-hover')
> 96 |     expect(wrapper.classes()).toContain('table')
     |    ^ Duplicate Assert
  97 |     expect(wrapper.classes()).toContain('b-table')
  98 |     expect(wrapper.classes().length).toBe(3)
  99 |"
/home/gabriel/Disk/Research/research-javascript-test-smells/repositories/bootstrap-vue-dev/src/components/table/table-simple.spec.js,Duplicate Assert,"{'line': 97, 'column': 4, 'index': 2773}","   95 |     expect(wrapper.classes()).toContain('table-hover')
   96 |     expect(wrapper.classes()).toContain('table')
>  97 |     expect(wrapper.classes()).toContain('b-table')
      |    ^ Duplicate Assert
   98 |     expect(wrapper.classes().length).toBe(3)
   99 |
  100 |     wrapper.destroy()"
/home/gabriel/Disk/Research/research-javascript-test-smells/repositories/bootstrap-vue-dev/src/components/table/table-simple.spec.js,Duplicate Assert,"{'line': 112, 'column': 4, 'index': 3138}","  110 |     expect(wrapper).toBeDefined()
  111 |     expect(wrapper.element.tagName).toBe('TABLE')
> 112 |     expect(wrapper.classes()).toContain('table-sm')
      |    ^ Duplicate Assert
  113 |     expect(wrapper.classes()).toContain('table')
  114 |     expect(wrapper.classes()).toContain('b-table')
  115 |     expect(wrapper.classes().length).toBe(3)"
/home/gabriel/Disk/Research/research-javascript-test-smells/repositories/bootstrap-vue-dev/src/components/table/table-simple.spec.js,Duplicate Assert,"{'line': 113, 'column': 4, 'index': 3190}","  111 |     expect(wrapper.element.tagName).toBe('TABLE')
  112 |     expect(wrapper.classes()).toContain('table-sm')
> 113 |     expect(wrapper.classes()).toContain('table')
      |    ^ Duplicate Assert
  114 |     expect(wrapper.classes()).toContain('b-table')
  115 |     expect(wrapper.classes().length).toBe(3)
  116 |"
/home/gabriel/Disk/Research/research-javascript-test-smells/repositories/bootstrap-vue-dev/src/components/table/table-simple.spec.js,Duplicate Assert,"{'line': 114, 'column': 4, 'index': 3239}","  112 |     expect(wrapper.classes()).toContain('table-sm')
  113 |     expect(wrapper.classes()).toContain('table')
> 114 |     expect(wrapper.classes()).toContain('b-table')
      |    ^ Duplicate Assert
  115 |     expect(wrapper.classes().length).toBe(3)
  116 |
  117 |     wrapper.destroy()"
/home/gabriel/Disk/Research/research-javascript-test-smells/repositories/bootstrap-vue-dev/src/components/table/table-simple.spec.js,Duplicate Assert,"{'line': 129, 'column': 4, 'index': 3604}","  127 |     expect(wrapper).toBeDefined()
  128 |     expect(wrapper.element.tagName).toBe('TABLE')
> 129 |     expect(wrapper.classes()).toContain('table-dark')
      |    ^ Duplicate Assert
  130 |     expect(wrapper.classes()).toContain('table')
  131 |     expect(wrapper.classes()).toContain('b-table')
  132 |     expect(wrapper.classes().length).toBe(3)"
/home/gabriel/Disk/Research/research-javascript-test-smells/repositories/bootstrap-vue-dev/src/components/table/table-simple.spec.js,Duplicate Assert,"{'line': 130, 'column': 4, 'index': 3658}","  128 |     expect(wrapper.element.tagName).toBe('TABLE')
  129 |     expect(wrapper.classes()).toContain('table-dark')
> 130 |     expect(wrapper.classes()).toContain('table')
      |    ^ Duplicate Assert
  131 |     expect(wrapper.classes()).toContain('b-table')
  132 |     expect(wrapper.classes().length).toBe(3)
  133 |"
/home/gabriel/Disk/Research/research-javascript-test-smells/repositories/bootstrap-vue-dev/src/components/table/table-simple.spec.js,Duplicate Assert,"{'line': 131, 'column': 4, 'index': 3707}","  129 |     expect(wrapper.classes()).toContain('table-dark')
  130 |     expect(wrapper.classes()).toContain('table')
> 131 |     expect(wrapper.classes()).toContain('b-table')
      |    ^ Duplicate Assert
  132 |     expect(wrapper.classes().length).toBe(3)
  133 |
  134 |     wrapper.destroy()"
/home/gabriel/Disk/Research/research-javascript-test-smells/repositories/bootstrap-vue-dev/src/components/table/table-simple.spec.js,Duplicate Assert,"{'line': 146, 'column': 4, 'index': 4076}","  144 |     expect(wrapper).toBeDefined()
  145 |     expect(wrapper.element.tagName).toBe('TABLE')
> 146 |     expect(wrapper.classes()).toContain('border')
      |    ^ Duplicate Assert
  147 |     expect(wrapper.classes()).toContain('table')
  148 |     expect(wrapper.classes()).toContain('b-table')
  149 |     expect(wrapper.classes().length).toBe(3)"
/home/gabriel/Disk/Research/research-javascript-test-smells/repositories/bootstrap-vue-dev/src/components/table/table-simple.spec.js,Duplicate Assert,"{'line': 147, 'column': 4, 'index': 4126}","  145 |     expect(wrapper.element.tagName).toBe('TABLE')
  146 |     expect(wrapper.classes()).toContain('border')
> 147 |     expect(wrapper.classes()).toContain('table')
      |    ^ Duplicate Assert
  148 |     expect(wrapper.classes()).toContain('b-table')
  149 |     expect(wrapper.classes().length).toBe(3)
  150 |"
/home/gabriel/Disk/Research/research-javascript-test-smells/repositories/bootstrap-vue-dev/src/components/table/table-simple.spec.js,Duplicate Assert,"{'line': 148, 'column': 4, 'index': 4175}","  146 |     expect(wrapper.classes()).toContain('border')
  147 |     expect(wrapper.classes()).toContain('table')
> 148 |     expect(wrapper.classes()).toContain('b-table')
      |    ^ Duplicate Assert
  149 |     expect(wrapper.classes().length).toBe(3)
  150 |
  151 |     wrapper.destroy()"
/home/gabriel/Disk/Research/research-javascript-test-smells/repositories/bootstrap-vue-dev/src/components/table/table-simple.spec.js,Duplicate Assert,"{'line': 163, 'column': 4, 'index': 4545}","  161 |     expect(wrapper).toBeDefined()
  162 |     expect(wrapper.element.tagName).toBe('TABLE')
> 163 |     expect(wrapper.classes()).toContain('b-table-fixed')
      |    ^ Duplicate Assert
  164 |     expect(wrapper.classes()).toContain('table')
  165 |     expect(wrapper.classes()).toContain('b-table')
  166 |     expect(wrapper.classes().length).toBe(3)"
/home/gabriel/Disk/Research/research-javascript-test-smells/repositories/bootstrap-vue-dev/src/components/table/table-simple.spec.js,Duplicate Assert,"{'line': 164, 'column': 4, 'index': 4602}","  162 |     expect(wrapper.element.tagName).toBe('TABLE')
  163 |     expect(wrapper.classes()).toContain('b-table-fixed')
> 164 |     expect(wrapper.classes()).toContain('table')
      |    ^ Duplicate Assert
  165 |     expect(wrapper.classes()).toContain('b-table')
  166 |     expect(wrapper.classes().length).toBe(3)
  167 |"
/home/gabriel/Disk/Research/research-javascript-test-smells/repositories/bootstrap-vue-dev/src/components/table/table-simple.spec.js,Duplicate Assert,"{'line': 165, 'column': 4, 'index': 4651}","  163 |     expect(wrapper.classes()).toContain('b-table-fixed')
  164 |     expect(wrapper.classes()).toContain('table')
> 165 |     expect(wrapper.classes()).toContain('b-table')
      |    ^ Duplicate Assert
  166 |     expect(wrapper.classes().length).toBe(3)
  167 |
  168 |     wrapper.destroy()"
/home/gabriel/Disk/Research/research-javascript-test-smells/repositories/bootstrap-vue-dev/src/components/table/table-simple.spec.js,Duplicate Assert,"{'line': 182, 'column': 4, 'index': 5137}","  180 |     expect(wrapper.classes()).toContain('table-responsive')
  181 |     expect(wrapper.classes().length).toBe(1)
> 182 |     expect(wrapper.find('table').classes()).toContain('table')
      |    ^ Duplicate Assert
  183 |     expect(wrapper.find('table').classes()).toContain('b-table')
  184 |     expect(wrapper.find('table').classes().length).toBe(2)
  185 |"
/home/gabriel/Disk/Research/research-javascript-test-smells/repositories/bootstrap-vue-dev/src/components/table/table-simple.spec.js,Duplicate Assert,"{'line': 183, 'column': 4, 'index': 5200}","  181 |     expect(wrapper.classes().length).toBe(1)
  182 |     expect(wrapper.find('table').classes()).toContain('table')
> 183 |     expect(wrapper.find('table').classes()).toContain('b-table')
      |    ^ Duplicate Assert
  184 |     expect(wrapper.find('table').classes().length).toBe(2)
  185 |
  186 |     wrapper.destroy()"
/home/gabriel/Disk/Research/research-javascript-test-smells/repositories/bootstrap-vue-dev/src/components/table/table-simple.spec.js,Duplicate Assert,"{'line': 200, 'column': 4, 'index': 5718}","  198 |     expect(wrapper.classes()).toContain('table-responsive-md')
  199 |     expect(wrapper.classes().length).toBe(1)
> 200 |     expect(wrapper.find('table').classes()).toContain('table')
      |    ^ Duplicate Assert
  201 |     expect(wrapper.find('table').classes()).toContain('b-table')
  202 |     expect(wrapper.find('table').classes().length).toBe(2)
  203 |"
/home/gabriel/Disk/Research/research-javascript-test-smells/repositories/bootstrap-vue-dev/src/components/table/table-simple.spec.js,Duplicate Assert,"{'line': 201, 'column': 4, 'index': 5781}","  199 |     expect(wrapper.classes().length).toBe(1)
  200 |     expect(wrapper.find('table').classes()).toContain('table')
> 201 |     expect(wrapper.find('table').classes()).toContain('b-table')
      |    ^ Duplicate Assert
  202 |     expect(wrapper.find('table').classes().length).toBe(2)
  203 |
  204 |     wrapper.destroy()"
/home/gabriel/Disk/Research/research-javascript-test-smells/repositories/bootstrap-vue-dev/src/components/table/table-simple.spec.js,Magic Number,"{'line': 12, 'column': 42, 'index': 438}","  10 |     expect(wrapper.classes()).toContain('table')
  11 |     expect(wrapper.classes()).toContain('b-table')
> 12 |     expect(wrapper.classes().length).toBe(2)
     |                                          ^ Magic Number
  13 |     expect(wrapper.text()).toBe('')
  14 |
  15 |     wrapper.destroy()"
/home/gabriel/Disk/Research/research-javascript-test-smells/repositories/bootstrap-vue-dev/src/components/table/table-simple.spec.js,Magic Number,"{'line': 29, 'column': 42, 'index': 887}","  27 |     expect(wrapper.classes()).toContain('table')
  28 |     expect(wrapper.classes()).toContain('b-table')
> 29 |     expect(wrapper.classes().length).toBe(2)
     |                                          ^ Magic Number
  30 |     expect(wrapper.text()).toContain('foobar')
  31 |
  32 |     wrapper.destroy()"
/home/gabriel/Disk/Research/research-javascript-test-smells/repositories/bootstrap-vue-dev/src/components/table/table-simple.spec.js,Magic Number,"{'line': 47, 'column': 42, 'index': 1414}","  45 |     expect(wrapper.classes()).toContain('table')
  46 |     expect(wrapper.classes()).toContain('b-table')
> 47 |     expect(wrapper.classes().length).toBe(3)
     |                                          ^ Magic Number
  48 |
  49 |     wrapper.destroy()
  50 |   })"
/home/gabriel/Disk/Research/research-javascript-test-smells/repositories/bootstrap-vue-dev/src/components/table/table-simple.spec.js,Magic Number,"{'line': 64, 'column': 42, 'index': 1898}","  62 |     expect(wrapper.classes()).toContain('table')
  63 |     expect(wrapper.classes()).toContain('b-table')
> 64 |     expect(wrapper.classes().length).toBe(3)
     |                                          ^ Magic Number
  65 |
  66 |     wrapper.destroy()
  67 |   })"
/home/gabriel/Disk/Research/research-javascript-test-smells/repositories/bootstrap-vue-dev/src/components/table/table-simple.spec.js,Magic Number,"{'line': 81, 'column': 42, 'index': 2390}","  79 |     expect(wrapper.classes()).toContain('table')
  80 |     expect(wrapper.classes()).toContain('b-table')
> 81 |     expect(wrapper.classes().length).toBe(3)
     |                                          ^ Magic Number
  82 |
  83 |     wrapper.destroy()
  84 |   })"
/home/gabriel/Disk/Research/research-javascript-test-smells/repositories/bootstrap-vue-dev/src/components/table/table-simple.spec.js,Magic Number,"{'line': 98, 'column': 42, 'index': 2862}","   96 |     expect(wrapper.classes()).toContain('table')
   97 |     expect(wrapper.classes()).toContain('b-table')
>  98 |     expect(wrapper.classes().length).toBe(3)
      |                                          ^ Magic Number
   99 |
  100 |     wrapper.destroy()
  101 |   })"
/home/gabriel/Disk/Research/research-javascript-test-smells/repositories/bootstrap-vue-dev/src/components/table/table-simple.spec.js,Magic Number,"{'line': 115, 'column': 42, 'index': 3328}","  113 |     expect(wrapper.classes()).toContain('table')
  114 |     expect(wrapper.classes()).toContain('b-table')
> 115 |     expect(wrapper.classes().length).toBe(3)
      |                                          ^ Magic Number
  116 |
  117 |     wrapper.destroy()
  118 |   })"
/home/gabriel/Disk/Research/research-javascript-test-smells/repositories/bootstrap-vue-dev/src/components/table/table-simple.spec.js,Magic Number,"{'line': 132, 'column': 42, 'index': 3796}","  130 |     expect(wrapper.classes()).toContain('table')
  131 |     expect(wrapper.classes()).toContain('b-table')
> 132 |     expect(wrapper.classes().length).toBe(3)
      |                                          ^ Magic Number
  133 |
  134 |     wrapper.destroy()
  135 |   })"
/home/gabriel/Disk/Research/research-javascript-test-smells/repositories/bootstrap-vue-dev/src/components/table/table-simple.spec.js,Magic Number,"{'line': 149, 'column': 42, 'index': 4264}","  147 |     expect(wrapper.classes()).toContain('table')
  148 |     expect(wrapper.classes()).toContain('b-table')
> 149 |     expect(wrapper.classes().length).toBe(3)
      |                                          ^ Magic Number
  150 |
  151 |     wrapper.destroy()
  152 |   })"
/home/gabriel/Disk/Research/research-javascript-test-smells/repositories/bootstrap-vue-dev/src/components/table/table-simple.spec.js,Magic Number,"{'line': 166, 'column': 42, 'index': 4740}","  164 |     expect(wrapper.classes()).toContain('table')
  165 |     expect(wrapper.classes()).toContain('b-table')
> 166 |     expect(wrapper.classes().length).toBe(3)
      |                                          ^ Magic Number
  167 |
  168 |     wrapper.destroy()
  169 |   })"
/home/gabriel/Disk/Research/research-javascript-test-smells/repositories/bootstrap-vue-dev/src/components/table/table-simple.spec.js,Magic Number,"{'line': 181, 'column': 42, 'index': 5130}","  179 |     expect(wrapper.element.tagName).toBe('DIV')
  180 |     expect(wrapper.classes()).toContain('table-responsive')
> 181 |     expect(wrapper.classes().length).toBe(1)
      |                                          ^ Magic Number
  182 |     expect(wrapper.find('table').classes()).toContain('table')
  183 |     expect(wrapper.find('table').classes()).toContain('b-table')
  184 |     expect(wrapper.find('table').classes().length).toBe(2)"
/home/gabriel/Disk/Research/research-javascript-test-smells/repositories/bootstrap-vue-dev/src/components/table/table-simple.spec.js,Magic Number,"{'line': 184, 'column': 56, 'index': 5317}","  182 |     expect(wrapper.find('table').classes()).toContain('table')
  183 |     expect(wrapper.find('table').classes()).toContain('b-table')
> 184 |     expect(wrapper.find('table').classes().length).toBe(2)
      |                                                        ^ Magic Number
  185 |
  186 |     wrapper.destroy()
  187 |   })"
/home/gabriel/Disk/Research/research-javascript-test-smells/repositories/bootstrap-vue-dev/src/components/table/table-simple.spec.js,Magic Number,"{'line': 199, 'column': 42, 'index': 5711}","  197 |     expect(wrapper.element.tagName).toBe('DIV')
  198 |     expect(wrapper.classes()).toContain('table-responsive-md')
> 199 |     expect(wrapper.classes().length).toBe(1)
      |                                          ^ Magic Number
  200 |     expect(wrapper.find('table').classes()).toContain('table')
  201 |     expect(wrapper.find('table').classes()).toContain('b-table')
  202 |     expect(wrapper.find('table').classes().length).toBe(2)"
/home/gabriel/Disk/Research/research-javascript-test-smells/repositories/bootstrap-vue-dev/src/components/table/table-simple.spec.js,Magic Number,"{'line': 202, 'column': 56, 'index': 5898}","  200 |     expect(wrapper.find('table').classes()).toContain('table')
  201 |     expect(wrapper.find('table').classes()).toContain('b-table')
> 202 |     expect(wrapper.find('table').classes().length).toBe(2)
      |                                                        ^ Magic Number
  203 |
  204 |     wrapper.destroy()
  205 |   })"
/home/gabriel/Disk/Research/research-javascript-test-smells/repositories/bootstrap-vue-dev/src/components/table/table-selectable.spec.js,Duplicate Assert,"{'line': 38, 'column': 4, 'index': 1046}","  36 |     expect(wrapper.attributes('role')).toBe('table')
  37 |     expect(wrapper.attributes('aria-multiselectable')).toBeUndefined()
> 38 |     expect(wrapper.classes()).not.toContain('b-table-selectable')
     |    ^ Duplicate Assert
  39 |     expect(wrapper.classes()).not.toContain('b-table-selectable-no-click')
  40 |     expect(wrapper.classes()).not.toContain('b-table-selecting')
  41 |     expect(wrapper.classes()).not.toContain('b-table-select-single')"
/home/gabriel/Disk/Research/research-javascript-test-smells/repositories/bootstrap-vue-dev/src/components/table/table-selectable.spec.js,Duplicate Assert,"{'line': 39, 'column': 4, 'index': 1112}","  37 |     expect(wrapper.attributes('aria-multiselectable')).toBeUndefined()
  38 |     expect(wrapper.classes()).not.toContain('b-table-selectable')
> 39 |     expect(wrapper.classes()).not.toContain('b-table-selectable-no-click')
     |    ^ Duplicate Assert
  40 |     expect(wrapper.classes()).not.toContain('b-table-selecting')
  41 |     expect(wrapper.classes()).not.toContain('b-table-select-single')
  42 |     expect(wrapper.classes()).not.toContain('b-table-select-multi')"
/home/gabriel/Disk/Research/research-javascript-test-smells/repositories/bootstrap-vue-dev/src/components/table/table-selectable.spec.js,Duplicate Assert,"{'line': 40, 'column': 4, 'index': 1187}","  38 |     expect(wrapper.classes()).not.toContain('b-table-selectable')
  39 |     expect(wrapper.classes()).not.toContain('b-table-selectable-no-click')
> 40 |     expect(wrapper.classes()).not.toContain('b-table-selecting')
     |    ^ Duplicate Assert
  41 |     expect(wrapper.classes()).not.toContain('b-table-select-single')
  42 |     expect(wrapper.classes()).not.toContain('b-table-select-multi')
  43 |     expect(wrapper.classes()).not.toContain('b-table-select-range')"
/home/gabriel/Disk/Research/research-javascript-test-smells/repositories/bootstrap-vue-dev/src/components/table/table-selectable.spec.js,Duplicate Assert,"{'line': 41, 'column': 4, 'index': 1252}","  39 |     expect(wrapper.classes()).not.toContain('b-table-selectable-no-click')
  40 |     expect(wrapper.classes()).not.toContain('b-table-selecting')
> 41 |     expect(wrapper.classes()).not.toContain('b-table-select-single')
     |    ^ Duplicate Assert
  42 |     expect(wrapper.classes()).not.toContain('b-table-select-multi')
  43 |     expect(wrapper.classes()).not.toContain('b-table-select-range')
  44 |"
/home/gabriel/Disk/Research/research-javascript-test-smells/repositories/bootstrap-vue-dev/src/components/table/table-selectable.spec.js,Duplicate Assert,"{'line': 42, 'column': 4, 'index': 1321}","  40 |     expect(wrapper.classes()).not.toContain('b-table-selecting')
  41 |     expect(wrapper.classes()).not.toContain('b-table-select-single')
> 42 |     expect(wrapper.classes()).not.toContain('b-table-select-multi')
     |    ^ Duplicate Assert
  43 |     expect(wrapper.classes()).not.toContain('b-table-select-range')
  44 |
  45 |     const $rows = wrapper.findAll('tbody > tr')"
/home/gabriel/Disk/Research/research-javascript-test-smells/repositories/bootstrap-vue-dev/src/components/table/table-selectable.spec.js,Duplicate Assert,"{'line': 43, 'column': 4, 'index': 1389}","  41 |     expect(wrapper.classes()).not.toContain('b-table-select-single')
  42 |     expect(wrapper.classes()).not.toContain('b-table-select-multi')
> 43 |     expect(wrapper.classes()).not.toContain('b-table-select-range')
     |    ^ Duplicate Assert
  44 |
  45 |     const $rows = wrapper.findAll('tbody > tr')
  46 |     expect($rows.length).toBe(4)"
/home/gabriel/Disk/Research/research-javascript-test-smells/repositories/bootstrap-vue-dev/src/components/table/table-selectable.spec.js,Duplicate Assert,"{'line': 66, 'column': 4, 'index': 2141}","  64 |     await waitNT(wrapper.vm)
  65 |
> 66 |     expect(wrapper.attributes('role')).toBe('table')
     |    ^ Duplicate Assert
  67 |     wrapper.destroy()
  68 |
  69 |     wrapper = mount(BTable, {"
/home/gabriel/Disk/Research/research-javascript-test-smells/repositories/bootstrap-vue-dev/src/components/table/table-selectable.spec.js,Duplicate Assert,"{'line': 79, 'column': 4, 'index': 2389}","  77 |     await waitNT(wrapper.vm)
  78 |
> 79 |     expect(wrapper.attributes('role')).toBe('foobar')
     |    ^ Duplicate Assert
  80 |     wrapper.destroy()
  81 |
  82 |     wrapper = mount(BTable, {"
/home/gabriel/Disk/Research/research-javascript-test-smells/repositories/bootstrap-vue-dev/src/components/table/table-selectable.spec.js,Duplicate Assert,"{'line': 92, 'column': 4, 'index': 2640}","  90 |     await waitNT(wrapper.vm)
  91 |
> 92 |     expect(wrapper.attributes('role')).toBe('grid')
     |    ^ Duplicate Assert
  93 |     wrapper.destroy()
  94 |   })
  95 |"
/home/gabriel/Disk/Research/research-javascript-test-smells/repositories/bootstrap-vue-dev/src/components/table/table-selectable.spec.js,Duplicate Assert,"{'line': 112, 'column': 4, 'index': 3206}","  110 |     expect(wrapper.attributes('role')).toBe('table')
  111 |     expect(wrapper.attributes('aria-multiselectable')).toBeUndefined()
> 112 |     expect(wrapper.classes()).not.toContain('b-table-selectable')
      |    ^ Duplicate Assert
  113 |     expect(wrapper.classes()).not.toContain('b-table-selectable-no-click')
  114 |     expect(wrapper.classes()).not.toContain('b-table-selecting')
  115 |     expect(wrapper.classes()).not.toContain('b-table-select-single')"
/home/gabriel/Disk/Research/research-javascript-test-smells/repositories/bootstrap-vue-dev/src/components/table/table-selectable.spec.js,Duplicate Assert,"{'line': 113, 'column': 4, 'index': 3272}","  111 |     expect(wrapper.attributes('aria-multiselectable')).toBeUndefined()
  112 |     expect(wrapper.classes()).not.toContain('b-table-selectable')
> 113 |     expect(wrapper.classes()).not.toContain('b-table-selectable-no-click')
      |    ^ Duplicate Assert
  114 |     expect(wrapper.classes()).not.toContain('b-table-selecting')
  115 |     expect(wrapper.classes()).not.toContain('b-table-select-single')
  116 |     expect(wrapper.classes()).not.toContain('b-table-select-multi')"
/home/gabriel/Disk/Research/research-javascript-test-smells/repositories/bootstrap-vue-dev/src/components/table/table-selectable.spec.js,Duplicate Assert,"{'line': 114, 'column': 4, 'index': 3347}","  112 |     expect(wrapper.classes()).not.toContain('b-table-selectable')
  113 |     expect(wrapper.classes()).not.toContain('b-table-selectable-no-click')
> 114 |     expect(wrapper.classes()).not.toContain('b-table-selecting')
      |    ^ Duplicate Assert
  115 |     expect(wrapper.classes()).not.toContain('b-table-select-single')
  116 |     expect(wrapper.classes()).not.toContain('b-table-select-multi')
  117 |     expect(wrapper.classes()).not.toContain('b-table-select-range')"
/home/gabriel/Disk/Research/research-javascript-test-smells/repositories/bootstrap-vue-dev/src/components/table/table-selectable.spec.js,Duplicate Assert,"{'line': 115, 'column': 4, 'index': 3412}","  113 |     expect(wrapper.classes()).not.toContain('b-table-selectable-no-click')
  114 |     expect(wrapper.classes()).not.toContain('b-table-selecting')
> 115 |     expect(wrapper.classes()).not.toContain('b-table-select-single')
      |    ^ Duplicate Assert
  116 |     expect(wrapper.classes()).not.toContain('b-table-select-multi')
  117 |     expect(wrapper.classes()).not.toContain('b-table-select-range')
  118 |"
/home/gabriel/Disk/Research/research-javascript-test-smells/repositories/bootstrap-vue-dev/src/components/table/table-selectable.spec.js,Duplicate Assert,"{'line': 116, 'column': 4, 'index': 3481}","  114 |     expect(wrapper.classes()).not.toContain('b-table-selecting')
  115 |     expect(wrapper.classes()).not.toContain('b-table-select-single')
> 116 |     expect(wrapper.classes()).not.toContain('b-table-select-multi')
      |    ^ Duplicate Assert
  117 |     expect(wrapper.classes()).not.toContain('b-table-select-range')
  118 |
  119 |     const $rows = wrapper.findAll('tbody > tr')"
/home/gabriel/Disk/Research/research-javascript-test-smells/repositories/bootstrap-vue-dev/src/components/table/table-selectable.spec.js,Duplicate Assert,"{'line': 117, 'column': 4, 'index': 3549}","  115 |     expect(wrapper.classes()).not.toContain('b-table-select-single')
  116 |     expect(wrapper.classes()).not.toContain('b-table-select-multi')
> 117 |     expect(wrapper.classes()).not.toContain('b-table-select-range')
      |    ^ Duplicate Assert
  118 |
  119 |     const $rows = wrapper.findAll('tbody > tr')
  120 |     expect($rows.length).toBe(4)"
/home/gabriel/Disk/Research/research-javascript-test-smells/repositories/bootstrap-vue-dev/src/components/table/table-selectable.spec.js,Duplicate Assert,"{'line': 145, 'column': 4, 'index': 4489}","  143 |     expect(wrapper.attributes('role')).toBe('grid')
  144 |     expect(wrapper.attributes('aria-multiselectable')).toBe('false')
> 145 |     expect(wrapper.classes()).toContain('b-table-selectable')
      |    ^ Duplicate Assert
  146 |     expect(wrapper.classes()).toContain('b-table-select-single')
  147 |     expect(wrapper.classes()).toContain('b-table-selectable-no-click')
  148 |     expect(wrapper.classes()).not.toContain('b-table-selecting')"
/home/gabriel/Disk/Research/research-javascript-test-smells/repositories/bootstrap-vue-dev/src/components/table/table-selectable.spec.js,Duplicate Assert,"{'line': 146, 'column': 4, 'index': 4551}","  144 |     expect(wrapper.attributes('aria-multiselectable')).toBe('false')
  145 |     expect(wrapper.classes()).toContain('b-table-selectable')
> 146 |     expect(wrapper.classes()).toContain('b-table-select-single')
      |    ^ Duplicate Assert
  147 |     expect(wrapper.classes()).toContain('b-table-selectable-no-click')
  148 |     expect(wrapper.classes()).not.toContain('b-table-selecting')
  149 |     expect(wrapper.classes()).not.toContain('b-table-select-multi')"
/home/gabriel/Disk/Research/research-javascript-test-smells/repositories/bootstrap-vue-dev/src/components/table/table-selectable.spec.js,Duplicate Assert,"{'line': 147, 'column': 4, 'index': 4616}","  145 |     expect(wrapper.classes()).toContain('b-table-selectable')
  146 |     expect(wrapper.classes()).toContain('b-table-select-single')
> 147 |     expect(wrapper.classes()).toContain('b-table-selectable-no-click')
      |    ^ Duplicate Assert
  148 |     expect(wrapper.classes()).not.toContain('b-table-selecting')
  149 |     expect(wrapper.classes()).not.toContain('b-table-select-multi')
  150 |     expect(wrapper.classes()).not.toContain('b-table-select-range')"
/home/gabriel/Disk/Research/research-javascript-test-smells/repositories/bootstrap-vue-dev/src/components/table/table-selectable.spec.js,Duplicate Assert,"{'line': 148, 'column': 4, 'index': 4687}","  146 |     expect(wrapper.classes()).toContain('b-table-select-single')
  147 |     expect(wrapper.classes()).toContain('b-table-selectable-no-click')
> 148 |     expect(wrapper.classes()).not.toContain('b-table-selecting')
      |    ^ Duplicate Assert
  149 |     expect(wrapper.classes()).not.toContain('b-table-select-multi')
  150 |     expect(wrapper.classes()).not.toContain('b-table-select-range')
  151 |     expect(wrapper.emitted('row-selected')).toBeUndefined()"
/home/gabriel/Disk/Research/research-javascript-test-smells/repositories/bootstrap-vue-dev/src/components/table/table-selectable.spec.js,Duplicate Assert,"{'line': 149, 'column': 4, 'index': 4752}","  147 |     expect(wrapper.classes()).toContain('b-table-selectable-no-click')
  148 |     expect(wrapper.classes()).not.toContain('b-table-selecting')
> 149 |     expect(wrapper.classes()).not.toContain('b-table-select-multi')
      |    ^ Duplicate Assert
  150 |     expect(wrapper.classes()).not.toContain('b-table-select-range')
  151 |     expect(wrapper.emitted('row-selected')).toBeUndefined()
  152 |"
/home/gabriel/Disk/Research/research-javascript-test-smells/repositories/bootstrap-vue-dev/src/components/table/table-selectable.spec.js,Duplicate Assert,"{'line': 150, 'column': 4, 'index': 4820}","  148 |     expect(wrapper.classes()).not.toContain('b-table-selecting')
  149 |     expect(wrapper.classes()).not.toContain('b-table-select-multi')
> 150 |     expect(wrapper.classes()).not.toContain('b-table-select-range')
      |    ^ Duplicate Assert
  151 |     expect(wrapper.emitted('row-selected')).toBeUndefined()
  152 |
  153 |     wrapper.destroy()"
/home/gabriel/Disk/Research/research-javascript-test-smells/repositories/bootstrap-vue-dev/src/components/table/table-selectable.spec.js,Duplicate Assert,"{'line': 171, 'column': 4, 'index': 5389}","  169 |     expect(wrapper.attributes('role')).toBe('grid')
  170 |     expect(wrapper.attributes('aria-multiselectable')).toBe('false')
> 171 |     expect(wrapper.classes()).toContain('b-table-selectable')
      |    ^ Duplicate Assert
  172 |     expect(wrapper.classes()).toContain('b-table-select-single')
  173 |     expect(wrapper.classes()).not.toContain('b-table-selectable-no-click')
  174 |     expect(wrapper.classes()).not.toContain('b-table-selecting')"
/home/gabriel/Disk/Research/research-javascript-test-smells/repositories/bootstrap-vue-dev/src/components/table/table-selectable.spec.js,Duplicate Assert,"{'line': 171, 'column': 4, 'index': 5389}","  169 |     expect(wrapper.attributes('role')).toBe('grid')
  170 |     expect(wrapper.attributes('aria-multiselectable')).toBe('false')
> 171 |     expect(wrapper.classes()).toContain('b-table-selectable')
      |    ^ Duplicate Assert
  172 |     expect(wrapper.classes()).toContain('b-table-select-single')
  173 |     expect(wrapper.classes()).not.toContain('b-table-selectable-no-click')
  174 |     expect(wrapper.classes()).not.toContain('b-table-selecting')"
/home/gabriel/Disk/Research/research-javascript-test-smells/repositories/bootstrap-vue-dev/src/components/table/table-selectable.spec.js,Duplicate Assert,"{'line': 172, 'column': 4, 'index': 5451}","  170 |     expect(wrapper.attributes('aria-multiselectable')).toBe('false')
  171 |     expect(wrapper.classes()).toContain('b-table-selectable')
> 172 |     expect(wrapper.classes()).toContain('b-table-select-single')
      |    ^ Duplicate Assert
  173 |     expect(wrapper.classes()).not.toContain('b-table-selectable-no-click')
  174 |     expect(wrapper.classes()).not.toContain('b-table-selecting')
  175 |     expect(wrapper.classes()).not.toContain('b-table-select-multi')"
/home/gabriel/Disk/Research/research-javascript-test-smells/repositories/bootstrap-vue-dev/src/components/table/table-selectable.spec.js,Duplicate Assert,"{'line': 172, 'column': 4, 'index': 5451}","  170 |     expect(wrapper.attributes('aria-multiselectable')).toBe('false')
  171 |     expect(wrapper.classes()).toContain('b-table-selectable')
> 172 |     expect(wrapper.classes()).toContain('b-table-select-single')
      |    ^ Duplicate Assert
  173 |     expect(wrapper.classes()).not.toContain('b-table-selectable-no-click')
  174 |     expect(wrapper.classes()).not.toContain('b-table-selecting')
  175 |     expect(wrapper.classes()).not.toContain('b-table-select-multi')"
/home/gabriel/Disk/Research/research-javascript-test-smells/repositories/bootstrap-vue-dev/src/components/table/table-selectable.spec.js,Duplicate Assert,"{'line': 173, 'column': 4, 'index': 5516}","  171 |     expect(wrapper.classes()).toContain('b-table-selectable')
  172 |     expect(wrapper.classes()).toContain('b-table-select-single')
> 173 |     expect(wrapper.classes()).not.toContain('b-table-selectable-no-click')
      |    ^ Duplicate Assert
  174 |     expect(wrapper.classes()).not.toContain('b-table-selecting')
  175 |     expect(wrapper.classes()).not.toContain('b-table-select-multi')
  176 |     expect(wrapper.classes()).not.toContain('b-table-select-range')"
/home/gabriel/Disk/Research/research-javascript-test-smells/repositories/bootstrap-vue-dev/src/components/table/table-selectable.spec.js,Duplicate Assert,"{'line': 174, 'column': 4, 'index': 5591}","  172 |     expect(wrapper.classes()).toContain('b-table-select-single')
  173 |     expect(wrapper.classes()).not.toContain('b-table-selectable-no-click')
> 174 |     expect(wrapper.classes()).not.toContain('b-table-selecting')
      |    ^ Duplicate Assert
  175 |     expect(wrapper.classes()).not.toContain('b-table-select-multi')
  176 |     expect(wrapper.classes()).not.toContain('b-table-select-range')
  177 |     expect(wrapper.emitted('row-selected')).toBeUndefined()"
/home/gabriel/Disk/Research/research-javascript-test-smells/repositories/bootstrap-vue-dev/src/components/table/table-selectable.spec.js,Duplicate Assert,"{'line': 174, 'column': 4, 'index': 5591}","  172 |     expect(wrapper.classes()).toContain('b-table-select-single')
  173 |     expect(wrapper.classes()).not.toContain('b-table-selectable-no-click')
> 174 |     expect(wrapper.classes()).not.toContain('b-table-selecting')
      |    ^ Duplicate Assert
  175 |     expect(wrapper.classes()).not.toContain('b-table-select-multi')
  176 |     expect(wrapper.classes()).not.toContain('b-table-select-range')
  177 |     expect(wrapper.emitted('row-selected')).toBeUndefined()"
/home/gabriel/Disk/Research/research-javascript-test-smells/repositories/bootstrap-vue-dev/src/components/table/table-selectable.spec.js,Duplicate Assert,"{'line': 175, 'column': 4, 'index': 5656}","  173 |     expect(wrapper.classes()).not.toContain('b-table-selectable-no-click')
  174 |     expect(wrapper.classes()).not.toContain('b-table-selecting')
> 175 |     expect(wrapper.classes()).not.toContain('b-table-select-multi')
      |    ^ Duplicate Assert
  176 |     expect(wrapper.classes()).not.toContain('b-table-select-range')
  177 |     expect(wrapper.emitted('row-selected')).toBeUndefined()
  178 |"
/home/gabriel/Disk/Research/research-javascript-test-smells/repositories/bootstrap-vue-dev/src/components/table/table-selectable.spec.js,Duplicate Assert,"{'line': 175, 'column': 4, 'index': 5656}","  173 |     expect(wrapper.classes()).not.toContain('b-table-selectable-no-click')
  174 |     expect(wrapper.classes()).not.toContain('b-table-selecting')
> 175 |     expect(wrapper.classes()).not.toContain('b-table-select-multi')
      |    ^ Duplicate Assert
  176 |     expect(wrapper.classes()).not.toContain('b-table-select-range')
  177 |     expect(wrapper.emitted('row-selected')).toBeUndefined()
  178 |"
/home/gabriel/Disk/Research/research-javascript-test-smells/repositories/bootstrap-vue-dev/src/components/table/table-selectable.spec.js,Duplicate Assert,"{'line': 176, 'column': 4, 'index': 5724}","  174 |     expect(wrapper.classes()).not.toContain('b-table-selecting')
  175 |     expect(wrapper.classes()).not.toContain('b-table-select-multi')
> 176 |     expect(wrapper.classes()).not.toContain('b-table-select-range')
      |    ^ Duplicate Assert
  177 |     expect(wrapper.emitted('row-selected')).toBeUndefined()
  178 |
  179 |     let $rows = wrapper.findAll('tbody > tr')"
/home/gabriel/Disk/Research/research-javascript-test-smells/repositories/bootstrap-vue-dev/src/components/table/table-selectable.spec.js,Duplicate Assert,"{'line': 176, 'column': 4, 'index': 5724}","  174 |     expect(wrapper.classes()).not.toContain('b-table-selecting')
  175 |     expect(wrapper.classes()).not.toContain('b-table-select-multi')
> 176 |     expect(wrapper.classes()).not.toContain('b-table-select-range')
      |    ^ Duplicate Assert
  177 |     expect(wrapper.emitted('row-selected')).toBeUndefined()
  178 |
  179 |     let $rows = wrapper.findAll('tbody > tr')"
/home/gabriel/Disk/Research/research-javascript-test-smells/repositories/bootstrap-vue-dev/src/components/table/table-selectable.spec.js,Duplicate Assert,"{'line': 177, 'column': 4, 'index': 5792}","  175 |     expect(wrapper.classes()).not.toContain('b-table-select-multi')
  176 |     expect(wrapper.classes()).not.toContain('b-table-select-range')
> 177 |     expect(wrapper.emitted('row-selected')).toBeUndefined()
      |    ^ Duplicate Assert
  178 |
  179 |     let $rows = wrapper.findAll('tbody > tr')
  180 |     expect($rows.length).toBe(4)"
/home/gabriel/Disk/Research/research-javascript-test-smells/repositories/bootstrap-vue-dev/src/components/table/table-selectable.spec.js,Duplicate Assert,"{'line': 181, 'column': 4, 'index': 5932}","  179 |     let $rows = wrapper.findAll('tbody > tr')
  180 |     expect($rows.length).toBe(4)
> 181 |     expect($rows.wrappers.every(r => r.find('[aria-selected=""false""]').exists())).toBe(true)
      |    ^ Duplicate Assert
  182 |     expect($rows.wrappers.every(r => r.find('[aria-selected=""false""]').exists())).toBe(true)
  183 |     expect($rows.wrappers.every(r => r.find('[tabindex=""0""]').exists())).toBe(true)
  184 |"
/home/gabriel/Disk/Research/research-javascript-test-smells/repositories/bootstrap-vue-dev/src/components/table/table-selectable.spec.js,Duplicate Assert,"{'line': 181, 'column': 4, 'index': 5932}","  179 |     let $rows = wrapper.findAll('tbody > tr')
  180 |     expect($rows.length).toBe(4)
> 181 |     expect($rows.wrappers.every(r => r.find('[aria-selected=""false""]').exists())).toBe(true)
      |    ^ Duplicate Assert
  182 |     expect($rows.wrappers.every(r => r.find('[aria-selected=""false""]').exists())).toBe(true)
  183 |     expect($rows.wrappers.every(r => r.find('[tabindex=""0""]').exists())).toBe(true)
  184 |"
/home/gabriel/Disk/Research/research-javascript-test-smells/repositories/bootstrap-vue-dev/src/components/table/table-selectable.spec.js,Duplicate Assert,"{'line': 182, 'column': 4, 'index': 6025}","  180 |     expect($rows.length).toBe(4)
  181 |     expect($rows.wrappers.every(r => r.find('[aria-selected=""false""]').exists())).toBe(true)
> 182 |     expect($rows.wrappers.every(r => r.find('[aria-selected=""false""]').exists())).toBe(true)
      |    ^ Duplicate Assert
  183 |     expect($rows.wrappers.every(r => r.find('[tabindex=""0""]').exists())).toBe(true)
  184 |
  185 |     // Click first row"
/home/gabriel/Disk/Research/research-javascript-test-smells/repositories/bootstrap-vue-dev/src/components/table/table-selectable.spec.js,Duplicate Assert,"{'line': 182, 'column': 4, 'index': 6025}","  180 |     expect($rows.length).toBe(4)
  181 |     expect($rows.wrappers.every(r => r.find('[aria-selected=""false""]').exists())).toBe(true)
> 182 |     expect($rows.wrappers.every(r => r.find('[aria-selected=""false""]').exists())).toBe(true)
      |    ^ Duplicate Assert
  183 |     expect($rows.wrappers.every(r => r.find('[tabindex=""0""]').exists())).toBe(true)
  184 |
  185 |     // Click first row"
/home/gabriel/Disk/Research/research-javascript-test-smells/repositories/bootstrap-vue-dev/src/components/table/table-selectable.spec.js,Duplicate Assert,"{'line': 183, 'column': 4, 'index': 6118}","  181 |     expect($rows.wrappers.every(r => r.find('[aria-selected=""false""]').exists())).toBe(true)
  182 |     expect($rows.wrappers.every(r => r.find('[aria-selected=""false""]').exists())).toBe(true)
> 183 |     expect($rows.wrappers.every(r => r.find('[tabindex=""0""]').exists())).toBe(true)
      |    ^ Duplicate Assert
  184 |
  185 |     // Click first row
  186 |     await wrapper"
/home/gabriel/Disk/Research/research-javascript-test-smells/repositories/bootstrap-vue-dev/src/components/table/table-selectable.spec.js,Duplicate Assert,"{'line': 183, 'column': 4, 'index': 6118}","  181 |     expect($rows.wrappers.every(r => r.find('[aria-selected=""false""]').exists())).toBe(true)
  182 |     expect($rows.wrappers.every(r => r.find('[aria-selected=""false""]').exists())).toBe(true)
> 183 |     expect($rows.wrappers.every(r => r.find('[tabindex=""0""]').exists())).toBe(true)
      |    ^ Duplicate Assert
  184 |
  185 |     // Click first row
  186 |     await wrapper"
/home/gabriel/Disk/Research/research-javascript-test-smells/repositories/bootstrap-vue-dev/src/components/table/table-selectable.spec.js,Duplicate Assert,"{'line': 191, 'column': 4, 'index': 6311}","  189 |       .trigger('click')
  190 |
> 191 |     expect(wrapper.emitted('row-selected')).toBeDefined()
      |    ^ Duplicate Assert
  192 |     expect(wrapper.emitted('row-selected').length).toBe(1)
  193 |     expect(wrapper.emitted('row-selected')[0][0]).toEqual([testItems[0]])
  194 |"
/home/gabriel/Disk/Research/research-javascript-test-smells/repositories/bootstrap-vue-dev/src/components/table/table-selectable.spec.js,Duplicate Assert,"{'line': 192, 'column': 4, 'index': 6369}","  190 |
  191 |     expect(wrapper.emitted('row-selected')).toBeDefined()
> 192 |     expect(wrapper.emitted('row-selected').length).toBe(1)
      |    ^ Duplicate Assert
  193 |     expect(wrapper.emitted('row-selected')[0][0]).toEqual([testItems[0]])
  194 |
  195 |     $rows = wrapper.findAll('tbody > tr')"
/home/gabriel/Disk/Research/research-javascript-test-smells/repositories/bootstrap-vue-dev/src/components/table/table-selectable.spec.js,Duplicate Assert,"{'line': 196, 'column': 4, 'index': 6545}","  194 |
  195 |     $rows = wrapper.findAll('tbody > tr')
> 196 |     expect($rows.wrappers.every(r => r.find('[tabindex=""0""]').exists())).toBe(true)
      |    ^ Duplicate Assert
  197 |     expect($rows.at(0).attributes('aria-selected')).toBe('true')
  198 |     expect($rows.at(1).attributes('aria-selected')).toBe('false')
  199 |     expect($rows.at(2).attributes('aria-selected')).toBe('false')"
/home/gabriel/Disk/Research/research-javascript-test-smells/repositories/bootstrap-vue-dev/src/components/table/table-selectable.spec.js,Duplicate Assert,"{'line': 196, 'column': 4, 'index': 6545}","  194 |
  195 |     $rows = wrapper.findAll('tbody > tr')
> 196 |     expect($rows.wrappers.every(r => r.find('[tabindex=""0""]').exists())).toBe(true)
      |    ^ Duplicate Assert
  197 |     expect($rows.at(0).attributes('aria-selected')).toBe('true')
  198 |     expect($rows.at(1).attributes('aria-selected')).toBe('false')
  199 |     expect($rows.at(2).attributes('aria-selected')).toBe('false')"
/home/gabriel/Disk/Research/research-javascript-test-smells/repositories/bootstrap-vue-dev/src/components/table/table-selectable.spec.js,Duplicate Assert,"{'line': 197, 'column': 4, 'index': 6629}","  195 |     $rows = wrapper.findAll('tbody > tr')
  196 |     expect($rows.wrappers.every(r => r.find('[tabindex=""0""]').exists())).toBe(true)
> 197 |     expect($rows.at(0).attributes('aria-selected')).toBe('true')
      |    ^ Duplicate Assert
  198 |     expect($rows.at(1).attributes('aria-selected')).toBe('false')
  199 |     expect($rows.at(2).attributes('aria-selected')).toBe('false')
  200 |     expect($rows.at(3).attributes('aria-selected')).toBe('false')"
/home/gabriel/Disk/Research/research-javascript-test-smells/repositories/bootstrap-vue-dev/src/components/table/table-selectable.spec.js,Duplicate Assert,"{'line': 198, 'column': 4, 'index': 6694}","  196 |     expect($rows.wrappers.every(r => r.find('[tabindex=""0""]').exists())).toBe(true)
  197 |     expect($rows.at(0).attributes('aria-selected')).toBe('true')
> 198 |     expect($rows.at(1).attributes('aria-selected')).toBe('false')
      |    ^ Duplicate Assert
  199 |     expect($rows.at(2).attributes('aria-selected')).toBe('false')
  200 |     expect($rows.at(3).attributes('aria-selected')).toBe('false')
  201 |     expect(wrapper.classes()).toContain('b-table-selectable')"
/home/gabriel/Disk/Research/research-javascript-test-smells/repositories/bootstrap-vue-dev/src/components/table/table-selectable.spec.js,Duplicate Assert,"{'line': 198, 'column': 4, 'index': 6694}","  196 |     expect($rows.wrappers.every(r => r.find('[tabindex=""0""]').exists())).toBe(true)
  197 |     expect($rows.at(0).attributes('aria-selected')).toBe('true')
> 198 |     expect($rows.at(1).attributes('aria-selected')).toBe('false')
      |    ^ Duplicate Assert
  199 |     expect($rows.at(2).attributes('aria-selected')).toBe('false')
  200 |     expect($rows.at(3).attributes('aria-selected')).toBe('false')
  201 |     expect(wrapper.classes()).toContain('b-table-selectable')"
/home/gabriel/Disk/Research/research-javascript-test-smells/repositories/bootstrap-vue-dev/src/components/table/table-selectable.spec.js,Duplicate Assert,"{'line': 199, 'column': 4, 'index': 6760}","  197 |     expect($rows.at(0).attributes('aria-selected')).toBe('true')
  198 |     expect($rows.at(1).attributes('aria-selected')).toBe('false')
> 199 |     expect($rows.at(2).attributes('aria-selected')).toBe('false')
      |    ^ Duplicate Assert
  200 |     expect($rows.at(3).attributes('aria-selected')).toBe('false')
  201 |     expect(wrapper.classes()).toContain('b-table-selectable')
  202 |     expect(wrapper.classes()).toContain('b-table-select-single')"
/home/gabriel/Disk/Research/research-javascript-test-smells/repositories/bootstrap-vue-dev/src/components/table/table-selectable.spec.js,Duplicate Assert,"{'line': 199, 'column': 4, 'index': 6760}","  197 |     expect($rows.at(0).attributes('aria-selected')).toBe('true')
  198 |     expect($rows.at(1).attributes('aria-selected')).toBe('false')
> 199 |     expect($rows.at(2).attributes('aria-selected')).toBe('false')
      |    ^ Duplicate Assert
  200 |     expect($rows.at(3).attributes('aria-selected')).toBe('false')
  201 |     expect(wrapper.classes()).toContain('b-table-selectable')
  202 |     expect(wrapper.classes()).toContain('b-table-select-single')"
/home/gabriel/Disk/Research/research-javascript-test-smells/repositories/bootstrap-vue-dev/src/components/table/table-selectable.spec.js,Duplicate Assert,"{'line': 200, 'column': 4, 'index': 6826}","  198 |     expect($rows.at(1).attributes('aria-selected')).toBe('false')
  199 |     expect($rows.at(2).attributes('aria-selected')).toBe('false')
> 200 |     expect($rows.at(3).attributes('aria-selected')).toBe('false')
      |    ^ Duplicate Assert
  201 |     expect(wrapper.classes()).toContain('b-table-selectable')
  202 |     expect(wrapper.classes()).toContain('b-table-select-single')
  203 |     expect(wrapper.classes()).toContain('b-table-selecting')"
/home/gabriel/Disk/Research/research-javascript-test-smells/repositories/bootstrap-vue-dev/src/components/table/table-selectable.spec.js,Duplicate Assert,"{'line': 200, 'column': 4, 'index': 6826}","  198 |     expect($rows.at(1).attributes('aria-selected')).toBe('false')
  199 |     expect($rows.at(2).attributes('aria-selected')).toBe('false')
> 200 |     expect($rows.at(3).attributes('aria-selected')).toBe('false')
      |    ^ Duplicate Assert
  201 |     expect(wrapper.classes()).toContain('b-table-selectable')
  202 |     expect(wrapper.classes()).toContain('b-table-select-single')
  203 |     expect(wrapper.classes()).toContain('b-table-selecting')"
/home/gabriel/Disk/Research/research-javascript-test-smells/repositories/bootstrap-vue-dev/src/components/table/table-selectable.spec.js,Duplicate Assert,"{'line': 201, 'column': 4, 'index': 6892}","  199 |     expect($rows.at(2).attributes('aria-selected')).toBe('false')
  200 |     expect($rows.at(3).attributes('aria-selected')).toBe('false')
> 201 |     expect(wrapper.classes()).toContain('b-table-selectable')
      |    ^ Duplicate Assert
  202 |     expect(wrapper.classes()).toContain('b-table-select-single')
  203 |     expect(wrapper.classes()).toContain('b-table-selecting')
  204 |     expect(wrapper.classes()).not.toContain('b-table-select-multi')"
/home/gabriel/Disk/Research/research-javascript-test-smells/repositories/bootstrap-vue-dev/src/components/table/table-selectable.spec.js,Duplicate Assert,"{'line': 201, 'column': 4, 'index': 6892}","  199 |     expect($rows.at(2).attributes('aria-selected')).toBe('false')
  200 |     expect($rows.at(3).attributes('aria-selected')).toBe('false')
> 201 |     expect(wrapper.classes()).toContain('b-table-selectable')
      |    ^ Duplicate Assert
  202 |     expect(wrapper.classes()).toContain('b-table-select-single')
  203 |     expect(wrapper.classes()).toContain('b-table-selecting')
  204 |     expect(wrapper.classes()).not.toContain('b-table-select-multi')"
/home/gabriel/Disk/Research/research-javascript-test-smells/repositories/bootstrap-vue-dev/src/components/table/table-selectable.spec.js,Duplicate Assert,"{'line': 202, 'column': 4, 'index': 6954}","  200 |     expect($rows.at(3).attributes('aria-selected')).toBe('false')
  201 |     expect(wrapper.classes()).toContain('b-table-selectable')
> 202 |     expect(wrapper.classes()).toContain('b-table-select-single')
      |    ^ Duplicate Assert
  203 |     expect(wrapper.classes()).toContain('b-table-selecting')
  204 |     expect(wrapper.classes()).not.toContain('b-table-select-multi')
  205 |     expect(wrapper.classes()).not.toContain('b-table-select-range')"
/home/gabriel/Disk/Research/research-javascript-test-smells/repositories/bootstrap-vue-dev/src/components/table/table-selectable.spec.js,Duplicate Assert,"{'line': 202, 'column': 4, 'index': 6954}","  200 |     expect($rows.at(3).attributes('aria-selected')).toBe('false')
  201 |     expect(wrapper.classes()).toContain('b-table-selectable')
> 202 |     expect(wrapper.classes()).toContain('b-table-select-single')
      |    ^ Duplicate Assert
  203 |     expect(wrapper.classes()).toContain('b-table-selecting')
  204 |     expect(wrapper.classes()).not.toContain('b-table-select-multi')
  205 |     expect(wrapper.classes()).not.toContain('b-table-select-range')"
/home/gabriel/Disk/Research/research-javascript-test-smells/repositories/bootstrap-vue-dev/src/components/table/table-selectable.spec.js,Duplicate Assert,"{'line': 203, 'column': 4, 'index': 7019}","  201 |     expect(wrapper.classes()).toContain('b-table-selectable')
  202 |     expect(wrapper.classes()).toContain('b-table-select-single')
> 203 |     expect(wrapper.classes()).toContain('b-table-selecting')
      |    ^ Duplicate Assert
  204 |     expect(wrapper.classes()).not.toContain('b-table-select-multi')
  205 |     expect(wrapper.classes()).not.toContain('b-table-select-range')
  206 |"
/home/gabriel/Disk/Research/research-javascript-test-smells/repositories/bootstrap-vue-dev/src/components/table/table-selectable.spec.js,Duplicate Assert,"{'line': 203, 'column': 4, 'index': 7019}","  201 |     expect(wrapper.classes()).toContain('b-table-selectable')
  202 |     expect(wrapper.classes()).toContain('b-table-select-single')
> 203 |     expect(wrapper.classes()).toContain('b-table-selecting')
      |    ^ Duplicate Assert
  204 |     expect(wrapper.classes()).not.toContain('b-table-select-multi')
  205 |     expect(wrapper.classes()).not.toContain('b-table-select-range')
  206 |"
/home/gabriel/Disk/Research/research-javascript-test-smells/repositories/bootstrap-vue-dev/src/components/table/table-selectable.spec.js,Duplicate Assert,"{'line': 204, 'column': 4, 'index': 7080}","  202 |     expect(wrapper.classes()).toContain('b-table-select-single')
  203 |     expect(wrapper.classes()).toContain('b-table-selecting')
> 204 |     expect(wrapper.classes()).not.toContain('b-table-select-multi')
      |    ^ Duplicate Assert
  205 |     expect(wrapper.classes()).not.toContain('b-table-select-range')
  206 |
  207 |     // Click third row to select it"
/home/gabriel/Disk/Research/research-javascript-test-smells/repositories/bootstrap-vue-dev/src/components/table/table-selectable.spec.js,Duplicate Assert,"{'line': 204, 'column': 4, 'index': 7080}","  202 |     expect(wrapper.classes()).toContain('b-table-select-single')
  203 |     expect(wrapper.classes()).toContain('b-table-selecting')
> 204 |     expect(wrapper.classes()).not.toContain('b-table-select-multi')
      |    ^ Duplicate Assert
  205 |     expect(wrapper.classes()).not.toContain('b-table-select-range')
  206 |
  207 |     // Click third row to select it"
/home/gabriel/Disk/Research/research-javascript-test-smells/repositories/bootstrap-vue-dev/src/components/table/table-selectable.spec.js,Duplicate Assert,"{'line': 205, 'column': 4, 'index': 7148}","  203 |     expect(wrapper.classes()).toContain('b-table-selecting')
  204 |     expect(wrapper.classes()).not.toContain('b-table-select-multi')
> 205 |     expect(wrapper.classes()).not.toContain('b-table-select-range')
      |    ^ Duplicate Assert
  206 |
  207 |     // Click third row to select it
  208 |     await wrapper"
/home/gabriel/Disk/Research/research-javascript-test-smells/repositories/bootstrap-vue-dev/src/components/table/table-selectable.spec.js,Duplicate Assert,"{'line': 205, 'column': 4, 'index': 7148}","  203 |     expect(wrapper.classes()).toContain('b-table-selecting')
  204 |     expect(wrapper.classes()).not.toContain('b-table-select-multi')
> 205 |     expect(wrapper.classes()).not.toContain('b-table-select-range')
      |    ^ Duplicate Assert
  206 |
  207 |     // Click third row to select it
  208 |     await wrapper"
/home/gabriel/Disk/Research/research-javascript-test-smells/repositories/bootstrap-vue-dev/src/components/table/table-selectable.spec.js,Duplicate Assert,"{'line': 213, 'column': 4, 'index': 7338}","  211 |       .trigger('click')
  212 |
> 213 |     expect(wrapper.emitted('row-selected').length).toBe(2)
      |    ^ Duplicate Assert
  214 |     expect(wrapper.emitted('row-selected')[1][0]).toEqual([testItems[2]])
  215 |
  216 |     $rows = wrapper.findAll('tbody > tr')"
/home/gabriel/Disk/Research/research-javascript-test-smells/repositories/bootstrap-vue-dev/src/components/table/table-selectable.spec.js,Duplicate Assert,"{'line': 217, 'column': 4, 'index': 7514}","  215 |
  216 |     $rows = wrapper.findAll('tbody > tr')
> 217 |     expect($rows.wrappers.every(r => r.find('[tabindex=""0""]').exists())).toBe(true)
      |    ^ Duplicate Assert
  218 |     expect($rows.at(0).attributes('aria-selected')).toBe('false')
  219 |     expect($rows.at(1).attributes('aria-selected')).toBe('false')
  220 |     expect($rows.at(2).attributes('aria-selected')).toBe('true')"
/home/gabriel/Disk/Research/research-javascript-test-smells/repositories/bootstrap-vue-dev/src/components/table/table-selectable.spec.js,Duplicate Assert,"{'line': 217, 'column': 4, 'index': 7514}","  215 |
  216 |     $rows = wrapper.findAll('tbody > tr')
> 217 |     expect($rows.wrappers.every(r => r.find('[tabindex=""0""]').exists())).toBe(true)
      |    ^ Duplicate Assert
  218 |     expect($rows.at(0).attributes('aria-selected')).toBe('false')
  219 |     expect($rows.at(1).attributes('aria-selected')).toBe('false')
  220 |     expect($rows.at(2).attributes('aria-selected')).toBe('true')"
/home/gabriel/Disk/Research/research-javascript-test-smells/repositories/bootstrap-vue-dev/src/components/table/table-selectable.spec.js,Duplicate Assert,"{'line': 218, 'column': 4, 'index': 7598}","  216 |     $rows = wrapper.findAll('tbody > tr')
  217 |     expect($rows.wrappers.every(r => r.find('[tabindex=""0""]').exists())).toBe(true)
> 218 |     expect($rows.at(0).attributes('aria-selected')).toBe('false')
      |    ^ Duplicate Assert
  219 |     expect($rows.at(1).attributes('aria-selected')).toBe('false')
  220 |     expect($rows.at(2).attributes('aria-selected')).toBe('true')
  221 |     expect($rows.at(3).attributes('aria-selected')).toBe('false')"
/home/gabriel/Disk/Research/research-javascript-test-smells/repositories/bootstrap-vue-dev/src/components/table/table-selectable.spec.js,Duplicate Assert,"{'line': 218, 'column': 4, 'index': 7598}","  216 |     $rows = wrapper.findAll('tbody > tr')
  217 |     expect($rows.wrappers.every(r => r.find('[tabindex=""0""]').exists())).toBe(true)
> 218 |     expect($rows.at(0).attributes('aria-selected')).toBe('false')
      |    ^ Duplicate Assert
  219 |     expect($rows.at(1).attributes('aria-selected')).toBe('false')
  220 |     expect($rows.at(2).attributes('aria-selected')).toBe('true')
  221 |     expect($rows.at(3).attributes('aria-selected')).toBe('false')"
/home/gabriel/Disk/Research/research-javascript-test-smells/repositories/bootstrap-vue-dev/src/components/table/table-selectable.spec.js,Duplicate Assert,"{'line': 219, 'column': 4, 'index': 7664}","  217 |     expect($rows.wrappers.every(r => r.find('[tabindex=""0""]').exists())).toBe(true)
  218 |     expect($rows.at(0).attributes('aria-selected')).toBe('false')
> 219 |     expect($rows.at(1).attributes('aria-selected')).toBe('false')
      |    ^ Duplicate Assert
  220 |     expect($rows.at(2).attributes('aria-selected')).toBe('true')
  221 |     expect($rows.at(3).attributes('aria-selected')).toBe('false')
  222 |     expect(wrapper.classes()).toContain('b-table-selectable')"
/home/gabriel/Disk/Research/research-javascript-test-smells/repositories/bootstrap-vue-dev/src/components/table/table-selectable.spec.js,Duplicate Assert,"{'line': 219, 'column': 4, 'index': 7664}","  217 |     expect($rows.wrappers.every(r => r.find('[tabindex=""0""]').exists())).toBe(true)
  218 |     expect($rows.at(0).attributes('aria-selected')).toBe('false')
> 219 |     expect($rows.at(1).attributes('aria-selected')).toBe('false')
      |    ^ Duplicate Assert
  220 |     expect($rows.at(2).attributes('aria-selected')).toBe('true')
  221 |     expect($rows.at(3).attributes('aria-selected')).toBe('false')
  222 |     expect(wrapper.classes()).toContain('b-table-selectable')"
/home/gabriel/Disk/Research/research-javascript-test-smells/repositories/bootstrap-vue-dev/src/components/table/table-selectable.spec.js,Duplicate Assert,"{'line': 220, 'column': 4, 'index': 7730}","  218 |     expect($rows.at(0).attributes('aria-selected')).toBe('false')
  219 |     expect($rows.at(1).attributes('aria-selected')).toBe('false')
> 220 |     expect($rows.at(2).attributes('aria-selected')).toBe('true')
      |    ^ Duplicate Assert
  221 |     expect($rows.at(3).attributes('aria-selected')).toBe('false')
  222 |     expect(wrapper.classes()).toContain('b-table-selectable')
  223 |     expect(wrapper.classes()).toContain('b-table-select-single')"
/home/gabriel/Disk/Research/research-javascript-test-smells/repositories/bootstrap-vue-dev/src/components/table/table-selectable.spec.js,Duplicate Assert,"{'line': 221, 'column': 4, 'index': 7795}","  219 |     expect($rows.at(1).attributes('aria-selected')).toBe('false')
  220 |     expect($rows.at(2).attributes('aria-selected')).toBe('true')
> 221 |     expect($rows.at(3).attributes('aria-selected')).toBe('false')
      |    ^ Duplicate Assert
  222 |     expect(wrapper.classes()).toContain('b-table-selectable')
  223 |     expect(wrapper.classes()).toContain('b-table-select-single')
  224 |     expect(wrapper.classes()).toContain('b-table-selecting')"
/home/gabriel/Disk/Research/research-javascript-test-smells/repositories/bootstrap-vue-dev/src/components/table/table-selectable.spec.js,Duplicate Assert,"{'line': 221, 'column': 4, 'index': 7795}","  219 |     expect($rows.at(1).attributes('aria-selected')).toBe('false')
  220 |     expect($rows.at(2).attributes('aria-selected')).toBe('true')
> 221 |     expect($rows.at(3).attributes('aria-selected')).toBe('false')
      |    ^ Duplicate Assert
  222 |     expect(wrapper.classes()).toContain('b-table-selectable')
  223 |     expect(wrapper.classes()).toContain('b-table-select-single')
  224 |     expect(wrapper.classes()).toContain('b-table-selecting')"
/home/gabriel/Disk/Research/research-javascript-test-smells/repositories/bootstrap-vue-dev/src/components/table/table-selectable.spec.js,Duplicate Assert,"{'line': 222, 'column': 4, 'index': 7861}","  220 |     expect($rows.at(2).attributes('aria-selected')).toBe('true')
  221 |     expect($rows.at(3).attributes('aria-selected')).toBe('false')
> 222 |     expect(wrapper.classes()).toContain('b-table-selectable')
      |    ^ Duplicate Assert
  223 |     expect(wrapper.classes()).toContain('b-table-select-single')
  224 |     expect(wrapper.classes()).toContain('b-table-selecting')
  225 |     expect(wrapper.classes()).not.toContain('b-table-select-multi')"
/home/gabriel/Disk/Research/research-javascript-test-smells/repositories/bootstrap-vue-dev/src/components/table/table-selectable.spec.js,Duplicate Assert,"{'line': 222, 'column': 4, 'index': 7861}","  220 |     expect($rows.at(2).attributes('aria-selected')).toBe('true')
  221 |     expect($rows.at(3).attributes('aria-selected')).toBe('false')
> 222 |     expect(wrapper.classes()).toContain('b-table-selectable')
      |    ^ Duplicate Assert
  223 |     expect(wrapper.classes()).toContain('b-table-select-single')
  224 |     expect(wrapper.classes()).toContain('b-table-selecting')
  225 |     expect(wrapper.classes()).not.toContain('b-table-select-multi')"
/home/gabriel/Disk/Research/research-javascript-test-smells/repositories/bootstrap-vue-dev/src/components/table/table-selectable.spec.js,Duplicate Assert,"{'line': 223, 'column': 4, 'index': 7923}","  221 |     expect($rows.at(3).attributes('aria-selected')).toBe('false')
  222 |     expect(wrapper.classes()).toContain('b-table-selectable')
> 223 |     expect(wrapper.classes()).toContain('b-table-select-single')
      |    ^ Duplicate Assert
  224 |     expect(wrapper.classes()).toContain('b-table-selecting')
  225 |     expect(wrapper.classes()).not.toContain('b-table-select-multi')
  226 |     expect(wrapper.classes()).not.toContain('b-table-select-range')"
/home/gabriel/Disk/Research/research-javascript-test-smells/repositories/bootstrap-vue-dev/src/components/table/table-selectable.spec.js,Duplicate Assert,"{'line': 223, 'column': 4, 'index': 7923}","  221 |     expect($rows.at(3).attributes('aria-selected')).toBe('false')
  222 |     expect(wrapper.classes()).toContain('b-table-selectable')
> 223 |     expect(wrapper.classes()).toContain('b-table-select-single')
      |    ^ Duplicate Assert
  224 |     expect(wrapper.classes()).toContain('b-table-selecting')
  225 |     expect(wrapper.classes()).not.toContain('b-table-select-multi')
  226 |     expect(wrapper.classes()).not.toContain('b-table-select-range')"
/home/gabriel/Disk/Research/research-javascript-test-smells/repositories/bootstrap-vue-dev/src/components/table/table-selectable.spec.js,Duplicate Assert,"{'line': 224, 'column': 4, 'index': 7988}","  222 |     expect(wrapper.classes()).toContain('b-table-selectable')
  223 |     expect(wrapper.classes()).toContain('b-table-select-single')
> 224 |     expect(wrapper.classes()).toContain('b-table-selecting')
      |    ^ Duplicate Assert
  225 |     expect(wrapper.classes()).not.toContain('b-table-select-multi')
  226 |     expect(wrapper.classes()).not.toContain('b-table-select-range')
  227 |"
/home/gabriel/Disk/Research/research-javascript-test-smells/repositories/bootstrap-vue-dev/src/components/table/table-selectable.spec.js,Duplicate Assert,"{'line': 224, 'column': 4, 'index': 7988}","  222 |     expect(wrapper.classes()).toContain('b-table-selectable')
  223 |     expect(wrapper.classes()).toContain('b-table-select-single')
> 224 |     expect(wrapper.classes()).toContain('b-table-selecting')
      |    ^ Duplicate Assert
  225 |     expect(wrapper.classes()).not.toContain('b-table-select-multi')
  226 |     expect(wrapper.classes()).not.toContain('b-table-select-range')
  227 |"
/home/gabriel/Disk/Research/research-javascript-test-smells/repositories/bootstrap-vue-dev/src/components/table/table-selectable.spec.js,Duplicate Assert,"{'line': 225, 'column': 4, 'index': 8049}","  223 |     expect(wrapper.classes()).toContain('b-table-select-single')
  224 |     expect(wrapper.classes()).toContain('b-table-selecting')
> 225 |     expect(wrapper.classes()).not.toContain('b-table-select-multi')
      |    ^ Duplicate Assert
  226 |     expect(wrapper.classes()).not.toContain('b-table-select-range')
  227 |
  228 |     // Click third row again to clear selection"
/home/gabriel/Disk/Research/research-javascript-test-smells/repositories/bootstrap-vue-dev/src/components/table/table-selectable.spec.js,Duplicate Assert,"{'line': 225, 'column': 4, 'index': 8049}","  223 |     expect(wrapper.classes()).toContain('b-table-select-single')
  224 |     expect(wrapper.classes()).toContain('b-table-selecting')
> 225 |     expect(wrapper.classes()).not.toContain('b-table-select-multi')
      |    ^ Duplicate Assert
  226 |     expect(wrapper.classes()).not.toContain('b-table-select-range')
  227 |
  228 |     // Click third row again to clear selection"
/home/gabriel/Disk/Research/research-javascript-test-smells/repositories/bootstrap-vue-dev/src/components/table/table-selectable.spec.js,Duplicate Assert,"{'line': 226, 'column': 4, 'index': 8117}","  224 |     expect(wrapper.classes()).toContain('b-table-selecting')
  225 |     expect(wrapper.classes()).not.toContain('b-table-select-multi')
> 226 |     expect(wrapper.classes()).not.toContain('b-table-select-range')
      |    ^ Duplicate Assert
  227 |
  228 |     // Click third row again to clear selection
  229 |     await wrapper"
/home/gabriel/Disk/Research/research-javascript-test-smells/repositories/bootstrap-vue-dev/src/components/table/table-selectable.spec.js,Duplicate Assert,"{'line': 226, 'column': 4, 'index': 8117}","  224 |     expect(wrapper.classes()).toContain('b-table-selecting')
  225 |     expect(wrapper.classes()).not.toContain('b-table-select-multi')
> 226 |     expect(wrapper.classes()).not.toContain('b-table-select-range')
      |    ^ Duplicate Assert
  227 |
  228 |     // Click third row again to clear selection
  229 |     await wrapper"
/home/gabriel/Disk/Research/research-javascript-test-smells/repositories/bootstrap-vue-dev/src/components/table/table-selectable.spec.js,Duplicate Assert,"{'line': 234, 'column': 4, 'index': 8319}","  232 |       .trigger('click')
  233 |
> 234 |     expect(wrapper.emitted('row-selected').length).toBe(3)
      |    ^ Duplicate Assert
  235 |     expect(wrapper.emitted('row-selected')[2][0]).toEqual([])
  236 |
  237 |     $rows = wrapper.findAll('tbody > tr')"
/home/gabriel/Disk/Research/research-javascript-test-smells/repositories/bootstrap-vue-dev/src/components/table/table-selectable.spec.js,Duplicate Assert,"{'line': 238, 'column': 4, 'index': 8483}","  236 |
  237 |     $rows = wrapper.findAll('tbody > tr')
> 238 |     expect($rows.wrappers.every(r => r.find('[tabindex=""0""]').exists())).toBe(true)
      |    ^ Duplicate Assert
  239 |     expect($rows.at(0).attributes('aria-selected')).toBe('false')
  240 |     expect($rows.at(1).attributes('aria-selected')).toBe('false')
  241 |     expect($rows.at(2).attributes('aria-selected')).toBe('false')"
/home/gabriel/Disk/Research/research-javascript-test-smells/repositories/bootstrap-vue-dev/src/components/table/table-selectable.spec.js,Duplicate Assert,"{'line': 238, 'column': 4, 'index': 8483}","  236 |
  237 |     $rows = wrapper.findAll('tbody > tr')
> 238 |     expect($rows.wrappers.every(r => r.find('[tabindex=""0""]').exists())).toBe(true)
      |    ^ Duplicate Assert
  239 |     expect($rows.at(0).attributes('aria-selected')).toBe('false')
  240 |     expect($rows.at(1).attributes('aria-selected')).toBe('false')
  241 |     expect($rows.at(2).attributes('aria-selected')).toBe('false')"
/home/gabriel/Disk/Research/research-javascript-test-smells/repositories/bootstrap-vue-dev/src/components/table/table-selectable.spec.js,Duplicate Assert,"{'line': 239, 'column': 4, 'index': 8567}","  237 |     $rows = wrapper.findAll('tbody > tr')
  238 |     expect($rows.wrappers.every(r => r.find('[tabindex=""0""]').exists())).toBe(true)
> 239 |     expect($rows.at(0).attributes('aria-selected')).toBe('false')
      |    ^ Duplicate Assert
  240 |     expect($rows.at(1).attributes('aria-selected')).toBe('false')
  241 |     expect($rows.at(2).attributes('aria-selected')).toBe('false')
  242 |     expect($rows.at(3).attributes('aria-selected')).toBe('false')"
/home/gabriel/Disk/Research/research-javascript-test-smells/repositories/bootstrap-vue-dev/src/components/table/table-selectable.spec.js,Duplicate Assert,"{'line': 239, 'column': 4, 'index': 8567}","  237 |     $rows = wrapper.findAll('tbody > tr')
  238 |     expect($rows.wrappers.every(r => r.find('[tabindex=""0""]').exists())).toBe(true)
> 239 |     expect($rows.at(0).attributes('aria-selected')).toBe('false')
      |    ^ Duplicate Assert
  240 |     expect($rows.at(1).attributes('aria-selected')).toBe('false')
  241 |     expect($rows.at(2).attributes('aria-selected')).toBe('false')
  242 |     expect($rows.at(3).attributes('aria-selected')).toBe('false')"
/home/gabriel/Disk/Research/research-javascript-test-smells/repositories/bootstrap-vue-dev/src/components/table/table-selectable.spec.js,Duplicate Assert,"{'line': 240, 'column': 4, 'index': 8633}","  238 |     expect($rows.wrappers.every(r => r.find('[tabindex=""0""]').exists())).toBe(true)
  239 |     expect($rows.at(0).attributes('aria-selected')).toBe('false')
> 240 |     expect($rows.at(1).attributes('aria-selected')).toBe('false')
      |    ^ Duplicate Assert
  241 |     expect($rows.at(2).attributes('aria-selected')).toBe('false')
  242 |     expect($rows.at(3).attributes('aria-selected')).toBe('false')
  243 |     expect(wrapper.classes()).toContain('b-table-selectable')"
/home/gabriel/Disk/Research/research-javascript-test-smells/repositories/bootstrap-vue-dev/src/components/table/table-selectable.spec.js,Duplicate Assert,"{'line': 240, 'column': 4, 'index': 8633}","  238 |     expect($rows.wrappers.every(r => r.find('[tabindex=""0""]').exists())).toBe(true)
  239 |     expect($rows.at(0).attributes('aria-selected')).toBe('false')
> 240 |     expect($rows.at(1).attributes('aria-selected')).toBe('false')
      |    ^ Duplicate Assert
  241 |     expect($rows.at(2).attributes('aria-selected')).toBe('false')
  242 |     expect($rows.at(3).attributes('aria-selected')).toBe('false')
  243 |     expect(wrapper.classes()).toContain('b-table-selectable')"
/home/gabriel/Disk/Research/research-javascript-test-smells/repositories/bootstrap-vue-dev/src/components/table/table-selectable.spec.js,Duplicate Assert,"{'line': 241, 'column': 4, 'index': 8699}","  239 |     expect($rows.at(0).attributes('aria-selected')).toBe('false')
  240 |     expect($rows.at(1).attributes('aria-selected')).toBe('false')
> 241 |     expect($rows.at(2).attributes('aria-selected')).toBe('false')
      |    ^ Duplicate Assert
  242 |     expect($rows.at(3).attributes('aria-selected')).toBe('false')
  243 |     expect(wrapper.classes()).toContain('b-table-selectable')
  244 |     expect(wrapper.classes()).toContain('b-table-select-single')"
/home/gabriel/Disk/Research/research-javascript-test-smells/repositories/bootstrap-vue-dev/src/components/table/table-selectable.spec.js,Duplicate Assert,"{'line': 241, 'column': 4, 'index': 8699}","  239 |     expect($rows.at(0).attributes('aria-selected')).toBe('false')
  240 |     expect($rows.at(1).attributes('aria-selected')).toBe('false')
> 241 |     expect($rows.at(2).attributes('aria-selected')).toBe('false')
      |    ^ Duplicate Assert
  242 |     expect($rows.at(3).attributes('aria-selected')).toBe('false')
  243 |     expect(wrapper.classes()).toContain('b-table-selectable')
  244 |     expect(wrapper.classes()).toContain('b-table-select-single')"
/home/gabriel/Disk/Research/research-javascript-test-smells/repositories/bootstrap-vue-dev/src/components/table/table-selectable.spec.js,Duplicate Assert,"{'line': 242, 'column': 4, 'index': 8765}","  240 |     expect($rows.at(1).attributes('aria-selected')).toBe('false')
  241 |     expect($rows.at(2).attributes('aria-selected')).toBe('false')
> 242 |     expect($rows.at(3).attributes('aria-selected')).toBe('false')
      |    ^ Duplicate Assert
  243 |     expect(wrapper.classes()).toContain('b-table-selectable')
  244 |     expect(wrapper.classes()).toContain('b-table-select-single')
  245 |     expect(wrapper.classes()).not.toContain('b-table-selecting')"
/home/gabriel/Disk/Research/research-javascript-test-smells/repositories/bootstrap-vue-dev/src/components/table/table-selectable.spec.js,Duplicate Assert,"{'line': 242, 'column': 4, 'index': 8765}","  240 |     expect($rows.at(1).attributes('aria-selected')).toBe('false')
  241 |     expect($rows.at(2).attributes('aria-selected')).toBe('false')
> 242 |     expect($rows.at(3).attributes('aria-selected')).toBe('false')
      |    ^ Duplicate Assert
  243 |     expect(wrapper.classes()).toContain('b-table-selectable')
  244 |     expect(wrapper.classes()).toContain('b-table-select-single')
  245 |     expect(wrapper.classes()).not.toContain('b-table-selecting')"
/home/gabriel/Disk/Research/research-javascript-test-smells/repositories/bootstrap-vue-dev/src/components/table/table-selectable.spec.js,Duplicate Assert,"{'line': 243, 'column': 4, 'index': 8831}","  241 |     expect($rows.at(2).attributes('aria-selected')).toBe('false')
  242 |     expect($rows.at(3).attributes('aria-selected')).toBe('false')
> 243 |     expect(wrapper.classes()).toContain('b-table-selectable')
      |    ^ Duplicate Assert
  244 |     expect(wrapper.classes()).toContain('b-table-select-single')
  245 |     expect(wrapper.classes()).not.toContain('b-table-selecting')
  246 |     expect(wrapper.classes()).not.toContain('b-table-select-multi')"
/home/gabriel/Disk/Research/research-javascript-test-smells/repositories/bootstrap-vue-dev/src/components/table/table-selectable.spec.js,Duplicate Assert,"{'line': 243, 'column': 4, 'index': 8831}","  241 |     expect($rows.at(2).attributes('aria-selected')).toBe('false')
  242 |     expect($rows.at(3).attributes('aria-selected')).toBe('false')
> 243 |     expect(wrapper.classes()).toContain('b-table-selectable')
      |    ^ Duplicate Assert
  244 |     expect(wrapper.classes()).toContain('b-table-select-single')
  245 |     expect(wrapper.classes()).not.toContain('b-table-selecting')
  246 |     expect(wrapper.classes()).not.toContain('b-table-select-multi')"
/home/gabriel/Disk/Research/research-javascript-test-smells/repositories/bootstrap-vue-dev/src/components/table/table-selectable.spec.js,Duplicate Assert,"{'line': 244, 'column': 4, 'index': 8893}","  242 |     expect($rows.at(3).attributes('aria-selected')).toBe('false')
  243 |     expect(wrapper.classes()).toContain('b-table-selectable')
> 244 |     expect(wrapper.classes()).toContain('b-table-select-single')
      |    ^ Duplicate Assert
  245 |     expect(wrapper.classes()).not.toContain('b-table-selecting')
  246 |     expect(wrapper.classes()).not.toContain('b-table-select-multi')
  247 |     expect(wrapper.classes()).not.toContain('b-table-select-range')"
/home/gabriel/Disk/Research/research-javascript-test-smells/repositories/bootstrap-vue-dev/src/components/table/table-selectable.spec.js,Duplicate Assert,"{'line': 244, 'column': 4, 'index': 8893}","  242 |     expect($rows.at(3).attributes('aria-selected')).toBe('false')
  243 |     expect(wrapper.classes()).toContain('b-table-selectable')
> 244 |     expect(wrapper.classes()).toContain('b-table-select-single')
      |    ^ Duplicate Assert
  245 |     expect(wrapper.classes()).not.toContain('b-table-selecting')
  246 |     expect(wrapper.classes()).not.toContain('b-table-select-multi')
  247 |     expect(wrapper.classes()).not.toContain('b-table-select-range')"
/home/gabriel/Disk/Research/research-javascript-test-smells/repositories/bootstrap-vue-dev/src/components/table/table-selectable.spec.js,Duplicate Assert,"{'line': 245, 'column': 4, 'index': 8958}","  243 |     expect(wrapper.classes()).toContain('b-table-selectable')
  244 |     expect(wrapper.classes()).toContain('b-table-select-single')
> 245 |     expect(wrapper.classes()).not.toContain('b-table-selecting')
      |    ^ Duplicate Assert
  246 |     expect(wrapper.classes()).not.toContain('b-table-select-multi')
  247 |     expect(wrapper.classes()).not.toContain('b-table-select-range')
  248 |"
/home/gabriel/Disk/Research/research-javascript-test-smells/repositories/bootstrap-vue-dev/src/components/table/table-selectable.spec.js,Duplicate Assert,"{'line': 245, 'column': 4, 'index': 8958}","  243 |     expect(wrapper.classes()).toContain('b-table-selectable')
  244 |     expect(wrapper.classes()).toContain('b-table-select-single')
> 245 |     expect(wrapper.classes()).not.toContain('b-table-selecting')
      |    ^ Duplicate Assert
  246 |     expect(wrapper.classes()).not.toContain('b-table-select-multi')
  247 |     expect(wrapper.classes()).not.toContain('b-table-select-range')
  248 |"
/home/gabriel/Disk/Research/research-javascript-test-smells/repositories/bootstrap-vue-dev/src/components/table/table-selectable.spec.js,Duplicate Assert,"{'line': 246, 'column': 4, 'index': 9023}","  244 |     expect(wrapper.classes()).toContain('b-table-select-single')
  245 |     expect(wrapper.classes()).not.toContain('b-table-selecting')
> 246 |     expect(wrapper.classes()).not.toContain('b-table-select-multi')
      |    ^ Duplicate Assert
  247 |     expect(wrapper.classes()).not.toContain('b-table-select-range')
  248 |
  249 |     wrapper.destroy()"
/home/gabriel/Disk/Research/research-javascript-test-smells/repositories/bootstrap-vue-dev/src/components/table/table-selectable.spec.js,Duplicate Assert,"{'line': 246, 'column': 4, 'index': 9023}","  244 |     expect(wrapper.classes()).toContain('b-table-select-single')
  245 |     expect(wrapper.classes()).not.toContain('b-table-selecting')
> 246 |     expect(wrapper.classes()).not.toContain('b-table-select-multi')
      |    ^ Duplicate Assert
  247 |     expect(wrapper.classes()).not.toContain('b-table-select-range')
  248 |
  249 |     wrapper.destroy()"
/home/gabriel/Disk/Research/research-javascript-test-smells/repositories/bootstrap-vue-dev/src/components/table/table-selectable.spec.js,Duplicate Assert,"{'line': 247, 'column': 4, 'index': 9091}","  245 |     expect(wrapper.classes()).not.toContain('b-table-selecting')
  246 |     expect(wrapper.classes()).not.toContain('b-table-select-multi')
> 247 |     expect(wrapper.classes()).not.toContain('b-table-select-range')
      |    ^ Duplicate Assert
  248 |
  249 |     wrapper.destroy()
  250 |   })"
/home/gabriel/Disk/Research/research-javascript-test-smells/repositories/bootstrap-vue-dev/src/components/table/table-selectable.spec.js,Duplicate Assert,"{'line': 247, 'column': 4, 'index': 9091}","  245 |     expect(wrapper.classes()).not.toContain('b-table-selecting')
  246 |     expect(wrapper.classes()).not.toContain('b-table-select-multi')
> 247 |     expect(wrapper.classes()).not.toContain('b-table-select-range')
      |    ^ Duplicate Assert
  248 |
  249 |     wrapper.destroy()
  250 |   })"
/home/gabriel/Disk/Research/research-javascript-test-smells/repositories/bootstrap-vue-dev/src/components/table/table-selectable.spec.js,Duplicate Assert,"{'line': 267, 'column': 4, 'index': 9597}","  265 |     expect(wrapper.attributes('role')).toBe('grid')
  266 |     expect(wrapper.attributes('aria-multiselectable')).toBe('true')
> 267 |     expect(wrapper.classes()).toContain('b-table-selectable')
      |    ^ Duplicate Assert
  268 |     expect(wrapper.classes()).toContain('b-table-select-multi')
  269 |     expect(wrapper.classes()).not.toContain('b-table-select-single')
  270 |     expect(wrapper.classes()).not.toContain('b-table-select-range')"
/home/gabriel/Disk/Research/research-javascript-test-smells/repositories/bootstrap-vue-dev/src/components/table/table-selectable.spec.js,Duplicate Assert,"{'line': 267, 'column': 4, 'index': 9597}","  265 |     expect(wrapper.attributes('role')).toBe('grid')
  266 |     expect(wrapper.attributes('aria-multiselectable')).toBe('true')
> 267 |     expect(wrapper.classes()).toContain('b-table-selectable')
      |    ^ Duplicate Assert
  268 |     expect(wrapper.classes()).toContain('b-table-select-multi')
  269 |     expect(wrapper.classes()).not.toContain('b-table-select-single')
  270 |     expect(wrapper.classes()).not.toContain('b-table-select-range')"
/home/gabriel/Disk/Research/research-javascript-test-smells/repositories/bootstrap-vue-dev/src/components/table/table-selectable.spec.js,Duplicate Assert,"{'line': 268, 'column': 4, 'index': 9659}","  266 |     expect(wrapper.attributes('aria-multiselectable')).toBe('true')
  267 |     expect(wrapper.classes()).toContain('b-table-selectable')
> 268 |     expect(wrapper.classes()).toContain('b-table-select-multi')
      |    ^ Duplicate Assert
  269 |     expect(wrapper.classes()).not.toContain('b-table-select-single')
  270 |     expect(wrapper.classes()).not.toContain('b-table-select-range')
  271 |     expect(wrapper.classes()).not.toContain('b-table-selecting')"
/home/gabriel/Disk/Research/research-javascript-test-smells/repositories/bootstrap-vue-dev/src/components/table/table-selectable.spec.js,Duplicate Assert,"{'line': 268, 'column': 4, 'index': 9659}","  266 |     expect(wrapper.attributes('aria-multiselectable')).toBe('true')
  267 |     expect(wrapper.classes()).toContain('b-table-selectable')
> 268 |     expect(wrapper.classes()).toContain('b-table-select-multi')
      |    ^ Duplicate Assert
  269 |     expect(wrapper.classes()).not.toContain('b-table-select-single')
  270 |     expect(wrapper.classes()).not.toContain('b-table-select-range')
  271 |     expect(wrapper.classes()).not.toContain('b-table-selecting')"
/home/gabriel/Disk/Research/research-javascript-test-smells/repositories/bootstrap-vue-dev/src/components/table/table-selectable.spec.js,Duplicate Assert,"{'line': 269, 'column': 4, 'index': 9723}","  267 |     expect(wrapper.classes()).toContain('b-table-selectable')
  268 |     expect(wrapper.classes()).toContain('b-table-select-multi')
> 269 |     expect(wrapper.classes()).not.toContain('b-table-select-single')
      |    ^ Duplicate Assert
  270 |     expect(wrapper.classes()).not.toContain('b-table-select-range')
  271 |     expect(wrapper.classes()).not.toContain('b-table-selecting')
  272 |     expect(wrapper.emitted('row-selected')).toBeUndefined()"
/home/gabriel/Disk/Research/research-javascript-test-smells/repositories/bootstrap-vue-dev/src/components/table/table-selectable.spec.js,Duplicate Assert,"{'line': 269, 'column': 4, 'index': 9723}","  267 |     expect(wrapper.classes()).toContain('b-table-selectable')
  268 |     expect(wrapper.classes()).toContain('b-table-select-multi')
> 269 |     expect(wrapper.classes()).not.toContain('b-table-select-single')
      |    ^ Duplicate Assert
  270 |     expect(wrapper.classes()).not.toContain('b-table-select-range')
  271 |     expect(wrapper.classes()).not.toContain('b-table-selecting')
  272 |     expect(wrapper.emitted('row-selected')).toBeUndefined()"
/home/gabriel/Disk/Research/research-javascript-test-smells/repositories/bootstrap-vue-dev/src/components/table/table-selectable.spec.js,Duplicate Assert,"{'line': 270, 'column': 4, 'index': 9792}","  268 |     expect(wrapper.classes()).toContain('b-table-select-multi')
  269 |     expect(wrapper.classes()).not.toContain('b-table-select-single')
> 270 |     expect(wrapper.classes()).not.toContain('b-table-select-range')
      |    ^ Duplicate Assert
  271 |     expect(wrapper.classes()).not.toContain('b-table-selecting')
  272 |     expect(wrapper.emitted('row-selected')).toBeUndefined()
  273 |"
/home/gabriel/Disk/Research/research-javascript-test-smells/repositories/bootstrap-vue-dev/src/components/table/table-selectable.spec.js,Duplicate Assert,"{'line': 270, 'column': 4, 'index': 9792}","  268 |     expect(wrapper.classes()).toContain('b-table-select-multi')
  269 |     expect(wrapper.classes()).not.toContain('b-table-select-single')
> 270 |     expect(wrapper.classes()).not.toContain('b-table-select-range')
      |    ^ Duplicate Assert
  271 |     expect(wrapper.classes()).not.toContain('b-table-selecting')
  272 |     expect(wrapper.emitted('row-selected')).toBeUndefined()
  273 |"
/home/gabriel/Disk/Research/research-javascript-test-smells/repositories/bootstrap-vue-dev/src/components/table/table-selectable.spec.js,Duplicate Assert,"{'line': 271, 'column': 4, 'index': 9860}","  269 |     expect(wrapper.classes()).not.toContain('b-table-select-single')
  270 |     expect(wrapper.classes()).not.toContain('b-table-select-range')
> 271 |     expect(wrapper.classes()).not.toContain('b-table-selecting')
      |    ^ Duplicate Assert
  272 |     expect(wrapper.emitted('row-selected')).toBeUndefined()
  273 |
  274 |     // Click first row"
/home/gabriel/Disk/Research/research-javascript-test-smells/repositories/bootstrap-vue-dev/src/components/table/table-selectable.spec.js,Duplicate Assert,"{'line': 271, 'column': 4, 'index': 9860}","  269 |     expect(wrapper.classes()).not.toContain('b-table-select-single')
  270 |     expect(wrapper.classes()).not.toContain('b-table-select-range')
> 271 |     expect(wrapper.classes()).not.toContain('b-table-selecting')
      |    ^ Duplicate Assert
  272 |     expect(wrapper.emitted('row-selected')).toBeUndefined()
  273 |
  274 |     // Click first row"
/home/gabriel/Disk/Research/research-javascript-test-smells/repositories/bootstrap-vue-dev/src/components/table/table-selectable.spec.js,Duplicate Assert,"{'line': 272, 'column': 4, 'index': 9925}","  270 |     expect(wrapper.classes()).not.toContain('b-table-select-range')
  271 |     expect(wrapper.classes()).not.toContain('b-table-selecting')
> 272 |     expect(wrapper.emitted('row-selected')).toBeUndefined()
      |    ^ Duplicate Assert
  273 |
  274 |     // Click first row
  275 |     await wrapper"
/home/gabriel/Disk/Research/research-javascript-test-smells/repositories/bootstrap-vue-dev/src/components/table/table-selectable.spec.js,Duplicate Assert,"{'line': 279, 'column': 4, 'index': 10093}","  277 |       .at(0)
  278 |       .trigger('click')
> 279 |     expect(wrapper.emitted('row-selected')).toBeDefined()
      |    ^ Duplicate Assert
  280 |     expect(wrapper.emitted('row-selected').length).toBe(1)
  281 |     expect(wrapper.emitted('row-selected')[0][0]).toEqual([testItems[0]])
  282 |"
/home/gabriel/Disk/Research/research-javascript-test-smells/repositories/bootstrap-vue-dev/src/components/table/table-selectable.spec.js,Duplicate Assert,"{'line': 280, 'column': 4, 'index': 10151}","  278 |       .trigger('click')
  279 |     expect(wrapper.emitted('row-selected')).toBeDefined()
> 280 |     expect(wrapper.emitted('row-selected').length).toBe(1)
      |    ^ Duplicate Assert
  281 |     expect(wrapper.emitted('row-selected')[0][0]).toEqual([testItems[0]])
  282 |
  283 |     let $rows = wrapper.findAll('tbody > tr')"
/home/gabriel/Disk/Research/research-javascript-test-smells/repositories/bootstrap-vue-dev/src/components/table/table-selectable.spec.js,Duplicate Assert,"{'line': 284, 'column': 4, 'index': 10331}","  282 |
  283 |     let $rows = wrapper.findAll('tbody > tr')
> 284 |     expect($rows.wrappers.every(r => r.find('[tabindex=""0""]').exists())).toBe(true)
      |    ^ Duplicate Assert
  285 |     expect($rows.at(0).attributes('aria-selected')).toBe('true')
  286 |     expect($rows.at(1).attributes('aria-selected')).toBe('false')
  287 |     expect($rows.at(2).attributes('aria-selected')).toBe('false')"
/home/gabriel/Disk/Research/research-javascript-test-smells/repositories/bootstrap-vue-dev/src/components/table/table-selectable.spec.js,Duplicate Assert,"{'line': 284, 'column': 4, 'index': 10331}","  282 |
  283 |     let $rows = wrapper.findAll('tbody > tr')
> 284 |     expect($rows.wrappers.every(r => r.find('[tabindex=""0""]').exists())).toBe(true)
      |    ^ Duplicate Assert
  285 |     expect($rows.at(0).attributes('aria-selected')).toBe('true')
  286 |     expect($rows.at(1).attributes('aria-selected')).toBe('false')
  287 |     expect($rows.at(2).attributes('aria-selected')).toBe('false')"
/home/gabriel/Disk/Research/research-javascript-test-smells/repositories/bootstrap-vue-dev/src/components/table/table-selectable.spec.js,Duplicate Assert,"{'line': 285, 'column': 4, 'index': 10415}","  283 |     let $rows = wrapper.findAll('tbody > tr')
  284 |     expect($rows.wrappers.every(r => r.find('[tabindex=""0""]').exists())).toBe(true)
> 285 |     expect($rows.at(0).attributes('aria-selected')).toBe('true')
      |    ^ Duplicate Assert
  286 |     expect($rows.at(1).attributes('aria-selected')).toBe('false')
  287 |     expect($rows.at(2).attributes('aria-selected')).toBe('false')
  288 |     expect($rows.at(3).attributes('aria-selected')).toBe('false')"
/home/gabriel/Disk/Research/research-javascript-test-smells/repositories/bootstrap-vue-dev/src/components/table/table-selectable.spec.js,Duplicate Assert,"{'line': 285, 'column': 4, 'index': 10415}","  283 |     let $rows = wrapper.findAll('tbody > tr')
  284 |     expect($rows.wrappers.every(r => r.find('[tabindex=""0""]').exists())).toBe(true)
> 285 |     expect($rows.at(0).attributes('aria-selected')).toBe('true')
      |    ^ Duplicate Assert
  286 |     expect($rows.at(1).attributes('aria-selected')).toBe('false')
  287 |     expect($rows.at(2).attributes('aria-selected')).toBe('false')
  288 |     expect($rows.at(3).attributes('aria-selected')).toBe('false')"
/home/gabriel/Disk/Research/research-javascript-test-smells/repositories/bootstrap-vue-dev/src/components/table/table-selectable.spec.js,Duplicate Assert,"{'line': 286, 'column': 4, 'index': 10480}","  284 |     expect($rows.wrappers.every(r => r.find('[tabindex=""0""]').exists())).toBe(true)
  285 |     expect($rows.at(0).attributes('aria-selected')).toBe('true')
> 286 |     expect($rows.at(1).attributes('aria-selected')).toBe('false')
      |    ^ Duplicate Assert
  287 |     expect($rows.at(2).attributes('aria-selected')).toBe('false')
  288 |     expect($rows.at(3).attributes('aria-selected')).toBe('false')
  289 |     expect(wrapper.classes()).toContain('b-table-selectable')"
/home/gabriel/Disk/Research/research-javascript-test-smells/repositories/bootstrap-vue-dev/src/components/table/table-selectable.spec.js,Duplicate Assert,"{'line': 286, 'column': 4, 'index': 10480}","  284 |     expect($rows.wrappers.every(r => r.find('[tabindex=""0""]').exists())).toBe(true)
  285 |     expect($rows.at(0).attributes('aria-selected')).toBe('true')
> 286 |     expect($rows.at(1).attributes('aria-selected')).toBe('false')
      |    ^ Duplicate Assert
  287 |     expect($rows.at(2).attributes('aria-selected')).toBe('false')
  288 |     expect($rows.at(3).attributes('aria-selected')).toBe('false')
  289 |     expect(wrapper.classes()).toContain('b-table-selectable')"
/home/gabriel/Disk/Research/research-javascript-test-smells/repositories/bootstrap-vue-dev/src/components/table/table-selectable.spec.js,Duplicate Assert,"{'line': 287, 'column': 4, 'index': 10546}","  285 |     expect($rows.at(0).attributes('aria-selected')).toBe('true')
  286 |     expect($rows.at(1).attributes('aria-selected')).toBe('false')
> 287 |     expect($rows.at(2).attributes('aria-selected')).toBe('false')
      |    ^ Duplicate Assert
  288 |     expect($rows.at(3).attributes('aria-selected')).toBe('false')
  289 |     expect(wrapper.classes()).toContain('b-table-selectable')
  290 |     expect(wrapper.classes()).toContain('b-table-selecting')"
/home/gabriel/Disk/Research/research-javascript-test-smells/repositories/bootstrap-vue-dev/src/components/table/table-selectable.spec.js,Duplicate Assert,"{'line': 287, 'column': 4, 'index': 10546}","  285 |     expect($rows.at(0).attributes('aria-selected')).toBe('true')
  286 |     expect($rows.at(1).attributes('aria-selected')).toBe('false')
> 287 |     expect($rows.at(2).attributes('aria-selected')).toBe('false')
      |    ^ Duplicate Assert
  288 |     expect($rows.at(3).attributes('aria-selected')).toBe('false')
  289 |     expect(wrapper.classes()).toContain('b-table-selectable')
  290 |     expect(wrapper.classes()).toContain('b-table-selecting')"
/home/gabriel/Disk/Research/research-javascript-test-smells/repositories/bootstrap-vue-dev/src/components/table/table-selectable.spec.js,Duplicate Assert,"{'line': 288, 'column': 4, 'index': 10612}","  286 |     expect($rows.at(1).attributes('aria-selected')).toBe('false')
  287 |     expect($rows.at(2).attributes('aria-selected')).toBe('false')
> 288 |     expect($rows.at(3).attributes('aria-selected')).toBe('false')
      |    ^ Duplicate Assert
  289 |     expect(wrapper.classes()).toContain('b-table-selectable')
  290 |     expect(wrapper.classes()).toContain('b-table-selecting')
  291 |     expect(wrapper.classes()).toContain('b-table-select-multi')"
/home/gabriel/Disk/Research/research-javascript-test-smells/repositories/bootstrap-vue-dev/src/components/table/table-selectable.spec.js,Duplicate Assert,"{'line': 288, 'column': 4, 'index': 10612}","  286 |     expect($rows.at(1).attributes('aria-selected')).toBe('false')
  287 |     expect($rows.at(2).attributes('aria-selected')).toBe('false')
> 288 |     expect($rows.at(3).attributes('aria-selected')).toBe('false')
      |    ^ Duplicate Assert
  289 |     expect(wrapper.classes()).toContain('b-table-selectable')
  290 |     expect(wrapper.classes()).toContain('b-table-selecting')
  291 |     expect(wrapper.classes()).toContain('b-table-select-multi')"
/home/gabriel/Disk/Research/research-javascript-test-smells/repositories/bootstrap-vue-dev/src/components/table/table-selectable.spec.js,Duplicate Assert,"{'line': 289, 'column': 4, 'index': 10678}","  287 |     expect($rows.at(2).attributes('aria-selected')).toBe('false')
  288 |     expect($rows.at(3).attributes('aria-selected')).toBe('false')
> 289 |     expect(wrapper.classes()).toContain('b-table-selectable')
      |    ^ Duplicate Assert
  290 |     expect(wrapper.classes()).toContain('b-table-selecting')
  291 |     expect(wrapper.classes()).toContain('b-table-select-multi')
  292 |     expect(wrapper.classes()).not.toContain('b-table-select-single')"
/home/gabriel/Disk/Research/research-javascript-test-smells/repositories/bootstrap-vue-dev/src/components/table/table-selectable.spec.js,Duplicate Assert,"{'line': 289, 'column': 4, 'index': 10678}","  287 |     expect($rows.at(2).attributes('aria-selected')).toBe('false')
  288 |     expect($rows.at(3).attributes('aria-selected')).toBe('false')
> 289 |     expect(wrapper.classes()).toContain('b-table-selectable')
      |    ^ Duplicate Assert
  290 |     expect(wrapper.classes()).toContain('b-table-selecting')
  291 |     expect(wrapper.classes()).toContain('b-table-select-multi')
  292 |     expect(wrapper.classes()).not.toContain('b-table-select-single')"
/home/gabriel/Disk/Research/research-javascript-test-smells/repositories/bootstrap-vue-dev/src/components/table/table-selectable.spec.js,Duplicate Assert,"{'line': 290, 'column': 4, 'index': 10740}","  288 |     expect($rows.at(3).attributes('aria-selected')).toBe('false')
  289 |     expect(wrapper.classes()).toContain('b-table-selectable')
> 290 |     expect(wrapper.classes()).toContain('b-table-selecting')
      |    ^ Duplicate Assert
  291 |     expect(wrapper.classes()).toContain('b-table-select-multi')
  292 |     expect(wrapper.classes()).not.toContain('b-table-select-single')
  293 |     expect(wrapper.classes()).not.toContain('b-table-select-range')"
/home/gabriel/Disk/Research/research-javascript-test-smells/repositories/bootstrap-vue-dev/src/components/table/table-selectable.spec.js,Duplicate Assert,"{'line': 290, 'column': 4, 'index': 10740}","  288 |     expect($rows.at(3).attributes('aria-selected')).toBe('false')
  289 |     expect(wrapper.classes()).toContain('b-table-selectable')
> 290 |     expect(wrapper.classes()).toContain('b-table-selecting')
      |    ^ Duplicate Assert
  291 |     expect(wrapper.classes()).toContain('b-table-select-multi')
  292 |     expect(wrapper.classes()).not.toContain('b-table-select-single')
  293 |     expect(wrapper.classes()).not.toContain('b-table-select-range')"
/home/gabriel/Disk/Research/research-javascript-test-smells/repositories/bootstrap-vue-dev/src/components/table/table-selectable.spec.js,Duplicate Assert,"{'line': 291, 'column': 4, 'index': 10801}","  289 |     expect(wrapper.classes()).toContain('b-table-selectable')
  290 |     expect(wrapper.classes()).toContain('b-table-selecting')
> 291 |     expect(wrapper.classes()).toContain('b-table-select-multi')
      |    ^ Duplicate Assert
  292 |     expect(wrapper.classes()).not.toContain('b-table-select-single')
  293 |     expect(wrapper.classes()).not.toContain('b-table-select-range')
  294 |"
/home/gabriel/Disk/Research/research-javascript-test-smells/repositories/bootstrap-vue-dev/src/components/table/table-selectable.spec.js,Duplicate Assert,"{'line': 291, 'column': 4, 'index': 10801}","  289 |     expect(wrapper.classes()).toContain('b-table-selectable')
  290 |     expect(wrapper.classes()).toContain('b-table-selecting')
> 291 |     expect(wrapper.classes()).toContain('b-table-select-multi')
      |    ^ Duplicate Assert
  292 |     expect(wrapper.classes()).not.toContain('b-table-select-single')
  293 |     expect(wrapper.classes()).not.toContain('b-table-select-range')
  294 |"
/home/gabriel/Disk/Research/research-javascript-test-smells/repositories/bootstrap-vue-dev/src/components/table/table-selectable.spec.js,Duplicate Assert,"{'line': 292, 'column': 4, 'index': 10865}","  290 |     expect(wrapper.classes()).toContain('b-table-selecting')
  291 |     expect(wrapper.classes()).toContain('b-table-select-multi')
> 292 |     expect(wrapper.classes()).not.toContain('b-table-select-single')
      |    ^ Duplicate Assert
  293 |     expect(wrapper.classes()).not.toContain('b-table-select-range')
  294 |
  295 |     // Click third row"
/home/gabriel/Disk/Research/research-javascript-test-smells/repositories/bootstrap-vue-dev/src/components/table/table-selectable.spec.js,Duplicate Assert,"{'line': 292, 'column': 4, 'index': 10865}","  290 |     expect(wrapper.classes()).toContain('b-table-selecting')
  291 |     expect(wrapper.classes()).toContain('b-table-select-multi')
> 292 |     expect(wrapper.classes()).not.toContain('b-table-select-single')
      |    ^ Duplicate Assert
  293 |     expect(wrapper.classes()).not.toContain('b-table-select-range')
  294 |
  295 |     // Click third row"
/home/gabriel/Disk/Research/research-javascript-test-smells/repositories/bootstrap-vue-dev/src/components/table/table-selectable.spec.js,Duplicate Assert,"{'line': 293, 'column': 4, 'index': 10934}","  291 |     expect(wrapper.classes()).toContain('b-table-select-multi')
  292 |     expect(wrapper.classes()).not.toContain('b-table-select-single')
> 293 |     expect(wrapper.classes()).not.toContain('b-table-select-range')
      |    ^ Duplicate Assert
  294 |
  295 |     // Click third row
  296 |     await wrapper"
/home/gabriel/Disk/Research/research-javascript-test-smells/repositories/bootstrap-vue-dev/src/components/table/table-selectable.spec.js,Duplicate Assert,"{'line': 293, 'column': 4, 'index': 10934}","  291 |     expect(wrapper.classes()).toContain('b-table-select-multi')
  292 |     expect(wrapper.classes()).not.toContain('b-table-select-single')
> 293 |     expect(wrapper.classes()).not.toContain('b-table-select-range')
      |    ^ Duplicate Assert
  294 |
  295 |     // Click third row
  296 |     await wrapper"
/home/gabriel/Disk/Research/research-javascript-test-smells/repositories/bootstrap-vue-dev/src/components/table/table-selectable.spec.js,Duplicate Assert,"{'line': 301, 'column': 4, 'index': 11111}","  299 |       .trigger('click')
  300 |
> 301 |     expect(wrapper.emitted('row-selected').length).toBe(2)
      |    ^ Duplicate Assert
  302 |     expect(wrapper.emitted('row-selected')[1][0]).toEqual([testItems[0], testItems[2]])
  303 |
  304 |     $rows = wrapper.findAll('tbody > tr')"
/home/gabriel/Disk/Research/research-javascript-test-smells/repositories/bootstrap-vue-dev/src/components/table/table-selectable.spec.js,Duplicate Assert,"{'line': 305, 'column': 4, 'index': 11301}","  303 |
  304 |     $rows = wrapper.findAll('tbody > tr')
> 305 |     expect($rows.wrappers.every(r => r.find('[tabindex=""0""]').exists())).toBe(true)
      |    ^ Duplicate Assert
  306 |     expect($rows.at(0).attributes('aria-selected')).toBe('true')
  307 |     expect($rows.at(1).attributes('aria-selected')).toBe('false')
  308 |     expect($rows.at(2).attributes('aria-selected')).toBe('true')"
/home/gabriel/Disk/Research/research-javascript-test-smells/repositories/bootstrap-vue-dev/src/components/table/table-selectable.spec.js,Duplicate Assert,"{'line': 305, 'column': 4, 'index': 11301}","  303 |
  304 |     $rows = wrapper.findAll('tbody > tr')
> 305 |     expect($rows.wrappers.every(r => r.find('[tabindex=""0""]').exists())).toBe(true)
      |    ^ Duplicate Assert
  306 |     expect($rows.at(0).attributes('aria-selected')).toBe('true')
  307 |     expect($rows.at(1).attributes('aria-selected')).toBe('false')
  308 |     expect($rows.at(2).attributes('aria-selected')).toBe('true')"
/home/gabriel/Disk/Research/research-javascript-test-smells/repositories/bootstrap-vue-dev/src/components/table/table-selectable.spec.js,Duplicate Assert,"{'line': 306, 'column': 4, 'index': 11385}","  304 |     $rows = wrapper.findAll('tbody > tr')
  305 |     expect($rows.wrappers.every(r => r.find('[tabindex=""0""]').exists())).toBe(true)
> 306 |     expect($rows.at(0).attributes('aria-selected')).toBe('true')
      |    ^ Duplicate Assert
  307 |     expect($rows.at(1).attributes('aria-selected')).toBe('false')
  308 |     expect($rows.at(2).attributes('aria-selected')).toBe('true')
  309 |     expect($rows.at(3).attributes('aria-selected')).toBe('false')"
/home/gabriel/Disk/Research/research-javascript-test-smells/repositories/bootstrap-vue-dev/src/components/table/table-selectable.spec.js,Duplicate Assert,"{'line': 306, 'column': 4, 'index': 11385}","  304 |     $rows = wrapper.findAll('tbody > tr')
  305 |     expect($rows.wrappers.every(r => r.find('[tabindex=""0""]').exists())).toBe(true)
> 306 |     expect($rows.at(0).attributes('aria-selected')).toBe('true')
      |    ^ Duplicate Assert
  307 |     expect($rows.at(1).attributes('aria-selected')).toBe('false')
  308 |     expect($rows.at(2).attributes('aria-selected')).toBe('true')
  309 |     expect($rows.at(3).attributes('aria-selected')).toBe('false')"
/home/gabriel/Disk/Research/research-javascript-test-smells/repositories/bootstrap-vue-dev/src/components/table/table-selectable.spec.js,Duplicate Assert,"{'line': 307, 'column': 4, 'index': 11450}","  305 |     expect($rows.wrappers.every(r => r.find('[tabindex=""0""]').exists())).toBe(true)
  306 |     expect($rows.at(0).attributes('aria-selected')).toBe('true')
> 307 |     expect($rows.at(1).attributes('aria-selected')).toBe('false')
      |    ^ Duplicate Assert
  308 |     expect($rows.at(2).attributes('aria-selected')).toBe('true')
  309 |     expect($rows.at(3).attributes('aria-selected')).toBe('false')
  310 |     expect(wrapper.classes()).toContain('b-table-selectable')"
/home/gabriel/Disk/Research/research-javascript-test-smells/repositories/bootstrap-vue-dev/src/components/table/table-selectable.spec.js,Duplicate Assert,"{'line': 307, 'column': 4, 'index': 11450}","  305 |     expect($rows.wrappers.every(r => r.find('[tabindex=""0""]').exists())).toBe(true)
  306 |     expect($rows.at(0).attributes('aria-selected')).toBe('true')
> 307 |     expect($rows.at(1).attributes('aria-selected')).toBe('false')
      |    ^ Duplicate Assert
  308 |     expect($rows.at(2).attributes('aria-selected')).toBe('true')
  309 |     expect($rows.at(3).attributes('aria-selected')).toBe('false')
  310 |     expect(wrapper.classes()).toContain('b-table-selectable')"
/home/gabriel/Disk/Research/research-javascript-test-smells/repositories/bootstrap-vue-dev/src/components/table/table-selectable.spec.js,Duplicate Assert,"{'line': 308, 'column': 4, 'index': 11516}","  306 |     expect($rows.at(0).attributes('aria-selected')).toBe('true')
  307 |     expect($rows.at(1).attributes('aria-selected')).toBe('false')
> 308 |     expect($rows.at(2).attributes('aria-selected')).toBe('true')
      |    ^ Duplicate Assert
  309 |     expect($rows.at(3).attributes('aria-selected')).toBe('false')
  310 |     expect(wrapper.classes()).toContain('b-table-selectable')
  311 |     expect(wrapper.classes()).toContain('b-table-selecting')"
/home/gabriel/Disk/Research/research-javascript-test-smells/repositories/bootstrap-vue-dev/src/components/table/table-selectable.spec.js,Duplicate Assert,"{'line': 309, 'column': 4, 'index': 11581}","  307 |     expect($rows.at(1).attributes('aria-selected')).toBe('false')
  308 |     expect($rows.at(2).attributes('aria-selected')).toBe('true')
> 309 |     expect($rows.at(3).attributes('aria-selected')).toBe('false')
      |    ^ Duplicate Assert
  310 |     expect(wrapper.classes()).toContain('b-table-selectable')
  311 |     expect(wrapper.classes()).toContain('b-table-selecting')
  312 |     expect(wrapper.classes()).toContain('b-table-select-multi')"
/home/gabriel/Disk/Research/research-javascript-test-smells/repositories/bootstrap-vue-dev/src/components/table/table-selectable.spec.js,Duplicate Assert,"{'line': 309, 'column': 4, 'index': 11581}","  307 |     expect($rows.at(1).attributes('aria-selected')).toBe('false')
  308 |     expect($rows.at(2).attributes('aria-selected')).toBe('true')
> 309 |     expect($rows.at(3).attributes('aria-selected')).toBe('false')
      |    ^ Duplicate Assert
  310 |     expect(wrapper.classes()).toContain('b-table-selectable')
  311 |     expect(wrapper.classes()).toContain('b-table-selecting')
  312 |     expect(wrapper.classes()).toContain('b-table-select-multi')"
/home/gabriel/Disk/Research/research-javascript-test-smells/repositories/bootstrap-vue-dev/src/components/table/table-selectable.spec.js,Duplicate Assert,"{'line': 310, 'column': 4, 'index': 11647}","  308 |     expect($rows.at(2).attributes('aria-selected')).toBe('true')
  309 |     expect($rows.at(3).attributes('aria-selected')).toBe('false')
> 310 |     expect(wrapper.classes()).toContain('b-table-selectable')
      |    ^ Duplicate Assert
  311 |     expect(wrapper.classes()).toContain('b-table-selecting')
  312 |     expect(wrapper.classes()).toContain('b-table-select-multi')
  313 |     expect(wrapper.classes()).not.toContain('b-table-select-single')"
/home/gabriel/Disk/Research/research-javascript-test-smells/repositories/bootstrap-vue-dev/src/components/table/table-selectable.spec.js,Duplicate Assert,"{'line': 310, 'column': 4, 'index': 11647}","  308 |     expect($rows.at(2).attributes('aria-selected')).toBe('true')
  309 |     expect($rows.at(3).attributes('aria-selected')).toBe('false')
> 310 |     expect(wrapper.classes()).toContain('b-table-selectable')
      |    ^ Duplicate Assert
  311 |     expect(wrapper.classes()).toContain('b-table-selecting')
  312 |     expect(wrapper.classes()).toContain('b-table-select-multi')
  313 |     expect(wrapper.classes()).not.toContain('b-table-select-single')"
/home/gabriel/Disk/Research/research-javascript-test-smells/repositories/bootstrap-vue-dev/src/components/table/table-selectable.spec.js,Duplicate Assert,"{'line': 311, 'column': 4, 'index': 11709}","  309 |     expect($rows.at(3).attributes('aria-selected')).toBe('false')
  310 |     expect(wrapper.classes()).toContain('b-table-selectable')
> 311 |     expect(wrapper.classes()).toContain('b-table-selecting')
      |    ^ Duplicate Assert
  312 |     expect(wrapper.classes()).toContain('b-table-select-multi')
  313 |     expect(wrapper.classes()).not.toContain('b-table-select-single')
  314 |     expect(wrapper.classes()).not.toContain('b-table-select-range')"
/home/gabriel/Disk/Research/research-javascript-test-smells/repositories/bootstrap-vue-dev/src/components/table/table-selectable.spec.js,Duplicate Assert,"{'line': 311, 'column': 4, 'index': 11709}","  309 |     expect($rows.at(3).attributes('aria-selected')).toBe('false')
  310 |     expect(wrapper.classes()).toContain('b-table-selectable')
> 311 |     expect(wrapper.classes()).toContain('b-table-selecting')
      |    ^ Duplicate Assert
  312 |     expect(wrapper.classes()).toContain('b-table-select-multi')
  313 |     expect(wrapper.classes()).not.toContain('b-table-select-single')
  314 |     expect(wrapper.classes()).not.toContain('b-table-select-range')"
/home/gabriel/Disk/Research/research-javascript-test-smells/repositories/bootstrap-vue-dev/src/components/table/table-selectable.spec.js,Duplicate Assert,"{'line': 312, 'column': 4, 'index': 11770}","  310 |     expect(wrapper.classes()).toContain('b-table-selectable')
  311 |     expect(wrapper.classes()).toContain('b-table-selecting')
> 312 |     expect(wrapper.classes()).toContain('b-table-select-multi')
      |    ^ Duplicate Assert
  313 |     expect(wrapper.classes()).not.toContain('b-table-select-single')
  314 |     expect(wrapper.classes()).not.toContain('b-table-select-range')
  315 |"
/home/gabriel/Disk/Research/research-javascript-test-smells/repositories/bootstrap-vue-dev/src/components/table/table-selectable.spec.js,Duplicate Assert,"{'line': 312, 'column': 4, 'index': 11770}","  310 |     expect(wrapper.classes()).toContain('b-table-selectable')
  311 |     expect(wrapper.classes()).toContain('b-table-selecting')
> 312 |     expect(wrapper.classes()).toContain('b-table-select-multi')
      |    ^ Duplicate Assert
  313 |     expect(wrapper.classes()).not.toContain('b-table-select-single')
  314 |     expect(wrapper.classes()).not.toContain('b-table-select-range')
  315 |"
/home/gabriel/Disk/Research/research-javascript-test-smells/repositories/bootstrap-vue-dev/src/components/table/table-selectable.spec.js,Duplicate Assert,"{'line': 313, 'column': 4, 'index': 11834}","  311 |     expect(wrapper.classes()).toContain('b-table-selecting')
  312 |     expect(wrapper.classes()).toContain('b-table-select-multi')
> 313 |     expect(wrapper.classes()).not.toContain('b-table-select-single')
      |    ^ Duplicate Assert
  314 |     expect(wrapper.classes()).not.toContain('b-table-select-range')
  315 |
  316 |     // Click third row again"
/home/gabriel/Disk/Research/research-javascript-test-smells/repositories/bootstrap-vue-dev/src/components/table/table-selectable.spec.js,Duplicate Assert,"{'line': 313, 'column': 4, 'index': 11834}","  311 |     expect(wrapper.classes()).toContain('b-table-selecting')
  312 |     expect(wrapper.classes()).toContain('b-table-select-multi')
> 313 |     expect(wrapper.classes()).not.toContain('b-table-select-single')
      |    ^ Duplicate Assert
  314 |     expect(wrapper.classes()).not.toContain('b-table-select-range')
  315 |
  316 |     // Click third row again"
/home/gabriel/Disk/Research/research-javascript-test-smells/repositories/bootstrap-vue-dev/src/components/table/table-selectable.spec.js,Duplicate Assert,"{'line': 314, 'column': 4, 'index': 11903}","  312 |     expect(wrapper.classes()).toContain('b-table-select-multi')
  313 |     expect(wrapper.classes()).not.toContain('b-table-select-single')
> 314 |     expect(wrapper.classes()).not.toContain('b-table-select-range')
      |    ^ Duplicate Assert
  315 |
  316 |     // Click third row again
  317 |     await wrapper"
/home/gabriel/Disk/Research/research-javascript-test-smells/repositories/bootstrap-vue-dev/src/components/table/table-selectable.spec.js,Duplicate Assert,"{'line': 314, 'column': 4, 'index': 11903}","  312 |     expect(wrapper.classes()).toContain('b-table-select-multi')
  313 |     expect(wrapper.classes()).not.toContain('b-table-select-single')
> 314 |     expect(wrapper.classes()).not.toContain('b-table-select-range')
      |    ^ Duplicate Assert
  315 |
  316 |     // Click third row again
  317 |     await wrapper"
/home/gabriel/Disk/Research/research-javascript-test-smells/repositories/bootstrap-vue-dev/src/components/table/table-selectable.spec.js,Duplicate Assert,"{'line': 322, 'column': 4, 'index': 12086}","  320 |       .trigger('click')
  321 |
> 322 |     expect(wrapper.emitted('row-selected').length).toBe(3)
      |    ^ Duplicate Assert
  323 |     expect(wrapper.emitted('row-selected')[2][0]).toEqual([testItems[0]])
  324 |
  325 |     $rows = wrapper.findAll('tbody > tr')"
/home/gabriel/Disk/Research/research-javascript-test-smells/repositories/bootstrap-vue-dev/src/components/table/table-selectable.spec.js,Duplicate Assert,"{'line': 326, 'column': 4, 'index': 12262}","  324 |
  325 |     $rows = wrapper.findAll('tbody > tr')
> 326 |     expect($rows.wrappers.every(r => r.find('[tabindex=""0""]').exists())).toBe(true)
      |    ^ Duplicate Assert
  327 |     expect($rows.at(0).attributes('aria-selected')).toBe('true')
  328 |     expect($rows.at(1).attributes('aria-selected')).toBe('false')
  329 |     expect($rows.at(2).attributes('aria-selected')).toBe('false')"
/home/gabriel/Disk/Research/research-javascript-test-smells/repositories/bootstrap-vue-dev/src/components/table/table-selectable.spec.js,Duplicate Assert,"{'line': 326, 'column': 4, 'index': 12262}","  324 |
  325 |     $rows = wrapper.findAll('tbody > tr')
> 326 |     expect($rows.wrappers.every(r => r.find('[tabindex=""0""]').exists())).toBe(true)
      |    ^ Duplicate Assert
  327 |     expect($rows.at(0).attributes('aria-selected')).toBe('true')
  328 |     expect($rows.at(1).attributes('aria-selected')).toBe('false')
  329 |     expect($rows.at(2).attributes('aria-selected')).toBe('false')"
/home/gabriel/Disk/Research/research-javascript-test-smells/repositories/bootstrap-vue-dev/src/components/table/table-selectable.spec.js,Duplicate Assert,"{'line': 327, 'column': 4, 'index': 12346}","  325 |     $rows = wrapper.findAll('tbody > tr')
  326 |     expect($rows.wrappers.every(r => r.find('[tabindex=""0""]').exists())).toBe(true)
> 327 |     expect($rows.at(0).attributes('aria-selected')).toBe('true')
      |    ^ Duplicate Assert
  328 |     expect($rows.at(1).attributes('aria-selected')).toBe('false')
  329 |     expect($rows.at(2).attributes('aria-selected')).toBe('false')
  330 |     expect($rows.at(3).attributes('aria-selected')).toBe('false')"
/home/gabriel/Disk/Research/research-javascript-test-smells/repositories/bootstrap-vue-dev/src/components/table/table-selectable.spec.js,Duplicate Assert,"{'line': 327, 'column': 4, 'index': 12346}","  325 |     $rows = wrapper.findAll('tbody > tr')
  326 |     expect($rows.wrappers.every(r => r.find('[tabindex=""0""]').exists())).toBe(true)
> 327 |     expect($rows.at(0).attributes('aria-selected')).toBe('true')
      |    ^ Duplicate Assert
  328 |     expect($rows.at(1).attributes('aria-selected')).toBe('false')
  329 |     expect($rows.at(2).attributes('aria-selected')).toBe('false')
  330 |     expect($rows.at(3).attributes('aria-selected')).toBe('false')"
/home/gabriel/Disk/Research/research-javascript-test-smells/repositories/bootstrap-vue-dev/src/components/table/table-selectable.spec.js,Duplicate Assert,"{'line': 328, 'column': 4, 'index': 12411}","  326 |     expect($rows.wrappers.every(r => r.find('[tabindex=""0""]').exists())).toBe(true)
  327 |     expect($rows.at(0).attributes('aria-selected')).toBe('true')
> 328 |     expect($rows.at(1).attributes('aria-selected')).toBe('false')
      |    ^ Duplicate Assert
  329 |     expect($rows.at(2).attributes('aria-selected')).toBe('false')
  330 |     expect($rows.at(3).attributes('aria-selected')).toBe('false')
  331 |     expect(wrapper.classes()).toContain('b-table-selectable')"
/home/gabriel/Disk/Research/research-javascript-test-smells/repositories/bootstrap-vue-dev/src/components/table/table-selectable.spec.js,Duplicate Assert,"{'line': 328, 'column': 4, 'index': 12411}","  326 |     expect($rows.wrappers.every(r => r.find('[tabindex=""0""]').exists())).toBe(true)
  327 |     expect($rows.at(0).attributes('aria-selected')).toBe('true')
> 328 |     expect($rows.at(1).attributes('aria-selected')).toBe('false')
      |    ^ Duplicate Assert
  329 |     expect($rows.at(2).attributes('aria-selected')).toBe('false')
  330 |     expect($rows.at(3).attributes('aria-selected')).toBe('false')
  331 |     expect(wrapper.classes()).toContain('b-table-selectable')"
/home/gabriel/Disk/Research/research-javascript-test-smells/repositories/bootstrap-vue-dev/src/components/table/table-selectable.spec.js,Duplicate Assert,"{'line': 329, 'column': 4, 'index': 12477}","  327 |     expect($rows.at(0).attributes('aria-selected')).toBe('true')
  328 |     expect($rows.at(1).attributes('aria-selected')).toBe('false')
> 329 |     expect($rows.at(2).attributes('aria-selected')).toBe('false')
      |    ^ Duplicate Assert
  330 |     expect($rows.at(3).attributes('aria-selected')).toBe('false')
  331 |     expect(wrapper.classes()).toContain('b-table-selectable')
  332 |     expect(wrapper.classes()).toContain('b-table-selecting')"
/home/gabriel/Disk/Research/research-javascript-test-smells/repositories/bootstrap-vue-dev/src/components/table/table-selectable.spec.js,Duplicate Assert,"{'line': 329, 'column': 4, 'index': 12477}","  327 |     expect($rows.at(0).attributes('aria-selected')).toBe('true')
  328 |     expect($rows.at(1).attributes('aria-selected')).toBe('false')
> 329 |     expect($rows.at(2).attributes('aria-selected')).toBe('false')
      |    ^ Duplicate Assert
  330 |     expect($rows.at(3).attributes('aria-selected')).toBe('false')
  331 |     expect(wrapper.classes()).toContain('b-table-selectable')
  332 |     expect(wrapper.classes()).toContain('b-table-selecting')"
/home/gabriel/Disk/Research/research-javascript-test-smells/repositories/bootstrap-vue-dev/src/components/table/table-selectable.spec.js,Duplicate Assert,"{'line': 330, 'column': 4, 'index': 12543}","  328 |     expect($rows.at(1).attributes('aria-selected')).toBe('false')
  329 |     expect($rows.at(2).attributes('aria-selected')).toBe('false')
> 330 |     expect($rows.at(3).attributes('aria-selected')).toBe('false')
      |    ^ Duplicate Assert
  331 |     expect(wrapper.classes()).toContain('b-table-selectable')
  332 |     expect(wrapper.classes()).toContain('b-table-selecting')
  333 |     expect(wrapper.classes()).toContain('b-table-select-multi')"
/home/gabriel/Disk/Research/research-javascript-test-smells/repositories/bootstrap-vue-dev/src/components/table/table-selectable.spec.js,Duplicate Assert,"{'line': 330, 'column': 4, 'index': 12543}","  328 |     expect($rows.at(1).attributes('aria-selected')).toBe('false')
  329 |     expect($rows.at(2).attributes('aria-selected')).toBe('false')
> 330 |     expect($rows.at(3).attributes('aria-selected')).toBe('false')
      |    ^ Duplicate Assert
  331 |     expect(wrapper.classes()).toContain('b-table-selectable')
  332 |     expect(wrapper.classes()).toContain('b-table-selecting')
  333 |     expect(wrapper.classes()).toContain('b-table-select-multi')"
/home/gabriel/Disk/Research/research-javascript-test-smells/repositories/bootstrap-vue-dev/src/components/table/table-selectable.spec.js,Duplicate Assert,"{'line': 331, 'column': 4, 'index': 12609}","  329 |     expect($rows.at(2).attributes('aria-selected')).toBe('false')
  330 |     expect($rows.at(3).attributes('aria-selected')).toBe('false')
> 331 |     expect(wrapper.classes()).toContain('b-table-selectable')
      |    ^ Duplicate Assert
  332 |     expect(wrapper.classes()).toContain('b-table-selecting')
  333 |     expect(wrapper.classes()).toContain('b-table-select-multi')
  334 |     expect(wrapper.classes()).not.toContain('b-table-select-single')"
/home/gabriel/Disk/Research/research-javascript-test-smells/repositories/bootstrap-vue-dev/src/components/table/table-selectable.spec.js,Duplicate Assert,"{'line': 331, 'column': 4, 'index': 12609}","  329 |     expect($rows.at(2).attributes('aria-selected')).toBe('false')
  330 |     expect($rows.at(3).attributes('aria-selected')).toBe('false')
> 331 |     expect(wrapper.classes()).toContain('b-table-selectable')
      |    ^ Duplicate Assert
  332 |     expect(wrapper.classes()).toContain('b-table-selecting')
  333 |     expect(wrapper.classes()).toContain('b-table-select-multi')
  334 |     expect(wrapper.classes()).not.toContain('b-table-select-single')"
/home/gabriel/Disk/Research/research-javascript-test-smells/repositories/bootstrap-vue-dev/src/components/table/table-selectable.spec.js,Duplicate Assert,"{'line': 332, 'column': 4, 'index': 12671}","  330 |     expect($rows.at(3).attributes('aria-selected')).toBe('false')
  331 |     expect(wrapper.classes()).toContain('b-table-selectable')
> 332 |     expect(wrapper.classes()).toContain('b-table-selecting')
      |    ^ Duplicate Assert
  333 |     expect(wrapper.classes()).toContain('b-table-select-multi')
  334 |     expect(wrapper.classes()).not.toContain('b-table-select-single')
  335 |     expect(wrapper.classes()).not.toContain('b-table-select-range')"
/home/gabriel/Disk/Research/research-javascript-test-smells/repositories/bootstrap-vue-dev/src/components/table/table-selectable.spec.js,Duplicate Assert,"{'line': 332, 'column': 4, 'index': 12671}","  330 |     expect($rows.at(3).attributes('aria-selected')).toBe('false')
  331 |     expect(wrapper.classes()).toContain('b-table-selectable')
> 332 |     expect(wrapper.classes()).toContain('b-table-selecting')
      |    ^ Duplicate Assert
  333 |     expect(wrapper.classes()).toContain('b-table-select-multi')
  334 |     expect(wrapper.classes()).not.toContain('b-table-select-single')
  335 |     expect(wrapper.classes()).not.toContain('b-table-select-range')"
/home/gabriel/Disk/Research/research-javascript-test-smells/repositories/bootstrap-vue-dev/src/components/table/table-selectable.spec.js,Duplicate Assert,"{'line': 333, 'column': 4, 'index': 12732}","  331 |     expect(wrapper.classes()).toContain('b-table-selectable')
  332 |     expect(wrapper.classes()).toContain('b-table-selecting')
> 333 |     expect(wrapper.classes()).toContain('b-table-select-multi')
      |    ^ Duplicate Assert
  334 |     expect(wrapper.classes()).not.toContain('b-table-select-single')
  335 |     expect(wrapper.classes()).not.toContain('b-table-select-range')
  336 |"
/home/gabriel/Disk/Research/research-javascript-test-smells/repositories/bootstrap-vue-dev/src/components/table/table-selectable.spec.js,Duplicate Assert,"{'line': 333, 'column': 4, 'index': 12732}","  331 |     expect(wrapper.classes()).toContain('b-table-selectable')
  332 |     expect(wrapper.classes()).toContain('b-table-selecting')
> 333 |     expect(wrapper.classes()).toContain('b-table-select-multi')
      |    ^ Duplicate Assert
  334 |     expect(wrapper.classes()).not.toContain('b-table-select-single')
  335 |     expect(wrapper.classes()).not.toContain('b-table-select-range')
  336 |"
/home/gabriel/Disk/Research/research-javascript-test-smells/repositories/bootstrap-vue-dev/src/components/table/table-selectable.spec.js,Duplicate Assert,"{'line': 334, 'column': 4, 'index': 12796}","  332 |     expect(wrapper.classes()).toContain('b-table-selecting')
  333 |     expect(wrapper.classes()).toContain('b-table-select-multi')
> 334 |     expect(wrapper.classes()).not.toContain('b-table-select-single')
      |    ^ Duplicate Assert
  335 |     expect(wrapper.classes()).not.toContain('b-table-select-range')
  336 |
  337 |     // Click first row again"
/home/gabriel/Disk/Research/research-javascript-test-smells/repositories/bootstrap-vue-dev/src/components/table/table-selectable.spec.js,Duplicate Assert,"{'line': 334, 'column': 4, 'index': 12796}","  332 |     expect(wrapper.classes()).toContain('b-table-selecting')
  333 |     expect(wrapper.classes()).toContain('b-table-select-multi')
> 334 |     expect(wrapper.classes()).not.toContain('b-table-select-single')
      |    ^ Duplicate Assert
  335 |     expect(wrapper.classes()).not.toContain('b-table-select-range')
  336 |
  337 |     // Click first row again"
/home/gabriel/Disk/Research/research-javascript-test-smells/repositories/bootstrap-vue-dev/src/components/table/table-selectable.spec.js,Duplicate Assert,"{'line': 335, 'column': 4, 'index': 12865}","  333 |     expect(wrapper.classes()).toContain('b-table-select-multi')
  334 |     expect(wrapper.classes()).not.toContain('b-table-select-single')
> 335 |     expect(wrapper.classes()).not.toContain('b-table-select-range')
      |    ^ Duplicate Assert
  336 |
  337 |     // Click first row again
  338 |     await wrapper"
/home/gabriel/Disk/Research/research-javascript-test-smells/repositories/bootstrap-vue-dev/src/components/table/table-selectable.spec.js,Duplicate Assert,"{'line': 335, 'column': 4, 'index': 12865}","  333 |     expect(wrapper.classes()).toContain('b-table-select-multi')
  334 |     expect(wrapper.classes()).not.toContain('b-table-select-single')
> 335 |     expect(wrapper.classes()).not.toContain('b-table-select-range')
      |    ^ Duplicate Assert
  336 |
  337 |     // Click first row again
  338 |     await wrapper"
/home/gabriel/Disk/Research/research-javascript-test-smells/repositories/bootstrap-vue-dev/src/components/table/table-selectable.spec.js,Duplicate Assert,"{'line': 343, 'column': 4, 'index': 13048}","  341 |       .trigger('click')
  342 |
> 343 |     expect(wrapper.emitted('row-selected').length).toBe(4)
      |    ^ Duplicate Assert
  344 |     expect(wrapper.emitted('row-selected')[3][0]).toEqual([])
  345 |
  346 |     $rows = wrapper.findAll('tbody > tr')"
/home/gabriel/Disk/Research/research-javascript-test-smells/repositories/bootstrap-vue-dev/src/components/table/table-selectable.spec.js,Duplicate Assert,"{'line': 347, 'column': 4, 'index': 13212}","  345 |
  346 |     $rows = wrapper.findAll('tbody > tr')
> 347 |     expect($rows.wrappers.every(r => r.find('[tabindex=""0""]').exists())).toBe(true)
      |    ^ Duplicate Assert
  348 |     expect($rows.at(0).attributes('aria-selected')).toBe('false')
  349 |     expect($rows.at(1).attributes('aria-selected')).toBe('false')
  350 |     expect($rows.at(2).attributes('aria-selected')).toBe('false')"
/home/gabriel/Disk/Research/research-javascript-test-smells/repositories/bootstrap-vue-dev/src/components/table/table-selectable.spec.js,Duplicate Assert,"{'line': 347, 'column': 4, 'index': 13212}","  345 |
  346 |     $rows = wrapper.findAll('tbody > tr')
> 347 |     expect($rows.wrappers.every(r => r.find('[tabindex=""0""]').exists())).toBe(true)
      |    ^ Duplicate Assert
  348 |     expect($rows.at(0).attributes('aria-selected')).toBe('false')
  349 |     expect($rows.at(1).attributes('aria-selected')).toBe('false')
  350 |     expect($rows.at(2).attributes('aria-selected')).toBe('false')"
/home/gabriel/Disk/Research/research-javascript-test-smells/repositories/bootstrap-vue-dev/src/components/table/table-selectable.spec.js,Duplicate Assert,"{'line': 348, 'column': 4, 'index': 13296}","  346 |     $rows = wrapper.findAll('tbody > tr')
  347 |     expect($rows.wrappers.every(r => r.find('[tabindex=""0""]').exists())).toBe(true)
> 348 |     expect($rows.at(0).attributes('aria-selected')).toBe('false')
      |    ^ Duplicate Assert
  349 |     expect($rows.at(1).attributes('aria-selected')).toBe('false')
  350 |     expect($rows.at(2).attributes('aria-selected')).toBe('false')
  351 |     expect($rows.at(3).attributes('aria-selected')).toBe('false')"
/home/gabriel/Disk/Research/research-javascript-test-smells/repositories/bootstrap-vue-dev/src/components/table/table-selectable.spec.js,Duplicate Assert,"{'line': 349, 'column': 4, 'index': 13362}","  347 |     expect($rows.wrappers.every(r => r.find('[tabindex=""0""]').exists())).toBe(true)
  348 |     expect($rows.at(0).attributes('aria-selected')).toBe('false')
> 349 |     expect($rows.at(1).attributes('aria-selected')).toBe('false')
      |    ^ Duplicate Assert
  350 |     expect($rows.at(2).attributes('aria-selected')).toBe('false')
  351 |     expect($rows.at(3).attributes('aria-selected')).toBe('false')
  352 |     expect(wrapper.classes()).toContain('b-table-selectable')"
/home/gabriel/Disk/Research/research-javascript-test-smells/repositories/bootstrap-vue-dev/src/components/table/table-selectable.spec.js,Duplicate Assert,"{'line': 349, 'column': 4, 'index': 13362}","  347 |     expect($rows.wrappers.every(r => r.find('[tabindex=""0""]').exists())).toBe(true)
  348 |     expect($rows.at(0).attributes('aria-selected')).toBe('false')
> 349 |     expect($rows.at(1).attributes('aria-selected')).toBe('false')
      |    ^ Duplicate Assert
  350 |     expect($rows.at(2).attributes('aria-selected')).toBe('false')
  351 |     expect($rows.at(3).attributes('aria-selected')).toBe('false')
  352 |     expect(wrapper.classes()).toContain('b-table-selectable')"
/home/gabriel/Disk/Research/research-javascript-test-smells/repositories/bootstrap-vue-dev/src/components/table/table-selectable.spec.js,Duplicate Assert,"{'line': 350, 'column': 4, 'index': 13428}","  348 |     expect($rows.at(0).attributes('aria-selected')).toBe('false')
  349 |     expect($rows.at(1).attributes('aria-selected')).toBe('false')
> 350 |     expect($rows.at(2).attributes('aria-selected')).toBe('false')
      |    ^ Duplicate Assert
  351 |     expect($rows.at(3).attributes('aria-selected')).toBe('false')
  352 |     expect(wrapper.classes()).toContain('b-table-selectable')
  353 |     expect(wrapper.classes()).toContain('b-table-select-multi')"
/home/gabriel/Disk/Research/research-javascript-test-smells/repositories/bootstrap-vue-dev/src/components/table/table-selectable.spec.js,Duplicate Assert,"{'line': 350, 'column': 4, 'index': 13428}","  348 |     expect($rows.at(0).attributes('aria-selected')).toBe('false')
  349 |     expect($rows.at(1).attributes('aria-selected')).toBe('false')
> 350 |     expect($rows.at(2).attributes('aria-selected')).toBe('false')
      |    ^ Duplicate Assert
  351 |     expect($rows.at(3).attributes('aria-selected')).toBe('false')
  352 |     expect(wrapper.classes()).toContain('b-table-selectable')
  353 |     expect(wrapper.classes()).toContain('b-table-select-multi')"
/home/gabriel/Disk/Research/research-javascript-test-smells/repositories/bootstrap-vue-dev/src/components/table/table-selectable.spec.js,Duplicate Assert,"{'line': 351, 'column': 4, 'index': 13494}","  349 |     expect($rows.at(1).attributes('aria-selected')).toBe('false')
  350 |     expect($rows.at(2).attributes('aria-selected')).toBe('false')
> 351 |     expect($rows.at(3).attributes('aria-selected')).toBe('false')
      |    ^ Duplicate Assert
  352 |     expect(wrapper.classes()).toContain('b-table-selectable')
  353 |     expect(wrapper.classes()).toContain('b-table-select-multi')
  354 |     expect(wrapper.classes()).not.toContain('b-table-selecting')"
/home/gabriel/Disk/Research/research-javascript-test-smells/repositories/bootstrap-vue-dev/src/components/table/table-selectable.spec.js,Duplicate Assert,"{'line': 351, 'column': 4, 'index': 13494}","  349 |     expect($rows.at(1).attributes('aria-selected')).toBe('false')
  350 |     expect($rows.at(2).attributes('aria-selected')).toBe('false')
> 351 |     expect($rows.at(3).attributes('aria-selected')).toBe('false')
      |    ^ Duplicate Assert
  352 |     expect(wrapper.classes()).toContain('b-table-selectable')
  353 |     expect(wrapper.classes()).toContain('b-table-select-multi')
  354 |     expect(wrapper.classes()).not.toContain('b-table-selecting')"
/home/gabriel/Disk/Research/research-javascript-test-smells/repositories/bootstrap-vue-dev/src/components/table/table-selectable.spec.js,Duplicate Assert,"{'line': 352, 'column': 4, 'index': 13560}","  350 |     expect($rows.at(2).attributes('aria-selected')).toBe('false')
  351 |     expect($rows.at(3).attributes('aria-selected')).toBe('false')
> 352 |     expect(wrapper.classes()).toContain('b-table-selectable')
      |    ^ Duplicate Assert
  353 |     expect(wrapper.classes()).toContain('b-table-select-multi')
  354 |     expect(wrapper.classes()).not.toContain('b-table-selecting')
  355 |     expect(wrapper.classes()).not.toContain('b-table-select-single')"
/home/gabriel/Disk/Research/research-javascript-test-smells/repositories/bootstrap-vue-dev/src/components/table/table-selectable.spec.js,Duplicate Assert,"{'line': 352, 'column': 4, 'index': 13560}","  350 |     expect($rows.at(2).attributes('aria-selected')).toBe('false')
  351 |     expect($rows.at(3).attributes('aria-selected')).toBe('false')
> 352 |     expect(wrapper.classes()).toContain('b-table-selectable')
      |    ^ Duplicate Assert
  353 |     expect(wrapper.classes()).toContain('b-table-select-multi')
  354 |     expect(wrapper.classes()).not.toContain('b-table-selecting')
  355 |     expect(wrapper.classes()).not.toContain('b-table-select-single')"
/home/gabriel/Disk/Research/research-javascript-test-smells/repositories/bootstrap-vue-dev/src/components/table/table-selectable.spec.js,Duplicate Assert,"{'line': 353, 'column': 4, 'index': 13622}","  351 |     expect($rows.at(3).attributes('aria-selected')).toBe('false')
  352 |     expect(wrapper.classes()).toContain('b-table-selectable')
> 353 |     expect(wrapper.classes()).toContain('b-table-select-multi')
      |    ^ Duplicate Assert
  354 |     expect(wrapper.classes()).not.toContain('b-table-selecting')
  355 |     expect(wrapper.classes()).not.toContain('b-table-select-single')
  356 |     expect(wrapper.classes()).not.toContain('b-table-select-range')"
/home/gabriel/Disk/Research/research-javascript-test-smells/repositories/bootstrap-vue-dev/src/components/table/table-selectable.spec.js,Duplicate Assert,"{'line': 353, 'column': 4, 'index': 13622}","  351 |     expect($rows.at(3).attributes('aria-selected')).toBe('false')
  352 |     expect(wrapper.classes()).toContain('b-table-selectable')
> 353 |     expect(wrapper.classes()).toContain('b-table-select-multi')
      |    ^ Duplicate Assert
  354 |     expect(wrapper.classes()).not.toContain('b-table-selecting')
  355 |     expect(wrapper.classes()).not.toContain('b-table-select-single')
  356 |     expect(wrapper.classes()).not.toContain('b-table-select-range')"
/home/gabriel/Disk/Research/research-javascript-test-smells/repositories/bootstrap-vue-dev/src/components/table/table-selectable.spec.js,Duplicate Assert,"{'line': 354, 'column': 4, 'index': 13686}","  352 |     expect(wrapper.classes()).toContain('b-table-selectable')
  353 |     expect(wrapper.classes()).toContain('b-table-select-multi')
> 354 |     expect(wrapper.classes()).not.toContain('b-table-selecting')
      |    ^ Duplicate Assert
  355 |     expect(wrapper.classes()).not.toContain('b-table-select-single')
  356 |     expect(wrapper.classes()).not.toContain('b-table-select-range')
  357 |"
/home/gabriel/Disk/Research/research-javascript-test-smells/repositories/bootstrap-vue-dev/src/components/table/table-selectable.spec.js,Duplicate Assert,"{'line': 354, 'column': 4, 'index': 13686}","  352 |     expect(wrapper.classes()).toContain('b-table-selectable')
  353 |     expect(wrapper.classes()).toContain('b-table-select-multi')
> 354 |     expect(wrapper.classes()).not.toContain('b-table-selecting')
      |    ^ Duplicate Assert
  355 |     expect(wrapper.classes()).not.toContain('b-table-select-single')
  356 |     expect(wrapper.classes()).not.toContain('b-table-select-range')
  357 |"
/home/gabriel/Disk/Research/research-javascript-test-smells/repositories/bootstrap-vue-dev/src/components/table/table-selectable.spec.js,Duplicate Assert,"{'line': 355, 'column': 4, 'index': 13751}","  353 |     expect(wrapper.classes()).toContain('b-table-select-multi')
  354 |     expect(wrapper.classes()).not.toContain('b-table-selecting')
> 355 |     expect(wrapper.classes()).not.toContain('b-table-select-single')
      |    ^ Duplicate Assert
  356 |     expect(wrapper.classes()).not.toContain('b-table-select-range')
  357 |
  358 |     wrapper.destroy()"
/home/gabriel/Disk/Research/research-javascript-test-smells/repositories/bootstrap-vue-dev/src/components/table/table-selectable.spec.js,Duplicate Assert,"{'line': 355, 'column': 4, 'index': 13751}","  353 |     expect(wrapper.classes()).toContain('b-table-select-multi')
  354 |     expect(wrapper.classes()).not.toContain('b-table-selecting')
> 355 |     expect(wrapper.classes()).not.toContain('b-table-select-single')
      |    ^ Duplicate Assert
  356 |     expect(wrapper.classes()).not.toContain('b-table-select-range')
  357 |
  358 |     wrapper.destroy()"
/home/gabriel/Disk/Research/research-javascript-test-smells/repositories/bootstrap-vue-dev/src/components/table/table-selectable.spec.js,Duplicate Assert,"{'line': 356, 'column': 4, 'index': 13820}","  354 |     expect(wrapper.classes()).not.toContain('b-table-selecting')
  355 |     expect(wrapper.classes()).not.toContain('b-table-select-single')
> 356 |     expect(wrapper.classes()).not.toContain('b-table-select-range')
      |    ^ Duplicate Assert
  357 |
  358 |     wrapper.destroy()
  359 |   })"
/home/gabriel/Disk/Research/research-javascript-test-smells/repositories/bootstrap-vue-dev/src/components/table/table-selectable.spec.js,Duplicate Assert,"{'line': 356, 'column': 4, 'index': 13820}","  354 |     expect(wrapper.classes()).not.toContain('b-table-selecting')
  355 |     expect(wrapper.classes()).not.toContain('b-table-select-single')
> 356 |     expect(wrapper.classes()).not.toContain('b-table-select-range')
      |    ^ Duplicate Assert
  357 |
  358 |     wrapper.destroy()
  359 |   })"
/home/gabriel/Disk/Research/research-javascript-test-smells/repositories/bootstrap-vue-dev/src/components/table/table-selectable.spec.js,Duplicate Assert,"{'line': 376, 'column': 4, 'index': 14326}","  374 |     expect(wrapper.attributes('role')).toBe('grid')
  375 |     expect(wrapper.attributes('aria-multiselectable')).toBe('true')
> 376 |     expect(wrapper.classes()).toContain('b-table-selectable')
      |    ^ Duplicate Assert
  377 |     expect(wrapper.classes()).toContain('b-table-select-range')
  378 |     expect(wrapper.classes()).not.toContain('b-table-selecting')
  379 |     expect(wrapper.classes()).not.toContain('b-table-select-single')"
/home/gabriel/Disk/Research/research-javascript-test-smells/repositories/bootstrap-vue-dev/src/components/table/table-selectable.spec.js,Duplicate Assert,"{'line': 376, 'column': 4, 'index': 14326}","  374 |     expect(wrapper.attributes('role')).toBe('grid')
  375 |     expect(wrapper.attributes('aria-multiselectable')).toBe('true')
> 376 |     expect(wrapper.classes()).toContain('b-table-selectable')
      |    ^ Duplicate Assert
  377 |     expect(wrapper.classes()).toContain('b-table-select-range')
  378 |     expect(wrapper.classes()).not.toContain('b-table-selecting')
  379 |     expect(wrapper.classes()).not.toContain('b-table-select-single')"
/home/gabriel/Disk/Research/research-javascript-test-smells/repositories/bootstrap-vue-dev/src/components/table/table-selectable.spec.js,Duplicate Assert,"{'line': 377, 'column': 4, 'index': 14388}","  375 |     expect(wrapper.attributes('aria-multiselectable')).toBe('true')
  376 |     expect(wrapper.classes()).toContain('b-table-selectable')
> 377 |     expect(wrapper.classes()).toContain('b-table-select-range')
      |    ^ Duplicate Assert
  378 |     expect(wrapper.classes()).not.toContain('b-table-selecting')
  379 |     expect(wrapper.classes()).not.toContain('b-table-select-single')
  380 |     expect(wrapper.classes()).not.toContain('b-table-select-multi')"
/home/gabriel/Disk/Research/research-javascript-test-smells/repositories/bootstrap-vue-dev/src/components/table/table-selectable.spec.js,Duplicate Assert,"{'line': 377, 'column': 4, 'index': 14388}","  375 |     expect(wrapper.attributes('aria-multiselectable')).toBe('true')
  376 |     expect(wrapper.classes()).toContain('b-table-selectable')
> 377 |     expect(wrapper.classes()).toContain('b-table-select-range')
      |    ^ Duplicate Assert
  378 |     expect(wrapper.classes()).not.toContain('b-table-selecting')
  379 |     expect(wrapper.classes()).not.toContain('b-table-select-single')
  380 |     expect(wrapper.classes()).not.toContain('b-table-select-multi')"
/home/gabriel/Disk/Research/research-javascript-test-smells/repositories/bootstrap-vue-dev/src/components/table/table-selectable.spec.js,Duplicate Assert,"{'line': 378, 'column': 4, 'index': 14452}","  376 |     expect(wrapper.classes()).toContain('b-table-selectable')
  377 |     expect(wrapper.classes()).toContain('b-table-select-range')
> 378 |     expect(wrapper.classes()).not.toContain('b-table-selecting')
      |    ^ Duplicate Assert
  379 |     expect(wrapper.classes()).not.toContain('b-table-select-single')
  380 |     expect(wrapper.classes()).not.toContain('b-table-select-multi')
  381 |     expect(wrapper.emitted('row-selected')).toBeUndefined()"
/home/gabriel/Disk/Research/research-javascript-test-smells/repositories/bootstrap-vue-dev/src/components/table/table-selectable.spec.js,Duplicate Assert,"{'line': 378, 'column': 4, 'index': 14452}","  376 |     expect(wrapper.classes()).toContain('b-table-selectable')
  377 |     expect(wrapper.classes()).toContain('b-table-select-range')
> 378 |     expect(wrapper.classes()).not.toContain('b-table-selecting')
      |    ^ Duplicate Assert
  379 |     expect(wrapper.classes()).not.toContain('b-table-select-single')
  380 |     expect(wrapper.classes()).not.toContain('b-table-select-multi')
  381 |     expect(wrapper.emitted('row-selected')).toBeUndefined()"
/home/gabriel/Disk/Research/research-javascript-test-smells/repositories/bootstrap-vue-dev/src/components/table/table-selectable.spec.js,Duplicate Assert,"{'line': 379, 'column': 4, 'index': 14517}","  377 |     expect(wrapper.classes()).toContain('b-table-select-range')
  378 |     expect(wrapper.classes()).not.toContain('b-table-selecting')
> 379 |     expect(wrapper.classes()).not.toContain('b-table-select-single')
      |    ^ Duplicate Assert
  380 |     expect(wrapper.classes()).not.toContain('b-table-select-multi')
  381 |     expect(wrapper.emitted('row-selected')).toBeUndefined()
  382 |"
/home/gabriel/Disk/Research/research-javascript-test-smells/repositories/bootstrap-vue-dev/src/components/table/table-selectable.spec.js,Duplicate Assert,"{'line': 379, 'column': 4, 'index': 14517}","  377 |     expect(wrapper.classes()).toContain('b-table-select-range')
  378 |     expect(wrapper.classes()).not.toContain('b-table-selecting')
> 379 |     expect(wrapper.classes()).not.toContain('b-table-select-single')
      |    ^ Duplicate Assert
  380 |     expect(wrapper.classes()).not.toContain('b-table-select-multi')
  381 |     expect(wrapper.emitted('row-selected')).toBeUndefined()
  382 |"
/home/gabriel/Disk/Research/research-javascript-test-smells/repositories/bootstrap-vue-dev/src/components/table/table-selectable.spec.js,Duplicate Assert,"{'line': 380, 'column': 4, 'index': 14586}","  378 |     expect(wrapper.classes()).not.toContain('b-table-selecting')
  379 |     expect(wrapper.classes()).not.toContain('b-table-select-single')
> 380 |     expect(wrapper.classes()).not.toContain('b-table-select-multi')
      |    ^ Duplicate Assert
  381 |     expect(wrapper.emitted('row-selected')).toBeUndefined()
  382 |
  383 |     let $rows = wrapper.findAll('tbody > tr')"
/home/gabriel/Disk/Research/research-javascript-test-smells/repositories/bootstrap-vue-dev/src/components/table/table-selectable.spec.js,Duplicate Assert,"{'line': 380, 'column': 4, 'index': 14586}","  378 |     expect(wrapper.classes()).not.toContain('b-table-selecting')
  379 |     expect(wrapper.classes()).not.toContain('b-table-select-single')
> 380 |     expect(wrapper.classes()).not.toContain('b-table-select-multi')
      |    ^ Duplicate Assert
  381 |     expect(wrapper.emitted('row-selected')).toBeUndefined()
  382 |
  383 |     let $rows = wrapper.findAll('tbody > tr')"
/home/gabriel/Disk/Research/research-javascript-test-smells/repositories/bootstrap-vue-dev/src/components/table/table-selectable.spec.js,Duplicate Assert,"{'line': 381, 'column': 4, 'index': 14654}","  379 |     expect(wrapper.classes()).not.toContain('b-table-select-single')
  380 |     expect(wrapper.classes()).not.toContain('b-table-select-multi')
> 381 |     expect(wrapper.emitted('row-selected')).toBeUndefined()
      |    ^ Duplicate Assert
  382 |
  383 |     let $rows = wrapper.findAll('tbody > tr')
  384 |     expect($rows.wrappers.every(r => r.find('[tabindex=""0""]').exists())).toBe(true)"
/home/gabriel/Disk/Research/research-javascript-test-smells/repositories/bootstrap-vue-dev/src/components/table/table-selectable.spec.js,Duplicate Assert,"{'line': 384, 'column': 4, 'index': 14761}","  382 |
  383 |     let $rows = wrapper.findAll('tbody > tr')
> 384 |     expect($rows.wrappers.every(r => r.find('[tabindex=""0""]').exists())).toBe(true)
      |    ^ Duplicate Assert
  385 |     expect($rows.wrappers.every(r => r.find('[aria-selected=""false""]').exists())).toBe(true)
  386 |
  387 |     // Click first row"
/home/gabriel/Disk/Research/research-javascript-test-smells/repositories/bootstrap-vue-dev/src/components/table/table-selectable.spec.js,Duplicate Assert,"{'line': 384, 'column': 4, 'index': 14761}","  382 |
  383 |     let $rows = wrapper.findAll('tbody > tr')
> 384 |     expect($rows.wrappers.every(r => r.find('[tabindex=""0""]').exists())).toBe(true)
      |    ^ Duplicate Assert
  385 |     expect($rows.wrappers.every(r => r.find('[aria-selected=""false""]').exists())).toBe(true)
  386 |
  387 |     // Click first row"
/home/gabriel/Disk/Research/research-javascript-test-smells/repositories/bootstrap-vue-dev/src/components/table/table-selectable.spec.js,Duplicate Assert,"{'line': 393, 'column': 4, 'index': 15047}","  391 |       .trigger('click')
  392 |
> 393 |     expect(wrapper.emitted('row-selected')).toBeDefined()
      |    ^ Duplicate Assert
  394 |     expect(wrapper.emitted('row-selected').length).toBe(1)
  395 |     expect(wrapper.emitted('row-selected')[0][0]).toEqual([testItems[0]])
  396 |"
/home/gabriel/Disk/Research/research-javascript-test-smells/repositories/bootstrap-vue-dev/src/components/table/table-selectable.spec.js,Duplicate Assert,"{'line': 394, 'column': 4, 'index': 15105}","  392 |
  393 |     expect(wrapper.emitted('row-selected')).toBeDefined()
> 394 |     expect(wrapper.emitted('row-selected').length).toBe(1)
      |    ^ Duplicate Assert
  395 |     expect(wrapper.emitted('row-selected')[0][0]).toEqual([testItems[0]])
  396 |
  397 |     $rows = wrapper.findAll('tbody > tr')"
/home/gabriel/Disk/Research/research-javascript-test-smells/repositories/bootstrap-vue-dev/src/components/table/table-selectable.spec.js,Duplicate Assert,"{'line': 398, 'column': 4, 'index': 15281}","  396 |
  397 |     $rows = wrapper.findAll('tbody > tr')
> 398 |     expect($rows.wrappers.every(r => r.find('[tabindex=""0""]').exists())).toBe(true)
      |    ^ Duplicate Assert
  399 |     expect($rows.at(0).attributes('aria-selected')).toBe('true')
  400 |     expect($rows.at(1).attributes('aria-selected')).toBe('false')
  401 |     expect($rows.at(2).attributes('aria-selected')).toBe('false')"
/home/gabriel/Disk/Research/research-javascript-test-smells/repositories/bootstrap-vue-dev/src/components/table/table-selectable.spec.js,Duplicate Assert,"{'line': 398, 'column': 4, 'index': 15281}","  396 |
  397 |     $rows = wrapper.findAll('tbody > tr')
> 398 |     expect($rows.wrappers.every(r => r.find('[tabindex=""0""]').exists())).toBe(true)
      |    ^ Duplicate Assert
  399 |     expect($rows.at(0).attributes('aria-selected')).toBe('true')
  400 |     expect($rows.at(1).attributes('aria-selected')).toBe('false')
  401 |     expect($rows.at(2).attributes('aria-selected')).toBe('false')"
/home/gabriel/Disk/Research/research-javascript-test-smells/repositories/bootstrap-vue-dev/src/components/table/table-selectable.spec.js,Duplicate Assert,"{'line': 399, 'column': 4, 'index': 15365}","  397 |     $rows = wrapper.findAll('tbody > tr')
  398 |     expect($rows.wrappers.every(r => r.find('[tabindex=""0""]').exists())).toBe(true)
> 399 |     expect($rows.at(0).attributes('aria-selected')).toBe('true')
      |    ^ Duplicate Assert
  400 |     expect($rows.at(1).attributes('aria-selected')).toBe('false')
  401 |     expect($rows.at(2).attributes('aria-selected')).toBe('false')
  402 |     expect($rows.at(3).attributes('aria-selected')).toBe('false')"
/home/gabriel/Disk/Research/research-javascript-test-smells/repositories/bootstrap-vue-dev/src/components/table/table-selectable.spec.js,Duplicate Assert,"{'line': 399, 'column': 4, 'index': 15365}","  397 |     $rows = wrapper.findAll('tbody > tr')
  398 |     expect($rows.wrappers.every(r => r.find('[tabindex=""0""]').exists())).toBe(true)
> 399 |     expect($rows.at(0).attributes('aria-selected')).toBe('true')
      |    ^ Duplicate Assert
  400 |     expect($rows.at(1).attributes('aria-selected')).toBe('false')
  401 |     expect($rows.at(2).attributes('aria-selected')).toBe('false')
  402 |     expect($rows.at(3).attributes('aria-selected')).toBe('false')"
/home/gabriel/Disk/Research/research-javascript-test-smells/repositories/bootstrap-vue-dev/src/components/table/table-selectable.spec.js,Duplicate Assert,"{'line': 400, 'column': 4, 'index': 15430}","  398 |     expect($rows.wrappers.every(r => r.find('[tabindex=""0""]').exists())).toBe(true)
  399 |     expect($rows.at(0).attributes('aria-selected')).toBe('true')
> 400 |     expect($rows.at(1).attributes('aria-selected')).toBe('false')
      |    ^ Duplicate Assert
  401 |     expect($rows.at(2).attributes('aria-selected')).toBe('false')
  402 |     expect($rows.at(3).attributes('aria-selected')).toBe('false')
  403 |     expect(wrapper.classes()).toContain('b-table-selectable')"
/home/gabriel/Disk/Research/research-javascript-test-smells/repositories/bootstrap-vue-dev/src/components/table/table-selectable.spec.js,Duplicate Assert,"{'line': 400, 'column': 4, 'index': 15430}","  398 |     expect($rows.wrappers.every(r => r.find('[tabindex=""0""]').exists())).toBe(true)
  399 |     expect($rows.at(0).attributes('aria-selected')).toBe('true')
> 400 |     expect($rows.at(1).attributes('aria-selected')).toBe('false')
      |    ^ Duplicate Assert
  401 |     expect($rows.at(2).attributes('aria-selected')).toBe('false')
  402 |     expect($rows.at(3).attributes('aria-selected')).toBe('false')
  403 |     expect(wrapper.classes()).toContain('b-table-selectable')"
/home/gabriel/Disk/Research/research-javascript-test-smells/repositories/bootstrap-vue-dev/src/components/table/table-selectable.spec.js,Duplicate Assert,"{'line': 401, 'column': 4, 'index': 15496}","  399 |     expect($rows.at(0).attributes('aria-selected')).toBe('true')
  400 |     expect($rows.at(1).attributes('aria-selected')).toBe('false')
> 401 |     expect($rows.at(2).attributes('aria-selected')).toBe('false')
      |    ^ Duplicate Assert
  402 |     expect($rows.at(3).attributes('aria-selected')).toBe('false')
  403 |     expect(wrapper.classes()).toContain('b-table-selectable')
  404 |     expect(wrapper.classes()).toContain('b-table-select-range')"
/home/gabriel/Disk/Research/research-javascript-test-smells/repositories/bootstrap-vue-dev/src/components/table/table-selectable.spec.js,Duplicate Assert,"{'line': 401, 'column': 4, 'index': 15496}","  399 |     expect($rows.at(0).attributes('aria-selected')).toBe('true')
  400 |     expect($rows.at(1).attributes('aria-selected')).toBe('false')
> 401 |     expect($rows.at(2).attributes('aria-selected')).toBe('false')
      |    ^ Duplicate Assert
  402 |     expect($rows.at(3).attributes('aria-selected')).toBe('false')
  403 |     expect(wrapper.classes()).toContain('b-table-selectable')
  404 |     expect(wrapper.classes()).toContain('b-table-select-range')"
/home/gabriel/Disk/Research/research-javascript-test-smells/repositories/bootstrap-vue-dev/src/components/table/table-selectable.spec.js,Duplicate Assert,"{'line': 402, 'column': 4, 'index': 15562}","  400 |     expect($rows.at(1).attributes('aria-selected')).toBe('false')
  401 |     expect($rows.at(2).attributes('aria-selected')).toBe('false')
> 402 |     expect($rows.at(3).attributes('aria-selected')).toBe('false')
      |    ^ Duplicate Assert
  403 |     expect(wrapper.classes()).toContain('b-table-selectable')
  404 |     expect(wrapper.classes()).toContain('b-table-select-range')
  405 |     expect(wrapper.classes()).toContain('b-table-selecting')"
/home/gabriel/Disk/Research/research-javascript-test-smells/repositories/bootstrap-vue-dev/src/components/table/table-selectable.spec.js,Duplicate Assert,"{'line': 402, 'column': 4, 'index': 15562}","  400 |     expect($rows.at(1).attributes('aria-selected')).toBe('false')
  401 |     expect($rows.at(2).attributes('aria-selected')).toBe('false')
> 402 |     expect($rows.at(3).attributes('aria-selected')).toBe('false')
      |    ^ Duplicate Assert
  403 |     expect(wrapper.classes()).toContain('b-table-selectable')
  404 |     expect(wrapper.classes()).toContain('b-table-select-range')
  405 |     expect(wrapper.classes()).toContain('b-table-selecting')"
/home/gabriel/Disk/Research/research-javascript-test-smells/repositories/bootstrap-vue-dev/src/components/table/table-selectable.spec.js,Duplicate Assert,"{'line': 403, 'column': 4, 'index': 15628}","  401 |     expect($rows.at(2).attributes('aria-selected')).toBe('false')
  402 |     expect($rows.at(3).attributes('aria-selected')).toBe('false')
> 403 |     expect(wrapper.classes()).toContain('b-table-selectable')
      |    ^ Duplicate Assert
  404 |     expect(wrapper.classes()).toContain('b-table-select-range')
  405 |     expect(wrapper.classes()).toContain('b-table-selecting')
  406 |     expect(wrapper.classes()).not.toContain('b-table-select-single')"
/home/gabriel/Disk/Research/research-javascript-test-smells/repositories/bootstrap-vue-dev/src/components/table/table-selectable.spec.js,Duplicate Assert,"{'line': 403, 'column': 4, 'index': 15628}","  401 |     expect($rows.at(2).attributes('aria-selected')).toBe('false')
  402 |     expect($rows.at(3).attributes('aria-selected')).toBe('false')
> 403 |     expect(wrapper.classes()).toContain('b-table-selectable')
      |    ^ Duplicate Assert
  404 |     expect(wrapper.classes()).toContain('b-table-select-range')
  405 |     expect(wrapper.classes()).toContain('b-table-selecting')
  406 |     expect(wrapper.classes()).not.toContain('b-table-select-single')"
/home/gabriel/Disk/Research/research-javascript-test-smells/repositories/bootstrap-vue-dev/src/components/table/table-selectable.spec.js,Duplicate Assert,"{'line': 404, 'column': 4, 'index': 15690}","  402 |     expect($rows.at(3).attributes('aria-selected')).toBe('false')
  403 |     expect(wrapper.classes()).toContain('b-table-selectable')
> 404 |     expect(wrapper.classes()).toContain('b-table-select-range')
      |    ^ Duplicate Assert
  405 |     expect(wrapper.classes()).toContain('b-table-selecting')
  406 |     expect(wrapper.classes()).not.toContain('b-table-select-single')
  407 |     expect(wrapper.classes()).not.toContain('b-table-select-multi')"
/home/gabriel/Disk/Research/research-javascript-test-smells/repositories/bootstrap-vue-dev/src/components/table/table-selectable.spec.js,Duplicate Assert,"{'line': 404, 'column': 4, 'index': 15690}","  402 |     expect($rows.at(3).attributes('aria-selected')).toBe('false')
  403 |     expect(wrapper.classes()).toContain('b-table-selectable')
> 404 |     expect(wrapper.classes()).toContain('b-table-select-range')
      |    ^ Duplicate Assert
  405 |     expect(wrapper.classes()).toContain('b-table-selecting')
  406 |     expect(wrapper.classes()).not.toContain('b-table-select-single')
  407 |     expect(wrapper.classes()).not.toContain('b-table-select-multi')"
/home/gabriel/Disk/Research/research-javascript-test-smells/repositories/bootstrap-vue-dev/src/components/table/table-selectable.spec.js,Duplicate Assert,"{'line': 405, 'column': 4, 'index': 15754}","  403 |     expect(wrapper.classes()).toContain('b-table-selectable')
  404 |     expect(wrapper.classes()).toContain('b-table-select-range')
> 405 |     expect(wrapper.classes()).toContain('b-table-selecting')
      |    ^ Duplicate Assert
  406 |     expect(wrapper.classes()).not.toContain('b-table-select-single')
  407 |     expect(wrapper.classes()).not.toContain('b-table-select-multi')
  408 |"
/home/gabriel/Disk/Research/research-javascript-test-smells/repositories/bootstrap-vue-dev/src/components/table/table-selectable.spec.js,Duplicate Assert,"{'line': 405, 'column': 4, 'index': 15754}","  403 |     expect(wrapper.classes()).toContain('b-table-selectable')
  404 |     expect(wrapper.classes()).toContain('b-table-select-range')
> 405 |     expect(wrapper.classes()).toContain('b-table-selecting')
      |    ^ Duplicate Assert
  406 |     expect(wrapper.classes()).not.toContain('b-table-select-single')
  407 |     expect(wrapper.classes()).not.toContain('b-table-select-multi')
  408 |"
/home/gabriel/Disk/Research/research-javascript-test-smells/repositories/bootstrap-vue-dev/src/components/table/table-selectable.spec.js,Duplicate Assert,"{'line': 406, 'column': 4, 'index': 15815}","  404 |     expect(wrapper.classes()).toContain('b-table-select-range')
  405 |     expect(wrapper.classes()).toContain('b-table-selecting')
> 406 |     expect(wrapper.classes()).not.toContain('b-table-select-single')
      |    ^ Duplicate Assert
  407 |     expect(wrapper.classes()).not.toContain('b-table-select-multi')
  408 |
  409 |     // Shift-Click third row"
/home/gabriel/Disk/Research/research-javascript-test-smells/repositories/bootstrap-vue-dev/src/components/table/table-selectable.spec.js,Duplicate Assert,"{'line': 406, 'column': 4, 'index': 15815}","  404 |     expect(wrapper.classes()).toContain('b-table-select-range')
  405 |     expect(wrapper.classes()).toContain('b-table-selecting')
> 406 |     expect(wrapper.classes()).not.toContain('b-table-select-single')
      |    ^ Duplicate Assert
  407 |     expect(wrapper.classes()).not.toContain('b-table-select-multi')
  408 |
  409 |     // Shift-Click third row"
/home/gabriel/Disk/Research/research-javascript-test-smells/repositories/bootstrap-vue-dev/src/components/table/table-selectable.spec.js,Duplicate Assert,"{'line': 407, 'column': 4, 'index': 15884}","  405 |     expect(wrapper.classes()).toContain('b-table-selecting')
  406 |     expect(wrapper.classes()).not.toContain('b-table-select-single')
> 407 |     expect(wrapper.classes()).not.toContain('b-table-select-multi')
      |    ^ Duplicate Assert
  408 |
  409 |     // Shift-Click third row
  410 |     await wrapper"
/home/gabriel/Disk/Research/research-javascript-test-smells/repositories/bootstrap-vue-dev/src/components/table/table-selectable.spec.js,Duplicate Assert,"{'line': 407, 'column': 4, 'index': 15884}","  405 |     expect(wrapper.classes()).toContain('b-table-selecting')
  406 |     expect(wrapper.classes()).not.toContain('b-table-select-single')
> 407 |     expect(wrapper.classes()).not.toContain('b-table-select-multi')
      |    ^ Duplicate Assert
  408 |
  409 |     // Shift-Click third row
  410 |     await wrapper"
/home/gabriel/Disk/Research/research-javascript-test-smells/repositories/bootstrap-vue-dev/src/components/table/table-selectable.spec.js,Duplicate Assert,"{'line': 415, 'column': 4, 'index': 16087}","  413 |       .trigger('click', { shiftKey: true })
  414 |
> 415 |     expect(wrapper.emitted('row-selected').length).toBe(2)
      |    ^ Duplicate Assert
  416 |     expect(wrapper.emitted('row-selected')[1][0]).toEqual([
  417 |       testItems[0],
  418 |       testItems[1],"
/home/gabriel/Disk/Research/research-javascript-test-smells/repositories/bootstrap-vue-dev/src/components/table/table-selectable.spec.js,Duplicate Assert,"{'line': 423, 'column': 4, 'index': 16315}","  421 |
  422 |     $rows = wrapper.findAll('tbody > tr')
> 423 |     expect($rows.wrappers.every(r => r.find('[tabindex=""0""]').exists())).toBe(true)
      |    ^ Duplicate Assert
  424 |     expect($rows.at(0).attributes('aria-selected')).toBe('true')
  425 |     expect($rows.at(1).attributes('aria-selected')).toBe('true')
  426 |     expect($rows.at(2).attributes('aria-selected')).toBe('true')"
/home/gabriel/Disk/Research/research-javascript-test-smells/repositories/bootstrap-vue-dev/src/components/table/table-selectable.spec.js,Duplicate Assert,"{'line': 423, 'column': 4, 'index': 16315}","  421 |
  422 |     $rows = wrapper.findAll('tbody > tr')
> 423 |     expect($rows.wrappers.every(r => r.find('[tabindex=""0""]').exists())).toBe(true)
      |    ^ Duplicate Assert
  424 |     expect($rows.at(0).attributes('aria-selected')).toBe('true')
  425 |     expect($rows.at(1).attributes('aria-selected')).toBe('true')
  426 |     expect($rows.at(2).attributes('aria-selected')).toBe('true')"
/home/gabriel/Disk/Research/research-javascript-test-smells/repositories/bootstrap-vue-dev/src/components/table/table-selectable.spec.js,Duplicate Assert,"{'line': 424, 'column': 4, 'index': 16399}","  422 |     $rows = wrapper.findAll('tbody > tr')
  423 |     expect($rows.wrappers.every(r => r.find('[tabindex=""0""]').exists())).toBe(true)
> 424 |     expect($rows.at(0).attributes('aria-selected')).toBe('true')
      |    ^ Duplicate Assert
  425 |     expect($rows.at(1).attributes('aria-selected')).toBe('true')
  426 |     expect($rows.at(2).attributes('aria-selected')).toBe('true')
  427 |     expect($rows.at(3).attributes('aria-selected')).toBe('false')"
/home/gabriel/Disk/Research/research-javascript-test-smells/repositories/bootstrap-vue-dev/src/components/table/table-selectable.spec.js,Duplicate Assert,"{'line': 424, 'column': 4, 'index': 16399}","  422 |     $rows = wrapper.findAll('tbody > tr')
  423 |     expect($rows.wrappers.every(r => r.find('[tabindex=""0""]').exists())).toBe(true)
> 424 |     expect($rows.at(0).attributes('aria-selected')).toBe('true')
      |    ^ Duplicate Assert
  425 |     expect($rows.at(1).attributes('aria-selected')).toBe('true')
  426 |     expect($rows.at(2).attributes('aria-selected')).toBe('true')
  427 |     expect($rows.at(3).attributes('aria-selected')).toBe('false')"
/home/gabriel/Disk/Research/research-javascript-test-smells/repositories/bootstrap-vue-dev/src/components/table/table-selectable.spec.js,Duplicate Assert,"{'line': 425, 'column': 4, 'index': 16464}","  423 |     expect($rows.wrappers.every(r => r.find('[tabindex=""0""]').exists())).toBe(true)
  424 |     expect($rows.at(0).attributes('aria-selected')).toBe('true')
> 425 |     expect($rows.at(1).attributes('aria-selected')).toBe('true')
      |    ^ Duplicate Assert
  426 |     expect($rows.at(2).attributes('aria-selected')).toBe('true')
  427 |     expect($rows.at(3).attributes('aria-selected')).toBe('false')
  428 |     expect(wrapper.classes()).toContain('b-table-selectable')"
/home/gabriel/Disk/Research/research-javascript-test-smells/repositories/bootstrap-vue-dev/src/components/table/table-selectable.spec.js,Duplicate Assert,"{'line': 425, 'column': 4, 'index': 16464}","  423 |     expect($rows.wrappers.every(r => r.find('[tabindex=""0""]').exists())).toBe(true)
  424 |     expect($rows.at(0).attributes('aria-selected')).toBe('true')
> 425 |     expect($rows.at(1).attributes('aria-selected')).toBe('true')
      |    ^ Duplicate Assert
  426 |     expect($rows.at(2).attributes('aria-selected')).toBe('true')
  427 |     expect($rows.at(3).attributes('aria-selected')).toBe('false')
  428 |     expect(wrapper.classes()).toContain('b-table-selectable')"
/home/gabriel/Disk/Research/research-javascript-test-smells/repositories/bootstrap-vue-dev/src/components/table/table-selectable.spec.js,Duplicate Assert,"{'line': 426, 'column': 4, 'index': 16529}","  424 |     expect($rows.at(0).attributes('aria-selected')).toBe('true')
  425 |     expect($rows.at(1).attributes('aria-selected')).toBe('true')
> 426 |     expect($rows.at(2).attributes('aria-selected')).toBe('true')
      |    ^ Duplicate Assert
  427 |     expect($rows.at(3).attributes('aria-selected')).toBe('false')
  428 |     expect(wrapper.classes()).toContain('b-table-selectable')
  429 |     expect(wrapper.classes()).toContain('b-table-select-range')"
/home/gabriel/Disk/Research/research-javascript-test-smells/repositories/bootstrap-vue-dev/src/components/table/table-selectable.spec.js,Duplicate Assert,"{'line': 426, 'column': 4, 'index': 16529}","  424 |     expect($rows.at(0).attributes('aria-selected')).toBe('true')
  425 |     expect($rows.at(1).attributes('aria-selected')).toBe('true')
> 426 |     expect($rows.at(2).attributes('aria-selected')).toBe('true')
      |    ^ Duplicate Assert
  427 |     expect($rows.at(3).attributes('aria-selected')).toBe('false')
  428 |     expect(wrapper.classes()).toContain('b-table-selectable')
  429 |     expect(wrapper.classes()).toContain('b-table-select-range')"
/home/gabriel/Disk/Research/research-javascript-test-smells/repositories/bootstrap-vue-dev/src/components/table/table-selectable.spec.js,Duplicate Assert,"{'line': 427, 'column': 4, 'index': 16594}","  425 |     expect($rows.at(1).attributes('aria-selected')).toBe('true')
  426 |     expect($rows.at(2).attributes('aria-selected')).toBe('true')
> 427 |     expect($rows.at(3).attributes('aria-selected')).toBe('false')
      |    ^ Duplicate Assert
  428 |     expect(wrapper.classes()).toContain('b-table-selectable')
  429 |     expect(wrapper.classes()).toContain('b-table-select-range')
  430 |     expect(wrapper.classes()).toContain('b-table-selecting')"
/home/gabriel/Disk/Research/research-javascript-test-smells/repositories/bootstrap-vue-dev/src/components/table/table-selectable.spec.js,Duplicate Assert,"{'line': 427, 'column': 4, 'index': 16594}","  425 |     expect($rows.at(1).attributes('aria-selected')).toBe('true')
  426 |     expect($rows.at(2).attributes('aria-selected')).toBe('true')
> 427 |     expect($rows.at(3).attributes('aria-selected')).toBe('false')
      |    ^ Duplicate Assert
  428 |     expect(wrapper.classes()).toContain('b-table-selectable')
  429 |     expect(wrapper.classes()).toContain('b-table-select-range')
  430 |     expect(wrapper.classes()).toContain('b-table-selecting')"
/home/gabriel/Disk/Research/research-javascript-test-smells/repositories/bootstrap-vue-dev/src/components/table/table-selectable.spec.js,Duplicate Assert,"{'line': 428, 'column': 4, 'index': 16660}","  426 |     expect($rows.at(2).attributes('aria-selected')).toBe('true')
  427 |     expect($rows.at(3).attributes('aria-selected')).toBe('false')
> 428 |     expect(wrapper.classes()).toContain('b-table-selectable')
      |    ^ Duplicate Assert
  429 |     expect(wrapper.classes()).toContain('b-table-select-range')
  430 |     expect(wrapper.classes()).toContain('b-table-selecting')
  431 |     expect(wrapper.classes()).not.toContain('b-table-select-single')"
/home/gabriel/Disk/Research/research-javascript-test-smells/repositories/bootstrap-vue-dev/src/components/table/table-selectable.spec.js,Duplicate Assert,"{'line': 428, 'column': 4, 'index': 16660}","  426 |     expect($rows.at(2).attributes('aria-selected')).toBe('true')
  427 |     expect($rows.at(3).attributes('aria-selected')).toBe('false')
> 428 |     expect(wrapper.classes()).toContain('b-table-selectable')
      |    ^ Duplicate Assert
  429 |     expect(wrapper.classes()).toContain('b-table-select-range')
  430 |     expect(wrapper.classes()).toContain('b-table-selecting')
  431 |     expect(wrapper.classes()).not.toContain('b-table-select-single')"
/home/gabriel/Disk/Research/research-javascript-test-smells/repositories/bootstrap-vue-dev/src/components/table/table-selectable.spec.js,Duplicate Assert,"{'line': 429, 'column': 4, 'index': 16722}","  427 |     expect($rows.at(3).attributes('aria-selected')).toBe('false')
  428 |     expect(wrapper.classes()).toContain('b-table-selectable')
> 429 |     expect(wrapper.classes()).toContain('b-table-select-range')
      |    ^ Duplicate Assert
  430 |     expect(wrapper.classes()).toContain('b-table-selecting')
  431 |     expect(wrapper.classes()).not.toContain('b-table-select-single')
  432 |     expect(wrapper.classes()).not.toContain('b-table-select-multi')"
/home/gabriel/Disk/Research/research-javascript-test-smells/repositories/bootstrap-vue-dev/src/components/table/table-selectable.spec.js,Duplicate Assert,"{'line': 429, 'column': 4, 'index': 16722}","  427 |     expect($rows.at(3).attributes('aria-selected')).toBe('false')
  428 |     expect(wrapper.classes()).toContain('b-table-selectable')
> 429 |     expect(wrapper.classes()).toContain('b-table-select-range')
      |    ^ Duplicate Assert
  430 |     expect(wrapper.classes()).toContain('b-table-selecting')
  431 |     expect(wrapper.classes()).not.toContain('b-table-select-single')
  432 |     expect(wrapper.classes()).not.toContain('b-table-select-multi')"
/home/gabriel/Disk/Research/research-javascript-test-smells/repositories/bootstrap-vue-dev/src/components/table/table-selectable.spec.js,Duplicate Assert,"{'line': 430, 'column': 4, 'index': 16786}","  428 |     expect(wrapper.classes()).toContain('b-table-selectable')
  429 |     expect(wrapper.classes()).toContain('b-table-select-range')
> 430 |     expect(wrapper.classes()).toContain('b-table-selecting')
      |    ^ Duplicate Assert
  431 |     expect(wrapper.classes()).not.toContain('b-table-select-single')
  432 |     expect(wrapper.classes()).not.toContain('b-table-select-multi')
  433 |"
/home/gabriel/Disk/Research/research-javascript-test-smells/repositories/bootstrap-vue-dev/src/components/table/table-selectable.spec.js,Duplicate Assert,"{'line': 430, 'column': 4, 'index': 16786}","  428 |     expect(wrapper.classes()).toContain('b-table-selectable')
  429 |     expect(wrapper.classes()).toContain('b-table-select-range')
> 430 |     expect(wrapper.classes()).toContain('b-table-selecting')
      |    ^ Duplicate Assert
  431 |     expect(wrapper.classes()).not.toContain('b-table-select-single')
  432 |     expect(wrapper.classes()).not.toContain('b-table-select-multi')
  433 |"
/home/gabriel/Disk/Research/research-javascript-test-smells/repositories/bootstrap-vue-dev/src/components/table/table-selectable.spec.js,Duplicate Assert,"{'line': 431, 'column': 4, 'index': 16847}","  429 |     expect(wrapper.classes()).toContain('b-table-select-range')
  430 |     expect(wrapper.classes()).toContain('b-table-selecting')
> 431 |     expect(wrapper.classes()).not.toContain('b-table-select-single')
      |    ^ Duplicate Assert
  432 |     expect(wrapper.classes()).not.toContain('b-table-select-multi')
  433 |
  434 |     // Click third row again"
/home/gabriel/Disk/Research/research-javascript-test-smells/repositories/bootstrap-vue-dev/src/components/table/table-selectable.spec.js,Duplicate Assert,"{'line': 431, 'column': 4, 'index': 16847}","  429 |     expect(wrapper.classes()).toContain('b-table-select-range')
  430 |     expect(wrapper.classes()).toContain('b-table-selecting')
> 431 |     expect(wrapper.classes()).not.toContain('b-table-select-single')
      |    ^ Duplicate Assert
  432 |     expect(wrapper.classes()).not.toContain('b-table-select-multi')
  433 |
  434 |     // Click third row again"
/home/gabriel/Disk/Research/research-javascript-test-smells/repositories/bootstrap-vue-dev/src/components/table/table-selectable.spec.js,Duplicate Assert,"{'line': 432, 'column': 4, 'index': 16916}","  430 |     expect(wrapper.classes()).toContain('b-table-selecting')
  431 |     expect(wrapper.classes()).not.toContain('b-table-select-single')
> 432 |     expect(wrapper.classes()).not.toContain('b-table-select-multi')
      |    ^ Duplicate Assert
  433 |
  434 |     // Click third row again
  435 |     await wrapper"
/home/gabriel/Disk/Research/research-javascript-test-smells/repositories/bootstrap-vue-dev/src/components/table/table-selectable.spec.js,Duplicate Assert,"{'line': 432, 'column': 4, 'index': 16916}","  430 |     expect(wrapper.classes()).toContain('b-table-selecting')
  431 |     expect(wrapper.classes()).not.toContain('b-table-select-single')
> 432 |     expect(wrapper.classes()).not.toContain('b-table-select-multi')
      |    ^ Duplicate Assert
  433 |
  434 |     // Click third row again
  435 |     await wrapper"
/home/gabriel/Disk/Research/research-javascript-test-smells/repositories/bootstrap-vue-dev/src/components/table/table-selectable.spec.js,Duplicate Assert,"{'line': 440, 'column': 4, 'index': 17099}","  438 |       .trigger('click')
  439 |
> 440 |     expect(wrapper.emitted('row-selected').length).toBe(3)
      |    ^ Duplicate Assert
  441 |     expect(wrapper.emitted('row-selected')[2][0]).toEqual([testItems[2]])
  442 |
  443 |     $rows = wrapper.findAll('tbody > tr')"
/home/gabriel/Disk/Research/research-javascript-test-smells/repositories/bootstrap-vue-dev/src/components/table/table-selectable.spec.js,Duplicate Assert,"{'line': 444, 'column': 4, 'index': 17275}","  442 |
  443 |     $rows = wrapper.findAll('tbody > tr')
> 444 |     expect($rows.wrappers.every(r => r.find('[tabindex=""0""]').exists())).toBe(true)
      |    ^ Duplicate Assert
  445 |     expect($rows.at(0).attributes('aria-selected')).toBe('false')
  446 |     expect($rows.at(1).attributes('aria-selected')).toBe('false')
  447 |     expect($rows.at(2).attributes('aria-selected')).toBe('true')"
/home/gabriel/Disk/Research/research-javascript-test-smells/repositories/bootstrap-vue-dev/src/components/table/table-selectable.spec.js,Duplicate Assert,"{'line': 444, 'column': 4, 'index': 17275}","  442 |
  443 |     $rows = wrapper.findAll('tbody > tr')
> 444 |     expect($rows.wrappers.every(r => r.find('[tabindex=""0""]').exists())).toBe(true)
      |    ^ Duplicate Assert
  445 |     expect($rows.at(0).attributes('aria-selected')).toBe('false')
  446 |     expect($rows.at(1).attributes('aria-selected')).toBe('false')
  447 |     expect($rows.at(2).attributes('aria-selected')).toBe('true')"
/home/gabriel/Disk/Research/research-javascript-test-smells/repositories/bootstrap-vue-dev/src/components/table/table-selectable.spec.js,Duplicate Assert,"{'line': 445, 'column': 4, 'index': 17359}","  443 |     $rows = wrapper.findAll('tbody > tr')
  444 |     expect($rows.wrappers.every(r => r.find('[tabindex=""0""]').exists())).toBe(true)
> 445 |     expect($rows.at(0).attributes('aria-selected')).toBe('false')
      |    ^ Duplicate Assert
  446 |     expect($rows.at(1).attributes('aria-selected')).toBe('false')
  447 |     expect($rows.at(2).attributes('aria-selected')).toBe('true')
  448 |     expect($rows.at(3).attributes('aria-selected')).toBe('false')"
/home/gabriel/Disk/Research/research-javascript-test-smells/repositories/bootstrap-vue-dev/src/components/table/table-selectable.spec.js,Duplicate Assert,"{'line': 445, 'column': 4, 'index': 17359}","  443 |     $rows = wrapper.findAll('tbody > tr')
  444 |     expect($rows.wrappers.every(r => r.find('[tabindex=""0""]').exists())).toBe(true)
> 445 |     expect($rows.at(0).attributes('aria-selected')).toBe('false')
      |    ^ Duplicate Assert
  446 |     expect($rows.at(1).attributes('aria-selected')).toBe('false')
  447 |     expect($rows.at(2).attributes('aria-selected')).toBe('true')
  448 |     expect($rows.at(3).attributes('aria-selected')).toBe('false')"
/home/gabriel/Disk/Research/research-javascript-test-smells/repositories/bootstrap-vue-dev/src/components/table/table-selectable.spec.js,Duplicate Assert,"{'line': 446, 'column': 4, 'index': 17425}","  444 |     expect($rows.wrappers.every(r => r.find('[tabindex=""0""]').exists())).toBe(true)
  445 |     expect($rows.at(0).attributes('aria-selected')).toBe('false')
> 446 |     expect($rows.at(1).attributes('aria-selected')).toBe('false')
      |    ^ Duplicate Assert
  447 |     expect($rows.at(2).attributes('aria-selected')).toBe('true')
  448 |     expect($rows.at(3).attributes('aria-selected')).toBe('false')
  449 |     expect(wrapper.classes()).toContain('b-table-selectable')"
/home/gabriel/Disk/Research/research-javascript-test-smells/repositories/bootstrap-vue-dev/src/components/table/table-selectable.spec.js,Duplicate Assert,"{'line': 446, 'column': 4, 'index': 17425}","  444 |     expect($rows.wrappers.every(r => r.find('[tabindex=""0""]').exists())).toBe(true)
  445 |     expect($rows.at(0).attributes('aria-selected')).toBe('false')
> 446 |     expect($rows.at(1).attributes('aria-selected')).toBe('false')
      |    ^ Duplicate Assert
  447 |     expect($rows.at(2).attributes('aria-selected')).toBe('true')
  448 |     expect($rows.at(3).attributes('aria-selected')).toBe('false')
  449 |     expect(wrapper.classes()).toContain('b-table-selectable')"
/home/gabriel/Disk/Research/research-javascript-test-smells/repositories/bootstrap-vue-dev/src/components/table/table-selectable.spec.js,Duplicate Assert,"{'line': 447, 'column': 4, 'index': 17491}","  445 |     expect($rows.at(0).attributes('aria-selected')).toBe('false')
  446 |     expect($rows.at(1).attributes('aria-selected')).toBe('false')
> 447 |     expect($rows.at(2).attributes('aria-selected')).toBe('true')
      |    ^ Duplicate Assert
  448 |     expect($rows.at(3).attributes('aria-selected')).toBe('false')
  449 |     expect(wrapper.classes()).toContain('b-table-selectable')
  450 |     expect(wrapper.classes()).toContain('b-table-select-range')"
/home/gabriel/Disk/Research/research-javascript-test-smells/repositories/bootstrap-vue-dev/src/components/table/table-selectable.spec.js,Duplicate Assert,"{'line': 447, 'column': 4, 'index': 17491}","  445 |     expect($rows.at(0).attributes('aria-selected')).toBe('false')
  446 |     expect($rows.at(1).attributes('aria-selected')).toBe('false')
> 447 |     expect($rows.at(2).attributes('aria-selected')).toBe('true')
      |    ^ Duplicate Assert
  448 |     expect($rows.at(3).attributes('aria-selected')).toBe('false')
  449 |     expect(wrapper.classes()).toContain('b-table-selectable')
  450 |     expect(wrapper.classes()).toContain('b-table-select-range')"
/home/gabriel/Disk/Research/research-javascript-test-smells/repositories/bootstrap-vue-dev/src/components/table/table-selectable.spec.js,Duplicate Assert,"{'line': 448, 'column': 4, 'index': 17556}","  446 |     expect($rows.at(1).attributes('aria-selected')).toBe('false')
  447 |     expect($rows.at(2).attributes('aria-selected')).toBe('true')
> 448 |     expect($rows.at(3).attributes('aria-selected')).toBe('false')
      |    ^ Duplicate Assert
  449 |     expect(wrapper.classes()).toContain('b-table-selectable')
  450 |     expect(wrapper.classes()).toContain('b-table-select-range')
  451 |     expect(wrapper.classes()).toContain('b-table-selecting')"
/home/gabriel/Disk/Research/research-javascript-test-smells/repositories/bootstrap-vue-dev/src/components/table/table-selectable.spec.js,Duplicate Assert,"{'line': 448, 'column': 4, 'index': 17556}","  446 |     expect($rows.at(1).attributes('aria-selected')).toBe('false')
  447 |     expect($rows.at(2).attributes('aria-selected')).toBe('true')
> 448 |     expect($rows.at(3).attributes('aria-selected')).toBe('false')
      |    ^ Duplicate Assert
  449 |     expect(wrapper.classes()).toContain('b-table-selectable')
  450 |     expect(wrapper.classes()).toContain('b-table-select-range')
  451 |     expect(wrapper.classes()).toContain('b-table-selecting')"
/home/gabriel/Disk/Research/research-javascript-test-smells/repositories/bootstrap-vue-dev/src/components/table/table-selectable.spec.js,Duplicate Assert,"{'line': 449, 'column': 4, 'index': 17622}","  447 |     expect($rows.at(2).attributes('aria-selected')).toBe('true')
  448 |     expect($rows.at(3).attributes('aria-selected')).toBe('false')
> 449 |     expect(wrapper.classes()).toContain('b-table-selectable')
      |    ^ Duplicate Assert
  450 |     expect(wrapper.classes()).toContain('b-table-select-range')
  451 |     expect(wrapper.classes()).toContain('b-table-selecting')
  452 |     expect(wrapper.classes()).not.toContain('b-table-select-single')"
/home/gabriel/Disk/Research/research-javascript-test-smells/repositories/bootstrap-vue-dev/src/components/table/table-selectable.spec.js,Duplicate Assert,"{'line': 449, 'column': 4, 'index': 17622}","  447 |     expect($rows.at(2).attributes('aria-selected')).toBe('true')
  448 |     expect($rows.at(3).attributes('aria-selected')).toBe('false')
> 449 |     expect(wrapper.classes()).toContain('b-table-selectable')
      |    ^ Duplicate Assert
  450 |     expect(wrapper.classes()).toContain('b-table-select-range')
  451 |     expect(wrapper.classes()).toContain('b-table-selecting')
  452 |     expect(wrapper.classes()).not.toContain('b-table-select-single')"
/home/gabriel/Disk/Research/research-javascript-test-smells/repositories/bootstrap-vue-dev/src/components/table/table-selectable.spec.js,Duplicate Assert,"{'line': 450, 'column': 4, 'index': 17684}","  448 |     expect($rows.at(3).attributes('aria-selected')).toBe('false')
  449 |     expect(wrapper.classes()).toContain('b-table-selectable')
> 450 |     expect(wrapper.classes()).toContain('b-table-select-range')
      |    ^ Duplicate Assert
  451 |     expect(wrapper.classes()).toContain('b-table-selecting')
  452 |     expect(wrapper.classes()).not.toContain('b-table-select-single')
  453 |     expect(wrapper.classes()).not.toContain('b-table-select-multi')"
/home/gabriel/Disk/Research/research-javascript-test-smells/repositories/bootstrap-vue-dev/src/components/table/table-selectable.spec.js,Duplicate Assert,"{'line': 450, 'column': 4, 'index': 17684}","  448 |     expect($rows.at(3).attributes('aria-selected')).toBe('false')
  449 |     expect(wrapper.classes()).toContain('b-table-selectable')
> 450 |     expect(wrapper.classes()).toContain('b-table-select-range')
      |    ^ Duplicate Assert
  451 |     expect(wrapper.classes()).toContain('b-table-selecting')
  452 |     expect(wrapper.classes()).not.toContain('b-table-select-single')
  453 |     expect(wrapper.classes()).not.toContain('b-table-select-multi')"
/home/gabriel/Disk/Research/research-javascript-test-smells/repositories/bootstrap-vue-dev/src/components/table/table-selectable.spec.js,Duplicate Assert,"{'line': 451, 'column': 4, 'index': 17748}","  449 |     expect(wrapper.classes()).toContain('b-table-selectable')
  450 |     expect(wrapper.classes()).toContain('b-table-select-range')
> 451 |     expect(wrapper.classes()).toContain('b-table-selecting')
      |    ^ Duplicate Assert
  452 |     expect(wrapper.classes()).not.toContain('b-table-select-single')
  453 |     expect(wrapper.classes()).not.toContain('b-table-select-multi')
  454 |"
/home/gabriel/Disk/Research/research-javascript-test-smells/repositories/bootstrap-vue-dev/src/components/table/table-selectable.spec.js,Duplicate Assert,"{'line': 451, 'column': 4, 'index': 17748}","  449 |     expect(wrapper.classes()).toContain('b-table-selectable')
  450 |     expect(wrapper.classes()).toContain('b-table-select-range')
> 451 |     expect(wrapper.classes()).toContain('b-table-selecting')
      |    ^ Duplicate Assert
  452 |     expect(wrapper.classes()).not.toContain('b-table-select-single')
  453 |     expect(wrapper.classes()).not.toContain('b-table-select-multi')
  454 |"
/home/gabriel/Disk/Research/research-javascript-test-smells/repositories/bootstrap-vue-dev/src/components/table/table-selectable.spec.js,Duplicate Assert,"{'line': 452, 'column': 4, 'index': 17809}","  450 |     expect(wrapper.classes()).toContain('b-table-select-range')
  451 |     expect(wrapper.classes()).toContain('b-table-selecting')
> 452 |     expect(wrapper.classes()).not.toContain('b-table-select-single')
      |    ^ Duplicate Assert
  453 |     expect(wrapper.classes()).not.toContain('b-table-select-multi')
  454 |
  455 |     // Click fourth row"
/home/gabriel/Disk/Research/research-javascript-test-smells/repositories/bootstrap-vue-dev/src/components/table/table-selectable.spec.js,Duplicate Assert,"{'line': 452, 'column': 4, 'index': 17809}","  450 |     expect(wrapper.classes()).toContain('b-table-select-range')
  451 |     expect(wrapper.classes()).toContain('b-table-selecting')
> 452 |     expect(wrapper.classes()).not.toContain('b-table-select-single')
      |    ^ Duplicate Assert
  453 |     expect(wrapper.classes()).not.toContain('b-table-select-multi')
  454 |
  455 |     // Click fourth row"
/home/gabriel/Disk/Research/research-javascript-test-smells/repositories/bootstrap-vue-dev/src/components/table/table-selectable.spec.js,Duplicate Assert,"{'line': 453, 'column': 4, 'index': 17878}","  451 |     expect(wrapper.classes()).toContain('b-table-selecting')
  452 |     expect(wrapper.classes()).not.toContain('b-table-select-single')
> 453 |     expect(wrapper.classes()).not.toContain('b-table-select-multi')
      |    ^ Duplicate Assert
  454 |
  455 |     // Click fourth row
  456 |     await wrapper"
/home/gabriel/Disk/Research/research-javascript-test-smells/repositories/bootstrap-vue-dev/src/components/table/table-selectable.spec.js,Duplicate Assert,"{'line': 453, 'column': 4, 'index': 17878}","  451 |     expect(wrapper.classes()).toContain('b-table-selecting')
  452 |     expect(wrapper.classes()).not.toContain('b-table-select-single')
> 453 |     expect(wrapper.classes()).not.toContain('b-table-select-multi')
      |    ^ Duplicate Assert
  454 |
  455 |     // Click fourth row
  456 |     await wrapper"
/home/gabriel/Disk/Research/research-javascript-test-smells/repositories/bootstrap-vue-dev/src/components/table/table-selectable.spec.js,Duplicate Assert,"{'line': 461, 'column': 4, 'index': 18056}","  459 |       .trigger('click')
  460 |
> 461 |     expect(wrapper.emitted('row-selected').length).toBe(4)
      |    ^ Duplicate Assert
  462 |     expect(wrapper.emitted('row-selected')[3][0]).toEqual([testItems[3]])
  463 |
  464 |     $rows = wrapper.findAll('tbody > tr')"
/home/gabriel/Disk/Research/research-javascript-test-smells/repositories/bootstrap-vue-dev/src/components/table/table-selectable.spec.js,Duplicate Assert,"{'line': 461, 'column': 4, 'index': 18056}","  459 |       .trigger('click')
  460 |
> 461 |     expect(wrapper.emitted('row-selected').length).toBe(4)
      |    ^ Duplicate Assert
  462 |     expect(wrapper.emitted('row-selected')[3][0]).toEqual([testItems[3]])
  463 |
  464 |     $rows = wrapper.findAll('tbody > tr')"
/home/gabriel/Disk/Research/research-javascript-test-smells/repositories/bootstrap-vue-dev/src/components/table/table-selectable.spec.js,Duplicate Assert,"{'line': 465, 'column': 4, 'index': 18232}","  463 |
  464 |     $rows = wrapper.findAll('tbody > tr')
> 465 |     expect($rows.wrappers.every(r => r.find('[tabindex=""0""]').exists())).toBe(true)
      |    ^ Duplicate Assert
  466 |     expect($rows.at(0).attributes('aria-selected')).toBe('false')
  467 |     expect($rows.at(1).attributes('aria-selected')).toBe('false')
  468 |     expect($rows.at(2).attributes('aria-selected')).toBe('false')"
/home/gabriel/Disk/Research/research-javascript-test-smells/repositories/bootstrap-vue-dev/src/components/table/table-selectable.spec.js,Duplicate Assert,"{'line': 465, 'column': 4, 'index': 18232}","  463 |
  464 |     $rows = wrapper.findAll('tbody > tr')
> 465 |     expect($rows.wrappers.every(r => r.find('[tabindex=""0""]').exists())).toBe(true)
      |    ^ Duplicate Assert
  466 |     expect($rows.at(0).attributes('aria-selected')).toBe('false')
  467 |     expect($rows.at(1).attributes('aria-selected')).toBe('false')
  468 |     expect($rows.at(2).attributes('aria-selected')).toBe('false')"
/home/gabriel/Disk/Research/research-javascript-test-smells/repositories/bootstrap-vue-dev/src/components/table/table-selectable.spec.js,Duplicate Assert,"{'line': 466, 'column': 4, 'index': 18316}","  464 |     $rows = wrapper.findAll('tbody > tr')
  465 |     expect($rows.wrappers.every(r => r.find('[tabindex=""0""]').exists())).toBe(true)
> 466 |     expect($rows.at(0).attributes('aria-selected')).toBe('false')
      |    ^ Duplicate Assert
  467 |     expect($rows.at(1).attributes('aria-selected')).toBe('false')
  468 |     expect($rows.at(2).attributes('aria-selected')).toBe('false')
  469 |     expect($rows.at(3).attributes('aria-selected')).toBe('true')"
/home/gabriel/Disk/Research/research-javascript-test-smells/repositories/bootstrap-vue-dev/src/components/table/table-selectable.spec.js,Duplicate Assert,"{'line': 466, 'column': 4, 'index': 18316}","  464 |     $rows = wrapper.findAll('tbody > tr')
  465 |     expect($rows.wrappers.every(r => r.find('[tabindex=""0""]').exists())).toBe(true)
> 466 |     expect($rows.at(0).attributes('aria-selected')).toBe('false')
      |    ^ Duplicate Assert
  467 |     expect($rows.at(1).attributes('aria-selected')).toBe('false')
  468 |     expect($rows.at(2).attributes('aria-selected')).toBe('false')
  469 |     expect($rows.at(3).attributes('aria-selected')).toBe('true')"
/home/gabriel/Disk/Research/research-javascript-test-smells/repositories/bootstrap-vue-dev/src/components/table/table-selectable.spec.js,Duplicate Assert,"{'line': 467, 'column': 4, 'index': 18382}","  465 |     expect($rows.wrappers.every(r => r.find('[tabindex=""0""]').exists())).toBe(true)
  466 |     expect($rows.at(0).attributes('aria-selected')).toBe('false')
> 467 |     expect($rows.at(1).attributes('aria-selected')).toBe('false')
      |    ^ Duplicate Assert
  468 |     expect($rows.at(2).attributes('aria-selected')).toBe('false')
  469 |     expect($rows.at(3).attributes('aria-selected')).toBe('true')
  470 |     expect(wrapper.classes()).toContain('b-table-selectable')"
/home/gabriel/Disk/Research/research-javascript-test-smells/repositories/bootstrap-vue-dev/src/components/table/table-selectable.spec.js,Duplicate Assert,"{'line': 467, 'column': 4, 'index': 18382}","  465 |     expect($rows.wrappers.every(r => r.find('[tabindex=""0""]').exists())).toBe(true)
  466 |     expect($rows.at(0).attributes('aria-selected')).toBe('false')
> 467 |     expect($rows.at(1).attributes('aria-selected')).toBe('false')
      |    ^ Duplicate Assert
  468 |     expect($rows.at(2).attributes('aria-selected')).toBe('false')
  469 |     expect($rows.at(3).attributes('aria-selected')).toBe('true')
  470 |     expect(wrapper.classes()).toContain('b-table-selectable')"
/home/gabriel/Disk/Research/research-javascript-test-smells/repositories/bootstrap-vue-dev/src/components/table/table-selectable.spec.js,Duplicate Assert,"{'line': 468, 'column': 4, 'index': 18448}","  466 |     expect($rows.at(0).attributes('aria-selected')).toBe('false')
  467 |     expect($rows.at(1).attributes('aria-selected')).toBe('false')
> 468 |     expect($rows.at(2).attributes('aria-selected')).toBe('false')
      |    ^ Duplicate Assert
  469 |     expect($rows.at(3).attributes('aria-selected')).toBe('true')
  470 |     expect(wrapper.classes()).toContain('b-table-selectable')
  471 |     expect(wrapper.classes()).toContain('b-table-select-range')"
/home/gabriel/Disk/Research/research-javascript-test-smells/repositories/bootstrap-vue-dev/src/components/table/table-selectable.spec.js,Duplicate Assert,"{'line': 468, 'column': 4, 'index': 18448}","  466 |     expect($rows.at(0).attributes('aria-selected')).toBe('false')
  467 |     expect($rows.at(1).attributes('aria-selected')).toBe('false')
> 468 |     expect($rows.at(2).attributes('aria-selected')).toBe('false')
      |    ^ Duplicate Assert
  469 |     expect($rows.at(3).attributes('aria-selected')).toBe('true')
  470 |     expect(wrapper.classes()).toContain('b-table-selectable')
  471 |     expect(wrapper.classes()).toContain('b-table-select-range')"
/home/gabriel/Disk/Research/research-javascript-test-smells/repositories/bootstrap-vue-dev/src/components/table/table-selectable.spec.js,Duplicate Assert,"{'line': 469, 'column': 4, 'index': 18514}","  467 |     expect($rows.at(1).attributes('aria-selected')).toBe('false')
  468 |     expect($rows.at(2).attributes('aria-selected')).toBe('false')
> 469 |     expect($rows.at(3).attributes('aria-selected')).toBe('true')
      |    ^ Duplicate Assert
  470 |     expect(wrapper.classes()).toContain('b-table-selectable')
  471 |     expect(wrapper.classes()).toContain('b-table-select-range')
  472 |     expect(wrapper.classes()).toContain('b-table-selecting')"
/home/gabriel/Disk/Research/research-javascript-test-smells/repositories/bootstrap-vue-dev/src/components/table/table-selectable.spec.js,Duplicate Assert,"{'line': 469, 'column': 4, 'index': 18514}","  467 |     expect($rows.at(1).attributes('aria-selected')).toBe('false')
  468 |     expect($rows.at(2).attributes('aria-selected')).toBe('false')
> 469 |     expect($rows.at(3).attributes('aria-selected')).toBe('true')
      |    ^ Duplicate Assert
  470 |     expect(wrapper.classes()).toContain('b-table-selectable')
  471 |     expect(wrapper.classes()).toContain('b-table-select-range')
  472 |     expect(wrapper.classes()).toContain('b-table-selecting')"
/home/gabriel/Disk/Research/research-javascript-test-smells/repositories/bootstrap-vue-dev/src/components/table/table-selectable.spec.js,Duplicate Assert,"{'line': 470, 'column': 4, 'index': 18579}","  468 |     expect($rows.at(2).attributes('aria-selected')).toBe('false')
  469 |     expect($rows.at(3).attributes('aria-selected')).toBe('true')
> 470 |     expect(wrapper.classes()).toContain('b-table-selectable')
      |    ^ Duplicate Assert
  471 |     expect(wrapper.classes()).toContain('b-table-select-range')
  472 |     expect(wrapper.classes()).toContain('b-table-selecting')
  473 |     expect(wrapper.classes()).not.toContain('b-table-select-single')"
/home/gabriel/Disk/Research/research-javascript-test-smells/repositories/bootstrap-vue-dev/src/components/table/table-selectable.spec.js,Duplicate Assert,"{'line': 470, 'column': 4, 'index': 18579}","  468 |     expect($rows.at(2).attributes('aria-selected')).toBe('false')
  469 |     expect($rows.at(3).attributes('aria-selected')).toBe('true')
> 470 |     expect(wrapper.classes()).toContain('b-table-selectable')
      |    ^ Duplicate Assert
  471 |     expect(wrapper.classes()).toContain('b-table-select-range')
  472 |     expect(wrapper.classes()).toContain('b-table-selecting')
  473 |     expect(wrapper.classes()).not.toContain('b-table-select-single')"
/home/gabriel/Disk/Research/research-javascript-test-smells/repositories/bootstrap-vue-dev/src/components/table/table-selectable.spec.js,Duplicate Assert,"{'line': 471, 'column': 4, 'index': 18641}","  469 |     expect($rows.at(3).attributes('aria-selected')).toBe('true')
  470 |     expect(wrapper.classes()).toContain('b-table-selectable')
> 471 |     expect(wrapper.classes()).toContain('b-table-select-range')
      |    ^ Duplicate Assert
  472 |     expect(wrapper.classes()).toContain('b-table-selecting')
  473 |     expect(wrapper.classes()).not.toContain('b-table-select-single')
  474 |     expect(wrapper.classes()).not.toContain('b-table-select-multi')"
/home/gabriel/Disk/Research/research-javascript-test-smells/repositories/bootstrap-vue-dev/src/components/table/table-selectable.spec.js,Duplicate Assert,"{'line': 471, 'column': 4, 'index': 18641}","  469 |     expect($rows.at(3).attributes('aria-selected')).toBe('true')
  470 |     expect(wrapper.classes()).toContain('b-table-selectable')
> 471 |     expect(wrapper.classes()).toContain('b-table-select-range')
      |    ^ Duplicate Assert
  472 |     expect(wrapper.classes()).toContain('b-table-selecting')
  473 |     expect(wrapper.classes()).not.toContain('b-table-select-single')
  474 |     expect(wrapper.classes()).not.toContain('b-table-select-multi')"
/home/gabriel/Disk/Research/research-javascript-test-smells/repositories/bootstrap-vue-dev/src/components/table/table-selectable.spec.js,Duplicate Assert,"{'line': 472, 'column': 4, 'index': 18705}","  470 |     expect(wrapper.classes()).toContain('b-table-selectable')
  471 |     expect(wrapper.classes()).toContain('b-table-select-range')
> 472 |     expect(wrapper.classes()).toContain('b-table-selecting')
      |    ^ Duplicate Assert
  473 |     expect(wrapper.classes()).not.toContain('b-table-select-single')
  474 |     expect(wrapper.classes()).not.toContain('b-table-select-multi')
  475 |"
/home/gabriel/Disk/Research/research-javascript-test-smells/repositories/bootstrap-vue-dev/src/components/table/table-selectable.spec.js,Duplicate Assert,"{'line': 472, 'column': 4, 'index': 18705}","  470 |     expect(wrapper.classes()).toContain('b-table-selectable')
  471 |     expect(wrapper.classes()).toContain('b-table-select-range')
> 472 |     expect(wrapper.classes()).toContain('b-table-selecting')
      |    ^ Duplicate Assert
  473 |     expect(wrapper.classes()).not.toContain('b-table-select-single')
  474 |     expect(wrapper.classes()).not.toContain('b-table-select-multi')
  475 |"
/home/gabriel/Disk/Research/research-javascript-test-smells/repositories/bootstrap-vue-dev/src/components/table/table-selectable.spec.js,Duplicate Assert,"{'line': 473, 'column': 4, 'index': 18766}","  471 |     expect(wrapper.classes()).toContain('b-table-select-range')
  472 |     expect(wrapper.classes()).toContain('b-table-selecting')
> 473 |     expect(wrapper.classes()).not.toContain('b-table-select-single')
      |    ^ Duplicate Assert
  474 |     expect(wrapper.classes()).not.toContain('b-table-select-multi')
  475 |
  476 |     // Click fourth row again"
/home/gabriel/Disk/Research/research-javascript-test-smells/repositories/bootstrap-vue-dev/src/components/table/table-selectable.spec.js,Duplicate Assert,"{'line': 473, 'column': 4, 'index': 18766}","  471 |     expect(wrapper.classes()).toContain('b-table-select-range')
  472 |     expect(wrapper.classes()).toContain('b-table-selecting')
> 473 |     expect(wrapper.classes()).not.toContain('b-table-select-single')
      |    ^ Duplicate Assert
  474 |     expect(wrapper.classes()).not.toContain('b-table-select-multi')
  475 |
  476 |     // Click fourth row again"
/home/gabriel/Disk/Research/research-javascript-test-smells/repositories/bootstrap-vue-dev/src/components/table/table-selectable.spec.js,Duplicate Assert,"{'line': 474, 'column': 4, 'index': 18835}","  472 |     expect(wrapper.classes()).toContain('b-table-selecting')
  473 |     expect(wrapper.classes()).not.toContain('b-table-select-single')
> 474 |     expect(wrapper.classes()).not.toContain('b-table-select-multi')
      |    ^ Duplicate Assert
  475 |
  476 |     // Click fourth row again
  477 |     await wrapper"
/home/gabriel/Disk/Research/research-javascript-test-smells/repositories/bootstrap-vue-dev/src/components/table/table-selectable.spec.js,Duplicate Assert,"{'line': 474, 'column': 4, 'index': 18835}","  472 |     expect(wrapper.classes()).toContain('b-table-selecting')
  473 |     expect(wrapper.classes()).not.toContain('b-table-select-single')
> 474 |     expect(wrapper.classes()).not.toContain('b-table-select-multi')
      |    ^ Duplicate Assert
  475 |
  476 |     // Click fourth row again
  477 |     await wrapper"
/home/gabriel/Disk/Research/research-javascript-test-smells/repositories/bootstrap-vue-dev/src/components/table/table-selectable.spec.js,Duplicate Assert,"{'line': 483, 'column': 4, 'index': 19053}","  481 |
  482 |     // No change to selected rows
> 483 |     expect(wrapper.emitted('row-selected').length).toBe(4)
      |    ^ Duplicate Assert
  484 |
  485 |     $rows = wrapper.findAll('tbody > tr')
  486 |     expect($rows.wrappers.every(r => r.find('[tabindex=""0""]').exists())).toBe(true)"
/home/gabriel/Disk/Research/research-javascript-test-smells/repositories/bootstrap-vue-dev/src/components/table/table-selectable.spec.js,Duplicate Assert,"{'line': 483, 'column': 4, 'index': 19053}","  481 |
  482 |     // No change to selected rows
> 483 |     expect(wrapper.emitted('row-selected').length).toBe(4)
      |    ^ Duplicate Assert
  484 |
  485 |     $rows = wrapper.findAll('tbody > tr')
  486 |     expect($rows.wrappers.every(r => r.find('[tabindex=""0""]').exists())).toBe(true)"
/home/gabriel/Disk/Research/research-javascript-test-smells/repositories/bootstrap-vue-dev/src/components/table/table-selectable.spec.js,Duplicate Assert,"{'line': 486, 'column': 4, 'index': 19155}","  484 |
  485 |     $rows = wrapper.findAll('tbody > tr')
> 486 |     expect($rows.wrappers.every(r => r.find('[tabindex=""0""]').exists())).toBe(true)
      |    ^ Duplicate Assert
  487 |     expect($rows.at(0).attributes('aria-selected')).toBe('false')
  488 |     expect($rows.at(1).attributes('aria-selected')).toBe('false')
  489 |     expect($rows.at(2).attributes('aria-selected')).toBe('false')"
/home/gabriel/Disk/Research/research-javascript-test-smells/repositories/bootstrap-vue-dev/src/components/table/table-selectable.spec.js,Duplicate Assert,"{'line': 486, 'column': 4, 'index': 19155}","  484 |
  485 |     $rows = wrapper.findAll('tbody > tr')
> 486 |     expect($rows.wrappers.every(r => r.find('[tabindex=""0""]').exists())).toBe(true)
      |    ^ Duplicate Assert
  487 |     expect($rows.at(0).attributes('aria-selected')).toBe('false')
  488 |     expect($rows.at(1).attributes('aria-selected')).toBe('false')
  489 |     expect($rows.at(2).attributes('aria-selected')).toBe('false')"
/home/gabriel/Disk/Research/research-javascript-test-smells/repositories/bootstrap-vue-dev/src/components/table/table-selectable.spec.js,Duplicate Assert,"{'line': 487, 'column': 4, 'index': 19239}","  485 |     $rows = wrapper.findAll('tbody > tr')
  486 |     expect($rows.wrappers.every(r => r.find('[tabindex=""0""]').exists())).toBe(true)
> 487 |     expect($rows.at(0).attributes('aria-selected')).toBe('false')
      |    ^ Duplicate Assert
  488 |     expect($rows.at(1).attributes('aria-selected')).toBe('false')
  489 |     expect($rows.at(2).attributes('aria-selected')).toBe('false')
  490 |     expect($rows.at(3).attributes('aria-selected')).toBe('true')"
/home/gabriel/Disk/Research/research-javascript-test-smells/repositories/bootstrap-vue-dev/src/components/table/table-selectable.spec.js,Duplicate Assert,"{'line': 487, 'column': 4, 'index': 19239}","  485 |     $rows = wrapper.findAll('tbody > tr')
  486 |     expect($rows.wrappers.every(r => r.find('[tabindex=""0""]').exists())).toBe(true)
> 487 |     expect($rows.at(0).attributes('aria-selected')).toBe('false')
      |    ^ Duplicate Assert
  488 |     expect($rows.at(1).attributes('aria-selected')).toBe('false')
  489 |     expect($rows.at(2).attributes('aria-selected')).toBe('false')
  490 |     expect($rows.at(3).attributes('aria-selected')).toBe('true')"
/home/gabriel/Disk/Research/research-javascript-test-smells/repositories/bootstrap-vue-dev/src/components/table/table-selectable.spec.js,Duplicate Assert,"{'line': 488, 'column': 4, 'index': 19305}","  486 |     expect($rows.wrappers.every(r => r.find('[tabindex=""0""]').exists())).toBe(true)
  487 |     expect($rows.at(0).attributes('aria-selected')).toBe('false')
> 488 |     expect($rows.at(1).attributes('aria-selected')).toBe('false')
      |    ^ Duplicate Assert
  489 |     expect($rows.at(2).attributes('aria-selected')).toBe('false')
  490 |     expect($rows.at(3).attributes('aria-selected')).toBe('true')
  491 |     expect(wrapper.classes()).toContain('b-table-selectable')"
/home/gabriel/Disk/Research/research-javascript-test-smells/repositories/bootstrap-vue-dev/src/components/table/table-selectable.spec.js,Duplicate Assert,"{'line': 488, 'column': 4, 'index': 19305}","  486 |     expect($rows.wrappers.every(r => r.find('[tabindex=""0""]').exists())).toBe(true)
  487 |     expect($rows.at(0).attributes('aria-selected')).toBe('false')
> 488 |     expect($rows.at(1).attributes('aria-selected')).toBe('false')
      |    ^ Duplicate Assert
  489 |     expect($rows.at(2).attributes('aria-selected')).toBe('false')
  490 |     expect($rows.at(3).attributes('aria-selected')).toBe('true')
  491 |     expect(wrapper.classes()).toContain('b-table-selectable')"
/home/gabriel/Disk/Research/research-javascript-test-smells/repositories/bootstrap-vue-dev/src/components/table/table-selectable.spec.js,Duplicate Assert,"{'line': 489, 'column': 4, 'index': 19371}","  487 |     expect($rows.at(0).attributes('aria-selected')).toBe('false')
  488 |     expect($rows.at(1).attributes('aria-selected')).toBe('false')
> 489 |     expect($rows.at(2).attributes('aria-selected')).toBe('false')
      |    ^ Duplicate Assert
  490 |     expect($rows.at(3).attributes('aria-selected')).toBe('true')
  491 |     expect(wrapper.classes()).toContain('b-table-selectable')
  492 |     expect(wrapper.classes()).toContain('b-table-select-range')"
/home/gabriel/Disk/Research/research-javascript-test-smells/repositories/bootstrap-vue-dev/src/components/table/table-selectable.spec.js,Duplicate Assert,"{'line': 489, 'column': 4, 'index': 19371}","  487 |     expect($rows.at(0).attributes('aria-selected')).toBe('false')
  488 |     expect($rows.at(1).attributes('aria-selected')).toBe('false')
> 489 |     expect($rows.at(2).attributes('aria-selected')).toBe('false')
      |    ^ Duplicate Assert
  490 |     expect($rows.at(3).attributes('aria-selected')).toBe('true')
  491 |     expect(wrapper.classes()).toContain('b-table-selectable')
  492 |     expect(wrapper.classes()).toContain('b-table-select-range')"
/home/gabriel/Disk/Research/research-javascript-test-smells/repositories/bootstrap-vue-dev/src/components/table/table-selectable.spec.js,Duplicate Assert,"{'line': 490, 'column': 4, 'index': 19437}","  488 |     expect($rows.at(1).attributes('aria-selected')).toBe('false')
  489 |     expect($rows.at(2).attributes('aria-selected')).toBe('false')
> 490 |     expect($rows.at(3).attributes('aria-selected')).toBe('true')
      |    ^ Duplicate Assert
  491 |     expect(wrapper.classes()).toContain('b-table-selectable')
  492 |     expect(wrapper.classes()).toContain('b-table-select-range')
  493 |     expect(wrapper.classes()).toContain('b-table-selecting')"
/home/gabriel/Disk/Research/research-javascript-test-smells/repositories/bootstrap-vue-dev/src/components/table/table-selectable.spec.js,Duplicate Assert,"{'line': 490, 'column': 4, 'index': 19437}","  488 |     expect($rows.at(1).attributes('aria-selected')).toBe('false')
  489 |     expect($rows.at(2).attributes('aria-selected')).toBe('false')
> 490 |     expect($rows.at(3).attributes('aria-selected')).toBe('true')
      |    ^ Duplicate Assert
  491 |     expect(wrapper.classes()).toContain('b-table-selectable')
  492 |     expect(wrapper.classes()).toContain('b-table-select-range')
  493 |     expect(wrapper.classes()).toContain('b-table-selecting')"
/home/gabriel/Disk/Research/research-javascript-test-smells/repositories/bootstrap-vue-dev/src/components/table/table-selectable.spec.js,Duplicate Assert,"{'line': 491, 'column': 4, 'index': 19502}","  489 |     expect($rows.at(2).attributes('aria-selected')).toBe('false')
  490 |     expect($rows.at(3).attributes('aria-selected')).toBe('true')
> 491 |     expect(wrapper.classes()).toContain('b-table-selectable')
      |    ^ Duplicate Assert
  492 |     expect(wrapper.classes()).toContain('b-table-select-range')
  493 |     expect(wrapper.classes()).toContain('b-table-selecting')
  494 |     expect(wrapper.classes()).not.toContain('b-table-select-single')"
/home/gabriel/Disk/Research/research-javascript-test-smells/repositories/bootstrap-vue-dev/src/components/table/table-selectable.spec.js,Duplicate Assert,"{'line': 491, 'column': 4, 'index': 19502}","  489 |     expect($rows.at(2).attributes('aria-selected')).toBe('false')
  490 |     expect($rows.at(3).attributes('aria-selected')).toBe('true')
> 491 |     expect(wrapper.classes()).toContain('b-table-selectable')
      |    ^ Duplicate Assert
  492 |     expect(wrapper.classes()).toContain('b-table-select-range')
  493 |     expect(wrapper.classes()).toContain('b-table-selecting')
  494 |     expect(wrapper.classes()).not.toContain('b-table-select-single')"
/home/gabriel/Disk/Research/research-javascript-test-smells/repositories/bootstrap-vue-dev/src/components/table/table-selectable.spec.js,Duplicate Assert,"{'line': 492, 'column': 4, 'index': 19564}","  490 |     expect($rows.at(3).attributes('aria-selected')).toBe('true')
  491 |     expect(wrapper.classes()).toContain('b-table-selectable')
> 492 |     expect(wrapper.classes()).toContain('b-table-select-range')
      |    ^ Duplicate Assert
  493 |     expect(wrapper.classes()).toContain('b-table-selecting')
  494 |     expect(wrapper.classes()).not.toContain('b-table-select-single')
  495 |     expect(wrapper.classes()).not.toContain('b-table-select-multi')"
/home/gabriel/Disk/Research/research-javascript-test-smells/repositories/bootstrap-vue-dev/src/components/table/table-selectable.spec.js,Duplicate Assert,"{'line': 492, 'column': 4, 'index': 19564}","  490 |     expect($rows.at(3).attributes('aria-selected')).toBe('true')
  491 |     expect(wrapper.classes()).toContain('b-table-selectable')
> 492 |     expect(wrapper.classes()).toContain('b-table-select-range')
      |    ^ Duplicate Assert
  493 |     expect(wrapper.classes()).toContain('b-table-selecting')
  494 |     expect(wrapper.classes()).not.toContain('b-table-select-single')
  495 |     expect(wrapper.classes()).not.toContain('b-table-select-multi')"
/home/gabriel/Disk/Research/research-javascript-test-smells/repositories/bootstrap-vue-dev/src/components/table/table-selectable.spec.js,Duplicate Assert,"{'line': 493, 'column': 4, 'index': 19628}","  491 |     expect(wrapper.classes()).toContain('b-table-selectable')
  492 |     expect(wrapper.classes()).toContain('b-table-select-range')
> 493 |     expect(wrapper.classes()).toContain('b-table-selecting')
      |    ^ Duplicate Assert
  494 |     expect(wrapper.classes()).not.toContain('b-table-select-single')
  495 |     expect(wrapper.classes()).not.toContain('b-table-select-multi')
  496 |"
/home/gabriel/Disk/Research/research-javascript-test-smells/repositories/bootstrap-vue-dev/src/components/table/table-selectable.spec.js,Duplicate Assert,"{'line': 493, 'column': 4, 'index': 19628}","  491 |     expect(wrapper.classes()).toContain('b-table-selectable')
  492 |     expect(wrapper.classes()).toContain('b-table-select-range')
> 493 |     expect(wrapper.classes()).toContain('b-table-selecting')
      |    ^ Duplicate Assert
  494 |     expect(wrapper.classes()).not.toContain('b-table-select-single')
  495 |     expect(wrapper.classes()).not.toContain('b-table-select-multi')
  496 |"
/home/gabriel/Disk/Research/research-javascript-test-smells/repositories/bootstrap-vue-dev/src/components/table/table-selectable.spec.js,Duplicate Assert,"{'line': 494, 'column': 4, 'index': 19689}","  492 |     expect(wrapper.classes()).toContain('b-table-select-range')
  493 |     expect(wrapper.classes()).toContain('b-table-selecting')
> 494 |     expect(wrapper.classes()).not.toContain('b-table-select-single')
      |    ^ Duplicate Assert
  495 |     expect(wrapper.classes()).not.toContain('b-table-select-multi')
  496 |
  497 |     // Ctrl-Click second row"
/home/gabriel/Disk/Research/research-javascript-test-smells/repositories/bootstrap-vue-dev/src/components/table/table-selectable.spec.js,Duplicate Assert,"{'line': 494, 'column': 4, 'index': 19689}","  492 |     expect(wrapper.classes()).toContain('b-table-select-range')
  493 |     expect(wrapper.classes()).toContain('b-table-selecting')
> 494 |     expect(wrapper.classes()).not.toContain('b-table-select-single')
      |    ^ Duplicate Assert
  495 |     expect(wrapper.classes()).not.toContain('b-table-select-multi')
  496 |
  497 |     // Ctrl-Click second row"
/home/gabriel/Disk/Research/research-javascript-test-smells/repositories/bootstrap-vue-dev/src/components/table/table-selectable.spec.js,Duplicate Assert,"{'line': 495, 'column': 4, 'index': 19758}","  493 |     expect(wrapper.classes()).toContain('b-table-selecting')
  494 |     expect(wrapper.classes()).not.toContain('b-table-select-single')
> 495 |     expect(wrapper.classes()).not.toContain('b-table-select-multi')
      |    ^ Duplicate Assert
  496 |
  497 |     // Ctrl-Click second row
  498 |     await wrapper"
/home/gabriel/Disk/Research/research-javascript-test-smells/repositories/bootstrap-vue-dev/src/components/table/table-selectable.spec.js,Duplicate Assert,"{'line': 495, 'column': 4, 'index': 19758}","  493 |     expect(wrapper.classes()).toContain('b-table-selecting')
  494 |     expect(wrapper.classes()).not.toContain('b-table-select-single')
> 495 |     expect(wrapper.classes()).not.toContain('b-table-select-multi')
      |    ^ Duplicate Assert
  496 |
  497 |     // Ctrl-Click second row
  498 |     await wrapper"
/home/gabriel/Disk/Research/research-javascript-test-smells/repositories/bootstrap-vue-dev/src/components/table/table-selectable.spec.js,Duplicate Assert,"{'line': 503, 'column': 4, 'index': 19960}","  501 |       .trigger('click', { ctrlKey: true })
  502 |
> 503 |     expect(wrapper.emitted('row-selected').length).toBe(5)
      |    ^ Duplicate Assert
  504 |     expect(wrapper.emitted('row-selected')[4][0]).toEqual([testItems[1], testItems[3]])
  505 |
  506 |     $rows = wrapper.findAll('tbody > tr')"
/home/gabriel/Disk/Research/research-javascript-test-smells/repositories/bootstrap-vue-dev/src/components/table/table-selectable.spec.js,Duplicate Assert,"{'line': 507, 'column': 4, 'index': 20150}","  505 |
  506 |     $rows = wrapper.findAll('tbody > tr')
> 507 |     expect($rows.wrappers.every(w => w.element.matches('[tabindex=""0""]'))).toBe(true)
      |    ^ Duplicate Assert
  508 |     expect($rows.at(0).attributes('aria-selected')).toBe('false')
  509 |     expect($rows.at(1).attributes('aria-selected')).toBe('true')
  510 |     expect($rows.at(2).attributes('aria-selected')).toBe('false')"
/home/gabriel/Disk/Research/research-javascript-test-smells/repositories/bootstrap-vue-dev/src/components/table/table-selectable.spec.js,Duplicate Assert,"{'line': 507, 'column': 4, 'index': 20150}","  505 |
  506 |     $rows = wrapper.findAll('tbody > tr')
> 507 |     expect($rows.wrappers.every(w => w.element.matches('[tabindex=""0""]'))).toBe(true)
      |    ^ Duplicate Assert
  508 |     expect($rows.at(0).attributes('aria-selected')).toBe('false')
  509 |     expect($rows.at(1).attributes('aria-selected')).toBe('true')
  510 |     expect($rows.at(2).attributes('aria-selected')).toBe('false')"
/home/gabriel/Disk/Research/research-javascript-test-smells/repositories/bootstrap-vue-dev/src/components/table/table-selectable.spec.js,Duplicate Assert,"{'line': 508, 'column': 4, 'index': 20236}","  506 |     $rows = wrapper.findAll('tbody > tr')
  507 |     expect($rows.wrappers.every(w => w.element.matches('[tabindex=""0""]'))).toBe(true)
> 508 |     expect($rows.at(0).attributes('aria-selected')).toBe('false')
      |    ^ Duplicate Assert
  509 |     expect($rows.at(1).attributes('aria-selected')).toBe('true')
  510 |     expect($rows.at(2).attributes('aria-selected')).toBe('false')
  511 |     expect($rows.at(3).attributes('aria-selected')).toBe('true')"
/home/gabriel/Disk/Research/research-javascript-test-smells/repositories/bootstrap-vue-dev/src/components/table/table-selectable.spec.js,Duplicate Assert,"{'line': 508, 'column': 4, 'index': 20236}","  506 |     $rows = wrapper.findAll('tbody > tr')
  507 |     expect($rows.wrappers.every(w => w.element.matches('[tabindex=""0""]'))).toBe(true)
> 508 |     expect($rows.at(0).attributes('aria-selected')).toBe('false')
      |    ^ Duplicate Assert
  509 |     expect($rows.at(1).attributes('aria-selected')).toBe('true')
  510 |     expect($rows.at(2).attributes('aria-selected')).toBe('false')
  511 |     expect($rows.at(3).attributes('aria-selected')).toBe('true')"
/home/gabriel/Disk/Research/research-javascript-test-smells/repositories/bootstrap-vue-dev/src/components/table/table-selectable.spec.js,Duplicate Assert,"{'line': 509, 'column': 4, 'index': 20302}","  507 |     expect($rows.wrappers.every(w => w.element.matches('[tabindex=""0""]'))).toBe(true)
  508 |     expect($rows.at(0).attributes('aria-selected')).toBe('false')
> 509 |     expect($rows.at(1).attributes('aria-selected')).toBe('true')
      |    ^ Duplicate Assert
  510 |     expect($rows.at(2).attributes('aria-selected')).toBe('false')
  511 |     expect($rows.at(3).attributes('aria-selected')).toBe('true')
  512 |     expect(wrapper.classes()).toContain('b-table-selectable')"
/home/gabriel/Disk/Research/research-javascript-test-smells/repositories/bootstrap-vue-dev/src/components/table/table-selectable.spec.js,Duplicate Assert,"{'line': 509, 'column': 4, 'index': 20302}","  507 |     expect($rows.wrappers.every(w => w.element.matches('[tabindex=""0""]'))).toBe(true)
  508 |     expect($rows.at(0).attributes('aria-selected')).toBe('false')
> 509 |     expect($rows.at(1).attributes('aria-selected')).toBe('true')
      |    ^ Duplicate Assert
  510 |     expect($rows.at(2).attributes('aria-selected')).toBe('false')
  511 |     expect($rows.at(3).attributes('aria-selected')).toBe('true')
  512 |     expect(wrapper.classes()).toContain('b-table-selectable')"
/home/gabriel/Disk/Research/research-javascript-test-smells/repositories/bootstrap-vue-dev/src/components/table/table-selectable.spec.js,Duplicate Assert,"{'line': 510, 'column': 4, 'index': 20367}","  508 |     expect($rows.at(0).attributes('aria-selected')).toBe('false')
  509 |     expect($rows.at(1).attributes('aria-selected')).toBe('true')
> 510 |     expect($rows.at(2).attributes('aria-selected')).toBe('false')
      |    ^ Duplicate Assert
  511 |     expect($rows.at(3).attributes('aria-selected')).toBe('true')
  512 |     expect(wrapper.classes()).toContain('b-table-selectable')
  513 |     expect(wrapper.classes()).toContain('b-table-select-range')"
/home/gabriel/Disk/Research/research-javascript-test-smells/repositories/bootstrap-vue-dev/src/components/table/table-selectable.spec.js,Duplicate Assert,"{'line': 510, 'column': 4, 'index': 20367}","  508 |     expect($rows.at(0).attributes('aria-selected')).toBe('false')
  509 |     expect($rows.at(1).attributes('aria-selected')).toBe('true')
> 510 |     expect($rows.at(2).attributes('aria-selected')).toBe('false')
      |    ^ Duplicate Assert
  511 |     expect($rows.at(3).attributes('aria-selected')).toBe('true')
  512 |     expect(wrapper.classes()).toContain('b-table-selectable')
  513 |     expect(wrapper.classes()).toContain('b-table-select-range')"
/home/gabriel/Disk/Research/research-javascript-test-smells/repositories/bootstrap-vue-dev/src/components/table/table-selectable.spec.js,Duplicate Assert,"{'line': 511, 'column': 4, 'index': 20433}","  509 |     expect($rows.at(1).attributes('aria-selected')).toBe('true')
  510 |     expect($rows.at(2).attributes('aria-selected')).toBe('false')
> 511 |     expect($rows.at(3).attributes('aria-selected')).toBe('true')
      |    ^ Duplicate Assert
  512 |     expect(wrapper.classes()).toContain('b-table-selectable')
  513 |     expect(wrapper.classes()).toContain('b-table-select-range')
  514 |     expect(wrapper.classes()).toContain('b-table-selecting')"
/home/gabriel/Disk/Research/research-javascript-test-smells/repositories/bootstrap-vue-dev/src/components/table/table-selectable.spec.js,Duplicate Assert,"{'line': 511, 'column': 4, 'index': 20433}","  509 |     expect($rows.at(1).attributes('aria-selected')).toBe('true')
  510 |     expect($rows.at(2).attributes('aria-selected')).toBe('false')
> 511 |     expect($rows.at(3).attributes('aria-selected')).toBe('true')
      |    ^ Duplicate Assert
  512 |     expect(wrapper.classes()).toContain('b-table-selectable')
  513 |     expect(wrapper.classes()).toContain('b-table-select-range')
  514 |     expect(wrapper.classes()).toContain('b-table-selecting')"
/home/gabriel/Disk/Research/research-javascript-test-smells/repositories/bootstrap-vue-dev/src/components/table/table-selectable.spec.js,Duplicate Assert,"{'line': 512, 'column': 4, 'index': 20498}","  510 |     expect($rows.at(2).attributes('aria-selected')).toBe('false')
  511 |     expect($rows.at(3).attributes('aria-selected')).toBe('true')
> 512 |     expect(wrapper.classes()).toContain('b-table-selectable')
      |    ^ Duplicate Assert
  513 |     expect(wrapper.classes()).toContain('b-table-select-range')
  514 |     expect(wrapper.classes()).toContain('b-table-selecting')
  515 |     expect(wrapper.classes()).not.toContain('b-table-select-single')"
/home/gabriel/Disk/Research/research-javascript-test-smells/repositories/bootstrap-vue-dev/src/components/table/table-selectable.spec.js,Duplicate Assert,"{'line': 512, 'column': 4, 'index': 20498}","  510 |     expect($rows.at(2).attributes('aria-selected')).toBe('false')
  511 |     expect($rows.at(3).attributes('aria-selected')).toBe('true')
> 512 |     expect(wrapper.classes()).toContain('b-table-selectable')
      |    ^ Duplicate Assert
  513 |     expect(wrapper.classes()).toContain('b-table-select-range')
  514 |     expect(wrapper.classes()).toContain('b-table-selecting')
  515 |     expect(wrapper.classes()).not.toContain('b-table-select-single')"
/home/gabriel/Disk/Research/research-javascript-test-smells/repositories/bootstrap-vue-dev/src/components/table/table-selectable.spec.js,Duplicate Assert,"{'line': 513, 'column': 4, 'index': 20560}","  511 |     expect($rows.at(3).attributes('aria-selected')).toBe('true')
  512 |     expect(wrapper.classes()).toContain('b-table-selectable')
> 513 |     expect(wrapper.classes()).toContain('b-table-select-range')
      |    ^ Duplicate Assert
  514 |     expect(wrapper.classes()).toContain('b-table-selecting')
  515 |     expect(wrapper.classes()).not.toContain('b-table-select-single')
  516 |     expect(wrapper.classes()).not.toContain('b-table-select-multi')"
/home/gabriel/Disk/Research/research-javascript-test-smells/repositories/bootstrap-vue-dev/src/components/table/table-selectable.spec.js,Duplicate Assert,"{'line': 513, 'column': 4, 'index': 20560}","  511 |     expect($rows.at(3).attributes('aria-selected')).toBe('true')
  512 |     expect(wrapper.classes()).toContain('b-table-selectable')
> 513 |     expect(wrapper.classes()).toContain('b-table-select-range')
      |    ^ Duplicate Assert
  514 |     expect(wrapper.classes()).toContain('b-table-selecting')
  515 |     expect(wrapper.classes()).not.toContain('b-table-select-single')
  516 |     expect(wrapper.classes()).not.toContain('b-table-select-multi')"
/home/gabriel/Disk/Research/research-javascript-test-smells/repositories/bootstrap-vue-dev/src/components/table/table-selectable.spec.js,Duplicate Assert,"{'line': 514, 'column': 4, 'index': 20624}","  512 |     expect(wrapper.classes()).toContain('b-table-selectable')
  513 |     expect(wrapper.classes()).toContain('b-table-select-range')
> 514 |     expect(wrapper.classes()).toContain('b-table-selecting')
      |    ^ Duplicate Assert
  515 |     expect(wrapper.classes()).not.toContain('b-table-select-single')
  516 |     expect(wrapper.classes()).not.toContain('b-table-select-multi')
  517 |"
/home/gabriel/Disk/Research/research-javascript-test-smells/repositories/bootstrap-vue-dev/src/components/table/table-selectable.spec.js,Duplicate Assert,"{'line': 514, 'column': 4, 'index': 20624}","  512 |     expect(wrapper.classes()).toContain('b-table-selectable')
  513 |     expect(wrapper.classes()).toContain('b-table-select-range')
> 514 |     expect(wrapper.classes()).toContain('b-table-selecting')
      |    ^ Duplicate Assert
  515 |     expect(wrapper.classes()).not.toContain('b-table-select-single')
  516 |     expect(wrapper.classes()).not.toContain('b-table-select-multi')
  517 |"
/home/gabriel/Disk/Research/research-javascript-test-smells/repositories/bootstrap-vue-dev/src/components/table/table-selectable.spec.js,Duplicate Assert,"{'line': 515, 'column': 4, 'index': 20685}","  513 |     expect(wrapper.classes()).toContain('b-table-select-range')
  514 |     expect(wrapper.classes()).toContain('b-table-selecting')
> 515 |     expect(wrapper.classes()).not.toContain('b-table-select-single')
      |    ^ Duplicate Assert
  516 |     expect(wrapper.classes()).not.toContain('b-table-select-multi')
  517 |
  518 |     // Ctrl-Click second row"
/home/gabriel/Disk/Research/research-javascript-test-smells/repositories/bootstrap-vue-dev/src/components/table/table-selectable.spec.js,Duplicate Assert,"{'line': 515, 'column': 4, 'index': 20685}","  513 |     expect(wrapper.classes()).toContain('b-table-select-range')
  514 |     expect(wrapper.classes()).toContain('b-table-selecting')
> 515 |     expect(wrapper.classes()).not.toContain('b-table-select-single')
      |    ^ Duplicate Assert
  516 |     expect(wrapper.classes()).not.toContain('b-table-select-multi')
  517 |
  518 |     // Ctrl-Click second row"
/home/gabriel/Disk/Research/research-javascript-test-smells/repositories/bootstrap-vue-dev/src/components/table/table-selectable.spec.js,Duplicate Assert,"{'line': 516, 'column': 4, 'index': 20754}","  514 |     expect(wrapper.classes()).toContain('b-table-selecting')
  515 |     expect(wrapper.classes()).not.toContain('b-table-select-single')
> 516 |     expect(wrapper.classes()).not.toContain('b-table-select-multi')
      |    ^ Duplicate Assert
  517 |
  518 |     // Ctrl-Click second row
  519 |     await wrapper"
/home/gabriel/Disk/Research/research-javascript-test-smells/repositories/bootstrap-vue-dev/src/components/table/table-selectable.spec.js,Duplicate Assert,"{'line': 516, 'column': 4, 'index': 20754}","  514 |     expect(wrapper.classes()).toContain('b-table-selecting')
  515 |     expect(wrapper.classes()).not.toContain('b-table-select-single')
> 516 |     expect(wrapper.classes()).not.toContain('b-table-select-multi')
      |    ^ Duplicate Assert
  517 |
  518 |     // Ctrl-Click second row
  519 |     await wrapper"
/home/gabriel/Disk/Research/research-javascript-test-smells/repositories/bootstrap-vue-dev/src/components/table/table-selectable.spec.js,Duplicate Assert,"{'line': 524, 'column': 4, 'index': 20956}","  522 |       .trigger('click', { ctrlKey: true })
  523 |
> 524 |     expect(wrapper.emitted('row-selected').length).toBe(6)
      |    ^ Duplicate Assert
  525 |     expect(wrapper.emitted('row-selected')[5][0]).toEqual([testItems[3]])
  526 |
  527 |     $rows = wrapper.findAll('tbody > tr')"
/home/gabriel/Disk/Research/research-javascript-test-smells/repositories/bootstrap-vue-dev/src/components/table/table-selectable.spec.js,Duplicate Assert,"{'line': 528, 'column': 4, 'index': 21132}","  526 |
  527 |     $rows = wrapper.findAll('tbody > tr')
> 528 |     expect($rows.wrappers.every(w => w.element.matches('[tabindex=""0""]'))).toBe(true)
      |    ^ Duplicate Assert
  529 |     expect($rows.at(0).attributes('aria-selected')).toBe('false')
  530 |     expect($rows.at(1).attributes('aria-selected')).toBe('false')
  531 |     expect($rows.at(2).attributes('aria-selected')).toBe('false')"
/home/gabriel/Disk/Research/research-javascript-test-smells/repositories/bootstrap-vue-dev/src/components/table/table-selectable.spec.js,Duplicate Assert,"{'line': 528, 'column': 4, 'index': 21132}","  526 |
  527 |     $rows = wrapper.findAll('tbody > tr')
> 528 |     expect($rows.wrappers.every(w => w.element.matches('[tabindex=""0""]'))).toBe(true)
      |    ^ Duplicate Assert
  529 |     expect($rows.at(0).attributes('aria-selected')).toBe('false')
  530 |     expect($rows.at(1).attributes('aria-selected')).toBe('false')
  531 |     expect($rows.at(2).attributes('aria-selected')).toBe('false')"
/home/gabriel/Disk/Research/research-javascript-test-smells/repositories/bootstrap-vue-dev/src/components/table/table-selectable.spec.js,Duplicate Assert,"{'line': 529, 'column': 4, 'index': 21218}","  527 |     $rows = wrapper.findAll('tbody > tr')
  528 |     expect($rows.wrappers.every(w => w.element.matches('[tabindex=""0""]'))).toBe(true)
> 529 |     expect($rows.at(0).attributes('aria-selected')).toBe('false')
      |    ^ Duplicate Assert
  530 |     expect($rows.at(1).attributes('aria-selected')).toBe('false')
  531 |     expect($rows.at(2).attributes('aria-selected')).toBe('false')
  532 |     expect($rows.at(3).attributes('aria-selected')).toBe('true')"
/home/gabriel/Disk/Research/research-javascript-test-smells/repositories/bootstrap-vue-dev/src/components/table/table-selectable.spec.js,Duplicate Assert,"{'line': 529, 'column': 4, 'index': 21218}","  527 |     $rows = wrapper.findAll('tbody > tr')
  528 |     expect($rows.wrappers.every(w => w.element.matches('[tabindex=""0""]'))).toBe(true)
> 529 |     expect($rows.at(0).attributes('aria-selected')).toBe('false')
      |    ^ Duplicate Assert
  530 |     expect($rows.at(1).attributes('aria-selected')).toBe('false')
  531 |     expect($rows.at(2).attributes('aria-selected')).toBe('false')
  532 |     expect($rows.at(3).attributes('aria-selected')).toBe('true')"
/home/gabriel/Disk/Research/research-javascript-test-smells/repositories/bootstrap-vue-dev/src/components/table/table-selectable.spec.js,Duplicate Assert,"{'line': 530, 'column': 4, 'index': 21284}","  528 |     expect($rows.wrappers.every(w => w.element.matches('[tabindex=""0""]'))).toBe(true)
  529 |     expect($rows.at(0).attributes('aria-selected')).toBe('false')
> 530 |     expect($rows.at(1).attributes('aria-selected')).toBe('false')
      |    ^ Duplicate Assert
  531 |     expect($rows.at(2).attributes('aria-selected')).toBe('false')
  532 |     expect($rows.at(3).attributes('aria-selected')).toBe('true')
  533 |     expect(wrapper.classes()).toContain('b-table-selectable')"
/home/gabriel/Disk/Research/research-javascript-test-smells/repositories/bootstrap-vue-dev/src/components/table/table-selectable.spec.js,Duplicate Assert,"{'line': 530, 'column': 4, 'index': 21284}","  528 |     expect($rows.wrappers.every(w => w.element.matches('[tabindex=""0""]'))).toBe(true)
  529 |     expect($rows.at(0).attributes('aria-selected')).toBe('false')
> 530 |     expect($rows.at(1).attributes('aria-selected')).toBe('false')
      |    ^ Duplicate Assert
  531 |     expect($rows.at(2).attributes('aria-selected')).toBe('false')
  532 |     expect($rows.at(3).attributes('aria-selected')).toBe('true')
  533 |     expect(wrapper.classes()).toContain('b-table-selectable')"
/home/gabriel/Disk/Research/research-javascript-test-smells/repositories/bootstrap-vue-dev/src/components/table/table-selectable.spec.js,Duplicate Assert,"{'line': 531, 'column': 4, 'index': 21350}","  529 |     expect($rows.at(0).attributes('aria-selected')).toBe('false')
  530 |     expect($rows.at(1).attributes('aria-selected')).toBe('false')
> 531 |     expect($rows.at(2).attributes('aria-selected')).toBe('false')
      |    ^ Duplicate Assert
  532 |     expect($rows.at(3).attributes('aria-selected')).toBe('true')
  533 |     expect(wrapper.classes()).toContain('b-table-selectable')
  534 |     expect(wrapper.classes()).toContain('b-table-select-range')"
/home/gabriel/Disk/Research/research-javascript-test-smells/repositories/bootstrap-vue-dev/src/components/table/table-selectable.spec.js,Duplicate Assert,"{'line': 531, 'column': 4, 'index': 21350}","  529 |     expect($rows.at(0).attributes('aria-selected')).toBe('false')
  530 |     expect($rows.at(1).attributes('aria-selected')).toBe('false')
> 531 |     expect($rows.at(2).attributes('aria-selected')).toBe('false')
      |    ^ Duplicate Assert
  532 |     expect($rows.at(3).attributes('aria-selected')).toBe('true')
  533 |     expect(wrapper.classes()).toContain('b-table-selectable')
  534 |     expect(wrapper.classes()).toContain('b-table-select-range')"
/home/gabriel/Disk/Research/research-javascript-test-smells/repositories/bootstrap-vue-dev/src/components/table/table-selectable.spec.js,Duplicate Assert,"{'line': 532, 'column': 4, 'index': 21416}","  530 |     expect($rows.at(1).attributes('aria-selected')).toBe('false')
  531 |     expect($rows.at(2).attributes('aria-selected')).toBe('false')
> 532 |     expect($rows.at(3).attributes('aria-selected')).toBe('true')
      |    ^ Duplicate Assert
  533 |     expect(wrapper.classes()).toContain('b-table-selectable')
  534 |     expect(wrapper.classes()).toContain('b-table-select-range')
  535 |     expect(wrapper.classes()).toContain('b-table-selecting')"
/home/gabriel/Disk/Research/research-javascript-test-smells/repositories/bootstrap-vue-dev/src/components/table/table-selectable.spec.js,Duplicate Assert,"{'line': 532, 'column': 4, 'index': 21416}","  530 |     expect($rows.at(1).attributes('aria-selected')).toBe('false')
  531 |     expect($rows.at(2).attributes('aria-selected')).toBe('false')
> 532 |     expect($rows.at(3).attributes('aria-selected')).toBe('true')
      |    ^ Duplicate Assert
  533 |     expect(wrapper.classes()).toContain('b-table-selectable')
  534 |     expect(wrapper.classes()).toContain('b-table-select-range')
  535 |     expect(wrapper.classes()).toContain('b-table-selecting')"
/home/gabriel/Disk/Research/research-javascript-test-smells/repositories/bootstrap-vue-dev/src/components/table/table-selectable.spec.js,Duplicate Assert,"{'line': 533, 'column': 4, 'index': 21481}","  531 |     expect($rows.at(2).attributes('aria-selected')).toBe('false')
  532 |     expect($rows.at(3).attributes('aria-selected')).toBe('true')
> 533 |     expect(wrapper.classes()).toContain('b-table-selectable')
      |    ^ Duplicate Assert
  534 |     expect(wrapper.classes()).toContain('b-table-select-range')
  535 |     expect(wrapper.classes()).toContain('b-table-selecting')
  536 |     expect(wrapper.classes()).not.toContain('b-table-select-single')"
/home/gabriel/Disk/Research/research-javascript-test-smells/repositories/bootstrap-vue-dev/src/components/table/table-selectable.spec.js,Duplicate Assert,"{'line': 533, 'column': 4, 'index': 21481}","  531 |     expect($rows.at(2).attributes('aria-selected')).toBe('false')
  532 |     expect($rows.at(3).attributes('aria-selected')).toBe('true')
> 533 |     expect(wrapper.classes()).toContain('b-table-selectable')
      |    ^ Duplicate Assert
  534 |     expect(wrapper.classes()).toContain('b-table-select-range')
  535 |     expect(wrapper.classes()).toContain('b-table-selecting')
  536 |     expect(wrapper.classes()).not.toContain('b-table-select-single')"
/home/gabriel/Disk/Research/research-javascript-test-smells/repositories/bootstrap-vue-dev/src/components/table/table-selectable.spec.js,Duplicate Assert,"{'line': 534, 'column': 4, 'index': 21543}","  532 |     expect($rows.at(3).attributes('aria-selected')).toBe('true')
  533 |     expect(wrapper.classes()).toContain('b-table-selectable')
> 534 |     expect(wrapper.classes()).toContain('b-table-select-range')
      |    ^ Duplicate Assert
  535 |     expect(wrapper.classes()).toContain('b-table-selecting')
  536 |     expect(wrapper.classes()).not.toContain('b-table-select-single')
  537 |     expect(wrapper.classes()).not.toContain('b-table-select-multi')"
/home/gabriel/Disk/Research/research-javascript-test-smells/repositories/bootstrap-vue-dev/src/components/table/table-selectable.spec.js,Duplicate Assert,"{'line': 534, 'column': 4, 'index': 21543}","  532 |     expect($rows.at(3).attributes('aria-selected')).toBe('true')
  533 |     expect(wrapper.classes()).toContain('b-table-selectable')
> 534 |     expect(wrapper.classes()).toContain('b-table-select-range')
      |    ^ Duplicate Assert
  535 |     expect(wrapper.classes()).toContain('b-table-selecting')
  536 |     expect(wrapper.classes()).not.toContain('b-table-select-single')
  537 |     expect(wrapper.classes()).not.toContain('b-table-select-multi')"
/home/gabriel/Disk/Research/research-javascript-test-smells/repositories/bootstrap-vue-dev/src/components/table/table-selectable.spec.js,Duplicate Assert,"{'line': 535, 'column': 4, 'index': 21607}","  533 |     expect(wrapper.classes()).toContain('b-table-selectable')
  534 |     expect(wrapper.classes()).toContain('b-table-select-range')
> 535 |     expect(wrapper.classes()).toContain('b-table-selecting')
      |    ^ Duplicate Assert
  536 |     expect(wrapper.classes()).not.toContain('b-table-select-single')
  537 |     expect(wrapper.classes()).not.toContain('b-table-select-multi')
  538 |"
/home/gabriel/Disk/Research/research-javascript-test-smells/repositories/bootstrap-vue-dev/src/components/table/table-selectable.spec.js,Duplicate Assert,"{'line': 535, 'column': 4, 'index': 21607}","  533 |     expect(wrapper.classes()).toContain('b-table-selectable')
  534 |     expect(wrapper.classes()).toContain('b-table-select-range')
> 535 |     expect(wrapper.classes()).toContain('b-table-selecting')
      |    ^ Duplicate Assert
  536 |     expect(wrapper.classes()).not.toContain('b-table-select-single')
  537 |     expect(wrapper.classes()).not.toContain('b-table-select-multi')
  538 |"
/home/gabriel/Disk/Research/research-javascript-test-smells/repositories/bootstrap-vue-dev/src/components/table/table-selectable.spec.js,Duplicate Assert,"{'line': 536, 'column': 4, 'index': 21668}","  534 |     expect(wrapper.classes()).toContain('b-table-select-range')
  535 |     expect(wrapper.classes()).toContain('b-table-selecting')
> 536 |     expect(wrapper.classes()).not.toContain('b-table-select-single')
      |    ^ Duplicate Assert
  537 |     expect(wrapper.classes()).not.toContain('b-table-select-multi')
  538 |
  539 |     // Ctrl-Click fourth row"
/home/gabriel/Disk/Research/research-javascript-test-smells/repositories/bootstrap-vue-dev/src/components/table/table-selectable.spec.js,Duplicate Assert,"{'line': 536, 'column': 4, 'index': 21668}","  534 |     expect(wrapper.classes()).toContain('b-table-select-range')
  535 |     expect(wrapper.classes()).toContain('b-table-selecting')
> 536 |     expect(wrapper.classes()).not.toContain('b-table-select-single')
      |    ^ Duplicate Assert
  537 |     expect(wrapper.classes()).not.toContain('b-table-select-multi')
  538 |
  539 |     // Ctrl-Click fourth row"
/home/gabriel/Disk/Research/research-javascript-test-smells/repositories/bootstrap-vue-dev/src/components/table/table-selectable.spec.js,Duplicate Assert,"{'line': 537, 'column': 4, 'index': 21737}","  535 |     expect(wrapper.classes()).toContain('b-table-selecting')
  536 |     expect(wrapper.classes()).not.toContain('b-table-select-single')
> 537 |     expect(wrapper.classes()).not.toContain('b-table-select-multi')
      |    ^ Duplicate Assert
  538 |
  539 |     // Ctrl-Click fourth row
  540 |     await wrapper"
/home/gabriel/Disk/Research/research-javascript-test-smells/repositories/bootstrap-vue-dev/src/components/table/table-selectable.spec.js,Duplicate Assert,"{'line': 537, 'column': 4, 'index': 21737}","  535 |     expect(wrapper.classes()).toContain('b-table-selecting')
  536 |     expect(wrapper.classes()).not.toContain('b-table-select-single')
> 537 |     expect(wrapper.classes()).not.toContain('b-table-select-multi')
      |    ^ Duplicate Assert
  538 |
  539 |     // Ctrl-Click fourth row
  540 |     await wrapper"
/home/gabriel/Disk/Research/research-javascript-test-smells/repositories/bootstrap-vue-dev/src/components/table/table-selectable.spec.js,Duplicate Assert,"{'line': 545, 'column': 4, 'index': 21939}","  543 |       .trigger('click', { ctrlKey: true })
  544 |
> 545 |     expect(wrapper.emitted('row-selected').length).toBe(7)
      |    ^ Duplicate Assert
  546 |     expect(wrapper.emitted('row-selected')[6][0]).toEqual([])
  547 |
  548 |     $rows = wrapper.findAll('tbody > tr')"
/home/gabriel/Disk/Research/research-javascript-test-smells/repositories/bootstrap-vue-dev/src/components/table/table-selectable.spec.js,Duplicate Assert,"{'line': 549, 'column': 4, 'index': 22103}","  547 |
  548 |     $rows = wrapper.findAll('tbody > tr')
> 549 |     expect($rows.wrappers.every(w => w.element.matches('[tabindex=""0""]'))).toBe(true)
      |    ^ Duplicate Assert
  550 |     expect($rows.at(0).attributes('aria-selected')).toBe('false')
  551 |     expect($rows.at(1).attributes('aria-selected')).toBe('false')
  552 |     expect($rows.at(2).attributes('aria-selected')).toBe('false')"
/home/gabriel/Disk/Research/research-javascript-test-smells/repositories/bootstrap-vue-dev/src/components/table/table-selectable.spec.js,Duplicate Assert,"{'line': 549, 'column': 4, 'index': 22103}","  547 |
  548 |     $rows = wrapper.findAll('tbody > tr')
> 549 |     expect($rows.wrappers.every(w => w.element.matches('[tabindex=""0""]'))).toBe(true)
      |    ^ Duplicate Assert
  550 |     expect($rows.at(0).attributes('aria-selected')).toBe('false')
  551 |     expect($rows.at(1).attributes('aria-selected')).toBe('false')
  552 |     expect($rows.at(2).attributes('aria-selected')).toBe('false')"
/home/gabriel/Disk/Research/research-javascript-test-smells/repositories/bootstrap-vue-dev/src/components/table/table-selectable.spec.js,Duplicate Assert,"{'line': 550, 'column': 4, 'index': 22189}","  548 |     $rows = wrapper.findAll('tbody > tr')
  549 |     expect($rows.wrappers.every(w => w.element.matches('[tabindex=""0""]'))).toBe(true)
> 550 |     expect($rows.at(0).attributes('aria-selected')).toBe('false')
      |    ^ Duplicate Assert
  551 |     expect($rows.at(1).attributes('aria-selected')).toBe('false')
  552 |     expect($rows.at(2).attributes('aria-selected')).toBe('false')
  553 |     expect($rows.at(3).attributes('aria-selected')).toBe('false')"
/home/gabriel/Disk/Research/research-javascript-test-smells/repositories/bootstrap-vue-dev/src/components/table/table-selectable.spec.js,Duplicate Assert,"{'line': 550, 'column': 4, 'index': 22189}","  548 |     $rows = wrapper.findAll('tbody > tr')
  549 |     expect($rows.wrappers.every(w => w.element.matches('[tabindex=""0""]'))).toBe(true)
> 550 |     expect($rows.at(0).attributes('aria-selected')).toBe('false')
      |    ^ Duplicate Assert
  551 |     expect($rows.at(1).attributes('aria-selected')).toBe('false')
  552 |     expect($rows.at(2).attributes('aria-selected')).toBe('false')
  553 |     expect($rows.at(3).attributes('aria-selected')).toBe('false')"
/home/gabriel/Disk/Research/research-javascript-test-smells/repositories/bootstrap-vue-dev/src/components/table/table-selectable.spec.js,Duplicate Assert,"{'line': 551, 'column': 4, 'index': 22255}","  549 |     expect($rows.wrappers.every(w => w.element.matches('[tabindex=""0""]'))).toBe(true)
  550 |     expect($rows.at(0).attributes('aria-selected')).toBe('false')
> 551 |     expect($rows.at(1).attributes('aria-selected')).toBe('false')
      |    ^ Duplicate Assert
  552 |     expect($rows.at(2).attributes('aria-selected')).toBe('false')
  553 |     expect($rows.at(3).attributes('aria-selected')).toBe('false')
  554 |     expect(wrapper.classes()).toContain('b-table-selectable')"
/home/gabriel/Disk/Research/research-javascript-test-smells/repositories/bootstrap-vue-dev/src/components/table/table-selectable.spec.js,Duplicate Assert,"{'line': 551, 'column': 4, 'index': 22255}","  549 |     expect($rows.wrappers.every(w => w.element.matches('[tabindex=""0""]'))).toBe(true)
  550 |     expect($rows.at(0).attributes('aria-selected')).toBe('false')
> 551 |     expect($rows.at(1).attributes('aria-selected')).toBe('false')
      |    ^ Duplicate Assert
  552 |     expect($rows.at(2).attributes('aria-selected')).toBe('false')
  553 |     expect($rows.at(3).attributes('aria-selected')).toBe('false')
  554 |     expect(wrapper.classes()).toContain('b-table-selectable')"
/home/gabriel/Disk/Research/research-javascript-test-smells/repositories/bootstrap-vue-dev/src/components/table/table-selectable.spec.js,Duplicate Assert,"{'line': 552, 'column': 4, 'index': 22321}","  550 |     expect($rows.at(0).attributes('aria-selected')).toBe('false')
  551 |     expect($rows.at(1).attributes('aria-selected')).toBe('false')
> 552 |     expect($rows.at(2).attributes('aria-selected')).toBe('false')
      |    ^ Duplicate Assert
  553 |     expect($rows.at(3).attributes('aria-selected')).toBe('false')
  554 |     expect(wrapper.classes()).toContain('b-table-selectable')
  555 |     expect(wrapper.classes()).toContain('b-table-select-range')"
/home/gabriel/Disk/Research/research-javascript-test-smells/repositories/bootstrap-vue-dev/src/components/table/table-selectable.spec.js,Duplicate Assert,"{'line': 552, 'column': 4, 'index': 22321}","  550 |     expect($rows.at(0).attributes('aria-selected')).toBe('false')
  551 |     expect($rows.at(1).attributes('aria-selected')).toBe('false')
> 552 |     expect($rows.at(2).attributes('aria-selected')).toBe('false')
      |    ^ Duplicate Assert
  553 |     expect($rows.at(3).attributes('aria-selected')).toBe('false')
  554 |     expect(wrapper.classes()).toContain('b-table-selectable')
  555 |     expect(wrapper.classes()).toContain('b-table-select-range')"
/home/gabriel/Disk/Research/research-javascript-test-smells/repositories/bootstrap-vue-dev/src/components/table/table-selectable.spec.js,Duplicate Assert,"{'line': 553, 'column': 4, 'index': 22387}","  551 |     expect($rows.at(1).attributes('aria-selected')).toBe('false')
  552 |     expect($rows.at(2).attributes('aria-selected')).toBe('false')
> 553 |     expect($rows.at(3).attributes('aria-selected')).toBe('false')
      |    ^ Duplicate Assert
  554 |     expect(wrapper.classes()).toContain('b-table-selectable')
  555 |     expect(wrapper.classes()).toContain('b-table-select-range')
  556 |     expect(wrapper.classes()).not.toContain('b-table-selecting')"
/home/gabriel/Disk/Research/research-javascript-test-smells/repositories/bootstrap-vue-dev/src/components/table/table-selectable.spec.js,Duplicate Assert,"{'line': 553, 'column': 4, 'index': 22387}","  551 |     expect($rows.at(1).attributes('aria-selected')).toBe('false')
  552 |     expect($rows.at(2).attributes('aria-selected')).toBe('false')
> 553 |     expect($rows.at(3).attributes('aria-selected')).toBe('false')
      |    ^ Duplicate Assert
  554 |     expect(wrapper.classes()).toContain('b-table-selectable')
  555 |     expect(wrapper.classes()).toContain('b-table-select-range')
  556 |     expect(wrapper.classes()).not.toContain('b-table-selecting')"
/home/gabriel/Disk/Research/research-javascript-test-smells/repositories/bootstrap-vue-dev/src/components/table/table-selectable.spec.js,Duplicate Assert,"{'line': 554, 'column': 4, 'index': 22453}","  552 |     expect($rows.at(2).attributes('aria-selected')).toBe('false')
  553 |     expect($rows.at(3).attributes('aria-selected')).toBe('false')
> 554 |     expect(wrapper.classes()).toContain('b-table-selectable')
      |    ^ Duplicate Assert
  555 |     expect(wrapper.classes()).toContain('b-table-select-range')
  556 |     expect(wrapper.classes()).not.toContain('b-table-selecting')
  557 |     expect(wrapper.classes()).not.toContain('b-table-select-single')"
/home/gabriel/Disk/Research/research-javascript-test-smells/repositories/bootstrap-vue-dev/src/components/table/table-selectable.spec.js,Duplicate Assert,"{'line': 554, 'column': 4, 'index': 22453}","  552 |     expect($rows.at(2).attributes('aria-selected')).toBe('false')
  553 |     expect($rows.at(3).attributes('aria-selected')).toBe('false')
> 554 |     expect(wrapper.classes()).toContain('b-table-selectable')
      |    ^ Duplicate Assert
  555 |     expect(wrapper.classes()).toContain('b-table-select-range')
  556 |     expect(wrapper.classes()).not.toContain('b-table-selecting')
  557 |     expect(wrapper.classes()).not.toContain('b-table-select-single')"
/home/gabriel/Disk/Research/research-javascript-test-smells/repositories/bootstrap-vue-dev/src/components/table/table-selectable.spec.js,Duplicate Assert,"{'line': 555, 'column': 4, 'index': 22515}","  553 |     expect($rows.at(3).attributes('aria-selected')).toBe('false')
  554 |     expect(wrapper.classes()).toContain('b-table-selectable')
> 555 |     expect(wrapper.classes()).toContain('b-table-select-range')
      |    ^ Duplicate Assert
  556 |     expect(wrapper.classes()).not.toContain('b-table-selecting')
  557 |     expect(wrapper.classes()).not.toContain('b-table-select-single')
  558 |     expect(wrapper.classes()).not.toContain('b-table-select-multi')"
/home/gabriel/Disk/Research/research-javascript-test-smells/repositories/bootstrap-vue-dev/src/components/table/table-selectable.spec.js,Duplicate Assert,"{'line': 555, 'column': 4, 'index': 22515}","  553 |     expect($rows.at(3).attributes('aria-selected')).toBe('false')
  554 |     expect(wrapper.classes()).toContain('b-table-selectable')
> 555 |     expect(wrapper.classes()).toContain('b-table-select-range')
      |    ^ Duplicate Assert
  556 |     expect(wrapper.classes()).not.toContain('b-table-selecting')
  557 |     expect(wrapper.classes()).not.toContain('b-table-select-single')
  558 |     expect(wrapper.classes()).not.toContain('b-table-select-multi')"
/home/gabriel/Disk/Research/research-javascript-test-smells/repositories/bootstrap-vue-dev/src/components/table/table-selectable.spec.js,Duplicate Assert,"{'line': 556, 'column': 4, 'index': 22579}","  554 |     expect(wrapper.classes()).toContain('b-table-selectable')
  555 |     expect(wrapper.classes()).toContain('b-table-select-range')
> 556 |     expect(wrapper.classes()).not.toContain('b-table-selecting')
      |    ^ Duplicate Assert
  557 |     expect(wrapper.classes()).not.toContain('b-table-select-single')
  558 |     expect(wrapper.classes()).not.toContain('b-table-select-multi')
  559 |"
/home/gabriel/Disk/Research/research-javascript-test-smells/repositories/bootstrap-vue-dev/src/components/table/table-selectable.spec.js,Duplicate Assert,"{'line': 556, 'column': 4, 'index': 22579}","  554 |     expect(wrapper.classes()).toContain('b-table-selectable')
  555 |     expect(wrapper.classes()).toContain('b-table-select-range')
> 556 |     expect(wrapper.classes()).not.toContain('b-table-selecting')
      |    ^ Duplicate Assert
  557 |     expect(wrapper.classes()).not.toContain('b-table-select-single')
  558 |     expect(wrapper.classes()).not.toContain('b-table-select-multi')
  559 |"
/home/gabriel/Disk/Research/research-javascript-test-smells/repositories/bootstrap-vue-dev/src/components/table/table-selectable.spec.js,Duplicate Assert,"{'line': 557, 'column': 4, 'index': 22644}","  555 |     expect(wrapper.classes()).toContain('b-table-select-range')
  556 |     expect(wrapper.classes()).not.toContain('b-table-selecting')
> 557 |     expect(wrapper.classes()).not.toContain('b-table-select-single')
      |    ^ Duplicate Assert
  558 |     expect(wrapper.classes()).not.toContain('b-table-select-multi')
  559 |
  560 |     wrapper.destroy()"
/home/gabriel/Disk/Research/research-javascript-test-smells/repositories/bootstrap-vue-dev/src/components/table/table-selectable.spec.js,Duplicate Assert,"{'line': 557, 'column': 4, 'index': 22644}","  555 |     expect(wrapper.classes()).toContain('b-table-select-range')
  556 |     expect(wrapper.classes()).not.toContain('b-table-selecting')
> 557 |     expect(wrapper.classes()).not.toContain('b-table-select-single')
      |    ^ Duplicate Assert
  558 |     expect(wrapper.classes()).not.toContain('b-table-select-multi')
  559 |
  560 |     wrapper.destroy()"
/home/gabriel/Disk/Research/research-javascript-test-smells/repositories/bootstrap-vue-dev/src/components/table/table-selectable.spec.js,Duplicate Assert,"{'line': 558, 'column': 4, 'index': 22713}","  556 |     expect(wrapper.classes()).not.toContain('b-table-selecting')
  557 |     expect(wrapper.classes()).not.toContain('b-table-select-single')
> 558 |     expect(wrapper.classes()).not.toContain('b-table-select-multi')
      |    ^ Duplicate Assert
  559 |
  560 |     wrapper.destroy()
  561 |   })"
/home/gabriel/Disk/Research/research-javascript-test-smells/repositories/bootstrap-vue-dev/src/components/table/table-selectable.spec.js,Duplicate Assert,"{'line': 558, 'column': 4, 'index': 22713}","  556 |     expect(wrapper.classes()).not.toContain('b-table-selecting')
  557 |     expect(wrapper.classes()).not.toContain('b-table-select-single')
> 558 |     expect(wrapper.classes()).not.toContain('b-table-select-multi')
      |    ^ Duplicate Assert
  559 |
  560 |     wrapper.destroy()
  561 |   })"
/home/gabriel/Disk/Research/research-javascript-test-smells/repositories/bootstrap-vue-dev/src/components/table/table-selectable.spec.js,Duplicate Assert,"{'line': 603, 'column': 4, 'index': 23900}","  601 |     await waitNT(wrapper.vm)
  602 |
> 603 |     expect(wrapper.emitted('row-selected')).toBeUndefined()
      |    ^ Duplicate Assert
  604 |
  605 |     // Click first row
  606 |     await wrapper"
/home/gabriel/Disk/Research/research-javascript-test-smells/repositories/bootstrap-vue-dev/src/components/table/table-selectable.spec.js,Duplicate Assert,"{'line': 611, 'column': 4, 'index': 24069}","  609 |
  610 |       .trigger('click')
> 611 |     expect(wrapper.emitted('row-selected')).toBeDefined()
      |    ^ Duplicate Assert
  612 |     expect(wrapper.emitted('row-selected').length).toBe(1)
  613 |     expect(wrapper.emitted('row-selected')[0][0]).toEqual([testItems[0]])
  614 |"
/home/gabriel/Disk/Research/research-javascript-test-smells/repositories/bootstrap-vue-dev/src/components/table/table-selectable.spec.js,Duplicate Assert,"{'line': 612, 'column': 4, 'index': 24127}","  610 |       .trigger('click')
  611 |     expect(wrapper.emitted('row-selected')).toBeDefined()
> 612 |     expect(wrapper.emitted('row-selected').length).toBe(1)
      |    ^ Duplicate Assert
  613 |     expect(wrapper.emitted('row-selected')[0][0]).toEqual([testItems[0]])
  614 |
  615 |     let $rows = wrapper.findAll('tbody > tr')"
/home/gabriel/Disk/Research/research-javascript-test-smells/repositories/bootstrap-vue-dev/src/components/table/table-selectable.spec.js,Duplicate Assert,"{'line': 616, 'column': 4, 'index': 24307}","  614 |
  615 |     let $rows = wrapper.findAll('tbody > tr')
> 616 |     expect($rows.wrappers.every(w => w.element.matches('[tabindex=""0""]'))).toBe(true)
      |    ^ Duplicate Assert
  617 |     expect($rows.at(0).attributes('aria-selected')).toBe('true')
  618 |     expect($rows.at(1).attributes('aria-selected')).toBe('false')
  619 |     expect($rows.at(2).attributes('aria-selected')).toBe('false')"
/home/gabriel/Disk/Research/research-javascript-test-smells/repositories/bootstrap-vue-dev/src/components/table/table-selectable.spec.js,Duplicate Assert,"{'line': 616, 'column': 4, 'index': 24307}","  614 |
  615 |     let $rows = wrapper.findAll('tbody > tr')
> 616 |     expect($rows.wrappers.every(w => w.element.matches('[tabindex=""0""]'))).toBe(true)
      |    ^ Duplicate Assert
  617 |     expect($rows.at(0).attributes('aria-selected')).toBe('true')
  618 |     expect($rows.at(1).attributes('aria-selected')).toBe('false')
  619 |     expect($rows.at(2).attributes('aria-selected')).toBe('false')"
/home/gabriel/Disk/Research/research-javascript-test-smells/repositories/bootstrap-vue-dev/src/components/table/table-selectable.spec.js,Duplicate Assert,"{'line': 630, 'column': 4, 'index': 24888}","  628 |     expect(wrapper.emitted('sort-changed')).toBeDefined()
  629 |     expect(wrapper.emitted('sort-changed').length).toBe(1)
> 630 |     expect(wrapper.emitted('row-selected').length).toBe(2)
      |    ^ Duplicate Assert
  631 |     expect(wrapper.emitted('row-selected')[1][0]).toEqual([])
  632 |
  633 |     $rows = wrapper.findAll('tbody > tr')"
/home/gabriel/Disk/Research/research-javascript-test-smells/repositories/bootstrap-vue-dev/src/components/table/table-selectable.spec.js,Duplicate Assert,"{'line': 634, 'column': 4, 'index': 25052}","  632 |
  633 |     $rows = wrapper.findAll('tbody > tr')
> 634 |     expect($rows.wrappers.every(w => w.element.matches('[tabindex=""0""]'))).toBe(true)
      |    ^ Duplicate Assert
  635 |     expect($rows.wrappers.every(w => w.element.matches('[aria-selected=""false""]'))).toBe(true)
  636 |
  637 |     wrapper.destroy()"
/home/gabriel/Disk/Research/research-javascript-test-smells/repositories/bootstrap-vue-dev/src/components/table/table-selectable.spec.js,Duplicate Assert,"{'line': 634, 'column': 4, 'index': 25052}","  632 |
  633 |     $rows = wrapper.findAll('tbody > tr')
> 634 |     expect($rows.wrappers.every(w => w.element.matches('[tabindex=""0""]'))).toBe(true)
      |    ^ Duplicate Assert
  635 |     expect($rows.wrappers.every(w => w.element.matches('[aria-selected=""false""]'))).toBe(true)
  636 |
  637 |     wrapper.destroy()"
/home/gabriel/Disk/Research/research-javascript-test-smells/repositories/bootstrap-vue-dev/src/components/table/table-selectable.spec.js,Duplicate Assert,"{'line': 653, 'column': 4, 'index': 25559}","  651 |     await waitNT(wrapper.vm)
  652 |
> 653 |     expect(wrapper.emitted('row-selected')).toBeUndefined()
      |    ^ Duplicate Assert
  654 |
  655 |     let $rows = wrapper.findAll('tbody > tr')
  656 |     expect($rows.wrappers.every(w => w.element.matches('[tabindex=""0""]'))).toBe(true)"
/home/gabriel/Disk/Research/research-javascript-test-smells/repositories/bootstrap-vue-dev/src/components/table/table-selectable.spec.js,Duplicate Assert,"{'line': 665, 'column': 4, 'index': 25956}","  663 |       .trigger('click')
  664 |
> 665 |     expect(wrapper.emitted('row-selected')).toBeDefined()
      |    ^ Duplicate Assert
  666 |     expect(wrapper.emitted('row-selected').length).toBe(1)
  667 |     expect(wrapper.emitted('row-selected')[0][0]).toEqual([testItems[0]])
  668 |"
/home/gabriel/Disk/Research/research-javascript-test-smells/repositories/bootstrap-vue-dev/src/components/table/table-selectable.spec.js,Duplicate Assert,"{'line': 666, 'column': 4, 'index': 26014}","  664 |
  665 |     expect(wrapper.emitted('row-selected')).toBeDefined()
> 666 |     expect(wrapper.emitted('row-selected').length).toBe(1)
      |    ^ Duplicate Assert
  667 |     expect(wrapper.emitted('row-selected')[0][0]).toEqual([testItems[0]])
  668 |
  669 |     $rows = wrapper.findAll('tbody > tr')"
/home/gabriel/Disk/Research/research-javascript-test-smells/repositories/bootstrap-vue-dev/src/components/table/table-selectable.spec.js,Duplicate Assert,"{'line': 670, 'column': 4, 'index': 26190}","  668 |
  669 |     $rows = wrapper.findAll('tbody > tr')
> 670 |     expect($rows.wrappers.every(w => w.attributes('tabindex') === '0')).toBe(true)
      |    ^ Duplicate Assert
  671 |     expect($rows.at(0).attributes('aria-selected')).toBe('true')
  672 |     expect($rows.at(1).attributes('aria-selected')).toBe('false')
  673 |     expect($rows.at(2).attributes('aria-selected')).toBe('false')"
/home/gabriel/Disk/Research/research-javascript-test-smells/repositories/bootstrap-vue-dev/src/components/table/table-selectable.spec.js,Duplicate Assert,"{'line': 670, 'column': 4, 'index': 26190}","  668 |
  669 |     $rows = wrapper.findAll('tbody > tr')
> 670 |     expect($rows.wrappers.every(w => w.attributes('tabindex') === '0')).toBe(true)
      |    ^ Duplicate Assert
  671 |     expect($rows.at(0).attributes('aria-selected')).toBe('true')
  672 |     expect($rows.at(1).attributes('aria-selected')).toBe('false')
  673 |     expect($rows.at(2).attributes('aria-selected')).toBe('false')"
/home/gabriel/Disk/Research/research-javascript-test-smells/repositories/bootstrap-vue-dev/src/components/table/table-selectable.spec.js,Duplicate Assert,"{'line': 679, 'column': 4, 'index': 26603}","  677 |     await wrapper.setProps({ filter: '2' })
  678 |
> 679 |     expect(wrapper.emitted('row-selected').length).toBe(2)
      |    ^ Duplicate Assert
  680 |     expect(wrapper.emitted('row-selected')[1][0]).toEqual([])
  681 |
  682 |     $rows = wrapper.findAll('tbody > tr')"
/home/gabriel/Disk/Research/research-javascript-test-smells/repositories/bootstrap-vue-dev/src/components/table/table-selectable.spec.js,Duplicate Assert,"{'line': 683, 'column': 4, 'index': 26767}","  681 |
  682 |     $rows = wrapper.findAll('tbody > tr')
> 683 |     expect($rows.wrappers.every(w => w.attributes('tabindex') === '0')).toBe(true)
      |    ^ Duplicate Assert
  684 |     expect($rows.wrappers.every(w => w.attributes('aria-selected') === 'false')).toBe(true)
  685 |
  686 |     wrapper.destroy()"
/home/gabriel/Disk/Research/research-javascript-test-smells/repositories/bootstrap-vue-dev/src/components/table/table-selectable.spec.js,Duplicate Assert,"{'line': 683, 'column': 4, 'index': 26767}","  681 |
  682 |     $rows = wrapper.findAll('tbody > tr')
> 683 |     expect($rows.wrappers.every(w => w.attributes('tabindex') === '0')).toBe(true)
      |    ^ Duplicate Assert
  684 |     expect($rows.wrappers.every(w => w.attributes('aria-selected') === 'false')).toBe(true)
  685 |
  686 |     wrapper.destroy()"
/home/gabriel/Disk/Research/research-javascript-test-smells/repositories/bootstrap-vue-dev/src/components/table/table-selectable.spec.js,Duplicate Assert,"{'line': 704, 'column': 4, 'index': 27316}","  702 |     await waitNT(wrapper.vm)
  703 |
> 704 |     expect(wrapper.emitted('row-selected')).toBeUndefined()
      |    ^ Duplicate Assert
  705 |
  706 |     let $rows = wrapper.findAll('tbody > tr')
  707 |     expect($rows.length).toBe(3)"
/home/gabriel/Disk/Research/research-javascript-test-smells/repositories/bootstrap-vue-dev/src/components/table/table-selectable.spec.js,Duplicate Assert,"{'line': 707, 'column': 4, 'index': 27423}","  705 |
  706 |     let $rows = wrapper.findAll('tbody > tr')
> 707 |     expect($rows.length).toBe(3)
      |    ^ Duplicate Assert
  708 |     expect($rows.wrappers.every(w => w.attributes('tabindex') === '0')).toBe(true)
  709 |     expect($rows.wrappers.every(w => w.attributes('aria-selected') === 'false')).toBe(true)
  710 |"
/home/gabriel/Disk/Research/research-javascript-test-smells/repositories/bootstrap-vue-dev/src/components/table/table-selectable.spec.js,Duplicate Assert,"{'line': 707, 'column': 4, 'index': 27423}","  705 |
  706 |     let $rows = wrapper.findAll('tbody > tr')
> 707 |     expect($rows.length).toBe(3)
      |    ^ Duplicate Assert
  708 |     expect($rows.wrappers.every(w => w.attributes('tabindex') === '0')).toBe(true)
  709 |     expect($rows.wrappers.every(w => w.attributes('aria-selected') === 'false')).toBe(true)
  710 |"
/home/gabriel/Disk/Research/research-javascript-test-smells/repositories/bootstrap-vue-dev/src/components/table/table-selectable.spec.js,Duplicate Assert,"{'line': 708, 'column': 4, 'index': 27456}","  706 |     let $rows = wrapper.findAll('tbody > tr')
  707 |     expect($rows.length).toBe(3)
> 708 |     expect($rows.wrappers.every(w => w.attributes('tabindex') === '0')).toBe(true)
      |    ^ Duplicate Assert
  709 |     expect($rows.wrappers.every(w => w.attributes('aria-selected') === 'false')).toBe(true)
  710 |
  711 |     // Click first row"
/home/gabriel/Disk/Research/research-javascript-test-smells/repositories/bootstrap-vue-dev/src/components/table/table-selectable.spec.js,Duplicate Assert,"{'line': 708, 'column': 4, 'index': 27456}","  706 |     let $rows = wrapper.findAll('tbody > tr')
  707 |     expect($rows.length).toBe(3)
> 708 |     expect($rows.wrappers.every(w => w.attributes('tabindex') === '0')).toBe(true)
      |    ^ Duplicate Assert
  709 |     expect($rows.wrappers.every(w => w.attributes('aria-selected') === 'false')).toBe(true)
  710 |
  711 |     // Click first row"
/home/gabriel/Disk/Research/research-javascript-test-smells/repositories/bootstrap-vue-dev/src/components/table/table-selectable.spec.js,Duplicate Assert,"{'line': 709, 'column': 4, 'index': 27539}","  707 |     expect($rows.length).toBe(3)
  708 |     expect($rows.wrappers.every(w => w.attributes('tabindex') === '0')).toBe(true)
> 709 |     expect($rows.wrappers.every(w => w.attributes('aria-selected') === 'false')).toBe(true)
      |    ^ Duplicate Assert
  710 |
  711 |     // Click first row
  712 |     await wrapper"
/home/gabriel/Disk/Research/research-javascript-test-smells/repositories/bootstrap-vue-dev/src/components/table/table-selectable.spec.js,Duplicate Assert,"{'line': 709, 'column': 4, 'index': 27539}","  707 |     expect($rows.length).toBe(3)
  708 |     expect($rows.wrappers.every(w => w.attributes('tabindex') === '0')).toBe(true)
> 709 |     expect($rows.wrappers.every(w => w.attributes('aria-selected') === 'false')).toBe(true)
      |    ^ Duplicate Assert
  710 |
  711 |     // Click first row
  712 |     await wrapper"
/home/gabriel/Disk/Research/research-javascript-test-smells/repositories/bootstrap-vue-dev/src/components/table/table-selectable.spec.js,Duplicate Assert,"{'line': 717, 'column': 4, 'index': 27740}","  715 |       .trigger('click')
  716 |
> 717 |     expect(wrapper.emitted('row-selected')).toBeDefined()
      |    ^ Duplicate Assert
  718 |     expect(wrapper.emitted('row-selected').length).toBe(1)
  719 |     expect(wrapper.emitted('row-selected')[0][0]).toEqual([testItems[0]])
  720 |"
/home/gabriel/Disk/Research/research-javascript-test-smells/repositories/bootstrap-vue-dev/src/components/table/table-selectable.spec.js,Duplicate Assert,"{'line': 718, 'column': 4, 'index': 27798}","  716 |
  717 |     expect(wrapper.emitted('row-selected')).toBeDefined()
> 718 |     expect(wrapper.emitted('row-selected').length).toBe(1)
      |    ^ Duplicate Assert
  719 |     expect(wrapper.emitted('row-selected')[0][0]).toEqual([testItems[0]])
  720 |
  721 |     $rows = wrapper.findAll('tbody > tr')"
/home/gabriel/Disk/Research/research-javascript-test-smells/repositories/bootstrap-vue-dev/src/components/table/table-selectable.spec.js,Duplicate Assert,"{'line': 722, 'column': 4, 'index': 27974}","  720 |
  721 |     $rows = wrapper.findAll('tbody > tr')
> 722 |     expect($rows.length).toBe(3)
      |    ^ Duplicate Assert
  723 |     expect($rows.wrappers.every(w => w.attributes('tabindex') === '0')).toBe(true)
  724 |     // We only have 3 rows max per page
  725 |     expect($rows.at(0).attributes('aria-selected')).toBe('true')"
/home/gabriel/Disk/Research/research-javascript-test-smells/repositories/bootstrap-vue-dev/src/components/table/table-selectable.spec.js,Duplicate Assert,"{'line': 722, 'column': 4, 'index': 27974}","  720 |
  721 |     $rows = wrapper.findAll('tbody > tr')
> 722 |     expect($rows.length).toBe(3)
      |    ^ Duplicate Assert
  723 |     expect($rows.wrappers.every(w => w.attributes('tabindex') === '0')).toBe(true)
  724 |     // We only have 3 rows max per page
  725 |     expect($rows.at(0).attributes('aria-selected')).toBe('true')"
/home/gabriel/Disk/Research/research-javascript-test-smells/repositories/bootstrap-vue-dev/src/components/table/table-selectable.spec.js,Duplicate Assert,"{'line': 723, 'column': 4, 'index': 28007}","  721 |     $rows = wrapper.findAll('tbody > tr')
  722 |     expect($rows.length).toBe(3)
> 723 |     expect($rows.wrappers.every(w => w.attributes('tabindex') === '0')).toBe(true)
      |    ^ Duplicate Assert
  724 |     // We only have 3 rows max per page
  725 |     expect($rows.at(0).attributes('aria-selected')).toBe('true')
  726 |     expect($rows.at(1).attributes('aria-selected')).toBe('false')"
/home/gabriel/Disk/Research/research-javascript-test-smells/repositories/bootstrap-vue-dev/src/components/table/table-selectable.spec.js,Duplicate Assert,"{'line': 723, 'column': 4, 'index': 28007}","  721 |     $rows = wrapper.findAll('tbody > tr')
  722 |     expect($rows.length).toBe(3)
> 723 |     expect($rows.wrappers.every(w => w.attributes('tabindex') === '0')).toBe(true)
      |    ^ Duplicate Assert
  724 |     // We only have 3 rows max per page
  725 |     expect($rows.at(0).attributes('aria-selected')).toBe('true')
  726 |     expect($rows.at(1).attributes('aria-selected')).toBe('false')"
/home/gabriel/Disk/Research/research-javascript-test-smells/repositories/bootstrap-vue-dev/src/components/table/table-selectable.spec.js,Duplicate Assert,"{'line': 732, 'column': 4, 'index': 28395}","  730 |     await wrapper.setProps({ currentPage: 2 })
  731 |
> 732 |     expect(wrapper.emitted('row-selected').length).toBe(2)
      |    ^ Duplicate Assert
  733 |     expect(wrapper.emitted('row-selected')[1][0]).toEqual([])
  734 |
  735 |     $rows = wrapper.findAll('tbody > tr')"
/home/gabriel/Disk/Research/research-javascript-test-smells/repositories/bootstrap-vue-dev/src/components/table/table-selectable.spec.js,Duplicate Assert,"{'line': 736, 'column': 4, 'index': 28559}","  734 |
  735 |     $rows = wrapper.findAll('tbody > tr')
> 736 |     expect($rows.length).toBe(1)
      |    ^ Duplicate Assert
  737 |     expect($rows.wrappers.every(w => w.attributes('tabindex') === '0')).toBe(true)
  738 |     expect($rows.wrappers.every(w => w.attributes('aria-selected') === 'false')).toBe(true)
  739 |"
/home/gabriel/Disk/Research/research-javascript-test-smells/repositories/bootstrap-vue-dev/src/components/table/table-selectable.spec.js,Duplicate Assert,"{'line': 737, 'column': 4, 'index': 28592}","  735 |     $rows = wrapper.findAll('tbody > tr')
  736 |     expect($rows.length).toBe(1)
> 737 |     expect($rows.wrappers.every(w => w.attributes('tabindex') === '0')).toBe(true)
      |    ^ Duplicate Assert
  738 |     expect($rows.wrappers.every(w => w.attributes('aria-selected') === 'false')).toBe(true)
  739 |
  740 |     wrapper.destroy()"
/home/gabriel/Disk/Research/research-javascript-test-smells/repositories/bootstrap-vue-dev/src/components/table/table-selectable.spec.js,Duplicate Assert,"{'line': 737, 'column': 4, 'index': 28592}","  735 |     $rows = wrapper.findAll('tbody > tr')
  736 |     expect($rows.length).toBe(1)
> 737 |     expect($rows.wrappers.every(w => w.attributes('tabindex') === '0')).toBe(true)
      |    ^ Duplicate Assert
  738 |     expect($rows.wrappers.every(w => w.attributes('aria-selected') === 'false')).toBe(true)
  739 |
  740 |     wrapper.destroy()"
/home/gabriel/Disk/Research/research-javascript-test-smells/repositories/bootstrap-vue-dev/src/components/table/table-selectable.spec.js,Duplicate Assert,"{'line': 738, 'column': 4, 'index': 28675}","  736 |     expect($rows.length).toBe(1)
  737 |     expect($rows.wrappers.every(w => w.attributes('tabindex') === '0')).toBe(true)
> 738 |     expect($rows.wrappers.every(w => w.attributes('aria-selected') === 'false')).toBe(true)
      |    ^ Duplicate Assert
  739 |
  740 |     wrapper.destroy()
  741 |   })"
/home/gabriel/Disk/Research/research-javascript-test-smells/repositories/bootstrap-vue-dev/src/components/table/table-selectable.spec.js,Duplicate Assert,"{'line': 738, 'column': 4, 'index': 28675}","  736 |     expect($rows.length).toBe(1)
  737 |     expect($rows.wrappers.every(w => w.attributes('tabindex') === '0')).toBe(true)
> 738 |     expect($rows.wrappers.every(w => w.attributes('aria-selected') === 'false')).toBe(true)
      |    ^ Duplicate Assert
  739 |
  740 |     wrapper.destroy()
  741 |   })"
/home/gabriel/Disk/Research/research-javascript-test-smells/repositories/bootstrap-vue-dev/src/components/table/table-selectable.spec.js,Duplicate Assert,"{'line': 756, 'column': 4, 'index': 29101}","  754 |     await waitNT(wrapper.vm)
  755 |
> 756 |     expect(wrapper.emitted('row-selected')).toBeUndefined()
      |    ^ Duplicate Assert
  757 |
  758 |     // Click first row
  759 |     await wrapper"
/home/gabriel/Disk/Research/research-javascript-test-smells/repositories/bootstrap-vue-dev/src/components/table/table-selectable.spec.js,Duplicate Assert,"{'line': 764, 'column': 4, 'index': 29270}","  762 |
  763 |       .trigger('click')
> 764 |     expect(wrapper.emitted('row-selected')).toBeDefined()
      |    ^ Duplicate Assert
  765 |     expect(wrapper.emitted('row-selected').length).toBe(1)
  766 |     expect(wrapper.emitted('row-selected')[0][0]).toEqual([testItems[0]])
  767 |"
/home/gabriel/Disk/Research/research-javascript-test-smells/repositories/bootstrap-vue-dev/src/components/table/table-selectable.spec.js,Duplicate Assert,"{'line': 764, 'column': 4, 'index': 29270}","  762 |
  763 |       .trigger('click')
> 764 |     expect(wrapper.emitted('row-selected')).toBeDefined()
      |    ^ Duplicate Assert
  765 |     expect(wrapper.emitted('row-selected').length).toBe(1)
  766 |     expect(wrapper.emitted('row-selected')[0][0]).toEqual([testItems[0]])
  767 |"
/home/gabriel/Disk/Research/research-javascript-test-smells/repositories/bootstrap-vue-dev/src/components/table/table-selectable.spec.js,Duplicate Assert,"{'line': 765, 'column': 4, 'index': 29328}","  763 |       .trigger('click')
  764 |     expect(wrapper.emitted('row-selected')).toBeDefined()
> 765 |     expect(wrapper.emitted('row-selected').length).toBe(1)
      |    ^ Duplicate Assert
  766 |     expect(wrapper.emitted('row-selected')[0][0]).toEqual([testItems[0]])
  767 |
  768 |     let $rows = wrapper.findAll('tbody > tr')"
/home/gabriel/Disk/Research/research-javascript-test-smells/repositories/bootstrap-vue-dev/src/components/table/table-selectable.spec.js,Duplicate Assert,"{'line': 769, 'column': 4, 'index': 29508}","  767 |
  768 |     let $rows = wrapper.findAll('tbody > tr')
> 769 |     expect($rows.wrappers.every(w => w.attributes('tabindex') === '0')).toBe(true)
      |    ^ Duplicate Assert
  770 |     expect($rows.at(0).attributes('aria-selected')).toBe('true')
  771 |     expect($rows.at(1).attributes('aria-selected')).toBe('false')
  772 |     expect($rows.at(2).attributes('aria-selected')).toBe('false')"
/home/gabriel/Disk/Research/research-javascript-test-smells/repositories/bootstrap-vue-dev/src/components/table/table-selectable.spec.js,Duplicate Assert,"{'line': 769, 'column': 4, 'index': 29508}","  767 |
  768 |     let $rows = wrapper.findAll('tbody > tr')
> 769 |     expect($rows.wrappers.every(w => w.attributes('tabindex') === '0')).toBe(true)
      |    ^ Duplicate Assert
  770 |     expect($rows.at(0).attributes('aria-selected')).toBe('true')
  771 |     expect($rows.at(1).attributes('aria-selected')).toBe('false')
  772 |     expect($rows.at(2).attributes('aria-selected')).toBe('false')"
/home/gabriel/Disk/Research/research-javascript-test-smells/repositories/bootstrap-vue-dev/src/components/table/table-selectable.spec.js,Duplicate Assert,"{'line': 778, 'column': 4, 'index': 29927}","  776 |     await wrapper.setProps({ selectMode: 'range' })
  777 |
> 778 |     expect(wrapper.emitted('row-selected')).toBeDefined()
      |    ^ Duplicate Assert
  779 |     expect(wrapper.emitted('row-selected').length).toBe(2)
  780 |     expect(wrapper.emitted('row-selected')[1][0]).toEqual([])
  781 |"
/home/gabriel/Disk/Research/research-javascript-test-smells/repositories/bootstrap-vue-dev/src/components/table/table-selectable.spec.js,Duplicate Assert,"{'line': 778, 'column': 4, 'index': 29927}","  776 |     await wrapper.setProps({ selectMode: 'range' })
  777 |
> 778 |     expect(wrapper.emitted('row-selected')).toBeDefined()
      |    ^ Duplicate Assert
  779 |     expect(wrapper.emitted('row-selected').length).toBe(2)
  780 |     expect(wrapper.emitted('row-selected')[1][0]).toEqual([])
  781 |"
/home/gabriel/Disk/Research/research-javascript-test-smells/repositories/bootstrap-vue-dev/src/components/table/table-selectable.spec.js,Duplicate Assert,"{'line': 779, 'column': 4, 'index': 29985}","  777 |
  778 |     expect(wrapper.emitted('row-selected')).toBeDefined()
> 779 |     expect(wrapper.emitted('row-selected').length).toBe(2)
      |    ^ Duplicate Assert
  780 |     expect(wrapper.emitted('row-selected')[1][0]).toEqual([])
  781 |
  782 |     $rows = wrapper.findAll('tbody > tr')"
/home/gabriel/Disk/Research/research-javascript-test-smells/repositories/bootstrap-vue-dev/src/components/table/table-selectable.spec.js,Duplicate Assert,"{'line': 783, 'column': 4, 'index': 30149}","  781 |
  782 |     $rows = wrapper.findAll('tbody > tr')
> 783 |     expect($rows.wrappers.every(w => w.attributes('tabindex') === '0')).toBe(true)
      |    ^ Duplicate Assert
  784 |     expect($rows.wrappers.every(w => w.attributes('aria-selected') === 'false')).toBe(true)
  785 |
  786 |     wrapper.destroy()"
/home/gabriel/Disk/Research/research-javascript-test-smells/repositories/bootstrap-vue-dev/src/components/table/table-selectable.spec.js,Duplicate Assert,"{'line': 783, 'column': 4, 'index': 30149}","  781 |
  782 |     $rows = wrapper.findAll('tbody > tr')
> 783 |     expect($rows.wrappers.every(w => w.attributes('tabindex') === '0')).toBe(true)
      |    ^ Duplicate Assert
  784 |     expect($rows.wrappers.every(w => w.attributes('aria-selected') === 'false')).toBe(true)
  785 |
  786 |     wrapper.destroy()"
/home/gabriel/Disk/Research/research-javascript-test-smells/repositories/bootstrap-vue-dev/src/components/table/table-selectable.spec.js,Duplicate Assert,"{'line': 802, 'column': 4, 'index': 30657}","  800 |     await waitNT(wrapper.vm)
  801 |
> 802 |     expect(wrapper.emitted('row-selected')).toBeUndefined()
      |    ^ Duplicate Assert
  803 |
  804 |     // Click first row
  805 |     await wrapper"
/home/gabriel/Disk/Research/research-javascript-test-smells/repositories/bootstrap-vue-dev/src/components/table/table-selectable.spec.js,Duplicate Assert,"{'line': 810, 'column': 4, 'index': 30826}","  808 |       .trigger('click')
  809 |
> 810 |     expect(wrapper.emitted('row-selected')).toBeDefined()
      |    ^ Duplicate Assert
  811 |     expect(wrapper.emitted('row-selected').length).toBe(1)
  812 |     expect(wrapper.emitted('row-selected')[0][0]).toEqual([testItems[0]])
  813 |"
/home/gabriel/Disk/Research/research-javascript-test-smells/repositories/bootstrap-vue-dev/src/components/table/table-selectable.spec.js,Duplicate Assert,"{'line': 811, 'column': 4, 'index': 30884}","  809 |
  810 |     expect(wrapper.emitted('row-selected')).toBeDefined()
> 811 |     expect(wrapper.emitted('row-selected').length).toBe(1)
      |    ^ Duplicate Assert
  812 |     expect(wrapper.emitted('row-selected')[0][0]).toEqual([testItems[0]])
  813 |
  814 |     let $rows = wrapper.findAll('tbody > tr')"
/home/gabriel/Disk/Research/research-javascript-test-smells/repositories/bootstrap-vue-dev/src/components/table/table-selectable.spec.js,Duplicate Assert,"{'line': 811, 'column': 4, 'index': 30884}","  809 |
  810 |     expect(wrapper.emitted('row-selected')).toBeDefined()
> 811 |     expect(wrapper.emitted('row-selected').length).toBe(1)
      |    ^ Duplicate Assert
  812 |     expect(wrapper.emitted('row-selected')[0][0]).toEqual([testItems[0]])
  813 |
  814 |     let $rows = wrapper.findAll('tbody > tr')"
/home/gabriel/Disk/Research/research-javascript-test-smells/repositories/bootstrap-vue-dev/src/components/table/table-selectable.spec.js,Duplicate Assert,"{'line': 820, 'column': 4, 'index': 31410}","  818 |     expect($rows.at(2).attributes('aria-selected')).toBe('false')
  819 |     expect($rows.at(3).attributes('aria-selected')).toBe('false')
> 820 |     expect(wrapper.classes()).toContain('b-table-selectable')
      |    ^ Duplicate Assert
  821 |     expect(wrapper.classes()).not.toContain('b-table-selecting-range')
  822 |
  823 |     // Disabled selectable"
/home/gabriel/Disk/Research/research-javascript-test-smells/repositories/bootstrap-vue-dev/src/components/table/table-selectable.spec.js,Duplicate Assert,"{'line': 821, 'column': 4, 'index': 31472}","  819 |     expect($rows.at(3).attributes('aria-selected')).toBe('false')
  820 |     expect(wrapper.classes()).toContain('b-table-selectable')
> 821 |     expect(wrapper.classes()).not.toContain('b-table-selecting-range')
      |    ^ Duplicate Assert
  822 |
  823 |     // Disabled selectable
  824 |     await wrapper.setProps({ selectable: false })"
/home/gabriel/Disk/Research/research-javascript-test-smells/repositories/bootstrap-vue-dev/src/components/table/table-selectable.spec.js,Duplicate Assert,"{'line': 821, 'column': 4, 'index': 31472}","  819 |     expect($rows.at(3).attributes('aria-selected')).toBe('false')
  820 |     expect(wrapper.classes()).toContain('b-table-selectable')
> 821 |     expect(wrapper.classes()).not.toContain('b-table-selecting-range')
      |    ^ Duplicate Assert
  822 |
  823 |     // Disabled selectable
  824 |     await wrapper.setProps({ selectable: false })"
/home/gabriel/Disk/Research/research-javascript-test-smells/repositories/bootstrap-vue-dev/src/components/table/table-selectable.spec.js,Duplicate Assert,"{'line': 827, 'column': 4, 'index': 31664}","  825 |
  826 |     // Does not emit a row-selected event
> 827 |     expect(wrapper.emitted('row-selected').length).toBe(1)
      |    ^ Duplicate Assert
  828 |
  829 |     $rows = wrapper.findAll('tbody > tr')
  830 |     // Should remove tabindex and aria-selected attributes"
/home/gabriel/Disk/Research/research-javascript-test-smells/repositories/bootstrap-vue-dev/src/components/table/table-selectable.spec.js,Duplicate Assert,"{'line': 827, 'column': 4, 'index': 31664}","  825 |
  826 |     // Does not emit a row-selected event
> 827 |     expect(wrapper.emitted('row-selected').length).toBe(1)
      |    ^ Duplicate Assert
  828 |
  829 |     $rows = wrapper.findAll('tbody > tr')
  830 |     // Should remove tabindex and aria-selected attributes"
/home/gabriel/Disk/Research/research-javascript-test-smells/repositories/bootstrap-vue-dev/src/components/table/table-selectable.spec.js,Duplicate Assert,"{'line': 833, 'column': 4, 'index': 32008}","  831 |     expect($rows.wrappers.every(w => w.attributes('tabindex') === undefined)).toBe(true)
  832 |     expect($rows.wrappers.every(w => w.attributes('aria-selected') === undefined)).toBe(true)
> 833 |     expect(wrapper.classes()).not.toContain('b-table-selectable')
      |    ^ Duplicate Assert
  834 |     expect(wrapper.classes()).not.toContain('b-table-selecting-range')
  835 |
  836 |     wrapper.destroy()"
/home/gabriel/Disk/Research/research-javascript-test-smells/repositories/bootstrap-vue-dev/src/components/table/table-selectable.spec.js,Duplicate Assert,"{'line': 834, 'column': 4, 'index': 32074}","  832 |     expect($rows.wrappers.every(w => w.attributes('aria-selected') === undefined)).toBe(true)
  833 |     expect(wrapper.classes()).not.toContain('b-table-selectable')
> 834 |     expect(wrapper.classes()).not.toContain('b-table-selecting-range')
      |    ^ Duplicate Assert
  835 |
  836 |     wrapper.destroy()
  837 |   })"
/home/gabriel/Disk/Research/research-javascript-test-smells/repositories/bootstrap-vue-dev/src/components/table/table-selectable.spec.js,Duplicate Assert,"{'line': 834, 'column': 4, 'index': 32074}","  832 |     expect($rows.wrappers.every(w => w.attributes('aria-selected') === undefined)).toBe(true)
  833 |     expect(wrapper.classes()).not.toContain('b-table-selectable')
> 834 |     expect(wrapper.classes()).not.toContain('b-table-selecting-range')
      |    ^ Duplicate Assert
  835 |
  836 |     wrapper.destroy()
  837 |   })"
/home/gabriel/Disk/Research/research-javascript-test-smells/repositories/bootstrap-vue-dev/src/components/table/table-selectable.spec.js,Duplicate Assert,"{'line': 851, 'column': 4, 'index': 32502}","  849 |     expect(wrapper).toBeDefined()
  850 |     await waitNT(wrapper.vm)
> 851 |     expect(wrapper.emitted('row-selected')).toBeUndefined()
      |    ^ Duplicate Assert
  852 |
  853 |     // Execute `selectAllRows()` method
  854 |     wrapper.vm.selectAllRows()"
/home/gabriel/Disk/Research/research-javascript-test-smells/repositories/bootstrap-vue-dev/src/components/table/table-selectable.spec.js,Duplicate Assert,"{'line': 857, 'column': 4, 'index': 32664}","  855 |     await waitNT(wrapper.vm)
  856 |
> 857 |     expect(wrapper.emitted('row-selected')).toBeDefined()
      |    ^ Duplicate Assert
  858 |     expect(wrapper.emitted('row-selected').length).toBe(1)
  859 |     expect(wrapper.emitted('row-selected')[0][0].length).toBe(1)
  860 |     expect(wrapper.emitted('row-selected')[0][0]).toEqual([testItems[0]])"
/home/gabriel/Disk/Research/research-javascript-test-smells/repositories/bootstrap-vue-dev/src/components/table/table-selectable.spec.js,Duplicate Assert,"{'line': 883, 'column': 4, 'index': 33663}","  881 |     expect(wrapper).toBeDefined()
  882 |     await waitNT(wrapper.vm)
> 883 |     expect(wrapper.emitted('row-selected')).toBeUndefined()
      |    ^ Duplicate Assert
  884 |
  885 |     // Execute `selectAllRows()` method
  886 |     wrapper.vm.selectAllRows()"
/home/gabriel/Disk/Research/research-javascript-test-smells/repositories/bootstrap-vue-dev/src/components/table/table-selectable.spec.js,Duplicate Assert,"{'line': 889, 'column': 4, 'index': 33825}","  887 |     await waitNT(wrapper.vm)
  888 |
> 889 |     expect(wrapper.emitted('row-selected')).toBeDefined()
      |    ^ Duplicate Assert
  890 |     expect(wrapper.emitted('row-selected').length).toBe(1)
  891 |     expect(wrapper.emitted('row-selected')[0][0].length).toBe(4)
  892 |     expect(wrapper.emitted('row-selected')[0][0]).toEqual(testItems)"
/home/gabriel/Disk/Research/research-javascript-test-smells/repositories/bootstrap-vue-dev/src/components/table/table-selectable.spec.js,Duplicate Assert,"{'line': 916, 'column': 4, 'index': 34817}","  914 |     await waitNT(wrapper.vm)
  915 |
> 916 |     expect(wrapper.emitted('row-selected')).toBeUndefined()
      |    ^ Duplicate Assert
  917 |
  918 |     // Execute `selectAllRows()` method
  919 |     wrapper.vm.selectAllRows()"
/home/gabriel/Disk/Research/research-javascript-test-smells/repositories/bootstrap-vue-dev/src/components/table/table-selectable.spec.js,Duplicate Assert,"{'line': 922, 'column': 4, 'index': 34979}","  920 |     await waitNT(wrapper.vm)
  921 |
> 922 |     expect(wrapper.emitted('row-selected')).toBeDefined()
      |    ^ Duplicate Assert
  923 |     expect(wrapper.emitted('row-selected').length).toBe(1)
  924 |     expect(wrapper.emitted('row-selected')[0][0].length).toBe(4)
  925 |     expect(wrapper.emitted('row-selected')[0][0]).toEqual(testItems)"
/home/gabriel/Disk/Research/research-javascript-test-smells/repositories/bootstrap-vue-dev/src/components/table/table-selectable.spec.js,Duplicate Assert,"{'line': 950, 'column': 4, 'index': 35979}","  948 |     await waitNT(wrapper.vm)
  949 |
> 950 |     expect(wrapper.emitted('row-selected')).toBeUndefined()
      |    ^ Duplicate Assert
  951 |
  952 |     // Execute `selectRow()` method (second row)
  953 |     wrapper.vm.selectRow(1)"
/home/gabriel/Disk/Research/research-javascript-test-smells/repositories/bootstrap-vue-dev/src/components/table/table-selectable.spec.js,Duplicate Assert,"{'line': 956, 'column': 4, 'index': 36147}","  954 |     await waitNT(wrapper.vm)
  955 |
> 956 |     expect(wrapper.emitted('row-selected')).toBeDefined()
      |    ^ Duplicate Assert
  957 |     expect(wrapper.emitted('row-selected').length).toBe(1)
  958 |     expect(wrapper.emitted('row-selected')[0][0].length).toBe(1)
  959 |     expect(wrapper.emitted('row-selected')[0][0]).toEqual([testItems[1]])"
/home/gabriel/Disk/Research/research-javascript-test-smells/repositories/bootstrap-vue-dev/src/components/table/table-selectable.spec.js,Duplicate Assert,"{'line': 956, 'column': 4, 'index': 36147}","  954 |     await waitNT(wrapper.vm)
  955 |
> 956 |     expect(wrapper.emitted('row-selected')).toBeDefined()
      |    ^ Duplicate Assert
  957 |     expect(wrapper.emitted('row-selected').length).toBe(1)
  958 |     expect(wrapper.emitted('row-selected')[0][0].length).toBe(1)
  959 |     expect(wrapper.emitted('row-selected')[0][0]).toEqual([testItems[1]])"
/home/gabriel/Disk/Research/research-javascript-test-smells/repositories/bootstrap-vue-dev/src/components/table/table-selectable.spec.js,Duplicate Assert,"{'line': 957, 'column': 4, 'index': 36205}","  955 |
  956 |     expect(wrapper.emitted('row-selected')).toBeDefined()
> 957 |     expect(wrapper.emitted('row-selected').length).toBe(1)
      |    ^ Duplicate Assert
  958 |     expect(wrapper.emitted('row-selected')[0][0].length).toBe(1)
  959 |     expect(wrapper.emitted('row-selected')[0][0]).toEqual([testItems[1]])
  960 |"
/home/gabriel/Disk/Research/research-javascript-test-smells/repositories/bootstrap-vue-dev/src/components/table/table-selectable.spec.js,Duplicate Assert,"{'line': 962, 'column': 4, 'index': 36450}","  960 |
  961 |     let $rows = wrapper.findAll('tbody > tr')
> 962 |     expect($rows.wrappers.every(w => w.attributes('tabindex') === '0')).toBe(true)
      |    ^ Duplicate Assert
  963 |     expect($rows.at(0).attributes('aria-selected')).toBe('false')
  964 |     expect($rows.at(1).attributes('aria-selected')).toBe('true')
  965 |     expect($rows.at(2).attributes('aria-selected')).toBe('false')"
/home/gabriel/Disk/Research/research-javascript-test-smells/repositories/bootstrap-vue-dev/src/components/table/table-selectable.spec.js,Duplicate Assert,"{'line': 962, 'column': 4, 'index': 36450}","  960 |
  961 |     let $rows = wrapper.findAll('tbody > tr')
> 962 |     expect($rows.wrappers.every(w => w.attributes('tabindex') === '0')).toBe(true)
      |    ^ Duplicate Assert
  963 |     expect($rows.at(0).attributes('aria-selected')).toBe('false')
  964 |     expect($rows.at(1).attributes('aria-selected')).toBe('true')
  965 |     expect($rows.at(2).attributes('aria-selected')).toBe('false')"
/home/gabriel/Disk/Research/research-javascript-test-smells/repositories/bootstrap-vue-dev/src/components/table/table-selectable.spec.js,Duplicate Assert,"{'line': 963, 'column': 4, 'index': 36533}","  961 |     let $rows = wrapper.findAll('tbody > tr')
  962 |     expect($rows.wrappers.every(w => w.attributes('tabindex') === '0')).toBe(true)
> 963 |     expect($rows.at(0).attributes('aria-selected')).toBe('false')
      |    ^ Duplicate Assert
  964 |     expect($rows.at(1).attributes('aria-selected')).toBe('true')
  965 |     expect($rows.at(2).attributes('aria-selected')).toBe('false')
  966 |     expect($rows.at(3).attributes('aria-selected')).toBe('false')"
/home/gabriel/Disk/Research/research-javascript-test-smells/repositories/bootstrap-vue-dev/src/components/table/table-selectable.spec.js,Duplicate Assert,"{'line': 963, 'column': 4, 'index': 36533}","  961 |     let $rows = wrapper.findAll('tbody > tr')
  962 |     expect($rows.wrappers.every(w => w.attributes('tabindex') === '0')).toBe(true)
> 963 |     expect($rows.at(0).attributes('aria-selected')).toBe('false')
      |    ^ Duplicate Assert
  964 |     expect($rows.at(1).attributes('aria-selected')).toBe('true')
  965 |     expect($rows.at(2).attributes('aria-selected')).toBe('false')
  966 |     expect($rows.at(3).attributes('aria-selected')).toBe('false')"
/home/gabriel/Disk/Research/research-javascript-test-smells/repositories/bootstrap-vue-dev/src/components/table/table-selectable.spec.js,Duplicate Assert,"{'line': 964, 'column': 4, 'index': 36599}","  962 |     expect($rows.wrappers.every(w => w.attributes('tabindex') === '0')).toBe(true)
  963 |     expect($rows.at(0).attributes('aria-selected')).toBe('false')
> 964 |     expect($rows.at(1).attributes('aria-selected')).toBe('true')
      |    ^ Duplicate Assert
  965 |     expect($rows.at(2).attributes('aria-selected')).toBe('false')
  966 |     expect($rows.at(3).attributes('aria-selected')).toBe('false')
  967 |"
/home/gabriel/Disk/Research/research-javascript-test-smells/repositories/bootstrap-vue-dev/src/components/table/table-selectable.spec.js,Duplicate Assert,"{'line': 965, 'column': 4, 'index': 36664}","  963 |     expect($rows.at(0).attributes('aria-selected')).toBe('false')
  964 |     expect($rows.at(1).attributes('aria-selected')).toBe('true')
> 965 |     expect($rows.at(2).attributes('aria-selected')).toBe('false')
      |    ^ Duplicate Assert
  966 |     expect($rows.at(3).attributes('aria-selected')).toBe('false')
  967 |
  968 |     // Execute `selectRow()` method (fourth row)"
/home/gabriel/Disk/Research/research-javascript-test-smells/repositories/bootstrap-vue-dev/src/components/table/table-selectable.spec.js,Duplicate Assert,"{'line': 965, 'column': 4, 'index': 36664}","  963 |     expect($rows.at(0).attributes('aria-selected')).toBe('false')
  964 |     expect($rows.at(1).attributes('aria-selected')).toBe('true')
> 965 |     expect($rows.at(2).attributes('aria-selected')).toBe('false')
      |    ^ Duplicate Assert
  966 |     expect($rows.at(3).attributes('aria-selected')).toBe('false')
  967 |
  968 |     // Execute `selectRow()` method (fourth row)"
/home/gabriel/Disk/Research/research-javascript-test-smells/repositories/bootstrap-vue-dev/src/components/table/table-selectable.spec.js,Duplicate Assert,"{'line': 966, 'column': 4, 'index': 36730}","  964 |     expect($rows.at(1).attributes('aria-selected')).toBe('true')
  965 |     expect($rows.at(2).attributes('aria-selected')).toBe('false')
> 966 |     expect($rows.at(3).attributes('aria-selected')).toBe('false')
      |    ^ Duplicate Assert
  967 |
  968 |     // Execute `selectRow()` method (fourth row)
  969 |     wrapper.vm.selectRow(3)"
/home/gabriel/Disk/Research/research-javascript-test-smells/repositories/bootstrap-vue-dev/src/components/table/table-selectable.spec.js,Duplicate Assert,"{'line': 966, 'column': 4, 'index': 36730}","  964 |     expect($rows.at(1).attributes('aria-selected')).toBe('true')
  965 |     expect($rows.at(2).attributes('aria-selected')).toBe('false')
> 966 |     expect($rows.at(3).attributes('aria-selected')).toBe('false')
      |    ^ Duplicate Assert
  967 |
  968 |     // Execute `selectRow()` method (fourth row)
  969 |     wrapper.vm.selectRow(3)"
/home/gabriel/Disk/Research/research-javascript-test-smells/repositories/bootstrap-vue-dev/src/components/table/table-selectable.spec.js,Duplicate Assert,"{'line': 972, 'column': 4, 'index': 36904}","  970 |     await waitNT(wrapper.vm)
  971 |
> 972 |     expect(wrapper.emitted('row-selected')).toBeDefined()
      |    ^ Duplicate Assert
  973 |     expect(wrapper.emitted('row-selected').length).toBe(2)
  974 |     expect(wrapper.emitted('row-selected')[1][0].length).toBe(1)
  975 |     expect(wrapper.emitted('row-selected')[1][0]).toEqual([testItems[3]])"
/home/gabriel/Disk/Research/research-javascript-test-smells/repositories/bootstrap-vue-dev/src/components/table/table-selectable.spec.js,Duplicate Assert,"{'line': 972, 'column': 4, 'index': 36904}","  970 |     await waitNT(wrapper.vm)
  971 |
> 972 |     expect(wrapper.emitted('row-selected')).toBeDefined()
      |    ^ Duplicate Assert
  973 |     expect(wrapper.emitted('row-selected').length).toBe(2)
  974 |     expect(wrapper.emitted('row-selected')[1][0].length).toBe(1)
  975 |     expect(wrapper.emitted('row-selected')[1][0]).toEqual([testItems[3]])"
/home/gabriel/Disk/Research/research-javascript-test-smells/repositories/bootstrap-vue-dev/src/components/table/table-selectable.spec.js,Duplicate Assert,"{'line': 973, 'column': 4, 'index': 36962}","  971 |
  972 |     expect(wrapper.emitted('row-selected')).toBeDefined()
> 973 |     expect(wrapper.emitted('row-selected').length).toBe(2)
      |    ^ Duplicate Assert
  974 |     expect(wrapper.emitted('row-selected')[1][0].length).toBe(1)
  975 |     expect(wrapper.emitted('row-selected')[1][0]).toEqual([testItems[3]])
  976 |"
/home/gabriel/Disk/Research/research-javascript-test-smells/repositories/bootstrap-vue-dev/src/components/table/table-selectable.spec.js,Duplicate Assert,"{'line': 973, 'column': 4, 'index': 36962}","  971 |
  972 |     expect(wrapper.emitted('row-selected')).toBeDefined()
> 973 |     expect(wrapper.emitted('row-selected').length).toBe(2)
      |    ^ Duplicate Assert
  974 |     expect(wrapper.emitted('row-selected')[1][0].length).toBe(1)
  975 |     expect(wrapper.emitted('row-selected')[1][0]).toEqual([testItems[3]])
  976 |"
/home/gabriel/Disk/Research/research-javascript-test-smells/repositories/bootstrap-vue-dev/src/components/table/table-selectable.spec.js,Duplicate Assert,"{'line': 974, 'column': 4, 'index': 37021}","  972 |     expect(wrapper.emitted('row-selected')).toBeDefined()
  973 |     expect(wrapper.emitted('row-selected').length).toBe(2)
> 974 |     expect(wrapper.emitted('row-selected')[1][0].length).toBe(1)
      |    ^ Duplicate Assert
  975 |     expect(wrapper.emitted('row-selected')[1][0]).toEqual([testItems[3]])
  976 |
  977 |     $rows = wrapper.findAll('tbody > tr')"
/home/gabriel/Disk/Research/research-javascript-test-smells/repositories/bootstrap-vue-dev/src/components/table/table-selectable.spec.js,Duplicate Assert,"{'line': 974, 'column': 4, 'index': 37021}","  972 |     expect(wrapper.emitted('row-selected')).toBeDefined()
  973 |     expect(wrapper.emitted('row-selected').length).toBe(2)
> 974 |     expect(wrapper.emitted('row-selected')[1][0].length).toBe(1)
      |    ^ Duplicate Assert
  975 |     expect(wrapper.emitted('row-selected')[1][0]).toEqual([testItems[3]])
  976 |
  977 |     $rows = wrapper.findAll('tbody > tr')"
/home/gabriel/Disk/Research/research-javascript-test-smells/repositories/bootstrap-vue-dev/src/components/table/table-selectable.spec.js,Duplicate Assert,"{'line': 975, 'column': 4, 'index': 37086}","  973 |     expect(wrapper.emitted('row-selected').length).toBe(2)
  974 |     expect(wrapper.emitted('row-selected')[1][0].length).toBe(1)
> 975 |     expect(wrapper.emitted('row-selected')[1][0]).toEqual([testItems[3]])
      |    ^ Duplicate Assert
  976 |
  977 |     $rows = wrapper.findAll('tbody > tr')
  978 |     expect($rows.wrappers.every(w => w.attributes('tabindex') === '0')).toBe(true)"
/home/gabriel/Disk/Research/research-javascript-test-smells/repositories/bootstrap-vue-dev/src/components/table/table-selectable.spec.js,Duplicate Assert,"{'line': 975, 'column': 4, 'index': 37086}","  973 |     expect(wrapper.emitted('row-selected').length).toBe(2)
  974 |     expect(wrapper.emitted('row-selected')[1][0].length).toBe(1)
> 975 |     expect(wrapper.emitted('row-selected')[1][0]).toEqual([testItems[3]])
      |    ^ Duplicate Assert
  976 |
  977 |     $rows = wrapper.findAll('tbody > tr')
  978 |     expect($rows.wrappers.every(w => w.attributes('tabindex') === '0')).toBe(true)"
/home/gabriel/Disk/Research/research-javascript-test-smells/repositories/bootstrap-vue-dev/src/components/table/table-selectable.spec.js,Duplicate Assert,"{'line': 978, 'column': 4, 'index': 37203}","  976 |
  977 |     $rows = wrapper.findAll('tbody > tr')
> 978 |     expect($rows.wrappers.every(w => w.attributes('tabindex') === '0')).toBe(true)
      |    ^ Duplicate Assert
  979 |     expect($rows.at(0).attributes('aria-selected')).toBe('false')
  980 |     expect($rows.at(1).attributes('aria-selected')).toBe('false')
  981 |     expect($rows.at(2).attributes('aria-selected')).toBe('false')"
/home/gabriel/Disk/Research/research-javascript-test-smells/repositories/bootstrap-vue-dev/src/components/table/table-selectable.spec.js,Duplicate Assert,"{'line': 978, 'column': 4, 'index': 37203}","  976 |
  977 |     $rows = wrapper.findAll('tbody > tr')
> 978 |     expect($rows.wrappers.every(w => w.attributes('tabindex') === '0')).toBe(true)
      |    ^ Duplicate Assert
  979 |     expect($rows.at(0).attributes('aria-selected')).toBe('false')
  980 |     expect($rows.at(1).attributes('aria-selected')).toBe('false')
  981 |     expect($rows.at(2).attributes('aria-selected')).toBe('false')"
/home/gabriel/Disk/Research/research-javascript-test-smells/repositories/bootstrap-vue-dev/src/components/table/table-selectable.spec.js,Duplicate Assert,"{'line': 979, 'column': 4, 'index': 37286}","  977 |     $rows = wrapper.findAll('tbody > tr')
  978 |     expect($rows.wrappers.every(w => w.attributes('tabindex') === '0')).toBe(true)
> 979 |     expect($rows.at(0).attributes('aria-selected')).toBe('false')
      |    ^ Duplicate Assert
  980 |     expect($rows.at(1).attributes('aria-selected')).toBe('false')
  981 |     expect($rows.at(2).attributes('aria-selected')).toBe('false')
  982 |     expect($rows.at(3).attributes('aria-selected')).toBe('true')"
/home/gabriel/Disk/Research/research-javascript-test-smells/repositories/bootstrap-vue-dev/src/components/table/table-selectable.spec.js,Duplicate Assert,"{'line': 979, 'column': 4, 'index': 37286}","  977 |     $rows = wrapper.findAll('tbody > tr')
  978 |     expect($rows.wrappers.every(w => w.attributes('tabindex') === '0')).toBe(true)
> 979 |     expect($rows.at(0).attributes('aria-selected')).toBe('false')
      |    ^ Duplicate Assert
  980 |     expect($rows.at(1).attributes('aria-selected')).toBe('false')
  981 |     expect($rows.at(2).attributes('aria-selected')).toBe('false')
  982 |     expect($rows.at(3).attributes('aria-selected')).toBe('true')"
/home/gabriel/Disk/Research/research-javascript-test-smells/repositories/bootstrap-vue-dev/src/components/table/table-selectable.spec.js,Duplicate Assert,"{'line': 980, 'column': 4, 'index': 37352}","  978 |     expect($rows.wrappers.every(w => w.attributes('tabindex') === '0')).toBe(true)
  979 |     expect($rows.at(0).attributes('aria-selected')).toBe('false')
> 980 |     expect($rows.at(1).attributes('aria-selected')).toBe('false')
      |    ^ Duplicate Assert
  981 |     expect($rows.at(2).attributes('aria-selected')).toBe('false')
  982 |     expect($rows.at(3).attributes('aria-selected')).toBe('true')
  983 |"
/home/gabriel/Disk/Research/research-javascript-test-smells/repositories/bootstrap-vue-dev/src/components/table/table-selectable.spec.js,Duplicate Assert,"{'line': 980, 'column': 4, 'index': 37352}","  978 |     expect($rows.wrappers.every(w => w.attributes('tabindex') === '0')).toBe(true)
  979 |     expect($rows.at(0).attributes('aria-selected')).toBe('false')
> 980 |     expect($rows.at(1).attributes('aria-selected')).toBe('false')
      |    ^ Duplicate Assert
  981 |     expect($rows.at(2).attributes('aria-selected')).toBe('false')
  982 |     expect($rows.at(3).attributes('aria-selected')).toBe('true')
  983 |"
/home/gabriel/Disk/Research/research-javascript-test-smells/repositories/bootstrap-vue-dev/src/components/table/table-selectable.spec.js,Duplicate Assert,"{'line': 981, 'column': 4, 'index': 37418}","  979 |     expect($rows.at(0).attributes('aria-selected')).toBe('false')
  980 |     expect($rows.at(1).attributes('aria-selected')).toBe('false')
> 981 |     expect($rows.at(2).attributes('aria-selected')).toBe('false')
      |    ^ Duplicate Assert
  982 |     expect($rows.at(3).attributes('aria-selected')).toBe('true')
  983 |
  984 |     // Execute `unselectRow()` method on non-selected row (should not change anything)"
/home/gabriel/Disk/Research/research-javascript-test-smells/repositories/bootstrap-vue-dev/src/components/table/table-selectable.spec.js,Duplicate Assert,"{'line': 981, 'column': 4, 'index': 37418}","  979 |     expect($rows.at(0).attributes('aria-selected')).toBe('false')
  980 |     expect($rows.at(1).attributes('aria-selected')).toBe('false')
> 981 |     expect($rows.at(2).attributes('aria-selected')).toBe('false')
      |    ^ Duplicate Assert
  982 |     expect($rows.at(3).attributes('aria-selected')).toBe('true')
  983 |
  984 |     // Execute `unselectRow()` method on non-selected row (should not change anything)"
/home/gabriel/Disk/Research/research-javascript-test-smells/repositories/bootstrap-vue-dev/src/components/table/table-selectable.spec.js,Duplicate Assert,"{'line': 982, 'column': 4, 'index': 37484}","  980 |     expect($rows.at(1).attributes('aria-selected')).toBe('false')
  981 |     expect($rows.at(2).attributes('aria-selected')).toBe('false')
> 982 |     expect($rows.at(3).attributes('aria-selected')).toBe('true')
      |    ^ Duplicate Assert
  983 |
  984 |     // Execute `unselectRow()` method on non-selected row (should not change anything)
  985 |     wrapper.vm.unselectRow(0)"
/home/gabriel/Disk/Research/research-javascript-test-smells/repositories/bootstrap-vue-dev/src/components/table/table-selectable.spec.js,Duplicate Assert,"{'line': 982, 'column': 4, 'index': 37484}","  980 |     expect($rows.at(1).attributes('aria-selected')).toBe('false')
  981 |     expect($rows.at(2).attributes('aria-selected')).toBe('false')
> 982 |     expect($rows.at(3).attributes('aria-selected')).toBe('true')
      |    ^ Duplicate Assert
  983 |
  984 |     // Execute `unselectRow()` method on non-selected row (should not change anything)
  985 |     wrapper.vm.unselectRow(0)"
/home/gabriel/Disk/Research/research-javascript-test-smells/repositories/bootstrap-vue-dev/src/components/table/table-selectable.spec.js,Duplicate Assert,"{'line': 988, 'column': 4, 'index': 37697}","  986 |     await waitNT(wrapper.vm)
  987 |
> 988 |     expect(wrapper.emitted('row-selected')).toBeDefined()
      |    ^ Duplicate Assert
  989 |     expect(wrapper.emitted('row-selected').length).toBe(2)
  990 |     expect(wrapper.emitted('row-selected')[1][0].length).toBe(1)
  991 |     expect(wrapper.emitted('row-selected')[1][0]).toEqual([testItems[3]])"
/home/gabriel/Disk/Research/research-javascript-test-smells/repositories/bootstrap-vue-dev/src/components/table/table-selectable.spec.js,Duplicate Assert,"{'line': 988, 'column': 4, 'index': 37697}","  986 |     await waitNT(wrapper.vm)
  987 |
> 988 |     expect(wrapper.emitted('row-selected')).toBeDefined()
      |    ^ Duplicate Assert
  989 |     expect(wrapper.emitted('row-selected').length).toBe(2)
  990 |     expect(wrapper.emitted('row-selected')[1][0].length).toBe(1)
  991 |     expect(wrapper.emitted('row-selected')[1][0]).toEqual([testItems[3]])"
/home/gabriel/Disk/Research/research-javascript-test-smells/repositories/bootstrap-vue-dev/src/components/table/table-selectable.spec.js,Duplicate Assert,"{'line': 989, 'column': 4, 'index': 37755}","  987 |
  988 |     expect(wrapper.emitted('row-selected')).toBeDefined()
> 989 |     expect(wrapper.emitted('row-selected').length).toBe(2)
      |    ^ Duplicate Assert
  990 |     expect(wrapper.emitted('row-selected')[1][0].length).toBe(1)
  991 |     expect(wrapper.emitted('row-selected')[1][0]).toEqual([testItems[3]])
  992 |"
/home/gabriel/Disk/Research/research-javascript-test-smells/repositories/bootstrap-vue-dev/src/components/table/table-selectable.spec.js,Duplicate Assert,"{'line': 989, 'column': 4, 'index': 37755}","  987 |
  988 |     expect(wrapper.emitted('row-selected')).toBeDefined()
> 989 |     expect(wrapper.emitted('row-selected').length).toBe(2)
      |    ^ Duplicate Assert
  990 |     expect(wrapper.emitted('row-selected')[1][0].length).toBe(1)
  991 |     expect(wrapper.emitted('row-selected')[1][0]).toEqual([testItems[3]])
  992 |"
/home/gabriel/Disk/Research/research-javascript-test-smells/repositories/bootstrap-vue-dev/src/components/table/table-selectable.spec.js,Duplicate Assert,"{'line': 990, 'column': 4, 'index': 37814}","  988 |     expect(wrapper.emitted('row-selected')).toBeDefined()
  989 |     expect(wrapper.emitted('row-selected').length).toBe(2)
> 990 |     expect(wrapper.emitted('row-selected')[1][0].length).toBe(1)
      |    ^ Duplicate Assert
  991 |     expect(wrapper.emitted('row-selected')[1][0]).toEqual([testItems[3]])
  992 |
  993 |     $rows = wrapper.findAll('tbody > tr')"
/home/gabriel/Disk/Research/research-javascript-test-smells/repositories/bootstrap-vue-dev/src/components/table/table-selectable.spec.js,Duplicate Assert,"{'line': 990, 'column': 4, 'index': 37814}","  988 |     expect(wrapper.emitted('row-selected')).toBeDefined()
  989 |     expect(wrapper.emitted('row-selected').length).toBe(2)
> 990 |     expect(wrapper.emitted('row-selected')[1][0].length).toBe(1)
      |    ^ Duplicate Assert
  991 |     expect(wrapper.emitted('row-selected')[1][0]).toEqual([testItems[3]])
  992 |
  993 |     $rows = wrapper.findAll('tbody > tr')"
/home/gabriel/Disk/Research/research-javascript-test-smells/repositories/bootstrap-vue-dev/src/components/table/table-selectable.spec.js,Duplicate Assert,"{'line': 991, 'column': 4, 'index': 37879}","  989 |     expect(wrapper.emitted('row-selected').length).toBe(2)
  990 |     expect(wrapper.emitted('row-selected')[1][0].length).toBe(1)
> 991 |     expect(wrapper.emitted('row-selected')[1][0]).toEqual([testItems[3]])
      |    ^ Duplicate Assert
  992 |
  993 |     $rows = wrapper.findAll('tbody > tr')
  994 |     expect($rows.wrappers.every(w => w.attributes('tabindex') === '0')).toBe(true)"
/home/gabriel/Disk/Research/research-javascript-test-smells/repositories/bootstrap-vue-dev/src/components/table/table-selectable.spec.js,Duplicate Assert,"{'line': 991, 'column': 4, 'index': 37879}","  989 |     expect(wrapper.emitted('row-selected').length).toBe(2)
  990 |     expect(wrapper.emitted('row-selected')[1][0].length).toBe(1)
> 991 |     expect(wrapper.emitted('row-selected')[1][0]).toEqual([testItems[3]])
      |    ^ Duplicate Assert
  992 |
  993 |     $rows = wrapper.findAll('tbody > tr')
  994 |     expect($rows.wrappers.every(w => w.attributes('tabindex') === '0')).toBe(true)"
/home/gabriel/Disk/Research/research-javascript-test-smells/repositories/bootstrap-vue-dev/src/components/table/table-selectable.spec.js,Duplicate Assert,"{'line': 994, 'column': 4, 'index': 37996}","  992 |
  993 |     $rows = wrapper.findAll('tbody > tr')
> 994 |     expect($rows.wrappers.every(w => w.attributes('tabindex') === '0')).toBe(true)
      |    ^ Duplicate Assert
  995 |     expect($rows.at(0).attributes('aria-selected')).toBe('false')
  996 |     expect($rows.at(1).attributes('aria-selected')).toBe('false')
  997 |     expect($rows.at(2).attributes('aria-selected')).toBe('false')"
/home/gabriel/Disk/Research/research-javascript-test-smells/repositories/bootstrap-vue-dev/src/components/table/table-selectable.spec.js,Duplicate Assert,"{'line': 994, 'column': 4, 'index': 37996}","  992 |
  993 |     $rows = wrapper.findAll('tbody > tr')
> 994 |     expect($rows.wrappers.every(w => w.attributes('tabindex') === '0')).toBe(true)
      |    ^ Duplicate Assert
  995 |     expect($rows.at(0).attributes('aria-selected')).toBe('false')
  996 |     expect($rows.at(1).attributes('aria-selected')).toBe('false')
  997 |     expect($rows.at(2).attributes('aria-selected')).toBe('false')"
/home/gabriel/Disk/Research/research-javascript-test-smells/repositories/bootstrap-vue-dev/src/components/table/table-selectable.spec.js,Duplicate Assert,"{'line': 995, 'column': 4, 'index': 38079}","  993 |     $rows = wrapper.findAll('tbody > tr')
  994 |     expect($rows.wrappers.every(w => w.attributes('tabindex') === '0')).toBe(true)
> 995 |     expect($rows.at(0).attributes('aria-selected')).toBe('false')
      |    ^ Duplicate Assert
  996 |     expect($rows.at(1).attributes('aria-selected')).toBe('false')
  997 |     expect($rows.at(2).attributes('aria-selected')).toBe('false')
  998 |     expect($rows.at(3).attributes('aria-selected')).toBe('true')"
/home/gabriel/Disk/Research/research-javascript-test-smells/repositories/bootstrap-vue-dev/src/components/table/table-selectable.spec.js,Duplicate Assert,"{'line': 995, 'column': 4, 'index': 38079}","  993 |     $rows = wrapper.findAll('tbody > tr')
  994 |     expect($rows.wrappers.every(w => w.attributes('tabindex') === '0')).toBe(true)
> 995 |     expect($rows.at(0).attributes('aria-selected')).toBe('false')
      |    ^ Duplicate Assert
  996 |     expect($rows.at(1).attributes('aria-selected')).toBe('false')
  997 |     expect($rows.at(2).attributes('aria-selected')).toBe('false')
  998 |     expect($rows.at(3).attributes('aria-selected')).toBe('true')"
/home/gabriel/Disk/Research/research-javascript-test-smells/repositories/bootstrap-vue-dev/src/components/table/table-selectable.spec.js,Duplicate Assert,"{'line': 996, 'column': 4, 'index': 38145}","  994 |     expect($rows.wrappers.every(w => w.attributes('tabindex') === '0')).toBe(true)
  995 |     expect($rows.at(0).attributes('aria-selected')).toBe('false')
> 996 |     expect($rows.at(1).attributes('aria-selected')).toBe('false')
      |    ^ Duplicate Assert
  997 |     expect($rows.at(2).attributes('aria-selected')).toBe('false')
  998 |     expect($rows.at(3).attributes('aria-selected')).toBe('true')
  999 |"
/home/gabriel/Disk/Research/research-javascript-test-smells/repositories/bootstrap-vue-dev/src/components/table/table-selectable.spec.js,Duplicate Assert,"{'line': 996, 'column': 4, 'index': 38145}","  994 |     expect($rows.wrappers.every(w => w.attributes('tabindex') === '0')).toBe(true)
  995 |     expect($rows.at(0).attributes('aria-selected')).toBe('false')
> 996 |     expect($rows.at(1).attributes('aria-selected')).toBe('false')
      |    ^ Duplicate Assert
  997 |     expect($rows.at(2).attributes('aria-selected')).toBe('false')
  998 |     expect($rows.at(3).attributes('aria-selected')).toBe('true')
  999 |"
/home/gabriel/Disk/Research/research-javascript-test-smells/repositories/bootstrap-vue-dev/src/components/table/table-selectable.spec.js,Duplicate Assert,"{'line': 997, 'column': 4, 'index': 38211}","   995 |     expect($rows.at(0).attributes('aria-selected')).toBe('false')
   996 |     expect($rows.at(1).attributes('aria-selected')).toBe('false')
>  997 |     expect($rows.at(2).attributes('aria-selected')).toBe('false')
       |    ^ Duplicate Assert
   998 |     expect($rows.at(3).attributes('aria-selected')).toBe('true')
   999 |
  1000 |     // Execute `unselectRow()` method on selected row"
/home/gabriel/Disk/Research/research-javascript-test-smells/repositories/bootstrap-vue-dev/src/components/table/table-selectable.spec.js,Duplicate Assert,"{'line': 997, 'column': 4, 'index': 38211}","   995 |     expect($rows.at(0).attributes('aria-selected')).toBe('false')
   996 |     expect($rows.at(1).attributes('aria-selected')).toBe('false')
>  997 |     expect($rows.at(2).attributes('aria-selected')).toBe('false')
       |    ^ Duplicate Assert
   998 |     expect($rows.at(3).attributes('aria-selected')).toBe('true')
   999 |
  1000 |     // Execute `unselectRow()` method on selected row"
/home/gabriel/Disk/Research/research-javascript-test-smells/repositories/bootstrap-vue-dev/src/components/table/table-selectable.spec.js,Duplicate Assert,"{'line': 998, 'column': 4, 'index': 38277}","   996 |     expect($rows.at(1).attributes('aria-selected')).toBe('false')
   997 |     expect($rows.at(2).attributes('aria-selected')).toBe('false')
>  998 |     expect($rows.at(3).attributes('aria-selected')).toBe('true')
       |    ^ Duplicate Assert
   999 |
  1000 |     // Execute `unselectRow()` method on selected row
  1001 |     wrapper.vm.unselectRow(3)"
/home/gabriel/Disk/Research/research-javascript-test-smells/repositories/bootstrap-vue-dev/src/components/table/table-selectable.spec.js,Duplicate Assert,"{'line': 998, 'column': 4, 'index': 38277}","   996 |     expect($rows.at(1).attributes('aria-selected')).toBe('false')
   997 |     expect($rows.at(2).attributes('aria-selected')).toBe('false')
>  998 |     expect($rows.at(3).attributes('aria-selected')).toBe('true')
       |    ^ Duplicate Assert
   999 |
  1000 |     // Execute `unselectRow()` method on selected row
  1001 |     wrapper.vm.unselectRow(3)"
/home/gabriel/Disk/Research/research-javascript-test-smells/repositories/bootstrap-vue-dev/src/components/table/table-selectable.spec.js,Duplicate Assert,"{'line': 1004, 'column': 4, 'index': 38457}","  1002 |     await waitNT(wrapper.vm)
  1003 |
> 1004 |     expect(wrapper.emitted('row-selected')).toBeDefined()
       |    ^ Duplicate Assert
  1005 |     expect(wrapper.emitted('row-selected').length).toBe(3)
  1006 |     expect(wrapper.emitted('row-selected')[2][0].length).toBe(0)
  1007 |     expect(wrapper.emitted('row-selected')[2][0]).toEqual([])"
/home/gabriel/Disk/Research/research-javascript-test-smells/repositories/bootstrap-vue-dev/src/components/table/table-selectable.spec.js,Duplicate Assert,"{'line': 1004, 'column': 4, 'index': 38457}","  1002 |     await waitNT(wrapper.vm)
  1003 |
> 1004 |     expect(wrapper.emitted('row-selected')).toBeDefined()
       |    ^ Duplicate Assert
  1005 |     expect(wrapper.emitted('row-selected').length).toBe(3)
  1006 |     expect(wrapper.emitted('row-selected')[2][0].length).toBe(0)
  1007 |     expect(wrapper.emitted('row-selected')[2][0]).toEqual([])"
/home/gabriel/Disk/Research/research-javascript-test-smells/repositories/bootstrap-vue-dev/src/components/table/table-selectable.spec.js,Duplicate Assert,"{'line': 1005, 'column': 4, 'index': 38515}","  1003 |
  1004 |     expect(wrapper.emitted('row-selected')).toBeDefined()
> 1005 |     expect(wrapper.emitted('row-selected').length).toBe(3)
       |    ^ Duplicate Assert
  1006 |     expect(wrapper.emitted('row-selected')[2][0].length).toBe(0)
  1007 |     expect(wrapper.emitted('row-selected')[2][0]).toEqual([])
  1008 |"
/home/gabriel/Disk/Research/research-javascript-test-smells/repositories/bootstrap-vue-dev/src/components/table/table-selectable.spec.js,Duplicate Assert,"{'line': 1010, 'column': 4, 'index': 38744}","  1008 |
  1009 |     $rows = wrapper.findAll('tbody > tr')
> 1010 |     expect($rows.wrappers.every(w => w.attributes('tabindex') === '0')).toBe(true)
       |    ^ Duplicate Assert
  1011 |     expect($rows.at(0).attributes('aria-selected')).toBe('false')
  1012 |     expect($rows.at(1).attributes('aria-selected')).toBe('false')
  1013 |     expect($rows.at(2).attributes('aria-selected')).toBe('false')"
/home/gabriel/Disk/Research/research-javascript-test-smells/repositories/bootstrap-vue-dev/src/components/table/table-selectable.spec.js,Duplicate Assert,"{'line': 1010, 'column': 4, 'index': 38744}","  1008 |
  1009 |     $rows = wrapper.findAll('tbody > tr')
> 1010 |     expect($rows.wrappers.every(w => w.attributes('tabindex') === '0')).toBe(true)
       |    ^ Duplicate Assert
  1011 |     expect($rows.at(0).attributes('aria-selected')).toBe('false')
  1012 |     expect($rows.at(1).attributes('aria-selected')).toBe('false')
  1013 |     expect($rows.at(2).attributes('aria-selected')).toBe('false')"
/home/gabriel/Disk/Research/research-javascript-test-smells/repositories/bootstrap-vue-dev/src/components/table/table-selectable.spec.js,Duplicate Assert,"{'line': 1011, 'column': 4, 'index': 38827}","  1009 |     $rows = wrapper.findAll('tbody > tr')
  1010 |     expect($rows.wrappers.every(w => w.attributes('tabindex') === '0')).toBe(true)
> 1011 |     expect($rows.at(0).attributes('aria-selected')).toBe('false')
       |    ^ Duplicate Assert
  1012 |     expect($rows.at(1).attributes('aria-selected')).toBe('false')
  1013 |     expect($rows.at(2).attributes('aria-selected')).toBe('false')
  1014 |     expect($rows.at(3).attributes('aria-selected')).toBe('false')"
/home/gabriel/Disk/Research/research-javascript-test-smells/repositories/bootstrap-vue-dev/src/components/table/table-selectable.spec.js,Duplicate Assert,"{'line': 1011, 'column': 4, 'index': 38827}","  1009 |     $rows = wrapper.findAll('tbody > tr')
  1010 |     expect($rows.wrappers.every(w => w.attributes('tabindex') === '0')).toBe(true)
> 1011 |     expect($rows.at(0).attributes('aria-selected')).toBe('false')
       |    ^ Duplicate Assert
  1012 |     expect($rows.at(1).attributes('aria-selected')).toBe('false')
  1013 |     expect($rows.at(2).attributes('aria-selected')).toBe('false')
  1014 |     expect($rows.at(3).attributes('aria-selected')).toBe('false')"
/home/gabriel/Disk/Research/research-javascript-test-smells/repositories/bootstrap-vue-dev/src/components/table/table-selectable.spec.js,Duplicate Assert,"{'line': 1012, 'column': 4, 'index': 38893}","  1010 |     expect($rows.wrappers.every(w => w.attributes('tabindex') === '0')).toBe(true)
  1011 |     expect($rows.at(0).attributes('aria-selected')).toBe('false')
> 1012 |     expect($rows.at(1).attributes('aria-selected')).toBe('false')
       |    ^ Duplicate Assert
  1013 |     expect($rows.at(2).attributes('aria-selected')).toBe('false')
  1014 |     expect($rows.at(3).attributes('aria-selected')).toBe('false')
  1015 |"
/home/gabriel/Disk/Research/research-javascript-test-smells/repositories/bootstrap-vue-dev/src/components/table/table-selectable.spec.js,Duplicate Assert,"{'line': 1012, 'column': 4, 'index': 38893}","  1010 |     expect($rows.wrappers.every(w => w.attributes('tabindex') === '0')).toBe(true)
  1011 |     expect($rows.at(0).attributes('aria-selected')).toBe('false')
> 1012 |     expect($rows.at(1).attributes('aria-selected')).toBe('false')
       |    ^ Duplicate Assert
  1013 |     expect($rows.at(2).attributes('aria-selected')).toBe('false')
  1014 |     expect($rows.at(3).attributes('aria-selected')).toBe('false')
  1015 |"
/home/gabriel/Disk/Research/research-javascript-test-smells/repositories/bootstrap-vue-dev/src/components/table/table-selectable.spec.js,Duplicate Assert,"{'line': 1013, 'column': 4, 'index': 38959}","  1011 |     expect($rows.at(0).attributes('aria-selected')).toBe('false')
  1012 |     expect($rows.at(1).attributes('aria-selected')).toBe('false')
> 1013 |     expect($rows.at(2).attributes('aria-selected')).toBe('false')
       |    ^ Duplicate Assert
  1014 |     expect($rows.at(3).attributes('aria-selected')).toBe('false')
  1015 |
  1016 |     wrapper.destroy()"
/home/gabriel/Disk/Research/research-javascript-test-smells/repositories/bootstrap-vue-dev/src/components/table/table-selectable.spec.js,Duplicate Assert,"{'line': 1013, 'column': 4, 'index': 38959}","  1011 |     expect($rows.at(0).attributes('aria-selected')).toBe('false')
  1012 |     expect($rows.at(1).attributes('aria-selected')).toBe('false')
> 1013 |     expect($rows.at(2).attributes('aria-selected')).toBe('false')
       |    ^ Duplicate Assert
  1014 |     expect($rows.at(3).attributes('aria-selected')).toBe('false')
  1015 |
  1016 |     wrapper.destroy()"
/home/gabriel/Disk/Research/research-javascript-test-smells/repositories/bootstrap-vue-dev/src/components/table/table-selectable.spec.js,Duplicate Assert,"{'line': 1014, 'column': 4, 'index': 39025}","  1012 |     expect($rows.at(1).attributes('aria-selected')).toBe('false')
  1013 |     expect($rows.at(2).attributes('aria-selected')).toBe('false')
> 1014 |     expect($rows.at(3).attributes('aria-selected')).toBe('false')
       |    ^ Duplicate Assert
  1015 |
  1016 |     wrapper.destroy()
  1017 |   })"
/home/gabriel/Disk/Research/research-javascript-test-smells/repositories/bootstrap-vue-dev/src/components/table/table-selectable.spec.js,Duplicate Assert,"{'line': 1014, 'column': 4, 'index': 39025}","  1012 |     expect($rows.at(1).attributes('aria-selected')).toBe('false')
  1013 |     expect($rows.at(2).attributes('aria-selected')).toBe('false')
> 1014 |     expect($rows.at(3).attributes('aria-selected')).toBe('false')
       |    ^ Duplicate Assert
  1015 |
  1016 |     wrapper.destroy()
  1017 |   })"
/home/gabriel/Disk/Research/research-javascript-test-smells/repositories/bootstrap-vue-dev/src/components/table/table-selectable.spec.js,Duplicate Assert,"{'line': 1032, 'column': 4, 'index': 39446}","  1030 |     await waitNT(wrapper.vm)
  1031 |
> 1032 |     expect(wrapper.emitted('row-selected')).toBeUndefined()
       |    ^ Duplicate Assert
  1033 |
  1034 |     // Execute `selectRow()` method (second row)
  1035 |     wrapper.vm.selectRow(1)"
/home/gabriel/Disk/Research/research-javascript-test-smells/repositories/bootstrap-vue-dev/src/components/table/table-selectable.spec.js,Duplicate Assert,"{'line': 1038, 'column': 4, 'index': 39614}","  1036 |     await waitNT(wrapper.vm)
  1037 |
> 1038 |     expect(wrapper.emitted('row-selected')).toBeDefined()
       |    ^ Duplicate Assert
  1039 |     expect(wrapper.emitted('row-selected').length).toBe(1)
  1040 |     expect(wrapper.emitted('row-selected')[0][0].length).toBe(1)
  1041 |     expect(wrapper.emitted('row-selected')[0][0]).toEqual([testItems[1]])"
/home/gabriel/Disk/Research/research-javascript-test-smells/repositories/bootstrap-vue-dev/src/components/table/table-selectable.spec.js,Duplicate Assert,"{'line': 1038, 'column': 4, 'index': 39614}","  1036 |     await waitNT(wrapper.vm)
  1037 |
> 1038 |     expect(wrapper.emitted('row-selected')).toBeDefined()
       |    ^ Duplicate Assert
  1039 |     expect(wrapper.emitted('row-selected').length).toBe(1)
  1040 |     expect(wrapper.emitted('row-selected')[0][0].length).toBe(1)
  1041 |     expect(wrapper.emitted('row-selected')[0][0]).toEqual([testItems[1]])"
/home/gabriel/Disk/Research/research-javascript-test-smells/repositories/bootstrap-vue-dev/src/components/table/table-selectable.spec.js,Duplicate Assert,"{'line': 1039, 'column': 4, 'index': 39672}","  1037 |
  1038 |     expect(wrapper.emitted('row-selected')).toBeDefined()
> 1039 |     expect(wrapper.emitted('row-selected').length).toBe(1)
       |    ^ Duplicate Assert
  1040 |     expect(wrapper.emitted('row-selected')[0][0].length).toBe(1)
  1041 |     expect(wrapper.emitted('row-selected')[0][0]).toEqual([testItems[1]])
  1042 |"
/home/gabriel/Disk/Research/research-javascript-test-smells/repositories/bootstrap-vue-dev/src/components/table/table-selectable.spec.js,Duplicate Assert,"{'line': 1044, 'column': 4, 'index': 39917}","  1042 |
  1043 |     let $rows = wrapper.findAll('tbody > tr')
> 1044 |     expect($rows.wrappers.every(w => w.attributes('tabindex') === '0')).toBe(true)
       |    ^ Duplicate Assert
  1045 |     expect($rows.at(0).attributes('aria-selected')).toBe('false')
  1046 |     expect($rows.at(1).attributes('aria-selected')).toBe('true')
  1047 |     expect($rows.at(2).attributes('aria-selected')).toBe('false')"
/home/gabriel/Disk/Research/research-javascript-test-smells/repositories/bootstrap-vue-dev/src/components/table/table-selectable.spec.js,Duplicate Assert,"{'line': 1044, 'column': 4, 'index': 39917}","  1042 |
  1043 |     let $rows = wrapper.findAll('tbody > tr')
> 1044 |     expect($rows.wrappers.every(w => w.attributes('tabindex') === '0')).toBe(true)
       |    ^ Duplicate Assert
  1045 |     expect($rows.at(0).attributes('aria-selected')).toBe('false')
  1046 |     expect($rows.at(1).attributes('aria-selected')).toBe('true')
  1047 |     expect($rows.at(2).attributes('aria-selected')).toBe('false')"
/home/gabriel/Disk/Research/research-javascript-test-smells/repositories/bootstrap-vue-dev/src/components/table/table-selectable.spec.js,Duplicate Assert,"{'line': 1045, 'column': 4, 'index': 40000}","  1043 |     let $rows = wrapper.findAll('tbody > tr')
  1044 |     expect($rows.wrappers.every(w => w.attributes('tabindex') === '0')).toBe(true)
> 1045 |     expect($rows.at(0).attributes('aria-selected')).toBe('false')
       |    ^ Duplicate Assert
  1046 |     expect($rows.at(1).attributes('aria-selected')).toBe('true')
  1047 |     expect($rows.at(2).attributes('aria-selected')).toBe('false')
  1048 |     expect($rows.at(3).attributes('aria-selected')).toBe('false')"
/home/gabriel/Disk/Research/research-javascript-test-smells/repositories/bootstrap-vue-dev/src/components/table/table-selectable.spec.js,Duplicate Assert,"{'line': 1045, 'column': 4, 'index': 40000}","  1043 |     let $rows = wrapper.findAll('tbody > tr')
  1044 |     expect($rows.wrappers.every(w => w.attributes('tabindex') === '0')).toBe(true)
> 1045 |     expect($rows.at(0).attributes('aria-selected')).toBe('false')
       |    ^ Duplicate Assert
  1046 |     expect($rows.at(1).attributes('aria-selected')).toBe('true')
  1047 |     expect($rows.at(2).attributes('aria-selected')).toBe('false')
  1048 |     expect($rows.at(3).attributes('aria-selected')).toBe('false')"
/home/gabriel/Disk/Research/research-javascript-test-smells/repositories/bootstrap-vue-dev/src/components/table/table-selectable.spec.js,Duplicate Assert,"{'line': 1046, 'column': 4, 'index': 40066}","  1044 |     expect($rows.wrappers.every(w => w.attributes('tabindex') === '0')).toBe(true)
  1045 |     expect($rows.at(0).attributes('aria-selected')).toBe('false')
> 1046 |     expect($rows.at(1).attributes('aria-selected')).toBe('true')
       |    ^ Duplicate Assert
  1047 |     expect($rows.at(2).attributes('aria-selected')).toBe('false')
  1048 |     expect($rows.at(3).attributes('aria-selected')).toBe('false')
  1049 |"
/home/gabriel/Disk/Research/research-javascript-test-smells/repositories/bootstrap-vue-dev/src/components/table/table-selectable.spec.js,Duplicate Assert,"{'line': 1046, 'column': 4, 'index': 40066}","  1044 |     expect($rows.wrappers.every(w => w.attributes('tabindex') === '0')).toBe(true)
  1045 |     expect($rows.at(0).attributes('aria-selected')).toBe('false')
> 1046 |     expect($rows.at(1).attributes('aria-selected')).toBe('true')
       |    ^ Duplicate Assert
  1047 |     expect($rows.at(2).attributes('aria-selected')).toBe('false')
  1048 |     expect($rows.at(3).attributes('aria-selected')).toBe('false')
  1049 |"
/home/gabriel/Disk/Research/research-javascript-test-smells/repositories/bootstrap-vue-dev/src/components/table/table-selectable.spec.js,Duplicate Assert,"{'line': 1047, 'column': 4, 'index': 40131}","  1045 |     expect($rows.at(0).attributes('aria-selected')).toBe('false')
  1046 |     expect($rows.at(1).attributes('aria-selected')).toBe('true')
> 1047 |     expect($rows.at(2).attributes('aria-selected')).toBe('false')
       |    ^ Duplicate Assert
  1048 |     expect($rows.at(3).attributes('aria-selected')).toBe('false')
  1049 |
  1050 |     // Execute `selectRow()` method (fourth row)"
/home/gabriel/Disk/Research/research-javascript-test-smells/repositories/bootstrap-vue-dev/src/components/table/table-selectable.spec.js,Duplicate Assert,"{'line': 1047, 'column': 4, 'index': 40131}","  1045 |     expect($rows.at(0).attributes('aria-selected')).toBe('false')
  1046 |     expect($rows.at(1).attributes('aria-selected')).toBe('true')
> 1047 |     expect($rows.at(2).attributes('aria-selected')).toBe('false')
       |    ^ Duplicate Assert
  1048 |     expect($rows.at(3).attributes('aria-selected')).toBe('false')
  1049 |
  1050 |     // Execute `selectRow()` method (fourth row)"
/home/gabriel/Disk/Research/research-javascript-test-smells/repositories/bootstrap-vue-dev/src/components/table/table-selectable.spec.js,Duplicate Assert,"{'line': 1048, 'column': 4, 'index': 40197}","  1046 |     expect($rows.at(1).attributes('aria-selected')).toBe('true')
  1047 |     expect($rows.at(2).attributes('aria-selected')).toBe('false')
> 1048 |     expect($rows.at(3).attributes('aria-selected')).toBe('false')
       |    ^ Duplicate Assert
  1049 |
  1050 |     // Execute `selectRow()` method (fourth row)
  1051 |     wrapper.vm.selectRow(3)"
/home/gabriel/Disk/Research/research-javascript-test-smells/repositories/bootstrap-vue-dev/src/components/table/table-selectable.spec.js,Duplicate Assert,"{'line': 1048, 'column': 4, 'index': 40197}","  1046 |     expect($rows.at(1).attributes('aria-selected')).toBe('true')
  1047 |     expect($rows.at(2).attributes('aria-selected')).toBe('false')
> 1048 |     expect($rows.at(3).attributes('aria-selected')).toBe('false')
       |    ^ Duplicate Assert
  1049 |
  1050 |     // Execute `selectRow()` method (fourth row)
  1051 |     wrapper.vm.selectRow(3)"
/home/gabriel/Disk/Research/research-javascript-test-smells/repositories/bootstrap-vue-dev/src/components/table/table-selectable.spec.js,Duplicate Assert,"{'line': 1054, 'column': 4, 'index': 40371}","  1052 |     await waitNT(wrapper.vm)
  1053 |
> 1054 |     expect(wrapper.emitted('row-selected')).toBeDefined()
       |    ^ Duplicate Assert
  1055 |     expect(wrapper.emitted('row-selected').length).toBe(2)
  1056 |     expect(wrapper.emitted('row-selected')[1][0].length).toBe(2)
  1057 |     expect(wrapper.emitted('row-selected')[1][0]).toEqual([testItems[1], testItems[3]])"
/home/gabriel/Disk/Research/research-javascript-test-smells/repositories/bootstrap-vue-dev/src/components/table/table-selectable.spec.js,Duplicate Assert,"{'line': 1054, 'column': 4, 'index': 40371}","  1052 |     await waitNT(wrapper.vm)
  1053 |
> 1054 |     expect(wrapper.emitted('row-selected')).toBeDefined()
       |    ^ Duplicate Assert
  1055 |     expect(wrapper.emitted('row-selected').length).toBe(2)
  1056 |     expect(wrapper.emitted('row-selected')[1][0].length).toBe(2)
  1057 |     expect(wrapper.emitted('row-selected')[1][0]).toEqual([testItems[1], testItems[3]])"
/home/gabriel/Disk/Research/research-javascript-test-smells/repositories/bootstrap-vue-dev/src/components/table/table-selectable.spec.js,Duplicate Assert,"{'line': 1055, 'column': 4, 'index': 40429}","  1053 |
  1054 |     expect(wrapper.emitted('row-selected')).toBeDefined()
> 1055 |     expect(wrapper.emitted('row-selected').length).toBe(2)
       |    ^ Duplicate Assert
  1056 |     expect(wrapper.emitted('row-selected')[1][0].length).toBe(2)
  1057 |     expect(wrapper.emitted('row-selected')[1][0]).toEqual([testItems[1], testItems[3]])
  1058 |"
/home/gabriel/Disk/Research/research-javascript-test-smells/repositories/bootstrap-vue-dev/src/components/table/table-selectable.spec.js,Duplicate Assert,"{'line': 1055, 'column': 4, 'index': 40429}","  1053 |
  1054 |     expect(wrapper.emitted('row-selected')).toBeDefined()
> 1055 |     expect(wrapper.emitted('row-selected').length).toBe(2)
       |    ^ Duplicate Assert
  1056 |     expect(wrapper.emitted('row-selected')[1][0].length).toBe(2)
  1057 |     expect(wrapper.emitted('row-selected')[1][0]).toEqual([testItems[1], testItems[3]])
  1058 |"
/home/gabriel/Disk/Research/research-javascript-test-smells/repositories/bootstrap-vue-dev/src/components/table/table-selectable.spec.js,Duplicate Assert,"{'line': 1056, 'column': 4, 'index': 40488}","  1054 |     expect(wrapper.emitted('row-selected')).toBeDefined()
  1055 |     expect(wrapper.emitted('row-selected').length).toBe(2)
> 1056 |     expect(wrapper.emitted('row-selected')[1][0].length).toBe(2)
       |    ^ Duplicate Assert
  1057 |     expect(wrapper.emitted('row-selected')[1][0]).toEqual([testItems[1], testItems[3]])
  1058 |
  1059 |     $rows = wrapper.findAll('tbody > tr')"
/home/gabriel/Disk/Research/research-javascript-test-smells/repositories/bootstrap-vue-dev/src/components/table/table-selectable.spec.js,Duplicate Assert,"{'line': 1056, 'column': 4, 'index': 40488}","  1054 |     expect(wrapper.emitted('row-selected')).toBeDefined()
  1055 |     expect(wrapper.emitted('row-selected').length).toBe(2)
> 1056 |     expect(wrapper.emitted('row-selected')[1][0].length).toBe(2)
       |    ^ Duplicate Assert
  1057 |     expect(wrapper.emitted('row-selected')[1][0]).toEqual([testItems[1], testItems[3]])
  1058 |
  1059 |     $rows = wrapper.findAll('tbody > tr')"
/home/gabriel/Disk/Research/research-javascript-test-smells/repositories/bootstrap-vue-dev/src/components/table/table-selectable.spec.js,Duplicate Assert,"{'line': 1057, 'column': 4, 'index': 40553}","  1055 |     expect(wrapper.emitted('row-selected').length).toBe(2)
  1056 |     expect(wrapper.emitted('row-selected')[1][0].length).toBe(2)
> 1057 |     expect(wrapper.emitted('row-selected')[1][0]).toEqual([testItems[1], testItems[3]])
       |    ^ Duplicate Assert
  1058 |
  1059 |     $rows = wrapper.findAll('tbody > tr')
  1060 |     expect($rows.wrappers.every(w => w.attributes('tabindex') === '0')).toBe(true)"
/home/gabriel/Disk/Research/research-javascript-test-smells/repositories/bootstrap-vue-dev/src/components/table/table-selectable.spec.js,Duplicate Assert,"{'line': 1057, 'column': 4, 'index': 40553}","  1055 |     expect(wrapper.emitted('row-selected').length).toBe(2)
  1056 |     expect(wrapper.emitted('row-selected')[1][0].length).toBe(2)
> 1057 |     expect(wrapper.emitted('row-selected')[1][0]).toEqual([testItems[1], testItems[3]])
       |    ^ Duplicate Assert
  1058 |
  1059 |     $rows = wrapper.findAll('tbody > tr')
  1060 |     expect($rows.wrappers.every(w => w.attributes('tabindex') === '0')).toBe(true)"
/home/gabriel/Disk/Research/research-javascript-test-smells/repositories/bootstrap-vue-dev/src/components/table/table-selectable.spec.js,Duplicate Assert,"{'line': 1060, 'column': 4, 'index': 40684}","  1058 |
  1059 |     $rows = wrapper.findAll('tbody > tr')
> 1060 |     expect($rows.wrappers.every(w => w.attributes('tabindex') === '0')).toBe(true)
       |    ^ Duplicate Assert
  1061 |     expect($rows.at(0).attributes('aria-selected')).toBe('false')
  1062 |     expect($rows.at(1).attributes('aria-selected')).toBe('true')
  1063 |     expect($rows.at(2).attributes('aria-selected')).toBe('false')"
/home/gabriel/Disk/Research/research-javascript-test-smells/repositories/bootstrap-vue-dev/src/components/table/table-selectable.spec.js,Duplicate Assert,"{'line': 1060, 'column': 4, 'index': 40684}","  1058 |
  1059 |     $rows = wrapper.findAll('tbody > tr')
> 1060 |     expect($rows.wrappers.every(w => w.attributes('tabindex') === '0')).toBe(true)
       |    ^ Duplicate Assert
  1061 |     expect($rows.at(0).attributes('aria-selected')).toBe('false')
  1062 |     expect($rows.at(1).attributes('aria-selected')).toBe('true')
  1063 |     expect($rows.at(2).attributes('aria-selected')).toBe('false')"
/home/gabriel/Disk/Research/research-javascript-test-smells/repositories/bootstrap-vue-dev/src/components/table/table-selectable.spec.js,Duplicate Assert,"{'line': 1061, 'column': 4, 'index': 40767}","  1059 |     $rows = wrapper.findAll('tbody > tr')
  1060 |     expect($rows.wrappers.every(w => w.attributes('tabindex') === '0')).toBe(true)
> 1061 |     expect($rows.at(0).attributes('aria-selected')).toBe('false')
       |    ^ Duplicate Assert
  1062 |     expect($rows.at(1).attributes('aria-selected')).toBe('true')
  1063 |     expect($rows.at(2).attributes('aria-selected')).toBe('false')
  1064 |     expect($rows.at(3).attributes('aria-selected')).toBe('true')"
/home/gabriel/Disk/Research/research-javascript-test-smells/repositories/bootstrap-vue-dev/src/components/table/table-selectable.spec.js,Duplicate Assert,"{'line': 1061, 'column': 4, 'index': 40767}","  1059 |     $rows = wrapper.findAll('tbody > tr')
  1060 |     expect($rows.wrappers.every(w => w.attributes('tabindex') === '0')).toBe(true)
> 1061 |     expect($rows.at(0).attributes('aria-selected')).toBe('false')
       |    ^ Duplicate Assert
  1062 |     expect($rows.at(1).attributes('aria-selected')).toBe('true')
  1063 |     expect($rows.at(2).attributes('aria-selected')).toBe('false')
  1064 |     expect($rows.at(3).attributes('aria-selected')).toBe('true')"
/home/gabriel/Disk/Research/research-javascript-test-smells/repositories/bootstrap-vue-dev/src/components/table/table-selectable.spec.js,Duplicate Assert,"{'line': 1062, 'column': 4, 'index': 40833}","  1060 |     expect($rows.wrappers.every(w => w.attributes('tabindex') === '0')).toBe(true)
  1061 |     expect($rows.at(0).attributes('aria-selected')).toBe('false')
> 1062 |     expect($rows.at(1).attributes('aria-selected')).toBe('true')
       |    ^ Duplicate Assert
  1063 |     expect($rows.at(2).attributes('aria-selected')).toBe('false')
  1064 |     expect($rows.at(3).attributes('aria-selected')).toBe('true')
  1065 |"
/home/gabriel/Disk/Research/research-javascript-test-smells/repositories/bootstrap-vue-dev/src/components/table/table-selectable.spec.js,Duplicate Assert,"{'line': 1062, 'column': 4, 'index': 40833}","  1060 |     expect($rows.wrappers.every(w => w.attributes('tabindex') === '0')).toBe(true)
  1061 |     expect($rows.at(0).attributes('aria-selected')).toBe('false')
> 1062 |     expect($rows.at(1).attributes('aria-selected')).toBe('true')
       |    ^ Duplicate Assert
  1063 |     expect($rows.at(2).attributes('aria-selected')).toBe('false')
  1064 |     expect($rows.at(3).attributes('aria-selected')).toBe('true')
  1065 |"
/home/gabriel/Disk/Research/research-javascript-test-smells/repositories/bootstrap-vue-dev/src/components/table/table-selectable.spec.js,Duplicate Assert,"{'line': 1063, 'column': 4, 'index': 40898}","  1061 |     expect($rows.at(0).attributes('aria-selected')).toBe('false')
  1062 |     expect($rows.at(1).attributes('aria-selected')).toBe('true')
> 1063 |     expect($rows.at(2).attributes('aria-selected')).toBe('false')
       |    ^ Duplicate Assert
  1064 |     expect($rows.at(3).attributes('aria-selected')).toBe('true')
  1065 |
  1066 |     // Execute `unselectRow()` method on non-selected row (should not change anything)"
/home/gabriel/Disk/Research/research-javascript-test-smells/repositories/bootstrap-vue-dev/src/components/table/table-selectable.spec.js,Duplicate Assert,"{'line': 1063, 'column': 4, 'index': 40898}","  1061 |     expect($rows.at(0).attributes('aria-selected')).toBe('false')
  1062 |     expect($rows.at(1).attributes('aria-selected')).toBe('true')
> 1063 |     expect($rows.at(2).attributes('aria-selected')).toBe('false')
       |    ^ Duplicate Assert
  1064 |     expect($rows.at(3).attributes('aria-selected')).toBe('true')
  1065 |
  1066 |     // Execute `unselectRow()` method on non-selected row (should not change anything)"
/home/gabriel/Disk/Research/research-javascript-test-smells/repositories/bootstrap-vue-dev/src/components/table/table-selectable.spec.js,Duplicate Assert,"{'line': 1064, 'column': 4, 'index': 40964}","  1062 |     expect($rows.at(1).attributes('aria-selected')).toBe('true')
  1063 |     expect($rows.at(2).attributes('aria-selected')).toBe('false')
> 1064 |     expect($rows.at(3).attributes('aria-selected')).toBe('true')
       |    ^ Duplicate Assert
  1065 |
  1066 |     // Execute `unselectRow()` method on non-selected row (should not change anything)
  1067 |     wrapper.vm.unselectRow(0)"
/home/gabriel/Disk/Research/research-javascript-test-smells/repositories/bootstrap-vue-dev/src/components/table/table-selectable.spec.js,Duplicate Assert,"{'line': 1064, 'column': 4, 'index': 40964}","  1062 |     expect($rows.at(1).attributes('aria-selected')).toBe('true')
  1063 |     expect($rows.at(2).attributes('aria-selected')).toBe('false')
> 1064 |     expect($rows.at(3).attributes('aria-selected')).toBe('true')
       |    ^ Duplicate Assert
  1065 |
  1066 |     // Execute `unselectRow()` method on non-selected row (should not change anything)
  1067 |     wrapper.vm.unselectRow(0)"
/home/gabriel/Disk/Research/research-javascript-test-smells/repositories/bootstrap-vue-dev/src/components/table/table-selectable.spec.js,Duplicate Assert,"{'line': 1070, 'column': 4, 'index': 41177}","  1068 |     await waitNT(wrapper.vm)
  1069 |
> 1070 |     expect(wrapper.emitted('row-selected')).toBeDefined()
       |    ^ Duplicate Assert
  1071 |     expect(wrapper.emitted('row-selected').length).toBe(2)
  1072 |     expect(wrapper.emitted('row-selected')[1][0].length).toBe(2)
  1073 |     expect(wrapper.emitted('row-selected')[1][0]).toEqual([testItems[1], testItems[3]])"
/home/gabriel/Disk/Research/research-javascript-test-smells/repositories/bootstrap-vue-dev/src/components/table/table-selectable.spec.js,Duplicate Assert,"{'line': 1070, 'column': 4, 'index': 41177}","  1068 |     await waitNT(wrapper.vm)
  1069 |
> 1070 |     expect(wrapper.emitted('row-selected')).toBeDefined()
       |    ^ Duplicate Assert
  1071 |     expect(wrapper.emitted('row-selected').length).toBe(2)
  1072 |     expect(wrapper.emitted('row-selected')[1][0].length).toBe(2)
  1073 |     expect(wrapper.emitted('row-selected')[1][0]).toEqual([testItems[1], testItems[3]])"
/home/gabriel/Disk/Research/research-javascript-test-smells/repositories/bootstrap-vue-dev/src/components/table/table-selectable.spec.js,Duplicate Assert,"{'line': 1071, 'column': 4, 'index': 41235}","  1069 |
  1070 |     expect(wrapper.emitted('row-selected')).toBeDefined()
> 1071 |     expect(wrapper.emitted('row-selected').length).toBe(2)
       |    ^ Duplicate Assert
  1072 |     expect(wrapper.emitted('row-selected')[1][0].length).toBe(2)
  1073 |     expect(wrapper.emitted('row-selected')[1][0]).toEqual([testItems[1], testItems[3]])
  1074 |"
/home/gabriel/Disk/Research/research-javascript-test-smells/repositories/bootstrap-vue-dev/src/components/table/table-selectable.spec.js,Duplicate Assert,"{'line': 1071, 'column': 4, 'index': 41235}","  1069 |
  1070 |     expect(wrapper.emitted('row-selected')).toBeDefined()
> 1071 |     expect(wrapper.emitted('row-selected').length).toBe(2)
       |    ^ Duplicate Assert
  1072 |     expect(wrapper.emitted('row-selected')[1][0].length).toBe(2)
  1073 |     expect(wrapper.emitted('row-selected')[1][0]).toEqual([testItems[1], testItems[3]])
  1074 |"
/home/gabriel/Disk/Research/research-javascript-test-smells/repositories/bootstrap-vue-dev/src/components/table/table-selectable.spec.js,Duplicate Assert,"{'line': 1072, 'column': 4, 'index': 41294}","  1070 |     expect(wrapper.emitted('row-selected')).toBeDefined()
  1071 |     expect(wrapper.emitted('row-selected').length).toBe(2)
> 1072 |     expect(wrapper.emitted('row-selected')[1][0].length).toBe(2)
       |    ^ Duplicate Assert
  1073 |     expect(wrapper.emitted('row-selected')[1][0]).toEqual([testItems[1], testItems[3]])
  1074 |
  1075 |     $rows = wrapper.findAll('tbody > tr')"
/home/gabriel/Disk/Research/research-javascript-test-smells/repositories/bootstrap-vue-dev/src/components/table/table-selectable.spec.js,Duplicate Assert,"{'line': 1072, 'column': 4, 'index': 41294}","  1070 |     expect(wrapper.emitted('row-selected')).toBeDefined()
  1071 |     expect(wrapper.emitted('row-selected').length).toBe(2)
> 1072 |     expect(wrapper.emitted('row-selected')[1][0].length).toBe(2)
       |    ^ Duplicate Assert
  1073 |     expect(wrapper.emitted('row-selected')[1][0]).toEqual([testItems[1], testItems[3]])
  1074 |
  1075 |     $rows = wrapper.findAll('tbody > tr')"
/home/gabriel/Disk/Research/research-javascript-test-smells/repositories/bootstrap-vue-dev/src/components/table/table-selectable.spec.js,Duplicate Assert,"{'line': 1073, 'column': 4, 'index': 41359}","  1071 |     expect(wrapper.emitted('row-selected').length).toBe(2)
  1072 |     expect(wrapper.emitted('row-selected')[1][0].length).toBe(2)
> 1073 |     expect(wrapper.emitted('row-selected')[1][0]).toEqual([testItems[1], testItems[3]])
       |    ^ Duplicate Assert
  1074 |
  1075 |     $rows = wrapper.findAll('tbody > tr')
  1076 |     expect($rows.wrappers.every(w => w.attributes('tabindex') === '0')).toBe(true)"
/home/gabriel/Disk/Research/research-javascript-test-smells/repositories/bootstrap-vue-dev/src/components/table/table-selectable.spec.js,Duplicate Assert,"{'line': 1073, 'column': 4, 'index': 41359}","  1071 |     expect(wrapper.emitted('row-selected').length).toBe(2)
  1072 |     expect(wrapper.emitted('row-selected')[1][0].length).toBe(2)
> 1073 |     expect(wrapper.emitted('row-selected')[1][0]).toEqual([testItems[1], testItems[3]])
       |    ^ Duplicate Assert
  1074 |
  1075 |     $rows = wrapper.findAll('tbody > tr')
  1076 |     expect($rows.wrappers.every(w => w.attributes('tabindex') === '0')).toBe(true)"
/home/gabriel/Disk/Research/research-javascript-test-smells/repositories/bootstrap-vue-dev/src/components/table/table-selectable.spec.js,Duplicate Assert,"{'line': 1076, 'column': 4, 'index': 41490}","  1074 |
  1075 |     $rows = wrapper.findAll('tbody > tr')
> 1076 |     expect($rows.wrappers.every(w => w.attributes('tabindex') === '0')).toBe(true)
       |    ^ Duplicate Assert
  1077 |     expect($rows.at(0).attributes('aria-selected')).toBe('false')
  1078 |     expect($rows.at(1).attributes('aria-selected')).toBe('true')
  1079 |     expect($rows.at(2).attributes('aria-selected')).toBe('false')"
/home/gabriel/Disk/Research/research-javascript-test-smells/repositories/bootstrap-vue-dev/src/components/table/table-selectable.spec.js,Duplicate Assert,"{'line': 1076, 'column': 4, 'index': 41490}","  1074 |
  1075 |     $rows = wrapper.findAll('tbody > tr')
> 1076 |     expect($rows.wrappers.every(w => w.attributes('tabindex') === '0')).toBe(true)
       |    ^ Duplicate Assert
  1077 |     expect($rows.at(0).attributes('aria-selected')).toBe('false')
  1078 |     expect($rows.at(1).attributes('aria-selected')).toBe('true')
  1079 |     expect($rows.at(2).attributes('aria-selected')).toBe('false')"
/home/gabriel/Disk/Research/research-javascript-test-smells/repositories/bootstrap-vue-dev/src/components/table/table-selectable.spec.js,Duplicate Assert,"{'line': 1077, 'column': 4, 'index': 41573}","  1075 |     $rows = wrapper.findAll('tbody > tr')
  1076 |     expect($rows.wrappers.every(w => w.attributes('tabindex') === '0')).toBe(true)
> 1077 |     expect($rows.at(0).attributes('aria-selected')).toBe('false')
       |    ^ Duplicate Assert
  1078 |     expect($rows.at(1).attributes('aria-selected')).toBe('true')
  1079 |     expect($rows.at(2).attributes('aria-selected')).toBe('false')
  1080 |     expect($rows.at(3).attributes('aria-selected')).toBe('true')"
/home/gabriel/Disk/Research/research-javascript-test-smells/repositories/bootstrap-vue-dev/src/components/table/table-selectable.spec.js,Duplicate Assert,"{'line': 1077, 'column': 4, 'index': 41573}","  1075 |     $rows = wrapper.findAll('tbody > tr')
  1076 |     expect($rows.wrappers.every(w => w.attributes('tabindex') === '0')).toBe(true)
> 1077 |     expect($rows.at(0).attributes('aria-selected')).toBe('false')
       |    ^ Duplicate Assert
  1078 |     expect($rows.at(1).attributes('aria-selected')).toBe('true')
  1079 |     expect($rows.at(2).attributes('aria-selected')).toBe('false')
  1080 |     expect($rows.at(3).attributes('aria-selected')).toBe('true')"
/home/gabriel/Disk/Research/research-javascript-test-smells/repositories/bootstrap-vue-dev/src/components/table/table-selectable.spec.js,Duplicate Assert,"{'line': 1078, 'column': 4, 'index': 41639}","  1076 |     expect($rows.wrappers.every(w => w.attributes('tabindex') === '0')).toBe(true)
  1077 |     expect($rows.at(0).attributes('aria-selected')).toBe('false')
> 1078 |     expect($rows.at(1).attributes('aria-selected')).toBe('true')
       |    ^ Duplicate Assert
  1079 |     expect($rows.at(2).attributes('aria-selected')).toBe('false')
  1080 |     expect($rows.at(3).attributes('aria-selected')).toBe('true')
  1081 |"
/home/gabriel/Disk/Research/research-javascript-test-smells/repositories/bootstrap-vue-dev/src/components/table/table-selectable.spec.js,Duplicate Assert,"{'line': 1078, 'column': 4, 'index': 41639}","  1076 |     expect($rows.wrappers.every(w => w.attributes('tabindex') === '0')).toBe(true)
  1077 |     expect($rows.at(0).attributes('aria-selected')).toBe('false')
> 1078 |     expect($rows.at(1).attributes('aria-selected')).toBe('true')
       |    ^ Duplicate Assert
  1079 |     expect($rows.at(2).attributes('aria-selected')).toBe('false')
  1080 |     expect($rows.at(3).attributes('aria-selected')).toBe('true')
  1081 |"
/home/gabriel/Disk/Research/research-javascript-test-smells/repositories/bootstrap-vue-dev/src/components/table/table-selectable.spec.js,Duplicate Assert,"{'line': 1079, 'column': 4, 'index': 41704}","  1077 |     expect($rows.at(0).attributes('aria-selected')).toBe('false')
  1078 |     expect($rows.at(1).attributes('aria-selected')).toBe('true')
> 1079 |     expect($rows.at(2).attributes('aria-selected')).toBe('false')
       |    ^ Duplicate Assert
  1080 |     expect($rows.at(3).attributes('aria-selected')).toBe('true')
  1081 |
  1082 |     // Execute `unselectRow()` method on selected row"
/home/gabriel/Disk/Research/research-javascript-test-smells/repositories/bootstrap-vue-dev/src/components/table/table-selectable.spec.js,Duplicate Assert,"{'line': 1079, 'column': 4, 'index': 41704}","  1077 |     expect($rows.at(0).attributes('aria-selected')).toBe('false')
  1078 |     expect($rows.at(1).attributes('aria-selected')).toBe('true')
> 1079 |     expect($rows.at(2).attributes('aria-selected')).toBe('false')
       |    ^ Duplicate Assert
  1080 |     expect($rows.at(3).attributes('aria-selected')).toBe('true')
  1081 |
  1082 |     // Execute `unselectRow()` method on selected row"
/home/gabriel/Disk/Research/research-javascript-test-smells/repositories/bootstrap-vue-dev/src/components/table/table-selectable.spec.js,Duplicate Assert,"{'line': 1080, 'column': 4, 'index': 41770}","  1078 |     expect($rows.at(1).attributes('aria-selected')).toBe('true')
  1079 |     expect($rows.at(2).attributes('aria-selected')).toBe('false')
> 1080 |     expect($rows.at(3).attributes('aria-selected')).toBe('true')
       |    ^ Duplicate Assert
  1081 |
  1082 |     // Execute `unselectRow()` method on selected row
  1083 |     wrapper.vm.unselectRow(3)"
/home/gabriel/Disk/Research/research-javascript-test-smells/repositories/bootstrap-vue-dev/src/components/table/table-selectable.spec.js,Duplicate Assert,"{'line': 1080, 'column': 4, 'index': 41770}","  1078 |     expect($rows.at(1).attributes('aria-selected')).toBe('true')
  1079 |     expect($rows.at(2).attributes('aria-selected')).toBe('false')
> 1080 |     expect($rows.at(3).attributes('aria-selected')).toBe('true')
       |    ^ Duplicate Assert
  1081 |
  1082 |     // Execute `unselectRow()` method on selected row
  1083 |     wrapper.vm.unselectRow(3)"
/home/gabriel/Disk/Research/research-javascript-test-smells/repositories/bootstrap-vue-dev/src/components/table/table-selectable.spec.js,Duplicate Assert,"{'line': 1086, 'column': 4, 'index': 41950}","  1084 |     await waitNT(wrapper.vm)
  1085 |
> 1086 |     expect(wrapper.emitted('row-selected')).toBeDefined()
       |    ^ Duplicate Assert
  1087 |     expect(wrapper.emitted('row-selected').length).toBe(3)
  1088 |     expect(wrapper.emitted('row-selected')[2][0].length).toBe(1)
  1089 |     expect(wrapper.emitted('row-selected')[2][0]).toEqual([testItems[1]])"
/home/gabriel/Disk/Research/research-javascript-test-smells/repositories/bootstrap-vue-dev/src/components/table/table-selectable.spec.js,Duplicate Assert,"{'line': 1086, 'column': 4, 'index': 41950}","  1084 |     await waitNT(wrapper.vm)
  1085 |
> 1086 |     expect(wrapper.emitted('row-selected')).toBeDefined()
       |    ^ Duplicate Assert
  1087 |     expect(wrapper.emitted('row-selected').length).toBe(3)
  1088 |     expect(wrapper.emitted('row-selected')[2][0].length).toBe(1)
  1089 |     expect(wrapper.emitted('row-selected')[2][0]).toEqual([testItems[1]])"
/home/gabriel/Disk/Research/research-javascript-test-smells/repositories/bootstrap-vue-dev/src/components/table/table-selectable.spec.js,Duplicate Assert,"{'line': 1087, 'column': 4, 'index': 42008}","  1085 |
  1086 |     expect(wrapper.emitted('row-selected')).toBeDefined()
> 1087 |     expect(wrapper.emitted('row-selected').length).toBe(3)
       |    ^ Duplicate Assert
  1088 |     expect(wrapper.emitted('row-selected')[2][0].length).toBe(1)
  1089 |     expect(wrapper.emitted('row-selected')[2][0]).toEqual([testItems[1]])
  1090 |"
/home/gabriel/Disk/Research/research-javascript-test-smells/repositories/bootstrap-vue-dev/src/components/table/table-selectable.spec.js,Duplicate Assert,"{'line': 1092, 'column': 4, 'index': 42249}","  1090 |
  1091 |     $rows = wrapper.findAll('tbody > tr')
> 1092 |     expect($rows.wrappers.every(w => w.attributes('tabindex') === '0')).toBe(true)
       |    ^ Duplicate Assert
  1093 |     expect($rows.at(0).attributes('aria-selected')).toBe('false')
  1094 |     expect($rows.at(1).attributes('aria-selected')).toBe('true')
  1095 |     expect($rows.at(2).attributes('aria-selected')).toBe('false')"
/home/gabriel/Disk/Research/research-javascript-test-smells/repositories/bootstrap-vue-dev/src/components/table/table-selectable.spec.js,Duplicate Assert,"{'line': 1092, 'column': 4, 'index': 42249}","  1090 |
  1091 |     $rows = wrapper.findAll('tbody > tr')
> 1092 |     expect($rows.wrappers.every(w => w.attributes('tabindex') === '0')).toBe(true)
       |    ^ Duplicate Assert
  1093 |     expect($rows.at(0).attributes('aria-selected')).toBe('false')
  1094 |     expect($rows.at(1).attributes('aria-selected')).toBe('true')
  1095 |     expect($rows.at(2).attributes('aria-selected')).toBe('false')"
/home/gabriel/Disk/Research/research-javascript-test-smells/repositories/bootstrap-vue-dev/src/components/table/table-selectable.spec.js,Duplicate Assert,"{'line': 1093, 'column': 4, 'index': 42332}","  1091 |     $rows = wrapper.findAll('tbody > tr')
  1092 |     expect($rows.wrappers.every(w => w.attributes('tabindex') === '0')).toBe(true)
> 1093 |     expect($rows.at(0).attributes('aria-selected')).toBe('false')
       |    ^ Duplicate Assert
  1094 |     expect($rows.at(1).attributes('aria-selected')).toBe('true')
  1095 |     expect($rows.at(2).attributes('aria-selected')).toBe('false')
  1096 |     expect($rows.at(3).attributes('aria-selected')).toBe('false')"
/home/gabriel/Disk/Research/research-javascript-test-smells/repositories/bootstrap-vue-dev/src/components/table/table-selectable.spec.js,Duplicate Assert,"{'line': 1093, 'column': 4, 'index': 42332}","  1091 |     $rows = wrapper.findAll('tbody > tr')
  1092 |     expect($rows.wrappers.every(w => w.attributes('tabindex') === '0')).toBe(true)
> 1093 |     expect($rows.at(0).attributes('aria-selected')).toBe('false')
       |    ^ Duplicate Assert
  1094 |     expect($rows.at(1).attributes('aria-selected')).toBe('true')
  1095 |     expect($rows.at(2).attributes('aria-selected')).toBe('false')
  1096 |     expect($rows.at(3).attributes('aria-selected')).toBe('false')"
/home/gabriel/Disk/Research/research-javascript-test-smells/repositories/bootstrap-vue-dev/src/components/table/table-selectable.spec.js,Duplicate Assert,"{'line': 1094, 'column': 4, 'index': 42398}","  1092 |     expect($rows.wrappers.every(w => w.attributes('tabindex') === '0')).toBe(true)
  1093 |     expect($rows.at(0).attributes('aria-selected')).toBe('false')
> 1094 |     expect($rows.at(1).attributes('aria-selected')).toBe('true')
       |    ^ Duplicate Assert
  1095 |     expect($rows.at(2).attributes('aria-selected')).toBe('false')
  1096 |     expect($rows.at(3).attributes('aria-selected')).toBe('false')
  1097 |"
/home/gabriel/Disk/Research/research-javascript-test-smells/repositories/bootstrap-vue-dev/src/components/table/table-selectable.spec.js,Duplicate Assert,"{'line': 1094, 'column': 4, 'index': 42398}","  1092 |     expect($rows.wrappers.every(w => w.attributes('tabindex') === '0')).toBe(true)
  1093 |     expect($rows.at(0).attributes('aria-selected')).toBe('false')
> 1094 |     expect($rows.at(1).attributes('aria-selected')).toBe('true')
       |    ^ Duplicate Assert
  1095 |     expect($rows.at(2).attributes('aria-selected')).toBe('false')
  1096 |     expect($rows.at(3).attributes('aria-selected')).toBe('false')
  1097 |"
/home/gabriel/Disk/Research/research-javascript-test-smells/repositories/bootstrap-vue-dev/src/components/table/table-selectable.spec.js,Duplicate Assert,"{'line': 1095, 'column': 4, 'index': 42463}","  1093 |     expect($rows.at(0).attributes('aria-selected')).toBe('false')
  1094 |     expect($rows.at(1).attributes('aria-selected')).toBe('true')
> 1095 |     expect($rows.at(2).attributes('aria-selected')).toBe('false')
       |    ^ Duplicate Assert
  1096 |     expect($rows.at(3).attributes('aria-selected')).toBe('false')
  1097 |
  1098 |     wrapper.destroy()"
/home/gabriel/Disk/Research/research-javascript-test-smells/repositories/bootstrap-vue-dev/src/components/table/table-selectable.spec.js,Duplicate Assert,"{'line': 1095, 'column': 4, 'index': 42463}","  1093 |     expect($rows.at(0).attributes('aria-selected')).toBe('false')
  1094 |     expect($rows.at(1).attributes('aria-selected')).toBe('true')
> 1095 |     expect($rows.at(2).attributes('aria-selected')).toBe('false')
       |    ^ Duplicate Assert
  1096 |     expect($rows.at(3).attributes('aria-selected')).toBe('false')
  1097 |
  1098 |     wrapper.destroy()"
/home/gabriel/Disk/Research/research-javascript-test-smells/repositories/bootstrap-vue-dev/src/components/table/table-selectable.spec.js,Duplicate Assert,"{'line': 1096, 'column': 4, 'index': 42529}","  1094 |     expect($rows.at(1).attributes('aria-selected')).toBe('true')
  1095 |     expect($rows.at(2).attributes('aria-selected')).toBe('false')
> 1096 |     expect($rows.at(3).attributes('aria-selected')).toBe('false')
       |    ^ Duplicate Assert
  1097 |
  1098 |     wrapper.destroy()
  1099 |   })"
/home/gabriel/Disk/Research/research-javascript-test-smells/repositories/bootstrap-vue-dev/src/components/table/table-selectable.spec.js,Duplicate Assert,"{'line': 1096, 'column': 4, 'index': 42529}","  1094 |     expect($rows.at(1).attributes('aria-selected')).toBe('true')
  1095 |     expect($rows.at(2).attributes('aria-selected')).toBe('false')
> 1096 |     expect($rows.at(3).attributes('aria-selected')).toBe('false')
       |    ^ Duplicate Assert
  1097 |
  1098 |     wrapper.destroy()
  1099 |   })"
/home/gabriel/Disk/Research/research-javascript-test-smells/repositories/bootstrap-vue-dev/src/components/table/table-selectable.spec.js,Duplicate Assert,"{'line': 1114, 'column': 4, 'index': 42950}","  1112 |     await waitNT(wrapper.vm)
  1113 |
> 1114 |     expect(wrapper.emitted('row-selected')).toBeUndefined()
       |    ^ Duplicate Assert
  1115 |
  1116 |     // Execute `selectRow()` method (second row)
  1117 |     wrapper.vm.selectRow(1)"
/home/gabriel/Disk/Research/research-javascript-test-smells/repositories/bootstrap-vue-dev/src/components/table/table-selectable.spec.js,Duplicate Assert,"{'line': 1120, 'column': 4, 'index': 43118}","  1118 |     await waitNT(wrapper.vm)
  1119 |
> 1120 |     expect(wrapper.emitted('row-selected')).toBeDefined()
       |    ^ Duplicate Assert
  1121 |     expect(wrapper.emitted('row-selected').length).toBe(1)
  1122 |     expect(wrapper.emitted('row-selected')[0][0].length).toBe(1)
  1123 |     expect(wrapper.emitted('row-selected')[0][0]).toEqual([testItems[1]])"
/home/gabriel/Disk/Research/research-javascript-test-smells/repositories/bootstrap-vue-dev/src/components/table/table-selectable.spec.js,Duplicate Assert,"{'line': 1120, 'column': 4, 'index': 43118}","  1118 |     await waitNT(wrapper.vm)
  1119 |
> 1120 |     expect(wrapper.emitted('row-selected')).toBeDefined()
       |    ^ Duplicate Assert
  1121 |     expect(wrapper.emitted('row-selected').length).toBe(1)
  1122 |     expect(wrapper.emitted('row-selected')[0][0].length).toBe(1)
  1123 |     expect(wrapper.emitted('row-selected')[0][0]).toEqual([testItems[1]])"
/home/gabriel/Disk/Research/research-javascript-test-smells/repositories/bootstrap-vue-dev/src/components/table/table-selectable.spec.js,Duplicate Assert,"{'line': 1121, 'column': 4, 'index': 43176}","  1119 |
  1120 |     expect(wrapper.emitted('row-selected')).toBeDefined()
> 1121 |     expect(wrapper.emitted('row-selected').length).toBe(1)
       |    ^ Duplicate Assert
  1122 |     expect(wrapper.emitted('row-selected')[0][0].length).toBe(1)
  1123 |     expect(wrapper.emitted('row-selected')[0][0]).toEqual([testItems[1]])
  1124 |"
/home/gabriel/Disk/Research/research-javascript-test-smells/repositories/bootstrap-vue-dev/src/components/table/table-selectable.spec.js,Duplicate Assert,"{'line': 1126, 'column': 4, 'index': 43421}","  1124 |
  1125 |     let $rows = wrapper.findAll('tbody > tr')
> 1126 |     expect($rows.wrappers.every(w => w.attributes('tabindex') === '0')).toBe(true)
       |    ^ Duplicate Assert
  1127 |     expect($rows.at(0).attributes('aria-selected')).toBe('false')
  1128 |     expect($rows.at(1).attributes('aria-selected')).toBe('true')
  1129 |     expect($rows.at(2).attributes('aria-selected')).toBe('false')"
/home/gabriel/Disk/Research/research-javascript-test-smells/repositories/bootstrap-vue-dev/src/components/table/table-selectable.spec.js,Duplicate Assert,"{'line': 1126, 'column': 4, 'index': 43421}","  1124 |
  1125 |     let $rows = wrapper.findAll('tbody > tr')
> 1126 |     expect($rows.wrappers.every(w => w.attributes('tabindex') === '0')).toBe(true)
       |    ^ Duplicate Assert
  1127 |     expect($rows.at(0).attributes('aria-selected')).toBe('false')
  1128 |     expect($rows.at(1).attributes('aria-selected')).toBe('true')
  1129 |     expect($rows.at(2).attributes('aria-selected')).toBe('false')"
/home/gabriel/Disk/Research/research-javascript-test-smells/repositories/bootstrap-vue-dev/src/components/table/table-selectable.spec.js,Duplicate Assert,"{'line': 1127, 'column': 4, 'index': 43504}","  1125 |     let $rows = wrapper.findAll('tbody > tr')
  1126 |     expect($rows.wrappers.every(w => w.attributes('tabindex') === '0')).toBe(true)
> 1127 |     expect($rows.at(0).attributes('aria-selected')).toBe('false')
       |    ^ Duplicate Assert
  1128 |     expect($rows.at(1).attributes('aria-selected')).toBe('true')
  1129 |     expect($rows.at(2).attributes('aria-selected')).toBe('false')
  1130 |     expect($rows.at(3).attributes('aria-selected')).toBe('false')"
/home/gabriel/Disk/Research/research-javascript-test-smells/repositories/bootstrap-vue-dev/src/components/table/table-selectable.spec.js,Duplicate Assert,"{'line': 1127, 'column': 4, 'index': 43504}","  1125 |     let $rows = wrapper.findAll('tbody > tr')
  1126 |     expect($rows.wrappers.every(w => w.attributes('tabindex') === '0')).toBe(true)
> 1127 |     expect($rows.at(0).attributes('aria-selected')).toBe('false')
       |    ^ Duplicate Assert
  1128 |     expect($rows.at(1).attributes('aria-selected')).toBe('true')
  1129 |     expect($rows.at(2).attributes('aria-selected')).toBe('false')
  1130 |     expect($rows.at(3).attributes('aria-selected')).toBe('false')"
/home/gabriel/Disk/Research/research-javascript-test-smells/repositories/bootstrap-vue-dev/src/components/table/table-selectable.spec.js,Duplicate Assert,"{'line': 1128, 'column': 4, 'index': 43570}","  1126 |     expect($rows.wrappers.every(w => w.attributes('tabindex') === '0')).toBe(true)
  1127 |     expect($rows.at(0).attributes('aria-selected')).toBe('false')
> 1128 |     expect($rows.at(1).attributes('aria-selected')).toBe('true')
       |    ^ Duplicate Assert
  1129 |     expect($rows.at(2).attributes('aria-selected')).toBe('false')
  1130 |     expect($rows.at(3).attributes('aria-selected')).toBe('false')
  1131 |"
/home/gabriel/Disk/Research/research-javascript-test-smells/repositories/bootstrap-vue-dev/src/components/table/table-selectable.spec.js,Duplicate Assert,"{'line': 1128, 'column': 4, 'index': 43570}","  1126 |     expect($rows.wrappers.every(w => w.attributes('tabindex') === '0')).toBe(true)
  1127 |     expect($rows.at(0).attributes('aria-selected')).toBe('false')
> 1128 |     expect($rows.at(1).attributes('aria-selected')).toBe('true')
       |    ^ Duplicate Assert
  1129 |     expect($rows.at(2).attributes('aria-selected')).toBe('false')
  1130 |     expect($rows.at(3).attributes('aria-selected')).toBe('false')
  1131 |"
/home/gabriel/Disk/Research/research-javascript-test-smells/repositories/bootstrap-vue-dev/src/components/table/table-selectable.spec.js,Duplicate Assert,"{'line': 1129, 'column': 4, 'index': 43635}","  1127 |     expect($rows.at(0).attributes('aria-selected')).toBe('false')
  1128 |     expect($rows.at(1).attributes('aria-selected')).toBe('true')
> 1129 |     expect($rows.at(2).attributes('aria-selected')).toBe('false')
       |    ^ Duplicate Assert
  1130 |     expect($rows.at(3).attributes('aria-selected')).toBe('false')
  1131 |
  1132 |     // Execute `selectRow()` method (fourth row)"
/home/gabriel/Disk/Research/research-javascript-test-smells/repositories/bootstrap-vue-dev/src/components/table/table-selectable.spec.js,Duplicate Assert,"{'line': 1129, 'column': 4, 'index': 43635}","  1127 |     expect($rows.at(0).attributes('aria-selected')).toBe('false')
  1128 |     expect($rows.at(1).attributes('aria-selected')).toBe('true')
> 1129 |     expect($rows.at(2).attributes('aria-selected')).toBe('false')
       |    ^ Duplicate Assert
  1130 |     expect($rows.at(3).attributes('aria-selected')).toBe('false')
  1131 |
  1132 |     // Execute `selectRow()` method (fourth row)"
/home/gabriel/Disk/Research/research-javascript-test-smells/repositories/bootstrap-vue-dev/src/components/table/table-selectable.spec.js,Duplicate Assert,"{'line': 1130, 'column': 4, 'index': 43701}","  1128 |     expect($rows.at(1).attributes('aria-selected')).toBe('true')
  1129 |     expect($rows.at(2).attributes('aria-selected')).toBe('false')
> 1130 |     expect($rows.at(3).attributes('aria-selected')).toBe('false')
       |    ^ Duplicate Assert
  1131 |
  1132 |     // Execute `selectRow()` method (fourth row)
  1133 |     wrapper.vm.selectRow(3)"
/home/gabriel/Disk/Research/research-javascript-test-smells/repositories/bootstrap-vue-dev/src/components/table/table-selectable.spec.js,Duplicate Assert,"{'line': 1130, 'column': 4, 'index': 43701}","  1128 |     expect($rows.at(1).attributes('aria-selected')).toBe('true')
  1129 |     expect($rows.at(2).attributes('aria-selected')).toBe('false')
> 1130 |     expect($rows.at(3).attributes('aria-selected')).toBe('false')
       |    ^ Duplicate Assert
  1131 |
  1132 |     // Execute `selectRow()` method (fourth row)
  1133 |     wrapper.vm.selectRow(3)"
/home/gabriel/Disk/Research/research-javascript-test-smells/repositories/bootstrap-vue-dev/src/components/table/table-selectable.spec.js,Duplicate Assert,"{'line': 1136, 'column': 4, 'index': 43875}","  1134 |     await waitNT(wrapper.vm)
  1135 |
> 1136 |     expect(wrapper.emitted('row-selected')).toBeDefined()
       |    ^ Duplicate Assert
  1137 |     expect(wrapper.emitted('row-selected').length).toBe(2)
  1138 |     expect(wrapper.emitted('row-selected')[1][0].length).toBe(2)
  1139 |     expect(wrapper.emitted('row-selected')[1][0]).toEqual([testItems[1], testItems[3]])"
/home/gabriel/Disk/Research/research-javascript-test-smells/repositories/bootstrap-vue-dev/src/components/table/table-selectable.spec.js,Duplicate Assert,"{'line': 1136, 'column': 4, 'index': 43875}","  1134 |     await waitNT(wrapper.vm)
  1135 |
> 1136 |     expect(wrapper.emitted('row-selected')).toBeDefined()
       |    ^ Duplicate Assert
  1137 |     expect(wrapper.emitted('row-selected').length).toBe(2)
  1138 |     expect(wrapper.emitted('row-selected')[1][0].length).toBe(2)
  1139 |     expect(wrapper.emitted('row-selected')[1][0]).toEqual([testItems[1], testItems[3]])"
/home/gabriel/Disk/Research/research-javascript-test-smells/repositories/bootstrap-vue-dev/src/components/table/table-selectable.spec.js,Duplicate Assert,"{'line': 1137, 'column': 4, 'index': 43933}","  1135 |
  1136 |     expect(wrapper.emitted('row-selected')).toBeDefined()
> 1137 |     expect(wrapper.emitted('row-selected').length).toBe(2)
       |    ^ Duplicate Assert
  1138 |     expect(wrapper.emitted('row-selected')[1][0].length).toBe(2)
  1139 |     expect(wrapper.emitted('row-selected')[1][0]).toEqual([testItems[1], testItems[3]])
  1140 |"
/home/gabriel/Disk/Research/research-javascript-test-smells/repositories/bootstrap-vue-dev/src/components/table/table-selectable.spec.js,Duplicate Assert,"{'line': 1137, 'column': 4, 'index': 43933}","  1135 |
  1136 |     expect(wrapper.emitted('row-selected')).toBeDefined()
> 1137 |     expect(wrapper.emitted('row-selected').length).toBe(2)
       |    ^ Duplicate Assert
  1138 |     expect(wrapper.emitted('row-selected')[1][0].length).toBe(2)
  1139 |     expect(wrapper.emitted('row-selected')[1][0]).toEqual([testItems[1], testItems[3]])
  1140 |"
/home/gabriel/Disk/Research/research-javascript-test-smells/repositories/bootstrap-vue-dev/src/components/table/table-selectable.spec.js,Duplicate Assert,"{'line': 1138, 'column': 4, 'index': 43992}","  1136 |     expect(wrapper.emitted('row-selected')).toBeDefined()
  1137 |     expect(wrapper.emitted('row-selected').length).toBe(2)
> 1138 |     expect(wrapper.emitted('row-selected')[1][0].length).toBe(2)
       |    ^ Duplicate Assert
  1139 |     expect(wrapper.emitted('row-selected')[1][0]).toEqual([testItems[1], testItems[3]])
  1140 |
  1141 |     $rows = wrapper.findAll('tbody > tr')"
/home/gabriel/Disk/Research/research-javascript-test-smells/repositories/bootstrap-vue-dev/src/components/table/table-selectable.spec.js,Duplicate Assert,"{'line': 1138, 'column': 4, 'index': 43992}","  1136 |     expect(wrapper.emitted('row-selected')).toBeDefined()
  1137 |     expect(wrapper.emitted('row-selected').length).toBe(2)
> 1138 |     expect(wrapper.emitted('row-selected')[1][0].length).toBe(2)
       |    ^ Duplicate Assert
  1139 |     expect(wrapper.emitted('row-selected')[1][0]).toEqual([testItems[1], testItems[3]])
  1140 |
  1141 |     $rows = wrapper.findAll('tbody > tr')"
/home/gabriel/Disk/Research/research-javascript-test-smells/repositories/bootstrap-vue-dev/src/components/table/table-selectable.spec.js,Duplicate Assert,"{'line': 1139, 'column': 4, 'index': 44057}","  1137 |     expect(wrapper.emitted('row-selected').length).toBe(2)
  1138 |     expect(wrapper.emitted('row-selected')[1][0].length).toBe(2)
> 1139 |     expect(wrapper.emitted('row-selected')[1][0]).toEqual([testItems[1], testItems[3]])
       |    ^ Duplicate Assert
  1140 |
  1141 |     $rows = wrapper.findAll('tbody > tr')
  1142 |     expect($rows.wrappers.every(w => w.attributes('tabindex') === '0')).toBe(true)"
/home/gabriel/Disk/Research/research-javascript-test-smells/repositories/bootstrap-vue-dev/src/components/table/table-selectable.spec.js,Duplicate Assert,"{'line': 1139, 'column': 4, 'index': 44057}","  1137 |     expect(wrapper.emitted('row-selected').length).toBe(2)
  1138 |     expect(wrapper.emitted('row-selected')[1][0].length).toBe(2)
> 1139 |     expect(wrapper.emitted('row-selected')[1][0]).toEqual([testItems[1], testItems[3]])
       |    ^ Duplicate Assert
  1140 |
  1141 |     $rows = wrapper.findAll('tbody > tr')
  1142 |     expect($rows.wrappers.every(w => w.attributes('tabindex') === '0')).toBe(true)"
/home/gabriel/Disk/Research/research-javascript-test-smells/repositories/bootstrap-vue-dev/src/components/table/table-selectable.spec.js,Duplicate Assert,"{'line': 1142, 'column': 4, 'index': 44188}","  1140 |
  1141 |     $rows = wrapper.findAll('tbody > tr')
> 1142 |     expect($rows.wrappers.every(w => w.attributes('tabindex') === '0')).toBe(true)
       |    ^ Duplicate Assert
  1143 |     expect($rows.at(0).attributes('aria-selected')).toBe('false')
  1144 |     expect($rows.at(1).attributes('aria-selected')).toBe('true')
  1145 |     expect($rows.at(2).attributes('aria-selected')).toBe('false')"
/home/gabriel/Disk/Research/research-javascript-test-smells/repositories/bootstrap-vue-dev/src/components/table/table-selectable.spec.js,Duplicate Assert,"{'line': 1142, 'column': 4, 'index': 44188}","  1140 |
  1141 |     $rows = wrapper.findAll('tbody > tr')
> 1142 |     expect($rows.wrappers.every(w => w.attributes('tabindex') === '0')).toBe(true)
       |    ^ Duplicate Assert
  1143 |     expect($rows.at(0).attributes('aria-selected')).toBe('false')
  1144 |     expect($rows.at(1).attributes('aria-selected')).toBe('true')
  1145 |     expect($rows.at(2).attributes('aria-selected')).toBe('false')"
/home/gabriel/Disk/Research/research-javascript-test-smells/repositories/bootstrap-vue-dev/src/components/table/table-selectable.spec.js,Duplicate Assert,"{'line': 1143, 'column': 4, 'index': 44271}","  1141 |     $rows = wrapper.findAll('tbody > tr')
  1142 |     expect($rows.wrappers.every(w => w.attributes('tabindex') === '0')).toBe(true)
> 1143 |     expect($rows.at(0).attributes('aria-selected')).toBe('false')
       |    ^ Duplicate Assert
  1144 |     expect($rows.at(1).attributes('aria-selected')).toBe('true')
  1145 |     expect($rows.at(2).attributes('aria-selected')).toBe('false')
  1146 |     expect($rows.at(3).attributes('aria-selected')).toBe('true')"
/home/gabriel/Disk/Research/research-javascript-test-smells/repositories/bootstrap-vue-dev/src/components/table/table-selectable.spec.js,Duplicate Assert,"{'line': 1143, 'column': 4, 'index': 44271}","  1141 |     $rows = wrapper.findAll('tbody > tr')
  1142 |     expect($rows.wrappers.every(w => w.attributes('tabindex') === '0')).toBe(true)
> 1143 |     expect($rows.at(0).attributes('aria-selected')).toBe('false')
       |    ^ Duplicate Assert
  1144 |     expect($rows.at(1).attributes('aria-selected')).toBe('true')
  1145 |     expect($rows.at(2).attributes('aria-selected')).toBe('false')
  1146 |     expect($rows.at(3).attributes('aria-selected')).toBe('true')"
/home/gabriel/Disk/Research/research-javascript-test-smells/repositories/bootstrap-vue-dev/src/components/table/table-selectable.spec.js,Duplicate Assert,"{'line': 1144, 'column': 4, 'index': 44337}","  1142 |     expect($rows.wrappers.every(w => w.attributes('tabindex') === '0')).toBe(true)
  1143 |     expect($rows.at(0).attributes('aria-selected')).toBe('false')
> 1144 |     expect($rows.at(1).attributes('aria-selected')).toBe('true')
       |    ^ Duplicate Assert
  1145 |     expect($rows.at(2).attributes('aria-selected')).toBe('false')
  1146 |     expect($rows.at(3).attributes('aria-selected')).toBe('true')
  1147 |"
/home/gabriel/Disk/Research/research-javascript-test-smells/repositories/bootstrap-vue-dev/src/components/table/table-selectable.spec.js,Duplicate Assert,"{'line': 1144, 'column': 4, 'index': 44337}","  1142 |     expect($rows.wrappers.every(w => w.attributes('tabindex') === '0')).toBe(true)
  1143 |     expect($rows.at(0).attributes('aria-selected')).toBe('false')
> 1144 |     expect($rows.at(1).attributes('aria-selected')).toBe('true')
       |    ^ Duplicate Assert
  1145 |     expect($rows.at(2).attributes('aria-selected')).toBe('false')
  1146 |     expect($rows.at(3).attributes('aria-selected')).toBe('true')
  1147 |"
/home/gabriel/Disk/Research/research-javascript-test-smells/repositories/bootstrap-vue-dev/src/components/table/table-selectable.spec.js,Duplicate Assert,"{'line': 1145, 'column': 4, 'index': 44402}","  1143 |     expect($rows.at(0).attributes('aria-selected')).toBe('false')
  1144 |     expect($rows.at(1).attributes('aria-selected')).toBe('true')
> 1145 |     expect($rows.at(2).attributes('aria-selected')).toBe('false')
       |    ^ Duplicate Assert
  1146 |     expect($rows.at(3).attributes('aria-selected')).toBe('true')
  1147 |
  1148 |     // Execute `unselectRow()` method on non-selected row (should not change anything)"
/home/gabriel/Disk/Research/research-javascript-test-smells/repositories/bootstrap-vue-dev/src/components/table/table-selectable.spec.js,Duplicate Assert,"{'line': 1145, 'column': 4, 'index': 44402}","  1143 |     expect($rows.at(0).attributes('aria-selected')).toBe('false')
  1144 |     expect($rows.at(1).attributes('aria-selected')).toBe('true')
> 1145 |     expect($rows.at(2).attributes('aria-selected')).toBe('false')
       |    ^ Duplicate Assert
  1146 |     expect($rows.at(3).attributes('aria-selected')).toBe('true')
  1147 |
  1148 |     // Execute `unselectRow()` method on non-selected row (should not change anything)"
/home/gabriel/Disk/Research/research-javascript-test-smells/repositories/bootstrap-vue-dev/src/components/table/table-selectable.spec.js,Duplicate Assert,"{'line': 1146, 'column': 4, 'index': 44468}","  1144 |     expect($rows.at(1).attributes('aria-selected')).toBe('true')
  1145 |     expect($rows.at(2).attributes('aria-selected')).toBe('false')
> 1146 |     expect($rows.at(3).attributes('aria-selected')).toBe('true')
       |    ^ Duplicate Assert
  1147 |
  1148 |     // Execute `unselectRow()` method on non-selected row (should not change anything)
  1149 |     wrapper.vm.unselectRow(0)"
/home/gabriel/Disk/Research/research-javascript-test-smells/repositories/bootstrap-vue-dev/src/components/table/table-selectable.spec.js,Duplicate Assert,"{'line': 1146, 'column': 4, 'index': 44468}","  1144 |     expect($rows.at(1).attributes('aria-selected')).toBe('true')
  1145 |     expect($rows.at(2).attributes('aria-selected')).toBe('false')
> 1146 |     expect($rows.at(3).attributes('aria-selected')).toBe('true')
       |    ^ Duplicate Assert
  1147 |
  1148 |     // Execute `unselectRow()` method on non-selected row (should not change anything)
  1149 |     wrapper.vm.unselectRow(0)"
/home/gabriel/Disk/Research/research-javascript-test-smells/repositories/bootstrap-vue-dev/src/components/table/table-selectable.spec.js,Duplicate Assert,"{'line': 1152, 'column': 4, 'index': 44681}","  1150 |     await waitNT(wrapper.vm)
  1151 |
> 1152 |     expect(wrapper.emitted('row-selected')).toBeDefined()
       |    ^ Duplicate Assert
  1153 |     expect(wrapper.emitted('row-selected').length).toBe(2)
  1154 |     expect(wrapper.emitted('row-selected')[1][0].length).toBe(2)
  1155 |     expect(wrapper.emitted('row-selected')[1][0]).toEqual([testItems[1], testItems[3]])"
/home/gabriel/Disk/Research/research-javascript-test-smells/repositories/bootstrap-vue-dev/src/components/table/table-selectable.spec.js,Duplicate Assert,"{'line': 1152, 'column': 4, 'index': 44681}","  1150 |     await waitNT(wrapper.vm)
  1151 |
> 1152 |     expect(wrapper.emitted('row-selected')).toBeDefined()
       |    ^ Duplicate Assert
  1153 |     expect(wrapper.emitted('row-selected').length).toBe(2)
  1154 |     expect(wrapper.emitted('row-selected')[1][0].length).toBe(2)
  1155 |     expect(wrapper.emitted('row-selected')[1][0]).toEqual([testItems[1], testItems[3]])"
/home/gabriel/Disk/Research/research-javascript-test-smells/repositories/bootstrap-vue-dev/src/components/table/table-selectable.spec.js,Duplicate Assert,"{'line': 1153, 'column': 4, 'index': 44739}","  1151 |
  1152 |     expect(wrapper.emitted('row-selected')).toBeDefined()
> 1153 |     expect(wrapper.emitted('row-selected').length).toBe(2)
       |    ^ Duplicate Assert
  1154 |     expect(wrapper.emitted('row-selected')[1][0].length).toBe(2)
  1155 |     expect(wrapper.emitted('row-selected')[1][0]).toEqual([testItems[1], testItems[3]])
  1156 |"
/home/gabriel/Disk/Research/research-javascript-test-smells/repositories/bootstrap-vue-dev/src/components/table/table-selectable.spec.js,Duplicate Assert,"{'line': 1153, 'column': 4, 'index': 44739}","  1151 |
  1152 |     expect(wrapper.emitted('row-selected')).toBeDefined()
> 1153 |     expect(wrapper.emitted('row-selected').length).toBe(2)
       |    ^ Duplicate Assert
  1154 |     expect(wrapper.emitted('row-selected')[1][0].length).toBe(2)
  1155 |     expect(wrapper.emitted('row-selected')[1][0]).toEqual([testItems[1], testItems[3]])
  1156 |"
/home/gabriel/Disk/Research/research-javascript-test-smells/repositories/bootstrap-vue-dev/src/components/table/table-selectable.spec.js,Duplicate Assert,"{'line': 1154, 'column': 4, 'index': 44798}","  1152 |     expect(wrapper.emitted('row-selected')).toBeDefined()
  1153 |     expect(wrapper.emitted('row-selected').length).toBe(2)
> 1154 |     expect(wrapper.emitted('row-selected')[1][0].length).toBe(2)
       |    ^ Duplicate Assert
  1155 |     expect(wrapper.emitted('row-selected')[1][0]).toEqual([testItems[1], testItems[3]])
  1156 |
  1157 |     $rows = wrapper.findAll('tbody > tr')"
/home/gabriel/Disk/Research/research-javascript-test-smells/repositories/bootstrap-vue-dev/src/components/table/table-selectable.spec.js,Duplicate Assert,"{'line': 1154, 'column': 4, 'index': 44798}","  1152 |     expect(wrapper.emitted('row-selected')).toBeDefined()
  1153 |     expect(wrapper.emitted('row-selected').length).toBe(2)
> 1154 |     expect(wrapper.emitted('row-selected')[1][0].length).toBe(2)
       |    ^ Duplicate Assert
  1155 |     expect(wrapper.emitted('row-selected')[1][0]).toEqual([testItems[1], testItems[3]])
  1156 |
  1157 |     $rows = wrapper.findAll('tbody > tr')"
/home/gabriel/Disk/Research/research-javascript-test-smells/repositories/bootstrap-vue-dev/src/components/table/table-selectable.spec.js,Duplicate Assert,"{'line': 1155, 'column': 4, 'index': 44863}","  1153 |     expect(wrapper.emitted('row-selected').length).toBe(2)
  1154 |     expect(wrapper.emitted('row-selected')[1][0].length).toBe(2)
> 1155 |     expect(wrapper.emitted('row-selected')[1][0]).toEqual([testItems[1], testItems[3]])
       |    ^ Duplicate Assert
  1156 |
  1157 |     $rows = wrapper.findAll('tbody > tr')
  1158 |     expect($rows.wrappers.every(w => w.attributes('tabindex') === '0')).toBe(true)"
/home/gabriel/Disk/Research/research-javascript-test-smells/repositories/bootstrap-vue-dev/src/components/table/table-selectable.spec.js,Duplicate Assert,"{'line': 1155, 'column': 4, 'index': 44863}","  1153 |     expect(wrapper.emitted('row-selected').length).toBe(2)
  1154 |     expect(wrapper.emitted('row-selected')[1][0].length).toBe(2)
> 1155 |     expect(wrapper.emitted('row-selected')[1][0]).toEqual([testItems[1], testItems[3]])
       |    ^ Duplicate Assert
  1156 |
  1157 |     $rows = wrapper.findAll('tbody > tr')
  1158 |     expect($rows.wrappers.every(w => w.attributes('tabindex') === '0')).toBe(true)"
/home/gabriel/Disk/Research/research-javascript-test-smells/repositories/bootstrap-vue-dev/src/components/table/table-selectable.spec.js,Duplicate Assert,"{'line': 1158, 'column': 4, 'index': 44994}","  1156 |
  1157 |     $rows = wrapper.findAll('tbody > tr')
> 1158 |     expect($rows.wrappers.every(w => w.attributes('tabindex') === '0')).toBe(true)
       |    ^ Duplicate Assert
  1159 |     expect($rows.at(0).attributes('aria-selected')).toBe('false')
  1160 |     expect($rows.at(1).attributes('aria-selected')).toBe('true')
  1161 |     expect($rows.at(2).attributes('aria-selected')).toBe('false')"
/home/gabriel/Disk/Research/research-javascript-test-smells/repositories/bootstrap-vue-dev/src/components/table/table-selectable.spec.js,Duplicate Assert,"{'line': 1158, 'column': 4, 'index': 44994}","  1156 |
  1157 |     $rows = wrapper.findAll('tbody > tr')
> 1158 |     expect($rows.wrappers.every(w => w.attributes('tabindex') === '0')).toBe(true)
       |    ^ Duplicate Assert
  1159 |     expect($rows.at(0).attributes('aria-selected')).toBe('false')
  1160 |     expect($rows.at(1).attributes('aria-selected')).toBe('true')
  1161 |     expect($rows.at(2).attributes('aria-selected')).toBe('false')"
/home/gabriel/Disk/Research/research-javascript-test-smells/repositories/bootstrap-vue-dev/src/components/table/table-selectable.spec.js,Duplicate Assert,"{'line': 1159, 'column': 4, 'index': 45077}","  1157 |     $rows = wrapper.findAll('tbody > tr')
  1158 |     expect($rows.wrappers.every(w => w.attributes('tabindex') === '0')).toBe(true)
> 1159 |     expect($rows.at(0).attributes('aria-selected')).toBe('false')
       |    ^ Duplicate Assert
  1160 |     expect($rows.at(1).attributes('aria-selected')).toBe('true')
  1161 |     expect($rows.at(2).attributes('aria-selected')).toBe('false')
  1162 |     expect($rows.at(3).attributes('aria-selected')).toBe('true')"
/home/gabriel/Disk/Research/research-javascript-test-smells/repositories/bootstrap-vue-dev/src/components/table/table-selectable.spec.js,Duplicate Assert,"{'line': 1159, 'column': 4, 'index': 45077}","  1157 |     $rows = wrapper.findAll('tbody > tr')
  1158 |     expect($rows.wrappers.every(w => w.attributes('tabindex') === '0')).toBe(true)
> 1159 |     expect($rows.at(0).attributes('aria-selected')).toBe('false')
       |    ^ Duplicate Assert
  1160 |     expect($rows.at(1).attributes('aria-selected')).toBe('true')
  1161 |     expect($rows.at(2).attributes('aria-selected')).toBe('false')
  1162 |     expect($rows.at(3).attributes('aria-selected')).toBe('true')"
/home/gabriel/Disk/Research/research-javascript-test-smells/repositories/bootstrap-vue-dev/src/components/table/table-selectable.spec.js,Duplicate Assert,"{'line': 1160, 'column': 4, 'index': 45143}","  1158 |     expect($rows.wrappers.every(w => w.attributes('tabindex') === '0')).toBe(true)
  1159 |     expect($rows.at(0).attributes('aria-selected')).toBe('false')
> 1160 |     expect($rows.at(1).attributes('aria-selected')).toBe('true')
       |    ^ Duplicate Assert
  1161 |     expect($rows.at(2).attributes('aria-selected')).toBe('false')
  1162 |     expect($rows.at(3).attributes('aria-selected')).toBe('true')
  1163 |"
/home/gabriel/Disk/Research/research-javascript-test-smells/repositories/bootstrap-vue-dev/src/components/table/table-selectable.spec.js,Duplicate Assert,"{'line': 1160, 'column': 4, 'index': 45143}","  1158 |     expect($rows.wrappers.every(w => w.attributes('tabindex') === '0')).toBe(true)
  1159 |     expect($rows.at(0).attributes('aria-selected')).toBe('false')
> 1160 |     expect($rows.at(1).attributes('aria-selected')).toBe('true')
       |    ^ Duplicate Assert
  1161 |     expect($rows.at(2).attributes('aria-selected')).toBe('false')
  1162 |     expect($rows.at(3).attributes('aria-selected')).toBe('true')
  1163 |"
/home/gabriel/Disk/Research/research-javascript-test-smells/repositories/bootstrap-vue-dev/src/components/table/table-selectable.spec.js,Duplicate Assert,"{'line': 1161, 'column': 4, 'index': 45208}","  1159 |     expect($rows.at(0).attributes('aria-selected')).toBe('false')
  1160 |     expect($rows.at(1).attributes('aria-selected')).toBe('true')
> 1161 |     expect($rows.at(2).attributes('aria-selected')).toBe('false')
       |    ^ Duplicate Assert
  1162 |     expect($rows.at(3).attributes('aria-selected')).toBe('true')
  1163 |
  1164 |     // Execute `unselectRow()` method on selected row"
/home/gabriel/Disk/Research/research-javascript-test-smells/repositories/bootstrap-vue-dev/src/components/table/table-selectable.spec.js,Duplicate Assert,"{'line': 1161, 'column': 4, 'index': 45208}","  1159 |     expect($rows.at(0).attributes('aria-selected')).toBe('false')
  1160 |     expect($rows.at(1).attributes('aria-selected')).toBe('true')
> 1161 |     expect($rows.at(2).attributes('aria-selected')).toBe('false')
       |    ^ Duplicate Assert
  1162 |     expect($rows.at(3).attributes('aria-selected')).toBe('true')
  1163 |
  1164 |     // Execute `unselectRow()` method on selected row"
/home/gabriel/Disk/Research/research-javascript-test-smells/repositories/bootstrap-vue-dev/src/components/table/table-selectable.spec.js,Duplicate Assert,"{'line': 1162, 'column': 4, 'index': 45274}","  1160 |     expect($rows.at(1).attributes('aria-selected')).toBe('true')
  1161 |     expect($rows.at(2).attributes('aria-selected')).toBe('false')
> 1162 |     expect($rows.at(3).attributes('aria-selected')).toBe('true')
       |    ^ Duplicate Assert
  1163 |
  1164 |     // Execute `unselectRow()` method on selected row
  1165 |     wrapper.vm.unselectRow(3)"
/home/gabriel/Disk/Research/research-javascript-test-smells/repositories/bootstrap-vue-dev/src/components/table/table-selectable.spec.js,Duplicate Assert,"{'line': 1162, 'column': 4, 'index': 45274}","  1160 |     expect($rows.at(1).attributes('aria-selected')).toBe('true')
  1161 |     expect($rows.at(2).attributes('aria-selected')).toBe('false')
> 1162 |     expect($rows.at(3).attributes('aria-selected')).toBe('true')
       |    ^ Duplicate Assert
  1163 |
  1164 |     // Execute `unselectRow()` method on selected row
  1165 |     wrapper.vm.unselectRow(3)"
/home/gabriel/Disk/Research/research-javascript-test-smells/repositories/bootstrap-vue-dev/src/components/table/table-selectable.spec.js,Duplicate Assert,"{'line': 1168, 'column': 4, 'index': 45454}","  1166 |     await waitNT(wrapper.vm)
  1167 |
> 1168 |     expect(wrapper.emitted('row-selected')).toBeDefined()
       |    ^ Duplicate Assert
  1169 |     expect(wrapper.emitted('row-selected').length).toBe(3)
  1170 |     expect(wrapper.emitted('row-selected')[2][0].length).toBe(1)
  1171 |     expect(wrapper.emitted('row-selected')[2][0]).toEqual([testItems[1]])"
/home/gabriel/Disk/Research/research-javascript-test-smells/repositories/bootstrap-vue-dev/src/components/table/table-selectable.spec.js,Duplicate Assert,"{'line': 1168, 'column': 4, 'index': 45454}","  1166 |     await waitNT(wrapper.vm)
  1167 |
> 1168 |     expect(wrapper.emitted('row-selected')).toBeDefined()
       |    ^ Duplicate Assert
  1169 |     expect(wrapper.emitted('row-selected').length).toBe(3)
  1170 |     expect(wrapper.emitted('row-selected')[2][0].length).toBe(1)
  1171 |     expect(wrapper.emitted('row-selected')[2][0]).toEqual([testItems[1]])"
/home/gabriel/Disk/Research/research-javascript-test-smells/repositories/bootstrap-vue-dev/src/components/table/table-selectable.spec.js,Duplicate Assert,"{'line': 1169, 'column': 4, 'index': 45512}","  1167 |
  1168 |     expect(wrapper.emitted('row-selected')).toBeDefined()
> 1169 |     expect(wrapper.emitted('row-selected').length).toBe(3)
       |    ^ Duplicate Assert
  1170 |     expect(wrapper.emitted('row-selected')[2][0].length).toBe(1)
  1171 |     expect(wrapper.emitted('row-selected')[2][0]).toEqual([testItems[1]])
  1172 |"
/home/gabriel/Disk/Research/research-javascript-test-smells/repositories/bootstrap-vue-dev/src/components/table/table-selectable.spec.js,Duplicate Assert,"{'line': 1174, 'column': 4, 'index': 45753}","  1172 |
  1173 |     $rows = wrapper.findAll('tbody > tr')
> 1174 |     expect($rows.wrappers.every(w => w.attributes('tabindex') === '0')).toBe(true)
       |    ^ Duplicate Assert
  1175 |     expect($rows.at(0).attributes('aria-selected')).toBe('false')
  1176 |     expect($rows.at(1).attributes('aria-selected')).toBe('true')
  1177 |     expect($rows.at(2).attributes('aria-selected')).toBe('false')"
/home/gabriel/Disk/Research/research-javascript-test-smells/repositories/bootstrap-vue-dev/src/components/table/table-selectable.spec.js,Duplicate Assert,"{'line': 1174, 'column': 4, 'index': 45753}","  1172 |
  1173 |     $rows = wrapper.findAll('tbody > tr')
> 1174 |     expect($rows.wrappers.every(w => w.attributes('tabindex') === '0')).toBe(true)
       |    ^ Duplicate Assert
  1175 |     expect($rows.at(0).attributes('aria-selected')).toBe('false')
  1176 |     expect($rows.at(1).attributes('aria-selected')).toBe('true')
  1177 |     expect($rows.at(2).attributes('aria-selected')).toBe('false')"
/home/gabriel/Disk/Research/research-javascript-test-smells/repositories/bootstrap-vue-dev/src/components/table/table-selectable.spec.js,Duplicate Assert,"{'line': 1175, 'column': 4, 'index': 45836}","  1173 |     $rows = wrapper.findAll('tbody > tr')
  1174 |     expect($rows.wrappers.every(w => w.attributes('tabindex') === '0')).toBe(true)
> 1175 |     expect($rows.at(0).attributes('aria-selected')).toBe('false')
       |    ^ Duplicate Assert
  1176 |     expect($rows.at(1).attributes('aria-selected')).toBe('true')
  1177 |     expect($rows.at(2).attributes('aria-selected')).toBe('false')
  1178 |     expect($rows.at(3).attributes('aria-selected')).toBe('false')"
/home/gabriel/Disk/Research/research-javascript-test-smells/repositories/bootstrap-vue-dev/src/components/table/table-selectable.spec.js,Duplicate Assert,"{'line': 1175, 'column': 4, 'index': 45836}","  1173 |     $rows = wrapper.findAll('tbody > tr')
  1174 |     expect($rows.wrappers.every(w => w.attributes('tabindex') === '0')).toBe(true)
> 1175 |     expect($rows.at(0).attributes('aria-selected')).toBe('false')
       |    ^ Duplicate Assert
  1176 |     expect($rows.at(1).attributes('aria-selected')).toBe('true')
  1177 |     expect($rows.at(2).attributes('aria-selected')).toBe('false')
  1178 |     expect($rows.at(3).attributes('aria-selected')).toBe('false')"
/home/gabriel/Disk/Research/research-javascript-test-smells/repositories/bootstrap-vue-dev/src/components/table/table-selectable.spec.js,Duplicate Assert,"{'line': 1176, 'column': 4, 'index': 45902}","  1174 |     expect($rows.wrappers.every(w => w.attributes('tabindex') === '0')).toBe(true)
  1175 |     expect($rows.at(0).attributes('aria-selected')).toBe('false')
> 1176 |     expect($rows.at(1).attributes('aria-selected')).toBe('true')
       |    ^ Duplicate Assert
  1177 |     expect($rows.at(2).attributes('aria-selected')).toBe('false')
  1178 |     expect($rows.at(3).attributes('aria-selected')).toBe('false')
  1179 |"
/home/gabriel/Disk/Research/research-javascript-test-smells/repositories/bootstrap-vue-dev/src/components/table/table-selectable.spec.js,Duplicate Assert,"{'line': 1176, 'column': 4, 'index': 45902}","  1174 |     expect($rows.wrappers.every(w => w.attributes('tabindex') === '0')).toBe(true)
  1175 |     expect($rows.at(0).attributes('aria-selected')).toBe('false')
> 1176 |     expect($rows.at(1).attributes('aria-selected')).toBe('true')
       |    ^ Duplicate Assert
  1177 |     expect($rows.at(2).attributes('aria-selected')).toBe('false')
  1178 |     expect($rows.at(3).attributes('aria-selected')).toBe('false')
  1179 |"
/home/gabriel/Disk/Research/research-javascript-test-smells/repositories/bootstrap-vue-dev/src/components/table/table-selectable.spec.js,Duplicate Assert,"{'line': 1177, 'column': 4, 'index': 45967}","  1175 |     expect($rows.at(0).attributes('aria-selected')).toBe('false')
  1176 |     expect($rows.at(1).attributes('aria-selected')).toBe('true')
> 1177 |     expect($rows.at(2).attributes('aria-selected')).toBe('false')
       |    ^ Duplicate Assert
  1178 |     expect($rows.at(3).attributes('aria-selected')).toBe('false')
  1179 |
  1180 |     wrapper.destroy()"
/home/gabriel/Disk/Research/research-javascript-test-smells/repositories/bootstrap-vue-dev/src/components/table/table-selectable.spec.js,Duplicate Assert,"{'line': 1177, 'column': 4, 'index': 45967}","  1175 |     expect($rows.at(0).attributes('aria-selected')).toBe('false')
  1176 |     expect($rows.at(1).attributes('aria-selected')).toBe('true')
> 1177 |     expect($rows.at(2).attributes('aria-selected')).toBe('false')
       |    ^ Duplicate Assert
  1178 |     expect($rows.at(3).attributes('aria-selected')).toBe('false')
  1179 |
  1180 |     wrapper.destroy()"
/home/gabriel/Disk/Research/research-javascript-test-smells/repositories/bootstrap-vue-dev/src/components/table/table-selectable.spec.js,Duplicate Assert,"{'line': 1178, 'column': 4, 'index': 46033}","  1176 |     expect($rows.at(1).attributes('aria-selected')).toBe('true')
  1177 |     expect($rows.at(2).attributes('aria-selected')).toBe('false')
> 1178 |     expect($rows.at(3).attributes('aria-selected')).toBe('false')
       |    ^ Duplicate Assert
  1179 |
  1180 |     wrapper.destroy()
  1181 |   })"
/home/gabriel/Disk/Research/research-javascript-test-smells/repositories/bootstrap-vue-dev/src/components/table/table-selectable.spec.js,Duplicate Assert,"{'line': 1178, 'column': 4, 'index': 46033}","  1176 |     expect($rows.at(1).attributes('aria-selected')).toBe('true')
  1177 |     expect($rows.at(2).attributes('aria-selected')).toBe('false')
> 1178 |     expect($rows.at(3).attributes('aria-selected')).toBe('false')
       |    ^ Duplicate Assert
  1179 |
  1180 |     wrapper.destroy()
  1181 |   })"
/home/gabriel/Disk/Research/research-javascript-test-smells/repositories/bootstrap-vue-dev/src/components/table/table-selectable.spec.js,Magic Number,"{'line': 46, 'column': 30, 'index': 1532}","  44 |
  45 |     const $rows = wrapper.findAll('tbody > tr')
> 46 |     expect($rows.length).toBe(4)
     |                              ^ Magic Number
  47 |     // Doesn't have aria-selected attribute on all TRs
  48 |     expect($rows.wrappers.every(r => !r.find('tr[aria-selected]').exists())).toBe(true)
  49 |     // Doesn't have tabindex attribute on all TRs"
/home/gabriel/Disk/Research/research-javascript-test-smells/repositories/bootstrap-vue-dev/src/components/table/table-selectable.spec.js,Magic Number,"{'line': 120, 'column': 30, 'index': 3692}","  118 |
  119 |     const $rows = wrapper.findAll('tbody > tr')
> 120 |     expect($rows.length).toBe(4)
      |                              ^ Magic Number
  121 |     // Doesn't have aria-selected attribute on all TRs
  122 |     expect($rows.wrappers.every(r => !r.find('tr[aria-selected]').exists())).toBe(true)
  123 |     // Does have tabindex attribute on all TRs"
/home/gabriel/Disk/Research/research-javascript-test-smells/repositories/bootstrap-vue-dev/src/components/table/table-selectable.spec.js,Magic Number,"{'line': 180, 'column': 30, 'index': 5925}","  178 |
  179 |     let $rows = wrapper.findAll('tbody > tr')
> 180 |     expect($rows.length).toBe(4)
      |                              ^ Magic Number
  181 |     expect($rows.wrappers.every(r => r.find('[aria-selected=""false""]').exists())).toBe(true)
  182 |     expect($rows.wrappers.every(r => r.find('[aria-selected=""false""]').exists())).toBe(true)
  183 |     expect($rows.wrappers.every(r => r.find('[tabindex=""0""]').exists())).toBe(true)"
/home/gabriel/Disk/Research/research-javascript-test-smells/repositories/bootstrap-vue-dev/src/components/table/table-selectable.spec.js,Magic Number,"{'line': 192, 'column': 56, 'index': 6421}","  190 |
  191 |     expect(wrapper.emitted('row-selected')).toBeDefined()
> 192 |     expect(wrapper.emitted('row-selected').length).toBe(1)
      |                                                        ^ Magic Number
  193 |     expect(wrapper.emitted('row-selected')[0][0]).toEqual([testItems[0]])
  194 |
  195 |     $rows = wrapper.findAll('tbody > tr')"
/home/gabriel/Disk/Research/research-javascript-test-smells/repositories/bootstrap-vue-dev/src/components/table/table-selectable.spec.js,Magic Number,"{'line': 213, 'column': 56, 'index': 7390}","  211 |       .trigger('click')
  212 |
> 213 |     expect(wrapper.emitted('row-selected').length).toBe(2)
      |                                                        ^ Magic Number
  214 |     expect(wrapper.emitted('row-selected')[1][0]).toEqual([testItems[2]])
  215 |
  216 |     $rows = wrapper.findAll('tbody > tr')"
/home/gabriel/Disk/Research/research-javascript-test-smells/repositories/bootstrap-vue-dev/src/components/table/table-selectable.spec.js,Magic Number,"{'line': 234, 'column': 56, 'index': 8371}","  232 |       .trigger('click')
  233 |
> 234 |     expect(wrapper.emitted('row-selected').length).toBe(3)
      |                                                        ^ Magic Number
  235 |     expect(wrapper.emitted('row-selected')[2][0]).toEqual([])
  236 |
  237 |     $rows = wrapper.findAll('tbody > tr')"
/home/gabriel/Disk/Research/research-javascript-test-smells/repositories/bootstrap-vue-dev/src/components/table/table-selectable.spec.js,Magic Number,"{'line': 280, 'column': 56, 'index': 10203}","  278 |       .trigger('click')
  279 |     expect(wrapper.emitted('row-selected')).toBeDefined()
> 280 |     expect(wrapper.emitted('row-selected').length).toBe(1)
      |                                                        ^ Magic Number
  281 |     expect(wrapper.emitted('row-selected')[0][0]).toEqual([testItems[0]])
  282 |
  283 |     let $rows = wrapper.findAll('tbody > tr')"
/home/gabriel/Disk/Research/research-javascript-test-smells/repositories/bootstrap-vue-dev/src/components/table/table-selectable.spec.js,Magic Number,"{'line': 301, 'column': 56, 'index': 11163}","  299 |       .trigger('click')
  300 |
> 301 |     expect(wrapper.emitted('row-selected').length).toBe(2)
      |                                                        ^ Magic Number
  302 |     expect(wrapper.emitted('row-selected')[1][0]).toEqual([testItems[0], testItems[2]])
  303 |
  304 |     $rows = wrapper.findAll('tbody > tr')"
/home/gabriel/Disk/Research/research-javascript-test-smells/repositories/bootstrap-vue-dev/src/components/table/table-selectable.spec.js,Magic Number,"{'line': 322, 'column': 56, 'index': 12138}","  320 |       .trigger('click')
  321 |
> 322 |     expect(wrapper.emitted('row-selected').length).toBe(3)
      |                                                        ^ Magic Number
  323 |     expect(wrapper.emitted('row-selected')[2][0]).toEqual([testItems[0]])
  324 |
  325 |     $rows = wrapper.findAll('tbody > tr')"
/home/gabriel/Disk/Research/research-javascript-test-smells/repositories/bootstrap-vue-dev/src/components/table/table-selectable.spec.js,Magic Number,"{'line': 343, 'column': 56, 'index': 13100}","  341 |       .trigger('click')
  342 |
> 343 |     expect(wrapper.emitted('row-selected').length).toBe(4)
      |                                                        ^ Magic Number
  344 |     expect(wrapper.emitted('row-selected')[3][0]).toEqual([])
  345 |
  346 |     $rows = wrapper.findAll('tbody > tr')"
/home/gabriel/Disk/Research/research-javascript-test-smells/repositories/bootstrap-vue-dev/src/components/table/table-selectable.spec.js,Magic Number,"{'line': 394, 'column': 56, 'index': 15157}","  392 |
  393 |     expect(wrapper.emitted('row-selected')).toBeDefined()
> 394 |     expect(wrapper.emitted('row-selected').length).toBe(1)
      |                                                        ^ Magic Number
  395 |     expect(wrapper.emitted('row-selected')[0][0]).toEqual([testItems[0]])
  396 |
  397 |     $rows = wrapper.findAll('tbody > tr')"
/home/gabriel/Disk/Research/research-javascript-test-smells/repositories/bootstrap-vue-dev/src/components/table/table-selectable.spec.js,Magic Number,"{'line': 415, 'column': 56, 'index': 16139}","  413 |       .trigger('click', { shiftKey: true })
  414 |
> 415 |     expect(wrapper.emitted('row-selected').length).toBe(2)
      |                                                        ^ Magic Number
  416 |     expect(wrapper.emitted('row-selected')[1][0]).toEqual([
  417 |       testItems[0],
  418 |       testItems[1],"
/home/gabriel/Disk/Research/research-javascript-test-smells/repositories/bootstrap-vue-dev/src/components/table/table-selectable.spec.js,Magic Number,"{'line': 440, 'column': 56, 'index': 17151}","  438 |       .trigger('click')
  439 |
> 440 |     expect(wrapper.emitted('row-selected').length).toBe(3)
      |                                                        ^ Magic Number
  441 |     expect(wrapper.emitted('row-selected')[2][0]).toEqual([testItems[2]])
  442 |
  443 |     $rows = wrapper.findAll('tbody > tr')"
/home/gabriel/Disk/Research/research-javascript-test-smells/repositories/bootstrap-vue-dev/src/components/table/table-selectable.spec.js,Magic Number,"{'line': 461, 'column': 56, 'index': 18108}","  459 |       .trigger('click')
  460 |
> 461 |     expect(wrapper.emitted('row-selected').length).toBe(4)
      |                                                        ^ Magic Number
  462 |     expect(wrapper.emitted('row-selected')[3][0]).toEqual([testItems[3]])
  463 |
  464 |     $rows = wrapper.findAll('tbody > tr')"
/home/gabriel/Disk/Research/research-javascript-test-smells/repositories/bootstrap-vue-dev/src/components/table/table-selectable.spec.js,Magic Number,"{'line': 483, 'column': 56, 'index': 19105}","  481 |
  482 |     // No change to selected rows
> 483 |     expect(wrapper.emitted('row-selected').length).toBe(4)
      |                                                        ^ Magic Number
  484 |
  485 |     $rows = wrapper.findAll('tbody > tr')
  486 |     expect($rows.wrappers.every(r => r.find('[tabindex=""0""]').exists())).toBe(true)"
/home/gabriel/Disk/Research/research-javascript-test-smells/repositories/bootstrap-vue-dev/src/components/table/table-selectable.spec.js,Magic Number,"{'line': 503, 'column': 56, 'index': 20012}","  501 |       .trigger('click', { ctrlKey: true })
  502 |
> 503 |     expect(wrapper.emitted('row-selected').length).toBe(5)
      |                                                        ^ Magic Number
  504 |     expect(wrapper.emitted('row-selected')[4][0]).toEqual([testItems[1], testItems[3]])
  505 |
  506 |     $rows = wrapper.findAll('tbody > tr')"
/home/gabriel/Disk/Research/research-javascript-test-smells/repositories/bootstrap-vue-dev/src/components/table/table-selectable.spec.js,Magic Number,"{'line': 524, 'column': 56, 'index': 21008}","  522 |       .trigger('click', { ctrlKey: true })
  523 |
> 524 |     expect(wrapper.emitted('row-selected').length).toBe(6)
      |                                                        ^ Magic Number
  525 |     expect(wrapper.emitted('row-selected')[5][0]).toEqual([testItems[3]])
  526 |
  527 |     $rows = wrapper.findAll('tbody > tr')"
/home/gabriel/Disk/Research/research-javascript-test-smells/repositories/bootstrap-vue-dev/src/components/table/table-selectable.spec.js,Magic Number,"{'line': 545, 'column': 56, 'index': 21991}","  543 |       .trigger('click', { ctrlKey: true })
  544 |
> 545 |     expect(wrapper.emitted('row-selected').length).toBe(7)
      |                                                        ^ Magic Number
  546 |     expect(wrapper.emitted('row-selected')[6][0]).toEqual([])
  547 |
  548 |     $rows = wrapper.findAll('tbody > tr')"
/home/gabriel/Disk/Research/research-javascript-test-smells/repositories/bootstrap-vue-dev/src/components/table/table-selectable.spec.js,Magic Number,"{'line': 586, 'column': 72, 'index': 23570}","  584 |     await $rows.at(2).trigger('click', { shiftKey: true })
  585 |
> 586 |     expect(wrapper.findAll('tbody .b-table-row-selected')).toHaveLength(3)
      |                                                                        ^ Magic Number
  587 |     wrapper.destroy()
  588 |   })
  589 |"
/home/gabriel/Disk/Research/research-javascript-test-smells/repositories/bootstrap-vue-dev/src/components/table/table-selectable.spec.js,Magic Number,"{'line': 612, 'column': 56, 'index': 24179}","  610 |       .trigger('click')
  611 |     expect(wrapper.emitted('row-selected')).toBeDefined()
> 612 |     expect(wrapper.emitted('row-selected').length).toBe(1)
      |                                                        ^ Magic Number
  613 |     expect(wrapper.emitted('row-selected')[0][0]).toEqual([testItems[0]])
  614 |
  615 |     let $rows = wrapper.findAll('tbody > tr')"
/home/gabriel/Disk/Research/research-javascript-test-smells/repositories/bootstrap-vue-dev/src/components/table/table-selectable.spec.js,Magic Number,"{'line': 629, 'column': 56, 'index': 24881}","  627 |
  628 |     expect(wrapper.emitted('sort-changed')).toBeDefined()
> 629 |     expect(wrapper.emitted('sort-changed').length).toBe(1)
      |                                                        ^ Magic Number
  630 |     expect(wrapper.emitted('row-selected').length).toBe(2)
  631 |     expect(wrapper.emitted('row-selected')[1][0]).toEqual([])
  632 |"
/home/gabriel/Disk/Research/research-javascript-test-smells/repositories/bootstrap-vue-dev/src/components/table/table-selectable.spec.js,Magic Number,"{'line': 630, 'column': 56, 'index': 24940}","  628 |     expect(wrapper.emitted('sort-changed')).toBeDefined()
  629 |     expect(wrapper.emitted('sort-changed').length).toBe(1)
> 630 |     expect(wrapper.emitted('row-selected').length).toBe(2)
      |                                                        ^ Magic Number
  631 |     expect(wrapper.emitted('row-selected')[1][0]).toEqual([])
  632 |
  633 |     $rows = wrapper.findAll('tbody > tr')"
/home/gabriel/Disk/Research/research-javascript-test-smells/repositories/bootstrap-vue-dev/src/components/table/table-selectable.spec.js,Magic Number,"{'line': 666, 'column': 56, 'index': 26066}","  664 |
  665 |     expect(wrapper.emitted('row-selected')).toBeDefined()
> 666 |     expect(wrapper.emitted('row-selected').length).toBe(1)
      |                                                        ^ Magic Number
  667 |     expect(wrapper.emitted('row-selected')[0][0]).toEqual([testItems[0]])
  668 |
  669 |     $rows = wrapper.findAll('tbody > tr')"
/home/gabriel/Disk/Research/research-javascript-test-smells/repositories/bootstrap-vue-dev/src/components/table/table-selectable.spec.js,Magic Number,"{'line': 679, 'column': 56, 'index': 26655}","  677 |     await wrapper.setProps({ filter: '2' })
  678 |
> 679 |     expect(wrapper.emitted('row-selected').length).toBe(2)
      |                                                        ^ Magic Number
  680 |     expect(wrapper.emitted('row-selected')[1][0]).toEqual([])
  681 |
  682 |     $rows = wrapper.findAll('tbody > tr')"
/home/gabriel/Disk/Research/research-javascript-test-smells/repositories/bootstrap-vue-dev/src/components/table/table-selectable.spec.js,Magic Number,"{'line': 707, 'column': 30, 'index': 27449}","  705 |
  706 |     let $rows = wrapper.findAll('tbody > tr')
> 707 |     expect($rows.length).toBe(3)
      |                              ^ Magic Number
  708 |     expect($rows.wrappers.every(w => w.attributes('tabindex') === '0')).toBe(true)
  709 |     expect($rows.wrappers.every(w => w.attributes('aria-selected') === 'false')).toBe(true)
  710 |"
/home/gabriel/Disk/Research/research-javascript-test-smells/repositories/bootstrap-vue-dev/src/components/table/table-selectable.spec.js,Magic Number,"{'line': 718, 'column': 56, 'index': 27850}","  716 |
  717 |     expect(wrapper.emitted('row-selected')).toBeDefined()
> 718 |     expect(wrapper.emitted('row-selected').length).toBe(1)
      |                                                        ^ Magic Number
  719 |     expect(wrapper.emitted('row-selected')[0][0]).toEqual([testItems[0]])
  720 |
  721 |     $rows = wrapper.findAll('tbody > tr')"
/home/gabriel/Disk/Research/research-javascript-test-smells/repositories/bootstrap-vue-dev/src/components/table/table-selectable.spec.js,Magic Number,"{'line': 722, 'column': 30, 'index': 28000}","  720 |
  721 |     $rows = wrapper.findAll('tbody > tr')
> 722 |     expect($rows.length).toBe(3)
      |                              ^ Magic Number
  723 |     expect($rows.wrappers.every(w => w.attributes('tabindex') === '0')).toBe(true)
  724 |     // We only have 3 rows max per page
  725 |     expect($rows.at(0).attributes('aria-selected')).toBe('true')"
/home/gabriel/Disk/Research/research-javascript-test-smells/repositories/bootstrap-vue-dev/src/components/table/table-selectable.spec.js,Magic Number,"{'line': 732, 'column': 56, 'index': 28447}","  730 |     await wrapper.setProps({ currentPage: 2 })
  731 |
> 732 |     expect(wrapper.emitted('row-selected').length).toBe(2)
      |                                                        ^ Magic Number
  733 |     expect(wrapper.emitted('row-selected')[1][0]).toEqual([])
  734 |
  735 |     $rows = wrapper.findAll('tbody > tr')"
/home/gabriel/Disk/Research/research-javascript-test-smells/repositories/bootstrap-vue-dev/src/components/table/table-selectable.spec.js,Magic Number,"{'line': 736, 'column': 30, 'index': 28585}","  734 |
  735 |     $rows = wrapper.findAll('tbody > tr')
> 736 |     expect($rows.length).toBe(1)
      |                              ^ Magic Number
  737 |     expect($rows.wrappers.every(w => w.attributes('tabindex') === '0')).toBe(true)
  738 |     expect($rows.wrappers.every(w => w.attributes('aria-selected') === 'false')).toBe(true)
  739 |"
/home/gabriel/Disk/Research/research-javascript-test-smells/repositories/bootstrap-vue-dev/src/components/table/table-selectable.spec.js,Magic Number,"{'line': 765, 'column': 56, 'index': 29380}","  763 |       .trigger('click')
  764 |     expect(wrapper.emitted('row-selected')).toBeDefined()
> 765 |     expect(wrapper.emitted('row-selected').length).toBe(1)
      |                                                        ^ Magic Number
  766 |     expect(wrapper.emitted('row-selected')[0][0]).toEqual([testItems[0]])
  767 |
  768 |     let $rows = wrapper.findAll('tbody > tr')"
/home/gabriel/Disk/Research/research-javascript-test-smells/repositories/bootstrap-vue-dev/src/components/table/table-selectable.spec.js,Magic Number,"{'line': 779, 'column': 56, 'index': 30037}","  777 |
  778 |     expect(wrapper.emitted('row-selected')).toBeDefined()
> 779 |     expect(wrapper.emitted('row-selected').length).toBe(2)
      |                                                        ^ Magic Number
  780 |     expect(wrapper.emitted('row-selected')[1][0]).toEqual([])
  781 |
  782 |     $rows = wrapper.findAll('tbody > tr')"
/home/gabriel/Disk/Research/research-javascript-test-smells/repositories/bootstrap-vue-dev/src/components/table/table-selectable.spec.js,Magic Number,"{'line': 811, 'column': 56, 'index': 30936}","  809 |
  810 |     expect(wrapper.emitted('row-selected')).toBeDefined()
> 811 |     expect(wrapper.emitted('row-selected').length).toBe(1)
      |                                                        ^ Magic Number
  812 |     expect(wrapper.emitted('row-selected')[0][0]).toEqual([testItems[0]])
  813 |
  814 |     let $rows = wrapper.findAll('tbody > tr')"
/home/gabriel/Disk/Research/research-javascript-test-smells/repositories/bootstrap-vue-dev/src/components/table/table-selectable.spec.js,Magic Number,"{'line': 827, 'column': 56, 'index': 31716}","  825 |
  826 |     // Does not emit a row-selected event
> 827 |     expect(wrapper.emitted('row-selected').length).toBe(1)
      |                                                        ^ Magic Number
  828 |
  829 |     $rows = wrapper.findAll('tbody > tr')
  830 |     // Should remove tabindex and aria-selected attributes"
/home/gabriel/Disk/Research/research-javascript-test-smells/repositories/bootstrap-vue-dev/src/components/table/table-selectable.spec.js,Magic Number,"{'line': 858, 'column': 56, 'index': 32774}","  856 |
  857 |     expect(wrapper.emitted('row-selected')).toBeDefined()
> 858 |     expect(wrapper.emitted('row-selected').length).toBe(1)
      |                                                        ^ Magic Number
  859 |     expect(wrapper.emitted('row-selected')[0][0].length).toBe(1)
  860 |     expect(wrapper.emitted('row-selected')[0][0]).toEqual([testItems[0]])
  861 |     const $rows = wrapper.findAll('tbody > tr')"
/home/gabriel/Disk/Research/research-javascript-test-smells/repositories/bootstrap-vue-dev/src/components/table/table-selectable.spec.js,Magic Number,"{'line': 859, 'column': 62, 'index': 32839}","  857 |     expect(wrapper.emitted('row-selected')).toBeDefined()
  858 |     expect(wrapper.emitted('row-selected').length).toBe(1)
> 859 |     expect(wrapper.emitted('row-selected')[0][0].length).toBe(1)
      |                                                              ^ Magic Number
  860 |     expect(wrapper.emitted('row-selected')[0][0]).toEqual([testItems[0]])
  861 |     const $rows = wrapper.findAll('tbody > tr')
  862 |     expect($rows.wrappers.every(w => w.attributes('tabindex') === '0')).toBe(true)"
/home/gabriel/Disk/Research/research-javascript-test-smells/repositories/bootstrap-vue-dev/src/components/table/table-selectable.spec.js,Magic Number,"{'line': 890, 'column': 56, 'index': 33935}","  888 |
  889 |     expect(wrapper.emitted('row-selected')).toBeDefined()
> 890 |     expect(wrapper.emitted('row-selected').length).toBe(1)
      |                                                        ^ Magic Number
  891 |     expect(wrapper.emitted('row-selected')[0][0].length).toBe(4)
  892 |     expect(wrapper.emitted('row-selected')[0][0]).toEqual(testItems)
  893 |     const $rows = wrapper.findAll('tbody > tr')"
/home/gabriel/Disk/Research/research-javascript-test-smells/repositories/bootstrap-vue-dev/src/components/table/table-selectable.spec.js,Magic Number,"{'line': 891, 'column': 62, 'index': 34000}","  889 |     expect(wrapper.emitted('row-selected')).toBeDefined()
  890 |     expect(wrapper.emitted('row-selected').length).toBe(1)
> 891 |     expect(wrapper.emitted('row-selected')[0][0].length).toBe(4)
      |                                                              ^ Magic Number
  892 |     expect(wrapper.emitted('row-selected')[0][0]).toEqual(testItems)
  893 |     const $rows = wrapper.findAll('tbody > tr')
  894 |     expect($rows.wrappers.every(w => w.attributes('tabindex') === '0')).toBe(true)"
/home/gabriel/Disk/Research/research-javascript-test-smells/repositories/bootstrap-vue-dev/src/components/table/table-selectable.spec.js,Magic Number,"{'line': 923, 'column': 56, 'index': 35089}","  921 |
  922 |     expect(wrapper.emitted('row-selected')).toBeDefined()
> 923 |     expect(wrapper.emitted('row-selected').length).toBe(1)
      |                                                        ^ Magic Number
  924 |     expect(wrapper.emitted('row-selected')[0][0].length).toBe(4)
  925 |     expect(wrapper.emitted('row-selected')[0][0]).toEqual(testItems)
  926 |"
/home/gabriel/Disk/Research/research-javascript-test-smells/repositories/bootstrap-vue-dev/src/components/table/table-selectable.spec.js,Magic Number,"{'line': 924, 'column': 62, 'index': 35154}","  922 |     expect(wrapper.emitted('row-selected')).toBeDefined()
  923 |     expect(wrapper.emitted('row-selected').length).toBe(1)
> 924 |     expect(wrapper.emitted('row-selected')[0][0].length).toBe(4)
      |                                                              ^ Magic Number
  925 |     expect(wrapper.emitted('row-selected')[0][0]).toEqual(testItems)
  926 |
  927 |     const $rows = wrapper.findAll('tbody > tr')"
/home/gabriel/Disk/Research/research-javascript-test-smells/repositories/bootstrap-vue-dev/src/components/table/table-selectable.spec.js,Magic Number,"{'line': 957, 'column': 56, 'index': 36257}","  955 |
  956 |     expect(wrapper.emitted('row-selected')).toBeDefined()
> 957 |     expect(wrapper.emitted('row-selected').length).toBe(1)
      |                                                        ^ Magic Number
  958 |     expect(wrapper.emitted('row-selected')[0][0].length).toBe(1)
  959 |     expect(wrapper.emitted('row-selected')[0][0]).toEqual([testItems[1]])
  960 |"
/home/gabriel/Disk/Research/research-javascript-test-smells/repositories/bootstrap-vue-dev/src/components/table/table-selectable.spec.js,Magic Number,"{'line': 958, 'column': 62, 'index': 36322}","  956 |     expect(wrapper.emitted('row-selected')).toBeDefined()
  957 |     expect(wrapper.emitted('row-selected').length).toBe(1)
> 958 |     expect(wrapper.emitted('row-selected')[0][0].length).toBe(1)
      |                                                              ^ Magic Number
  959 |     expect(wrapper.emitted('row-selected')[0][0]).toEqual([testItems[1]])
  960 |
  961 |     let $rows = wrapper.findAll('tbody > tr')"
/home/gabriel/Disk/Research/research-javascript-test-smells/repositories/bootstrap-vue-dev/src/components/table/table-selectable.spec.js,Magic Number,"{'line': 973, 'column': 56, 'index': 37014}","  971 |
  972 |     expect(wrapper.emitted('row-selected')).toBeDefined()
> 973 |     expect(wrapper.emitted('row-selected').length).toBe(2)
      |                                                        ^ Magic Number
  974 |     expect(wrapper.emitted('row-selected')[1][0].length).toBe(1)
  975 |     expect(wrapper.emitted('row-selected')[1][0]).toEqual([testItems[3]])
  976 |"
/home/gabriel/Disk/Research/research-javascript-test-smells/repositories/bootstrap-vue-dev/src/components/table/table-selectable.spec.js,Magic Number,"{'line': 974, 'column': 62, 'index': 37079}","  972 |     expect(wrapper.emitted('row-selected')).toBeDefined()
  973 |     expect(wrapper.emitted('row-selected').length).toBe(2)
> 974 |     expect(wrapper.emitted('row-selected')[1][0].length).toBe(1)
      |                                                              ^ Magic Number
  975 |     expect(wrapper.emitted('row-selected')[1][0]).toEqual([testItems[3]])
  976 |
  977 |     $rows = wrapper.findAll('tbody > tr')"
/home/gabriel/Disk/Research/research-javascript-test-smells/repositories/bootstrap-vue-dev/src/components/table/table-selectable.spec.js,Magic Number,"{'line': 989, 'column': 56, 'index': 37807}","  987 |
  988 |     expect(wrapper.emitted('row-selected')).toBeDefined()
> 989 |     expect(wrapper.emitted('row-selected').length).toBe(2)
      |                                                        ^ Magic Number
  990 |     expect(wrapper.emitted('row-selected')[1][0].length).toBe(1)
  991 |     expect(wrapper.emitted('row-selected')[1][0]).toEqual([testItems[3]])
  992 |"
/home/gabriel/Disk/Research/research-javascript-test-smells/repositories/bootstrap-vue-dev/src/components/table/table-selectable.spec.js,Magic Number,"{'line': 990, 'column': 62, 'index': 37872}","  988 |     expect(wrapper.emitted('row-selected')).toBeDefined()
  989 |     expect(wrapper.emitted('row-selected').length).toBe(2)
> 990 |     expect(wrapper.emitted('row-selected')[1][0].length).toBe(1)
      |                                                              ^ Magic Number
  991 |     expect(wrapper.emitted('row-selected')[1][0]).toEqual([testItems[3]])
  992 |
  993 |     $rows = wrapper.findAll('tbody > tr')"
/home/gabriel/Disk/Research/research-javascript-test-smells/repositories/bootstrap-vue-dev/src/components/table/table-selectable.spec.js,Magic Number,"{'line': 1005, 'column': 56, 'index': 38567}","  1003 |
  1004 |     expect(wrapper.emitted('row-selected')).toBeDefined()
> 1005 |     expect(wrapper.emitted('row-selected').length).toBe(3)
       |                                                        ^ Magic Number
  1006 |     expect(wrapper.emitted('row-selected')[2][0].length).toBe(0)
  1007 |     expect(wrapper.emitted('row-selected')[2][0]).toEqual([])
  1008 |"
/home/gabriel/Disk/Research/research-javascript-test-smells/repositories/bootstrap-vue-dev/src/components/table/table-selectable.spec.js,Magic Number,"{'line': 1006, 'column': 62, 'index': 38632}","  1004 |     expect(wrapper.emitted('row-selected')).toBeDefined()
  1005 |     expect(wrapper.emitted('row-selected').length).toBe(3)
> 1006 |     expect(wrapper.emitted('row-selected')[2][0].length).toBe(0)
       |                                                              ^ Magic Number
  1007 |     expect(wrapper.emitted('row-selected')[2][0]).toEqual([])
  1008 |
  1009 |     $rows = wrapper.findAll('tbody > tr')"
/home/gabriel/Disk/Research/research-javascript-test-smells/repositories/bootstrap-vue-dev/src/components/table/table-selectable.spec.js,Magic Number,"{'line': 1039, 'column': 56, 'index': 39724}","  1037 |
  1038 |     expect(wrapper.emitted('row-selected')).toBeDefined()
> 1039 |     expect(wrapper.emitted('row-selected').length).toBe(1)
       |                                                        ^ Magic Number
  1040 |     expect(wrapper.emitted('row-selected')[0][0].length).toBe(1)
  1041 |     expect(wrapper.emitted('row-selected')[0][0]).toEqual([testItems[1]])
  1042 |"
/home/gabriel/Disk/Research/research-javascript-test-smells/repositories/bootstrap-vue-dev/src/components/table/table-selectable.spec.js,Magic Number,"{'line': 1040, 'column': 62, 'index': 39789}","  1038 |     expect(wrapper.emitted('row-selected')).toBeDefined()
  1039 |     expect(wrapper.emitted('row-selected').length).toBe(1)
> 1040 |     expect(wrapper.emitted('row-selected')[0][0].length).toBe(1)
       |                                                              ^ Magic Number
  1041 |     expect(wrapper.emitted('row-selected')[0][0]).toEqual([testItems[1]])
  1042 |
  1043 |     let $rows = wrapper.findAll('tbody > tr')"
/home/gabriel/Disk/Research/research-javascript-test-smells/repositories/bootstrap-vue-dev/src/components/table/table-selectable.spec.js,Magic Number,"{'line': 1055, 'column': 56, 'index': 40481}","  1053 |
  1054 |     expect(wrapper.emitted('row-selected')).toBeDefined()
> 1055 |     expect(wrapper.emitted('row-selected').length).toBe(2)
       |                                                        ^ Magic Number
  1056 |     expect(wrapper.emitted('row-selected')[1][0].length).toBe(2)
  1057 |     expect(wrapper.emitted('row-selected')[1][0]).toEqual([testItems[1], testItems[3]])
  1058 |"
/home/gabriel/Disk/Research/research-javascript-test-smells/repositories/bootstrap-vue-dev/src/components/table/table-selectable.spec.js,Magic Number,"{'line': 1056, 'column': 62, 'index': 40546}","  1054 |     expect(wrapper.emitted('row-selected')).toBeDefined()
  1055 |     expect(wrapper.emitted('row-selected').length).toBe(2)
> 1056 |     expect(wrapper.emitted('row-selected')[1][0].length).toBe(2)
       |                                                              ^ Magic Number
  1057 |     expect(wrapper.emitted('row-selected')[1][0]).toEqual([testItems[1], testItems[3]])
  1058 |
  1059 |     $rows = wrapper.findAll('tbody > tr')"
/home/gabriel/Disk/Research/research-javascript-test-smells/repositories/bootstrap-vue-dev/src/components/table/table-selectable.spec.js,Magic Number,"{'line': 1071, 'column': 56, 'index': 41287}","  1069 |
  1070 |     expect(wrapper.emitted('row-selected')).toBeDefined()
> 1071 |     expect(wrapper.emitted('row-selected').length).toBe(2)
       |                                                        ^ Magic Number
  1072 |     expect(wrapper.emitted('row-selected')[1][0].length).toBe(2)
  1073 |     expect(wrapper.emitted('row-selected')[1][0]).toEqual([testItems[1], testItems[3]])
  1074 |"
/home/gabriel/Disk/Research/research-javascript-test-smells/repositories/bootstrap-vue-dev/src/components/table/table-selectable.spec.js,Magic Number,"{'line': 1072, 'column': 62, 'index': 41352}","  1070 |     expect(wrapper.emitted('row-selected')).toBeDefined()
  1071 |     expect(wrapper.emitted('row-selected').length).toBe(2)
> 1072 |     expect(wrapper.emitted('row-selected')[1][0].length).toBe(2)
       |                                                              ^ Magic Number
  1073 |     expect(wrapper.emitted('row-selected')[1][0]).toEqual([testItems[1], testItems[3]])
  1074 |
  1075 |     $rows = wrapper.findAll('tbody > tr')"
/home/gabriel/Disk/Research/research-javascript-test-smells/repositories/bootstrap-vue-dev/src/components/table/table-selectable.spec.js,Magic Number,"{'line': 1087, 'column': 56, 'index': 42060}","  1085 |
  1086 |     expect(wrapper.emitted('row-selected')).toBeDefined()
> 1087 |     expect(wrapper.emitted('row-selected').length).toBe(3)
       |                                                        ^ Magic Number
  1088 |     expect(wrapper.emitted('row-selected')[2][0].length).toBe(1)
  1089 |     expect(wrapper.emitted('row-selected')[2][0]).toEqual([testItems[1]])
  1090 |"
/home/gabriel/Disk/Research/research-javascript-test-smells/repositories/bootstrap-vue-dev/src/components/table/table-selectable.spec.js,Magic Number,"{'line': 1088, 'column': 62, 'index': 42125}","  1086 |     expect(wrapper.emitted('row-selected')).toBeDefined()
  1087 |     expect(wrapper.emitted('row-selected').length).toBe(3)
> 1088 |     expect(wrapper.emitted('row-selected')[2][0].length).toBe(1)
       |                                                              ^ Magic Number
  1089 |     expect(wrapper.emitted('row-selected')[2][0]).toEqual([testItems[1]])
  1090 |
  1091 |     $rows = wrapper.findAll('tbody > tr')"
/home/gabriel/Disk/Research/research-javascript-test-smells/repositories/bootstrap-vue-dev/src/components/table/table-selectable.spec.js,Magic Number,"{'line': 1121, 'column': 56, 'index': 43228}","  1119 |
  1120 |     expect(wrapper.emitted('row-selected')).toBeDefined()
> 1121 |     expect(wrapper.emitted('row-selected').length).toBe(1)
       |                                                        ^ Magic Number
  1122 |     expect(wrapper.emitted('row-selected')[0][0].length).toBe(1)
  1123 |     expect(wrapper.emitted('row-selected')[0][0]).toEqual([testItems[1]])
  1124 |"
/home/gabriel/Disk/Research/research-javascript-test-smells/repositories/bootstrap-vue-dev/src/components/table/table-selectable.spec.js,Magic Number,"{'line': 1122, 'column': 62, 'index': 43293}","  1120 |     expect(wrapper.emitted('row-selected')).toBeDefined()
  1121 |     expect(wrapper.emitted('row-selected').length).toBe(1)
> 1122 |     expect(wrapper.emitted('row-selected')[0][0].length).toBe(1)
       |                                                              ^ Magic Number
  1123 |     expect(wrapper.emitted('row-selected')[0][0]).toEqual([testItems[1]])
  1124 |
  1125 |     let $rows = wrapper.findAll('tbody > tr')"
/home/gabriel/Disk/Research/research-javascript-test-smells/repositories/bootstrap-vue-dev/src/components/table/table-selectable.spec.js,Magic Number,"{'line': 1137, 'column': 56, 'index': 43985}","  1135 |
  1136 |     expect(wrapper.emitted('row-selected')).toBeDefined()
> 1137 |     expect(wrapper.emitted('row-selected').length).toBe(2)
       |                                                        ^ Magic Number
  1138 |     expect(wrapper.emitted('row-selected')[1][0].length).toBe(2)
  1139 |     expect(wrapper.emitted('row-selected')[1][0]).toEqual([testItems[1], testItems[3]])
  1140 |"
/home/gabriel/Disk/Research/research-javascript-test-smells/repositories/bootstrap-vue-dev/src/components/table/table-selectable.spec.js,Magic Number,"{'line': 1138, 'column': 62, 'index': 44050}","  1136 |     expect(wrapper.emitted('row-selected')).toBeDefined()
  1137 |     expect(wrapper.emitted('row-selected').length).toBe(2)
> 1138 |     expect(wrapper.emitted('row-selected')[1][0].length).toBe(2)
       |                                                              ^ Magic Number
  1139 |     expect(wrapper.emitted('row-selected')[1][0]).toEqual([testItems[1], testItems[3]])
  1140 |
  1141 |     $rows = wrapper.findAll('tbody > tr')"
/home/gabriel/Disk/Research/research-javascript-test-smells/repositories/bootstrap-vue-dev/src/components/table/table-selectable.spec.js,Magic Number,"{'line': 1153, 'column': 56, 'index': 44791}","  1151 |
  1152 |     expect(wrapper.emitted('row-selected')).toBeDefined()
> 1153 |     expect(wrapper.emitted('row-selected').length).toBe(2)
       |                                                        ^ Magic Number
  1154 |     expect(wrapper.emitted('row-selected')[1][0].length).toBe(2)
  1155 |     expect(wrapper.emitted('row-selected')[1][0]).toEqual([testItems[1], testItems[3]])
  1156 |"
/home/gabriel/Disk/Research/research-javascript-test-smells/repositories/bootstrap-vue-dev/src/components/table/table-selectable.spec.js,Magic Number,"{'line': 1154, 'column': 62, 'index': 44856}","  1152 |     expect(wrapper.emitted('row-selected')).toBeDefined()
  1153 |     expect(wrapper.emitted('row-selected').length).toBe(2)
> 1154 |     expect(wrapper.emitted('row-selected')[1][0].length).toBe(2)
       |                                                              ^ Magic Number
  1155 |     expect(wrapper.emitted('row-selected')[1][0]).toEqual([testItems[1], testItems[3]])
  1156 |
  1157 |     $rows = wrapper.findAll('tbody > tr')"
/home/gabriel/Disk/Research/research-javascript-test-smells/repositories/bootstrap-vue-dev/src/components/table/table-selectable.spec.js,Magic Number,"{'line': 1169, 'column': 56, 'index': 45564}","  1167 |
  1168 |     expect(wrapper.emitted('row-selected')).toBeDefined()
> 1169 |     expect(wrapper.emitted('row-selected').length).toBe(3)
       |                                                        ^ Magic Number
  1170 |     expect(wrapper.emitted('row-selected')[2][0].length).toBe(1)
  1171 |     expect(wrapper.emitted('row-selected')[2][0]).toEqual([testItems[1]])
  1172 |"
/home/gabriel/Disk/Research/research-javascript-test-smells/repositories/bootstrap-vue-dev/src/components/table/table-selectable.spec.js,Magic Number,"{'line': 1170, 'column': 62, 'index': 45629}","  1168 |     expect(wrapper.emitted('row-selected')).toBeDefined()
  1169 |     expect(wrapper.emitted('row-selected').length).toBe(3)
> 1170 |     expect(wrapper.emitted('row-selected')[2][0].length).toBe(1)
       |                                                              ^ Magic Number
  1171 |     expect(wrapper.emitted('row-selected')[2][0]).toEqual([testItems[1]])
  1172 |
  1173 |     $rows = wrapper.findAll('tbody > tr')"
/home/gabriel/Disk/Research/research-javascript-test-smells/repositories/bootstrap-vue-dev/src/components/table/table-row-details.spec.js,Duplicate Assert,"{'line': 240, 'column': 4, 'index': 6058}","  238 |     expect(wrapper.findAll('tbody > tr').length).toBe(4)
  239 |     $trs = wrapper.findAll('tbody > tr')
> 240 |     expect($trs.length).toBe(4)
      |    ^ Duplicate Assert
  241 |     expect(
  242 |       $trs
  243 |         .at(0)"
/home/gabriel/Disk/Research/research-javascript-test-smells/repositories/bootstrap-vue-dev/src/components/table/table-row-details.spec.js,Duplicate Assert,"{'line': 241, 'column': 4, 'index': 6090}","  239 |     $trs = wrapper.findAll('tbody > tr')
  240 |     expect($trs.length).toBe(4)
> 241 |     expect(
      |    ^ Duplicate Assert
  242 |       $trs
  243 |         .at(0)
  244 |         .find('tr.b-table-details')"
/home/gabriel/Disk/Research/research-javascript-test-smells/repositories/bootstrap-vue-dev/src/components/table/table-row-details.spec.js,Duplicate Assert,"{'line': 241, 'column': 4, 'index': 6090}","  239 |     $trs = wrapper.findAll('tbody > tr')
  240 |     expect($trs.length).toBe(4)
> 241 |     expect(
      |    ^ Duplicate Assert
  242 |       $trs
  243 |         .at(0)
  244 |         .find('tr.b-table-details')"
/home/gabriel/Disk/Research/research-javascript-test-smells/repositories/bootstrap-vue-dev/src/components/table/table-row-details.spec.js,Duplicate Assert,"{'line': 247, 'column': 4, 'index': 6200}","  245 |         .exists()
  246 |     ).toBe(false)
> 247 |     expect(
      |    ^ Duplicate Assert
  248 |       $trs
  249 |         .at(1)
  250 |         .find('tr.b-table-details')"
/home/gabriel/Disk/Research/research-javascript-test-smells/repositories/bootstrap-vue-dev/src/components/table/table-row-details.spec.js,Duplicate Assert,"{'line': 254, 'column': 4, 'index': 6354}","  252 |     ).toBe(true)
  253 |     expect($trs.at(1).text()).toBe('foobar')
> 254 |     expect(
      |    ^ Duplicate Assert
  255 |       $trs
  256 |         .at(2)
  257 |         .find('tr.b-table-details')"
/home/gabriel/Disk/Research/research-javascript-test-smells/repositories/bootstrap-vue-dev/src/components/table/table-row-details.spec.js,Duplicate Assert,"{'line': 254, 'column': 4, 'index': 6354}","  252 |     ).toBe(true)
  253 |     expect($trs.at(1).text()).toBe('foobar')
> 254 |     expect(
      |    ^ Duplicate Assert
  255 |       $trs
  256 |         .at(2)
  257 |         .find('tr.b-table-details')"
/home/gabriel/Disk/Research/research-javascript-test-smells/repositories/bootstrap-vue-dev/src/components/table/table-row-details.spec.js,Duplicate Assert,"{'line': 270, 'column': 4, 'index': 6695}","  268 |     await waitNT(wrapper.vm)
  269 |     $trs = wrapper.findAll('tbody > tr')
> 270 |     expect($trs.length).toBe(3)
      |    ^ Duplicate Assert
  271 |     expect(
  272 |       $trs
  273 |         .at(0)"
/home/gabriel/Disk/Research/research-javascript-test-smells/repositories/bootstrap-vue-dev/src/components/table/table-row-details.spec.js,Duplicate Assert,"{'line': 271, 'column': 4, 'index': 6727}","  269 |     $trs = wrapper.findAll('tbody > tr')
  270 |     expect($trs.length).toBe(3)
> 271 |     expect(
      |    ^ Duplicate Assert
  272 |       $trs
  273 |         .at(0)
  274 |         .find('tr.b-table-details')"
/home/gabriel/Disk/Research/research-javascript-test-smells/repositories/bootstrap-vue-dev/src/components/table/table-row-details.spec.js,Duplicate Assert,"{'line': 271, 'column': 4, 'index': 6727}","  269 |     $trs = wrapper.findAll('tbody > tr')
  270 |     expect($trs.length).toBe(3)
> 271 |     expect(
      |    ^ Duplicate Assert
  272 |       $trs
  273 |         .at(0)
  274 |         .find('tr.b-table-details')"
/home/gabriel/Disk/Research/research-javascript-test-smells/repositories/bootstrap-vue-dev/src/components/table/table-row-details.spec.js,Duplicate Assert,"{'line': 277, 'column': 4, 'index': 6837}","  275 |         .exists()
  276 |     ).toBe(false)
> 277 |     expect(
      |    ^ Duplicate Assert
  278 |       $trs
  279 |         .at(1)
  280 |         .find('tr.b-table-details')"
/home/gabriel/Disk/Research/research-javascript-test-smells/repositories/bootstrap-vue-dev/src/components/table/table-row-details.spec.js,Duplicate Assert,"{'line': 283, 'column': 4, 'index': 6947}","  281 |         .exists()
  282 |     ).toBe(false)
> 283 |     expect(
      |    ^ Duplicate Assert
  284 |       $trs
  285 |         .at(2)
  286 |         .find('tr.b-table-details')"
/home/gabriel/Disk/Research/research-javascript-test-smells/repositories/bootstrap-vue-dev/src/components/table/table-row-details.spec.js,Duplicate Assert,"{'line': 283, 'column': 4, 'index': 6947}","  281 |         .exists()
  282 |     ).toBe(false)
> 283 |     expect(
      |    ^ Duplicate Assert
  284 |       $trs
  285 |         .at(2)
  286 |         .find('tr.b-table-details')"
/home/gabriel/Disk/Research/research-javascript-test-smells/repositories/bootstrap-vue-dev/src/components/table/table-row-details.spec.js,Duplicate Assert,"{'line': 400, 'column': 4, 'index': 9609}","  398 |     expect(wrapper).toBeDefined()
  399 |     expect(wrapper.find('tbody').exists()).toBe(true)
> 400 |     expect(wrapper.findAll('tbody > tr').length).toBe(2)
      |    ^ Duplicate Assert
  401 |
  402 |     $trs = wrapper.findAll('tbody > tr')
  403 |     expect($trs.length).toBe(2)"
/home/gabriel/Disk/Research/research-javascript-test-smells/repositories/bootstrap-vue-dev/src/components/table/table-row-details.spec.js,Duplicate Assert,"{'line': 400, 'column': 4, 'index': 9609}","  398 |     expect(wrapper).toBeDefined()
  399 |     expect(wrapper.find('tbody').exists()).toBe(true)
> 400 |     expect(wrapper.findAll('tbody > tr').length).toBe(2)
      |    ^ Duplicate Assert
  401 |
  402 |     $trs = wrapper.findAll('tbody > tr')
  403 |     expect($trs.length).toBe(2)"
/home/gabriel/Disk/Research/research-javascript-test-smells/repositories/bootstrap-vue-dev/src/components/table/table-row-details.spec.js,Duplicate Assert,"{'line': 403, 'column': 4, 'index': 9708}","  401 |
  402 |     $trs = wrapper.findAll('tbody > tr')
> 403 |     expect($trs.length).toBe(2)
      |    ^ Duplicate Assert
  404 |     expect(
  405 |       $trs
  406 |         .at(0)"
/home/gabriel/Disk/Research/research-javascript-test-smells/repositories/bootstrap-vue-dev/src/components/table/table-row-details.spec.js,Duplicate Assert,"{'line': 403, 'column': 4, 'index': 9708}","  401 |
  402 |     $trs = wrapper.findAll('tbody > tr')
> 403 |     expect($trs.length).toBe(2)
      |    ^ Duplicate Assert
  404 |     expect(
  405 |       $trs
  406 |         .at(0)"
/home/gabriel/Disk/Research/research-javascript-test-smells/repositories/bootstrap-vue-dev/src/components/table/table-row-details.spec.js,Duplicate Assert,"{'line': 404, 'column': 4, 'index': 9740}","  402 |     $trs = wrapper.findAll('tbody > tr')
  403 |     expect($trs.length).toBe(2)
> 404 |     expect(
      |    ^ Duplicate Assert
  405 |       $trs
  406 |         .at(0)
  407 |         .find('tr.b-table-details')"
/home/gabriel/Disk/Research/research-javascript-test-smells/repositories/bootstrap-vue-dev/src/components/table/table-row-details.spec.js,Duplicate Assert,"{'line': 404, 'column': 4, 'index': 9740}","  402 |     $trs = wrapper.findAll('tbody > tr')
  403 |     expect($trs.length).toBe(2)
> 404 |     expect(
      |    ^ Duplicate Assert
  405 |       $trs
  406 |         .at(0)
  407 |         .find('tr.b-table-details')"
/home/gabriel/Disk/Research/research-javascript-test-smells/repositories/bootstrap-vue-dev/src/components/table/table-row-details.spec.js,Duplicate Assert,"{'line': 410, 'column': 4, 'index': 9850}","  408 |         .exists()
  409 |     ).toBe(false)
> 410 |     expect(
      |    ^ Duplicate Assert
  411 |       $trs
  412 |         .at(1)
  413 |         .find('tr.b-table-details')"
/home/gabriel/Disk/Research/research-javascript-test-smells/repositories/bootstrap-vue-dev/src/components/table/table-row-details.spec.js,Duplicate Assert,"{'line': 410, 'column': 4, 'index': 9850}","  408 |         .exists()
  409 |     ).toBe(false)
> 410 |     expect(
      |    ^ Duplicate Assert
  411 |       $trs
  412 |         .at(1)
  413 |         .find('tr.b-table-details')"
/home/gabriel/Disk/Research/research-javascript-test-smells/repositories/bootstrap-vue-dev/src/components/table/table-row-details.spec.js,Duplicate Assert,"{'line': 416, 'column': 4, 'index': 9959}","  414 |         .exists()
  415 |     ).toBe(true)
> 416 |     expect($trs.at(1).text()).toBe('foobar')
      |    ^ Duplicate Assert
  417 |
  418 |     // Toggle details via details slot
  419 |     expect(scopeDetails).not.toBe(null)"
/home/gabriel/Disk/Research/research-javascript-test-smells/repositories/bootstrap-vue-dev/src/components/table/table-row-details.spec.js,Duplicate Assert,"{'line': 416, 'column': 4, 'index': 9959}","  414 |         .exists()
  415 |     ).toBe(true)
> 416 |     expect($trs.at(1).text()).toBe('foobar')
      |    ^ Duplicate Assert
  417 |
  418 |     // Toggle details via details slot
  419 |     expect(scopeDetails).not.toBe(null)"
/home/gabriel/Disk/Research/research-javascript-test-smells/repositories/bootstrap-vue-dev/src/components/table/table-row-details.spec.js,Duplicate Assert,"{'line': 423, 'column': 4, 'index': 10147}","  421 |     await waitNT(wrapper.vm)
  422 |
> 423 |     expect(wrapper.findAll('tbody > tr').length).toBe(1)
      |    ^ Duplicate Assert
  424 |
  425 |     $trs = wrapper.findAll('tbody > tr')
  426 |     expect($trs.length).toBe(1)"
/home/gabriel/Disk/Research/research-javascript-test-smells/repositories/bootstrap-vue-dev/src/components/table/table-row-details.spec.js,Duplicate Assert,"{'line': 426, 'column': 4, 'index': 10246}","  424 |
  425 |     $trs = wrapper.findAll('tbody > tr')
> 426 |     expect($trs.length).toBe(1)
      |    ^ Duplicate Assert
  427 |     expect(
  428 |       $trs
  429 |         .at(0)"
/home/gabriel/Disk/Research/research-javascript-test-smells/repositories/bootstrap-vue-dev/src/components/table/table-row-details.spec.js,Duplicate Assert,"{'line': 427, 'column': 4, 'index': 10278}","  425 |     $trs = wrapper.findAll('tbody > tr')
  426 |     expect($trs.length).toBe(1)
> 427 |     expect(
      |    ^ Duplicate Assert
  428 |       $trs
  429 |         .at(0)
  430 |         .find('tr.b-table-details')"
/home/gabriel/Disk/Research/research-javascript-test-smells/repositories/bootstrap-vue-dev/src/components/table/table-row-details.spec.js,Duplicate Assert,"{'line': 427, 'column': 4, 'index': 10278}","  425 |     $trs = wrapper.findAll('tbody > tr')
  426 |     expect($trs.length).toBe(1)
> 427 |     expect(
      |    ^ Duplicate Assert
  428 |       $trs
  429 |         .at(0)
  430 |         .find('tr.b-table-details')"
/home/gabriel/Disk/Research/research-javascript-test-smells/repositories/bootstrap-vue-dev/src/components/table/table-row-details.spec.js,Duplicate Assert,"{'line': 439, 'column': 4, 'index': 10525}","  437 |     await waitNT(wrapper.vm)
  438 |
> 439 |     expect(wrapper.findAll('tbody > tr').length).toBe(2)
      |    ^ Duplicate Assert
  440 |
  441 |     $trs = wrapper.findAll('tbody > tr')
  442 |     expect($trs.length).toBe(2)"
/home/gabriel/Disk/Research/research-javascript-test-smells/repositories/bootstrap-vue-dev/src/components/table/table-row-details.spec.js,Duplicate Assert,"{'line': 439, 'column': 4, 'index': 10525}","  437 |     await waitNT(wrapper.vm)
  438 |
> 439 |     expect(wrapper.findAll('tbody > tr').length).toBe(2)
      |    ^ Duplicate Assert
  440 |
  441 |     $trs = wrapper.findAll('tbody > tr')
  442 |     expect($trs.length).toBe(2)"
/home/gabriel/Disk/Research/research-javascript-test-smells/repositories/bootstrap-vue-dev/src/components/table/table-row-details.spec.js,Duplicate Assert,"{'line': 442, 'column': 4, 'index': 10624}","  440 |
  441 |     $trs = wrapper.findAll('tbody > tr')
> 442 |     expect($trs.length).toBe(2)
      |    ^ Duplicate Assert
  443 |     expect(
  444 |       $trs
  445 |         .at(0)"
/home/gabriel/Disk/Research/research-javascript-test-smells/repositories/bootstrap-vue-dev/src/components/table/table-row-details.spec.js,Duplicate Assert,"{'line': 442, 'column': 4, 'index': 10624}","  440 |
  441 |     $trs = wrapper.findAll('tbody > tr')
> 442 |     expect($trs.length).toBe(2)
      |    ^ Duplicate Assert
  443 |     expect(
  444 |       $trs
  445 |         .at(0)"
/home/gabriel/Disk/Research/research-javascript-test-smells/repositories/bootstrap-vue-dev/src/components/table/table-row-details.spec.js,Duplicate Assert,"{'line': 443, 'column': 4, 'index': 10656}","  441 |     $trs = wrapper.findAll('tbody > tr')
  442 |     expect($trs.length).toBe(2)
> 443 |     expect(
      |    ^ Duplicate Assert
  444 |       $trs
  445 |         .at(0)
  446 |         .find('tr.b-table-details')"
/home/gabriel/Disk/Research/research-javascript-test-smells/repositories/bootstrap-vue-dev/src/components/table/table-row-details.spec.js,Duplicate Assert,"{'line': 443, 'column': 4, 'index': 10656}","  441 |     $trs = wrapper.findAll('tbody > tr')
  442 |     expect($trs.length).toBe(2)
> 443 |     expect(
      |    ^ Duplicate Assert
  444 |       $trs
  445 |         .at(0)
  446 |         .find('tr.b-table-details')"
/home/gabriel/Disk/Research/research-javascript-test-smells/repositories/bootstrap-vue-dev/src/components/table/table-row-details.spec.js,Duplicate Assert,"{'line': 449, 'column': 4, 'index': 10766}","  447 |         .exists()
  448 |     ).toBe(false)
> 449 |     expect(
      |    ^ Duplicate Assert
  450 |       $trs
  451 |         .at(1)
  452 |         .find('tr.b-table-details')"
/home/gabriel/Disk/Research/research-javascript-test-smells/repositories/bootstrap-vue-dev/src/components/table/table-row-details.spec.js,Duplicate Assert,"{'line': 449, 'column': 4, 'index': 10766}","  447 |         .exists()
  448 |     ).toBe(false)
> 449 |     expect(
      |    ^ Duplicate Assert
  450 |       $trs
  451 |         .at(1)
  452 |         .find('tr.b-table-details')"
/home/gabriel/Disk/Research/research-javascript-test-smells/repositories/bootstrap-vue-dev/src/components/table/table-row-details.spec.js,Duplicate Assert,"{'line': 455, 'column': 4, 'index': 10875}","  453 |         .exists()
  454 |     ).toBe(true)
> 455 |     expect($trs.at(1).text()).toBe('foobar')
      |    ^ Duplicate Assert
  456 |
  457 |     wrapper.destroy()
  458 |   })"
/home/gabriel/Disk/Research/research-javascript-test-smells/repositories/bootstrap-vue-dev/src/components/table/table-row-details.spec.js,Duplicate Assert,"{'line': 455, 'column': 4, 'index': 10875}","  453 |         .exists()
  454 |     ).toBe(true)
> 455 |     expect($trs.at(1).text()).toBe('foobar')
      |    ^ Duplicate Assert
  456 |
  457 |     wrapper.destroy()
  458 |   })"
/home/gabriel/Disk/Research/research-javascript-test-smells/repositories/bootstrap-vue-dev/src/components/table/table-row-details.spec.js,Magic Number,"{'line': 23, 'column': 29, 'index': 717}","  21 |     expect(wrapper.find('tbody').exists()).toBe(true)
  22 |     const $trs = wrapper.findAll('tbody > tr')
> 23 |     expect($trs.length).toBe(3)
     |                             ^ Magic Number
  24 |     expect(
  25 |       $trs
  26 |         .at(0)"
/home/gabriel/Disk/Research/research-javascript-test-smells/repositories/bootstrap-vue-dev/src/components/table/table-row-details.spec.js,Magic Number,"{'line': 67, 'column': 29, 'index': 1748}","  65 |     expect(wrapper.find('tbody').exists()).toBe(true)
  66 |     const $trs = wrapper.findAll('tbody > tr')
> 67 |     expect($trs.length).toBe(4)
     |                             ^ Magic Number
  68 |     expect(
  69 |       $trs
  70 |         .at(0)"
/home/gabriel/Disk/Research/research-javascript-test-smells/repositories/bootstrap-vue-dev/src/components/table/table-row-details.spec.js,Magic Number,"{'line': 119, 'column': 29, 'index': 2968}","  117 |     expect(wrapper.find('tbody').exists()).toBe(true)
  118 |     const $trs = wrapper.findAll('tbody > tr')
> 119 |     expect($trs.length).toBe(4)
      |                             ^ Magic Number
  120 |     expect(
  121 |       $trs
  122 |         .at(0)"
/home/gabriel/Disk/Research/research-javascript-test-smells/repositories/bootstrap-vue-dev/src/components/table/table-row-details.spec.js,Magic Number,"{'line': 126, 'column': 49, 'index': 3130}","  124 |         .exists()
  125 |     ).toBe(false)
> 126 |     expect($trs.at(0).findAll('td').length).toBe(3)
      |                                                 ^ Magic Number
  127 |     expect(
  128 |       $trs
  129 |         .at(1)"
/home/gabriel/Disk/Research/research-javascript-test-smells/repositories/bootstrap-vue-dev/src/components/table/table-row-details.spec.js,Magic Number,"{'line': 133, 'column': 49, 'index': 3291}","  131 |         .exists()
  132 |     ).toBe(true)
> 133 |     expect($trs.at(1).findAll('td').length).toBe(1)
      |                                                 ^ Magic Number
  134 |     expect($trs.at(1).text()).toBe('foobar')
  135 |     const $detailsTd = $trs.at(1).find('td')
  136 |     expect($detailsTd.classes().length).toBe(1)"
/home/gabriel/Disk/Research/research-javascript-test-smells/repositories/bootstrap-vue-dev/src/components/table/table-row-details.spec.js,Magic Number,"{'line': 136, 'column': 45, 'index': 3429}","  134 |     expect($trs.at(1).text()).toBe('foobar')
  135 |     const $detailsTd = $trs.at(1).find('td')
> 136 |     expect($detailsTd.classes().length).toBe(1)
      |                                             ^ Magic Number
  137 |     expect($detailsTd.classes()).toContain('foobar-class')
  138 |     expect(
  139 |       $trs"
/home/gabriel/Disk/Research/research-javascript-test-smells/repositories/bootstrap-vue-dev/src/components/table/table-row-details.spec.js,Magic Number,"{'line': 144, 'column': 49, 'index': 3650}","  142 |         .exists()
  143 |     ).toBe(false)
> 144 |     expect($trs.at(2).findAll('td').length).toBe(3)
      |                                                 ^ Magic Number
  145 |     expect(
  146 |       $trs
  147 |         .at(3)"
/home/gabriel/Disk/Research/research-javascript-test-smells/repositories/bootstrap-vue-dev/src/components/table/table-row-details.spec.js,Magic Number,"{'line': 151, 'column': 49, 'index': 3812}","  149 |         .exists()
  150 |     ).toBe(false)
> 151 |     expect($trs.at(3).findAll('td').length).toBe(3)
      |                                                 ^ Magic Number
  152 |
  153 |     wrapper.destroy()
  154 |   })"
/home/gabriel/Disk/Research/research-javascript-test-smells/repositories/bootstrap-vue-dev/src/components/table/table-row-details.spec.js,Magic Number,"{'line': 176, 'column': 54, 'index': 4507}","  174 |     expect(wrapper).toBeDefined()
  175 |     expect(wrapper.find('tbody').exists()).toBe(true)
> 176 |     expect(wrapper.findAll('tbody > tr').length).toBe(4)
      |                                                      ^ Magic Number
  177 |
  178 |     wrapper.vm.localItems[2]._showDetails = true
  179 |     await waitNT(wrapper.vm)"
/home/gabriel/Disk/Research/research-javascript-test-smells/repositories/bootstrap-vue-dev/src/components/table/table-row-details.spec.js,Magic Number,"{'line': 181, 'column': 29, 'index': 4665}","  179 |     await waitNT(wrapper.vm)
  180 |     const $trs = wrapper.findAll('tbody > tr')
> 181 |     expect($trs.length).toBe(5)
      |                             ^ Magic Number
  182 |     expect(
  183 |       $trs
  184 |         .at(0)"
/home/gabriel/Disk/Research/research-javascript-test-smells/repositories/bootstrap-vue-dev/src/components/table/table-row-details.spec.js,Magic Number,"{'line': 238, 'column': 54, 'index': 6010}","  236 |     expect(wrapper).toBeDefined()
  237 |     expect(wrapper.find('tbody').exists()).toBe(true)
> 238 |     expect(wrapper.findAll('tbody > tr').length).toBe(4)
      |                                                      ^ Magic Number
  239 |     $trs = wrapper.findAll('tbody > tr')
  240 |     expect($trs.length).toBe(4)
  241 |     expect("
/home/gabriel/Disk/Research/research-javascript-test-smells/repositories/bootstrap-vue-dev/src/components/table/table-row-details.spec.js,Magic Number,"{'line': 240, 'column': 29, 'index': 6083}","  238 |     expect(wrapper.findAll('tbody > tr').length).toBe(4)
  239 |     $trs = wrapper.findAll('tbody > tr')
> 240 |     expect($trs.length).toBe(4)
      |                             ^ Magic Number
  241 |     expect(
  242 |       $trs
  243 |         .at(0)"
/home/gabriel/Disk/Research/research-javascript-test-smells/repositories/bootstrap-vue-dev/src/components/table/table-row-details.spec.js,Magic Number,"{'line': 270, 'column': 29, 'index': 6720}","  268 |     await waitNT(wrapper.vm)
  269 |     $trs = wrapper.findAll('tbody > tr')
> 270 |     expect($trs.length).toBe(3)
      |                             ^ Magic Number
  271 |     expect(
  272 |       $trs
  273 |         .at(0)"
/home/gabriel/Disk/Research/research-javascript-test-smells/repositories/bootstrap-vue-dev/src/components/table/table-row-details.spec.js,Magic Number,"{'line': 315, 'column': 29, 'index': 7805}","  313 |     expect(wrapper.find('tbody').exists()).toBe(true)
  314 |     const $trs = wrapper.findAll('tbody > tr')
> 315 |     expect($trs.length).toBe(5)
      |                             ^ Magic Number
  316 |     expect(
  317 |       $trs
  318 |         .at(0)"
/home/gabriel/Disk/Research/research-javascript-test-smells/repositories/bootstrap-vue-dev/src/components/table/table-row-details.spec.js,Magic Number,"{'line': 400, 'column': 54, 'index': 9659}","  398 |     expect(wrapper).toBeDefined()
  399 |     expect(wrapper.find('tbody').exists()).toBe(true)
> 400 |     expect(wrapper.findAll('tbody > tr').length).toBe(2)
      |                                                      ^ Magic Number
  401 |
  402 |     $trs = wrapper.findAll('tbody > tr')
  403 |     expect($trs.length).toBe(2)"
/home/gabriel/Disk/Research/research-javascript-test-smells/repositories/bootstrap-vue-dev/src/components/table/table-row-details.spec.js,Magic Number,"{'line': 403, 'column': 29, 'index': 9733}","  401 |
  402 |     $trs = wrapper.findAll('tbody > tr')
> 403 |     expect($trs.length).toBe(2)
      |                             ^ Magic Number
  404 |     expect(
  405 |       $trs
  406 |         .at(0)"
/home/gabriel/Disk/Research/research-javascript-test-smells/repositories/bootstrap-vue-dev/src/components/table/table-row-details.spec.js,Magic Number,"{'line': 423, 'column': 54, 'index': 10197}","  421 |     await waitNT(wrapper.vm)
  422 |
> 423 |     expect(wrapper.findAll('tbody > tr').length).toBe(1)
      |                                                      ^ Magic Number
  424 |
  425 |     $trs = wrapper.findAll('tbody > tr')
  426 |     expect($trs.length).toBe(1)"
/home/gabriel/Disk/Research/research-javascript-test-smells/repositories/bootstrap-vue-dev/src/components/table/table-row-details.spec.js,Magic Number,"{'line': 426, 'column': 29, 'index': 10271}","  424 |
  425 |     $trs = wrapper.findAll('tbody > tr')
> 426 |     expect($trs.length).toBe(1)
      |                             ^ Magic Number
  427 |     expect(
  428 |       $trs
  429 |         .at(0)"
/home/gabriel/Disk/Research/research-javascript-test-smells/repositories/bootstrap-vue-dev/src/components/table/table-row-details.spec.js,Magic Number,"{'line': 439, 'column': 54, 'index': 10575}","  437 |     await waitNT(wrapper.vm)
  438 |
> 439 |     expect(wrapper.findAll('tbody > tr').length).toBe(2)
      |                                                      ^ Magic Number
  440 |
  441 |     $trs = wrapper.findAll('tbody > tr')
  442 |     expect($trs.length).toBe(2)"
/home/gabriel/Disk/Research/research-javascript-test-smells/repositories/bootstrap-vue-dev/src/components/table/table-row-details.spec.js,Magic Number,"{'line': 442, 'column': 29, 'index': 10649}","  440 |
  441 |     $trs = wrapper.findAll('tbody > tr')
> 442 |     expect($trs.length).toBe(2)
      |                             ^ Magic Number
  443 |     expect(
  444 |       $trs
  445 |         .at(0)"
/home/gabriel/Disk/Research/research-javascript-test-smells/repositories/bootstrap-vue-dev/src/components/table/table-provider.spec.js,Duplicate Assert,"{'line': 67, 'column': 4, 'index': 1584}","  65 |
  66 |     expect(wrapper.find('tbody').exists()).toBe(true)
> 67 |     expect(
     |    ^ Duplicate Assert
  68 |       wrapper
  69 |         .find('tbody')
  70 |         .findAll('tr')"
/home/gabriel/Disk/Research/research-javascript-test-smells/repositories/bootstrap-vue-dev/src/components/table/table-provider.spec.js,Duplicate Assert,"{'line': 67, 'column': 4, 'index': 1584}","  65 |
  66 |     expect(wrapper.find('tbody').exists()).toBe(true)
> 67 |     expect(
     |    ^ Duplicate Assert
  68 |       wrapper
  69 |         .find('tbody')
  70 |         .findAll('tr')"
/home/gabriel/Disk/Research/research-javascript-test-smells/repositories/bootstrap-vue-dev/src/components/table/table-provider.spec.js,Duplicate Assert,"{'line': 74, 'column': 4, 'index': 1727}","  72 |     ).toBe(true)
  73 |     // Should have single empty row
> 74 |     expect(wrapper.find('tbody').findAll('tr').length).toBe(1)
     |    ^ Duplicate Assert
  75 |
  76 |     await waitNT(wrapper.vm)
  77 |"
/home/gabriel/Disk/Research/research-javascript-test-smells/repositories/bootstrap-vue-dev/src/components/table/table-provider.spec.js,Duplicate Assert,"{'line': 83, 'column': 4, 'index': 1921}","  81 |     await waitNT(wrapper.vm)
  82 |
> 83 |     expect(
     |    ^ Duplicate Assert
  84 |       wrapper
  85 |         .find('tbody')
  86 |         .findAll('tr')"
/home/gabriel/Disk/Research/research-javascript-test-smells/repositories/bootstrap-vue-dev/src/components/table/table-provider.spec.js,Duplicate Assert,"{'line': 83, 'column': 4, 'index': 1921}","  81 |     await waitNT(wrapper.vm)
  82 |
> 83 |     expect(
     |    ^ Duplicate Assert
  84 |       wrapper
  85 |         .find('tbody')
  86 |         .findAll('tr')"
/home/gabriel/Disk/Research/research-javascript-test-smells/repositories/bootstrap-vue-dev/src/components/table/table-provider.spec.js,Duplicate Assert,"{'line': 89, 'column': 4, 'index': 2028}","  87 |         .exists()
  88 |     ).toBe(true)
> 89 |     expect(wrapper.find('tbody').findAll('tr').length).toBe(testItems.length)
     |    ^ Duplicate Assert
  90 |
  91 |     wrapper.destroy()
  92 |   })"
/home/gabriel/Disk/Research/research-javascript-test-smells/repositories/bootstrap-vue-dev/src/components/table/table-provider.spec.js,Duplicate Assert,"{'line': 114, 'column': 4, 'index': 2608}","  112 |
  113 |     expect(wrapper.find('tbody').exists()).toBe(true)
> 114 |     expect(
      |    ^ Duplicate Assert
  115 |       wrapper
  116 |         .find('tbody')
  117 |         .findAll('tr')"
/home/gabriel/Disk/Research/research-javascript-test-smells/repositories/bootstrap-vue-dev/src/components/table/table-provider.spec.js,Duplicate Assert,"{'line': 114, 'column': 4, 'index': 2608}","  112 |
  113 |     expect(wrapper.find('tbody').exists()).toBe(true)
> 114 |     expect(
      |    ^ Duplicate Assert
  115 |       wrapper
  116 |         .find('tbody')
  117 |         .findAll('tr')"
/home/gabriel/Disk/Research/research-javascript-test-smells/repositories/bootstrap-vue-dev/src/components/table/table-provider.spec.js,Duplicate Assert,"{'line': 121, 'column': 4, 'index': 2751}","  119 |     ).toBe(true)
  120 |     // Should have single empty row
> 121 |     expect(wrapper.find('tbody').findAll('tr').length).toBe(1)
      |    ^ Duplicate Assert
  122 |
  123 |     await waitNT(wrapper.vm)
  124 |"
/home/gabriel/Disk/Research/research-javascript-test-smells/repositories/bootstrap-vue-dev/src/components/table/table-provider.spec.js,Duplicate Assert,"{'line': 130, 'column': 4, 'index': 2943}","  128 |     await waitNT(wrapper.vm)
  129 |
> 130 |     expect(
      |    ^ Duplicate Assert
  131 |       wrapper
  132 |         .find('tbody')
  133 |         .findAll('tr')"
/home/gabriel/Disk/Research/research-javascript-test-smells/repositories/bootstrap-vue-dev/src/components/table/table-provider.spec.js,Duplicate Assert,"{'line': 130, 'column': 4, 'index': 2943}","  128 |     await waitNT(wrapper.vm)
  129 |
> 130 |     expect(
      |    ^ Duplicate Assert
  131 |       wrapper
  132 |         .find('tbody')
  133 |         .findAll('tr')"
/home/gabriel/Disk/Research/research-javascript-test-smells/repositories/bootstrap-vue-dev/src/components/table/table-provider.spec.js,Duplicate Assert,"{'line': 136, 'column': 4, 'index': 3050}","  134 |         .exists()
  135 |     ).toBe(true)
> 136 |     expect(wrapper.find('tbody').findAll('tr').length).toBe(testItems.length)
      |    ^ Duplicate Assert
  137 |
  138 |     wrapper.destroy()
  139 |   })"
/home/gabriel/Disk/Research/research-javascript-test-smells/repositories/bootstrap-vue-dev/src/components/table/table-provider.spec.js,Duplicate Assert,"{'line': 159, 'column': 4, 'index': 3617}","  157 |
  158 |     expect(wrapper.find('tbody').exists()).toBe(true)
> 159 |     expect(
      |    ^ Duplicate Assert
  160 |       wrapper
  161 |         .find('tbody')
  162 |         .findAll('tr')"
/home/gabriel/Disk/Research/research-javascript-test-smells/repositories/bootstrap-vue-dev/src/components/table/table-provider.spec.js,Duplicate Assert,"{'line': 159, 'column': 4, 'index': 3617}","  157 |
  158 |     expect(wrapper.find('tbody').exists()).toBe(true)
> 159 |     expect(
      |    ^ Duplicate Assert
  160 |       wrapper
  161 |         .find('tbody')
  162 |         .findAll('tr')"
/home/gabriel/Disk/Research/research-javascript-test-smells/repositories/bootstrap-vue-dev/src/components/table/table-provider.spec.js,Duplicate Assert,"{'line': 166, 'column': 4, 'index': 3760}","  164 |     ).toBe(true)
  165 |     // Should have single empty row
> 166 |     expect(wrapper.find('tbody').findAll('tr').length).toBe(1)
      |    ^ Duplicate Assert
  167 |
  168 |     await waitNT(wrapper.vm)
  169 |     await waitNT(wrapper.vm)"
/home/gabriel/Disk/Research/research-javascript-test-smells/repositories/bootstrap-vue-dev/src/components/table/table-provider.spec.js,Duplicate Assert,"{'line': 166, 'column': 4, 'index': 3760}","  164 |     ).toBe(true)
  165 |     // Should have single empty row
> 166 |     expect(wrapper.find('tbody').findAll('tr').length).toBe(1)
      |    ^ Duplicate Assert
  167 |
  168 |     await waitNT(wrapper.vm)
  169 |     await waitNT(wrapper.vm)"
/home/gabriel/Disk/Research/research-javascript-test-smells/repositories/bootstrap-vue-dev/src/components/table/table-provider.spec.js,Duplicate Assert,"{'line': 176, 'column': 4, 'index': 4094}","  174 |     expect(wrapper.emitted('update:busy')[last][0]).toBe(false)
  175 |
> 176 |     expect(
      |    ^ Duplicate Assert
  177 |       wrapper
  178 |         .find('tbody')
  179 |         .findAll('tr')"
/home/gabriel/Disk/Research/research-javascript-test-smells/repositories/bootstrap-vue-dev/src/components/table/table-provider.spec.js,Duplicate Assert,"{'line': 176, 'column': 4, 'index': 4094}","  174 |     expect(wrapper.emitted('update:busy')[last][0]).toBe(false)
  175 |
> 176 |     expect(
      |    ^ Duplicate Assert
  177 |       wrapper
  178 |         .find('tbody')
  179 |         .findAll('tr')"
/home/gabriel/Disk/Research/research-javascript-test-smells/repositories/bootstrap-vue-dev/src/components/table/table-provider.spec.js,Duplicate Assert,"{'line': 182, 'column': 4, 'index': 4201}","  180 |         .exists()
  181 |     ).toBe(true)
> 182 |     expect(wrapper.find('tbody').findAll('tr').length).toBe(1)
      |    ^ Duplicate Assert
  183 |
  184 |     wrapper.destroy()
  185 |   })"
/home/gabriel/Disk/Research/research-javascript-test-smells/repositories/bootstrap-vue-dev/src/components/table/table-provider.spec.js,Duplicate Assert,"{'line': 182, 'column': 4, 'index': 4201}","  180 |         .exists()
  181 |     ).toBe(true)
> 182 |     expect(wrapper.find('tbody').findAll('tr').length).toBe(1)
      |    ^ Duplicate Assert
  183 |
  184 |     wrapper.destroy()
  185 |   })"
/home/gabriel/Disk/Research/research-javascript-test-smells/repositories/bootstrap-vue-dev/src/components/table/table-provider.spec.js,Duplicate Assert,"{'line': 204, 'column': 4, 'index': 4733}","  202 |     // Always initially emits a refresh when provider used
  203 |     expect(wrapper.emitted('refreshed')).toBeDefined()
> 204 |     expect(wrapper.emitted('refreshed').length).toBe(1)
      |    ^ Duplicate Assert
  205 |
  206 |     // Instance refresh method
  207 |     wrapper.vm.refresh()"
/home/gabriel/Disk/Research/research-javascript-test-smells/repositories/bootstrap-vue-dev/src/components/table/table-provider.spec.js,Duplicate Assert,"{'line': 210, 'column': 4, 'index': 4904}","  208 |     await waitNT(wrapper.vm)
  209 |     await waitNT(wrapper.vm)
> 210 |     expect(wrapper.emitted('refreshed').length).toBe(2)
      |    ^ Duplicate Assert
  211 |
  212 |     // Root event refreshing
  213 |     wrapper.vm.$root.$emit('bv::refresh::table', 'the-table')"
/home/gabriel/Disk/Research/research-javascript-test-smells/repositories/bootstrap-vue-dev/src/components/table/table-provider.spec.js,Duplicate Assert,"{'line': 216, 'column': 4, 'index': 5110}","  214 |     await waitNT(wrapper.vm)
  215 |     await waitNT(wrapper.vm)
> 216 |     expect(wrapper.emitted('refreshed').length).toBe(3)
      |    ^ Duplicate Assert
  217 |
  218 |     wrapper.destroy()
  219 |   })"
/home/gabriel/Disk/Research/research-javascript-test-smells/repositories/bootstrap-vue-dev/src/components/table/table-provider.spec.js,Duplicate Assert,"{'line': 237, 'column': 4, 'index': 5581}","  235 |     expect(wrapper).toBeDefined()
  236 |
> 237 |     expect(wrapper.emitted('refreshed')).toBeUndefined()
      |    ^ Duplicate Assert
  238 |
  239 |     await waitNT(wrapper.vm)
  240 |"
/home/gabriel/Disk/Research/research-javascript-test-smells/repositories/bootstrap-vue-dev/src/components/table/table-provider.spec.js,Duplicate Assert,"{'line': 237, 'column': 4, 'index': 5581}","  235 |     expect(wrapper).toBeDefined()
  236 |
> 237 |     expect(wrapper.emitted('refreshed')).toBeUndefined()
      |    ^ Duplicate Assert
  238 |
  239 |     await waitNT(wrapper.vm)
  240 |"
/home/gabriel/Disk/Research/research-javascript-test-smells/repositories/bootstrap-vue-dev/src/components/table/table-provider.spec.js,Duplicate Assert,"{'line': 241, 'column': 4, 'index': 5669}","  239 |     await waitNT(wrapper.vm)
  240 |
> 241 |     expect(wrapper.emitted('refreshed')).toBeUndefined()
      |    ^ Duplicate Assert
  242 |     expect(wrapper.vm.localBusy).toBe(true)
  243 |
  244 |     // No refreshing if localBusy is true"
/home/gabriel/Disk/Research/research-javascript-test-smells/repositories/bootstrap-vue-dev/src/components/table/table-provider.spec.js,Duplicate Assert,"{'line': 241, 'column': 4, 'index': 5669}","  239 |     await waitNT(wrapper.vm)
  240 |
> 241 |     expect(wrapper.emitted('refreshed')).toBeUndefined()
      |    ^ Duplicate Assert
  242 |     expect(wrapper.vm.localBusy).toBe(true)
  243 |
  244 |     // No refreshing if localBusy is true"
/home/gabriel/Disk/Research/research-javascript-test-smells/repositories/bootstrap-vue-dev/src/components/table/table-provider.spec.js,Duplicate Assert,"{'line': 250, 'column': 4, 'index': 6015}","  248 |     await wrapper.setProps({ sortBy: 'b' })
  249 |     await waitNT(wrapper.vm)
> 250 |     expect(wrapper.emitted('refreshed')).toBeUndefined()
      |    ^ Duplicate Assert
  251 |
  252 |     expect(callback).toBeDefined()
  253 |     callback(testItems.slice())"
/home/gabriel/Disk/Research/research-javascript-test-smells/repositories/bootstrap-vue-dev/src/components/table/table-provider.spec.js,Duplicate Assert,"{'line': 250, 'column': 4, 'index': 6015}","  248 |     await wrapper.setProps({ sortBy: 'b' })
  249 |     await waitNT(wrapper.vm)
> 250 |     expect(wrapper.emitted('refreshed')).toBeUndefined()
      |    ^ Duplicate Assert
  251 |
  252 |     expect(callback).toBeDefined()
  253 |     callback(testItems.slice())"
/home/gabriel/Disk/Research/research-javascript-test-smells/repositories/bootstrap-vue-dev/src/components/table/table-provider.spec.js,Duplicate Assert,"{'line': 258, 'column': 4, 'index': 6266}","  256 |     // Refreshed event should happen only once, even though
  257 |     // triggered 3 times while busy
> 258 |     expect(wrapper.emitted('refreshed')).toBeDefined()
      |    ^ Duplicate Assert
  259 |     expect(wrapper.emitted('refreshed').length).toBe(1)
  260 |
  261 |     // Just to be sure, we wait again and re-test"
/home/gabriel/Disk/Research/research-javascript-test-smells/repositories/bootstrap-vue-dev/src/components/table/table-provider.spec.js,Duplicate Assert,"{'line': 259, 'column': 4, 'index': 6321}","  257 |     // triggered 3 times while busy
  258 |     expect(wrapper.emitted('refreshed')).toBeDefined()
> 259 |     expect(wrapper.emitted('refreshed').length).toBe(1)
      |    ^ Duplicate Assert
  260 |
  261 |     // Just to be sure, we wait again and re-test
  262 |     await waitNT(wrapper.vm)"
/home/gabriel/Disk/Research/research-javascript-test-smells/repositories/bootstrap-vue-dev/src/components/table/table-provider.spec.js,Duplicate Assert,"{'line': 259, 'column': 4, 'index': 6321}","  257 |     // triggered 3 times while busy
  258 |     expect(wrapper.emitted('refreshed')).toBeDefined()
> 259 |     expect(wrapper.emitted('refreshed').length).toBe(1)
      |    ^ Duplicate Assert
  260 |
  261 |     // Just to be sure, we wait again and re-test
  262 |     await waitNT(wrapper.vm)"
/home/gabriel/Disk/Research/research-javascript-test-smells/repositories/bootstrap-vue-dev/src/components/table/table-provider.spec.js,Duplicate Assert,"{'line': 263, 'column': 4, 'index': 6457}","  261 |     // Just to be sure, we wait again and re-test
  262 |     await waitNT(wrapper.vm)
> 263 |     expect(wrapper.emitted('refreshed').length).toBe(1)
      |    ^ Duplicate Assert
  264 |     await waitNT(wrapper.vm)
  265 |     expect(wrapper.emitted('refreshed').length).toBe(1)
  266 |"
/home/gabriel/Disk/Research/research-javascript-test-smells/repositories/bootstrap-vue-dev/src/components/table/table-provider.spec.js,Duplicate Assert,"{'line': 263, 'column': 4, 'index': 6457}","  261 |     // Just to be sure, we wait again and re-test
  262 |     await waitNT(wrapper.vm)
> 263 |     expect(wrapper.emitted('refreshed').length).toBe(1)
      |    ^ Duplicate Assert
  264 |     await waitNT(wrapper.vm)
  265 |     expect(wrapper.emitted('refreshed').length).toBe(1)
  266 |"
/home/gabriel/Disk/Research/research-javascript-test-smells/repositories/bootstrap-vue-dev/src/components/table/table-provider.spec.js,Duplicate Assert,"{'line': 265, 'column': 4, 'index': 6542}","  263 |     expect(wrapper.emitted('refreshed').length).toBe(1)
  264 |     await waitNT(wrapper.vm)
> 265 |     expect(wrapper.emitted('refreshed').length).toBe(1)
      |    ^ Duplicate Assert
  266 |
  267 |     wrapper.destroy()
  268 |   })"
/home/gabriel/Disk/Research/research-javascript-test-smells/repositories/bootstrap-vue-dev/src/components/table/table-provider.spec.js,Duplicate Assert,"{'line': 265, 'column': 4, 'index': 6542}","  263 |     expect(wrapper.emitted('refreshed').length).toBe(1)
  264 |     await waitNT(wrapper.vm)
> 265 |     expect(wrapper.emitted('refreshed').length).toBe(1)
      |    ^ Duplicate Assert
  266 |
  267 |     wrapper.destroy()
  268 |   })"
/home/gabriel/Disk/Research/research-javascript-test-smells/repositories/bootstrap-vue-dev/src/components/table/table-provider.spec.js,Duplicate Assert,"{'line': 292, 'column': 4, 'index': 7143}","  290 |     expect(wrapper.emitted('input')).toBeDefined()
  291 |
> 292 |     expect(wrapper.find('tbody').exists()).toBe(true)
      |    ^ Duplicate Assert
  293 |     expect(
  294 |       wrapper
  295 |         .find('tbody')"
/home/gabriel/Disk/Research/research-javascript-test-smells/repositories/bootstrap-vue-dev/src/components/table/table-provider.spec.js,Duplicate Assert,"{'line': 292, 'column': 4, 'index': 7143}","  290 |     expect(wrapper.emitted('input')).toBeDefined()
  291 |
> 292 |     expect(wrapper.find('tbody').exists()).toBe(true)
      |    ^ Duplicate Assert
  293 |     expect(
  294 |       wrapper
  295 |         .find('tbody')"
/home/gabriel/Disk/Research/research-javascript-test-smells/repositories/bootstrap-vue-dev/src/components/table/table-provider.spec.js,Duplicate Assert,"{'line': 293, 'column': 4, 'index': 7197}","  291 |
  292 |     expect(wrapper.find('tbody').exists()).toBe(true)
> 293 |     expect(
      |    ^ Duplicate Assert
  294 |       wrapper
  295 |         .find('tbody')
  296 |         .findAll('tr')"
/home/gabriel/Disk/Research/research-javascript-test-smells/repositories/bootstrap-vue-dev/src/components/table/table-provider.spec.js,Duplicate Assert,"{'line': 293, 'column': 4, 'index': 7197}","  291 |
  292 |     expect(wrapper.find('tbody').exists()).toBe(true)
> 293 |     expect(
      |    ^ Duplicate Assert
  294 |       wrapper
  295 |         .find('tbody')
  296 |         .findAll('tr')"
/home/gabriel/Disk/Research/research-javascript-test-smells/repositories/bootstrap-vue-dev/src/components/table/table-provider.spec.js,Duplicate Assert,"{'line': 299, 'column': 4, 'index': 7304}","  297 |         .exists()
  298 |     ).toBe(true)
> 299 |     expect(wrapper.find('tbody').findAll('tr').length).toBe(testItems.length)
      |    ^ Duplicate Assert
  300 |
  301 |     await wrapper.setProps({ items: provider2 })
  302 |     await waitNT(wrapper.vm)"
/home/gabriel/Disk/Research/research-javascript-test-smells/repositories/bootstrap-vue-dev/src/components/table/table-provider.spec.js,Duplicate Assert,"{'line': 305, 'column': 4, 'index': 7491}","  303 |     await waitNT(wrapper.vm)
  304 |
> 305 |     expect(wrapper.find('tbody').exists()).toBe(true)
      |    ^ Duplicate Assert
  306 |     expect(
  307 |       wrapper
  308 |         .find('tbody')"
/home/gabriel/Disk/Research/research-javascript-test-smells/repositories/bootstrap-vue-dev/src/components/table/table-provider.spec.js,Duplicate Assert,"{'line': 305, 'column': 4, 'index': 7491}","  303 |     await waitNT(wrapper.vm)
  304 |
> 305 |     expect(wrapper.find('tbody').exists()).toBe(true)
      |    ^ Duplicate Assert
  306 |     expect(
  307 |       wrapper
  308 |         .find('tbody')"
/home/gabriel/Disk/Research/research-javascript-test-smells/repositories/bootstrap-vue-dev/src/components/table/table-provider.spec.js,Duplicate Assert,"{'line': 306, 'column': 4, 'index': 7545}","  304 |
  305 |     expect(wrapper.find('tbody').exists()).toBe(true)
> 306 |     expect(
      |    ^ Duplicate Assert
  307 |       wrapper
  308 |         .find('tbody')
  309 |         .findAll('tr')"
/home/gabriel/Disk/Research/research-javascript-test-smells/repositories/bootstrap-vue-dev/src/components/table/table-provider.spec.js,Duplicate Assert,"{'line': 306, 'column': 4, 'index': 7545}","  304 |
  305 |     expect(wrapper.find('tbody').exists()).toBe(true)
> 306 |     expect(
      |    ^ Duplicate Assert
  307 |       wrapper
  308 |         .find('tbody')
  309 |         .findAll('tr')"
/home/gabriel/Disk/Research/research-javascript-test-smells/repositories/bootstrap-vue-dev/src/components/table/table-provider.spec.js,Duplicate Assert,"{'line': 313, 'column': 4, 'index': 7653}","  311 |     ).toBe(true)
  312 |
> 313 |     expect(wrapper.find('tbody').findAll('tr').length).toBe(1)
      |    ^ Duplicate Assert
  314 |
  315 |     wrapper.destroy()
  316 |   })"
/home/gabriel/Disk/Research/research-javascript-test-smells/repositories/bootstrap-vue-dev/src/components/table/table-provider.spec.js,Duplicate Assert,"{'line': 335, 'column': 4, 'index': 8136}","  333 |     await waitNT(wrapper.vm)
  334 |
> 335 |     expect(providerCallCount).toBe(1)
      |    ^ Duplicate Assert
  336 |
  337 |     await waitNT(wrapper.vm)
  338 |     await waitNT(wrapper.vm)"
/home/gabriel/Disk/Research/research-javascript-test-smells/repositories/bootstrap-vue-dev/src/components/table/table-provider.spec.js,Duplicate Assert,"{'line': 335, 'column': 4, 'index': 8136}","  333 |     await waitNT(wrapper.vm)
  334 |
> 335 |     expect(providerCallCount).toBe(1)
      |    ^ Duplicate Assert
  336 |
  337 |     await waitNT(wrapper.vm)
  338 |     await waitNT(wrapper.vm)"
/home/gabriel/Disk/Research/research-javascript-test-smells/repositories/bootstrap-vue-dev/src/components/table/table-provider.spec.js,Duplicate Assert,"{'line': 341, 'column': 4, 'index': 8263}","  339 |     await waitNT(wrapper.vm)
  340 |
> 341 |     expect(providerCallCount).toBe(1)
      |    ^ Duplicate Assert
  342 |
  343 |     wrapper.destroy()
  344 |   })"
/home/gabriel/Disk/Research/research-javascript-test-smells/repositories/bootstrap-vue-dev/src/components/table/table-provider.spec.js,Duplicate Assert,"{'line': 341, 'column': 4, 'index': 8263}","  339 |     await waitNT(wrapper.vm)
  340 |
> 341 |     expect(providerCallCount).toBe(1)
      |    ^ Duplicate Assert
  342 |
  343 |     wrapper.destroy()
  344 |   })"
/home/gabriel/Disk/Research/research-javascript-test-smells/repositories/bootstrap-vue-dev/src/components/table/table-provider.spec.js,Duplicate Assert,"{'line': 392, 'column': 4, 'index': 9547}","  390 |     await waitNT(wrapper.vm)
  391 |
> 392 |     expect(lastProviderContext.filter).toEqual({
      |    ^ Duplicate Assert
  393 |       a: '123'
  394 |     })
  395 |"
/home/gabriel/Disk/Research/research-javascript-test-smells/repositories/bootstrap-vue-dev/src/components/table/table-provider.spec.js,Duplicate Assert,"{'line': 405, 'column': 4, 'index': 9974}","  403 |     await waitNT(wrapper.vm)
  404 |
> 405 |     expect(lastProviderContext.filter).toEqual({
      |    ^ Duplicate Assert
  406 |       a: '456'
  407 |     })
  408 |"
/home/gabriel/Disk/Research/research-javascript-test-smells/repositories/bootstrap-vue-dev/src/components/table/table-provider.spec.js,Magic Number,"{'line': 74, 'column': 60, 'index': 1783}","  72 |     ).toBe(true)
  73 |     // Should have single empty row
> 74 |     expect(wrapper.find('tbody').findAll('tr').length).toBe(1)
     |                                                            ^ Magic Number
  75 |
  76 |     await waitNT(wrapper.vm)
  77 |"
/home/gabriel/Disk/Research/research-javascript-test-smells/repositories/bootstrap-vue-dev/src/components/table/table-provider.spec.js,Magic Number,"{'line': 121, 'column': 60, 'index': 2807}","  119 |     ).toBe(true)
  120 |     // Should have single empty row
> 121 |     expect(wrapper.find('tbody').findAll('tr').length).toBe(1)
      |                                                            ^ Magic Number
  122 |
  123 |     await waitNT(wrapper.vm)
  124 |"
/home/gabriel/Disk/Research/research-javascript-test-smells/repositories/bootstrap-vue-dev/src/components/table/table-provider.spec.js,Magic Number,"{'line': 166, 'column': 60, 'index': 3816}","  164 |     ).toBe(true)
  165 |     // Should have single empty row
> 166 |     expect(wrapper.find('tbody').findAll('tr').length).toBe(1)
      |                                                            ^ Magic Number
  167 |
  168 |     await waitNT(wrapper.vm)
  169 |     await waitNT(wrapper.vm)"
/home/gabriel/Disk/Research/research-javascript-test-smells/repositories/bootstrap-vue-dev/src/components/table/table-provider.spec.js,Magic Number,"{'line': 182, 'column': 60, 'index': 4257}","  180 |         .exists()
  181 |     ).toBe(true)
> 182 |     expect(wrapper.find('tbody').findAll('tr').length).toBe(1)
      |                                                            ^ Magic Number
  183 |
  184 |     wrapper.destroy()
  185 |   })"
/home/gabriel/Disk/Research/research-javascript-test-smells/repositories/bootstrap-vue-dev/src/components/table/table-provider.spec.js,Magic Number,"{'line': 204, 'column': 53, 'index': 4782}","  202 |     // Always initially emits a refresh when provider used
  203 |     expect(wrapper.emitted('refreshed')).toBeDefined()
> 204 |     expect(wrapper.emitted('refreshed').length).toBe(1)
      |                                                     ^ Magic Number
  205 |
  206 |     // Instance refresh method
  207 |     wrapper.vm.refresh()"
/home/gabriel/Disk/Research/research-javascript-test-smells/repositories/bootstrap-vue-dev/src/components/table/table-provider.spec.js,Magic Number,"{'line': 210, 'column': 53, 'index': 4953}","  208 |     await waitNT(wrapper.vm)
  209 |     await waitNT(wrapper.vm)
> 210 |     expect(wrapper.emitted('refreshed').length).toBe(2)
      |                                                     ^ Magic Number
  211 |
  212 |     // Root event refreshing
  213 |     wrapper.vm.$root.$emit('bv::refresh::table', 'the-table')"
/home/gabriel/Disk/Research/research-javascript-test-smells/repositories/bootstrap-vue-dev/src/components/table/table-provider.spec.js,Magic Number,"{'line': 216, 'column': 53, 'index': 5159}","  214 |     await waitNT(wrapper.vm)
  215 |     await waitNT(wrapper.vm)
> 216 |     expect(wrapper.emitted('refreshed').length).toBe(3)
      |                                                     ^ Magic Number
  217 |
  218 |     wrapper.destroy()
  219 |   })"
/home/gabriel/Disk/Research/research-javascript-test-smells/repositories/bootstrap-vue-dev/src/components/table/table-provider.spec.js,Magic Number,"{'line': 259, 'column': 53, 'index': 6370}","  257 |     // triggered 3 times while busy
  258 |     expect(wrapper.emitted('refreshed')).toBeDefined()
> 259 |     expect(wrapper.emitted('refreshed').length).toBe(1)
      |                                                     ^ Magic Number
  260 |
  261 |     // Just to be sure, we wait again and re-test
  262 |     await waitNT(wrapper.vm)"
/home/gabriel/Disk/Research/research-javascript-test-smells/repositories/bootstrap-vue-dev/src/components/table/table-provider.spec.js,Magic Number,"{'line': 263, 'column': 53, 'index': 6506}","  261 |     // Just to be sure, we wait again and re-test
  262 |     await waitNT(wrapper.vm)
> 263 |     expect(wrapper.emitted('refreshed').length).toBe(1)
      |                                                     ^ Magic Number
  264 |     await waitNT(wrapper.vm)
  265 |     expect(wrapper.emitted('refreshed').length).toBe(1)
  266 |"
/home/gabriel/Disk/Research/research-javascript-test-smells/repositories/bootstrap-vue-dev/src/components/table/table-provider.spec.js,Magic Number,"{'line': 265, 'column': 53, 'index': 6591}","  263 |     expect(wrapper.emitted('refreshed').length).toBe(1)
  264 |     await waitNT(wrapper.vm)
> 265 |     expect(wrapper.emitted('refreshed').length).toBe(1)
      |                                                     ^ Magic Number
  266 |
  267 |     wrapper.destroy()
  268 |   })"
/home/gabriel/Disk/Research/research-javascript-test-smells/repositories/bootstrap-vue-dev/src/components/table/table-provider.spec.js,Magic Number,"{'line': 313, 'column': 60, 'index': 7709}","  311 |     ).toBe(true)
  312 |
> 313 |     expect(wrapper.find('tbody').findAll('tr').length).toBe(1)
      |                                                            ^ Magic Number
  314 |
  315 |     wrapper.destroy()
  316 |   })"
/home/gabriel/Disk/Research/research-javascript-test-smells/repositories/bootstrap-vue-dev/src/components/table/table-provider.spec.js,Magic Number,"{'line': 335, 'column': 35, 'index': 8167}","  333 |     await waitNT(wrapper.vm)
  334 |
> 335 |     expect(providerCallCount).toBe(1)
      |                                   ^ Magic Number
  336 |
  337 |     await waitNT(wrapper.vm)
  338 |     await waitNT(wrapper.vm)"
/home/gabriel/Disk/Research/research-javascript-test-smells/repositories/bootstrap-vue-dev/src/components/table/table-provider.spec.js,Magic Number,"{'line': 341, 'column': 35, 'index': 8294}","  339 |     await waitNT(wrapper.vm)
  340 |
> 341 |     expect(providerCallCount).toBe(1)
      |                                   ^ Magic Number
  342 |
  343 |     wrapper.destroy()
  344 |   })"
/home/gabriel/Disk/Research/research-javascript-test-smells/repositories/bootstrap-vue-dev/src/components/table/table-primarykey.spec.js,Duplicate Assert,"{'line': 49, 'column': 4, 'index': 1384}","  47 |     const trs = wrapper.find('tbody').findAll('tr')
  48 |     expect(trs.length).toBe(testItems.length)
> 49 |     expect(trs.at(0).attributes('id')).toBeDefined()
     |    ^ Duplicate Assert
  50 |     expect(trs.at(0).attributes('id')).toBe(`foo__row_${testItems[0].a}`)
  51 |     expect(trs.at(1).attributes('id')).toBeDefined()
  52 |     expect(trs.at(1).attributes('id')).toBe(`foo__row_${testItems[1].a}`)"
/home/gabriel/Disk/Research/research-javascript-test-smells/repositories/bootstrap-vue-dev/src/components/table/table-primarykey.spec.js,Duplicate Assert,"{'line': 50, 'column': 4, 'index': 1437}","  48 |     expect(trs.length).toBe(testItems.length)
  49 |     expect(trs.at(0).attributes('id')).toBeDefined()
> 50 |     expect(trs.at(0).attributes('id')).toBe(`foo__row_${testItems[0].a}`)
     |    ^ Duplicate Assert
  51 |     expect(trs.at(1).attributes('id')).toBeDefined()
  52 |     expect(trs.at(1).attributes('id')).toBe(`foo__row_${testItems[1].a}`)
  53 |     expect(trs.at(2).attributes('id')).toBeDefined()"
/home/gabriel/Disk/Research/research-javascript-test-smells/repositories/bootstrap-vue-dev/src/components/table/table-primarykey.spec.js,Duplicate Assert,"{'line': 51, 'column': 4, 'index': 1511}","  49 |     expect(trs.at(0).attributes('id')).toBeDefined()
  50 |     expect(trs.at(0).attributes('id')).toBe(`foo__row_${testItems[0].a}`)
> 51 |     expect(trs.at(1).attributes('id')).toBeDefined()
     |    ^ Duplicate Assert
  52 |     expect(trs.at(1).attributes('id')).toBe(`foo__row_${testItems[1].a}`)
  53 |     expect(trs.at(2).attributes('id')).toBeDefined()
  54 |     expect(trs.at(2).attributes('id')).toBe(`foo__row_${testItems[2].a}`)"
/home/gabriel/Disk/Research/research-javascript-test-smells/repositories/bootstrap-vue-dev/src/components/table/table-primarykey.spec.js,Duplicate Assert,"{'line': 52, 'column': 4, 'index': 1564}","  50 |     expect(trs.at(0).attributes('id')).toBe(`foo__row_${testItems[0].a}`)
  51 |     expect(trs.at(1).attributes('id')).toBeDefined()
> 52 |     expect(trs.at(1).attributes('id')).toBe(`foo__row_${testItems[1].a}`)
     |    ^ Duplicate Assert
  53 |     expect(trs.at(2).attributes('id')).toBeDefined()
  54 |     expect(trs.at(2).attributes('id')).toBe(`foo__row_${testItems[2].a}`)
  55 |"
/home/gabriel/Disk/Research/research-javascript-test-smells/repositories/bootstrap-vue-dev/src/components/table/table-primarykey.spec.js,Duplicate Assert,"{'line': 53, 'column': 4, 'index': 1638}","  51 |     expect(trs.at(1).attributes('id')).toBeDefined()
  52 |     expect(trs.at(1).attributes('id')).toBe(`foo__row_${testItems[1].a}`)
> 53 |     expect(trs.at(2).attributes('id')).toBeDefined()
     |    ^ Duplicate Assert
  54 |     expect(trs.at(2).attributes('id')).toBe(`foo__row_${testItems[2].a}`)
  55 |
  56 |     wrapper.destroy()"
/home/gabriel/Disk/Research/research-javascript-test-smells/repositories/bootstrap-vue-dev/src/components/table/table-primarykey.spec.js,Duplicate Assert,"{'line': 54, 'column': 4, 'index': 1691}","  52 |     expect(trs.at(1).attributes('id')).toBe(`foo__row_${testItems[1].a}`)
  53 |     expect(trs.at(2).attributes('id')).toBeDefined()
> 54 |     expect(trs.at(2).attributes('id')).toBe(`foo__row_${testItems[2].a}`)
     |    ^ Duplicate Assert
  55 |
  56 |     wrapper.destroy()
  57 |   })"
/home/gabriel/Disk/Research/research-javascript-test-smells/repositories/bootstrap-vue-dev/src/components/table/table-pagination.spec.js,Duplicate Assert,"{'line': 64, 'column': 4, 'index': 1294}","  62 |       }
  63 |     })
> 64 |     expect(wrapper.findAll('tbody > tr').length).toBe(3)
     |    ^ Duplicate Assert
  65 |     let $trs = wrapper.findAll('tbody > tr')
  66 |     expect(
  67 |       $trs"
/home/gabriel/Disk/Research/research-javascript-test-smells/repositories/bootstrap-vue-dev/src/components/table/table-pagination.spec.js,Duplicate Assert,"{'line': 66, 'column': 4, 'index': 1396}","  64 |     expect(wrapper.findAll('tbody > tr').length).toBe(3)
  65 |     let $trs = wrapper.findAll('tbody > tr')
> 66 |     expect(
     |    ^ Duplicate Assert
  67 |       $trs
  68 |         .at(0)
  69 |         .find('td')"
/home/gabriel/Disk/Research/research-javascript-test-smells/repositories/bootstrap-vue-dev/src/components/table/table-pagination.spec.js,Duplicate Assert,"{'line': 72, 'column': 4, 'index': 1486}","  70 |         .text()
  71 |     ).toBe('1')
> 72 |     expect(
     |    ^ Duplicate Assert
  73 |       $trs
  74 |         .at(1)
  75 |         .find('td')"
/home/gabriel/Disk/Research/research-javascript-test-smells/repositories/bootstrap-vue-dev/src/components/table/table-pagination.spec.js,Duplicate Assert,"{'line': 87, 'column': 4, 'index': 1715}","  85 |     await wrapper.setProps({ currentPage: 2 })
  86 |
> 87 |     expect(wrapper.findAll('tbody > tr').length).toBe(2)
     |    ^ Duplicate Assert
  88 |     $trs = wrapper.findAll('tbody > tr')
  89 |     expect(
  90 |       $trs"
/home/gabriel/Disk/Research/research-javascript-test-smells/repositories/bootstrap-vue-dev/src/components/table/table-pagination.spec.js,Duplicate Assert,"{'line': 89, 'column': 4, 'index': 1813}","  87 |     expect(wrapper.findAll('tbody > tr').length).toBe(2)
  88 |     $trs = wrapper.findAll('tbody > tr')
> 89 |     expect(
     |    ^ Duplicate Assert
  90 |       $trs
  91 |         .at(0)
  92 |         .find('td')"
/home/gabriel/Disk/Research/research-javascript-test-smells/repositories/bootstrap-vue-dev/src/components/table/table-pagination.spec.js,Duplicate Assert,"{'line': 95, 'column': 4, 'index': 1904}","  93 |         .text()
  94 |     ).toBe('10')
> 95 |     expect(
     |    ^ Duplicate Assert
  96 |       $trs
  97 |         .at(1)
  98 |         .find('td')"
/home/gabriel/Disk/Research/research-javascript-test-smells/repositories/bootstrap-vue-dev/src/components/table/table-pagination.spec.js,Duplicate Assert,"{'line': 104, 'column': 4, 'index': 2044}","  102 |     await wrapper.setProps({ currentPage: 3 })
  103 |
> 104 |     expect(wrapper.findAll('tbody > tr').length).toBe(0)
      |    ^ Duplicate Assert
  105 |
  106 |     wrapper.destroy()
  107 |   })"
/home/gabriel/Disk/Research/research-javascript-test-smells/repositories/bootstrap-vue-dev/src/components/table/table-pagination.spec.js,Duplicate Assert,"{'line': 118, 'column': 4, 'index': 2393}","  116 |       }
  117 |     })
> 118 |     expect(wrapper.findAll('tbody > tr').length).toBe(3)
      |    ^ Duplicate Assert
  119 |
  120 |     await wrapper.setProps({ currentPage: 10 })
  121 |"
/home/gabriel/Disk/Research/research-javascript-test-smells/repositories/bootstrap-vue-dev/src/components/table/table-pagination.spec.js,Duplicate Assert,"{'line': 122, 'column': 4, 'index': 2500}","  120 |     await wrapper.setProps({ currentPage: 10 })
  121 |
> 122 |     expect(wrapper.findAll('tbody > tr').length).toBe(1)
      |    ^ Duplicate Assert
  123 |     const $tr = wrapper.find('tbody > tr')
  124 |     expect($tr.text()).toBe(wrapper.vm.emptyText)
  125 |     expect($tr.classes()).toContain('b-table-empty-row')"
/home/gabriel/Disk/Research/research-javascript-test-smells/repositories/bootstrap-vue-dev/src/components/table/table-pagination.spec.js,Magic Number,"{'line': 19, 'column': 54, 'index': 464}","  17 |       }
  18 |     })
> 19 |     expect(wrapper.findAll('tbody > tr').length).toBe(5)
     |                                                      ^ Magic Number
  20 |
  21 |     wrapper.destroy()
  22 |   })"
/home/gabriel/Disk/Research/research-javascript-test-smells/repositories/bootstrap-vue-dev/src/components/table/table-pagination.spec.js,Magic Number,"{'line': 32, 'column': 54, 'index': 746}","  30 |       }
  31 |     })
> 32 |     expect(wrapper.findAll('tbody > tr').length).toBe(3)
     |                                                      ^ Magic Number
  33 |     const $trs = wrapper.findAll('tbody > tr')
  34 |     expect(
  35 |       $trs"
/home/gabriel/Disk/Research/research-javascript-test-smells/repositories/bootstrap-vue-dev/src/components/table/table-pagination.spec.js,Magic Number,"{'line': 64, 'column': 54, 'index': 1344}","  62 |       }
  63 |     })
> 64 |     expect(wrapper.findAll('tbody > tr').length).toBe(3)
     |                                                      ^ Magic Number
  65 |     let $trs = wrapper.findAll('tbody > tr')
  66 |     expect(
  67 |       $trs"
/home/gabriel/Disk/Research/research-javascript-test-smells/repositories/bootstrap-vue-dev/src/components/table/table-pagination.spec.js,Magic Number,"{'line': 87, 'column': 54, 'index': 1765}","  85 |     await wrapper.setProps({ currentPage: 2 })
  86 |
> 87 |     expect(wrapper.findAll('tbody > tr').length).toBe(2)
     |                                                      ^ Magic Number
  88 |     $trs = wrapper.findAll('tbody > tr')
  89 |     expect(
  90 |       $trs"
/home/gabriel/Disk/Research/research-javascript-test-smells/repositories/bootstrap-vue-dev/src/components/table/table-pagination.spec.js,Magic Number,"{'line': 104, 'column': 54, 'index': 2094}","  102 |     await wrapper.setProps({ currentPage: 3 })
  103 |
> 104 |     expect(wrapper.findAll('tbody > tr').length).toBe(0)
      |                                                      ^ Magic Number
  105 |
  106 |     wrapper.destroy()
  107 |   })"
/home/gabriel/Disk/Research/research-javascript-test-smells/repositories/bootstrap-vue-dev/src/components/table/table-pagination.spec.js,Magic Number,"{'line': 118, 'column': 54, 'index': 2443}","  116 |       }
  117 |     })
> 118 |     expect(wrapper.findAll('tbody > tr').length).toBe(3)
      |                                                      ^ Magic Number
  119 |
  120 |     await wrapper.setProps({ currentPage: 10 })
  121 |"
/home/gabriel/Disk/Research/research-javascript-test-smells/repositories/bootstrap-vue-dev/src/components/table/table-pagination.spec.js,Magic Number,"{'line': 122, 'column': 54, 'index': 2550}","  120 |     await wrapper.setProps({ currentPage: 10 })
  121 |
> 122 |     expect(wrapper.findAll('tbody > tr').length).toBe(1)
      |                                                      ^ Magic Number
  123 |     const $tr = wrapper.find('tbody > tr')
  124 |     expect($tr.text()).toBe(wrapper.vm.emptyText)
  125 |     expect($tr.classes()).toContain('b-table-empty-row')"
/home/gabriel/Disk/Research/research-javascript-test-smells/repositories/bootstrap-vue-dev/src/components/table/table-lite.spec.js,Duplicate Assert,"{'line': 19, 'column': 4, 'index': 523}","  17 |     expect(wrapper).toBeDefined()
  18 |     expect(wrapper.element.tagName).toBe('TABLE')
> 19 |     expect(wrapper.classes()).toContain('table')
     |    ^ Duplicate Assert
  20 |     expect(wrapper.classes()).toContain('b-table')
  21 |     expect(wrapper.classes().length).toBe(2)
  22 |"
/home/gabriel/Disk/Research/research-javascript-test-smells/repositories/bootstrap-vue-dev/src/components/table/table-lite.spec.js,Duplicate Assert,"{'line': 20, 'column': 4, 'index': 572}","  18 |     expect(wrapper.element.tagName).toBe('TABLE')
  19 |     expect(wrapper.classes()).toContain('table')
> 20 |     expect(wrapper.classes()).toContain('b-table')
     |    ^ Duplicate Assert
  21 |     expect(wrapper.classes().length).toBe(2)
  22 |
  23 |     wrapper.destroy()"
/home/gabriel/Disk/Research/research-javascript-test-smells/repositories/bootstrap-vue-dev/src/components/table/table-lite.spec.js,Duplicate Assert,"{'line': 37, 'column': 4, 'index': 992}","  35 |     expect(wrapper).toBeDefined()
  36 |     expect(wrapper.element.tagName).toBe('TABLE')
> 37 |     expect(wrapper.classes()).toContain('table-striped')
     |    ^ Duplicate Assert
  38 |     expect(wrapper.classes()).toContain('table')
  39 |     expect(wrapper.classes()).toContain('b-table')
  40 |     expect(wrapper.classes().length).toBe(3)"
/home/gabriel/Disk/Research/research-javascript-test-smells/repositories/bootstrap-vue-dev/src/components/table/table-lite.spec.js,Duplicate Assert,"{'line': 38, 'column': 4, 'index': 1049}","  36 |     expect(wrapper.element.tagName).toBe('TABLE')
  37 |     expect(wrapper.classes()).toContain('table-striped')
> 38 |     expect(wrapper.classes()).toContain('table')
     |    ^ Duplicate Assert
  39 |     expect(wrapper.classes()).toContain('b-table')
  40 |     expect(wrapper.classes().length).toBe(3)
  41 |"
/home/gabriel/Disk/Research/research-javascript-test-smells/repositories/bootstrap-vue-dev/src/components/table/table-lite.spec.js,Duplicate Assert,"{'line': 39, 'column': 4, 'index': 1098}","  37 |     expect(wrapper.classes()).toContain('table-striped')
  38 |     expect(wrapper.classes()).toContain('table')
> 39 |     expect(wrapper.classes()).toContain('b-table')
     |    ^ Duplicate Assert
  40 |     expect(wrapper.classes().length).toBe(3)
  41 |
  42 |     wrapper.destroy()"
/home/gabriel/Disk/Research/research-javascript-test-smells/repositories/bootstrap-vue-dev/src/components/table/table-lite.spec.js,Duplicate Assert,"{'line': 56, 'column': 4, 'index': 1521}","  54 |     expect(wrapper).toBeDefined()
  55 |     expect(wrapper.element.tagName).toBe('TABLE')
> 56 |     expect(wrapper.classes()).toContain('table-bordered')
     |    ^ Duplicate Assert
  57 |     expect(wrapper.classes()).toContain('table')
  58 |     expect(wrapper.classes()).toContain('b-table')
  59 |     expect(wrapper.classes().length).toBe(3)"
/home/gabriel/Disk/Research/research-javascript-test-smells/repositories/bootstrap-vue-dev/src/components/table/table-lite.spec.js,Duplicate Assert,"{'line': 57, 'column': 4, 'index': 1579}","  55 |     expect(wrapper.element.tagName).toBe('TABLE')
  56 |     expect(wrapper.classes()).toContain('table-bordered')
> 57 |     expect(wrapper.classes()).toContain('table')
     |    ^ Duplicate Assert
  58 |     expect(wrapper.classes()).toContain('b-table')
  59 |     expect(wrapper.classes().length).toBe(3)
  60 |"
/home/gabriel/Disk/Research/research-javascript-test-smells/repositories/bootstrap-vue-dev/src/components/table/table-lite.spec.js,Duplicate Assert,"{'line': 58, 'column': 4, 'index': 1628}","  56 |     expect(wrapper.classes()).toContain('table-bordered')
  57 |     expect(wrapper.classes()).toContain('table')
> 58 |     expect(wrapper.classes()).toContain('b-table')
     |    ^ Duplicate Assert
  59 |     expect(wrapper.classes().length).toBe(3)
  60 |
  61 |     wrapper.destroy()"
/home/gabriel/Disk/Research/research-javascript-test-smells/repositories/bootstrap-vue-dev/src/components/table/table-lite.spec.js,Duplicate Assert,"{'line': 75, 'column': 4, 'index': 2057}","  73 |     expect(wrapper).toBeDefined()
  74 |     expect(wrapper.element.tagName).toBe('TABLE')
> 75 |     expect(wrapper.classes()).toContain('table-borderless')
     |    ^ Duplicate Assert
  76 |     expect(wrapper.classes()).toContain('table')
  77 |     expect(wrapper.classes()).toContain('b-table')
  78 |     expect(wrapper.classes().length).toBe(3)"
/home/gabriel/Disk/Research/research-javascript-test-smells/repositories/bootstrap-vue-dev/src/components/table/table-lite.spec.js,Duplicate Assert,"{'line': 76, 'column': 4, 'index': 2117}","  74 |     expect(wrapper.element.tagName).toBe('TABLE')
  75 |     expect(wrapper.classes()).toContain('table-borderless')
> 76 |     expect(wrapper.classes()).toContain('table')
     |    ^ Duplicate Assert
  77 |     expect(wrapper.classes()).toContain('b-table')
  78 |     expect(wrapper.classes().length).toBe(3)
  79 |"
/home/gabriel/Disk/Research/research-javascript-test-smells/repositories/bootstrap-vue-dev/src/components/table/table-lite.spec.js,Duplicate Assert,"{'line': 77, 'column': 4, 'index': 2166}","  75 |     expect(wrapper.classes()).toContain('table-borderless')
  76 |     expect(wrapper.classes()).toContain('table')
> 77 |     expect(wrapper.classes()).toContain('b-table')
     |    ^ Duplicate Assert
  78 |     expect(wrapper.classes().length).toBe(3)
  79 |
  80 |     wrapper.destroy()"
/home/gabriel/Disk/Research/research-javascript-test-smells/repositories/bootstrap-vue-dev/src/components/table/table-lite.spec.js,Duplicate Assert,"{'line': 94, 'column': 4, 'index': 2580}","  92 |     expect(wrapper).toBeDefined()
  93 |     expect(wrapper.element.tagName).toBe('TABLE')
> 94 |     expect(wrapper.classes()).toContain('table-hover')
     |    ^ Duplicate Assert
  95 |     expect(wrapper.classes()).toContain('table')
  96 |     expect(wrapper.classes()).toContain('b-table')
  97 |     expect(wrapper.classes().length).toBe(3)"
/home/gabriel/Disk/Research/research-javascript-test-smells/repositories/bootstrap-vue-dev/src/components/table/table-lite.spec.js,Duplicate Assert,"{'line': 95, 'column': 4, 'index': 2635}","  93 |     expect(wrapper.element.tagName).toBe('TABLE')
  94 |     expect(wrapper.classes()).toContain('table-hover')
> 95 |     expect(wrapper.classes()).toContain('table')
     |    ^ Duplicate Assert
  96 |     expect(wrapper.classes()).toContain('b-table')
  97 |     expect(wrapper.classes().length).toBe(3)
  98 |"
/home/gabriel/Disk/Research/research-javascript-test-smells/repositories/bootstrap-vue-dev/src/components/table/table-lite.spec.js,Duplicate Assert,"{'line': 96, 'column': 4, 'index': 2684}","  94 |     expect(wrapper.classes()).toContain('table-hover')
  95 |     expect(wrapper.classes()).toContain('table')
> 96 |     expect(wrapper.classes()).toContain('b-table')
     |    ^ Duplicate Assert
  97 |     expect(wrapper.classes().length).toBe(3)
  98 |
  99 |     wrapper.destroy()"
/home/gabriel/Disk/Research/research-javascript-test-smells/repositories/bootstrap-vue-dev/src/components/table/table-lite.spec.js,Duplicate Assert,"{'line': 113, 'column': 4, 'index': 3095}","  111 |     expect(wrapper).toBeDefined()
  112 |     expect(wrapper.element.tagName).toBe('TABLE')
> 113 |     expect(wrapper.classes()).toContain('table-sm')
      |    ^ Duplicate Assert
  114 |     expect(wrapper.classes()).toContain('table')
  115 |     expect(wrapper.classes()).toContain('b-table')
  116 |     expect(wrapper.classes().length).toBe(3)"
/home/gabriel/Disk/Research/research-javascript-test-smells/repositories/bootstrap-vue-dev/src/components/table/table-lite.spec.js,Duplicate Assert,"{'line': 114, 'column': 4, 'index': 3147}","  112 |     expect(wrapper.element.tagName).toBe('TABLE')
  113 |     expect(wrapper.classes()).toContain('table-sm')
> 114 |     expect(wrapper.classes()).toContain('table')
      |    ^ Duplicate Assert
  115 |     expect(wrapper.classes()).toContain('b-table')
  116 |     expect(wrapper.classes().length).toBe(3)
  117 |"
/home/gabriel/Disk/Research/research-javascript-test-smells/repositories/bootstrap-vue-dev/src/components/table/table-lite.spec.js,Duplicate Assert,"{'line': 115, 'column': 4, 'index': 3196}","  113 |     expect(wrapper.classes()).toContain('table-sm')
  114 |     expect(wrapper.classes()).toContain('table')
> 115 |     expect(wrapper.classes()).toContain('b-table')
      |    ^ Duplicate Assert
  116 |     expect(wrapper.classes().length).toBe(3)
  117 |
  118 |     wrapper.destroy()"
/home/gabriel/Disk/Research/research-javascript-test-smells/repositories/bootstrap-vue-dev/src/components/table/table-lite.spec.js,Duplicate Assert,"{'line': 132, 'column': 4, 'index': 3607}","  130 |     expect(wrapper).toBeDefined()
  131 |     expect(wrapper.element.tagName).toBe('TABLE')
> 132 |     expect(wrapper.classes()).toContain('table-dark')
      |    ^ Duplicate Assert
  133 |     expect(wrapper.classes()).toContain('table')
  134 |     expect(wrapper.classes()).toContain('b-table')
  135 |     expect(wrapper.classes().length).toBe(3)"
/home/gabriel/Disk/Research/research-javascript-test-smells/repositories/bootstrap-vue-dev/src/components/table/table-lite.spec.js,Duplicate Assert,"{'line': 133, 'column': 4, 'index': 3661}","  131 |     expect(wrapper.element.tagName).toBe('TABLE')
  132 |     expect(wrapper.classes()).toContain('table-dark')
> 133 |     expect(wrapper.classes()).toContain('table')
      |    ^ Duplicate Assert
  134 |     expect(wrapper.classes()).toContain('b-table')
  135 |     expect(wrapper.classes().length).toBe(3)
  136 |"
/home/gabriel/Disk/Research/research-javascript-test-smells/repositories/bootstrap-vue-dev/src/components/table/table-lite.spec.js,Duplicate Assert,"{'line': 134, 'column': 4, 'index': 3710}","  132 |     expect(wrapper.classes()).toContain('table-dark')
  133 |     expect(wrapper.classes()).toContain('table')
> 134 |     expect(wrapper.classes()).toContain('b-table')
      |    ^ Duplicate Assert
  135 |     expect(wrapper.classes().length).toBe(3)
  136 |
  137 |     wrapper.destroy()"
/home/gabriel/Disk/Research/research-javascript-test-smells/repositories/bootstrap-vue-dev/src/components/table/table-lite.spec.js,Duplicate Assert,"{'line': 151, 'column': 4, 'index': 4125}","  149 |     expect(wrapper).toBeDefined()
  150 |     expect(wrapper.element.tagName).toBe('TABLE')
> 151 |     expect(wrapper.classes()).toContain('border')
      |    ^ Duplicate Assert
  152 |     expect(wrapper.classes()).toContain('table')
  153 |     expect(wrapper.classes()).toContain('b-table')
  154 |     expect(wrapper.classes().length).toBe(3)"
/home/gabriel/Disk/Research/research-javascript-test-smells/repositories/bootstrap-vue-dev/src/components/table/table-lite.spec.js,Duplicate Assert,"{'line': 152, 'column': 4, 'index': 4175}","  150 |     expect(wrapper.element.tagName).toBe('TABLE')
  151 |     expect(wrapper.classes()).toContain('border')
> 152 |     expect(wrapper.classes()).toContain('table')
      |    ^ Duplicate Assert
  153 |     expect(wrapper.classes()).toContain('b-table')
  154 |     expect(wrapper.classes().length).toBe(3)
  155 |"
/home/gabriel/Disk/Research/research-javascript-test-smells/repositories/bootstrap-vue-dev/src/components/table/table-lite.spec.js,Duplicate Assert,"{'line': 153, 'column': 4, 'index': 4224}","  151 |     expect(wrapper.classes()).toContain('border')
  152 |     expect(wrapper.classes()).toContain('table')
> 153 |     expect(wrapper.classes()).toContain('b-table')
      |    ^ Duplicate Assert
  154 |     expect(wrapper.classes().length).toBe(3)
  155 |
  156 |     wrapper.destroy()"
/home/gabriel/Disk/Research/research-javascript-test-smells/repositories/bootstrap-vue-dev/src/components/table/table-lite.spec.js,Duplicate Assert,"{'line': 170, 'column': 4, 'index': 4640}","  168 |     expect(wrapper).toBeDefined()
  169 |     expect(wrapper.element.tagName).toBe('TABLE')
> 170 |     expect(wrapper.classes()).toContain('b-table-fixed')
      |    ^ Duplicate Assert
  171 |     expect(wrapper.classes()).toContain('table')
  172 |     expect(wrapper.classes()).toContain('b-table')
  173 |     expect(wrapper.classes().length).toBe(3)"
/home/gabriel/Disk/Research/research-javascript-test-smells/repositories/bootstrap-vue-dev/src/components/table/table-lite.spec.js,Duplicate Assert,"{'line': 171, 'column': 4, 'index': 4697}","  169 |     expect(wrapper.element.tagName).toBe('TABLE')
  170 |     expect(wrapper.classes()).toContain('b-table-fixed')
> 171 |     expect(wrapper.classes()).toContain('table')
      |    ^ Duplicate Assert
  172 |     expect(wrapper.classes()).toContain('b-table')
  173 |     expect(wrapper.classes().length).toBe(3)
  174 |"
/home/gabriel/Disk/Research/research-javascript-test-smells/repositories/bootstrap-vue-dev/src/components/table/table-lite.spec.js,Duplicate Assert,"{'line': 172, 'column': 4, 'index': 4746}","  170 |     expect(wrapper.classes()).toContain('b-table-fixed')
  171 |     expect(wrapper.classes()).toContain('table')
> 172 |     expect(wrapper.classes()).toContain('b-table')
      |    ^ Duplicate Assert
  173 |     expect(wrapper.classes().length).toBe(3)
  174 |
  175 |     wrapper.destroy()"
/home/gabriel/Disk/Research/research-javascript-test-smells/repositories/bootstrap-vue-dev/src/components/table/table-lite.spec.js,Duplicate Assert,"{'line': 189, 'column': 4, 'index': 5168}","  187 |     expect(wrapper).toBeDefined()
  188 |     expect(wrapper.element.tagName).toBe('TABLE')
> 189 |     expect(wrapper.classes()).toContain('b-table-stacked')
      |    ^ Duplicate Assert
  190 |     expect(wrapper.classes()).toContain('table')
  191 |     expect(wrapper.classes()).toContain('b-table')
  192 |     expect(wrapper.classes().length).toBe(3)"
/home/gabriel/Disk/Research/research-javascript-test-smells/repositories/bootstrap-vue-dev/src/components/table/table-lite.spec.js,Duplicate Assert,"{'line': 190, 'column': 4, 'index': 5227}","  188 |     expect(wrapper.element.tagName).toBe('TABLE')
  189 |     expect(wrapper.classes()).toContain('b-table-stacked')
> 190 |     expect(wrapper.classes()).toContain('table')
      |    ^ Duplicate Assert
  191 |     expect(wrapper.classes()).toContain('b-table')
  192 |     expect(wrapper.classes().length).toBe(3)
  193 |"
/home/gabriel/Disk/Research/research-javascript-test-smells/repositories/bootstrap-vue-dev/src/components/table/table-lite.spec.js,Duplicate Assert,"{'line': 191, 'column': 4, 'index': 5276}","  189 |     expect(wrapper.classes()).toContain('b-table-stacked')
  190 |     expect(wrapper.classes()).toContain('table')
> 191 |     expect(wrapper.classes()).toContain('b-table')
      |    ^ Duplicate Assert
  192 |     expect(wrapper.classes().length).toBe(3)
  193 |
  194 |     wrapper.destroy()"
/home/gabriel/Disk/Research/research-javascript-test-smells/repositories/bootstrap-vue-dev/src/components/table/table-lite.spec.js,Duplicate Assert,"{'line': 208, 'column': 4, 'index': 5699}","  206 |     expect(wrapper).toBeDefined()
  207 |     expect(wrapper.element.tagName).toBe('TABLE')
> 208 |     expect(wrapper.classes()).toContain('b-table-stacked-md')
      |    ^ Duplicate Assert
  209 |     expect(wrapper.classes()).toContain('table')
  210 |     expect(wrapper.classes()).toContain('b-table')
  211 |     expect(wrapper.classes().length).toBe(3)"
/home/gabriel/Disk/Research/research-javascript-test-smells/repositories/bootstrap-vue-dev/src/components/table/table-lite.spec.js,Duplicate Assert,"{'line': 209, 'column': 4, 'index': 5761}","  207 |     expect(wrapper.element.tagName).toBe('TABLE')
  208 |     expect(wrapper.classes()).toContain('b-table-stacked-md')
> 209 |     expect(wrapper.classes()).toContain('table')
      |    ^ Duplicate Assert
  210 |     expect(wrapper.classes()).toContain('b-table')
  211 |     expect(wrapper.classes().length).toBe(3)
  212 |"
/home/gabriel/Disk/Research/research-javascript-test-smells/repositories/bootstrap-vue-dev/src/components/table/table-lite.spec.js,Duplicate Assert,"{'line': 210, 'column': 4, 'index': 5810}","  208 |     expect(wrapper.classes()).toContain('b-table-stacked-md')
  209 |     expect(wrapper.classes()).toContain('table')
> 210 |     expect(wrapper.classes()).toContain('b-table')
      |    ^ Duplicate Assert
  211 |     expect(wrapper.classes().length).toBe(3)
  212 |
  213 |     wrapper.destroy()"
/home/gabriel/Disk/Research/research-javascript-test-smells/repositories/bootstrap-vue-dev/src/components/table/table-lite.spec.js,Duplicate Assert,"{'line': 232, 'column': 4, 'index': 6423}","  230 |     const $table = wrapper.find('table')
  231 |     expect($table.exists()).toBe(true)
> 232 |     expect($table.classes()).toContain('table')
      |    ^ Duplicate Assert
  233 |     expect($table.classes()).toContain('b-table')
  234 |     expect($table.classes().length).toBe(2)
  235 |"
/home/gabriel/Disk/Research/research-javascript-test-smells/repositories/bootstrap-vue-dev/src/components/table/table-lite.spec.js,Duplicate Assert,"{'line': 233, 'column': 4, 'index': 6471}","  231 |     expect($table.exists()).toBe(true)
  232 |     expect($table.classes()).toContain('table')
> 233 |     expect($table.classes()).toContain('b-table')
      |    ^ Duplicate Assert
  234 |     expect($table.classes().length).toBe(2)
  235 |
  236 |     wrapper.destroy()"
/home/gabriel/Disk/Research/research-javascript-test-smells/repositories/bootstrap-vue-dev/src/components/table/table-lite.spec.js,Duplicate Assert,"{'line': 255, 'column': 4, 'index': 7086}","  253 |     const $table = wrapper.find('table')
  254 |     expect($table.exists()).toBe(true)
> 255 |     expect($table.classes()).toContain('table')
      |    ^ Duplicate Assert
  256 |     expect($table.classes()).toContain('b-table')
  257 |     expect($table.classes().length).toBe(2)
  258 |"
/home/gabriel/Disk/Research/research-javascript-test-smells/repositories/bootstrap-vue-dev/src/components/table/table-lite.spec.js,Duplicate Assert,"{'line': 256, 'column': 4, 'index': 7134}","  254 |     expect($table.exists()).toBe(true)
  255 |     expect($table.classes()).toContain('table')
> 256 |     expect($table.classes()).toContain('b-table')
      |    ^ Duplicate Assert
  257 |     expect($table.classes().length).toBe(2)
  258 |
  259 |     wrapper.destroy()"
/home/gabriel/Disk/Research/research-javascript-test-smells/repositories/bootstrap-vue-dev/src/components/table/table-lite.spec.js,Duplicate Assert,"{'line': 279, 'column': 4, 'index': 7755}","  277 |     const $table = wrapper.find('table')
  278 |     expect($table.exists()).toBe(true)
> 279 |     expect($table.classes()).toContain('table')
      |    ^ Duplicate Assert
  280 |     expect($table.classes()).toContain('b-table')
  281 |     expect($table.classes()).toContain('b-table-stacked')
  282 |     expect($table.classes().length).toBe(3)"
/home/gabriel/Disk/Research/research-javascript-test-smells/repositories/bootstrap-vue-dev/src/components/table/table-lite.spec.js,Duplicate Assert,"{'line': 280, 'column': 4, 'index': 7803}","  278 |     expect($table.exists()).toBe(true)
  279 |     expect($table.classes()).toContain('table')
> 280 |     expect($table.classes()).toContain('b-table')
      |    ^ Duplicate Assert
  281 |     expect($table.classes()).toContain('b-table-stacked')
  282 |     expect($table.classes().length).toBe(3)
  283 |"
/home/gabriel/Disk/Research/research-javascript-test-smells/repositories/bootstrap-vue-dev/src/components/table/table-lite.spec.js,Duplicate Assert,"{'line': 281, 'column': 4, 'index': 7853}","  279 |     expect($table.classes()).toContain('table')
  280 |     expect($table.classes()).toContain('b-table')
> 281 |     expect($table.classes()).toContain('b-table-stacked')
      |    ^ Duplicate Assert
  282 |     expect($table.classes().length).toBe(3)
  283 |
  284 |     wrapper.destroy()"
/home/gabriel/Disk/Research/research-javascript-test-smells/repositories/bootstrap-vue-dev/src/components/table/table-lite.spec.js,Duplicate Assert,"{'line': 353, 'column': 4, 'index': 9362}","  351 |
  352 |     expect(wrapper).toBeDefined()
> 353 |     expect(wrapper.findAll('tbody > tr').length).toBe(1)
      |    ^ Duplicate Assert
  354 |     expect(wrapper.find('tbody > tr').classes()).toContain('table-primary')
  355 |
  356 |     await wrapper.setProps({"
/home/gabriel/Disk/Research/research-javascript-test-smells/repositories/bootstrap-vue-dev/src/components/table/table-lite.spec.js,Duplicate Assert,"{'line': 353, 'column': 4, 'index': 9362}","  351 |
  352 |     expect(wrapper).toBeDefined()
> 353 |     expect(wrapper.findAll('tbody > tr').length).toBe(1)
      |    ^ Duplicate Assert
  354 |     expect(wrapper.find('tbody > tr').classes()).toContain('table-primary')
  355 |
  356 |     await wrapper.setProps({"
/home/gabriel/Disk/Research/research-javascript-test-smells/repositories/bootstrap-vue-dev/src/components/table/table-lite.spec.js,Duplicate Assert,"{'line': 354, 'column': 4, 'index': 9419}","  352 |     expect(wrapper).toBeDefined()
  353 |     expect(wrapper.findAll('tbody > tr').length).toBe(1)
> 354 |     expect(wrapper.find('tbody > tr').classes()).toContain('table-primary')
      |    ^ Duplicate Assert
  355 |
  356 |     await wrapper.setProps({
  357 |       dark: true"
/home/gabriel/Disk/Research/research-javascript-test-smells/repositories/bootstrap-vue-dev/src/components/table/table-lite.spec.js,Duplicate Assert,"{'line': 360, 'column': 4, 'index': 9550}","  358 |     })
  359 |
> 360 |     expect(wrapper.findAll('tbody > tr').length).toBe(1)
      |    ^ Duplicate Assert
  361 |     expect(wrapper.find('tbody > tr').classes()).toContain('bg-primary')
  362 |
  363 |     wrapper.destroy()"
/home/gabriel/Disk/Research/research-javascript-test-smells/repositories/bootstrap-vue-dev/src/components/table/table-lite.spec.js,Duplicate Assert,"{'line': 360, 'column': 4, 'index': 9550}","  358 |     })
  359 |
> 360 |     expect(wrapper.findAll('tbody > tr').length).toBe(1)
      |    ^ Duplicate Assert
  361 |     expect(wrapper.find('tbody > tr').classes()).toContain('bg-primary')
  362 |
  363 |     wrapper.destroy()"
/home/gabriel/Disk/Research/research-javascript-test-smells/repositories/bootstrap-vue-dev/src/components/table/table-lite.spec.js,Duplicate Assert,"{'line': 361, 'column': 4, 'index': 9607}","  359 |
  360 |     expect(wrapper.findAll('tbody > tr').length).toBe(1)
> 361 |     expect(wrapper.find('tbody > tr').classes()).toContain('bg-primary')
      |    ^ Duplicate Assert
  362 |
  363 |     wrapper.destroy()
  364 |   })"
/home/gabriel/Disk/Research/research-javascript-test-smells/repositories/bootstrap-vue-dev/src/components/table/table-lite.spec.js,Duplicate Assert,"{'line': 376, 'column': 4, 'index': 9965}","  374 |
  375 |     expect(wrapper).toBeDefined()
> 376 |     expect(wrapper.findAll('tbody > tr').length).toBe(1)
      |    ^ Duplicate Assert
  377 |     expect(wrapper.findAll('tbody > tr > td').length).toBe(1)
  378 |     expect(wrapper.find('tbody > tr > td').classes()).toContain('table-info')
  379 |"
/home/gabriel/Disk/Research/research-javascript-test-smells/repositories/bootstrap-vue-dev/src/components/table/table-lite.spec.js,Duplicate Assert,"{'line': 376, 'column': 4, 'index': 9965}","  374 |
  375 |     expect(wrapper).toBeDefined()
> 376 |     expect(wrapper.findAll('tbody > tr').length).toBe(1)
      |    ^ Duplicate Assert
  377 |     expect(wrapper.findAll('tbody > tr > td').length).toBe(1)
  378 |     expect(wrapper.find('tbody > tr > td').classes()).toContain('table-info')
  379 |"
/home/gabriel/Disk/Research/research-javascript-test-smells/repositories/bootstrap-vue-dev/src/components/table/table-lite.spec.js,Duplicate Assert,"{'line': 377, 'column': 4, 'index': 10022}","  375 |     expect(wrapper).toBeDefined()
  376 |     expect(wrapper.findAll('tbody > tr').length).toBe(1)
> 377 |     expect(wrapper.findAll('tbody > tr > td').length).toBe(1)
      |    ^ Duplicate Assert
  378 |     expect(wrapper.find('tbody > tr > td').classes()).toContain('table-info')
  379 |
  380 |     await wrapper.setProps({"
/home/gabriel/Disk/Research/research-javascript-test-smells/repositories/bootstrap-vue-dev/src/components/table/table-lite.spec.js,Duplicate Assert,"{'line': 377, 'column': 4, 'index': 10022}","  375 |     expect(wrapper).toBeDefined()
  376 |     expect(wrapper.findAll('tbody > tr').length).toBe(1)
> 377 |     expect(wrapper.findAll('tbody > tr > td').length).toBe(1)
      |    ^ Duplicate Assert
  378 |     expect(wrapper.find('tbody > tr > td').classes()).toContain('table-info')
  379 |
  380 |     await wrapper.setProps({"
/home/gabriel/Disk/Research/research-javascript-test-smells/repositories/bootstrap-vue-dev/src/components/table/table-lite.spec.js,Duplicate Assert,"{'line': 378, 'column': 4, 'index': 10084}","  376 |     expect(wrapper.findAll('tbody > tr').length).toBe(1)
  377 |     expect(wrapper.findAll('tbody > tr > td').length).toBe(1)
> 378 |     expect(wrapper.find('tbody > tr > td').classes()).toContain('table-info')
      |    ^ Duplicate Assert
  379 |
  380 |     await wrapper.setProps({
  381 |       dark: true"
/home/gabriel/Disk/Research/research-javascript-test-smells/repositories/bootstrap-vue-dev/src/components/table/table-lite.spec.js,Duplicate Assert,"{'line': 384, 'column': 4, 'index': 10217}","  382 |     })
  383 |
> 384 |     expect(wrapper.findAll('tbody > tr').length).toBe(1)
      |    ^ Duplicate Assert
  385 |     expect(wrapper.findAll('tbody > tr > td').length).toBe(1)
  386 |     expect(wrapper.find('tbody > tr > td').classes()).toContain('bg-info')
  387 |"
/home/gabriel/Disk/Research/research-javascript-test-smells/repositories/bootstrap-vue-dev/src/components/table/table-lite.spec.js,Duplicate Assert,"{'line': 384, 'column': 4, 'index': 10217}","  382 |     })
  383 |
> 384 |     expect(wrapper.findAll('tbody > tr').length).toBe(1)
      |    ^ Duplicate Assert
  385 |     expect(wrapper.findAll('tbody > tr > td').length).toBe(1)
  386 |     expect(wrapper.find('tbody > tr > td').classes()).toContain('bg-info')
  387 |"
/home/gabriel/Disk/Research/research-javascript-test-smells/repositories/bootstrap-vue-dev/src/components/table/table-lite.spec.js,Duplicate Assert,"{'line': 385, 'column': 4, 'index': 10274}","  383 |
  384 |     expect(wrapper.findAll('tbody > tr').length).toBe(1)
> 385 |     expect(wrapper.findAll('tbody > tr > td').length).toBe(1)
      |    ^ Duplicate Assert
  386 |     expect(wrapper.find('tbody > tr > td').classes()).toContain('bg-info')
  387 |
  388 |     wrapper.destroy()"
/home/gabriel/Disk/Research/research-javascript-test-smells/repositories/bootstrap-vue-dev/src/components/table/table-lite.spec.js,Duplicate Assert,"{'line': 385, 'column': 4, 'index': 10274}","  383 |
  384 |     expect(wrapper.findAll('tbody > tr').length).toBe(1)
> 385 |     expect(wrapper.findAll('tbody > tr > td').length).toBe(1)
      |    ^ Duplicate Assert
  386 |     expect(wrapper.find('tbody > tr > td').classes()).toContain('bg-info')
  387 |
  388 |     wrapper.destroy()"
/home/gabriel/Disk/Research/research-javascript-test-smells/repositories/bootstrap-vue-dev/src/components/table/table-lite.spec.js,Duplicate Assert,"{'line': 386, 'column': 4, 'index': 10336}","  384 |     expect(wrapper.findAll('tbody > tr').length).toBe(1)
  385 |     expect(wrapper.findAll('tbody > tr > td').length).toBe(1)
> 386 |     expect(wrapper.find('tbody > tr > td').classes()).toContain('bg-info')
      |    ^ Duplicate Assert
  387 |
  388 |     wrapper.destroy()
  389 |   })"
/home/gabriel/Disk/Research/research-javascript-test-smells/repositories/bootstrap-vue-dev/src/components/table/table-lite.spec.js,Duplicate Assert,"{'line': 402, 'column': 4, 'index': 10736}","  400 |     expect(wrapper).toBeDefined()
  401 |
> 402 |     expect(wrapper.findAll('tbody > tr').length).toBe(2)
      |    ^ Duplicate Assert
  403 |     await wrapper.setProps({
  404 |       items: items2
  405 |     })"
/home/gabriel/Disk/Research/research-javascript-test-smells/repositories/bootstrap-vue-dev/src/components/table/table-lite.spec.js,Duplicate Assert,"{'line': 406, 'column': 4, 'index': 10849}","  404 |       items: items2
  405 |     })
> 406 |     expect(wrapper.findAll('tbody > tr').length).toBe(1)
      |    ^ Duplicate Assert
  407 |
  408 |     wrapper.destroy()
  409 |   })"
/home/gabriel/Disk/Research/research-javascript-test-smells/repositories/bootstrap-vue-dev/src/components/table/table-lite.spec.js,Duplicate Assert,"{'line': 423, 'column': 4, 'index': 11220}","  421 |
  422 |     // Prop as a string
> 423 |     expect(wrapper.findAll('tbody > tr').length).toBe(2)
      |    ^ Duplicate Assert
  424 |     let $trs = wrapper.findAll('tbody > tr')
  425 |     expect($trs.at(0).classes()).toContain('foobar')
  426 |     expect($trs.at(1).classes()).toContain('foobar')"
/home/gabriel/Disk/Research/research-javascript-test-smells/repositories/bootstrap-vue-dev/src/components/table/table-lite.spec.js,Duplicate Assert,"{'line': 423, 'column': 4, 'index': 11220}","  421 |
  422 |     // Prop as a string
> 423 |     expect(wrapper.findAll('tbody > tr').length).toBe(2)
      |    ^ Duplicate Assert
  424 |     let $trs = wrapper.findAll('tbody > tr')
  425 |     expect($trs.at(0).classes()).toContain('foobar')
  426 |     expect($trs.at(1).classes()).toContain('foobar')"
/home/gabriel/Disk/Research/research-javascript-test-smells/repositories/bootstrap-vue-dev/src/components/table/table-lite.spec.js,Duplicate Assert,"{'line': 425, 'column': 4, 'index': 11322}","  423 |     expect(wrapper.findAll('tbody > tr').length).toBe(2)
  424 |     let $trs = wrapper.findAll('tbody > tr')
> 425 |     expect($trs.at(0).classes()).toContain('foobar')
      |    ^ Duplicate Assert
  426 |     expect($trs.at(1).classes()).toContain('foobar')
  427 |
  428 |     // As a function"
/home/gabriel/Disk/Research/research-javascript-test-smells/repositories/bootstrap-vue-dev/src/components/table/table-lite.spec.js,Duplicate Assert,"{'line': 426, 'column': 4, 'index': 11375}","  424 |     let $trs = wrapper.findAll('tbody > tr')
  425 |     expect($trs.at(0).classes()).toContain('foobar')
> 426 |     expect($trs.at(1).classes()).toContain('foobar')
      |    ^ Duplicate Assert
  427 |
  428 |     // As a function
  429 |     await wrapper.setProps({"
/home/gabriel/Disk/Research/research-javascript-test-smells/repositories/bootstrap-vue-dev/src/components/table/table-lite.spec.js,Duplicate Assert,"{'line': 435, 'column': 4, 'index': 11569}","  433 |     })
  434 |
> 435 |     expect(wrapper.findAll('tbody > tr').length).toBe(2)
      |    ^ Duplicate Assert
  436 |     $trs = wrapper.findAll('tbody > tr')
  437 |     expect($trs.at(0).classes()).toContain('foo')
  438 |     expect($trs.at(0).classes()).not.toContain('bar')"
/home/gabriel/Disk/Research/research-javascript-test-smells/repositories/bootstrap-vue-dev/src/components/table/table-lite.spec.js,Duplicate Assert,"{'line': 435, 'column': 4, 'index': 11569}","  433 |     })
  434 |
> 435 |     expect(wrapper.findAll('tbody > tr').length).toBe(2)
      |    ^ Duplicate Assert
  436 |     $trs = wrapper.findAll('tbody > tr')
  437 |     expect($trs.at(0).classes()).toContain('foo')
  438 |     expect($trs.at(0).classes()).not.toContain('bar')"
/home/gabriel/Disk/Research/research-javascript-test-smells/repositories/bootstrap-vue-dev/src/components/table/table-lite.spec.js,Duplicate Assert,"{'line': 437, 'column': 4, 'index': 11667}","  435 |     expect(wrapper.findAll('tbody > tr').length).toBe(2)
  436 |     $trs = wrapper.findAll('tbody > tr')
> 437 |     expect($trs.at(0).classes()).toContain('foo')
      |    ^ Duplicate Assert
  438 |     expect($trs.at(0).classes()).not.toContain('bar')
  439 |     expect($trs.at(1).classes()).toContain('bar')
  440 |     expect($trs.at(1).classes()).not.toContain('foo')"
/home/gabriel/Disk/Research/research-javascript-test-smells/repositories/bootstrap-vue-dev/src/components/table/table-lite.spec.js,Duplicate Assert,"{'line': 438, 'column': 4, 'index': 11717}","  436 |     $trs = wrapper.findAll('tbody > tr')
  437 |     expect($trs.at(0).classes()).toContain('foo')
> 438 |     expect($trs.at(0).classes()).not.toContain('bar')
      |    ^ Duplicate Assert
  439 |     expect($trs.at(1).classes()).toContain('bar')
  440 |     expect($trs.at(1).classes()).not.toContain('foo')
  441 |"
/home/gabriel/Disk/Research/research-javascript-test-smells/repositories/bootstrap-vue-dev/src/components/table/table-lite.spec.js,Duplicate Assert,"{'line': 439, 'column': 4, 'index': 11771}","  437 |     expect($trs.at(0).classes()).toContain('foo')
  438 |     expect($trs.at(0).classes()).not.toContain('bar')
> 439 |     expect($trs.at(1).classes()).toContain('bar')
      |    ^ Duplicate Assert
  440 |     expect($trs.at(1).classes()).not.toContain('foo')
  441 |
  442 |     wrapper.destroy()"
/home/gabriel/Disk/Research/research-javascript-test-smells/repositories/bootstrap-vue-dev/src/components/table/table-lite.spec.js,Duplicate Assert,"{'line': 440, 'column': 4, 'index': 11821}","  438 |     expect($trs.at(0).classes()).not.toContain('bar')
  439 |     expect($trs.at(1).classes()).toContain('bar')
> 440 |     expect($trs.at(1).classes()).not.toContain('foo')
      |    ^ Duplicate Assert
  441 |
  442 |     wrapper.destroy()
  443 |   })"
/home/gabriel/Disk/Research/research-javascript-test-smells/repositories/bootstrap-vue-dev/src/components/table/table-lite.spec.js,Duplicate Assert,"{'line': 465, 'column': 4, 'index': 12459}","  463 |     })
  464 |
> 465 |     expect(wrapper.find('thead').classes()).toContain('thead-light')
      |    ^ Duplicate Assert
  466 |     expect(wrapper.find('tfoot').classes()).toContain('thead-light')
  467 |
  468 |     await wrapper.setProps({"
/home/gabriel/Disk/Research/research-javascript-test-smells/repositories/bootstrap-vue-dev/src/components/table/table-lite.spec.js,Duplicate Assert,"{'line': 465, 'column': 4, 'index': 12459}","  463 |     })
  464 |
> 465 |     expect(wrapper.find('thead').classes()).toContain('thead-light')
      |    ^ Duplicate Assert
  466 |     expect(wrapper.find('tfoot').classes()).toContain('thead-light')
  467 |
  468 |     await wrapper.setProps({"
/home/gabriel/Disk/Research/research-javascript-test-smells/repositories/bootstrap-vue-dev/src/components/table/table-lite.spec.js,Duplicate Assert,"{'line': 466, 'column': 4, 'index': 12528}","  464 |
  465 |     expect(wrapper.find('thead').classes()).toContain('thead-light')
> 466 |     expect(wrapper.find('tfoot').classes()).toContain('thead-light')
      |    ^ Duplicate Assert
  467 |
  468 |     await wrapper.setProps({
  469 |       footVariant: 'dark'"
/home/gabriel/Disk/Research/research-javascript-test-smells/repositories/bootstrap-vue-dev/src/components/table/table-lite.spec.js,Duplicate Assert,"{'line': 472, 'column': 4, 'index': 12661}","  470 |     })
  471 |
> 472 |     expect(wrapper.find('thead').classes()).toContain('thead-light')
      |    ^ Duplicate Assert
  473 |     expect(wrapper.find('tfoot').classes()).toContain('thead-dark')
  474 |
  475 |     await wrapper.setProps({"
/home/gabriel/Disk/Research/research-javascript-test-smells/repositories/bootstrap-vue-dev/src/components/table/table-lite.spec.js,Duplicate Assert,"{'line': 472, 'column': 4, 'index': 12661}","  470 |     })
  471 |
> 472 |     expect(wrapper.find('thead').classes()).toContain('thead-light')
      |    ^ Duplicate Assert
  473 |     expect(wrapper.find('tfoot').classes()).toContain('thead-dark')
  474 |
  475 |     await wrapper.setProps({"
/home/gabriel/Disk/Research/research-javascript-test-smells/repositories/bootstrap-vue-dev/src/components/table/table-lite.spec.js,Duplicate Assert,"{'line': 473, 'column': 4, 'index': 12730}","  471 |
  472 |     expect(wrapper.find('thead').classes()).toContain('thead-light')
> 473 |     expect(wrapper.find('tfoot').classes()).toContain('thead-dark')
      |    ^ Duplicate Assert
  474 |
  475 |     await wrapper.setProps({
  476 |       theadClass: 'foo',"
/home/gabriel/Disk/Research/research-javascript-test-smells/repositories/bootstrap-vue-dev/src/components/table/table-lite.spec.js,Duplicate Assert,"{'line': 473, 'column': 4, 'index': 12730}","  471 |
  472 |     expect(wrapper.find('thead').classes()).toContain('thead-light')
> 473 |     expect(wrapper.find('tfoot').classes()).toContain('thead-dark')
      |    ^ Duplicate Assert
  474 |
  475 |     await wrapper.setProps({
  476 |       theadClass: 'foo',"
/home/gabriel/Disk/Research/research-javascript-test-smells/repositories/bootstrap-vue-dev/src/components/table/table-lite.spec.js,Duplicate Assert,"{'line': 480, 'column': 4, 'index': 12885}","  478 |     })
  479 |
> 480 |     expect(wrapper.find('thead').classes()).toContain('thead-light')
      |    ^ Duplicate Assert
  481 |     expect(wrapper.find('thead').classes()).toContain('foo')
  482 |     expect(wrapper.find('tfoot').classes()).toContain('thead-dark')
  483 |     expect(wrapper.find('tfoot').classes()).toContain('bar')"
/home/gabriel/Disk/Research/research-javascript-test-smells/repositories/bootstrap-vue-dev/src/components/table/table-lite.spec.js,Duplicate Assert,"{'line': 480, 'column': 4, 'index': 12885}","  478 |     })
  479 |
> 480 |     expect(wrapper.find('thead').classes()).toContain('thead-light')
      |    ^ Duplicate Assert
  481 |     expect(wrapper.find('thead').classes()).toContain('foo')
  482 |     expect(wrapper.find('tfoot').classes()).toContain('thead-dark')
  483 |     expect(wrapper.find('tfoot').classes()).toContain('bar')"
/home/gabriel/Disk/Research/research-javascript-test-smells/repositories/bootstrap-vue-dev/src/components/table/table-lite.spec.js,Duplicate Assert,"{'line': 481, 'column': 4, 'index': 12954}","  479 |
  480 |     expect(wrapper.find('thead').classes()).toContain('thead-light')
> 481 |     expect(wrapper.find('thead').classes()).toContain('foo')
      |    ^ Duplicate Assert
  482 |     expect(wrapper.find('tfoot').classes()).toContain('thead-dark')
  483 |     expect(wrapper.find('tfoot').classes()).toContain('bar')
  484 |"
/home/gabriel/Disk/Research/research-javascript-test-smells/repositories/bootstrap-vue-dev/src/components/table/table-lite.spec.js,Duplicate Assert,"{'line': 482, 'column': 4, 'index': 13015}","  480 |     expect(wrapper.find('thead').classes()).toContain('thead-light')
  481 |     expect(wrapper.find('thead').classes()).toContain('foo')
> 482 |     expect(wrapper.find('tfoot').classes()).toContain('thead-dark')
      |    ^ Duplicate Assert
  483 |     expect(wrapper.find('tfoot').classes()).toContain('bar')
  484 |
  485 |     await wrapper.setProps({"
/home/gabriel/Disk/Research/research-javascript-test-smells/repositories/bootstrap-vue-dev/src/components/table/table-lite.spec.js,Duplicate Assert,"{'line': 482, 'column': 4, 'index': 13015}","  480 |     expect(wrapper.find('thead').classes()).toContain('thead-light')
  481 |     expect(wrapper.find('thead').classes()).toContain('foo')
> 482 |     expect(wrapper.find('tfoot').classes()).toContain('thead-dark')
      |    ^ Duplicate Assert
  483 |     expect(wrapper.find('tfoot').classes()).toContain('bar')
  484 |
  485 |     await wrapper.setProps({"
/home/gabriel/Disk/Research/research-javascript-test-smells/repositories/bootstrap-vue-dev/src/components/table/table-lite.spec.js,Duplicate Assert,"{'line': 483, 'column': 4, 'index': 13083}","  481 |     expect(wrapper.find('thead').classes()).toContain('foo')
  482 |     expect(wrapper.find('tfoot').classes()).toContain('thead-dark')
> 483 |     expect(wrapper.find('tfoot').classes()).toContain('bar')
      |    ^ Duplicate Assert
  484 |
  485 |     await wrapper.setProps({
  486 |       theadTrClass: 'willy',"
/home/gabriel/Disk/Research/research-javascript-test-smells/repositories/bootstrap-vue-dev/src/components/table/table-lite.spec.js,Magic Number,"{'line': 21, 'column': 42, 'index': 661}","  19 |     expect(wrapper.classes()).toContain('table')
  20 |     expect(wrapper.classes()).toContain('b-table')
> 21 |     expect(wrapper.classes().length).toBe(2)
     |                                          ^ Magic Number
  22 |
  23 |     wrapper.destroy()
  24 |   })"
/home/gabriel/Disk/Research/research-javascript-test-smells/repositories/bootstrap-vue-dev/src/components/table/table-lite.spec.js,Magic Number,"{'line': 40, 'column': 42, 'index': 1187}","  38 |     expect(wrapper.classes()).toContain('table')
  39 |     expect(wrapper.classes()).toContain('b-table')
> 40 |     expect(wrapper.classes().length).toBe(3)
     |                                          ^ Magic Number
  41 |
  42 |     wrapper.destroy()
  43 |   })"
/home/gabriel/Disk/Research/research-javascript-test-smells/repositories/bootstrap-vue-dev/src/components/table/table-lite.spec.js,Magic Number,"{'line': 59, 'column': 42, 'index': 1717}","  57 |     expect(wrapper.classes()).toContain('table')
  58 |     expect(wrapper.classes()).toContain('b-table')
> 59 |     expect(wrapper.classes().length).toBe(3)
     |                                          ^ Magic Number
  60 |
  61 |     wrapper.destroy()
  62 |   })"
/home/gabriel/Disk/Research/research-javascript-test-smells/repositories/bootstrap-vue-dev/src/components/table/table-lite.spec.js,Magic Number,"{'line': 78, 'column': 42, 'index': 2255}","  76 |     expect(wrapper.classes()).toContain('table')
  77 |     expect(wrapper.classes()).toContain('b-table')
> 78 |     expect(wrapper.classes().length).toBe(3)
     |                                          ^ Magic Number
  79 |
  80 |     wrapper.destroy()
  81 |   })"
/home/gabriel/Disk/Research/research-javascript-test-smells/repositories/bootstrap-vue-dev/src/components/table/table-lite.spec.js,Magic Number,"{'line': 97, 'column': 42, 'index': 2773}","   95 |     expect(wrapper.classes()).toContain('table')
   96 |     expect(wrapper.classes()).toContain('b-table')
>  97 |     expect(wrapper.classes().length).toBe(3)
      |                                          ^ Magic Number
   98 |
   99 |     wrapper.destroy()
  100 |   })"
/home/gabriel/Disk/Research/research-javascript-test-smells/repositories/bootstrap-vue-dev/src/components/table/table-lite.spec.js,Magic Number,"{'line': 116, 'column': 42, 'index': 3285}","  114 |     expect(wrapper.classes()).toContain('table')
  115 |     expect(wrapper.classes()).toContain('b-table')
> 116 |     expect(wrapper.classes().length).toBe(3)
      |                                          ^ Magic Number
  117 |
  118 |     wrapper.destroy()
  119 |   })"
/home/gabriel/Disk/Research/research-javascript-test-smells/repositories/bootstrap-vue-dev/src/components/table/table-lite.spec.js,Magic Number,"{'line': 135, 'column': 42, 'index': 3799}","  133 |     expect(wrapper.classes()).toContain('table')
  134 |     expect(wrapper.classes()).toContain('b-table')
> 135 |     expect(wrapper.classes().length).toBe(3)
      |                                          ^ Magic Number
  136 |
  137 |     wrapper.destroy()
  138 |   })"
/home/gabriel/Disk/Research/research-javascript-test-smells/repositories/bootstrap-vue-dev/src/components/table/table-lite.spec.js,Magic Number,"{'line': 154, 'column': 42, 'index': 4313}","  152 |     expect(wrapper.classes()).toContain('table')
  153 |     expect(wrapper.classes()).toContain('b-table')
> 154 |     expect(wrapper.classes().length).toBe(3)
      |                                          ^ Magic Number
  155 |
  156 |     wrapper.destroy()
  157 |   })"
/home/gabriel/Disk/Research/research-javascript-test-smells/repositories/bootstrap-vue-dev/src/components/table/table-lite.spec.js,Magic Number,"{'line': 173, 'column': 42, 'index': 4835}","  171 |     expect(wrapper.classes()).toContain('table')
  172 |     expect(wrapper.classes()).toContain('b-table')
> 173 |     expect(wrapper.classes().length).toBe(3)
      |                                          ^ Magic Number
  174 |
  175 |     wrapper.destroy()
  176 |   })"
/home/gabriel/Disk/Research/research-javascript-test-smells/repositories/bootstrap-vue-dev/src/components/table/table-lite.spec.js,Magic Number,"{'line': 192, 'column': 42, 'index': 5365}","  190 |     expect(wrapper.classes()).toContain('table')
  191 |     expect(wrapper.classes()).toContain('b-table')
> 192 |     expect(wrapper.classes().length).toBe(3)
      |                                          ^ Magic Number
  193 |
  194 |     wrapper.destroy()
  195 |   })"
/home/gabriel/Disk/Research/research-javascript-test-smells/repositories/bootstrap-vue-dev/src/components/table/table-lite.spec.js,Magic Number,"{'line': 211, 'column': 42, 'index': 5899}","  209 |     expect(wrapper.classes()).toContain('table')
  210 |     expect(wrapper.classes()).toContain('b-table')
> 211 |     expect(wrapper.classes().length).toBe(3)
      |                                          ^ Magic Number
  212 |
  213 |     wrapper.destroy()
  214 |   })"
/home/gabriel/Disk/Research/research-javascript-test-smells/repositories/bootstrap-vue-dev/src/components/table/table-lite.spec.js,Magic Number,"{'line': 228, 'column': 42, 'index': 6335}","  226 |     expect(wrapper.element.tagName).toBe('DIV')
  227 |     expect(wrapper.classes()).toContain('table-responsive')
> 228 |     expect(wrapper.classes().length).toBe(1)
      |                                          ^ Magic Number
  229 |
  230 |     const $table = wrapper.find('table')
  231 |     expect($table.exists()).toBe(true)"
/home/gabriel/Disk/Research/research-javascript-test-smells/repositories/bootstrap-vue-dev/src/components/table/table-lite.spec.js,Magic Number,"{'line': 234, 'column': 41, 'index': 6558}","  232 |     expect($table.classes()).toContain('table')
  233 |     expect($table.classes()).toContain('b-table')
> 234 |     expect($table.classes().length).toBe(2)
      |                                         ^ Magic Number
  235 |
  236 |     wrapper.destroy()
  237 |   })"
/home/gabriel/Disk/Research/research-javascript-test-smells/repositories/bootstrap-vue-dev/src/components/table/table-lite.spec.js,Magic Number,"{'line': 251, 'column': 42, 'index': 6998}","  249 |     expect(wrapper.element.tagName).toBe('DIV')
  250 |     expect(wrapper.classes()).toContain('table-responsive-md')
> 251 |     expect(wrapper.classes().length).toBe(1)
      |                                          ^ Magic Number
  252 |
  253 |     const $table = wrapper.find('table')
  254 |     expect($table.exists()).toBe(true)"
/home/gabriel/Disk/Research/research-javascript-test-smells/repositories/bootstrap-vue-dev/src/components/table/table-lite.spec.js,Magic Number,"{'line': 257, 'column': 41, 'index': 7221}","  255 |     expect($table.classes()).toContain('table')
  256 |     expect($table.classes()).toContain('b-table')
> 257 |     expect($table.classes().length).toBe(2)
      |                                         ^ Magic Number
  258 |
  259 |     wrapper.destroy()
  260 |   })"
/home/gabriel/Disk/Research/research-javascript-test-smells/repositories/bootstrap-vue-dev/src/components/table/table-lite.spec.js,Magic Number,"{'line': 275, 'column': 42, 'index': 7667}","  273 |     expect(wrapper.element.tagName).toBe('DIV')
  274 |     expect(wrapper.classes()).toContain('table-responsive')
> 275 |     expect(wrapper.classes().length).toBe(1)
      |                                          ^ Magic Number
  276 |
  277 |     const $table = wrapper.find('table')
  278 |     expect($table.exists()).toBe(true)"
/home/gabriel/Disk/Research/research-javascript-test-smells/repositories/bootstrap-vue-dev/src/components/table/table-lite.spec.js,Magic Number,"{'line': 282, 'column': 41, 'index': 7948}","  280 |     expect($table.classes()).toContain('b-table')
  281 |     expect($table.classes()).toContain('b-table-stacked')
> 282 |     expect($table.classes().length).toBe(3)
      |                                         ^ Magic Number
  283 |
  284 |     wrapper.destroy()
  285 |   })"
/home/gabriel/Disk/Research/research-javascript-test-smells/repositories/bootstrap-vue-dev/src/components/table/table-lite.spec.js,Magic Number,"{'line': 297, 'column': 54, 'index': 8289}","  295 |
  296 |     expect(wrapper).toBeDefined()
> 297 |     expect(wrapper.findAll('tbody > tr').length).toBe(2)
      |                                                      ^ Magic Number
  298 |     const $trs = wrapper.findAll('tbody > tr').wrappers
  299 |
  300 |     // Labels will have run through startCase"
/home/gabriel/Disk/Research/research-javascript-test-smells/repositories/bootstrap-vue-dev/src/components/table/table-lite.spec.js,Magic Number,"{'line': 353, 'column': 54, 'index': 9412}","  351 |
  352 |     expect(wrapper).toBeDefined()
> 353 |     expect(wrapper.findAll('tbody > tr').length).toBe(1)
      |                                                      ^ Magic Number
  354 |     expect(wrapper.find('tbody > tr').classes()).toContain('table-primary')
  355 |
  356 |     await wrapper.setProps({"
/home/gabriel/Disk/Research/research-javascript-test-smells/repositories/bootstrap-vue-dev/src/components/table/table-lite.spec.js,Magic Number,"{'line': 360, 'column': 54, 'index': 9600}","  358 |     })
  359 |
> 360 |     expect(wrapper.findAll('tbody > tr').length).toBe(1)
      |                                                      ^ Magic Number
  361 |     expect(wrapper.find('tbody > tr').classes()).toContain('bg-primary')
  362 |
  363 |     wrapper.destroy()"
/home/gabriel/Disk/Research/research-javascript-test-smells/repositories/bootstrap-vue-dev/src/components/table/table-lite.spec.js,Magic Number,"{'line': 376, 'column': 54, 'index': 10015}","  374 |
  375 |     expect(wrapper).toBeDefined()
> 376 |     expect(wrapper.findAll('tbody > tr').length).toBe(1)
      |                                                      ^ Magic Number
  377 |     expect(wrapper.findAll('tbody > tr > td').length).toBe(1)
  378 |     expect(wrapper.find('tbody > tr > td').classes()).toContain('table-info')
  379 |"
/home/gabriel/Disk/Research/research-javascript-test-smells/repositories/bootstrap-vue-dev/src/components/table/table-lite.spec.js,Magic Number,"{'line': 377, 'column': 59, 'index': 10077}","  375 |     expect(wrapper).toBeDefined()
  376 |     expect(wrapper.findAll('tbody > tr').length).toBe(1)
> 377 |     expect(wrapper.findAll('tbody > tr > td').length).toBe(1)
      |                                                           ^ Magic Number
  378 |     expect(wrapper.find('tbody > tr > td').classes()).toContain('table-info')
  379 |
  380 |     await wrapper.setProps({"
/home/gabriel/Disk/Research/research-javascript-test-smells/repositories/bootstrap-vue-dev/src/components/table/table-lite.spec.js,Magic Number,"{'line': 384, 'column': 54, 'index': 10267}","  382 |     })
  383 |
> 384 |     expect(wrapper.findAll('tbody > tr').length).toBe(1)
      |                                                      ^ Magic Number
  385 |     expect(wrapper.findAll('tbody > tr > td').length).toBe(1)
  386 |     expect(wrapper.find('tbody > tr > td').classes()).toContain('bg-info')
  387 |"
/home/gabriel/Disk/Research/research-javascript-test-smells/repositories/bootstrap-vue-dev/src/components/table/table-lite.spec.js,Magic Number,"{'line': 385, 'column': 59, 'index': 10329}","  383 |
  384 |     expect(wrapper.findAll('tbody > tr').length).toBe(1)
> 385 |     expect(wrapper.findAll('tbody > tr > td').length).toBe(1)
      |                                                           ^ Magic Number
  386 |     expect(wrapper.find('tbody > tr > td').classes()).toContain('bg-info')
  387 |
  388 |     wrapper.destroy()"
/home/gabriel/Disk/Research/research-javascript-test-smells/repositories/bootstrap-vue-dev/src/components/table/table-lite.spec.js,Magic Number,"{'line': 402, 'column': 54, 'index': 10786}","  400 |     expect(wrapper).toBeDefined()
  401 |
> 402 |     expect(wrapper.findAll('tbody > tr').length).toBe(2)
      |                                                      ^ Magic Number
  403 |     await wrapper.setProps({
  404 |       items: items2
  405 |     })"
/home/gabriel/Disk/Research/research-javascript-test-smells/repositories/bootstrap-vue-dev/src/components/table/table-lite.spec.js,Magic Number,"{'line': 406, 'column': 54, 'index': 10899}","  404 |       items: items2
  405 |     })
> 406 |     expect(wrapper.findAll('tbody > tr').length).toBe(1)
      |                                                      ^ Magic Number
  407 |
  408 |     wrapper.destroy()
  409 |   })"
/home/gabriel/Disk/Research/research-javascript-test-smells/repositories/bootstrap-vue-dev/src/components/table/table-lite.spec.js,Magic Number,"{'line': 423, 'column': 54, 'index': 11270}","  421 |
  422 |     // Prop as a string
> 423 |     expect(wrapper.findAll('tbody > tr').length).toBe(2)
      |                                                      ^ Magic Number
  424 |     let $trs = wrapper.findAll('tbody > tr')
  425 |     expect($trs.at(0).classes()).toContain('foobar')
  426 |     expect($trs.at(1).classes()).toContain('foobar')"
/home/gabriel/Disk/Research/research-javascript-test-smells/repositories/bootstrap-vue-dev/src/components/table/table-lite.spec.js,Magic Number,"{'line': 435, 'column': 54, 'index': 11619}","  433 |     })
  434 |
> 435 |     expect(wrapper.findAll('tbody > tr').length).toBe(2)
      |                                                      ^ Magic Number
  436 |     $trs = wrapper.findAll('tbody > tr')
  437 |     expect($trs.at(0).classes()).toContain('foo')
  438 |     expect($trs.at(0).classes()).not.toContain('bar')"
/home/gabriel/Disk/Research/research-javascript-test-smells/repositories/bootstrap-vue-dev/src/components/table/table-lite.spec.js,Magic Number,"{'line': 455, 'column': 54, 'index': 12211}","  453 |
  454 |     expect(wrapper).toBeDefined()
> 455 |     expect(wrapper.findAll('thead > tr').length).toBe(1)
      |                                                      ^ Magic Number
  456 |     expect(wrapper.findAll('tfoot > tr').length).toBe(1)
  457 |
  458 |     expect(wrapper.find('thead').classes().length).toBe(0)"
/home/gabriel/Disk/Research/research-javascript-test-smells/repositories/bootstrap-vue-dev/src/components/table/table-lite.spec.js,Magic Number,"{'line': 456, 'column': 54, 'index': 12268}","  454 |     expect(wrapper).toBeDefined()
  455 |     expect(wrapper.findAll('thead > tr').length).toBe(1)
> 456 |     expect(wrapper.findAll('tfoot > tr').length).toBe(1)
      |                                                      ^ Magic Number
  457 |
  458 |     expect(wrapper.find('thead').classes().length).toBe(0)
  459 |     expect(wrapper.find('tfoot').classes().length).toBe(0)"
/home/gabriel/Disk/Research/research-javascript-test-smells/repositories/bootstrap-vue-dev/src/components/table/table-lite.spec.js,Magic Number,"{'line': 458, 'column': 56, 'index': 12328}","  456 |     expect(wrapper.findAll('tfoot > tr').length).toBe(1)
  457 |
> 458 |     expect(wrapper.find('thead').classes().length).toBe(0)
      |                                                        ^ Magic Number
  459 |     expect(wrapper.find('tfoot').classes().length).toBe(0)
  460 |
  461 |     await wrapper.setProps({"
/home/gabriel/Disk/Research/research-javascript-test-smells/repositories/bootstrap-vue-dev/src/components/table/table-lite.spec.js,Magic Number,"{'line': 459, 'column': 56, 'index': 12387}","  457 |
  458 |     expect(wrapper.find('thead').classes().length).toBe(0)
> 459 |     expect(wrapper.find('tfoot').classes().length).toBe(0)
      |                                                        ^ Magic Number
  460 |
  461 |     await wrapper.setProps({
  462 |       headVariant: 'light'"
/home/gabriel/Disk/Research/research-javascript-test-smells/repositories/bootstrap-vue-dev/src/components/table/table-lite.spec.js,Magic Number,"{'line': 505, 'column': 54, 'index': 13702}","  503 |
  504 |     expect(wrapper).toBeDefined()
> 505 |     expect(wrapper.findAll('tbody > tr').length).toBe(1)
      |                                                      ^ Magic Number
  506 |     expect(wrapper.findAll('tbody > tr > *').length).toBe(2)
  507 |
  508 |     expect(wrapper.findAll('tbody > tr > *').at(0).element.tagName).toBe('TH')"
/home/gabriel/Disk/Research/research-javascript-test-smells/repositories/bootstrap-vue-dev/src/components/table/table-lite.spec.js,Magic Number,"{'line': 506, 'column': 58, 'index': 13763}","  504 |     expect(wrapper).toBeDefined()
  505 |     expect(wrapper.findAll('tbody > tr').length).toBe(1)
> 506 |     expect(wrapper.findAll('tbody > tr > *').length).toBe(2)
      |                                                          ^ Magic Number
  507 |
  508 |     expect(wrapper.findAll('tbody > tr > *').at(0).element.tagName).toBe('TH')
  509 |     expect("
/home/gabriel/Disk/Research/research-javascript-test-smells/repositories/bootstrap-vue-dev/src/components/table/table-lite.spec.js,Magic Number,"{'line': 559, 'column': 54, 'index': 15038}","  557 |
  558 |     expect(wrapper).toBeDefined()
> 559 |     expect(wrapper.findAll('tbody > tr').length).toBe(1)
      |                                                      ^ Magic Number
  560 |     expect(wrapper.findAll('tbody > tr > td').length).toBe(3)
  561 |
  562 |     const $tds = wrapper.findAll('tbody > tr > td')"
/home/gabriel/Disk/Research/research-javascript-test-smells/repositories/bootstrap-vue-dev/src/components/table/table-lite.spec.js,Magic Number,"{'line': 560, 'column': 59, 'index': 15100}","  558 |     expect(wrapper).toBeDefined()
  559 |     expect(wrapper.findAll('tbody > tr').length).toBe(1)
> 560 |     expect(wrapper.findAll('tbody > tr > td').length).toBe(3)
      |                                                           ^ Magic Number
  561 |
  562 |     const $tds = wrapper.findAll('tbody > tr > td')
  563 |"
/home/gabriel/Disk/Research/research-javascript-test-smells/repositories/bootstrap-vue-dev/src/components/table/table-lite.spec.js,Magic Number,"{'line': 566, 'column': 45, 'index': 15325}","  564 |     expect($tds.at(0).attributes('data-foo')).toBe('bar')
  565 |     expect($tds.at(0).attributes('data-parent')).toBeUndefined()
> 566 |     expect($tds.at(0).classes().length).toBe(0)
      |                                             ^ Magic Number
  567 |
  568 |     expect($tds.at(1).classes()).toContain('baz')
  569 |     expect($tds.at(1).attributes('data-foo')).toBeUndefined()"
/home/gabriel/Disk/Research/research-javascript-test-smells/repositories/bootstrap-vue-dev/src/components/table/table-lite.spec.js,Magic Number,"{'line': 574, 'column': 45, 'index': 15678}","  572 |     expect($tds.at(2).attributes('data-parent')).toBe('parent')
  573 |     expect($tds.at(2).attributes('data-foo')).toBeUndefined()
> 574 |     expect($tds.at(2).classes().length).toBe(0)
      |                                             ^ Magic Number
  575 |
  576 |     wrapper.destroy()
  577 |   })"
/home/gabriel/Disk/Research/research-javascript-test-smells/repositories/bootstrap-vue-dev/src/components/table/table-lite.spec.js,Magic Number,"{'line': 604, 'column': 54, 'index': 16418}","  602 |
  603 |     expect(wrapper).toBeDefined()
> 604 |     expect(wrapper.findAll('thead > tr').length).toBe(1)
      |                                                      ^ Magic Number
  605 |     expect(wrapper.findAll('thead > tr > th').length).toBe(3)
  606 |     expect(wrapper.findAll('tbody > tr').length).toBe(1)
  607 |     expect(wrapper.findAll('tbody > tr > td').length).toBe(2)"
/home/gabriel/Disk/Research/research-javascript-test-smells/repositories/bootstrap-vue-dev/src/components/table/table-lite.spec.js,Magic Number,"{'line': 605, 'column': 59, 'index': 16480}","  603 |     expect(wrapper).toBeDefined()
  604 |     expect(wrapper.findAll('thead > tr').length).toBe(1)
> 605 |     expect(wrapper.findAll('thead > tr > th').length).toBe(3)
      |                                                           ^ Magic Number
  606 |     expect(wrapper.findAll('tbody > tr').length).toBe(1)
  607 |     expect(wrapper.findAll('tbody > tr > td').length).toBe(2)
  608 |     expect(wrapper.findAll('tbody > tr > th').length).toBe(1)"
/home/gabriel/Disk/Research/research-javascript-test-smells/repositories/bootstrap-vue-dev/src/components/table/table-lite.spec.js,Magic Number,"{'line': 606, 'column': 54, 'index': 16537}","  604 |     expect(wrapper.findAll('thead > tr').length).toBe(1)
  605 |     expect(wrapper.findAll('thead > tr > th').length).toBe(3)
> 606 |     expect(wrapper.findAll('tbody > tr').length).toBe(1)
      |                                                      ^ Magic Number
  607 |     expect(wrapper.findAll('tbody > tr > td').length).toBe(2)
  608 |     expect(wrapper.findAll('tbody > tr > th').length).toBe(1)
  609 |"
/home/gabriel/Disk/Research/research-javascript-test-smells/repositories/bootstrap-vue-dev/src/components/table/table-lite.spec.js,Magic Number,"{'line': 607, 'column': 59, 'index': 16599}","  605 |     expect(wrapper.findAll('thead > tr > th').length).toBe(3)
  606 |     expect(wrapper.findAll('tbody > tr').length).toBe(1)
> 607 |     expect(wrapper.findAll('tbody > tr > td').length).toBe(2)
      |                                                           ^ Magic Number
  608 |     expect(wrapper.findAll('tbody > tr > th').length).toBe(1)
  609 |
  610 |     const $headerThs = wrapper.findAll('thead > tr > th')"
/home/gabriel/Disk/Research/research-javascript-test-smells/repositories/bootstrap-vue-dev/src/components/table/table-lite.spec.js,Magic Number,"{'line': 608, 'column': 59, 'index': 16661}","  606 |     expect(wrapper.findAll('tbody > tr').length).toBe(1)
  607 |     expect(wrapper.findAll('tbody > tr > td').length).toBe(2)
> 608 |     expect(wrapper.findAll('tbody > tr > th').length).toBe(1)
      |                                                           ^ Magic Number
  609 |
  610 |     const $headerThs = wrapper.findAll('thead > tr > th')
  611 |     expect($headerThs.at(0).attributes('data-foo')).toBe('bar')"
/home/gabriel/Disk/Research/research-javascript-test-smells/repositories/bootstrap-vue-dev/src/components/table/table-lite.spec.js,Magic Number,"{'line': 613, 'column': 51, 'index': 16907}","  611 |     expect($headerThs.at(0).attributes('data-foo')).toBe('bar')
  612 |     expect($headerThs.at(0).attributes('data-type')).toBeUndefined()
> 613 |     expect($headerThs.at(0).classes().length).toBe(0)
      |                                                   ^ Magic Number
  614 |
  615 |     expect($headerThs.at(1).attributes('data-foo')).toBeUndefined()
  616 |     expect($headerThs.at(1).attributes('data-type')).toBe('head')"
/home/gabriel/Disk/Research/research-javascript-test-smells/repositories/bootstrap-vue-dev/src/components/table/table-lite.spec.js,Magic Number,"{'line': 617, 'column': 51, 'index': 17096}","  615 |     expect($headerThs.at(1).attributes('data-foo')).toBeUndefined()
  616 |     expect($headerThs.at(1).attributes('data-type')).toBe('head')
> 617 |     expect($headerThs.at(1).classes().length).toBe(0)
      |                                                   ^ Magic Number
  618 |
  619 |     expect($headerThs.at(2).attributes('data-foo')).toBeUndefined()
  620 |     expect($headerThs.at(2).attributes('data-type')).toBe('head')"
/home/gabriel/Disk/Research/research-javascript-test-smells/repositories/bootstrap-vue-dev/src/components/table/table-lite.spec.js,Magic Number,"{'line': 621, 'column': 51, 'index': 17285}","  619 |     expect($headerThs.at(2).attributes('data-foo')).toBeUndefined()
  620 |     expect($headerThs.at(2).attributes('data-type')).toBe('head')
> 621 |     expect($headerThs.at(2).classes().length).toBe(0)
      |                                                   ^ Magic Number
  622 |
  623 |     const $bodyThs = wrapper.findAll('tbody > tr > th')
  624 |"
/home/gabriel/Disk/Research/research-javascript-test-smells/repositories/bootstrap-vue-dev/src/components/table/table-lite.spec.js,Magic Number,"{'line': 627, 'column': 49, 'index': 17524}","  625 |     expect($bodyThs.at(0).attributes('data-foo')).toBeUndefined()
  626 |     expect($bodyThs.at(0).attributes('data-type')).toBe('row')
> 627 |     expect($bodyThs.at(0).classes().length).toBe(0)
      |                                                 ^ Magic Number
  628 |
  629 |     wrapper.destroy()
  630 |   })"
/home/gabriel/Disk/Research/research-javascript-test-smells/repositories/bootstrap-vue-dev/src/components/table/table-lite.spec.js,Magic Number,"{'line': 649, 'column': 54, 'index': 17995}","  647 |
  648 |     expect(wrapper).toBeDefined()
> 649 |     expect(wrapper.findAll('tbody > tr').length).toBe(1)
      |                                                      ^ Magic Number
  650 |     expect(wrapper.findAll('tbody > tr > td').length).toBe(2)
  651 |     const $tds = wrapper.findAll('tbody > tr > td')
  652 |     expect($tds.at(0).text()).toBe('3')"
/home/gabriel/Disk/Research/research-javascript-test-smells/repositories/bootstrap-vue-dev/src/components/table/table-lite.spec.js,Magic Number,"{'line': 650, 'column': 59, 'index': 18057}","  648 |     expect(wrapper).toBeDefined()
  649 |     expect(wrapper.findAll('tbody > tr').length).toBe(1)
> 650 |     expect(wrapper.findAll('tbody > tr > td').length).toBe(2)
      |                                                           ^ Magic Number
  651 |     const $tds = wrapper.findAll('tbody > tr > td')
  652 |     expect($tds.at(0).text()).toBe('3')
  653 |     expect($tds.at(1).text()).toBe('2')"
/home/gabriel/Disk/Research/research-javascript-test-smells/repositories/bootstrap-vue-dev/src/components/table/table-lite.spec.js,Magic Number,"{'line': 674, 'column': 54, 'index': 18673}","  672 |
  673 |     expect(wrapper).toBeDefined()
> 674 |     expect(wrapper.findAll('tbody > tr').length).toBe(1)
      |                                                      ^ Magic Number
  675 |     expect(wrapper.findAll('tbody > tr > td').length).toBe(2)
  676 |     const $tds = wrapper.findAll('tbody > tr > td')
  677 |     expect($tds.at(0).text()).toBe('3')"
/home/gabriel/Disk/Research/research-javascript-test-smells/repositories/bootstrap-vue-dev/src/components/table/table-lite.spec.js,Magic Number,"{'line': 675, 'column': 59, 'index': 18735}","  673 |     expect(wrapper).toBeDefined()
  674 |     expect(wrapper.findAll('tbody > tr').length).toBe(1)
> 675 |     expect(wrapper.findAll('tbody > tr > td').length).toBe(2)
      |                                                           ^ Magic Number
  676 |     const $tds = wrapper.findAll('tbody > tr > td')
  677 |     expect($tds.at(0).text()).toBe('3')
  678 |     expect($tds.at(1).text()).toBe('2')"
/home/gabriel/Disk/Research/research-javascript-test-smells/repositories/bootstrap-vue-dev/src/components/table/table-item-formatter.spec.js,Magic Number,"{'line': 23, 'column': 54, 'index': 608}","  21 |
  22 |     expect(wrapper).toBeDefined()
> 23 |     expect(wrapper.findAll('tbody > tr').length).toBe(1)
     |                                                      ^ Magic Number
  24 |     expect(wrapper.findAll('tbody > tr > td').length).toBe(2)
  25 |     const $tds = wrapper.findAll('tbody > tr > td')
  26 |     expect($tds.at(0).text()).toBe('3')"
/home/gabriel/Disk/Research/research-javascript-test-smells/repositories/bootstrap-vue-dev/src/components/table/table-item-formatter.spec.js,Magic Number,"{'line': 24, 'column': 59, 'index': 670}","  22 |     expect(wrapper).toBeDefined()
  23 |     expect(wrapper.findAll('tbody > tr').length).toBe(1)
> 24 |     expect(wrapper.findAll('tbody > tr > td').length).toBe(2)
     |                                                           ^ Magic Number
  25 |     const $tds = wrapper.findAll('tbody > tr > td')
  26 |     expect($tds.at(0).text()).toBe('3')
  27 |     expect($tds.at(1).text()).toBe('2')"
/home/gabriel/Disk/Research/research-javascript-test-smells/repositories/bootstrap-vue-dev/src/components/table/table-item-formatter.spec.js,Magic Number,"{'line': 48, 'column': 54, 'index': 1282}","  46 |
  47 |     expect(wrapper).toBeDefined()
> 48 |     expect(wrapper.findAll('tbody > tr').length).toBe(1)
     |                                                      ^ Magic Number
  49 |     expect(wrapper.findAll('tbody > tr > td').length).toBe(2)
  50 |     const $tds = wrapper.findAll('tbody > tr > td')
  51 |     expect($tds.at(0).text()).toBe('3')"
/home/gabriel/Disk/Research/research-javascript-test-smells/repositories/bootstrap-vue-dev/src/components/table/table-item-formatter.spec.js,Magic Number,"{'line': 49, 'column': 59, 'index': 1344}","  47 |     expect(wrapper).toBeDefined()
  48 |     expect(wrapper.findAll('tbody > tr').length).toBe(1)
> 49 |     expect(wrapper.findAll('tbody > tr > td').length).toBe(2)
     |                                                           ^ Magic Number
  50 |     const $tds = wrapper.findAll('tbody > tr > td')
  51 |     expect($tds.at(0).text()).toBe('3')
  52 |     expect($tds.at(1).text()).toBe('2')"
/home/gabriel/Disk/Research/research-javascript-test-smells/repositories/bootstrap-vue-dev/src/components/table/table-filtering.spec.js,Duplicate Assert,"{'line': 77, 'column': 4, 'index': 2235}","  75 |     await waitNT(wrapper.vm)
  76 |
> 77 |     expect(wrapper.findAll('tbody > tr').exists()).toBe(true)
     |    ^ Duplicate Assert
  78 |     expect(wrapper.findAll('tbody > tr').length).toBe(3)
  79 |     expect(wrapper.emitted('filtered')).toBeUndefined()
  80 |"
/home/gabriel/Disk/Research/research-javascript-test-smells/repositories/bootstrap-vue-dev/src/components/table/table-filtering.spec.js,Duplicate Assert,"{'line': 77, 'column': 4, 'index': 2235}","  75 |     await waitNT(wrapper.vm)
  76 |
> 77 |     expect(wrapper.findAll('tbody > tr').exists()).toBe(true)
     |    ^ Duplicate Assert
  78 |     expect(wrapper.findAll('tbody > tr').length).toBe(3)
  79 |     expect(wrapper.emitted('filtered')).toBeUndefined()
  80 |"
/home/gabriel/Disk/Research/research-javascript-test-smells/repositories/bootstrap-vue-dev/src/components/table/table-filtering.spec.js,Duplicate Assert,"{'line': 78, 'column': 4, 'index': 2297}","  76 |
  77 |     expect(wrapper.findAll('tbody > tr').exists()).toBe(true)
> 78 |     expect(wrapper.findAll('tbody > tr').length).toBe(3)
     |    ^ Duplicate Assert
  79 |     expect(wrapper.emitted('filtered')).toBeUndefined()
  80 |
  81 |     await wrapper.setProps({"
/home/gabriel/Disk/Research/research-javascript-test-smells/repositories/bootstrap-vue-dev/src/components/table/table-filtering.spec.js,Duplicate Assert,"{'line': 78, 'column': 4, 'index': 2297}","  76 |
  77 |     expect(wrapper.findAll('tbody > tr').exists()).toBe(true)
> 78 |     expect(wrapper.findAll('tbody > tr').length).toBe(3)
     |    ^ Duplicate Assert
  79 |     expect(wrapper.emitted('filtered')).toBeUndefined()
  80 |
  81 |     await wrapper.setProps({"
/home/gabriel/Disk/Research/research-javascript-test-smells/repositories/bootstrap-vue-dev/src/components/table/table-filtering.spec.js,Duplicate Assert,"{'line': 79, 'column': 4, 'index': 2354}","  77 |     expect(wrapper.findAll('tbody > tr').exists()).toBe(true)
  78 |     expect(wrapper.findAll('tbody > tr').length).toBe(3)
> 79 |     expect(wrapper.emitted('filtered')).toBeUndefined()
     |    ^ Duplicate Assert
  80 |
  81 |     await wrapper.setProps({
  82 |       filter: 'z'"
/home/gabriel/Disk/Research/research-javascript-test-smells/repositories/bootstrap-vue-dev/src/components/table/table-filtering.spec.js,Duplicate Assert,"{'line': 86, 'column': 4, 'index': 2495}","  84 |     await waitNT(wrapper.vm)
  85 |
> 86 |     expect(wrapper.findAll('tbody > tr').exists()).toBe(true)
     |    ^ Duplicate Assert
  87 |     expect(wrapper.findAll('tbody > tr').length).toBe(1)
  88 |
  89 |     expect(wrapper.emitted('filtered')).toBeDefined()"
/home/gabriel/Disk/Research/research-javascript-test-smells/repositories/bootstrap-vue-dev/src/components/table/table-filtering.spec.js,Duplicate Assert,"{'line': 86, 'column': 4, 'index': 2495}","  84 |     await waitNT(wrapper.vm)
  85 |
> 86 |     expect(wrapper.findAll('tbody > tr').exists()).toBe(true)
     |    ^ Duplicate Assert
  87 |     expect(wrapper.findAll('tbody > tr').length).toBe(1)
  88 |
  89 |     expect(wrapper.emitted('filtered')).toBeDefined()"
/home/gabriel/Disk/Research/research-javascript-test-smells/repositories/bootstrap-vue-dev/src/components/table/table-filtering.spec.js,Duplicate Assert,"{'line': 87, 'column': 4, 'index': 2557}","  85 |
  86 |     expect(wrapper.findAll('tbody > tr').exists()).toBe(true)
> 87 |     expect(wrapper.findAll('tbody > tr').length).toBe(1)
     |    ^ Duplicate Assert
  88 |
  89 |     expect(wrapper.emitted('filtered')).toBeDefined()
  90 |     expect(wrapper.emitted('filtered').length).toBe(1)"
/home/gabriel/Disk/Research/research-javascript-test-smells/repositories/bootstrap-vue-dev/src/components/table/table-filtering.spec.js,Duplicate Assert,"{'line': 87, 'column': 4, 'index': 2557}","  85 |
  86 |     expect(wrapper.findAll('tbody > tr').exists()).toBe(true)
> 87 |     expect(wrapper.findAll('tbody > tr').length).toBe(1)
     |    ^ Duplicate Assert
  88 |
  89 |     expect(wrapper.emitted('filtered')).toBeDefined()
  90 |     expect(wrapper.emitted('filtered').length).toBe(1)"
/home/gabriel/Disk/Research/research-javascript-test-smells/repositories/bootstrap-vue-dev/src/components/table/table-filtering.spec.js,Duplicate Assert,"{'line': 89, 'column': 4, 'index': 2615}","  87 |     expect(wrapper.findAll('tbody > tr').length).toBe(1)
  88 |
> 89 |     expect(wrapper.emitted('filtered')).toBeDefined()
     |    ^ Duplicate Assert
  90 |     expect(wrapper.emitted('filtered').length).toBe(1)
  91 |     // Copy of items matching filter
  92 |     expect(wrapper.emitted('filtered')[0][0]).toEqual([testItems[2]])"
/home/gabriel/Disk/Research/research-javascript-test-smells/repositories/bootstrap-vue-dev/src/components/table/table-filtering.spec.js,Duplicate Assert,"{'line': 90, 'column': 4, 'index': 2669}","  88 |
  89 |     expect(wrapper.emitted('filtered')).toBeDefined()
> 90 |     expect(wrapper.emitted('filtered').length).toBe(1)
     |    ^ Duplicate Assert
  91 |     // Copy of items matching filter
  92 |     expect(wrapper.emitted('filtered')[0][0]).toEqual([testItems[2]])
  93 |     // Number of rows matching filter"
/home/gabriel/Disk/Research/research-javascript-test-smells/repositories/bootstrap-vue-dev/src/components/table/table-filtering.spec.js,Duplicate Assert,"{'line': 101, 'column': 4, 'index': 3010}","   99 |     await waitNT(wrapper.vm)
  100 |
> 101 |     expect(wrapper.findAll('tbody > tr').exists()).toBe(true)
      |    ^ Duplicate Assert
  102 |     expect(wrapper.findAll('tbody > tr').length).toBe(3)
  103 |
  104 |     expect(wrapper.emitted('filtered').length).toBe(2)"
/home/gabriel/Disk/Research/research-javascript-test-smells/repositories/bootstrap-vue-dev/src/components/table/table-filtering.spec.js,Duplicate Assert,"{'line': 101, 'column': 4, 'index': 3010}","   99 |     await waitNT(wrapper.vm)
  100 |
> 101 |     expect(wrapper.findAll('tbody > tr').exists()).toBe(true)
      |    ^ Duplicate Assert
  102 |     expect(wrapper.findAll('tbody > tr').length).toBe(3)
  103 |
  104 |     expect(wrapper.emitted('filtered').length).toBe(2)"
/home/gabriel/Disk/Research/research-javascript-test-smells/repositories/bootstrap-vue-dev/src/components/table/table-filtering.spec.js,Duplicate Assert,"{'line': 102, 'column': 4, 'index': 3072}","  100 |
  101 |     expect(wrapper.findAll('tbody > tr').exists()).toBe(true)
> 102 |     expect(wrapper.findAll('tbody > tr').length).toBe(3)
      |    ^ Duplicate Assert
  103 |
  104 |     expect(wrapper.emitted('filtered').length).toBe(2)
  105 |     // Copy of items matching filter"
/home/gabriel/Disk/Research/research-javascript-test-smells/repositories/bootstrap-vue-dev/src/components/table/table-filtering.spec.js,Duplicate Assert,"{'line': 102, 'column': 4, 'index': 3072}","  100 |
  101 |     expect(wrapper.findAll('tbody > tr').exists()).toBe(true)
> 102 |     expect(wrapper.findAll('tbody > tr').length).toBe(3)
      |    ^ Duplicate Assert
  103 |
  104 |     expect(wrapper.emitted('filtered').length).toBe(2)
  105 |     // Copy of items matching filter"
/home/gabriel/Disk/Research/research-javascript-test-smells/repositories/bootstrap-vue-dev/src/components/table/table-filtering.spec.js,Duplicate Assert,"{'line': 104, 'column': 4, 'index': 3130}","  102 |     expect(wrapper.findAll('tbody > tr').length).toBe(3)
  103 |
> 104 |     expect(wrapper.emitted('filtered').length).toBe(2)
      |    ^ Duplicate Assert
  105 |     // Copy of items matching filter
  106 |     expect(wrapper.emitted('filtered')[1][0]).toEqual(testItems)
  107 |     // Number of rows matching filter"
/home/gabriel/Disk/Research/research-javascript-test-smells/repositories/bootstrap-vue-dev/src/components/table/table-filtering.spec.js,Duplicate Assert,"{'line': 115, 'column': 4, 'index': 3467}","  113 |     await waitNT(wrapper.vm)
  114 |
> 115 |     expect(wrapper.findAll('tbody > tr').exists()).toBe(true)
      |    ^ Duplicate Assert
  116 |     expect(wrapper.findAll('tbody > tr').length).toBe(1)
  117 |
  118 |     expect(wrapper.emitted('filtered').length).toBe(3)"
/home/gabriel/Disk/Research/research-javascript-test-smells/repositories/bootstrap-vue-dev/src/components/table/table-filtering.spec.js,Duplicate Assert,"{'line': 115, 'column': 4, 'index': 3467}","  113 |     await waitNT(wrapper.vm)
  114 |
> 115 |     expect(wrapper.findAll('tbody > tr').exists()).toBe(true)
      |    ^ Duplicate Assert
  116 |     expect(wrapper.findAll('tbody > tr').length).toBe(1)
  117 |
  118 |     expect(wrapper.emitted('filtered').length).toBe(3)"
/home/gabriel/Disk/Research/research-javascript-test-smells/repositories/bootstrap-vue-dev/src/components/table/table-filtering.spec.js,Duplicate Assert,"{'line': 116, 'column': 4, 'index': 3529}","  114 |
  115 |     expect(wrapper.findAll('tbody > tr').exists()).toBe(true)
> 116 |     expect(wrapper.findAll('tbody > tr').length).toBe(1)
      |    ^ Duplicate Assert
  117 |
  118 |     expect(wrapper.emitted('filtered').length).toBe(3)
  119 |     // Copy of items matching filter"
/home/gabriel/Disk/Research/research-javascript-test-smells/repositories/bootstrap-vue-dev/src/components/table/table-filtering.spec.js,Duplicate Assert,"{'line': 116, 'column': 4, 'index': 3529}","  114 |
  115 |     expect(wrapper.findAll('tbody > tr').exists()).toBe(true)
> 116 |     expect(wrapper.findAll('tbody > tr').length).toBe(1)
      |    ^ Duplicate Assert
  117 |
  118 |     expect(wrapper.emitted('filtered').length).toBe(3)
  119 |     // Copy of items matching filter"
/home/gabriel/Disk/Research/research-javascript-test-smells/repositories/bootstrap-vue-dev/src/components/table/table-filtering.spec.js,Duplicate Assert,"{'line': 118, 'column': 4, 'index': 3587}","  116 |     expect(wrapper.findAll('tbody > tr').length).toBe(1)
  117 |
> 118 |     expect(wrapper.emitted('filtered').length).toBe(3)
      |    ^ Duplicate Assert
  119 |     // Copy of items matching filter
  120 |     expect(wrapper.emitted('filtered')[2][0]).toEqual([testItems[0]])
  121 |     // Number of rows matching filter"
/home/gabriel/Disk/Research/research-javascript-test-smells/repositories/bootstrap-vue-dev/src/components/table/table-filtering.spec.js,Duplicate Assert,"{'line': 130, 'column': 4, 'index': 3982}","  128 |     await waitNT(wrapper.vm)
  129 |
> 130 |     expect(wrapper.findAll('tbody > tr').exists()).toBe(true)
      |    ^ Duplicate Assert
  131 |     expect(wrapper.findAll('tbody > tr').length).toBe(3)
  132 |
  133 |     expect(wrapper.emitted('filtered').length).toBe(4)"
/home/gabriel/Disk/Research/research-javascript-test-smells/repositories/bootstrap-vue-dev/src/components/table/table-filtering.spec.js,Duplicate Assert,"{'line': 130, 'column': 4, 'index': 3982}","  128 |     await waitNT(wrapper.vm)
  129 |
> 130 |     expect(wrapper.findAll('tbody > tr').exists()).toBe(true)
      |    ^ Duplicate Assert
  131 |     expect(wrapper.findAll('tbody > tr').length).toBe(3)
  132 |
  133 |     expect(wrapper.emitted('filtered').length).toBe(4)"
/home/gabriel/Disk/Research/research-javascript-test-smells/repositories/bootstrap-vue-dev/src/components/table/table-filtering.spec.js,Duplicate Assert,"{'line': 131, 'column': 4, 'index': 4044}","  129 |
  130 |     expect(wrapper.findAll('tbody > tr').exists()).toBe(true)
> 131 |     expect(wrapper.findAll('tbody > tr').length).toBe(3)
      |    ^ Duplicate Assert
  132 |
  133 |     expect(wrapper.emitted('filtered').length).toBe(4)
  134 |     // Copy of items matching filter"
/home/gabriel/Disk/Research/research-javascript-test-smells/repositories/bootstrap-vue-dev/src/components/table/table-filtering.spec.js,Duplicate Assert,"{'line': 131, 'column': 4, 'index': 4044}","  129 |
  130 |     expect(wrapper.findAll('tbody > tr').exists()).toBe(true)
> 131 |     expect(wrapper.findAll('tbody > tr').length).toBe(3)
      |    ^ Duplicate Assert
  132 |
  133 |     expect(wrapper.emitted('filtered').length).toBe(4)
  134 |     // Copy of items matching filter"
/home/gabriel/Disk/Research/research-javascript-test-smells/repositories/bootstrap-vue-dev/src/components/table/table-filtering.spec.js,Duplicate Assert,"{'line': 133, 'column': 4, 'index': 4102}","  131 |     expect(wrapper.findAll('tbody > tr').length).toBe(3)
  132 |
> 133 |     expect(wrapper.emitted('filtered').length).toBe(4)
      |    ^ Duplicate Assert
  134 |     // Copy of items matching filter
  135 |     expect(wrapper.emitted('filtered')[3][0]).toEqual(testItems)
  136 |     // Number of rows matching filter"
/home/gabriel/Disk/Research/research-javascript-test-smells/repositories/bootstrap-vue-dev/src/components/table/table-filtering.spec.js,Duplicate Assert,"{'line': 158, 'column': 4, 'index': 4827}","  156 |     await waitNT(wrapper.vm)
  157 |
> 158 |     expect(wrapper.findAll('tbody > tr').exists()).toBe(true)
      |    ^ Duplicate Assert
  159 |     expect(wrapper.findAll('tbody > tr').length).toBe(3)
  160 |     expect(wrapper.emitted('filtered')).toBeUndefined()
  161 |"
/home/gabriel/Disk/Research/research-javascript-test-smells/repositories/bootstrap-vue-dev/src/components/table/table-filtering.spec.js,Duplicate Assert,"{'line': 158, 'column': 4, 'index': 4827}","  156 |     await waitNT(wrapper.vm)
  157 |
> 158 |     expect(wrapper.findAll('tbody > tr').exists()).toBe(true)
      |    ^ Duplicate Assert
  159 |     expect(wrapper.findAll('tbody > tr').length).toBe(3)
  160 |     expect(wrapper.emitted('filtered')).toBeUndefined()
  161 |"
/home/gabriel/Disk/Research/research-javascript-test-smells/repositories/bootstrap-vue-dev/src/components/table/table-filtering.spec.js,Duplicate Assert,"{'line': 159, 'column': 4, 'index': 4889}","  157 |
  158 |     expect(wrapper.findAll('tbody > tr').exists()).toBe(true)
> 159 |     expect(wrapper.findAll('tbody > tr').length).toBe(3)
      |    ^ Duplicate Assert
  160 |     expect(wrapper.emitted('filtered')).toBeUndefined()
  161 |
  162 |     await wrapper.setProps({"
/home/gabriel/Disk/Research/research-javascript-test-smells/repositories/bootstrap-vue-dev/src/components/table/table-filtering.spec.js,Duplicate Assert,"{'line': 159, 'column': 4, 'index': 4889}","  157 |
  158 |     expect(wrapper.findAll('tbody > tr').exists()).toBe(true)
> 159 |     expect(wrapper.findAll('tbody > tr').length).toBe(3)
      |    ^ Duplicate Assert
  160 |     expect(wrapper.emitted('filtered')).toBeUndefined()
  161 |
  162 |     await wrapper.setProps({"
/home/gabriel/Disk/Research/research-javascript-test-smells/repositories/bootstrap-vue-dev/src/components/table/table-filtering.spec.js,Duplicate Assert,"{'line': 160, 'column': 4, 'index': 4946}","  158 |     expect(wrapper.findAll('tbody > tr').exists()).toBe(true)
  159 |     expect(wrapper.findAll('tbody > tr').length).toBe(3)
> 160 |     expect(wrapper.emitted('filtered')).toBeUndefined()
      |    ^ Duplicate Assert
  161 |
  162 |     await wrapper.setProps({
  163 |       filter: /z/"
/home/gabriel/Disk/Research/research-javascript-test-smells/repositories/bootstrap-vue-dev/src/components/table/table-filtering.spec.js,Duplicate Assert,"{'line': 167, 'column': 4, 'index': 5087}","  165 |     await waitNT(wrapper.vm)
  166 |
> 167 |     expect(wrapper.findAll('tbody > tr').exists()).toBe(true)
      |    ^ Duplicate Assert
  168 |     expect(wrapper.findAll('tbody > tr').length).toBe(1)
  169 |
  170 |     expect(wrapper.emitted('filtered')).toBeDefined()"
/home/gabriel/Disk/Research/research-javascript-test-smells/repositories/bootstrap-vue-dev/src/components/table/table-filtering.spec.js,Duplicate Assert,"{'line': 167, 'column': 4, 'index': 5087}","  165 |     await waitNT(wrapper.vm)
  166 |
> 167 |     expect(wrapper.findAll('tbody > tr').exists()).toBe(true)
      |    ^ Duplicate Assert
  168 |     expect(wrapper.findAll('tbody > tr').length).toBe(1)
  169 |
  170 |     expect(wrapper.emitted('filtered')).toBeDefined()"
/home/gabriel/Disk/Research/research-javascript-test-smells/repositories/bootstrap-vue-dev/src/components/table/table-filtering.spec.js,Duplicate Assert,"{'line': 168, 'column': 4, 'index': 5149}","  166 |
  167 |     expect(wrapper.findAll('tbody > tr').exists()).toBe(true)
> 168 |     expect(wrapper.findAll('tbody > tr').length).toBe(1)
      |    ^ Duplicate Assert
  169 |
  170 |     expect(wrapper.emitted('filtered')).toBeDefined()
  171 |     expect(wrapper.emitted('filtered').length).toBe(1)"
/home/gabriel/Disk/Research/research-javascript-test-smells/repositories/bootstrap-vue-dev/src/components/table/table-filtering.spec.js,Duplicate Assert,"{'line': 170, 'column': 4, 'index': 5207}","  168 |     expect(wrapper.findAll('tbody > tr').length).toBe(1)
  169 |
> 170 |     expect(wrapper.emitted('filtered')).toBeDefined()
      |    ^ Duplicate Assert
  171 |     expect(wrapper.emitted('filtered').length).toBe(1)
  172 |     // Copy of items matching filter
  173 |     expect(wrapper.emitted('filtered')[0][0]).toEqual([testItems[2]])"
/home/gabriel/Disk/Research/research-javascript-test-smells/repositories/bootstrap-vue-dev/src/components/table/table-filtering.spec.js,Duplicate Assert,"{'line': 171, 'column': 4, 'index': 5261}","  169 |
  170 |     expect(wrapper.emitted('filtered')).toBeDefined()
> 171 |     expect(wrapper.emitted('filtered').length).toBe(1)
      |    ^ Duplicate Assert
  172 |     // Copy of items matching filter
  173 |     expect(wrapper.emitted('filtered')[0][0]).toEqual([testItems[2]])
  174 |     // Number of rows matching filter"
/home/gabriel/Disk/Research/research-javascript-test-smells/repositories/bootstrap-vue-dev/src/components/table/table-filtering.spec.js,Duplicate Assert,"{'line': 182, 'column': 4, 'index': 5602}","  180 |     await waitNT(wrapper.vm)
  181 |
> 182 |     expect(wrapper.findAll('tbody > tr').exists()).toBe(true)
      |    ^ Duplicate Assert
  183 |     expect(wrapper.findAll('tbody > tr').length).toBe(3)
  184 |
  185 |     expect(wrapper.emitted('filtered').length).toBe(2)"
/home/gabriel/Disk/Research/research-javascript-test-smells/repositories/bootstrap-vue-dev/src/components/table/table-filtering.spec.js,Duplicate Assert,"{'line': 182, 'column': 4, 'index': 5602}","  180 |     await waitNT(wrapper.vm)
  181 |
> 182 |     expect(wrapper.findAll('tbody > tr').exists()).toBe(true)
      |    ^ Duplicate Assert
  183 |     expect(wrapper.findAll('tbody > tr').length).toBe(3)
  184 |
  185 |     expect(wrapper.emitted('filtered').length).toBe(2)"
/home/gabriel/Disk/Research/research-javascript-test-smells/repositories/bootstrap-vue-dev/src/components/table/table-filtering.spec.js,Duplicate Assert,"{'line': 183, 'column': 4, 'index': 5664}","  181 |
  182 |     expect(wrapper.findAll('tbody > tr').exists()).toBe(true)
> 183 |     expect(wrapper.findAll('tbody > tr').length).toBe(3)
      |    ^ Duplicate Assert
  184 |
  185 |     expect(wrapper.emitted('filtered').length).toBe(2)
  186 |     // Copy of items matching filter"
/home/gabriel/Disk/Research/research-javascript-test-smells/repositories/bootstrap-vue-dev/src/components/table/table-filtering.spec.js,Duplicate Assert,"{'line': 183, 'column': 4, 'index': 5664}","  181 |
  182 |     expect(wrapper.findAll('tbody > tr').exists()).toBe(true)
> 183 |     expect(wrapper.findAll('tbody > tr').length).toBe(3)
      |    ^ Duplicate Assert
  184 |
  185 |     expect(wrapper.emitted('filtered').length).toBe(2)
  186 |     // Copy of items matching filter"
/home/gabriel/Disk/Research/research-javascript-test-smells/repositories/bootstrap-vue-dev/src/components/table/table-filtering.spec.js,Duplicate Assert,"{'line': 185, 'column': 4, 'index': 5722}","  183 |     expect(wrapper.findAll('tbody > tr').length).toBe(3)
  184 |
> 185 |     expect(wrapper.emitted('filtered').length).toBe(2)
      |    ^ Duplicate Assert
  186 |     // Copy of items matching filter
  187 |     expect(wrapper.emitted('filtered')[1][0]).toEqual(testItems)
  188 |     // Number of rows matching filter"
/home/gabriel/Disk/Research/research-javascript-test-smells/repositories/bootstrap-vue-dev/src/components/table/table-filtering.spec.js,Duplicate Assert,"{'line': 223, 'column': 4, 'index': 6672}","  221 |     await waitNT(wrapper.vm)
  222 |
> 223 |     expect(wrapper.findAll('tbody > tr').length).toBe(3)
      |    ^ Duplicate Assert
  224 |
  225 |     // Search for a value in ""a"" column
  226 |     await wrapper.setProps({ filter: '3' })"
/home/gabriel/Disk/Research/research-javascript-test-smells/repositories/bootstrap-vue-dev/src/components/table/table-filtering.spec.js,Duplicate Assert,"{'line': 228, 'column': 4, 'index': 6843}","  226 |     await wrapper.setProps({ filter: '3' })
  227 |     await waitNT(wrapper.vm)
> 228 |     expect(wrapper.findAll('tbody > tr').length).toBe(1)
      |    ^ Duplicate Assert
  229 |
  230 |     // Ignore ""a"" column from filtering
  231 |     await wrapper.setProps({ filterIgnoredFields: ['a'] })"
/home/gabriel/Disk/Research/research-javascript-test-smells/repositories/bootstrap-vue-dev/src/components/table/table-filtering.spec.js,Duplicate Assert,"{'line': 233, 'column': 4, 'index': 7029}","  231 |     await wrapper.setProps({ filterIgnoredFields: ['a'] })
  232 |     await waitNT(wrapper.vm)
> 233 |     expect(wrapper.findAll('tbody > tr').length).toBe(0)
      |    ^ Duplicate Assert
  234 |
  235 |     wrapper.destroy()
  236 |   })"
/home/gabriel/Disk/Research/research-javascript-test-smells/repositories/bootstrap-vue-dev/src/components/table/table-filtering.spec.js,Duplicate Assert,"{'line': 252, 'column': 4, 'index': 7515}","  250 |     await waitNT(wrapper.vm)
  251 |
> 252 |     expect(wrapper.findAll('tbody > tr').length).toBe(4)
      |    ^ Duplicate Assert
  253 |
  254 |     // Search for ""a""
  255 |     await wrapper.setProps({ filter: 'a' })"
/home/gabriel/Disk/Research/research-javascript-test-smells/repositories/bootstrap-vue-dev/src/components/table/table-filtering.spec.js,Duplicate Assert,"{'line': 257, 'column': 4, 'index': 7668}","  255 |     await wrapper.setProps({ filter: 'a' })
  256 |     await waitNT(wrapper.vm)
> 257 |     expect(wrapper.findAll('tbody > tr').length).toBe(2)
      |    ^ Duplicate Assert
  258 |
  259 |     // Only include ""a"" and ""b"" fields
  260 |     await wrapper.setProps({ filterIncludedFields: ['a', 'b'] })"
/home/gabriel/Disk/Research/research-javascript-test-smells/repositories/bootstrap-vue-dev/src/components/table/table-filtering.spec.js,Duplicate Assert,"{'line': 262, 'column': 4, 'index': 7859}","  260 |     await wrapper.setProps({ filterIncludedFields: ['a', 'b'] })
  261 |     await waitNT(wrapper.vm)
> 262 |     expect(wrapper.findAll('tbody > tr').length).toBe(1)
      |    ^ Duplicate Assert
  263 |
  264 |     wrapper.destroy()
  265 |   })"
/home/gabriel/Disk/Research/research-javascript-test-smells/repositories/bootstrap-vue-dev/src/components/table/table-filtering.spec.js,Duplicate Assert,"{'line': 306, 'column': 4, 'index': 8933}","  304 |     expect(wrapper).toBeDefined()
  305 |     await waitNT(wrapper.vm)
> 306 |     expect(wrapper.findAll('tbody > tr').length).toBe(testItems.length)
      |    ^ Duplicate Assert
  307 |
  308 |     await wrapper.setProps({
  309 |       filter: 'ZZZZZZ'"
/home/gabriel/Disk/Research/research-javascript-test-smells/repositories/bootstrap-vue-dev/src/components/table/table-filtering.spec.js,Duplicate Assert,"{'line': 313, 'column': 4, 'index': 9095}","  311 |     await waitNT(wrapper.vm)
  312 |
> 313 |     expect(wrapper.findAll('tbody > tr').length).toBe(1)
      |    ^ Duplicate Assert
  314 |     expect(wrapper.find('tbody > tr').text()).toBe(wrapper.vm.emptyFilteredText)
  315 |     expect(wrapper.find('tbody > tr').classes()).toContain('b-table-empty-row')
  316 |     expect(wrapper.find('tbody > tr').attributes('role')).toBe('row')"
/home/gabriel/Disk/Research/research-javascript-test-smells/repositories/bootstrap-vue-dev/src/components/table/table-filtering.spec.js,Duplicate Assert,"{'line': 344, 'column': 6, 'index': 10391}","  342 |       expect(wrapper.findAll('tbody > tr').exists()).toBe(true)
  343 |       expect(wrapper.findAll('tbody > tr').length).toBe(3)
> 344 |       expect(wrapper.vm.$_filterTimer).toBe(null)
      |      ^ Duplicate Assert
  345 |       await waitNT(wrapper.vm)
  346 |       expect(wrapper.emitted('input')).toBeDefined()
  347 |       expect(wrapper.emitted('input').length).toBe(1)"
/home/gabriel/Disk/Research/research-javascript-test-smells/repositories/bootstrap-vue-dev/src/components/table/table-filtering.spec.js,Duplicate Assert,"{'line': 344, 'column': 6, 'index': 10391}","  342 |       expect(wrapper.findAll('tbody > tr').exists()).toBe(true)
  343 |       expect(wrapper.findAll('tbody > tr').length).toBe(3)
> 344 |       expect(wrapper.vm.$_filterTimer).toBe(null)
      |      ^ Duplicate Assert
  345 |       await waitNT(wrapper.vm)
  346 |       expect(wrapper.emitted('input')).toBeDefined()
  347 |       expect(wrapper.emitted('input').length).toBe(1)"
/home/gabriel/Disk/Research/research-javascript-test-smells/repositories/bootstrap-vue-dev/src/components/table/table-filtering.spec.js,Duplicate Assert,"{'line': 347, 'column': 6, 'index': 10525}","  345 |       await waitNT(wrapper.vm)
  346 |       expect(wrapper.emitted('input')).toBeDefined()
> 347 |       expect(wrapper.emitted('input').length).toBe(1)
      |      ^ Duplicate Assert
  348 |       expect(wrapper.emitted('input')[0][0]).toEqual(testItems)
  349 |       expect(wrapper.vm.$_filterTimer).toBe(null)
  350 |       lastFilterTimer = wrapper.vm.$_filterTimer"
/home/gabriel/Disk/Research/research-javascript-test-smells/repositories/bootstrap-vue-dev/src/components/table/table-filtering.spec.js,Duplicate Assert,"{'line': 347, 'column': 6, 'index': 10525}","  345 |       await waitNT(wrapper.vm)
  346 |       expect(wrapper.emitted('input')).toBeDefined()
> 347 |       expect(wrapper.emitted('input').length).toBe(1)
      |      ^ Duplicate Assert
  348 |       expect(wrapper.emitted('input')[0][0]).toEqual(testItems)
  349 |       expect(wrapper.vm.$_filterTimer).toBe(null)
  350 |       lastFilterTimer = wrapper.vm.$_filterTimer"
/home/gabriel/Disk/Research/research-javascript-test-smells/repositories/bootstrap-vue-dev/src/components/table/table-filtering.spec.js,Duplicate Assert,"{'line': 349, 'column': 6, 'index': 10643}","  347 |       expect(wrapper.emitted('input').length).toBe(1)
  348 |       expect(wrapper.emitted('input')[0][0]).toEqual(testItems)
> 349 |       expect(wrapper.vm.$_filterTimer).toBe(null)
      |      ^ Duplicate Assert
  350 |       lastFilterTimer = wrapper.vm.$_filterTimer
  351 |
  352 |       // Set filter to a single character"
/home/gabriel/Disk/Research/research-javascript-test-smells/repositories/bootstrap-vue-dev/src/components/table/table-filtering.spec.js,Duplicate Assert,"{'line': 349, 'column': 6, 'index': 10643}","  347 |       expect(wrapper.emitted('input').length).toBe(1)
  348 |       expect(wrapper.emitted('input')[0][0]).toEqual(testItems)
> 349 |       expect(wrapper.vm.$_filterTimer).toBe(null)
      |      ^ Duplicate Assert
  350 |       lastFilterTimer = wrapper.vm.$_filterTimer
  351 |
  352 |       // Set filter to a single character"
/home/gabriel/Disk/Research/research-javascript-test-smells/repositories/bootstrap-vue-dev/src/components/table/table-filtering.spec.js,Duplicate Assert,"{'line': 357, 'column': 6, 'index': 10876}","  355 |       })
  356 |       await waitNT(wrapper.vm)
> 357 |       expect(wrapper.emitted('input').length).toBe(1)
      |      ^ Duplicate Assert
  358 |       expect(wrapper.vm.$_filterTimer).not.toBe(null)
  359 |       expect(wrapper.vm.$_filterTimer).not.toEqual(lastFilterTimer)
  360 |       lastFilterTimer = wrapper.vm.$_filterTimer"
/home/gabriel/Disk/Research/research-javascript-test-smells/repositories/bootstrap-vue-dev/src/components/table/table-filtering.spec.js,Duplicate Assert,"{'line': 357, 'column': 6, 'index': 10876}","  355 |       })
  356 |       await waitNT(wrapper.vm)
> 357 |       expect(wrapper.emitted('input').length).toBe(1)
      |      ^ Duplicate Assert
  358 |       expect(wrapper.vm.$_filterTimer).not.toBe(null)
  359 |       expect(wrapper.vm.$_filterTimer).not.toEqual(lastFilterTimer)
  360 |       lastFilterTimer = wrapper.vm.$_filterTimer"
/home/gabriel/Disk/Research/research-javascript-test-smells/repositories/bootstrap-vue-dev/src/components/table/table-filtering.spec.js,Duplicate Assert,"{'line': 358, 'column': 6, 'index': 10930}","  356 |       await waitNT(wrapper.vm)
  357 |       expect(wrapper.emitted('input').length).toBe(1)
> 358 |       expect(wrapper.vm.$_filterTimer).not.toBe(null)
      |      ^ Duplicate Assert
  359 |       expect(wrapper.vm.$_filterTimer).not.toEqual(lastFilterTimer)
  360 |       lastFilterTimer = wrapper.vm.$_filterTimer
  361 |       expect(wrapper.vm.localFilter).not.toEqual('1')"
/home/gabriel/Disk/Research/research-javascript-test-smells/repositories/bootstrap-vue-dev/src/components/table/table-filtering.spec.js,Duplicate Assert,"{'line': 358, 'column': 6, 'index': 10930}","  356 |       await waitNT(wrapper.vm)
  357 |       expect(wrapper.emitted('input').length).toBe(1)
> 358 |       expect(wrapper.vm.$_filterTimer).not.toBe(null)
      |      ^ Duplicate Assert
  359 |       expect(wrapper.vm.$_filterTimer).not.toEqual(lastFilterTimer)
  360 |       lastFilterTimer = wrapper.vm.$_filterTimer
  361 |       expect(wrapper.vm.localFilter).not.toEqual('1')"
/home/gabriel/Disk/Research/research-javascript-test-smells/repositories/bootstrap-vue-dev/src/components/table/table-filtering.spec.js,Duplicate Assert,"{'line': 359, 'column': 6, 'index': 10984}","  357 |       expect(wrapper.emitted('input').length).toBe(1)
  358 |       expect(wrapper.vm.$_filterTimer).not.toBe(null)
> 359 |       expect(wrapper.vm.$_filterTimer).not.toEqual(lastFilterTimer)
      |      ^ Duplicate Assert
  360 |       lastFilterTimer = wrapper.vm.$_filterTimer
  361 |       expect(wrapper.vm.localFilter).not.toEqual('1')
  362 |"
/home/gabriel/Disk/Research/research-javascript-test-smells/repositories/bootstrap-vue-dev/src/components/table/table-filtering.spec.js,Duplicate Assert,"{'line': 359, 'column': 6, 'index': 10984}","  357 |       expect(wrapper.emitted('input').length).toBe(1)
  358 |       expect(wrapper.vm.$_filterTimer).not.toBe(null)
> 359 |       expect(wrapper.vm.$_filterTimer).not.toEqual(lastFilterTimer)
      |      ^ Duplicate Assert
  360 |       lastFilterTimer = wrapper.vm.$_filterTimer
  361 |       expect(wrapper.vm.localFilter).not.toEqual('1')
  362 |"
/home/gabriel/Disk/Research/research-javascript-test-smells/repositories/bootstrap-vue-dev/src/components/table/table-filtering.spec.js,Duplicate Assert,"{'line': 361, 'column': 6, 'index': 11101}","  359 |       expect(wrapper.vm.$_filterTimer).not.toEqual(lastFilterTimer)
  360 |       lastFilterTimer = wrapper.vm.$_filterTimer
> 361 |       expect(wrapper.vm.localFilter).not.toEqual('1')
      |      ^ Duplicate Assert
  362 |
  363 |       // Change filter
  364 |       await wrapper.setProps({"
/home/gabriel/Disk/Research/research-javascript-test-smells/repositories/bootstrap-vue-dev/src/components/table/table-filtering.spec.js,Duplicate Assert,"{'line': 361, 'column': 6, 'index': 11101}","  359 |       expect(wrapper.vm.$_filterTimer).not.toEqual(lastFilterTimer)
  360 |       lastFilterTimer = wrapper.vm.$_filterTimer
> 361 |       expect(wrapper.vm.localFilter).not.toEqual('1')
      |      ^ Duplicate Assert
  362 |
  363 |       // Change filter
  364 |       await wrapper.setProps({"
/home/gabriel/Disk/Research/research-javascript-test-smells/repositories/bootstrap-vue-dev/src/components/table/table-filtering.spec.js,Duplicate Assert,"{'line': 368, 'column': 6, 'index': 11270}","  366 |       })
  367 |       await waitNT(wrapper.vm)
> 368 |       expect(wrapper.emitted('input').length).toBe(1)
      |      ^ Duplicate Assert
  369 |       expect(wrapper.vm.$_filterTimer).not.toBe(null)
  370 |       expect(wrapper.vm.$_filterTimer).not.toEqual(lastFilterTimer)
  371 |       lastFilterTimer = wrapper.vm.$_filterTimer"
/home/gabriel/Disk/Research/research-javascript-test-smells/repositories/bootstrap-vue-dev/src/components/table/table-filtering.spec.js,Duplicate Assert,"{'line': 368, 'column': 6, 'index': 11270}","  366 |       })
  367 |       await waitNT(wrapper.vm)
> 368 |       expect(wrapper.emitted('input').length).toBe(1)
      |      ^ Duplicate Assert
  369 |       expect(wrapper.vm.$_filterTimer).not.toBe(null)
  370 |       expect(wrapper.vm.$_filterTimer).not.toEqual(lastFilterTimer)
  371 |       lastFilterTimer = wrapper.vm.$_filterTimer"
/home/gabriel/Disk/Research/research-javascript-test-smells/repositories/bootstrap-vue-dev/src/components/table/table-filtering.spec.js,Duplicate Assert,"{'line': 369, 'column': 6, 'index': 11324}","  367 |       await waitNT(wrapper.vm)
  368 |       expect(wrapper.emitted('input').length).toBe(1)
> 369 |       expect(wrapper.vm.$_filterTimer).not.toBe(null)
      |      ^ Duplicate Assert
  370 |       expect(wrapper.vm.$_filterTimer).not.toEqual(lastFilterTimer)
  371 |       lastFilterTimer = wrapper.vm.$_filterTimer
  372 |       expect(wrapper.vm.localFilter).not.toEqual('z')"
/home/gabriel/Disk/Research/research-javascript-test-smells/repositories/bootstrap-vue-dev/src/components/table/table-filtering.spec.js,Duplicate Assert,"{'line': 369, 'column': 6, 'index': 11324}","  367 |       await waitNT(wrapper.vm)
  368 |       expect(wrapper.emitted('input').length).toBe(1)
> 369 |       expect(wrapper.vm.$_filterTimer).not.toBe(null)
      |      ^ Duplicate Assert
  370 |       expect(wrapper.vm.$_filterTimer).not.toEqual(lastFilterTimer)
  371 |       lastFilterTimer = wrapper.vm.$_filterTimer
  372 |       expect(wrapper.vm.localFilter).not.toEqual('z')"
/home/gabriel/Disk/Research/research-javascript-test-smells/repositories/bootstrap-vue-dev/src/components/table/table-filtering.spec.js,Duplicate Assert,"{'line': 370, 'column': 6, 'index': 11378}","  368 |       expect(wrapper.emitted('input').length).toBe(1)
  369 |       expect(wrapper.vm.$_filterTimer).not.toBe(null)
> 370 |       expect(wrapper.vm.$_filterTimer).not.toEqual(lastFilterTimer)
      |      ^ Duplicate Assert
  371 |       lastFilterTimer = wrapper.vm.$_filterTimer
  372 |       expect(wrapper.vm.localFilter).not.toEqual('z')
  373 |"
/home/gabriel/Disk/Research/research-javascript-test-smells/repositories/bootstrap-vue-dev/src/components/table/table-filtering.spec.js,Duplicate Assert,"{'line': 370, 'column': 6, 'index': 11378}","  368 |       expect(wrapper.emitted('input').length).toBe(1)
  369 |       expect(wrapper.vm.$_filterTimer).not.toBe(null)
> 370 |       expect(wrapper.vm.$_filterTimer).not.toEqual(lastFilterTimer)
      |      ^ Duplicate Assert
  371 |       lastFilterTimer = wrapper.vm.$_filterTimer
  372 |       expect(wrapper.vm.localFilter).not.toEqual('z')
  373 |"
/home/gabriel/Disk/Research/research-javascript-test-smells/repositories/bootstrap-vue-dev/src/components/table/table-filtering.spec.js,Duplicate Assert,"{'line': 372, 'column': 6, 'index': 11495}","  370 |       expect(wrapper.vm.$_filterTimer).not.toEqual(lastFilterTimer)
  371 |       lastFilterTimer = wrapper.vm.$_filterTimer
> 372 |       expect(wrapper.vm.localFilter).not.toEqual('z')
      |      ^ Duplicate Assert
  373 |
  374 |       jest.runTimersToTime(101)
  375 |       await waitNT(wrapper.vm)"
/home/gabriel/Disk/Research/research-javascript-test-smells/repositories/bootstrap-vue-dev/src/components/table/table-filtering.spec.js,Duplicate Assert,"{'line': 376, 'column': 6, 'index': 11613}","  374 |       jest.runTimersToTime(101)
  375 |       await waitNT(wrapper.vm)
> 376 |       expect(wrapper.emitted('input').length).toBe(2)
      |      ^ Duplicate Assert
  377 |       expect(wrapper.emitted('input')[1][0]).toEqual([testItems[2]])
  378 |       expect(wrapper.vm.$_filterTimer).toEqual(lastFilterTimer)
  379 |       lastFilterTimer = wrapper.vm.$_filterTimer"
/home/gabriel/Disk/Research/research-javascript-test-smells/repositories/bootstrap-vue-dev/src/components/table/table-filtering.spec.js,Duplicate Assert,"{'line': 376, 'column': 6, 'index': 11613}","  374 |       jest.runTimersToTime(101)
  375 |       await waitNT(wrapper.vm)
> 376 |       expect(wrapper.emitted('input').length).toBe(2)
      |      ^ Duplicate Assert
  377 |       expect(wrapper.emitted('input')[1][0]).toEqual([testItems[2]])
  378 |       expect(wrapper.vm.$_filterTimer).toEqual(lastFilterTimer)
  379 |       lastFilterTimer = wrapper.vm.$_filterTimer"
/home/gabriel/Disk/Research/research-javascript-test-smells/repositories/bootstrap-vue-dev/src/components/table/table-filtering.spec.js,Duplicate Assert,"{'line': 378, 'column': 6, 'index': 11736}","  376 |       expect(wrapper.emitted('input').length).toBe(2)
  377 |       expect(wrapper.emitted('input')[1][0]).toEqual([testItems[2]])
> 378 |       expect(wrapper.vm.$_filterTimer).toEqual(lastFilterTimer)
      |      ^ Duplicate Assert
  379 |       lastFilterTimer = wrapper.vm.$_filterTimer
  380 |       expect(wrapper.vm.localFilter).toEqual('z')
  381 |"
/home/gabriel/Disk/Research/research-javascript-test-smells/repositories/bootstrap-vue-dev/src/components/table/table-filtering.spec.js,Duplicate Assert,"{'line': 380, 'column': 6, 'index': 11849}","  378 |       expect(wrapper.vm.$_filterTimer).toEqual(lastFilterTimer)
  379 |       lastFilterTimer = wrapper.vm.$_filterTimer
> 380 |       expect(wrapper.vm.localFilter).toEqual('z')
      |      ^ Duplicate Assert
  381 |
  382 |       // Change filter
  383 |       await wrapper.setProps({"
/home/gabriel/Disk/Research/research-javascript-test-smells/repositories/bootstrap-vue-dev/src/components/table/table-filtering.spec.js,Duplicate Assert,"{'line': 380, 'column': 6, 'index': 11849}","  378 |       expect(wrapper.vm.$_filterTimer).toEqual(lastFilterTimer)
  379 |       lastFilterTimer = wrapper.vm.$_filterTimer
> 380 |       expect(wrapper.vm.localFilter).toEqual('z')
      |      ^ Duplicate Assert
  381 |
  382 |       // Change filter
  383 |       await wrapper.setProps({"
/home/gabriel/Disk/Research/research-javascript-test-smells/repositories/bootstrap-vue-dev/src/components/table/table-filtering.spec.js,Duplicate Assert,"{'line': 387, 'column': 6, 'index': 12014}","  385 |       })
  386 |       await waitNT(wrapper.vm)
> 387 |       expect(wrapper.vm.$_filterTimer).not.toBe(null)
      |      ^ Duplicate Assert
  388 |       expect(wrapper.emitted('input').length).toBe(2)
  389 |       expect(wrapper.vm.$_filterTimer).not.toEqual(lastFilterTimer)
  390 |       lastFilterTimer = wrapper.vm.$_filterTimer"
/home/gabriel/Disk/Research/research-javascript-test-smells/repositories/bootstrap-vue-dev/src/components/table/table-filtering.spec.js,Duplicate Assert,"{'line': 387, 'column': 6, 'index': 12014}","  385 |       })
  386 |       await waitNT(wrapper.vm)
> 387 |       expect(wrapper.vm.$_filterTimer).not.toBe(null)
      |      ^ Duplicate Assert
  388 |       expect(wrapper.emitted('input').length).toBe(2)
  389 |       expect(wrapper.vm.$_filterTimer).not.toEqual(lastFilterTimer)
  390 |       lastFilterTimer = wrapper.vm.$_filterTimer"
/home/gabriel/Disk/Research/research-javascript-test-smells/repositories/bootstrap-vue-dev/src/components/table/table-filtering.spec.js,Duplicate Assert,"{'line': 388, 'column': 6, 'index': 12068}","  386 |       await waitNT(wrapper.vm)
  387 |       expect(wrapper.vm.$_filterTimer).not.toBe(null)
> 388 |       expect(wrapper.emitted('input').length).toBe(2)
      |      ^ Duplicate Assert
  389 |       expect(wrapper.vm.$_filterTimer).not.toEqual(lastFilterTimer)
  390 |       lastFilterTimer = wrapper.vm.$_filterTimer
  391 |       expect(wrapper.vm.localFilter).not.toEqual('1')"
/home/gabriel/Disk/Research/research-javascript-test-smells/repositories/bootstrap-vue-dev/src/components/table/table-filtering.spec.js,Duplicate Assert,"{'line': 388, 'column': 6, 'index': 12068}","  386 |       await waitNT(wrapper.vm)
  387 |       expect(wrapper.vm.$_filterTimer).not.toBe(null)
> 388 |       expect(wrapper.emitted('input').length).toBe(2)
      |      ^ Duplicate Assert
  389 |       expect(wrapper.vm.$_filterTimer).not.toEqual(lastFilterTimer)
  390 |       lastFilterTimer = wrapper.vm.$_filterTimer
  391 |       expect(wrapper.vm.localFilter).not.toEqual('1')"
/home/gabriel/Disk/Research/research-javascript-test-smells/repositories/bootstrap-vue-dev/src/components/table/table-filtering.spec.js,Duplicate Assert,"{'line': 389, 'column': 6, 'index': 12122}","  387 |       expect(wrapper.vm.$_filterTimer).not.toBe(null)
  388 |       expect(wrapper.emitted('input').length).toBe(2)
> 389 |       expect(wrapper.vm.$_filterTimer).not.toEqual(lastFilterTimer)
      |      ^ Duplicate Assert
  390 |       lastFilterTimer = wrapper.vm.$_filterTimer
  391 |       expect(wrapper.vm.localFilter).not.toEqual('1')
  392 |       expect(wrapper.vm.localFilter).toEqual('z')"
/home/gabriel/Disk/Research/research-javascript-test-smells/repositories/bootstrap-vue-dev/src/components/table/table-filtering.spec.js,Duplicate Assert,"{'line': 389, 'column': 6, 'index': 12122}","  387 |       expect(wrapper.vm.$_filterTimer).not.toBe(null)
  388 |       expect(wrapper.emitted('input').length).toBe(2)
> 389 |       expect(wrapper.vm.$_filterTimer).not.toEqual(lastFilterTimer)
      |      ^ Duplicate Assert
  390 |       lastFilterTimer = wrapper.vm.$_filterTimer
  391 |       expect(wrapper.vm.localFilter).not.toEqual('1')
  392 |       expect(wrapper.vm.localFilter).toEqual('z')"
/home/gabriel/Disk/Research/research-javascript-test-smells/repositories/bootstrap-vue-dev/src/components/table/table-filtering.spec.js,Duplicate Assert,"{'line': 391, 'column': 6, 'index': 12239}","  389 |       expect(wrapper.vm.$_filterTimer).not.toEqual(lastFilterTimer)
  390 |       lastFilterTimer = wrapper.vm.$_filterTimer
> 391 |       expect(wrapper.vm.localFilter).not.toEqual('1')
      |      ^ Duplicate Assert
  392 |       expect(wrapper.vm.localFilter).toEqual('z')
  393 |
  394 |       // Change filter-debounce to no debouncing"
/home/gabriel/Disk/Research/research-javascript-test-smells/repositories/bootstrap-vue-dev/src/components/table/table-filtering.spec.js,Duplicate Assert,"{'line': 391, 'column': 6, 'index': 12239}","  389 |       expect(wrapper.vm.$_filterTimer).not.toEqual(lastFilterTimer)
  390 |       lastFilterTimer = wrapper.vm.$_filterTimer
> 391 |       expect(wrapper.vm.localFilter).not.toEqual('1')
      |      ^ Duplicate Assert
  392 |       expect(wrapper.vm.localFilter).toEqual('z')
  393 |
  394 |       // Change filter-debounce to no debouncing"
/home/gabriel/Disk/Research/research-javascript-test-smells/repositories/bootstrap-vue-dev/src/components/table/table-filtering.spec.js,Duplicate Assert,"{'line': 392, 'column': 6, 'index': 12293}","  390 |       lastFilterTimer = wrapper.vm.$_filterTimer
  391 |       expect(wrapper.vm.localFilter).not.toEqual('1')
> 392 |       expect(wrapper.vm.localFilter).toEqual('z')
      |      ^ Duplicate Assert
  393 |
  394 |       // Change filter-debounce to no debouncing
  395 |       await wrapper.setProps({"
/home/gabriel/Disk/Research/research-javascript-test-smells/repositories/bootstrap-vue-dev/src/components/table/table-filtering.spec.js,Duplicate Assert,"{'line': 392, 'column': 6, 'index': 12293}","  390 |       lastFilterTimer = wrapper.vm.$_filterTimer
  391 |       expect(wrapper.vm.localFilter).not.toEqual('1')
> 392 |       expect(wrapper.vm.localFilter).toEqual('z')
      |      ^ Duplicate Assert
  393 |
  394 |       // Change filter-debounce to no debouncing
  395 |       await wrapper.setProps({"
/home/gabriel/Disk/Research/research-javascript-test-smells/repositories/bootstrap-vue-dev/src/components/table/table-filtering.spec.js,Duplicate Assert,"{'line': 400, 'column': 6, 'index': 12530}","  398 |       await waitNT(wrapper.vm)
  399 |       // Should clear the pending timer
> 400 |       expect(wrapper.vm.$_filterTimer).toBe(null)
      |      ^ Duplicate Assert
  401 |       // Should immediately filter the items
  402 |       expect(wrapper.emitted('input').length).toBe(3)
  403 |       expect(wrapper.emitted('input')[2][0]).toEqual([testItems[1]])"
/home/gabriel/Disk/Research/research-javascript-test-smells/repositories/bootstrap-vue-dev/src/components/table/table-filtering.spec.js,Duplicate Assert,"{'line': 400, 'column': 6, 'index': 12530}","  398 |       await waitNT(wrapper.vm)
  399 |       // Should clear the pending timer
> 400 |       expect(wrapper.vm.$_filterTimer).toBe(null)
      |      ^ Duplicate Assert
  401 |       // Should immediately filter the items
  402 |       expect(wrapper.emitted('input').length).toBe(3)
  403 |       expect(wrapper.emitted('input')[2][0]).toEqual([testItems[1]])"
/home/gabriel/Disk/Research/research-javascript-test-smells/repositories/bootstrap-vue-dev/src/components/table/table-filtering.spec.js,Duplicate Assert,"{'line': 402, 'column': 6, 'index': 12625}","  400 |       expect(wrapper.vm.$_filterTimer).toBe(null)
  401 |       // Should immediately filter the items
> 402 |       expect(wrapper.emitted('input').length).toBe(3)
      |      ^ Duplicate Assert
  403 |       expect(wrapper.emitted('input')[2][0]).toEqual([testItems[1]])
  404 |       expect(wrapper.vm.localFilter).toEqual('1')
  405 |"
/home/gabriel/Disk/Research/research-javascript-test-smells/repositories/bootstrap-vue-dev/src/components/table/table-filtering.spec.js,Duplicate Assert,"{'line': 404, 'column': 6, 'index': 12748}","  402 |       expect(wrapper.emitted('input').length).toBe(3)
  403 |       expect(wrapper.emitted('input')[2][0]).toEqual([testItems[1]])
> 404 |       expect(wrapper.vm.localFilter).toEqual('1')
      |      ^ Duplicate Assert
  405 |
  406 |       wrapper.destroy()
  407 |     })"
/home/gabriel/Disk/Research/research-javascript-test-smells/repositories/bootstrap-vue-dev/src/components/table/table-filtering.spec.js,Magic Number,"{'line': 19, 'column': 54, 'index': 694}","  17 |     expect(wrapper).toBeDefined()
  18 |     expect(wrapper.findAll('tbody > tr').exists()).toBe(true)
> 19 |     expect(wrapper.findAll('tbody > tr').length).toBe(3)
     |                                                      ^ Magic Number
  20 |     await waitNT(wrapper.vm)
  21 |     expect(wrapper.emitted('input')).toBeDefined()
  22 |     expect(wrapper.emitted('input').length).toBe(1)"
/home/gabriel/Disk/Research/research-javascript-test-smells/repositories/bootstrap-vue-dev/src/components/table/table-filtering.spec.js,Magic Number,"{'line': 22, 'column': 49, 'index': 826}","  20 |     await waitNT(wrapper.vm)
  21 |     expect(wrapper.emitted('input')).toBeDefined()
> 22 |     expect(wrapper.emitted('input').length).toBe(1)
     |                                                 ^ Magic Number
  23 |     expect(wrapper.emitted('input')[0][0]).toEqual(testItems)
  24 |     const $rows = wrapper.findAll('tbody > tr').wrappers
  25 |     expect($rows.length).toBe(3)"
/home/gabriel/Disk/Research/research-javascript-test-smells/repositories/bootstrap-vue-dev/src/components/table/table-filtering.spec.js,Magic Number,"{'line': 25, 'column': 30, 'index': 978}","  23 |     expect(wrapper.emitted('input')[0][0]).toEqual(testItems)
  24 |     const $rows = wrapper.findAll('tbody > tr').wrappers
> 25 |     expect($rows.length).toBe(3)
     |                              ^ Magic Number
  26 |     // Map the rows to the first column text value
  27 |     const columnA = $rows.map(row => {
  28 |       return row"
/home/gabriel/Disk/Research/research-javascript-test-smells/repositories/bootstrap-vue-dev/src/components/table/table-filtering.spec.js,Magic Number,"{'line': 52, 'column': 54, 'index': 1666}","  50 |
  51 |     expect(wrapper.findAll('tbody > tr').exists()).toBe(true)
> 52 |     expect(wrapper.findAll('tbody > tr').length).toBe(1)
     |                                                      ^ Magic Number
  53 |
  54 |     const $rows = wrapper.findAll('tbody > tr')
  55 |     expect($rows.length).toBe(1)"
/home/gabriel/Disk/Research/research-javascript-test-smells/repositories/bootstrap-vue-dev/src/components/table/table-filtering.spec.js,Magic Number,"{'line': 55, 'column': 30, 'index': 1748}","  53 |
  54 |     const $rows = wrapper.findAll('tbody > tr')
> 55 |     expect($rows.length).toBe(1)
     |                              ^ Magic Number
  56 |
  57 |     const $tds = $rows.at(0).findAll('td')
  58 |"
/home/gabriel/Disk/Research/research-javascript-test-smells/repositories/bootstrap-vue-dev/src/components/table/table-filtering.spec.js,Magic Number,"{'line': 78, 'column': 54, 'index': 2347}","  76 |
  77 |     expect(wrapper.findAll('tbody > tr').exists()).toBe(true)
> 78 |     expect(wrapper.findAll('tbody > tr').length).toBe(3)
     |                                                      ^ Magic Number
  79 |     expect(wrapper.emitted('filtered')).toBeUndefined()
  80 |
  81 |     await wrapper.setProps({"
/home/gabriel/Disk/Research/research-javascript-test-smells/repositories/bootstrap-vue-dev/src/components/table/table-filtering.spec.js,Magic Number,"{'line': 87, 'column': 54, 'index': 2607}","  85 |
  86 |     expect(wrapper.findAll('tbody > tr').exists()).toBe(true)
> 87 |     expect(wrapper.findAll('tbody > tr').length).toBe(1)
     |                                                      ^ Magic Number
  88 |
  89 |     expect(wrapper.emitted('filtered')).toBeDefined()
  90 |     expect(wrapper.emitted('filtered').length).toBe(1)"
/home/gabriel/Disk/Research/research-javascript-test-smells/repositories/bootstrap-vue-dev/src/components/table/table-filtering.spec.js,Magic Number,"{'line': 90, 'column': 52, 'index': 2717}","  88 |
  89 |     expect(wrapper.emitted('filtered')).toBeDefined()
> 90 |     expect(wrapper.emitted('filtered').length).toBe(1)
     |                                                    ^ Magic Number
  91 |     // Copy of items matching filter
  92 |     expect(wrapper.emitted('filtered')[0][0]).toEqual([testItems[2]])
  93 |     // Number of rows matching filter"
/home/gabriel/Disk/Research/research-javascript-test-smells/repositories/bootstrap-vue-dev/src/components/table/table-filtering.spec.js,Magic Number,"{'line': 94, 'column': 54, 'index': 2919}","  92 |     expect(wrapper.emitted('filtered')[0][0]).toEqual([testItems[2]])
  93 |     // Number of rows matching filter
> 94 |     expect(wrapper.emitted('filtered')[0][1]).toEqual(1)
     |                                                      ^ Magic Number
  95 |
  96 |     await wrapper.setProps({
  97 |       filter: ''"
/home/gabriel/Disk/Research/research-javascript-test-smells/repositories/bootstrap-vue-dev/src/components/table/table-filtering.spec.js,Magic Number,"{'line': 102, 'column': 54, 'index': 3122}","  100 |
  101 |     expect(wrapper.findAll('tbody > tr').exists()).toBe(true)
> 102 |     expect(wrapper.findAll('tbody > tr').length).toBe(3)
      |                                                      ^ Magic Number
  103 |
  104 |     expect(wrapper.emitted('filtered').length).toBe(2)
  105 |     // Copy of items matching filter"
/home/gabriel/Disk/Research/research-javascript-test-smells/repositories/bootstrap-vue-dev/src/components/table/table-filtering.spec.js,Magic Number,"{'line': 104, 'column': 52, 'index': 3178}","  102 |     expect(wrapper.findAll('tbody > tr').length).toBe(3)
  103 |
> 104 |     expect(wrapper.emitted('filtered').length).toBe(2)
      |                                                    ^ Magic Number
  105 |     // Copy of items matching filter
  106 |     expect(wrapper.emitted('filtered')[1][0]).toEqual(testItems)
  107 |     // Number of rows matching filter"
/home/gabriel/Disk/Research/research-javascript-test-smells/repositories/bootstrap-vue-dev/src/components/table/table-filtering.spec.js,Magic Number,"{'line': 108, 'column': 54, 'index': 3375}","  106 |     expect(wrapper.emitted('filtered')[1][0]).toEqual(testItems)
  107 |     // Number of rows matching filter
> 108 |     expect(wrapper.emitted('filtered')[1][1]).toEqual(3)
      |                                                      ^ Magic Number
  109 |
  110 |     await wrapper.setProps({
  111 |       filter: '3'"
/home/gabriel/Disk/Research/research-javascript-test-smells/repositories/bootstrap-vue-dev/src/components/table/table-filtering.spec.js,Magic Number,"{'line': 116, 'column': 54, 'index': 3579}","  114 |
  115 |     expect(wrapper.findAll('tbody > tr').exists()).toBe(true)
> 116 |     expect(wrapper.findAll('tbody > tr').length).toBe(1)
      |                                                      ^ Magic Number
  117 |
  118 |     expect(wrapper.emitted('filtered').length).toBe(3)
  119 |     // Copy of items matching filter"
/home/gabriel/Disk/Research/research-javascript-test-smells/repositories/bootstrap-vue-dev/src/components/table/table-filtering.spec.js,Magic Number,"{'line': 118, 'column': 52, 'index': 3635}","  116 |     expect(wrapper.findAll('tbody > tr').length).toBe(1)
  117 |
> 118 |     expect(wrapper.emitted('filtered').length).toBe(3)
      |                                                    ^ Magic Number
  119 |     // Copy of items matching filter
  120 |     expect(wrapper.emitted('filtered')[2][0]).toEqual([testItems[0]])
  121 |     // Number of rows matching filter"
/home/gabriel/Disk/Research/research-javascript-test-smells/repositories/bootstrap-vue-dev/src/components/table/table-filtering.spec.js,Magic Number,"{'line': 122, 'column': 54, 'index': 3837}","  120 |     expect(wrapper.emitted('filtered')[2][0]).toEqual([testItems[0]])
  121 |     // Number of rows matching filter
> 122 |     expect(wrapper.emitted('filtered')[2][1]).toEqual(1)
      |                                                      ^ Magic Number
  123 |
  124 |     await wrapper.setProps({
  125 |       // Setting to null will also clear the filter"
/home/gabriel/Disk/Research/research-javascript-test-smells/repositories/bootstrap-vue-dev/src/components/table/table-filtering.spec.js,Magic Number,"{'line': 131, 'column': 54, 'index': 4094}","  129 |
  130 |     expect(wrapper.findAll('tbody > tr').exists()).toBe(true)
> 131 |     expect(wrapper.findAll('tbody > tr').length).toBe(3)
      |                                                      ^ Magic Number
  132 |
  133 |     expect(wrapper.emitted('filtered').length).toBe(4)
  134 |     // Copy of items matching filter"
/home/gabriel/Disk/Research/research-javascript-test-smells/repositories/bootstrap-vue-dev/src/components/table/table-filtering.spec.js,Magic Number,"{'line': 133, 'column': 52, 'index': 4150}","  131 |     expect(wrapper.findAll('tbody > tr').length).toBe(3)
  132 |
> 133 |     expect(wrapper.emitted('filtered').length).toBe(4)
      |                                                    ^ Magic Number
  134 |     // Copy of items matching filter
  135 |     expect(wrapper.emitted('filtered')[3][0]).toEqual(testItems)
  136 |     // Number of rows matching filter"
/home/gabriel/Disk/Research/research-javascript-test-smells/repositories/bootstrap-vue-dev/src/components/table/table-filtering.spec.js,Magic Number,"{'line': 137, 'column': 54, 'index': 4347}","  135 |     expect(wrapper.emitted('filtered')[3][0]).toEqual(testItems)
  136 |     // Number of rows matching filter
> 137 |     expect(wrapper.emitted('filtered')[3][1]).toEqual(3)
      |                                                      ^ Magic Number
  138 |
  139 |     wrapper.destroy()
  140 |   })"
/home/gabriel/Disk/Research/research-javascript-test-smells/repositories/bootstrap-vue-dev/src/components/table/table-filtering.spec.js,Magic Number,"{'line': 159, 'column': 54, 'index': 4939}","  157 |
  158 |     expect(wrapper.findAll('tbody > tr').exists()).toBe(true)
> 159 |     expect(wrapper.findAll('tbody > tr').length).toBe(3)
      |                                                      ^ Magic Number
  160 |     expect(wrapper.emitted('filtered')).toBeUndefined()
  161 |
  162 |     await wrapper.setProps({"
/home/gabriel/Disk/Research/research-javascript-test-smells/repositories/bootstrap-vue-dev/src/components/table/table-filtering.spec.js,Magic Number,"{'line': 168, 'column': 54, 'index': 5199}","  166 |
  167 |     expect(wrapper.findAll('tbody > tr').exists()).toBe(true)
> 168 |     expect(wrapper.findAll('tbody > tr').length).toBe(1)
      |                                                      ^ Magic Number
  169 |
  170 |     expect(wrapper.emitted('filtered')).toBeDefined()
  171 |     expect(wrapper.emitted('filtered').length).toBe(1)"
/home/gabriel/Disk/Research/research-javascript-test-smells/repositories/bootstrap-vue-dev/src/components/table/table-filtering.spec.js,Magic Number,"{'line': 171, 'column': 52, 'index': 5309}","  169 |
  170 |     expect(wrapper.emitted('filtered')).toBeDefined()
> 171 |     expect(wrapper.emitted('filtered').length).toBe(1)
      |                                                    ^ Magic Number
  172 |     // Copy of items matching filter
  173 |     expect(wrapper.emitted('filtered')[0][0]).toEqual([testItems[2]])
  174 |     // Number of rows matching filter"
/home/gabriel/Disk/Research/research-javascript-test-smells/repositories/bootstrap-vue-dev/src/components/table/table-filtering.spec.js,Magic Number,"{'line': 175, 'column': 54, 'index': 5511}","  173 |     expect(wrapper.emitted('filtered')[0][0]).toEqual([testItems[2]])
  174 |     // Number of rows matching filter
> 175 |     expect(wrapper.emitted('filtered')[0][1]).toEqual(1)
      |                                                      ^ Magic Number
  176 |
  177 |     await wrapper.setProps({
  178 |       filter: []"
/home/gabriel/Disk/Research/research-javascript-test-smells/repositories/bootstrap-vue-dev/src/components/table/table-filtering.spec.js,Magic Number,"{'line': 183, 'column': 54, 'index': 5714}","  181 |
  182 |     expect(wrapper.findAll('tbody > tr').exists()).toBe(true)
> 183 |     expect(wrapper.findAll('tbody > tr').length).toBe(3)
      |                                                      ^ Magic Number
  184 |
  185 |     expect(wrapper.emitted('filtered').length).toBe(2)
  186 |     // Copy of items matching filter"
/home/gabriel/Disk/Research/research-javascript-test-smells/repositories/bootstrap-vue-dev/src/components/table/table-filtering.spec.js,Magic Number,"{'line': 185, 'column': 52, 'index': 5770}","  183 |     expect(wrapper.findAll('tbody > tr').length).toBe(3)
  184 |
> 185 |     expect(wrapper.emitted('filtered').length).toBe(2)
      |                                                    ^ Magic Number
  186 |     // Copy of items matching filter
  187 |     expect(wrapper.emitted('filtered')[1][0]).toEqual(testItems)
  188 |     // Number of rows matching filter"
/home/gabriel/Disk/Research/research-javascript-test-smells/repositories/bootstrap-vue-dev/src/components/table/table-filtering.spec.js,Magic Number,"{'line': 189, 'column': 54, 'index': 5967}","  187 |     expect(wrapper.emitted('filtered')[1][0]).toEqual(testItems)
  188 |     // Number of rows matching filter
> 189 |     expect(wrapper.emitted('filtered')[1][1]).toEqual(3)
      |                                                      ^ Magic Number
  190 |
  191 |     wrapper.destroy()
  192 |   })"
/home/gabriel/Disk/Research/research-javascript-test-smells/repositories/bootstrap-vue-dev/src/components/table/table-filtering.spec.js,Magic Number,"{'line': 205, 'column': 54, 'index': 6338}","  203 |     await waitNT(wrapper.vm)
  204 |
> 205 |     expect(wrapper.findAll('tbody > tr').length).toBe(0)
      |                                                      ^ Magic Number
  206 |
  207 |     wrapper.destroy()
  208 |   })"
/home/gabriel/Disk/Research/research-javascript-test-smells/repositories/bootstrap-vue-dev/src/components/table/table-filtering.spec.js,Magic Number,"{'line': 223, 'column': 54, 'index': 6722}","  221 |     await waitNT(wrapper.vm)
  222 |
> 223 |     expect(wrapper.findAll('tbody > tr').length).toBe(3)
      |                                                      ^ Magic Number
  224 |
  225 |     // Search for a value in ""a"" column
  226 |     await wrapper.setProps({ filter: '3' })"
/home/gabriel/Disk/Research/research-javascript-test-smells/repositories/bootstrap-vue-dev/src/components/table/table-filtering.spec.js,Magic Number,"{'line': 228, 'column': 54, 'index': 6893}","  226 |     await wrapper.setProps({ filter: '3' })
  227 |     await waitNT(wrapper.vm)
> 228 |     expect(wrapper.findAll('tbody > tr').length).toBe(1)
      |                                                      ^ Magic Number
  229 |
  230 |     // Ignore ""a"" column from filtering
  231 |     await wrapper.setProps({ filterIgnoredFields: ['a'] })"
/home/gabriel/Disk/Research/research-javascript-test-smells/repositories/bootstrap-vue-dev/src/components/table/table-filtering.spec.js,Magic Number,"{'line': 233, 'column': 54, 'index': 7079}","  231 |     await wrapper.setProps({ filterIgnoredFields: ['a'] })
  232 |     await waitNT(wrapper.vm)
> 233 |     expect(wrapper.findAll('tbody > tr').length).toBe(0)
      |                                                      ^ Magic Number
  234 |
  235 |     wrapper.destroy()
  236 |   })"
/home/gabriel/Disk/Research/research-javascript-test-smells/repositories/bootstrap-vue-dev/src/components/table/table-filtering.spec.js,Magic Number,"{'line': 252, 'column': 54, 'index': 7565}","  250 |     await waitNT(wrapper.vm)
  251 |
> 252 |     expect(wrapper.findAll('tbody > tr').length).toBe(4)
      |                                                      ^ Magic Number
  253 |
  254 |     // Search for ""a""
  255 |     await wrapper.setProps({ filter: 'a' })"
/home/gabriel/Disk/Research/research-javascript-test-smells/repositories/bootstrap-vue-dev/src/components/table/table-filtering.spec.js,Magic Number,"{'line': 257, 'column': 54, 'index': 7718}","  255 |     await wrapper.setProps({ filter: 'a' })
  256 |     await waitNT(wrapper.vm)
> 257 |     expect(wrapper.findAll('tbody > tr').length).toBe(2)
      |                                                      ^ Magic Number
  258 |
  259 |     // Only include ""a"" and ""b"" fields
  260 |     await wrapper.setProps({ filterIncludedFields: ['a', 'b'] })"
/home/gabriel/Disk/Research/research-javascript-test-smells/repositories/bootstrap-vue-dev/src/components/table/table-filtering.spec.js,Magic Number,"{'line': 262, 'column': 54, 'index': 7909}","  260 |     await wrapper.setProps({ filterIncludedFields: ['a', 'b'] })
  261 |     await waitNT(wrapper.vm)
> 262 |     expect(wrapper.findAll('tbody > tr').length).toBe(1)
      |                                                      ^ Magic Number
  263 |
  264 |     wrapper.destroy()
  265 |   })"
/home/gabriel/Disk/Research/research-javascript-test-smells/repositories/bootstrap-vue-dev/src/components/table/table-filtering.spec.js,Magic Number,"{'line': 290, 'column': 54, 'index': 8573}","  288 |     await waitNT(wrapper.vm)
  289 |
> 290 |     expect(wrapper.findAll('tbody > tr').length).toBe(1)
      |                                                      ^ Magic Number
  291 |
  292 |     wrapper.destroy()
  293 |   })"
/home/gabriel/Disk/Research/research-javascript-test-smells/repositories/bootstrap-vue-dev/src/components/table/table-filtering.spec.js,Magic Number,"{'line': 313, 'column': 54, 'index': 9145}","  311 |     await waitNT(wrapper.vm)
  312 |
> 313 |     expect(wrapper.findAll('tbody > tr').length).toBe(1)
      |                                                      ^ Magic Number
  314 |     expect(wrapper.find('tbody > tr').text()).toBe(wrapper.vm.emptyFilteredText)
  315 |     expect(wrapper.find('tbody > tr').classes()).toContain('b-table-empty-row')
  316 |     expect(wrapper.find('tbody > tr').attributes('role')).toBe('row')"
/home/gabriel/Disk/Research/research-javascript-test-smells/repositories/bootstrap-vue-dev/src/components/table/table-filtering.spec.js,Magic Number,"{'line': 343, 'column': 56, 'index': 10382}","  341 |       expect(wrapper).toBeDefined()
  342 |       expect(wrapper.findAll('tbody > tr').exists()).toBe(true)
> 343 |       expect(wrapper.findAll('tbody > tr').length).toBe(3)
      |                                                        ^ Magic Number
  344 |       expect(wrapper.vm.$_filterTimer).toBe(null)
  345 |       await waitNT(wrapper.vm)
  346 |       expect(wrapper.emitted('input')).toBeDefined()"
/home/gabriel/Disk/Research/research-javascript-test-smells/repositories/bootstrap-vue-dev/src/components/table/table-filtering.spec.js,Magic Number,"{'line': 347, 'column': 51, 'index': 10570}","  345 |       await waitNT(wrapper.vm)
  346 |       expect(wrapper.emitted('input')).toBeDefined()
> 347 |       expect(wrapper.emitted('input').length).toBe(1)
      |                                                   ^ Magic Number
  348 |       expect(wrapper.emitted('input')[0][0]).toEqual(testItems)
  349 |       expect(wrapper.vm.$_filterTimer).toBe(null)
  350 |       lastFilterTimer = wrapper.vm.$_filterTimer"
/home/gabriel/Disk/Research/research-javascript-test-smells/repositories/bootstrap-vue-dev/src/components/table/table-filtering.spec.js,Magic Number,"{'line': 357, 'column': 51, 'index': 10921}","  355 |       })
  356 |       await waitNT(wrapper.vm)
> 357 |       expect(wrapper.emitted('input').length).toBe(1)
      |                                                   ^ Magic Number
  358 |       expect(wrapper.vm.$_filterTimer).not.toBe(null)
  359 |       expect(wrapper.vm.$_filterTimer).not.toEqual(lastFilterTimer)
  360 |       lastFilterTimer = wrapper.vm.$_filterTimer"
/home/gabriel/Disk/Research/research-javascript-test-smells/repositories/bootstrap-vue-dev/src/components/table/table-filtering.spec.js,Magic Number,"{'line': 368, 'column': 51, 'index': 11315}","  366 |       })
  367 |       await waitNT(wrapper.vm)
> 368 |       expect(wrapper.emitted('input').length).toBe(1)
      |                                                   ^ Magic Number
  369 |       expect(wrapper.vm.$_filterTimer).not.toBe(null)
  370 |       expect(wrapper.vm.$_filterTimer).not.toEqual(lastFilterTimer)
  371 |       lastFilterTimer = wrapper.vm.$_filterTimer"
/home/gabriel/Disk/Research/research-javascript-test-smells/repositories/bootstrap-vue-dev/src/components/table/table-filtering.spec.js,Magic Number,"{'line': 376, 'column': 51, 'index': 11658}","  374 |       jest.runTimersToTime(101)
  375 |       await waitNT(wrapper.vm)
> 376 |       expect(wrapper.emitted('input').length).toBe(2)
      |                                                   ^ Magic Number
  377 |       expect(wrapper.emitted('input')[1][0]).toEqual([testItems[2]])
  378 |       expect(wrapper.vm.$_filterTimer).toEqual(lastFilterTimer)
  379 |       lastFilterTimer = wrapper.vm.$_filterTimer"
/home/gabriel/Disk/Research/research-javascript-test-smells/repositories/bootstrap-vue-dev/src/components/table/table-filtering.spec.js,Magic Number,"{'line': 388, 'column': 51, 'index': 12113}","  386 |       await waitNT(wrapper.vm)
  387 |       expect(wrapper.vm.$_filterTimer).not.toBe(null)
> 388 |       expect(wrapper.emitted('input').length).toBe(2)
      |                                                   ^ Magic Number
  389 |       expect(wrapper.vm.$_filterTimer).not.toEqual(lastFilterTimer)
  390 |       lastFilterTimer = wrapper.vm.$_filterTimer
  391 |       expect(wrapper.vm.localFilter).not.toEqual('1')"
/home/gabriel/Disk/Research/research-javascript-test-smells/repositories/bootstrap-vue-dev/src/components/table/table-filtering.spec.js,Magic Number,"{'line': 402, 'column': 51, 'index': 12670}","  400 |       expect(wrapper.vm.$_filterTimer).toBe(null)
  401 |       // Should immediately filter the items
> 402 |       expect(wrapper.emitted('input').length).toBe(3)
      |                                                   ^ Magic Number
  403 |       expect(wrapper.emitted('input')[2][0]).toEqual([testItems[1]])
  404 |       expect(wrapper.vm.localFilter).toEqual('1')
  405 |"
/home/gabriel/Disk/Research/research-javascript-test-smells/repositories/bootstrap-vue-dev/src/components/table/table-colgroup.spec.js,Magic Number,"{'line': 43, 'column': 64, 'index': 1270}","  41 |         .exists()
  42 |     ).toBe(true)
> 43 |     expect(wrapper.find('colgroup').findAll('col').length).toBe(3)
     |                                                                ^ Magic Number
  44 |
  45 |     wrapper.destroy()
  46 |   })"
/home/gabriel/Disk/Research/research-javascript-test-smells/repositories/bootstrap-vue-dev/src/components/table/table-colgroup.spec.js,Magic Number,"{'line': 67, 'column': 25, 'index': 1888}","  65 |     expect(wrapper.element.tagName).toBe('TABLE')
  66 |     await waitNT(wrapper.vm)
> 67 |     expect(columns).toBe(3)
     |                         ^ Magic Number
  68 |     expect(fields).toEqual(normalizeFields(testFields))
  69 |     expect(wrapper.find('table > colgroup').exists()).toBe(true)
  70 |     expect("
/home/gabriel/Disk/Research/research-javascript-test-smells/repositories/bootstrap-vue-dev/src/components/table/table-colgroup.spec.js,Magic Number,"{'line': 76, 'column': 47, 'index': 2170}","  74 |         .exists()
  75 |     ).toBe(true)
> 76 |     expect(wrapper.findAll('col').length).toBe(1)
     |                                               ^ Magic Number
  77 |     expect(wrapper.find('col').attributes('span')).toBe('3')
  78 |
  79 |     wrapper.destroy()"
/home/gabriel/Disk/Research/research-javascript-test-smells/repositories/bootstrap-vue-dev/src/components/table/table-caption.spec.js,Duplicate Assert,"{'line': 149, 'column': 4, 'index': 4593}","  147 |     expect(wrapper.find('table > caption').exists()).toBe(true)
  148 |     expect(wrapper.find('caption').text()).toBe('foobar')
> 149 |     expect(wrapper.find('caption').attributes('id')).toBeDefined()
      |    ^ Duplicate Assert
  150 |     expect(wrapper.find('caption').attributes('id')).toBe('zzz__caption_')
  151 |
  152 |     wrapper.destroy()"
/home/gabriel/Disk/Research/research-javascript-test-smells/repositories/bootstrap-vue-dev/src/components/table/table-caption.spec.js,Duplicate Assert,"{'line': 150, 'column': 4, 'index': 4660}","  148 |     expect(wrapper.find('caption').text()).toBe('foobar')
  149 |     expect(wrapper.find('caption').attributes('id')).toBeDefined()
> 150 |     expect(wrapper.find('caption').attributes('id')).toBe('zzz__caption_')
      |    ^ Duplicate Assert
  151 |
  152 |     wrapper.destroy()
  153 |   })"
/home/gabriel/Disk/Research/research-javascript-test-smells/repositories/bootstrap-vue-dev/src/components/table/table-caption.spec.js,Duplicate Assert,"{'line': 171, 'column': 4, 'index': 5328}","  169 |     expect(wrapper.find('table > caption').exists()).toBe(true)
  170 |     expect(wrapper.find('caption').text()).toBe('foobar')
> 171 |     expect(wrapper.find('caption').attributes('id')).toBeDefined()
      |    ^ Duplicate Assert
  172 |     expect(wrapper.find('caption').attributes('id')).toBe('zzz__caption_')
  173 |
  174 |     wrapper.destroy()"
/home/gabriel/Disk/Research/research-javascript-test-smells/repositories/bootstrap-vue-dev/src/components/table/table-caption.spec.js,Duplicate Assert,"{'line': 172, 'column': 4, 'index': 5395}","  170 |     expect(wrapper.find('caption').text()).toBe('foobar')
  171 |     expect(wrapper.find('caption').attributes('id')).toBeDefined()
> 172 |     expect(wrapper.find('caption').attributes('id')).toBe('zzz__caption_')
      |    ^ Duplicate Assert
  173 |
  174 |     wrapper.destroy()
  175 |   })"
/home/gabriel/Disk/Research/research-javascript-test-smells/repositories/bootstrap-vue-dev/src/components/table/table-busy.spec.js,Duplicate Assert,"{'line': 13, 'column': 4, 'index': 366}","  11 |       }
  12 |     })
> 13 |     expect(wrapper.attributes('aria-busy')).toBeDefined()
     |    ^ Duplicate Assert
  14 |     expect(wrapper.attributes('aria-busy')).toEqual('false')
  15 |
  16 |     wrapper.destroy()"
/home/gabriel/Disk/Research/research-javascript-test-smells/repositories/bootstrap-vue-dev/src/components/table/table-busy.spec.js,Duplicate Assert,"{'line': 14, 'column': 4, 'index': 424}","  12 |     })
  13 |     expect(wrapper.attributes('aria-busy')).toBeDefined()
> 14 |     expect(wrapper.attributes('aria-busy')).toEqual('false')
     |    ^ Duplicate Assert
  15 |
  16 |     wrapper.destroy()
  17 |   })"
/home/gabriel/Disk/Research/research-javascript-test-smells/repositories/bootstrap-vue-dev/src/components/table/table-busy.spec.js,Duplicate Assert,"{'line': 44, 'column': 4, 'index': 1132}","  42 |       }
  43 |     })
> 44 |     expect(wrapper.attributes('aria-busy')).toBeDefined()
     |    ^ Duplicate Assert
  45 |     expect(wrapper.attributes('aria-busy')).toEqual('true')
  46 |
  47 |     wrapper.destroy()"
/home/gabriel/Disk/Research/research-javascript-test-smells/repositories/bootstrap-vue-dev/src/components/table/table-busy.spec.js,Duplicate Assert,"{'line': 45, 'column': 4, 'index': 1190}","  43 |     })
  44 |     expect(wrapper.attributes('aria-busy')).toBeDefined()
> 45 |     expect(wrapper.attributes('aria-busy')).toEqual('true')
     |    ^ Duplicate Assert
  46 |
  47 |     wrapper.destroy()
  48 |   })"
/home/gabriel/Disk/Research/research-javascript-test-smells/repositories/bootstrap-vue-dev/src/components/table/table-busy.spec.js,Duplicate Assert,"{'line': 56, 'column': 4, 'index': 1458}","  54 |       }
  55 |     })
> 56 |     expect(wrapper.attributes('aria-busy')).toBeDefined()
     |    ^ Duplicate Assert
  57 |     expect(wrapper.attributes('aria-busy')).toEqual('false')
  58 |
  59 |     await wrapper.setData({"
/home/gabriel/Disk/Research/research-javascript-test-smells/repositories/bootstrap-vue-dev/src/components/table/table-busy.spec.js,Duplicate Assert,"{'line': 56, 'column': 4, 'index': 1458}","  54 |       }
  55 |     })
> 56 |     expect(wrapper.attributes('aria-busy')).toBeDefined()
     |    ^ Duplicate Assert
  57 |     expect(wrapper.attributes('aria-busy')).toEqual('false')
  58 |
  59 |     await wrapper.setData({"
/home/gabriel/Disk/Research/research-javascript-test-smells/repositories/bootstrap-vue-dev/src/components/table/table-busy.spec.js,Duplicate Assert,"{'line': 57, 'column': 4, 'index': 1516}","  55 |     })
  56 |     expect(wrapper.attributes('aria-busy')).toBeDefined()
> 57 |     expect(wrapper.attributes('aria-busy')).toEqual('false')
     |    ^ Duplicate Assert
  58 |
  59 |     await wrapper.setData({
  60 |       localBusy: true"
/home/gabriel/Disk/Research/research-javascript-test-smells/repositories/bootstrap-vue-dev/src/components/table/table-busy.spec.js,Duplicate Assert,"{'line': 63, 'column': 4, 'index': 1636}","  61 |     })
  62 |
> 63 |     expect(wrapper.attributes('aria-busy')).toBeDefined()
     |    ^ Duplicate Assert
  64 |     expect(wrapper.attributes('aria-busy')).toEqual('true')
  65 |
  66 |     wrapper.destroy()"
/home/gabriel/Disk/Research/research-javascript-test-smells/repositories/bootstrap-vue-dev/src/components/table/table-busy.spec.js,Duplicate Assert,"{'line': 63, 'column': 4, 'index': 1636}","  61 |     })
  62 |
> 63 |     expect(wrapper.attributes('aria-busy')).toBeDefined()
     |    ^ Duplicate Assert
  64 |     expect(wrapper.attributes('aria-busy')).toEqual('true')
  65 |
  66 |     wrapper.destroy()"
/home/gabriel/Disk/Research/research-javascript-test-smells/repositories/bootstrap-vue-dev/src/components/table/table-busy.spec.js,Duplicate Assert,"{'line': 64, 'column': 4, 'index': 1694}","  62 |
  63 |     expect(wrapper.attributes('aria-busy')).toBeDefined()
> 64 |     expect(wrapper.attributes('aria-busy')).toEqual('true')
     |    ^ Duplicate Assert
  65 |
  66 |     wrapper.destroy()
  67 |   })"
/home/gabriel/Disk/Research/research-javascript-test-smells/repositories/bootstrap-vue-dev/src/components/table/table-busy.spec.js,Duplicate Assert,"{'line': 75, 'column': 4, 'index': 1961}","  73 |       }
  74 |     })
> 75 |     expect(wrapper.emitted('update:busy')).toBeUndefined()
     |    ^ Duplicate Assert
  76 |
  77 |     await wrapper.setData({
  78 |       localBusy: true"
/home/gabriel/Disk/Research/research-javascript-test-smells/repositories/bootstrap-vue-dev/src/components/table/table-busy.spec.js,Duplicate Assert,"{'line': 81, 'column': 4, 'index': 2079}","  79 |     })
  80 |
> 81 |     expect(wrapper.emitted('update:busy')).toBeDefined()
     |    ^ Duplicate Assert
  82 |     expect(wrapper.emitted('update:busy')[0][0]).toEqual(true)
  83 |
  84 |     wrapper.destroy()"
/home/gabriel/Disk/Research/research-javascript-test-smells/repositories/bootstrap-vue-dev/src/components/table/table-busy.spec.js,Duplicate Assert,"{'line': 100, 'column': 4, 'index': 2677}","   98 |       }
   99 |     })
> 100 |     expect(wrapper.attributes('aria-busy')).toBeDefined()
      |    ^ Duplicate Assert
  101 |     expect(wrapper.attributes('aria-busy')).toEqual('false')
  102 |     expect(wrapper.find('tbody').exists()).toBe(true)
  103 |     expect("
/home/gabriel/Disk/Research/research-javascript-test-smells/repositories/bootstrap-vue-dev/src/components/table/table-busy.spec.js,Duplicate Assert,"{'line': 100, 'column': 4, 'index': 2677}","   98 |       }
   99 |     })
> 100 |     expect(wrapper.attributes('aria-busy')).toBeDefined()
      |    ^ Duplicate Assert
  101 |     expect(wrapper.attributes('aria-busy')).toEqual('false')
  102 |     expect(wrapper.find('tbody').exists()).toBe(true)
  103 |     expect("
/home/gabriel/Disk/Research/research-javascript-test-smells/repositories/bootstrap-vue-dev/src/components/table/table-busy.spec.js,Duplicate Assert,"{'line': 101, 'column': 4, 'index': 2735}","   99 |     })
  100 |     expect(wrapper.attributes('aria-busy')).toBeDefined()
> 101 |     expect(wrapper.attributes('aria-busy')).toEqual('false')
      |    ^ Duplicate Assert
  102 |     expect(wrapper.find('tbody').exists()).toBe(true)
  103 |     expect(
  104 |       wrapper"
/home/gabriel/Disk/Research/research-javascript-test-smells/repositories/bootstrap-vue-dev/src/components/table/table-busy.spec.js,Duplicate Assert,"{'line': 101, 'column': 4, 'index': 2735}","   99 |     })
  100 |     expect(wrapper.attributes('aria-busy')).toBeDefined()
> 101 |     expect(wrapper.attributes('aria-busy')).toEqual('false')
      |    ^ Duplicate Assert
  102 |     expect(wrapper.find('tbody').exists()).toBe(true)
  103 |     expect(
  104 |       wrapper"
/home/gabriel/Disk/Research/research-javascript-test-smells/repositories/bootstrap-vue-dev/src/components/table/table-busy.spec.js,Duplicate Assert,"{'line': 102, 'column': 4, 'index': 2796}","  100 |     expect(wrapper.attributes('aria-busy')).toBeDefined()
  101 |     expect(wrapper.attributes('aria-busy')).toEqual('false')
> 102 |     expect(wrapper.find('tbody').exists()).toBe(true)
      |    ^ Duplicate Assert
  103 |     expect(
  104 |       wrapper
  105 |         .find('tbody')"
/home/gabriel/Disk/Research/research-javascript-test-smells/repositories/bootstrap-vue-dev/src/components/table/table-busy.spec.js,Duplicate Assert,"{'line': 102, 'column': 4, 'index': 2796}","  100 |     expect(wrapper.attributes('aria-busy')).toBeDefined()
  101 |     expect(wrapper.attributes('aria-busy')).toEqual('false')
> 102 |     expect(wrapper.find('tbody').exists()).toBe(true)
      |    ^ Duplicate Assert
  103 |     expect(
  104 |       wrapper
  105 |         .find('tbody')"
/home/gabriel/Disk/Research/research-javascript-test-smells/repositories/bootstrap-vue-dev/src/components/table/table-busy.spec.js,Duplicate Assert,"{'line': 103, 'column': 4, 'index': 2850}","  101 |     expect(wrapper.attributes('aria-busy')).toEqual('false')
  102 |     expect(wrapper.find('tbody').exists()).toBe(true)
> 103 |     expect(
      |    ^ Duplicate Assert
  104 |       wrapper
  105 |         .find('tbody')
  106 |         .findAll('tr')"
/home/gabriel/Disk/Research/research-javascript-test-smells/repositories/bootstrap-vue-dev/src/components/table/table-busy.spec.js,Duplicate Assert,"{'line': 103, 'column': 4, 'index': 2850}","  101 |     expect(wrapper.attributes('aria-busy')).toEqual('false')
  102 |     expect(wrapper.find('tbody').exists()).toBe(true)
> 103 |     expect(
      |    ^ Duplicate Assert
  104 |       wrapper
  105 |         .find('tbody')
  106 |         .findAll('tr')"
/home/gabriel/Disk/Research/research-javascript-test-smells/repositories/bootstrap-vue-dev/src/components/table/table-busy.spec.js,Duplicate Assert,"{'line': 109, 'column': 4, 'index': 2957}","  107 |         .exists()
  108 |     ).toBe(true)
> 109 |     expect(wrapper.find('tbody').findAll('tr').length).toBe(testItems.length)
      |    ^ Duplicate Assert
  110 |
  111 |     await wrapper.setProps({
  112 |       busy: true"
/home/gabriel/Disk/Research/research-javascript-test-smells/repositories/bootstrap-vue-dev/src/components/table/table-busy.spec.js,Duplicate Assert,"{'line': 109, 'column': 4, 'index': 2957}","  107 |         .exists()
  108 |     ).toBe(true)
> 109 |     expect(wrapper.find('tbody').findAll('tr').length).toBe(testItems.length)
      |    ^ Duplicate Assert
  110 |
  111 |     await wrapper.setProps({
  112 |       busy: true"
/home/gabriel/Disk/Research/research-javascript-test-smells/repositories/bootstrap-vue-dev/src/components/table/table-busy.spec.js,Duplicate Assert,"{'line': 115, 'column': 4, 'index': 3090}","  113 |     })
  114 |
> 115 |     expect(wrapper.attributes('aria-busy')).toBeDefined()
      |    ^ Duplicate Assert
  116 |     expect(wrapper.attributes('aria-busy')).toEqual('true')
  117 |     expect(wrapper.find('tbody').exists()).toBe(true)
  118 |     expect("
/home/gabriel/Disk/Research/research-javascript-test-smells/repositories/bootstrap-vue-dev/src/components/table/table-busy.spec.js,Duplicate Assert,"{'line': 115, 'column': 4, 'index': 3090}","  113 |     })
  114 |
> 115 |     expect(wrapper.attributes('aria-busy')).toBeDefined()
      |    ^ Duplicate Assert
  116 |     expect(wrapper.attributes('aria-busy')).toEqual('true')
  117 |     expect(wrapper.find('tbody').exists()).toBe(true)
  118 |     expect("
/home/gabriel/Disk/Research/research-javascript-test-smells/repositories/bootstrap-vue-dev/src/components/table/table-busy.spec.js,Duplicate Assert,"{'line': 116, 'column': 4, 'index': 3148}","  114 |
  115 |     expect(wrapper.attributes('aria-busy')).toBeDefined()
> 116 |     expect(wrapper.attributes('aria-busy')).toEqual('true')
      |    ^ Duplicate Assert
  117 |     expect(wrapper.find('tbody').exists()).toBe(true)
  118 |     expect(
  119 |       wrapper"
/home/gabriel/Disk/Research/research-javascript-test-smells/repositories/bootstrap-vue-dev/src/components/table/table-busy.spec.js,Duplicate Assert,"{'line': 117, 'column': 4, 'index': 3208}","  115 |     expect(wrapper.attributes('aria-busy')).toBeDefined()
  116 |     expect(wrapper.attributes('aria-busy')).toEqual('true')
> 117 |     expect(wrapper.find('tbody').exists()).toBe(true)
      |    ^ Duplicate Assert
  118 |     expect(
  119 |       wrapper
  120 |         .find('tbody')"
/home/gabriel/Disk/Research/research-javascript-test-smells/repositories/bootstrap-vue-dev/src/components/table/table-busy.spec.js,Duplicate Assert,"{'line': 117, 'column': 4, 'index': 3208}","  115 |     expect(wrapper.attributes('aria-busy')).toBeDefined()
  116 |     expect(wrapper.attributes('aria-busy')).toEqual('true')
> 117 |     expect(wrapper.find('tbody').exists()).toBe(true)
      |    ^ Duplicate Assert
  118 |     expect(
  119 |       wrapper
  120 |         .find('tbody')"
/home/gabriel/Disk/Research/research-javascript-test-smells/repositories/bootstrap-vue-dev/src/components/table/table-busy.spec.js,Duplicate Assert,"{'line': 118, 'column': 4, 'index': 3262}","  116 |     expect(wrapper.attributes('aria-busy')).toEqual('true')
  117 |     expect(wrapper.find('tbody').exists()).toBe(true)
> 118 |     expect(
      |    ^ Duplicate Assert
  119 |       wrapper
  120 |         .find('tbody')
  121 |         .findAll('tr')"
/home/gabriel/Disk/Research/research-javascript-test-smells/repositories/bootstrap-vue-dev/src/components/table/table-busy.spec.js,Duplicate Assert,"{'line': 118, 'column': 4, 'index': 3262}","  116 |     expect(wrapper.attributes('aria-busy')).toEqual('true')
  117 |     expect(wrapper.find('tbody').exists()).toBe(true)
> 118 |     expect(
      |    ^ Duplicate Assert
  119 |       wrapper
  120 |         .find('tbody')
  121 |         .findAll('tr')"
/home/gabriel/Disk/Research/research-javascript-test-smells/repositories/bootstrap-vue-dev/src/components/table/table-busy.spec.js,Duplicate Assert,"{'line': 124, 'column': 4, 'index': 3369}","  122 |         .exists()
  123 |     ).toBe(true)
> 124 |     expect(wrapper.find('tbody').findAll('tr').length).toBe(1)
      |    ^ Duplicate Assert
  125 |     expect(wrapper.find('tbody').text()).toContain('busy slot content')
  126 |     expect(
  127 |       wrapper"
/home/gabriel/Disk/Research/research-javascript-test-smells/repositories/bootstrap-vue-dev/src/components/table/table-busy.spec.js,Duplicate Assert,"{'line': 137, 'column': 4, 'index': 3685}","  135 |     })
  136 |
> 137 |     expect(wrapper.attributes('aria-busy')).toBeDefined()
      |    ^ Duplicate Assert
  138 |     expect(wrapper.attributes('aria-busy')).toEqual('false')
  139 |     expect(wrapper.find('tbody').exists()).toBe(true)
  140 |     expect("
/home/gabriel/Disk/Research/research-javascript-test-smells/repositories/bootstrap-vue-dev/src/components/table/table-busy.spec.js,Duplicate Assert,"{'line': 137, 'column': 4, 'index': 3685}","  135 |     })
  136 |
> 137 |     expect(wrapper.attributes('aria-busy')).toBeDefined()
      |    ^ Duplicate Assert
  138 |     expect(wrapper.attributes('aria-busy')).toEqual('false')
  139 |     expect(wrapper.find('tbody').exists()).toBe(true)
  140 |     expect("
/home/gabriel/Disk/Research/research-javascript-test-smells/repositories/bootstrap-vue-dev/src/components/table/table-busy.spec.js,Duplicate Assert,"{'line': 138, 'column': 4, 'index': 3743}","  136 |
  137 |     expect(wrapper.attributes('aria-busy')).toBeDefined()
> 138 |     expect(wrapper.attributes('aria-busy')).toEqual('false')
      |    ^ Duplicate Assert
  139 |     expect(wrapper.find('tbody').exists()).toBe(true)
  140 |     expect(
  141 |       wrapper"
/home/gabriel/Disk/Research/research-javascript-test-smells/repositories/bootstrap-vue-dev/src/components/table/table-busy.spec.js,Duplicate Assert,"{'line': 138, 'column': 4, 'index': 3743}","  136 |
  137 |     expect(wrapper.attributes('aria-busy')).toBeDefined()
> 138 |     expect(wrapper.attributes('aria-busy')).toEqual('false')
      |    ^ Duplicate Assert
  139 |     expect(wrapper.find('tbody').exists()).toBe(true)
  140 |     expect(
  141 |       wrapper"
/home/gabriel/Disk/Research/research-javascript-test-smells/repositories/bootstrap-vue-dev/src/components/table/table-busy.spec.js,Duplicate Assert,"{'line': 139, 'column': 4, 'index': 3804}","  137 |     expect(wrapper.attributes('aria-busy')).toBeDefined()
  138 |     expect(wrapper.attributes('aria-busy')).toEqual('false')
> 139 |     expect(wrapper.find('tbody').exists()).toBe(true)
      |    ^ Duplicate Assert
  140 |     expect(
  141 |       wrapper
  142 |         .find('tbody')"
/home/gabriel/Disk/Research/research-javascript-test-smells/repositories/bootstrap-vue-dev/src/components/table/table-busy.spec.js,Duplicate Assert,"{'line': 139, 'column': 4, 'index': 3804}","  137 |     expect(wrapper.attributes('aria-busy')).toBeDefined()
  138 |     expect(wrapper.attributes('aria-busy')).toEqual('false')
> 139 |     expect(wrapper.find('tbody').exists()).toBe(true)
      |    ^ Duplicate Assert
  140 |     expect(
  141 |       wrapper
  142 |         .find('tbody')"
/home/gabriel/Disk/Research/research-javascript-test-smells/repositories/bootstrap-vue-dev/src/components/table/table-busy.spec.js,Duplicate Assert,"{'line': 140, 'column': 4, 'index': 3858}","  138 |     expect(wrapper.attributes('aria-busy')).toEqual('false')
  139 |     expect(wrapper.find('tbody').exists()).toBe(true)
> 140 |     expect(
      |    ^ Duplicate Assert
  141 |       wrapper
  142 |         .find('tbody')
  143 |         .findAll('tr')"
/home/gabriel/Disk/Research/research-javascript-test-smells/repositories/bootstrap-vue-dev/src/components/table/table-busy.spec.js,Duplicate Assert,"{'line': 140, 'column': 4, 'index': 3858}","  138 |     expect(wrapper.attributes('aria-busy')).toEqual('false')
  139 |     expect(wrapper.find('tbody').exists()).toBe(true)
> 140 |     expect(
      |    ^ Duplicate Assert
  141 |       wrapper
  142 |         .find('tbody')
  143 |         .findAll('tr')"
/home/gabriel/Disk/Research/research-javascript-test-smells/repositories/bootstrap-vue-dev/src/components/table/table-busy.spec.js,Duplicate Assert,"{'line': 146, 'column': 4, 'index': 3965}","  144 |         .exists()
  145 |     ).toBe(true)
> 146 |     expect(wrapper.find('tbody').findAll('tr').length).toBe(testItems.length)
      |    ^ Duplicate Assert
  147 |
  148 |     wrapper.destroy()
  149 |   })"
/home/gabriel/Disk/Research/research-javascript-test-smells/repositories/bootstrap-vue-dev/src/components/table/table-busy.spec.js,Duplicate Assert,"{'line': 146, 'column': 4, 'index': 3965}","  144 |         .exists()
  145 |     ).toBe(true)
> 146 |     expect(wrapper.find('tbody').findAll('tr').length).toBe(testItems.length)
      |    ^ Duplicate Assert
  147 |
  148 |     wrapper.destroy()
  149 |   })"
/home/gabriel/Disk/Research/research-javascript-test-smells/repositories/bootstrap-vue-dev/src/components/table/table-busy.spec.js,Magic Number,"{'line': 124, 'column': 60, 'index': 3425}","  122 |         .exists()
  123 |     ).toBe(true)
> 124 |     expect(wrapper.find('tbody').findAll('tr').length).toBe(1)
      |                                                            ^ Magic Number
  125 |     expect(wrapper.find('tbody').text()).toContain('busy slot content')
  126 |     expect(
  127 |       wrapper"
/home/gabriel/Disk/Research/research-javascript-test-smells/repositories/bootstrap-vue-dev/src/components/table/helpers/default-sort-compare.spec.js,Magic Number,"{'line': 7, 'column': 65, 'index': 332}","   5 |     const options = { sortBy: 'a' }
   6 |     expect(defaultSortCompare({ a: 1 }, { a: 2 }, options)).toBe(-1)
>  7 |     expect(defaultSortCompare({ a: 2 }, { a: 1 }, options)).toBe(1)
     |                                                                 ^ Magic Number
   8 |     expect(defaultSortCompare({ a: 1 }, { a: 1 }, options)).toBe(0)
   9 |     expect(defaultSortCompare({ a: -1 }, { a: 1 }, options)).toBe(-1)
  10 |     expect(defaultSortCompare({ a: 1 }, { a: -1 }, options)).toBe(1)"
/home/gabriel/Disk/Research/research-javascript-test-smells/repositories/bootstrap-vue-dev/src/components/table/helpers/default-sort-compare.spec.js,Magic Number,"{'line': 8, 'column': 65, 'index': 400}","   6 |     expect(defaultSortCompare({ a: 1 }, { a: 2 }, options)).toBe(-1)
   7 |     expect(defaultSortCompare({ a: 2 }, { a: 1 }, options)).toBe(1)
>  8 |     expect(defaultSortCompare({ a: 1 }, { a: 1 }, options)).toBe(0)
     |                                                                 ^ Magic Number
   9 |     expect(defaultSortCompare({ a: -1 }, { a: 1 }, options)).toBe(-1)
  10 |     expect(defaultSortCompare({ a: 1 }, { a: -1 }, options)).toBe(1)
  11 |     expect(defaultSortCompare({ a: 0 }, { a: 0 }, options)).toBe(0)"
/home/gabriel/Disk/Research/research-javascript-test-smells/repositories/bootstrap-vue-dev/src/components/table/helpers/default-sort-compare.spec.js,Magic Number,"{'line': 10, 'column': 66, 'index': 539}","   8 |     expect(defaultSortCompare({ a: 1 }, { a: 1 }, options)).toBe(0)
   9 |     expect(defaultSortCompare({ a: -1 }, { a: 1 }, options)).toBe(-1)
> 10 |     expect(defaultSortCompare({ a: 1 }, { a: -1 }, options)).toBe(1)
     |                                                                  ^ Magic Number
  11 |     expect(defaultSortCompare({ a: 0 }, { a: 0 }, options)).toBe(0)
  12 |     expect(defaultSortCompare({ a: 1.234 }, { a: 1.567 }, options)).toBe(-1)
  13 |     expect(defaultSortCompare({ a: 1.561 }, { a: 1.234 }, options)).toBe(1)"
/home/gabriel/Disk/Research/research-javascript-test-smells/repositories/bootstrap-vue-dev/src/components/table/helpers/default-sort-compare.spec.js,Magic Number,"{'line': 11, 'column': 65, 'index': 607}","   9 |     expect(defaultSortCompare({ a: -1 }, { a: 1 }, options)).toBe(-1)
  10 |     expect(defaultSortCompare({ a: 1 }, { a: -1 }, options)).toBe(1)
> 11 |     expect(defaultSortCompare({ a: 0 }, { a: 0 }, options)).toBe(0)
     |                                                                 ^ Magic Number
  12 |     expect(defaultSortCompare({ a: 1.234 }, { a: 1.567 }, options)).toBe(-1)
  13 |     expect(defaultSortCompare({ a: 1.561 }, { a: 1.234 }, options)).toBe(1)
  14 |   })"
/home/gabriel/Disk/Research/research-javascript-test-smells/repositories/bootstrap-vue-dev/src/components/table/helpers/default-sort-compare.spec.js,Magic Number,"{'line': 13, 'column': 73, 'index': 760}","  11 |     expect(defaultSortCompare({ a: 0 }, { a: 0 }, options)).toBe(0)
  12 |     expect(defaultSortCompare({ a: 1.234 }, { a: 1.567 }, options)).toBe(-1)
> 13 |     expect(defaultSortCompare({ a: 1.561 }, { a: 1.234 }, options)).toBe(1)
     |                                                                         ^ Magic Number
  14 |   })
  15 |
  16 |   it('sorts dates correctly', async () => {"
/home/gabriel/Disk/Research/research-javascript-test-smells/repositories/bootstrap-vue-dev/src/components/table/helpers/default-sort-compare.spec.js,Magic Number,"{'line': 23, 'column': 59, 'index': 1111}","  21 |     const options = { sortBy: 'a' }
  22 |
> 23 |     expect(defaultSortCompare(date1, date2, options)).toBe(1)
     |                                                           ^ Magic Number
  24 |     expect(defaultSortCompare(date1, date1, options)).toBe(0)
  25 |     expect(defaultSortCompare(date2, date1, options)).toBe(-1)
  26 |     expect(defaultSortCompare(date2, date3, options)).toBe(1)"
/home/gabriel/Disk/Research/research-javascript-test-smells/repositories/bootstrap-vue-dev/src/components/table/helpers/default-sort-compare.spec.js,Magic Number,"{'line': 24, 'column': 59, 'index': 1173}","  22 |
  23 |     expect(defaultSortCompare(date1, date2, options)).toBe(1)
> 24 |     expect(defaultSortCompare(date1, date1, options)).toBe(0)
     |                                                           ^ Magic Number
  25 |     expect(defaultSortCompare(date2, date1, options)).toBe(-1)
  26 |     expect(defaultSortCompare(date2, date3, options)).toBe(1)
  27 |     expect(defaultSortCompare(date3, date2, options)).toBe(-1)"
/home/gabriel/Disk/Research/research-javascript-test-smells/repositories/bootstrap-vue-dev/src/components/table/helpers/default-sort-compare.spec.js,Magic Number,"{'line': 26, 'column': 59, 'index': 1298}","  24 |     expect(defaultSortCompare(date1, date1, options)).toBe(0)
  25 |     expect(defaultSortCompare(date2, date1, options)).toBe(-1)
> 26 |     expect(defaultSortCompare(date2, date3, options)).toBe(1)
     |                                                           ^ Magic Number
  27 |     expect(defaultSortCompare(date3, date2, options)).toBe(-1)
  28 |     expect(defaultSortCompare(date3, date4, options)).toBe(-1)
  29 |     expect(defaultSortCompare(date4, date3, options)).toBe(1)"
/home/gabriel/Disk/Research/research-javascript-test-smells/repositories/bootstrap-vue-dev/src/components/table/helpers/default-sort-compare.spec.js,Magic Number,"{'line': 29, 'column': 59, 'index': 1486}","  27 |     expect(defaultSortCompare(date3, date2, options)).toBe(-1)
  28 |     expect(defaultSortCompare(date3, date4, options)).toBe(-1)
> 29 |     expect(defaultSortCompare(date4, date3, options)).toBe(1)
     |                                                           ^ Magic Number
  30 |     expect(defaultSortCompare(date4, date4, options)).toBe(0)
  31 |   })
  32 |"
/home/gabriel/Disk/Research/research-javascript-test-smells/repositories/bootstrap-vue-dev/src/components/table/helpers/default-sort-compare.spec.js,Magic Number,"{'line': 30, 'column': 59, 'index': 1548}","  28 |     expect(defaultSortCompare(date3, date4, options)).toBe(-1)
  29 |     expect(defaultSortCompare(date4, date3, options)).toBe(1)
> 30 |     expect(defaultSortCompare(date4, date4, options)).toBe(0)
     |                                                           ^ Magic Number
  31 |   })
  32 |
  33 |   it('sorts date strings correctly', async () => {"
/home/gabriel/Disk/Research/research-javascript-test-smells/repositories/bootstrap-vue-dev/src/components/table/helpers/default-sort-compare.spec.js,Magic Number,"{'line': 40, 'column': 59, 'index': 1962}","  38 |     const options = { sortBy: 'a' }
  39 |
> 40 |     expect(defaultSortCompare(date1, date2, options)).toBe(1)
     |                                                           ^ Magic Number
  41 |     expect(defaultSortCompare(date1, date1, options)).toBe(0)
  42 |     expect(defaultSortCompare(date2, date1, options)).toBe(-1)
  43 |     expect(defaultSortCompare(date2, date3, options)).toBe(1)"
/home/gabriel/Disk/Research/research-javascript-test-smells/repositories/bootstrap-vue-dev/src/components/table/helpers/default-sort-compare.spec.js,Magic Number,"{'line': 41, 'column': 59, 'index': 2024}","  39 |
  40 |     expect(defaultSortCompare(date1, date2, options)).toBe(1)
> 41 |     expect(defaultSortCompare(date1, date1, options)).toBe(0)
     |                                                           ^ Magic Number
  42 |     expect(defaultSortCompare(date2, date1, options)).toBe(-1)
  43 |     expect(defaultSortCompare(date2, date3, options)).toBe(1)
  44 |     expect(defaultSortCompare(date3, date2, options)).toBe(-1)"
/home/gabriel/Disk/Research/research-javascript-test-smells/repositories/bootstrap-vue-dev/src/components/table/helpers/default-sort-compare.spec.js,Magic Number,"{'line': 43, 'column': 59, 'index': 2149}","  41 |     expect(defaultSortCompare(date1, date1, options)).toBe(0)
  42 |     expect(defaultSortCompare(date2, date1, options)).toBe(-1)
> 43 |     expect(defaultSortCompare(date2, date3, options)).toBe(1)
     |                                                           ^ Magic Number
  44 |     expect(defaultSortCompare(date3, date2, options)).toBe(-1)
  45 |     expect(defaultSortCompare(date3, date4, options)).toBe(-1)
  46 |     expect(defaultSortCompare(date4, date3, options)).toBe(1)"
/home/gabriel/Disk/Research/research-javascript-test-smells/repositories/bootstrap-vue-dev/src/components/table/helpers/default-sort-compare.spec.js,Magic Number,"{'line': 46, 'column': 59, 'index': 2337}","  44 |     expect(defaultSortCompare(date3, date2, options)).toBe(-1)
  45 |     expect(defaultSortCompare(date3, date4, options)).toBe(-1)
> 46 |     expect(defaultSortCompare(date4, date3, options)).toBe(1)
     |                                                           ^ Magic Number
  47 |     expect(defaultSortCompare(date4, date4, options)).toBe(0)
  48 |   })
  49 |"
/home/gabriel/Disk/Research/research-javascript-test-smells/repositories/bootstrap-vue-dev/src/components/table/helpers/default-sort-compare.spec.js,Magic Number,"{'line': 47, 'column': 59, 'index': 2399}","  45 |     expect(defaultSortCompare(date3, date4, options)).toBe(-1)
  46 |     expect(defaultSortCompare(date4, date3, options)).toBe(1)
> 47 |     expect(defaultSortCompare(date4, date4, options)).toBe(0)
     |                                                           ^ Magic Number
  48 |   })
  49 |
  50 |   it('sorts strings correctly', async () => {"
/home/gabriel/Disk/Research/research-javascript-test-smells/repositories/bootstrap-vue-dev/src/components/table/helpers/default-sort-compare.spec.js,Magic Number,"{'line': 55, 'column': 69, 'index': 2682}","  53 |     // Note: string comparisons are locale based
  54 |     expect(defaultSortCompare({ a: 'a' }, { a: 'b' }, options)).toBe(-1)
> 55 |     expect(defaultSortCompare({ a: 'b' }, { a: 'a' }, options)).toBe(1)
     |                                                                     ^ Magic Number
  56 |     expect(defaultSortCompare({ a: 'a' }, { a: 'a' }, options)).toBe(0)
  57 |     expect(defaultSortCompare({ a: 'a' }, { a: 'aaa' }, options)).toBe(-1)
  58 |     expect(defaultSortCompare({ a: 'aaa' }, { a: 'a' }, options)).toBe(1)"
/home/gabriel/Disk/Research/research-javascript-test-smells/repositories/bootstrap-vue-dev/src/components/table/helpers/default-sort-compare.spec.js,Magic Number,"{'line': 56, 'column': 69, 'index': 2754}","  54 |     expect(defaultSortCompare({ a: 'a' }, { a: 'b' }, options)).toBe(-1)
  55 |     expect(defaultSortCompare({ a: 'b' }, { a: 'a' }, options)).toBe(1)
> 56 |     expect(defaultSortCompare({ a: 'a' }, { a: 'a' }, options)).toBe(0)
     |                                                                     ^ Magic Number
  57 |     expect(defaultSortCompare({ a: 'a' }, { a: 'aaa' }, options)).toBe(-1)
  58 |     expect(defaultSortCompare({ a: 'aaa' }, { a: 'a' }, options)).toBe(1)
  59 |   })"
/home/gabriel/Disk/Research/research-javascript-test-smells/repositories/bootstrap-vue-dev/src/components/table/helpers/default-sort-compare.spec.js,Magic Number,"{'line': 58, 'column': 71, 'index': 2903}","  56 |     expect(defaultSortCompare({ a: 'a' }, { a: 'a' }, options)).toBe(0)
  57 |     expect(defaultSortCompare({ a: 'a' }, { a: 'aaa' }, options)).toBe(-1)
> 58 |     expect(defaultSortCompare({ a: 'aaa' }, { a: 'a' }, options)).toBe(1)
     |                                                                       ^ Magic Number
  59 |   })
  60 |
  61 |   it('sorts by nested key correctly', async () => {"
/home/gabriel/Disk/Research/research-javascript-test-smells/repositories/bootstrap-vue-dev/src/components/table/helpers/default-sort-compare.spec.js,Magic Number,"{'line': 66, 'column': 83, 'index': 3222}","  64 |     // Note: string comparisons are locale based
  65 |     expect(defaultSortCompare({ a: { b: 'a' } }, { a: { b: 'b' } }, options)).toBe(-1)
> 66 |     expect(defaultSortCompare({ a: { b: 'b' } }, { a: { b: 'a' } }, options)).toBe(1)
     |                                                                                   ^ Magic Number
  67 |     expect(defaultSortCompare({ a: { b: 'a' } }, { a: { b: 'a' } }, options)).toBe(0)
  68 |     expect(defaultSortCompare({ a: { b: 'a' } }, { a: { b: 'aaa' } }, options)).toBe(-1)
  69 |   })"
/home/gabriel/Disk/Research/research-javascript-test-smells/repositories/bootstrap-vue-dev/src/components/table/helpers/default-sort-compare.spec.js,Magic Number,"{'line': 67, 'column': 83, 'index': 3308}","  65 |     expect(defaultSortCompare({ a: { b: 'a' } }, { a: { b: 'b' } }, options)).toBe(-1)
  66 |     expect(defaultSortCompare({ a: { b: 'b' } }, { a: { b: 'a' } }, options)).toBe(1)
> 67 |     expect(defaultSortCompare({ a: { b: 'a' } }, { a: { b: 'a' } }, options)).toBe(0)
     |                                                                                   ^ Magic Number
  68 |     expect(defaultSortCompare({ a: { b: 'a' } }, { a: { b: 'aaa' } }, options)).toBe(-1)
  69 |   })
  70 |"
/home/gabriel/Disk/Research/research-javascript-test-smells/repositories/bootstrap-vue-dev/src/components/table/helpers/default-sort-compare.spec.js,Magic Number,"{'line': 81, 'column': 89, 'index': 3783}","  79 |
  80 |     expect(defaultSortCompare({ a: 'ab' }, { a: 'b' }, { sortBy: 'a' })).toBe(-1)
> 81 |     expect(defaultSortCompare({ a: 'ab' }, { a: 'b' }, { sortBy: 'a', formatter })).toBe(1)
     |                                                                                         ^ Magic Number
  82 |   })
  83 |
  84 |   it('sorts nulls always last when sor-null-lasst is set', async () => {"
/home/gabriel/Disk/Research/research-javascript-test-smells/repositories/bootstrap-vue-dev/src/components/table/helpers/default-sort-compare.spec.js,Magic Number,"{'line': 93, 'column': 51, 'index': 4175}","  91 |
  92 |     // Without nullLast set (false)
> 93 |     expect(defaultSortCompare(x, y, options)).toBe(1)
     |                                                   ^ Magic Number
  94 |     expect(defaultSortCompare(y, x, options)).toBe(-1)
  95 |     expect(defaultSortCompare(x, z, options)).toBe(1)
  96 |     expect(defaultSortCompare(z, x, options)).toBe(-1)"
/home/gabriel/Disk/Research/research-javascript-test-smells/repositories/bootstrap-vue-dev/src/components/table/helpers/default-sort-compare.spec.js,Magic Number,"{'line': 95, 'column': 51, 'index': 4284}","  93 |     expect(defaultSortCompare(x, y, options)).toBe(1)
  94 |     expect(defaultSortCompare(y, x, options)).toBe(-1)
> 95 |     expect(defaultSortCompare(x, z, options)).toBe(1)
     |                                                   ^ Magic Number
  96 |     expect(defaultSortCompare(z, x, options)).toBe(-1)
  97 |     expect(defaultSortCompare(y, z, options)).toBe(0)
  98 |     expect(defaultSortCompare(z, y, options)).toBe(0)"
/home/gabriel/Disk/Research/research-javascript-test-smells/repositories/bootstrap-vue-dev/src/components/table/helpers/default-sort-compare.spec.js,Magic Number,"{'line': 97, 'column': 51, 'index': 4393}","   95 |     expect(defaultSortCompare(x, z, options)).toBe(1)
   96 |     expect(defaultSortCompare(z, x, options)).toBe(-1)
>  97 |     expect(defaultSortCompare(y, z, options)).toBe(0)
      |                                                   ^ Magic Number
   98 |     expect(defaultSortCompare(z, y, options)).toBe(0)
   99 |     expect(defaultSortCompare(x, w, options)).toBe(1)
  100 |     expect(defaultSortCompare(w, x, options)).toBe(-1)"
/home/gabriel/Disk/Research/research-javascript-test-smells/repositories/bootstrap-vue-dev/src/components/table/helpers/default-sort-compare.spec.js,Magic Number,"{'line': 98, 'column': 51, 'index': 4447}","   96 |     expect(defaultSortCompare(z, x, options)).toBe(-1)
   97 |     expect(defaultSortCompare(y, z, options)).toBe(0)
>  98 |     expect(defaultSortCompare(z, y, options)).toBe(0)
      |                                                   ^ Magic Number
   99 |     expect(defaultSortCompare(x, w, options)).toBe(1)
  100 |     expect(defaultSortCompare(w, x, options)).toBe(-1)
  101 |"
/home/gabriel/Disk/Research/research-javascript-test-smells/repositories/bootstrap-vue-dev/src/components/table/helpers/default-sort-compare.spec.js,Magic Number,"{'line': 99, 'column': 51, 'index': 4501}","   97 |     expect(defaultSortCompare(y, z, options)).toBe(0)
   98 |     expect(defaultSortCompare(z, y, options)).toBe(0)
>  99 |     expect(defaultSortCompare(x, w, options)).toBe(1)
      |                                                   ^ Magic Number
  100 |     expect(defaultSortCompare(w, x, options)).toBe(-1)
  101 |
  102 |     // With nullLast set"
/home/gabriel/Disk/Research/research-javascript-test-smells/repositories/bootstrap-vue-dev/src/components/table/helpers/default-sort-compare.spec.js,Magic Number,"{'line': 104, 'column': 59, 'index': 4707}","  102 |     // With nullLast set
  103 |     expect(defaultSortCompare(x, y, optionsNullLast)).toBe(-1)
> 104 |     expect(defaultSortCompare(y, x, optionsNullLast)).toBe(1)
      |                                                           ^ Magic Number
  105 |     expect(defaultSortCompare(x, z, optionsNullLast)).toBe(-1)
  106 |     expect(defaultSortCompare(z, x, optionsNullLast)).toBe(1)
  107 |     expect(defaultSortCompare(y, z, optionsNullLast)).toBe(0)"
/home/gabriel/Disk/Research/research-javascript-test-smells/repositories/bootstrap-vue-dev/src/components/table/helpers/default-sort-compare.spec.js,Magic Number,"{'line': 106, 'column': 59, 'index': 4832}","  104 |     expect(defaultSortCompare(y, x, optionsNullLast)).toBe(1)
  105 |     expect(defaultSortCompare(x, z, optionsNullLast)).toBe(-1)
> 106 |     expect(defaultSortCompare(z, x, optionsNullLast)).toBe(1)
      |                                                           ^ Magic Number
  107 |     expect(defaultSortCompare(y, z, optionsNullLast)).toBe(0)
  108 |     expect(defaultSortCompare(z, y, optionsNullLast)).toBe(0)
  109 |     expect(defaultSortCompare(x, w, optionsNullLast)).toBe(-1)"
/home/gabriel/Disk/Research/research-javascript-test-smells/repositories/bootstrap-vue-dev/src/components/table/helpers/default-sort-compare.spec.js,Magic Number,"{'line': 107, 'column': 59, 'index': 4894}","  105 |     expect(defaultSortCompare(x, z, optionsNullLast)).toBe(-1)
  106 |     expect(defaultSortCompare(z, x, optionsNullLast)).toBe(1)
> 107 |     expect(defaultSortCompare(y, z, optionsNullLast)).toBe(0)
      |                                                           ^ Magic Number
  108 |     expect(defaultSortCompare(z, y, optionsNullLast)).toBe(0)
  109 |     expect(defaultSortCompare(x, w, optionsNullLast)).toBe(-1)
  110 |     expect(defaultSortCompare(w, x, optionsNullLast)).toBe(1)"
/home/gabriel/Disk/Research/research-javascript-test-smells/repositories/bootstrap-vue-dev/src/components/table/helpers/default-sort-compare.spec.js,Magic Number,"{'line': 108, 'column': 59, 'index': 4956}","  106 |     expect(defaultSortCompare(z, x, optionsNullLast)).toBe(1)
  107 |     expect(defaultSortCompare(y, z, optionsNullLast)).toBe(0)
> 108 |     expect(defaultSortCompare(z, y, optionsNullLast)).toBe(0)
      |                                                           ^ Magic Number
  109 |     expect(defaultSortCompare(x, w, optionsNullLast)).toBe(-1)
  110 |     expect(defaultSortCompare(w, x, optionsNullLast)).toBe(1)
  111 |   })"
/home/gabriel/Disk/Research/research-javascript-test-smells/repositories/bootstrap-vue-dev/src/components/table/helpers/default-sort-compare.spec.js,Magic Number,"{'line': 110, 'column': 59, 'index': 5081}","  108 |     expect(defaultSortCompare(z, y, optionsNullLast)).toBe(0)
  109 |     expect(defaultSortCompare(x, w, optionsNullLast)).toBe(-1)
> 110 |     expect(defaultSortCompare(w, x, optionsNullLast)).toBe(1)
      |                                                           ^ Magic Number
  111 |   })
  112 |
  113 |   it('sorts numeric string correctly', async () => {"
/home/gabriel/Disk/Research/research-javascript-test-smells/repositories/bootstrap-vue-dev/src/components/table/helpers/default-sort-compare.spec.js,Magic Number,"{'line': 116, 'column': 69, 'index': 5336}","  114 |     const options = { sortBy: 'a', numeric: true }
  115 |     expect(defaultSortCompare({ a: '1' }, { a: '2' }, options)).toBe(-1)
> 116 |     expect(defaultSortCompare({ a: '2' }, { a: '1' }, options)).toBe(1)
      |                                                                     ^ Magic Number
  117 |     expect(defaultSortCompare({ a: '1' }, { a: '1' }, options)).toBe(0)
  118 |     expect(defaultSortCompare({ a: '-1' }, { a: '1' }, options)).toBe(-1)
  119 |     expect(defaultSortCompare({ a: '1' }, { a: '-1' }, options)).toBe(1)"
/home/gabriel/Disk/Research/research-javascript-test-smells/repositories/bootstrap-vue-dev/src/components/table/helpers/default-sort-compare.spec.js,Magic Number,"{'line': 117, 'column': 69, 'index': 5408}","  115 |     expect(defaultSortCompare({ a: '1' }, { a: '2' }, options)).toBe(-1)
  116 |     expect(defaultSortCompare({ a: '2' }, { a: '1' }, options)).toBe(1)
> 117 |     expect(defaultSortCompare({ a: '1' }, { a: '1' }, options)).toBe(0)
      |                                                                     ^ Magic Number
  118 |     expect(defaultSortCompare({ a: '-1' }, { a: '1' }, options)).toBe(-1)
  119 |     expect(defaultSortCompare({ a: '1' }, { a: '-1' }, options)).toBe(1)
  120 |     expect(defaultSortCompare({ a: '0' }, { a: '0' }, options)).toBe(0)"
/home/gabriel/Disk/Research/research-javascript-test-smells/repositories/bootstrap-vue-dev/src/components/table/helpers/default-sort-compare.spec.js,Magic Number,"{'line': 119, 'column': 70, 'index': 5555}","  117 |     expect(defaultSortCompare({ a: '1' }, { a: '1' }, options)).toBe(0)
  118 |     expect(defaultSortCompare({ a: '-1' }, { a: '1' }, options)).toBe(-1)
> 119 |     expect(defaultSortCompare({ a: '1' }, { a: '-1' }, options)).toBe(1)
      |                                                                      ^ Magic Number
  120 |     expect(defaultSortCompare({ a: '0' }, { a: '0' }, options)).toBe(0)
  121 |     expect(defaultSortCompare({ a: '1.234' }, { a: '1.567' }, options)).toBe(-1)
  122 |     expect(defaultSortCompare({ a: '1.561' }, { a: '1.234' }, options)).toBe(1)"
/home/gabriel/Disk/Research/research-javascript-test-smells/repositories/bootstrap-vue-dev/src/components/table/helpers/default-sort-compare.spec.js,Magic Number,"{'line': 120, 'column': 69, 'index': 5627}","  118 |     expect(defaultSortCompare({ a: '-1' }, { a: '1' }, options)).toBe(-1)
  119 |     expect(defaultSortCompare({ a: '1' }, { a: '-1' }, options)).toBe(1)
> 120 |     expect(defaultSortCompare({ a: '0' }, { a: '0' }, options)).toBe(0)
      |                                                                     ^ Magic Number
  121 |     expect(defaultSortCompare({ a: '1.234' }, { a: '1.567' }, options)).toBe(-1)
  122 |     expect(defaultSortCompare({ a: '1.561' }, { a: '1.234' }, options)).toBe(1)
  123 |     expect(defaultSortCompare({ a: '-10' }, { a: '-100' }, options)).toBe(1)"
/home/gabriel/Disk/Research/research-javascript-test-smells/repositories/bootstrap-vue-dev/src/components/table/helpers/default-sort-compare.spec.js,Magic Number,"{'line': 122, 'column': 77, 'index': 5788}","  120 |     expect(defaultSortCompare({ a: '0' }, { a: '0' }, options)).toBe(0)
  121 |     expect(defaultSortCompare({ a: '1.234' }, { a: '1.567' }, options)).toBe(-1)
> 122 |     expect(defaultSortCompare({ a: '1.561' }, { a: '1.234' }, options)).toBe(1)
      |                                                                             ^ Magic Number
  123 |     expect(defaultSortCompare({ a: '-10' }, { a: '-100' }, options)).toBe(1)
  124 |     expect(defaultSortCompare({ a: '-20' }, { a: '-30' }, options)).toBe(1)
  125 |   })"
/home/gabriel/Disk/Research/research-javascript-test-smells/repositories/bootstrap-vue-dev/src/components/table/helpers/default-sort-compare.spec.js,Magic Number,"{'line': 123, 'column': 74, 'index': 5865}","  121 |     expect(defaultSortCompare({ a: '1.234' }, { a: '1.567' }, options)).toBe(-1)
  122 |     expect(defaultSortCompare({ a: '1.561' }, { a: '1.234' }, options)).toBe(1)
> 123 |     expect(defaultSortCompare({ a: '-10' }, { a: '-100' }, options)).toBe(1)
      |                                                                          ^ Magic Number
  124 |     expect(defaultSortCompare({ a: '-20' }, { a: '-30' }, options)).toBe(1)
  125 |   })
  126 | })"
/home/gabriel/Disk/Research/research-javascript-test-smells/repositories/bootstrap-vue-dev/src/components/table/helpers/default-sort-compare.spec.js,Magic Number,"{'line': 124, 'column': 73, 'index': 5941}","  122 |     expect(defaultSortCompare({ a: '1.561' }, { a: '1.234' }, options)).toBe(1)
  123 |     expect(defaultSortCompare({ a: '-10' }, { a: '-100' }, options)).toBe(1)
> 124 |     expect(defaultSortCompare({ a: '-20' }, { a: '-30' }, options)).toBe(1)
      |                                                                         ^ Magic Number
  125 |   })
  126 | })
  127 |"
/home/gabriel/Disk/Research/research-javascript-test-smells/repositories/bootstrap-vue-dev/src/components/spinner/spinner.spec.js,Duplicate Assert,"{'line': 91, 'column': 4, 'index': 2164}","  89 |
  90 |     expect(wrapper.classes().length).toBe(2)
> 91 |     expect(wrapper.classes()).toContain('spinner-border')
     |    ^ Duplicate Assert
  92 |     expect(wrapper.classes()).toContain('spinner-border-sm')
  93 |
  94 |     wrapper.destroy()"
/home/gabriel/Disk/Research/research-javascript-test-smells/repositories/bootstrap-vue-dev/src/components/spinner/spinner.spec.js,Duplicate Assert,"{'line': 92, 'column': 4, 'index': 2222}","  90 |     expect(wrapper.classes().length).toBe(2)
  91 |     expect(wrapper.classes()).toContain('spinner-border')
> 92 |     expect(wrapper.classes()).toContain('spinner-border-sm')
     |    ^ Duplicate Assert
  93 |
  94 |     wrapper.destroy()
  95 |   })"
/home/gabriel/Disk/Research/research-javascript-test-smells/repositories/bootstrap-vue-dev/src/components/spinner/spinner.spec.js,Duplicate Assert,"{'line': 105, 'column': 4, 'index': 2569}","  103 |
  104 |     expect(wrapper.classes().length).toBe(2)
> 105 |     expect(wrapper.classes()).toContain('spinner-border')
      |    ^ Duplicate Assert
  106 |     expect(wrapper.classes()).toContain('text-danger')
  107 |
  108 |     wrapper.destroy()"
/home/gabriel/Disk/Research/research-javascript-test-smells/repositories/bootstrap-vue-dev/src/components/spinner/spinner.spec.js,Duplicate Assert,"{'line': 106, 'column': 4, 'index': 2627}","  104 |     expect(wrapper.classes().length).toBe(2)
  105 |     expect(wrapper.classes()).toContain('spinner-border')
> 106 |     expect(wrapper.classes()).toContain('text-danger')
      |    ^ Duplicate Assert
  107 |
  108 |     wrapper.destroy()
  109 |   })"
/home/gabriel/Disk/Research/research-javascript-test-smells/repositories/bootstrap-vue-dev/src/components/spinner/spinner.spec.js,Duplicate Assert,"{'line': 122, 'column': 4, 'index': 3025}","  120 |
  121 |     expect(wrapper.classes().length).toBe(3)
> 122 |     expect(wrapper.classes()).toContain('spinner-border')
      |    ^ Duplicate Assert
  123 |     expect(wrapper.classes()).toContain('spinner-border-sm')
  124 |     expect(wrapper.classes()).toContain('text-danger')
  125 |"
/home/gabriel/Disk/Research/research-javascript-test-smells/repositories/bootstrap-vue-dev/src/components/spinner/spinner.spec.js,Duplicate Assert,"{'line': 123, 'column': 4, 'index': 3083}","  121 |     expect(wrapper.classes().length).toBe(3)
  122 |     expect(wrapper.classes()).toContain('spinner-border')
> 123 |     expect(wrapper.classes()).toContain('spinner-border-sm')
      |    ^ Duplicate Assert
  124 |     expect(wrapper.classes()).toContain('text-danger')
  125 |
  126 |     wrapper.destroy()"
/home/gabriel/Disk/Research/research-javascript-test-smells/repositories/bootstrap-vue-dev/src/components/spinner/spinner.spec.js,Duplicate Assert,"{'line': 124, 'column': 4, 'index': 3144}","  122 |     expect(wrapper.classes()).toContain('spinner-border')
  123 |     expect(wrapper.classes()).toContain('spinner-border-sm')
> 124 |     expect(wrapper.classes()).toContain('text-danger')
      |    ^ Duplicate Assert
  125 |
  126 |     wrapper.destroy()
  127 |   })"
/home/gabriel/Disk/Research/research-javascript-test-smells/repositories/bootstrap-vue-dev/src/components/spinner/spinner.spec.js,Duplicate Assert,"{'line': 144, 'column': 4, 'index': 3589}","  142 |     })
  143 |
> 144 |     expect(wrapper.attributes('role')).toBeDefined()
      |    ^ Duplicate Assert
  145 |     expect(wrapper.attributes('role')).toEqual('status')
  146 |
  147 |     wrapper.destroy()"
/home/gabriel/Disk/Research/research-javascript-test-smells/repositories/bootstrap-vue-dev/src/components/spinner/spinner.spec.js,Duplicate Assert,"{'line': 145, 'column': 4, 'index': 3642}","  143 |
  144 |     expect(wrapper.attributes('role')).toBeDefined()
> 145 |     expect(wrapper.attributes('role')).toEqual('status')
      |    ^ Duplicate Assert
  146 |
  147 |     wrapper.destroy()
  148 |   })"
/home/gabriel/Disk/Research/research-javascript-test-smells/repositories/bootstrap-vue-dev/src/components/spinner/spinner.spec.js,Duplicate Assert,"{'line': 174, 'column': 4, 'index': 4248}","  172 |     })
  173 |
> 174 |     expect(wrapper.attributes('role')).toBeDefined()
      |    ^ Duplicate Assert
  175 |     expect(wrapper.attributes('role')).toEqual('foobar')
  176 |
  177 |     wrapper.destroy()"
/home/gabriel/Disk/Research/research-javascript-test-smells/repositories/bootstrap-vue-dev/src/components/spinner/spinner.spec.js,Duplicate Assert,"{'line': 175, 'column': 4, 'index': 4301}","  173 |
  174 |     expect(wrapper.attributes('role')).toBeDefined()
> 175 |     expect(wrapper.attributes('role')).toEqual('foobar')
      |    ^ Duplicate Assert
  176 |
  177 |     wrapper.destroy()
  178 |   })"
/home/gabriel/Disk/Research/research-javascript-test-smells/repositories/bootstrap-vue-dev/src/components/spinner/spinner.spec.js,Duplicate Assert,"{'line': 183, 'column': 4, 'index': 4497}","  181 |     const wrapper = mount(BSpinner)
  182 |
> 183 |     expect(wrapper.attributes('aria-hidden')).toBeDefined()
      |    ^ Duplicate Assert
  184 |     expect(wrapper.attributes('aria-hidden')).toEqual('true')
  185 |
  186 |     wrapper.destroy()"
/home/gabriel/Disk/Research/research-javascript-test-smells/repositories/bootstrap-vue-dev/src/components/spinner/spinner.spec.js,Duplicate Assert,"{'line': 184, 'column': 4, 'index': 4557}","  182 |
  183 |     expect(wrapper.attributes('aria-hidden')).toBeDefined()
> 184 |     expect(wrapper.attributes('aria-hidden')).toEqual('true')
      |    ^ Duplicate Assert
  185 |
  186 |     wrapper.destroy()
  187 |   })"
/home/gabriel/Disk/Research/research-javascript-test-smells/repositories/bootstrap-vue-dev/src/components/spinner/spinner.spec.js,Duplicate Assert,"{'line': 220, 'column': 4, 'index': 5369}","  218 |     })
  219 |
> 220 |     expect(wrapper.attributes('id')).toBeDefined()
      |    ^ Duplicate Assert
  221 |     expect(wrapper.attributes('id')).toEqual('foobar')
  222 |
  223 |     wrapper.destroy()"
/home/gabriel/Disk/Research/research-javascript-test-smells/repositories/bootstrap-vue-dev/src/components/spinner/spinner.spec.js,Duplicate Assert,"{'line': 221, 'column': 4, 'index': 5420}","  219 |
  220 |     expect(wrapper.attributes('id')).toBeDefined()
> 221 |     expect(wrapper.attributes('id')).toEqual('foobar')
      |    ^ Duplicate Assert
  222 |
  223 |     wrapper.destroy()
  224 |   })"
/home/gabriel/Disk/Research/research-javascript-test-smells/repositories/bootstrap-vue-dev/src/components/spinner/spinner.spec.js,Duplicate Assert,"{'line': 233, 'column': 4, 'index': 5670}","  231 |     })
  232 |
> 233 |     expect(wrapper.classes()).toContain('spinner-border')
      |    ^ Duplicate Assert
  234 |     expect(wrapper.classes()).toContain('foo')
  235 |     expect(wrapper.classes()).toContain('bar')
  236 |"
/home/gabriel/Disk/Research/research-javascript-test-smells/repositories/bootstrap-vue-dev/src/components/spinner/spinner.spec.js,Duplicate Assert,"{'line': 234, 'column': 4, 'index': 5728}","  232 |
  233 |     expect(wrapper.classes()).toContain('spinner-border')
> 234 |     expect(wrapper.classes()).toContain('foo')
      |    ^ Duplicate Assert
  235 |     expect(wrapper.classes()).toContain('bar')
  236 |
  237 |     wrapper.destroy()"
/home/gabriel/Disk/Research/research-javascript-test-smells/repositories/bootstrap-vue-dev/src/components/spinner/spinner.spec.js,Duplicate Assert,"{'line': 235, 'column': 4, 'index': 5775}","  233 |     expect(wrapper.classes()).toContain('spinner-border')
  234 |     expect(wrapper.classes()).toContain('foo')
> 235 |     expect(wrapper.classes()).toContain('bar')
      |    ^ Duplicate Assert
  236 |
  237 |     wrapper.destroy()
  238 |   })"
/home/gabriel/Disk/Research/research-javascript-test-smells/repositories/bootstrap-vue-dev/src/components/spinner/spinner.spec.js,Duplicate Assert,"{'line': 264, 'column': 4, 'index': 6430}","  262 |
  263 |     expect(wrapper.classes().length).toBe(2)
> 264 |     expect(wrapper.classes()).toContain('spinner-grow')
      |    ^ Duplicate Assert
  265 |     expect(wrapper.classes()).toContain('spinner-grow-sm')
  266 |
  267 |     wrapper.destroy()"
/home/gabriel/Disk/Research/research-javascript-test-smells/repositories/bootstrap-vue-dev/src/components/spinner/spinner.spec.js,Duplicate Assert,"{'line': 265, 'column': 4, 'index': 6486}","  263 |     expect(wrapper.classes().length).toBe(2)
  264 |     expect(wrapper.classes()).toContain('spinner-grow')
> 265 |     expect(wrapper.classes()).toContain('spinner-grow-sm')
      |    ^ Duplicate Assert
  266 |
  267 |     wrapper.destroy()
  268 |   })"
/home/gabriel/Disk/Research/research-javascript-test-smells/repositories/bootstrap-vue-dev/src/components/spinner/spinner.spec.js,Duplicate Assert,"{'line': 281, 'column': 4, 'index': 6880}","  279 |
  280 |     expect(wrapper.classes().length).toBe(2)
> 281 |     expect(wrapper.classes()).toContain('spinner-grow')
      |    ^ Duplicate Assert
  282 |     expect(wrapper.classes()).toContain('text-danger')
  283 |
  284 |     wrapper.destroy()"
/home/gabriel/Disk/Research/research-javascript-test-smells/repositories/bootstrap-vue-dev/src/components/spinner/spinner.spec.js,Duplicate Assert,"{'line': 282, 'column': 4, 'index': 6936}","  280 |     expect(wrapper.classes().length).toBe(2)
  281 |     expect(wrapper.classes()).toContain('spinner-grow')
> 282 |     expect(wrapper.classes()).toContain('text-danger')
      |    ^ Duplicate Assert
  283 |
  284 |     wrapper.destroy()
  285 |   })"
/home/gabriel/Disk/Research/research-javascript-test-smells/repositories/bootstrap-vue-dev/src/components/spinner/spinner.spec.js,Duplicate Assert,"{'line': 299, 'column': 4, 'index': 7374}","  297 |
  298 |     expect(wrapper.classes().length).toBe(3)
> 299 |     expect(wrapper.classes()).toContain('spinner-grow')
      |    ^ Duplicate Assert
  300 |     expect(wrapper.classes()).toContain('spinner-grow-sm')
  301 |     expect(wrapper.classes()).toContain('text-info')
  302 |"
/home/gabriel/Disk/Research/research-javascript-test-smells/repositories/bootstrap-vue-dev/src/components/spinner/spinner.spec.js,Duplicate Assert,"{'line': 300, 'column': 4, 'index': 7430}","  298 |     expect(wrapper.classes().length).toBe(3)
  299 |     expect(wrapper.classes()).toContain('spinner-grow')
> 300 |     expect(wrapper.classes()).toContain('spinner-grow-sm')
      |    ^ Duplicate Assert
  301 |     expect(wrapper.classes()).toContain('text-info')
  302 |
  303 |     wrapper.destroy()"
/home/gabriel/Disk/Research/research-javascript-test-smells/repositories/bootstrap-vue-dev/src/components/spinner/spinner.spec.js,Duplicate Assert,"{'line': 301, 'column': 4, 'index': 7489}","  299 |     expect(wrapper.classes()).toContain('spinner-grow')
  300 |     expect(wrapper.classes()).toContain('spinner-grow-sm')
> 301 |     expect(wrapper.classes()).toContain('text-info')
      |    ^ Duplicate Assert
  302 |
  303 |     wrapper.destroy()
  304 |   })"
/home/gabriel/Disk/Research/research-javascript-test-smells/repositories/bootstrap-vue-dev/src/components/spinner/spinner.spec.js,Magic Number,"{'line': 68, 'column': 39, 'index': 1626}","  66 |     const span = wrapper.find('span')
  67 |     expect(span).toBeDefined()
> 68 |     expect(span.classes().length).toBe(1)
     |                                       ^ Magic Number
  69 |     expect(span.classes()).toContain('sr-only')
  70 |
  71 |     wrapper.destroy()"
/home/gabriel/Disk/Research/research-javascript-test-smells/repositories/bootstrap-vue-dev/src/components/spinner/spinner.spec.js,Magic Number,"{'line': 77, 'column': 42, 'index': 1842}","  75 |     const wrapper = mount(BSpinner)
  76 |
> 77 |     expect(wrapper.classes().length).toBe(1)
     |                                          ^ Magic Number
  78 |     expect(wrapper.classes()).toContain('spinner-border')
  79 |
  80 |     wrapper.destroy()"
/home/gabriel/Disk/Research/research-javascript-test-smells/repositories/bootstrap-vue-dev/src/components/spinner/spinner.spec.js,Magic Number,"{'line': 90, 'column': 42, 'index': 2157}","  88 |     })
  89 |
> 90 |     expect(wrapper.classes().length).toBe(2)
     |                                          ^ Magic Number
  91 |     expect(wrapper.classes()).toContain('spinner-border')
  92 |     expect(wrapper.classes()).toContain('spinner-border-sm')
  93 |"
/home/gabriel/Disk/Research/research-javascript-test-smells/repositories/bootstrap-vue-dev/src/components/spinner/spinner.spec.js,Magic Number,"{'line': 104, 'column': 42, 'index': 2562}","  102 |     })
  103 |
> 104 |     expect(wrapper.classes().length).toBe(2)
      |                                          ^ Magic Number
  105 |     expect(wrapper.classes()).toContain('spinner-border')
  106 |     expect(wrapper.classes()).toContain('text-danger')
  107 |"
/home/gabriel/Disk/Research/research-javascript-test-smells/repositories/bootstrap-vue-dev/src/components/spinner/spinner.spec.js,Magic Number,"{'line': 121, 'column': 42, 'index': 3018}","  119 |     })
  120 |
> 121 |     expect(wrapper.classes().length).toBe(3)
      |                                          ^ Magic Number
  122 |     expect(wrapper.classes()).toContain('spinner-border')
  123 |     expect(wrapper.classes()).toContain('spinner-border-sm')
  124 |     expect(wrapper.classes()).toContain('text-danger')"
/home/gabriel/Disk/Research/research-javascript-test-smells/repositories/bootstrap-vue-dev/src/components/spinner/spinner.spec.js,Magic Number,"{'line': 247, 'column': 42, 'index': 6061}","  245 |     })
  246 |
> 247 |     expect(wrapper.classes().length).toBe(1)
      |                                          ^ Magic Number
  248 |     expect(wrapper.classes()).toContain('spinner-grow')
  249 |
  250 |     wrapper.destroy()"
/home/gabriel/Disk/Research/research-javascript-test-smells/repositories/bootstrap-vue-dev/src/components/spinner/spinner.spec.js,Magic Number,"{'line': 263, 'column': 42, 'index': 6423}","  261 |     })
  262 |
> 263 |     expect(wrapper.classes().length).toBe(2)
      |                                          ^ Magic Number
  264 |     expect(wrapper.classes()).toContain('spinner-grow')
  265 |     expect(wrapper.classes()).toContain('spinner-grow-sm')
  266 |"
/home/gabriel/Disk/Research/research-javascript-test-smells/repositories/bootstrap-vue-dev/src/components/spinner/spinner.spec.js,Magic Number,"{'line': 280, 'column': 42, 'index': 6873}","  278 |     })
  279 |
> 280 |     expect(wrapper.classes().length).toBe(2)
      |                                          ^ Magic Number
  281 |     expect(wrapper.classes()).toContain('spinner-grow')
  282 |     expect(wrapper.classes()).toContain('text-danger')
  283 |"
/home/gabriel/Disk/Research/research-javascript-test-smells/repositories/bootstrap-vue-dev/src/components/spinner/spinner.spec.js,Magic Number,"{'line': 298, 'column': 42, 'index': 7367}","  296 |     })
  297 |
> 298 |     expect(wrapper.classes().length).toBe(3)
      |                                          ^ Magic Number
  299 |     expect(wrapper.classes()).toContain('spinner-grow')
  300 |     expect(wrapper.classes()).toContain('spinner-grow-sm')
  301 |     expect(wrapper.classes()).toContain('text-info')"
/home/gabriel/Disk/Research/research-javascript-test-smells/repositories/bootstrap-vue-dev/src/components/skeleton/skeleton.spec.js,Duplicate Assert,"{'line': 12, 'column': 4, 'index': 354}","  10 |
  11 |     expect(wrapper.classes().length).toBe(3)
> 12 |     expect(wrapper.classes()).toContain('b-skeleton')
     |    ^ Duplicate Assert
  13 |     expect(wrapper.classes()).toContain('b-skeleton-text')
  14 |     expect(wrapper.classes()).toContain('b-skeleton-animate-wave')
  15 |"
/home/gabriel/Disk/Research/research-javascript-test-smells/repositories/bootstrap-vue-dev/src/components/skeleton/skeleton.spec.js,Duplicate Assert,"{'line': 13, 'column': 4, 'index': 408}","  11 |     expect(wrapper.classes().length).toBe(3)
  12 |     expect(wrapper.classes()).toContain('b-skeleton')
> 13 |     expect(wrapper.classes()).toContain('b-skeleton-text')
     |    ^ Duplicate Assert
  14 |     expect(wrapper.classes()).toContain('b-skeleton-animate-wave')
  15 |
  16 |     wrapper.destroy()"
/home/gabriel/Disk/Research/research-javascript-test-smells/repositories/bootstrap-vue-dev/src/components/skeleton/skeleton.spec.js,Duplicate Assert,"{'line': 14, 'column': 4, 'index': 467}","  12 |     expect(wrapper.classes()).toContain('b-skeleton')
  13 |     expect(wrapper.classes()).toContain('b-skeleton-text')
> 14 |     expect(wrapper.classes()).toContain('b-skeleton-animate-wave')
     |    ^ Duplicate Assert
  15 |
  16 |     wrapper.destroy()
  17 |   })"
/home/gabriel/Disk/Research/research-javascript-test-smells/repositories/bootstrap-vue-dev/src/components/skeleton/skeleton.spec.js,Magic Number,"{'line': 11, 'column': 42, 'index': 347}","   9 |     expect(wrapper.element.tagName).toBe('DIV')
  10 |
> 11 |     expect(wrapper.classes().length).toBe(3)
     |                                          ^ Magic Number
  12 |     expect(wrapper.classes()).toContain('b-skeleton')
  13 |     expect(wrapper.classes()).toContain('b-skeleton-text')
  14 |     expect(wrapper.classes()).toContain('b-skeleton-animate-wave')"
/home/gabriel/Disk/Research/research-javascript-test-smells/repositories/bootstrap-vue-dev/src/components/skeleton/skeleton-table.spec.js,Duplicate Assert,"{'line': 87, 'column': 4, 'index': 2325}","  85 |     expect(wrapper).toBeDefined()
  86 |     expect(wrapper.element.tagName).toBe('TABLE')
> 87 |     expect(wrapper.classes()).toContain('table-bordered')
     |    ^ Duplicate Assert
  88 |     expect(wrapper.classes()).toContain('table-striped')
  89 |
  90 |     wrapper.destroy()"
/home/gabriel/Disk/Research/research-javascript-test-smells/repositories/bootstrap-vue-dev/src/components/skeleton/skeleton-table.spec.js,Duplicate Assert,"{'line': 88, 'column': 4, 'index': 2383}","  86 |     expect(wrapper.element.tagName).toBe('TABLE')
  87 |     expect(wrapper.classes()).toContain('table-bordered')
> 88 |     expect(wrapper.classes()).toContain('table-striped')
     |    ^ Duplicate Assert
  89 |
  90 |     wrapper.destroy()
  91 |   })"
/home/gabriel/Disk/Research/research-javascript-test-smells/repositories/bootstrap-vue-dev/src/components/skeleton/skeleton-table.spec.js,Duplicate Assert,"{'line': 114, 'column': 4, 'index': 3003}","  112 |     })
  113 |
> 114 |     expect(wrapper.classes()).toContain('b-table')
      |    ^ Duplicate Assert
  115 |     expect(wrapper.classes()).toContain('foobar')
  116 |
  117 |     wrapper.destroy()"
/home/gabriel/Disk/Research/research-javascript-test-smells/repositories/bootstrap-vue-dev/src/components/skeleton/skeleton-table.spec.js,Duplicate Assert,"{'line': 115, 'column': 4, 'index': 3054}","  113 |
  114 |     expect(wrapper.classes()).toContain('b-table')
> 115 |     expect(wrapper.classes()).toContain('foobar')
      |    ^ Duplicate Assert
  116 |
  117 |     wrapper.destroy()
  118 |   })"
/home/gabriel/Disk/Research/research-javascript-test-smells/repositories/bootstrap-vue-dev/src/components/skeleton/skeleton-table.spec.js,Magic Number,"{'line': 11, 'column': 59, 'index': 415}","   9 |     expect(wrapper.element.tagName).toBe('TABLE')
  10 |     expect(wrapper.find('thead').exists()).toBe(true)
> 11 |     expect(wrapper.findAll('thead > tr > th').length).toBe(5)
     |                                                           ^ Magic Number
  12 |     expect(wrapper.findAll('tbody > tr').length).toBe(3)
  13 |     expect(wrapper.findAll('tbody > tr > td > div').length).toBe(15)
  14 |     expect(wrapper.find('tfoot').exists()).toBe(false)"
/home/gabriel/Disk/Research/research-javascript-test-smells/repositories/bootstrap-vue-dev/src/components/skeleton/skeleton-table.spec.js,Magic Number,"{'line': 12, 'column': 54, 'index': 472}","  10 |     expect(wrapper.find('thead').exists()).toBe(true)
  11 |     expect(wrapper.findAll('thead > tr > th').length).toBe(5)
> 12 |     expect(wrapper.findAll('tbody > tr').length).toBe(3)
     |                                                      ^ Magic Number
  13 |     expect(wrapper.findAll('tbody > tr > td > div').length).toBe(15)
  14 |     expect(wrapper.find('tfoot').exists()).toBe(false)
  15 |"
/home/gabriel/Disk/Research/research-javascript-test-smells/repositories/bootstrap-vue-dev/src/components/skeleton/skeleton-table.spec.js,Magic Number,"{'line': 13, 'column': 65, 'index': 540}","  11 |     expect(wrapper.findAll('thead > tr > th').length).toBe(5)
  12 |     expect(wrapper.findAll('tbody > tr').length).toBe(3)
> 13 |     expect(wrapper.findAll('tbody > tr > td > div').length).toBe(15)
     |                                                                 ^ Magic Number
  14 |     expect(wrapper.find('tfoot').exists()).toBe(false)
  15 |
  16 |     wrapper.destroy()"
/home/gabriel/Disk/Research/research-javascript-test-smells/repositories/bootstrap-vue-dev/src/components/skeleton/skeleton-table.spec.js,Magic Number,"{'line': 56, 'column': 54, 'index': 1614}","  54 |     expect(wrapper).toBeDefined()
  55 |     expect(wrapper.element.tagName).toBe('TABLE')
> 56 |     expect(wrapper.findAll('tbody > tr').length).toBe(7)
     |                                                      ^ Magic Number
  57 |
  58 |     wrapper.destroy()
  59 |   })"
/home/gabriel/Disk/Research/research-javascript-test-smells/repositories/bootstrap-vue-dev/src/components/skeleton/skeleton-table.spec.js,Magic Number,"{'line': 70, 'column': 59, 'index': 1975}","  68 |     expect(wrapper).toBeDefined()
  69 |     expect(wrapper.element.tagName).toBe('TABLE')
> 70 |     expect(wrapper.findAll('thead > tr > th').length).toBe(6)
     |                                                           ^ Magic Number
  71 |
  72 |     wrapper.destroy()
  73 |   })"
/home/gabriel/Disk/Research/research-javascript-test-smells/repositories/bootstrap-vue-dev/src/components/skeleton/skeleton-img.spec.js,Duplicate Assert,"{'line': 45, 'column': 4, 'index': 1400}","  43 |     expect(wrapper).toBeDefined()
  44 |     expect(wrapper.element.tagName).toBe('DIV')
> 45 |     expect(wrapper.classes()).not.toContain('b-aspect')
     |    ^ Duplicate Assert
  46 |     expect(wrapper.classes()).toContain('b-skeleton-img')
  47 |     expect(wrapper.find('.b-aspect-sizer').exists()).toBe(false)
  48 |     expect(wrapper.find('.b-aspect-content').exists()).toBe(false)"
/home/gabriel/Disk/Research/research-javascript-test-smells/repositories/bootstrap-vue-dev/src/components/skeleton/skeleton-img.spec.js,Duplicate Assert,"{'line': 46, 'column': 4, 'index': 1456}","  44 |     expect(wrapper.element.tagName).toBe('DIV')
  45 |     expect(wrapper.classes()).not.toContain('b-aspect')
> 46 |     expect(wrapper.classes()).toContain('b-skeleton-img')
     |    ^ Duplicate Assert
  47 |     expect(wrapper.find('.b-aspect-sizer').exists()).toBe(false)
  48 |     expect(wrapper.find('.b-aspect-content').exists()).toBe(false)
  49 |"
/home/gabriel/Disk/Research/research-javascript-test-smells/repositories/bootstrap-vue-dev/src/components/skeleton/skeleton-icon.spec.js,Duplicate Assert,"{'line': 81, 'column': 4, 'index': 1997}","  79 |     })
  80 |
> 81 |     expect(wrapper.classes()).toContain('b-skeleton-icon-wrapper')
     |    ^ Duplicate Assert
  82 |     expect(wrapper.classes()).toContain('foobar')
  83 |
  84 |     wrapper.destroy()"
/home/gabriel/Disk/Research/research-javascript-test-smells/repositories/bootstrap-vue-dev/src/components/skeleton/skeleton-icon.spec.js,Duplicate Assert,"{'line': 82, 'column': 4, 'index': 2064}","  80 |
  81 |     expect(wrapper.classes()).toContain('b-skeleton-icon-wrapper')
> 82 |     expect(wrapper.classes()).toContain('foobar')
     |    ^ Duplicate Assert
  83 |
  84 |     wrapper.destroy()
  85 |   })"
/home/gabriel/Disk/Research/research-javascript-test-smells/repositories/bootstrap-vue-dev/src/components/sidebar/sidebar.spec.js,Duplicate Assert,"{'line': 21, 'column': 4, 'index': 641}","  19 |     })
  20 |
> 21 |     expect(wrapper.vm).toBeDefined()
     |    ^ Duplicate Assert
  22 |
  23 |     const $sidebar = wrapper.find('.b-sidebar')
  24 |     expect($sidebar.exists()).toBe(true)"
/home/gabriel/Disk/Research/research-javascript-test-smells/repositories/bootstrap-vue-dev/src/components/sidebar/sidebar.spec.js,Duplicate Assert,"{'line': 21, 'column': 4, 'index': 641}","  19 |     })
  20 |
> 21 |     expect(wrapper.vm).toBeDefined()
     |    ^ Duplicate Assert
  22 |
  23 |     const $sidebar = wrapper.find('.b-sidebar')
  24 |     expect($sidebar.exists()).toBe(true)"
/home/gabriel/Disk/Research/research-javascript-test-smells/repositories/bootstrap-vue-dev/src/components/sidebar/sidebar.spec.js,Duplicate Assert,"{'line': 30, 'column': 4, 'index': 920}","  28 |
  29 |     expect($sidebar.element.tagName).toBe('DIV')
> 30 |     expect($sidebar.attributes('id')).toBeDefined()
     |    ^ Duplicate Assert
  31 |     expect($sidebar.attributes('id')).toEqual('test-1')
  32 |     expect($sidebar.classes()).toContain('b-sidebar')
  33 |     expect($sidebar.classes()).not.toContain('b-sidebar-right')"
/home/gabriel/Disk/Research/research-javascript-test-smells/repositories/bootstrap-vue-dev/src/components/sidebar/sidebar.spec.js,Duplicate Assert,"{'line': 31, 'column': 4, 'index': 972}","  29 |     expect($sidebar.element.tagName).toBe('DIV')
  30 |     expect($sidebar.attributes('id')).toBeDefined()
> 31 |     expect($sidebar.attributes('id')).toEqual('test-1')
     |    ^ Duplicate Assert
  32 |     expect($sidebar.classes()).toContain('b-sidebar')
  33 |     expect($sidebar.classes()).not.toContain('b-sidebar-right')
  34 |     // `show` and `slide` class only added during transition"
/home/gabriel/Disk/Research/research-javascript-test-smells/repositories/bootstrap-vue-dev/src/components/sidebar/sidebar.spec.js,Duplicate Assert,"{'line': 32, 'column': 4, 'index': 1028}","  30 |     expect($sidebar.attributes('id')).toBeDefined()
  31 |     expect($sidebar.attributes('id')).toEqual('test-1')
> 32 |     expect($sidebar.classes()).toContain('b-sidebar')
     |    ^ Duplicate Assert
  33 |     expect($sidebar.classes()).not.toContain('b-sidebar-right')
  34 |     // `show` and `slide` class only added during transition
  35 |     expect($sidebar.classes()).not.toContain('show')"
/home/gabriel/Disk/Research/research-javascript-test-smells/repositories/bootstrap-vue-dev/src/components/sidebar/sidebar.spec.js,Duplicate Assert,"{'line': 33, 'column': 4, 'index': 1082}","  31 |     expect($sidebar.attributes('id')).toEqual('test-1')
  32 |     expect($sidebar.classes()).toContain('b-sidebar')
> 33 |     expect($sidebar.classes()).not.toContain('b-sidebar-right')
     |    ^ Duplicate Assert
  34 |     // `show` and `slide` class only added during transition
  35 |     expect($sidebar.classes()).not.toContain('show')
  36 |     expect($sidebar.classes()).not.toContain('slide')"
/home/gabriel/Disk/Research/research-javascript-test-smells/repositories/bootstrap-vue-dev/src/components/sidebar/sidebar.spec.js,Duplicate Assert,"{'line': 35, 'column': 4, 'index': 1207}","  33 |     expect($sidebar.classes()).not.toContain('b-sidebar-right')
  34 |     // `show` and `slide` class only added during transition
> 35 |     expect($sidebar.classes()).not.toContain('show')
     |    ^ Duplicate Assert
  36 |     expect($sidebar.classes()).not.toContain('slide')
  37 |     expect($sidebar.text()).toEqual('')
  38 |     // Check for no presence of `display: none' from `v-show` directive"
/home/gabriel/Disk/Research/research-javascript-test-smells/repositories/bootstrap-vue-dev/src/components/sidebar/sidebar.spec.js,Duplicate Assert,"{'line': 36, 'column': 4, 'index': 1260}","  34 |     // `show` and `slide` class only added during transition
  35 |     expect($sidebar.classes()).not.toContain('show')
> 36 |     expect($sidebar.classes()).not.toContain('slide')
     |    ^ Duplicate Assert
  37 |     expect($sidebar.text()).toEqual('')
  38 |     // Check for no presence of `display: none' from `v-show` directive
  39 |     expect($sidebar.element).toBeVisible()"
/home/gabriel/Disk/Research/research-javascript-test-smells/repositories/bootstrap-vue-dev/src/components/sidebar/sidebar.spec.js,Duplicate Assert,"{'line': 39, 'column': 4, 'index': 1426}","  37 |     expect($sidebar.text()).toEqual('')
  38 |     // Check for no presence of `display: none' from `v-show` directive
> 39 |     expect($sidebar.element).toBeVisible()
     |    ^ Duplicate Assert
  40 |
  41 |     expect($sidebar.find('.b-sidebar-header').exists()).toBe(true)
  42 |     expect($sidebar.find('.b-sidebar-body').exists()).toBe(true)"
/home/gabriel/Disk/Research/research-javascript-test-smells/repositories/bootstrap-vue-dev/src/components/sidebar/sidebar.spec.js,Duplicate Assert,"{'line': 48, 'column': 4, 'index': 1758}","  46 |     await waitRAF()
  47 |     await waitRAF()
> 48 |     expect(wrapper.vm).toBeDefined()
     |    ^ Duplicate Assert
  49 |     expect(wrapper.element.tagName).toBe('DIV')
  50 |     // Check for no presence of `display: none' from `v-show` directive
  51 |     expect($sidebar.element).not.toBeVisible()"
/home/gabriel/Disk/Research/research-javascript-test-smells/repositories/bootstrap-vue-dev/src/components/sidebar/sidebar.spec.js,Duplicate Assert,"{'line': 48, 'column': 4, 'index': 1758}","  46 |     await waitRAF()
  47 |     await waitRAF()
> 48 |     expect(wrapper.vm).toBeDefined()
     |    ^ Duplicate Assert
  49 |     expect(wrapper.element.tagName).toBe('DIV')
  50 |     // Check for no presence of `display: none' from `v-show` directive
  51 |     expect($sidebar.element).not.toBeVisible()"
/home/gabriel/Disk/Research/research-javascript-test-smells/repositories/bootstrap-vue-dev/src/components/sidebar/sidebar.spec.js,Duplicate Assert,"{'line': 49, 'column': 4, 'index': 1795}","  47 |     await waitRAF()
  48 |     expect(wrapper.vm).toBeDefined()
> 49 |     expect(wrapper.element.tagName).toBe('DIV')
     |    ^ Duplicate Assert
  50 |     // Check for no presence of `display: none' from `v-show` directive
  51 |     expect($sidebar.element).not.toBeVisible()
  52 |"
/home/gabriel/Disk/Research/research-javascript-test-smells/repositories/bootstrap-vue-dev/src/components/sidebar/sidebar.spec.js,Duplicate Assert,"{'line': 49, 'column': 4, 'index': 1795}","  47 |     await waitRAF()
  48 |     expect(wrapper.vm).toBeDefined()
> 49 |     expect(wrapper.element.tagName).toBe('DIV')
     |    ^ Duplicate Assert
  50 |     // Check for no presence of `display: none' from `v-show` directive
  51 |     expect($sidebar.element).not.toBeVisible()
  52 |"
/home/gabriel/Disk/Research/research-javascript-test-smells/repositories/bootstrap-vue-dev/src/components/sidebar/sidebar.spec.js,Duplicate Assert,"{'line': 51, 'column': 4, 'index': 1915}","  49 |     expect(wrapper.element.tagName).toBe('DIV')
  50 |     // Check for no presence of `display: none' from `v-show` directive
> 51 |     expect($sidebar.element).not.toBeVisible()
     |    ^ Duplicate Assert
  52 |
  53 |     await wrapper.setProps({ visible: true })
  54 |     await waitRAF()"
/home/gabriel/Disk/Research/research-javascript-test-smells/repositories/bootstrap-vue-dev/src/components/sidebar/sidebar.spec.js,Duplicate Assert,"{'line': 56, 'column': 4, 'index': 2049}","  54 |     await waitRAF()
  55 |     await waitRAF()
> 56 |     expect(wrapper.element.tagName).toBe('DIV')
     |    ^ Duplicate Assert
  57 |     // Check for no presence of `display: none' from `v-show` directive
  58 |     expect($sidebar.element).toBeVisible()
  59 |"
/home/gabriel/Disk/Research/research-javascript-test-smells/repositories/bootstrap-vue-dev/src/components/sidebar/sidebar.spec.js,Duplicate Assert,"{'line': 56, 'column': 4, 'index': 2049}","  54 |     await waitRAF()
  55 |     await waitRAF()
> 56 |     expect(wrapper.element.tagName).toBe('DIV')
     |    ^ Duplicate Assert
  57 |     // Check for no presence of `display: none' from `v-show` directive
  58 |     expect($sidebar.element).toBeVisible()
  59 |"
/home/gabriel/Disk/Research/research-javascript-test-smells/repositories/bootstrap-vue-dev/src/components/sidebar/sidebar.spec.js,Duplicate Assert,"{'line': 58, 'column': 4, 'index': 2169}","  56 |     expect(wrapper.element.tagName).toBe('DIV')
  57 |     // Check for no presence of `display: none' from `v-show` directive
> 58 |     expect($sidebar.element).toBeVisible()
     |    ^ Duplicate Assert
  59 |
  60 |     wrapper.destroy()
  61 |   })"
/home/gabriel/Disk/Research/research-javascript-test-smells/repositories/bootstrap-vue-dev/src/components/sidebar/sidebar.spec.js,Duplicate Assert,"{'line': 86, 'column': 4, 'index': 2880}","  84 |     await waitRAF()
  85 |     await waitRAF()
> 86 |     expect($sidebar.element).toBeVisible()
     |    ^ Duplicate Assert
  87 |     expect($backdrop.element).toBeVisible()
  88 |
  89 |     await wrapper.setProps({ noCloseOnBackdrop: false })"
/home/gabriel/Disk/Research/research-javascript-test-smells/repositories/bootstrap-vue-dev/src/components/sidebar/sidebar.spec.js,Duplicate Assert,"{'line': 87, 'column': 4, 'index': 2923}","  85 |     await waitRAF()
  86 |     expect($sidebar.element).toBeVisible()
> 87 |     expect($backdrop.element).toBeVisible()
     |    ^ Duplicate Assert
  88 |
  89 |     await wrapper.setProps({ noCloseOnBackdrop: false })
  90 |     await waitRAF()"
/home/gabriel/Disk/Research/research-javascript-test-smells/repositories/bootstrap-vue-dev/src/components/sidebar/sidebar.spec.js,Duplicate Assert,"{'line': 92, 'column': 4, 'index': 3065}","  90 |     await waitRAF()
  91 |     await waitRAF()
> 92 |     expect($sidebar.element).toBeVisible()
     |    ^ Duplicate Assert
  93 |     expect($backdrop.element).toBeVisible()
  94 |
  95 |     await $backdrop.trigger('click')"
/home/gabriel/Disk/Research/research-javascript-test-smells/repositories/bootstrap-vue-dev/src/components/sidebar/sidebar.spec.js,Duplicate Assert,"{'line': 93, 'column': 4, 'index': 3108}","  91 |     await waitRAF()
  92 |     expect($sidebar.element).toBeVisible()
> 93 |     expect($backdrop.element).toBeVisible()
     |    ^ Duplicate Assert
  94 |
  95 |     await $backdrop.trigger('click')
  96 |     await waitRAF()"
/home/gabriel/Disk/Research/research-javascript-test-smells/repositories/bootstrap-vue-dev/src/components/sidebar/sidebar.spec.js,Duplicate Assert,"{'line': 98, 'column': 4, 'index': 3230}","   96 |     await waitRAF()
   97 |     await waitRAF()
>  98 |     expect($sidebar.element).not.toBeVisible()
      |    ^ Duplicate Assert
   99 |     expect($backdrop.element).not.toBeVisible()
  100 |
  101 |     wrapper.destroy()"
/home/gabriel/Disk/Research/research-javascript-test-smells/repositories/bootstrap-vue-dev/src/components/sidebar/sidebar.spec.js,Duplicate Assert,"{'line': 99, 'column': 4, 'index': 3277}","   97 |     await waitRAF()
   98 |     expect($sidebar.element).not.toBeVisible()
>  99 |     expect($backdrop.element).not.toBeVisible()
      |    ^ Duplicate Assert
  100 |
  101 |     wrapper.destroy()
  102 |   })"
/home/gabriel/Disk/Research/research-javascript-test-smells/repositories/bootstrap-vue-dev/src/components/sidebar/sidebar.spec.js,Duplicate Assert,"{'line': 128, 'column': 4, 'index': 4060}","  126 |     await waitRAF()
  127 |     await waitRAF()
> 128 |     expect($sidebar.element).toBeVisible()
      |    ^ Duplicate Assert
  129 |     expect($backdrop.element).toBeVisible()
  130 |
  131 |     await wrapper.setProps({ noCloseOnBackdrop: false })"
/home/gabriel/Disk/Research/research-javascript-test-smells/repositories/bootstrap-vue-dev/src/components/sidebar/sidebar.spec.js,Duplicate Assert,"{'line': 129, 'column': 4, 'index': 4103}","  127 |     await waitRAF()
  128 |     expect($sidebar.element).toBeVisible()
> 129 |     expect($backdrop.element).toBeVisible()
      |    ^ Duplicate Assert
  130 |
  131 |     await wrapper.setProps({ noCloseOnBackdrop: false })
  132 |     await waitRAF()"
/home/gabriel/Disk/Research/research-javascript-test-smells/repositories/bootstrap-vue-dev/src/components/sidebar/sidebar.spec.js,Duplicate Assert,"{'line': 134, 'column': 4, 'index': 4245}","  132 |     await waitRAF()
  133 |     await waitRAF()
> 134 |     expect($sidebar.element).toBeVisible()
      |    ^ Duplicate Assert
  135 |     expect($backdrop.element).toBeVisible()
  136 |
  137 |     await $backdrop.trigger('click')"
/home/gabriel/Disk/Research/research-javascript-test-smells/repositories/bootstrap-vue-dev/src/components/sidebar/sidebar.spec.js,Duplicate Assert,"{'line': 135, 'column': 4, 'index': 4288}","  133 |     await waitRAF()
  134 |     expect($sidebar.element).toBeVisible()
> 135 |     expect($backdrop.element).toBeVisible()
      |    ^ Duplicate Assert
  136 |
  137 |     await $backdrop.trigger('click')
  138 |     await waitRAF()"
/home/gabriel/Disk/Research/research-javascript-test-smells/repositories/bootstrap-vue-dev/src/components/sidebar/sidebar.spec.js,Duplicate Assert,"{'line': 140, 'column': 4, 'index': 4410}","  138 |     await waitRAF()
  139 |     await waitRAF()
> 140 |     expect($sidebar.element).not.toBeVisible()
      |    ^ Duplicate Assert
  141 |     expect($backdrop.element).not.toBeVisible()
  142 |
  143 |     wrapper.destroy()"
/home/gabriel/Disk/Research/research-javascript-test-smells/repositories/bootstrap-vue-dev/src/components/sidebar/sidebar.spec.js,Duplicate Assert,"{'line': 141, 'column': 4, 'index': 4457}","  139 |     await waitRAF()
  140 |     expect($sidebar.element).not.toBeVisible()
> 141 |     expect($backdrop.element).not.toBeVisible()
      |    ^ Duplicate Assert
  142 |
  143 |     wrapper.destroy()
  144 |   })"
/home/gabriel/Disk/Research/research-javascript-test-smells/repositories/bootstrap-vue-dev/src/components/sidebar/sidebar.spec.js,Duplicate Assert,"{'line': 158, 'column': 4, 'index': 4862}","  156 |     const $sidebar = wrapper.find('.b-sidebar')
  157 |     expect($sidebar.exists()).toBe(true)
> 158 |     expect($sidebar.element.tagName).toBe('DIV')
      |    ^ Duplicate Assert
  159 |     expect($sidebar.element).not.toBeVisible()
  160 |
  161 |     wrapper.vm.$root.$emit(ROOT_ACTION_EVENT_NAME_TOGGLE, 'test-toggle')"
/home/gabriel/Disk/Research/research-javascript-test-smells/repositories/bootstrap-vue-dev/src/components/sidebar/sidebar.spec.js,Duplicate Assert,"{'line': 158, 'column': 4, 'index': 4862}","  156 |     const $sidebar = wrapper.find('.b-sidebar')
  157 |     expect($sidebar.exists()).toBe(true)
> 158 |     expect($sidebar.element.tagName).toBe('DIV')
      |    ^ Duplicate Assert
  159 |     expect($sidebar.element).not.toBeVisible()
  160 |
  161 |     wrapper.vm.$root.$emit(ROOT_ACTION_EVENT_NAME_TOGGLE, 'test-toggle')"
/home/gabriel/Disk/Research/research-javascript-test-smells/repositories/bootstrap-vue-dev/src/components/sidebar/sidebar.spec.js,Duplicate Assert,"{'line': 159, 'column': 4, 'index': 4911}","  157 |     expect($sidebar.exists()).toBe(true)
  158 |     expect($sidebar.element.tagName).toBe('DIV')
> 159 |     expect($sidebar.element).not.toBeVisible()
      |    ^ Duplicate Assert
  160 |
  161 |     wrapper.vm.$root.$emit(ROOT_ACTION_EVENT_NAME_TOGGLE, 'test-toggle')
  162 |     await waitNT(wrapper.vm)"
/home/gabriel/Disk/Research/research-javascript-test-smells/repositories/bootstrap-vue-dev/src/components/sidebar/sidebar.spec.js,Duplicate Assert,"{'line': 165, 'column': 4, 'index': 5101}","  163 |     await waitRAF()
  164 |     await waitRAF()
> 165 |     expect($sidebar.element.tagName).toBe('DIV')
      |    ^ Duplicate Assert
  166 |     expect($sidebar.element).toBeVisible()
  167 |
  168 |     wrapper.vm.$root.$emit(ROOT_ACTION_EVENT_NAME_TOGGLE, 'test-toggle')"
/home/gabriel/Disk/Research/research-javascript-test-smells/repositories/bootstrap-vue-dev/src/components/sidebar/sidebar.spec.js,Duplicate Assert,"{'line': 165, 'column': 4, 'index': 5101}","  163 |     await waitRAF()
  164 |     await waitRAF()
> 165 |     expect($sidebar.element.tagName).toBe('DIV')
      |    ^ Duplicate Assert
  166 |     expect($sidebar.element).toBeVisible()
  167 |
  168 |     wrapper.vm.$root.$emit(ROOT_ACTION_EVENT_NAME_TOGGLE, 'test-toggle')"
/home/gabriel/Disk/Research/research-javascript-test-smells/repositories/bootstrap-vue-dev/src/components/sidebar/sidebar.spec.js,Duplicate Assert,"{'line': 166, 'column': 4, 'index': 5150}","  164 |     await waitRAF()
  165 |     expect($sidebar.element.tagName).toBe('DIV')
> 166 |     expect($sidebar.element).toBeVisible()
      |    ^ Duplicate Assert
  167 |
  168 |     wrapper.vm.$root.$emit(ROOT_ACTION_EVENT_NAME_TOGGLE, 'test-toggle')
  169 |     await waitNT(wrapper.vm)"
/home/gabriel/Disk/Research/research-javascript-test-smells/repositories/bootstrap-vue-dev/src/components/sidebar/sidebar.spec.js,Duplicate Assert,"{'line': 172, 'column': 4, 'index': 5336}","  170 |     await waitRAF()
  171 |     await waitRAF()
> 172 |     expect($sidebar.element.tagName).toBe('DIV')
      |    ^ Duplicate Assert
  173 |     expect($sidebar.element).not.toBeVisible()
  174 |
  175 |     wrapper.vm.$root.$emit(ROOT_ACTION_EVENT_NAME_TOGGLE, 'foobar')"
/home/gabriel/Disk/Research/research-javascript-test-smells/repositories/bootstrap-vue-dev/src/components/sidebar/sidebar.spec.js,Duplicate Assert,"{'line': 172, 'column': 4, 'index': 5336}","  170 |     await waitRAF()
  171 |     await waitRAF()
> 172 |     expect($sidebar.element.tagName).toBe('DIV')
      |    ^ Duplicate Assert
  173 |     expect($sidebar.element).not.toBeVisible()
  174 |
  175 |     wrapper.vm.$root.$emit(ROOT_ACTION_EVENT_NAME_TOGGLE, 'foobar')"
/home/gabriel/Disk/Research/research-javascript-test-smells/repositories/bootstrap-vue-dev/src/components/sidebar/sidebar.spec.js,Duplicate Assert,"{'line': 173, 'column': 4, 'index': 5385}","  171 |     await waitRAF()
  172 |     expect($sidebar.element.tagName).toBe('DIV')
> 173 |     expect($sidebar.element).not.toBeVisible()
      |    ^ Duplicate Assert
  174 |
  175 |     wrapper.vm.$root.$emit(ROOT_ACTION_EVENT_NAME_TOGGLE, 'foobar')
  176 |     await waitNT(wrapper.vm)"
/home/gabriel/Disk/Research/research-javascript-test-smells/repositories/bootstrap-vue-dev/src/components/sidebar/sidebar.spec.js,Duplicate Assert,"{'line': 179, 'column': 4, 'index': 5570}","  177 |     await waitRAF()
  178 |     await waitRAF()
> 179 |     expect($sidebar.element.tagName).toBe('DIV')
      |    ^ Duplicate Assert
  180 |     expect($sidebar.element).not.toBeVisible()
  181 |
  182 |     wrapper.destroy()"
/home/gabriel/Disk/Research/research-javascript-test-smells/repositories/bootstrap-vue-dev/src/components/sidebar/sidebar.spec.js,Duplicate Assert,"{'line': 179, 'column': 4, 'index': 5570}","  177 |     await waitRAF()
  178 |     await waitRAF()
> 179 |     expect($sidebar.element.tagName).toBe('DIV')
      |    ^ Duplicate Assert
  180 |     expect($sidebar.element).not.toBeVisible()
  181 |
  182 |     wrapper.destroy()"
/home/gabriel/Disk/Research/research-javascript-test-smells/repositories/bootstrap-vue-dev/src/components/sidebar/sidebar.spec.js,Duplicate Assert,"{'line': 180, 'column': 4, 'index': 5619}","  178 |     await waitRAF()
  179 |     expect($sidebar.element.tagName).toBe('DIV')
> 180 |     expect($sidebar.element).not.toBeVisible()
      |    ^ Duplicate Assert
  181 |
  182 |     wrapper.destroy()
  183 |   })"
/home/gabriel/Disk/Research/research-javascript-test-smells/repositories/bootstrap-vue-dev/src/components/sidebar/sidebar.spec.js,Duplicate Assert,"{'line': 197, 'column': 4, 'index': 6002}","  195 |     const $sidebar = wrapper.find('.b-sidebar')
  196 |     expect($sidebar.exists()).toBe(true)
> 197 |     expect($sidebar.element.tagName).toBe('DIV')
      |    ^ Duplicate Assert
  198 |     expect($sidebar.element).not.toBeVisible()
  199 |
  200 |     wrapper.vm.$root.$emit(ROOT_ACTION_EVENT_NAME_TOGGLE, 'test-esc')"
/home/gabriel/Disk/Research/research-javascript-test-smells/repositories/bootstrap-vue-dev/src/components/sidebar/sidebar.spec.js,Duplicate Assert,"{'line': 197, 'column': 4, 'index': 6002}","  195 |     const $sidebar = wrapper.find('.b-sidebar')
  196 |     expect($sidebar.exists()).toBe(true)
> 197 |     expect($sidebar.element.tagName).toBe('DIV')
      |    ^ Duplicate Assert
  198 |     expect($sidebar.element).not.toBeVisible()
  199 |
  200 |     wrapper.vm.$root.$emit(ROOT_ACTION_EVENT_NAME_TOGGLE, 'test-esc')"
/home/gabriel/Disk/Research/research-javascript-test-smells/repositories/bootstrap-vue-dev/src/components/sidebar/sidebar.spec.js,Duplicate Assert,"{'line': 198, 'column': 4, 'index': 6051}","  196 |     expect($sidebar.exists()).toBe(true)
  197 |     expect($sidebar.element.tagName).toBe('DIV')
> 198 |     expect($sidebar.element).not.toBeVisible()
      |    ^ Duplicate Assert
  199 |
  200 |     wrapper.vm.$root.$emit(ROOT_ACTION_EVENT_NAME_TOGGLE, 'test-esc')
  201 |     await waitNT(wrapper.vm)"
/home/gabriel/Disk/Research/research-javascript-test-smells/repositories/bootstrap-vue-dev/src/components/sidebar/sidebar.spec.js,Duplicate Assert,"{'line': 204, 'column': 4, 'index': 6238}","  202 |     await waitRAF()
  203 |     await waitRAF()
> 204 |     expect($sidebar.element.tagName).toBe('DIV')
      |    ^ Duplicate Assert
  205 |     expect($sidebar.element).toBeVisible()
  206 |
  207 |     await wrapper.trigger('keydown.esc')"
/home/gabriel/Disk/Research/research-javascript-test-smells/repositories/bootstrap-vue-dev/src/components/sidebar/sidebar.spec.js,Duplicate Assert,"{'line': 204, 'column': 4, 'index': 6238}","  202 |     await waitRAF()
  203 |     await waitRAF()
> 204 |     expect($sidebar.element.tagName).toBe('DIV')
      |    ^ Duplicate Assert
  205 |     expect($sidebar.element).toBeVisible()
  206 |
  207 |     await wrapper.trigger('keydown.esc')"
/home/gabriel/Disk/Research/research-javascript-test-smells/repositories/bootstrap-vue-dev/src/components/sidebar/sidebar.spec.js,Duplicate Assert,"{'line': 205, 'column': 4, 'index': 6287}","  203 |     await waitRAF()
  204 |     expect($sidebar.element.tagName).toBe('DIV')
> 205 |     expect($sidebar.element).toBeVisible()
      |    ^ Duplicate Assert
  206 |
  207 |     await wrapper.trigger('keydown.esc')
  208 |     await waitRAF()"
/home/gabriel/Disk/Research/research-javascript-test-smells/repositories/bootstrap-vue-dev/src/components/sidebar/sidebar.spec.js,Duplicate Assert,"{'line': 210, 'column': 4, 'index': 6412}","  208 |     await waitRAF()
  209 |     await waitRAF()
> 210 |     expect($sidebar.element.tagName).toBe('DIV')
      |    ^ Duplicate Assert
  211 |     expect($sidebar.element).not.toBeVisible()
  212 |
  213 |     await wrapper.setProps({ noCloseOnEsc: true })"
/home/gabriel/Disk/Research/research-javascript-test-smells/repositories/bootstrap-vue-dev/src/components/sidebar/sidebar.spec.js,Duplicate Assert,"{'line': 210, 'column': 4, 'index': 6412}","  208 |     await waitRAF()
  209 |     await waitRAF()
> 210 |     expect($sidebar.element.tagName).toBe('DIV')
      |    ^ Duplicate Assert
  211 |     expect($sidebar.element).not.toBeVisible()
  212 |
  213 |     await wrapper.setProps({ noCloseOnEsc: true })"
/home/gabriel/Disk/Research/research-javascript-test-smells/repositories/bootstrap-vue-dev/src/components/sidebar/sidebar.spec.js,Duplicate Assert,"{'line': 211, 'column': 4, 'index': 6461}","  209 |     await waitRAF()
  210 |     expect($sidebar.element.tagName).toBe('DIV')
> 211 |     expect($sidebar.element).not.toBeVisible()
      |    ^ Duplicate Assert
  212 |
  213 |     await wrapper.setProps({ noCloseOnEsc: true })
  214 |     wrapper.vm.$root.$emit(ROOT_ACTION_EVENT_NAME_TOGGLE, 'test-esc')"
/home/gabriel/Disk/Research/research-javascript-test-smells/repositories/bootstrap-vue-dev/src/components/sidebar/sidebar.spec.js,Duplicate Assert,"{'line': 217, 'column': 4, 'index': 6670}","  215 |     await waitRAF()
  216 |     await waitRAF()
> 217 |     expect($sidebar.element.tagName).toBe('DIV')
      |    ^ Duplicate Assert
  218 |     expect($sidebar.element).toBeVisible()
  219 |
  220 |     await wrapper.trigger('keydown.esc')"
/home/gabriel/Disk/Research/research-javascript-test-smells/repositories/bootstrap-vue-dev/src/components/sidebar/sidebar.spec.js,Duplicate Assert,"{'line': 217, 'column': 4, 'index': 6670}","  215 |     await waitRAF()
  216 |     await waitRAF()
> 217 |     expect($sidebar.element.tagName).toBe('DIV')
      |    ^ Duplicate Assert
  218 |     expect($sidebar.element).toBeVisible()
  219 |
  220 |     await wrapper.trigger('keydown.esc')"
/home/gabriel/Disk/Research/research-javascript-test-smells/repositories/bootstrap-vue-dev/src/components/sidebar/sidebar.spec.js,Duplicate Assert,"{'line': 218, 'column': 4, 'index': 6719}","  216 |     await waitRAF()
  217 |     expect($sidebar.element.tagName).toBe('DIV')
> 218 |     expect($sidebar.element).toBeVisible()
      |    ^ Duplicate Assert
  219 |
  220 |     await wrapper.trigger('keydown.esc')
  221 |     await waitRAF()"
/home/gabriel/Disk/Research/research-javascript-test-smells/repositories/bootstrap-vue-dev/src/components/sidebar/sidebar.spec.js,Duplicate Assert,"{'line': 223, 'column': 4, 'index': 6844}","  221 |     await waitRAF()
  222 |     await waitRAF()
> 223 |     expect($sidebar.element.tagName).toBe('DIV')
      |    ^ Duplicate Assert
  224 |     expect($sidebar.element).toBeVisible()
  225 |
  226 |     wrapper.destroy()"
/home/gabriel/Disk/Research/research-javascript-test-smells/repositories/bootstrap-vue-dev/src/components/sidebar/sidebar.spec.js,Duplicate Assert,"{'line': 223, 'column': 4, 'index': 6844}","  221 |     await waitRAF()
  222 |     await waitRAF()
> 223 |     expect($sidebar.element.tagName).toBe('DIV')
      |    ^ Duplicate Assert
  224 |     expect($sidebar.element).toBeVisible()
  225 |
  226 |     wrapper.destroy()"
/home/gabriel/Disk/Research/research-javascript-test-smells/repositories/bootstrap-vue-dev/src/components/sidebar/sidebar.spec.js,Duplicate Assert,"{'line': 224, 'column': 4, 'index': 6893}","  222 |     await waitRAF()
  223 |     expect($sidebar.element.tagName).toBe('DIV')
> 224 |     expect($sidebar.element).toBeVisible()
      |    ^ Duplicate Assert
  225 |
  226 |     wrapper.destroy()
  227 |   })"
/home/gabriel/Disk/Research/research-javascript-test-smells/repositories/bootstrap-vue-dev/src/components/sidebar/sidebar.spec.js,Duplicate Assert,"{'line': 248, 'column': 4, 'index': 7642}","  246 |     expect(rootWrapper.emitted(ROOT_EVENT_NAME_STATE)[0][0]).toBe('test-sync') // ID
  247 |     expect(rootWrapper.emitted(ROOT_EVENT_NAME_STATE)[0][1]).toBe(true) // Visible state
> 248 |     expect(rootWrapper.emitted(ROOT_EVENT_NAME_SYNC_STATE)).toBeUndefined()
      |    ^ Duplicate Assert
  249 |
  250 |     rootWrapper.vm.$root.$emit(ROOT_ACTION_EVENT_NAME_REQUEST_STATE, 'test-sync')
  251 |     await waitNT(wrapper.vm)"
/home/gabriel/Disk/Research/research-javascript-test-smells/repositories/bootstrap-vue-dev/src/components/sidebar/sidebar.spec.js,Duplicate Assert,"{'line': 254, 'column': 4, 'index': 7870}","  252 |     await waitRAF()
  253 |     await waitRAF()
> 254 |     expect(rootWrapper.emitted(ROOT_EVENT_NAME_SYNC_STATE)).toBeDefined()
      |    ^ Duplicate Assert
  255 |     expect(rootWrapper.emitted(ROOT_EVENT_NAME_SYNC_STATE).length).toBe(1)
  256 |     expect(rootWrapper.emitted(ROOT_EVENT_NAME_SYNC_STATE)[0][0]).toBe('test-sync') // ID
  257 |     expect(rootWrapper.emitted(ROOT_EVENT_NAME_SYNC_STATE)[0][1]).toBe(true) // Visible state"
/home/gabriel/Disk/Research/research-javascript-test-smells/repositories/bootstrap-vue-dev/src/components/sidebar/sidebar.spec.js,Duplicate Assert,"{'line': 312, 'column': 4, 'index': 9716}","  310 |
  311 |     expect(wrapper.vm).toBeDefined()
> 312 |     expect(wrapper.element.tagName).toBe('DIV')
      |    ^ Duplicate Assert
  313 |     expect(wrapper.find('.b-sidebar-header').exists()).toBe(true)
  314 |     expect(wrapper.find('.b-sidebar-body').exists()).toBe(false)
  315 |     expect(wrapper.find('.b-sidebar-footer').exists()).toBe(false)"
/home/gabriel/Disk/Research/research-javascript-test-smells/repositories/bootstrap-vue-dev/src/components/sidebar/sidebar.spec.js,Duplicate Assert,"{'line': 312, 'column': 4, 'index': 9716}","  310 |
  311 |     expect(wrapper.vm).toBeDefined()
> 312 |     expect(wrapper.element.tagName).toBe('DIV')
      |    ^ Duplicate Assert
  313 |     expect(wrapper.find('.b-sidebar-header').exists()).toBe(true)
  314 |     expect(wrapper.find('.b-sidebar-body').exists()).toBe(false)
  315 |     expect(wrapper.find('.b-sidebar-footer').exists()).toBe(false)"
/home/gabriel/Disk/Research/research-javascript-test-smells/repositories/bootstrap-vue-dev/src/components/sidebar/sidebar.spec.js,Duplicate Assert,"{'line': 313, 'column': 4, 'index': 9764}","  311 |     expect(wrapper.vm).toBeDefined()
  312 |     expect(wrapper.element.tagName).toBe('DIV')
> 313 |     expect(wrapper.find('.b-sidebar-header').exists()).toBe(true)
      |    ^ Duplicate Assert
  314 |     expect(wrapper.find('.b-sidebar-body').exists()).toBe(false)
  315 |     expect(wrapper.find('.b-sidebar-footer').exists()).toBe(false)
  316 |"
/home/gabriel/Disk/Research/research-javascript-test-smells/repositories/bootstrap-vue-dev/src/components/sidebar/sidebar.spec.js,Duplicate Assert,"{'line': 313, 'column': 4, 'index': 9764}","  311 |     expect(wrapper.vm).toBeDefined()
  312 |     expect(wrapper.element.tagName).toBe('DIV')
> 313 |     expect(wrapper.find('.b-sidebar-header').exists()).toBe(true)
      |    ^ Duplicate Assert
  314 |     expect(wrapper.find('.b-sidebar-body').exists()).toBe(false)
  315 |     expect(wrapper.find('.b-sidebar-footer').exists()).toBe(false)
  316 |"
/home/gabriel/Disk/Research/research-javascript-test-smells/repositories/bootstrap-vue-dev/src/components/sidebar/sidebar.spec.js,Duplicate Assert,"{'line': 314, 'column': 4, 'index': 9830}","  312 |     expect(wrapper.element.tagName).toBe('DIV')
  313 |     expect(wrapper.find('.b-sidebar-header').exists()).toBe(true)
> 314 |     expect(wrapper.find('.b-sidebar-body').exists()).toBe(false)
      |    ^ Duplicate Assert
  315 |     expect(wrapper.find('.b-sidebar-footer').exists()).toBe(false)
  316 |
  317 |     await wrapper.setProps({ visible: true })"
/home/gabriel/Disk/Research/research-javascript-test-smells/repositories/bootstrap-vue-dev/src/components/sidebar/sidebar.spec.js,Duplicate Assert,"{'line': 315, 'column': 4, 'index': 9895}","  313 |     expect(wrapper.find('.b-sidebar-header').exists()).toBe(true)
  314 |     expect(wrapper.find('.b-sidebar-body').exists()).toBe(false)
> 315 |     expect(wrapper.find('.b-sidebar-footer').exists()).toBe(false)
      |    ^ Duplicate Assert
  316 |
  317 |     await wrapper.setProps({ visible: true })
  318 |     await waitRAF()"
/home/gabriel/Disk/Research/research-javascript-test-smells/repositories/bootstrap-vue-dev/src/components/sidebar/sidebar.spec.js,Duplicate Assert,"{'line': 315, 'column': 4, 'index': 9895}","  313 |     expect(wrapper.find('.b-sidebar-header').exists()).toBe(true)
  314 |     expect(wrapper.find('.b-sidebar-body').exists()).toBe(false)
> 315 |     expect(wrapper.find('.b-sidebar-footer').exists()).toBe(false)
      |    ^ Duplicate Assert
  316 |
  317 |     await wrapper.setProps({ visible: true })
  318 |     await waitRAF()"
/home/gabriel/Disk/Research/research-javascript-test-smells/repositories/bootstrap-vue-dev/src/components/sidebar/sidebar.spec.js,Duplicate Assert,"{'line': 320, 'column': 4, 'index': 10049}","  318 |     await waitRAF()
  319 |     await waitRAF()
> 320 |     expect(wrapper.element.tagName).toBe('DIV')
      |    ^ Duplicate Assert
  321 |     expect(wrapper.find('.b-sidebar-header').exists()).toBe(true)
  322 |     expect(wrapper.find('.b-sidebar-body').exists()).toBe(true)
  323 |     expect(wrapper.find('.b-sidebar-footer').exists()).toBe(false)"
/home/gabriel/Disk/Research/research-javascript-test-smells/repositories/bootstrap-vue-dev/src/components/sidebar/sidebar.spec.js,Duplicate Assert,"{'line': 320, 'column': 4, 'index': 10049}","  318 |     await waitRAF()
  319 |     await waitRAF()
> 320 |     expect(wrapper.element.tagName).toBe('DIV')
      |    ^ Duplicate Assert
  321 |     expect(wrapper.find('.b-sidebar-header').exists()).toBe(true)
  322 |     expect(wrapper.find('.b-sidebar-body').exists()).toBe(true)
  323 |     expect(wrapper.find('.b-sidebar-footer').exists()).toBe(false)"
/home/gabriel/Disk/Research/research-javascript-test-smells/repositories/bootstrap-vue-dev/src/components/sidebar/sidebar.spec.js,Duplicate Assert,"{'line': 321, 'column': 4, 'index': 10097}","  319 |     await waitRAF()
  320 |     expect(wrapper.element.tagName).toBe('DIV')
> 321 |     expect(wrapper.find('.b-sidebar-header').exists()).toBe(true)
      |    ^ Duplicate Assert
  322 |     expect(wrapper.find('.b-sidebar-body').exists()).toBe(true)
  323 |     expect(wrapper.find('.b-sidebar-footer').exists()).toBe(false)
  324 |"
/home/gabriel/Disk/Research/research-javascript-test-smells/repositories/bootstrap-vue-dev/src/components/sidebar/sidebar.spec.js,Duplicate Assert,"{'line': 321, 'column': 4, 'index': 10097}","  319 |     await waitRAF()
  320 |     expect(wrapper.element.tagName).toBe('DIV')
> 321 |     expect(wrapper.find('.b-sidebar-header').exists()).toBe(true)
      |    ^ Duplicate Assert
  322 |     expect(wrapper.find('.b-sidebar-body').exists()).toBe(true)
  323 |     expect(wrapper.find('.b-sidebar-footer').exists()).toBe(false)
  324 |"
/home/gabriel/Disk/Research/research-javascript-test-smells/repositories/bootstrap-vue-dev/src/components/sidebar/sidebar.spec.js,Duplicate Assert,"{'line': 322, 'column': 4, 'index': 10163}","  320 |     expect(wrapper.element.tagName).toBe('DIV')
  321 |     expect(wrapper.find('.b-sidebar-header').exists()).toBe(true)
> 322 |     expect(wrapper.find('.b-sidebar-body').exists()).toBe(true)
      |    ^ Duplicate Assert
  323 |     expect(wrapper.find('.b-sidebar-footer').exists()).toBe(false)
  324 |
  325 |     wrapper.destroy()"
/home/gabriel/Disk/Research/research-javascript-test-smells/repositories/bootstrap-vue-dev/src/components/sidebar/sidebar.spec.js,Duplicate Assert,"{'line': 323, 'column': 4, 'index': 10227}","  321 |     expect(wrapper.find('.b-sidebar-header').exists()).toBe(true)
  322 |     expect(wrapper.find('.b-sidebar-body').exists()).toBe(true)
> 323 |     expect(wrapper.find('.b-sidebar-footer').exists()).toBe(false)
      |    ^ Duplicate Assert
  324 |
  325 |     wrapper.destroy()
  326 |   })"
/home/gabriel/Disk/Research/research-javascript-test-smells/repositories/bootstrap-vue-dev/src/components/sidebar/sidebar.spec.js,Duplicate Assert,"{'line': 323, 'column': 4, 'index': 10227}","  321 |     expect(wrapper.find('.b-sidebar-header').exists()).toBe(true)
  322 |     expect(wrapper.find('.b-sidebar-body').exists()).toBe(true)
> 323 |     expect(wrapper.find('.b-sidebar-footer').exists()).toBe(false)
      |    ^ Duplicate Assert
  324 |
  325 |     wrapper.destroy()
  326 |   })"
/home/gabriel/Disk/Research/research-javascript-test-smells/repositories/bootstrap-vue-dev/src/components/sidebar/sidebar.spec.js,Duplicate Assert,"{'line': 350, 'column': 4, 'index': 11011}","  348 |     expect($header.find('strong').exists()).toBe(false)
  349 |     expect($header.find('button').exists()).toBe(false)
> 350 |     expect($header.text()).toContain('Custom header')
      |    ^ Duplicate Assert
  351 |     expect($header.text()).not.toContain('TITLE')
  352 |
  353 |     expect(wrapper.find('.b-sidebar-footer').exists()).toBe(false)"
/home/gabriel/Disk/Research/research-javascript-test-smells/repositories/bootstrap-vue-dev/src/components/sidebar/sidebar.spec.js,Duplicate Assert,"{'line': 351, 'column': 4, 'index': 11065}","  349 |     expect($header.find('button').exists()).toBe(false)
  350 |     expect($header.text()).toContain('Custom header')
> 351 |     expect($header.text()).not.toContain('TITLE')
      |    ^ Duplicate Assert
  352 |
  353 |     expect(wrapper.find('.b-sidebar-footer').exists()).toBe(false)
  354 |"
/home/gabriel/Disk/Research/research-javascript-test-smells/repositories/bootstrap-vue-dev/src/components/sidebar/sidebar.spec.js,Magic Number,"{'line': 245, 'column': 67, 'index': 7461}","  243 |     await waitRAF()
  244 |     expect(rootWrapper.emitted(ROOT_EVENT_NAME_STATE)).toBeDefined()
> 245 |     expect(rootWrapper.emitted(ROOT_EVENT_NAME_STATE).length).toBe(1)
      |                                                                   ^ Magic Number
  246 |     expect(rootWrapper.emitted(ROOT_EVENT_NAME_STATE)[0][0]).toBe('test-sync') // ID
  247 |     expect(rootWrapper.emitted(ROOT_EVENT_NAME_STATE)[0][1]).toBe(true) // Visible state
  248 |     expect(rootWrapper.emitted(ROOT_EVENT_NAME_SYNC_STATE)).toBeUndefined()"
/home/gabriel/Disk/Research/research-javascript-test-smells/repositories/bootstrap-vue-dev/src/components/sidebar/sidebar.spec.js,Magic Number,"{'line': 255, 'column': 72, 'index': 8012}","  253 |     await waitRAF()
  254 |     expect(rootWrapper.emitted(ROOT_EVENT_NAME_SYNC_STATE)).toBeDefined()
> 255 |     expect(rootWrapper.emitted(ROOT_EVENT_NAME_SYNC_STATE).length).toBe(1)
      |                                                                        ^ Magic Number
  256 |     expect(rootWrapper.emitted(ROOT_EVENT_NAME_SYNC_STATE)[0][0]).toBe('test-sync') // ID
  257 |     expect(rootWrapper.emitted(ROOT_EVENT_NAME_SYNC_STATE)[0][1]).toBe(true) // Visible state
  258 |"
/home/gabriel/Disk/Research/research-javascript-test-smells/repositories/bootstrap-vue-dev/src/components/progress/progress.spec.js,Duplicate Assert,"{'line': 62, 'column': 4, 'index': 2096}","  60 |     expect($bar.attributes('aria-valuenow')).toBe('25')
  61 |     expect($bar.attributes('style')).toBe('width: 50%;')
> 62 |     expect($bar.classes()).toContain('bg-success')
     |    ^ Duplicate Assert
  63 |     expect($bar.classes()).toContain('progress-bar')
  64 |     expect($bar.classes()).toContain('progress-bar-striped')
  65 |     expect($bar.classes()).toContain('progress-bar-animated')"
/home/gabriel/Disk/Research/research-javascript-test-smells/repositories/bootstrap-vue-dev/src/components/progress/progress.spec.js,Duplicate Assert,"{'line': 63, 'column': 4, 'index': 2147}","  61 |     expect($bar.attributes('style')).toBe('width: 50%;')
  62 |     expect($bar.classes()).toContain('bg-success')
> 63 |     expect($bar.classes()).toContain('progress-bar')
     |    ^ Duplicate Assert
  64 |     expect($bar.classes()).toContain('progress-bar-striped')
  65 |     expect($bar.classes()).toContain('progress-bar-animated')
  66 |     expect($bar.classes().length).toBe(4)"
/home/gabriel/Disk/Research/research-javascript-test-smells/repositories/bootstrap-vue-dev/src/components/progress/progress.spec.js,Duplicate Assert,"{'line': 64, 'column': 4, 'index': 2200}","  62 |     expect($bar.classes()).toContain('bg-success')
  63 |     expect($bar.classes()).toContain('progress-bar')
> 64 |     expect($bar.classes()).toContain('progress-bar-striped')
     |    ^ Duplicate Assert
  65 |     expect($bar.classes()).toContain('progress-bar-animated')
  66 |     expect($bar.classes().length).toBe(4)
  67 |     expect($bar.text()).toEqual('25')"
/home/gabriel/Disk/Research/research-javascript-test-smells/repositories/bootstrap-vue-dev/src/components/progress/progress.spec.js,Duplicate Assert,"{'line': 65, 'column': 4, 'index': 2261}","  63 |     expect($bar.classes()).toContain('progress-bar')
  64 |     expect($bar.classes()).toContain('progress-bar-striped')
> 65 |     expect($bar.classes()).toContain('progress-bar-animated')
     |    ^ Duplicate Assert
  66 |     expect($bar.classes().length).toBe(4)
  67 |     expect($bar.text()).toEqual('25')
  68 |"
/home/gabriel/Disk/Research/research-javascript-test-smells/repositories/bootstrap-vue-dev/src/components/progress/progress.spec.js,Magic Number,"{'line': 12, 'column': 57, 'index': 433}","  10 |     expect(wrapper.classes()).toContain('progress')
  11 |     expect(wrapper.text()).toEqual('')
> 12 |     expect(wrapper.findAll('.progress-bar').length).toBe(1)
     |                                                         ^ Magic Number
  13 |     const $bar = wrapper.find('.progress-bar')
  14 |     expect($bar.element.tagName).toBe('DIV')
  15 |     expect($bar.attributes('role')).toBe('progressbar')"
/home/gabriel/Disk/Research/research-javascript-test-smells/repositories/bootstrap-vue-dev/src/components/progress/progress.spec.js,Magic Number,"{'line': 35, 'column': 57, 'index': 1234}","  33 |     expect(wrapper.classes()).toContain('progress')
  34 |     expect(wrapper.text()).toEqual('foobar')
> 35 |     expect(wrapper.findAll('.progress-bar').length).toBe(0)
     |                                                         ^ Magic Number
  36 |   })
  37 |
  38 |   it('has progress-bar child with expected parameters', async () => {"
/home/gabriel/Disk/Research/research-javascript-test-smells/repositories/bootstrap-vue-dev/src/components/progress/progress.spec.js,Magic Number,"{'line': 53, 'column': 57, 'index': 1716}","  51 |     expect(wrapper.element.tagName).toBe('DIV')
  52 |     expect(wrapper.classes()).toContain('progress')
> 53 |     expect(wrapper.findAll('.progress-bar').length).toBe(1)
     |                                                         ^ Magic Number
  54 |
  55 |     const $bar = wrapper.find('.progress-bar')
  56 |     expect($bar.element.tagName).toBe('DIV')"
/home/gabriel/Disk/Research/research-javascript-test-smells/repositories/bootstrap-vue-dev/src/components/progress/progress.spec.js,Magic Number,"{'line': 66, 'column': 39, 'index': 2358}","  64 |     expect($bar.classes()).toContain('progress-bar-striped')
  65 |     expect($bar.classes()).toContain('progress-bar-animated')
> 66 |     expect($bar.classes().length).toBe(4)
     |                                       ^ Magic Number
  67 |     expect($bar.text()).toEqual('25')
  68 |
  69 |     wrapper.destroy()"
/home/gabriel/Disk/Research/research-javascript-test-smells/repositories/bootstrap-vue-dev/src/components/progress/progress-bar.spec.js,Duplicate Assert,"{'line': 9, 'column': 4, 'index': 272}","   7 |
   8 |     expect(wrapper.element.tagName).toBe('DIV')
>  9 |     expect(wrapper.classes()).toContain('progress-bar')
     |    ^ Duplicate Assert
  10 |     expect(wrapper.attributes('role')).toBe('progressbar')
  11 |     expect(wrapper.attributes('aria-valuemin')).toBe('0')
  12 |     expect(wrapper.attributes('aria-valuemax')).toBe('100')"
/home/gabriel/Disk/Research/research-javascript-test-smells/repositories/bootstrap-vue-dev/src/components/progress/progress-bar.spec.js,Duplicate Assert,"{'line': 16, 'column': 4, 'index': 628}","  14 |     expect(wrapper.attributes('style')).toContain('width: 0%;')
  15 |
> 16 |     expect(wrapper.classes()).not.toContain('progress-bar-striped')
     |    ^ Duplicate Assert
  17 |     expect(wrapper.classes()).not.toContain('progress-bar-animated')
  18 |
  19 |     // Should not have a label"
/home/gabriel/Disk/Research/research-javascript-test-smells/repositories/bootstrap-vue-dev/src/components/progress/progress-bar.spec.js,Duplicate Assert,"{'line': 17, 'column': 4, 'index': 696}","  15 |
  16 |     expect(wrapper.classes()).not.toContain('progress-bar-striped')
> 17 |     expect(wrapper.classes()).not.toContain('progress-bar-animated')
     |    ^ Duplicate Assert
  18 |
  19 |     // Should not have a label
  20 |     expect(wrapper.text()).toBe('')"
/home/gabriel/Disk/Research/research-javascript-test-smells/repositories/bootstrap-vue-dev/src/components/progress/progress-bar.spec.js,Duplicate Assert,"{'line': 32, 'column': 4, 'index': 1030}","  30 |     })
  31 |
> 32 |     expect(wrapper.classes()).toContain('bg-primary')
     |    ^ Duplicate Assert
  33 |     expect(wrapper.classes()).toContain('progress-bar')
  34 |
  35 |     wrapper.destroy()"
/home/gabriel/Disk/Research/research-javascript-test-smells/repositories/bootstrap-vue-dev/src/components/progress/progress-bar.spec.js,Duplicate Assert,"{'line': 33, 'column': 4, 'index': 1084}","  31 |
  32 |     expect(wrapper.classes()).toContain('bg-primary')
> 33 |     expect(wrapper.classes()).toContain('progress-bar')
     |    ^ Duplicate Assert
  34 |
  35 |     wrapper.destroy()
  36 |   })"
/home/gabriel/Disk/Research/research-javascript-test-smells/repositories/bootstrap-vue-dev/src/components/progress/progress-bar.spec.js,Duplicate Assert,"{'line': 47, 'column': 4, 'index': 1378}","  45 |     })
  46 |
> 47 |     expect(wrapper.classes()).toContain('bg-info')
     |    ^ Duplicate Assert
  48 |     expect(wrapper.classes()).toContain('progress-bar')
  49 |
  50 |     wrapper.destroy()"
/home/gabriel/Disk/Research/research-javascript-test-smells/repositories/bootstrap-vue-dev/src/components/progress/progress-bar.spec.js,Duplicate Assert,"{'line': 48, 'column': 4, 'index': 1429}","  46 |
  47 |     expect(wrapper.classes()).toContain('bg-info')
> 48 |     expect(wrapper.classes()).toContain('progress-bar')
     |    ^ Duplicate Assert
  49 |
  50 |     wrapper.destroy()
  51 |   })"
/home/gabriel/Disk/Research/research-javascript-test-smells/repositories/bootstrap-vue-dev/src/components/progress/progress-bar.spec.js,Duplicate Assert,"{'line': 65, 'column': 4, 'index': 1806}","  63 |     })
  64 |
> 65 |     expect(wrapper.classes()).toContain('bg-primary')
     |    ^ Duplicate Assert
  66 |     expect(wrapper.classes()).toContain('progress-bar')
  67 |
  68 |     wrapper.destroy()"
/home/gabriel/Disk/Research/research-javascript-test-smells/repositories/bootstrap-vue-dev/src/components/progress/progress-bar.spec.js,Duplicate Assert,"{'line': 66, 'column': 4, 'index': 1860}","  64 |
  65 |     expect(wrapper.classes()).toContain('bg-primary')
> 66 |     expect(wrapper.classes()).toContain('progress-bar')
     |    ^ Duplicate Assert
  67 |
  68 |     wrapper.destroy()
  69 |   })"
/home/gabriel/Disk/Research/research-javascript-test-smells/repositories/bootstrap-vue-dev/src/components/progress/progress-bar.spec.js,Duplicate Assert,"{'line': 77, 'column': 4, 'index': 2118}","  75 |     })
  76 |
> 77 |     expect(wrapper.classes()).toContain('progress-bar-striped')
     |    ^ Duplicate Assert
  78 |     expect(wrapper.classes()).toContain('progress-bar')
  79 |
  80 |     wrapper.destroy()"
/home/gabriel/Disk/Research/research-javascript-test-smells/repositories/bootstrap-vue-dev/src/components/progress/progress-bar.spec.js,Duplicate Assert,"{'line': 78, 'column': 4, 'index': 2182}","  76 |
  77 |     expect(wrapper.classes()).toContain('progress-bar-striped')
> 78 |     expect(wrapper.classes()).toContain('progress-bar')
     |    ^ Duplicate Assert
  79 |
  80 |     wrapper.destroy()
  81 |   })"
/home/gabriel/Disk/Research/research-javascript-test-smells/repositories/bootstrap-vue-dev/src/components/progress/progress-bar.spec.js,Duplicate Assert,"{'line': 92, 'column': 4, 'index': 2491}","  90 |     })
  91 |
> 92 |     expect(wrapper.classes()).toContain('progress-bar-striped')
     |    ^ Duplicate Assert
  93 |     expect(wrapper.classes()).toContain('progress-bar')
  94 |
  95 |     wrapper.destroy()"
/home/gabriel/Disk/Research/research-javascript-test-smells/repositories/bootstrap-vue-dev/src/components/progress/progress-bar.spec.js,Duplicate Assert,"{'line': 93, 'column': 4, 'index': 2555}","  91 |
  92 |     expect(wrapper.classes()).toContain('progress-bar-striped')
> 93 |     expect(wrapper.classes()).toContain('progress-bar')
     |    ^ Duplicate Assert
  94 |
  95 |     wrapper.destroy()
  96 |   })"
/home/gabriel/Disk/Research/research-javascript-test-smells/repositories/bootstrap-vue-dev/src/components/progress/progress-bar.spec.js,Duplicate Assert,"{'line': 105, 'column': 4, 'index': 2842}","  103 |     })
  104 |
> 105 |     expect(wrapper.classes()).toContain('progress-bar-animated')
      |    ^ Duplicate Assert
  106 |     expect(wrapper.classes()).toContain('progress-bar-striped')
  107 |     expect(wrapper.classes()).toContain('progress-bar')
  108 |"
/home/gabriel/Disk/Research/research-javascript-test-smells/repositories/bootstrap-vue-dev/src/components/progress/progress-bar.spec.js,Duplicate Assert,"{'line': 106, 'column': 4, 'index': 2907}","  104 |
  105 |     expect(wrapper.classes()).toContain('progress-bar-animated')
> 106 |     expect(wrapper.classes()).toContain('progress-bar-striped')
      |    ^ Duplicate Assert
  107 |     expect(wrapper.classes()).toContain('progress-bar')
  108 |
  109 |     wrapper.destroy()"
/home/gabriel/Disk/Research/research-javascript-test-smells/repositories/bootstrap-vue-dev/src/components/progress/progress-bar.spec.js,Duplicate Assert,"{'line': 107, 'column': 4, 'index': 2971}","  105 |     expect(wrapper.classes()).toContain('progress-bar-animated')
  106 |     expect(wrapper.classes()).toContain('progress-bar-striped')
> 107 |     expect(wrapper.classes()).toContain('progress-bar')
      |    ^ Duplicate Assert
  108 |
  109 |     wrapper.destroy()
  110 |   })"
/home/gabriel/Disk/Research/research-javascript-test-smells/repositories/bootstrap-vue-dev/src/components/progress/progress-bar.spec.js,Duplicate Assert,"{'line': 121, 'column': 4, 'index': 3308}","  119 |     })
  120 |
> 121 |     expect(wrapper.classes()).toContain('progress-bar-animated')
      |    ^ Duplicate Assert
  122 |     expect(wrapper.classes()).toContain('progress-bar-striped')
  123 |     expect(wrapper.classes()).toContain('progress-bar')
  124 |"
/home/gabriel/Disk/Research/research-javascript-test-smells/repositories/bootstrap-vue-dev/src/components/progress/progress-bar.spec.js,Duplicate Assert,"{'line': 122, 'column': 4, 'index': 3373}","  120 |
  121 |     expect(wrapper.classes()).toContain('progress-bar-animated')
> 122 |     expect(wrapper.classes()).toContain('progress-bar-striped')
      |    ^ Duplicate Assert
  123 |     expect(wrapper.classes()).toContain('progress-bar')
  124 |
  125 |     wrapper.destroy()"
/home/gabriel/Disk/Research/research-javascript-test-smells/repositories/bootstrap-vue-dev/src/components/progress/progress-bar.spec.js,Duplicate Assert,"{'line': 123, 'column': 4, 'index': 3437}","  121 |     expect(wrapper.classes()).toContain('progress-bar-animated')
  122 |     expect(wrapper.classes()).toContain('progress-bar-striped')
> 123 |     expect(wrapper.classes()).toContain('progress-bar')
      |    ^ Duplicate Assert
  124 |
  125 |     wrapper.destroy()
  126 |   })"
/home/gabriel/Disk/Research/research-javascript-test-smells/repositories/bootstrap-vue-dev/src/components/popover/popover.spec.js,Duplicate Assert,"{'line': 113, 'column': 4, 'index': 2984}","  111 |
  112 |     expect(wrapper.element.tagName).toBe('ARTICLE')
> 113 |     expect(wrapper.attributes('id')).toBeDefined()
      |    ^ Duplicate Assert
  114 |     expect(wrapper.attributes('id')).toEqual('wrapper')
  115 |
  116 |     // The trigger button"
/home/gabriel/Disk/Research/research-javascript-test-smells/repositories/bootstrap-vue-dev/src/components/popover/popover.spec.js,Duplicate Assert,"{'line': 114, 'column': 4, 'index': 3035}","  112 |     expect(wrapper.element.tagName).toBe('ARTICLE')
  113 |     expect(wrapper.attributes('id')).toBeDefined()
> 114 |     expect(wrapper.attributes('id')).toEqual('wrapper')
      |    ^ Duplicate Assert
  115 |
  116 |     // The trigger button
  117 |     const $button = wrapper.find('button')"
/home/gabriel/Disk/Research/research-javascript-test-smells/repositories/bootstrap-vue-dev/src/components/popover/popover.spec.js,Duplicate Assert,"{'line': 119, 'column': 4, 'index': 3201}","  117 |     const $button = wrapper.find('button')
  118 |     expect($button.exists()).toBe(true)
> 119 |     expect($button.attributes('id')).toBeDefined()
      |    ^ Duplicate Assert
  120 |     expect($button.attributes('id')).toEqual('foo')
  121 |     expect($button.attributes('aria-describedby')).toBeUndefined()
  122 |"
/home/gabriel/Disk/Research/research-javascript-test-smells/repositories/bootstrap-vue-dev/src/components/popover/popover.spec.js,Duplicate Assert,"{'line': 120, 'column': 4, 'index': 3252}","  118 |     expect($button.exists()).toBe(true)
  119 |     expect($button.attributes('id')).toBeDefined()
> 120 |     expect($button.attributes('id')).toEqual('foo')
      |    ^ Duplicate Assert
  121 |     expect($button.attributes('aria-describedby')).toBeUndefined()
  122 |
  123 |     // <b-popover> wrapper"
/home/gabriel/Disk/Research/research-javascript-test-smells/repositories/bootstrap-vue-dev/src/components/popover/popover.spec.js,Duplicate Assert,"{'line': 154, 'column': 4, 'index': 4147}","  152 |
  153 |     expect(wrapper.element.tagName).toBe('ARTICLE')
> 154 |     expect(wrapper.attributes('id')).toBeDefined()
      |    ^ Duplicate Assert
  155 |     expect(wrapper.attributes('id')).toEqual('wrapper')
  156 |
  157 |     // The trigger button"
/home/gabriel/Disk/Research/research-javascript-test-smells/repositories/bootstrap-vue-dev/src/components/popover/popover.spec.js,Duplicate Assert,"{'line': 155, 'column': 4, 'index': 4198}","  153 |     expect(wrapper.element.tagName).toBe('ARTICLE')
  154 |     expect(wrapper.attributes('id')).toBeDefined()
> 155 |     expect(wrapper.attributes('id')).toEqual('wrapper')
      |    ^ Duplicate Assert
  156 |
  157 |     // The trigger button
  158 |     const $button = wrapper.find('button')"
/home/gabriel/Disk/Research/research-javascript-test-smells/repositories/bootstrap-vue-dev/src/components/popover/popover.spec.js,Duplicate Assert,"{'line': 160, 'column': 4, 'index': 4364}","  158 |     const $button = wrapper.find('button')
  159 |     expect($button.exists()).toBe(true)
> 160 |     expect($button.attributes('id')).toBeDefined()
      |    ^ Duplicate Assert
  161 |     expect($button.attributes('id')).toEqual('foo')
  162 |     expect($button.attributes('data-original-title')).toBeUndefined()
  163 |     // ID of the tooltip that will be in the body"
/home/gabriel/Disk/Research/research-javascript-test-smells/repositories/bootstrap-vue-dev/src/components/popover/popover.spec.js,Duplicate Assert,"{'line': 161, 'column': 4, 'index': 4415}","  159 |     expect($button.exists()).toBe(true)
  160 |     expect($button.attributes('id')).toBeDefined()
> 161 |     expect($button.attributes('id')).toEqual('foo')
      |    ^ Duplicate Assert
  162 |     expect($button.attributes('data-original-title')).toBeUndefined()
  163 |     // ID of the tooltip that will be in the body
  164 |     const $adb = $button.attributes('aria-describedby')"
/home/gabriel/Disk/Research/research-javascript-test-smells/repositories/bootstrap-vue-dev/src/components/popover/popover.spec.js,Duplicate Assert,"{'line': 173, 'column': 4, 'index': 4932}","  171 |     // Find the popover element in the document
  172 |     const $tip = document.getElementById($adb)
> 173 |     expect($tip).not.toBe(null)
      |    ^ Duplicate Assert
  174 |     expect($tip).toBeInstanceOf(HTMLElement)
  175 |     expect($tip.tagName).toEqual('DIV')
  176 |     expect($tip.getAttribute('id')).toEqual('bar')"
/home/gabriel/Disk/Research/research-javascript-test-smells/repositories/bootstrap-vue-dev/src/components/popover/popover.spec.js,Duplicate Assert,"{'line': 174, 'column': 4, 'index': 4964}","  172 |     const $tip = document.getElementById($adb)
  173 |     expect($tip).not.toBe(null)
> 174 |     expect($tip).toBeInstanceOf(HTMLElement)
      |    ^ Duplicate Assert
  175 |     expect($tip.tagName).toEqual('DIV')
  176 |     expect($tip.getAttribute('id')).toEqual('bar')
  177 |     expect($tip.getAttribute('data-foo')).toEqual('bar')"
/home/gabriel/Disk/Research/research-javascript-test-smells/repositories/bootstrap-vue-dev/src/components/pagination-nav/pagination-nav.spec.js,Conditional Test Logic,"{'line': 415, 'column': 10, 'index': 13798}","  413 |         onPageClick(bvEvent, page) {
  414 |           // Prevent 3rd page from being selected
> 415 |           if (page === 3) {
      |          ^ Conditional Test Logic
  416 |             bvEvent.preventDefault()
  417 |           }
  418 |         }"
/home/gabriel/Disk/Research/research-javascript-test-smells/repositories/bootstrap-vue-dev/src/components/pagination-nav/pagination-nav.spec.js,Duplicate Assert,"{'line': 38, 'column': 4, 'index': 1239}","  36 |
  37 |     // UL Classes
> 38 |     expect($ul.classes()).toContain('pagination')
     |    ^ Duplicate Assert
  39 |     expect($ul.classes()).toContain('b-pagination')
  40 |     expect($ul.classes()).not.toContain('pagination-sm')
  41 |     expect($ul.classes()).not.toContain('pagination-lg')"
/home/gabriel/Disk/Research/research-javascript-test-smells/repositories/bootstrap-vue-dev/src/components/pagination-nav/pagination-nav.spec.js,Duplicate Assert,"{'line': 39, 'column': 4, 'index': 1289}","  37 |     // UL Classes
  38 |     expect($ul.classes()).toContain('pagination')
> 39 |     expect($ul.classes()).toContain('b-pagination')
     |    ^ Duplicate Assert
  40 |     expect($ul.classes()).not.toContain('pagination-sm')
  41 |     expect($ul.classes()).not.toContain('pagination-lg')
  42 |     expect($ul.classes()).not.toContain('justify-content-center')"
/home/gabriel/Disk/Research/research-javascript-test-smells/repositories/bootstrap-vue-dev/src/components/pagination-nav/pagination-nav.spec.js,Duplicate Assert,"{'line': 40, 'column': 4, 'index': 1341}","  38 |     expect($ul.classes()).toContain('pagination')
  39 |     expect($ul.classes()).toContain('b-pagination')
> 40 |     expect($ul.classes()).not.toContain('pagination-sm')
     |    ^ Duplicate Assert
  41 |     expect($ul.classes()).not.toContain('pagination-lg')
  42 |     expect($ul.classes()).not.toContain('justify-content-center')
  43 |     expect($ul.classes()).not.toContain('justify-content-end')"
/home/gabriel/Disk/Research/research-javascript-test-smells/repositories/bootstrap-vue-dev/src/components/pagination-nav/pagination-nav.spec.js,Duplicate Assert,"{'line': 41, 'column': 4, 'index': 1398}","  39 |     expect($ul.classes()).toContain('b-pagination')
  40 |     expect($ul.classes()).not.toContain('pagination-sm')
> 41 |     expect($ul.classes()).not.toContain('pagination-lg')
     |    ^ Duplicate Assert
  42 |     expect($ul.classes()).not.toContain('justify-content-center')
  43 |     expect($ul.classes()).not.toContain('justify-content-end')
  44 |     // UL Attributes"
/home/gabriel/Disk/Research/research-javascript-test-smells/repositories/bootstrap-vue-dev/src/components/pagination-nav/pagination-nav.spec.js,Duplicate Assert,"{'line': 42, 'column': 4, 'index': 1455}","  40 |     expect($ul.classes()).not.toContain('pagination-sm')
  41 |     expect($ul.classes()).not.toContain('pagination-lg')
> 42 |     expect($ul.classes()).not.toContain('justify-content-center')
     |    ^ Duplicate Assert
  43 |     expect($ul.classes()).not.toContain('justify-content-end')
  44 |     // UL Attributes
  45 |     expect($ul.attributes('role')).not.toBe('menubar')"
/home/gabriel/Disk/Research/research-javascript-test-smells/repositories/bootstrap-vue-dev/src/components/pagination-nav/pagination-nav.spec.js,Duplicate Assert,"{'line': 43, 'column': 4, 'index': 1521}","  41 |     expect($ul.classes()).not.toContain('pagination-lg')
  42 |     expect($ul.classes()).not.toContain('justify-content-center')
> 43 |     expect($ul.classes()).not.toContain('justify-content-end')
     |    ^ Duplicate Assert
  44 |     // UL Attributes
  45 |     expect($ul.attributes('role')).not.toBe('menubar')
  46 |     expect($ul.attributes('aria-disabled')).toBe('false')"
/home/gabriel/Disk/Research/research-javascript-test-smells/repositories/bootstrap-vue-dev/src/components/pagination-nav/pagination-nav.spec.js,Duplicate Assert,"{'line': 126, 'column': 4, 'index': 3995}","  124 |
  125 |     // UL Classes
> 126 |     expect($ul.classes()).toContain('pagination')
      |    ^ Duplicate Assert
  127 |     expect($ul.classes()).toContain('b-pagination')
  128 |
  129 |     // UL Attributes"
/home/gabriel/Disk/Research/research-javascript-test-smells/repositories/bootstrap-vue-dev/src/components/pagination-nav/pagination-nav.spec.js,Duplicate Assert,"{'line': 127, 'column': 4, 'index': 4045}","  125 |     // UL Classes
  126 |     expect($ul.classes()).toContain('pagination')
> 127 |     expect($ul.classes()).toContain('b-pagination')
      |    ^ Duplicate Assert
  128 |
  129 |     // UL Attributes
  130 |     expect($ul.attributes('role')).not.toBe('menubar')"
/home/gabriel/Disk/Research/research-javascript-test-smells/repositories/bootstrap-vue-dev/src/components/pagination-nav/pagination-nav.spec.js,Duplicate Assert,"{'line': 159, 'column': 4, 'index': 5030}","  157 |     expect(wrapper.element.tagName).toBe('NAV')
  158 |     let $links = wrapper.findAll('a.page-link')
> 159 |     expect($links.length).toBe(7)
      |    ^ Duplicate Assert
  160 |
  161 |     await wrapper.setProps({
  162 |       numberOfPages: 5"
/home/gabriel/Disk/Research/research-javascript-test-smells/repositories/bootstrap-vue-dev/src/components/pagination-nav/pagination-nav.spec.js,Duplicate Assert,"{'line': 167, 'column': 4, 'index': 5198}","  165 |     await waitNT(wrapper.vm)
  166 |     $links = wrapper.findAll('a.page-link')
> 167 |     expect($links.length).toBe(9)
      |    ^ Duplicate Assert
  168 |
  169 |     wrapper.destroy()
  170 |   })"
/home/gabriel/Disk/Research/research-javascript-test-smells/repositories/bootstrap-vue-dev/src/components/pagination-nav/pagination-nav.spec.js,Duplicate Assert,"{'line': 378, 'column': 4, 'index': 12370}","  376 |     expect(wrapper.element.tagName).toBe('NAV')
  377 |     let $links = wrapper.findAll('a.page-link')
> 378 |     expect($links.length).toBe(7)
      |    ^ Duplicate Assert
  379 |
  380 |     expect($links.at(0).attributes('href')).toBe('/baz?1')
  381 |     expect($links.at(1).attributes('href')).toBe('/baz?1')"
/home/gabriel/Disk/Research/research-javascript-test-smells/repositories/bootstrap-vue-dev/src/components/pagination-nav/pagination-nav.spec.js,Duplicate Assert,"{'line': 380, 'column': 4, 'index': 12405}","  378 |     expect($links.length).toBe(7)
  379 |
> 380 |     expect($links.at(0).attributes('href')).toBe('/baz?1')
      |    ^ Duplicate Assert
  381 |     expect($links.at(1).attributes('href')).toBe('/baz?1')
  382 |     expect($links.at(2).attributes('href')).toBe('/baz?1')
  383 |     expect($links.at(3).attributes('href')).toBe('/baz?2')"
/home/gabriel/Disk/Research/research-javascript-test-smells/repositories/bootstrap-vue-dev/src/components/pagination-nav/pagination-nav.spec.js,Duplicate Assert,"{'line': 380, 'column': 4, 'index': 12405}","  378 |     expect($links.length).toBe(7)
  379 |
> 380 |     expect($links.at(0).attributes('href')).toBe('/baz?1')
      |    ^ Duplicate Assert
  381 |     expect($links.at(1).attributes('href')).toBe('/baz?1')
  382 |     expect($links.at(2).attributes('href')).toBe('/baz?1')
  383 |     expect($links.at(3).attributes('href')).toBe('/baz?2')"
/home/gabriel/Disk/Research/research-javascript-test-smells/repositories/bootstrap-vue-dev/src/components/pagination-nav/pagination-nav.spec.js,Duplicate Assert,"{'line': 381, 'column': 4, 'index': 12464}","  379 |
  380 |     expect($links.at(0).attributes('href')).toBe('/baz?1')
> 381 |     expect($links.at(1).attributes('href')).toBe('/baz?1')
      |    ^ Duplicate Assert
  382 |     expect($links.at(2).attributes('href')).toBe('/baz?1')
  383 |     expect($links.at(3).attributes('href')).toBe('/baz?2')
  384 |     expect($links.at(4).attributes('href')).toBe('/baz?3')"
/home/gabriel/Disk/Research/research-javascript-test-smells/repositories/bootstrap-vue-dev/src/components/pagination-nav/pagination-nav.spec.js,Duplicate Assert,"{'line': 381, 'column': 4, 'index': 12464}","  379 |
  380 |     expect($links.at(0).attributes('href')).toBe('/baz?1')
> 381 |     expect($links.at(1).attributes('href')).toBe('/baz?1')
      |    ^ Duplicate Assert
  382 |     expect($links.at(2).attributes('href')).toBe('/baz?1')
  383 |     expect($links.at(3).attributes('href')).toBe('/baz?2')
  384 |     expect($links.at(4).attributes('href')).toBe('/baz?3')"
/home/gabriel/Disk/Research/research-javascript-test-smells/repositories/bootstrap-vue-dev/src/components/pagination-nav/pagination-nav.spec.js,Duplicate Assert,"{'line': 382, 'column': 4, 'index': 12523}","  380 |     expect($links.at(0).attributes('href')).toBe('/baz?1')
  381 |     expect($links.at(1).attributes('href')).toBe('/baz?1')
> 382 |     expect($links.at(2).attributes('href')).toBe('/baz?1')
      |    ^ Duplicate Assert
  383 |     expect($links.at(3).attributes('href')).toBe('/baz?2')
  384 |     expect($links.at(4).attributes('href')).toBe('/baz?3')
  385 |     expect($links.at(5).attributes('href')).toBe('/baz?3')"
/home/gabriel/Disk/Research/research-javascript-test-smells/repositories/bootstrap-vue-dev/src/components/pagination-nav/pagination-nav.spec.js,Duplicate Assert,"{'line': 382, 'column': 4, 'index': 12523}","  380 |     expect($links.at(0).attributes('href')).toBe('/baz?1')
  381 |     expect($links.at(1).attributes('href')).toBe('/baz?1')
> 382 |     expect($links.at(2).attributes('href')).toBe('/baz?1')
      |    ^ Duplicate Assert
  383 |     expect($links.at(3).attributes('href')).toBe('/baz?2')
  384 |     expect($links.at(4).attributes('href')).toBe('/baz?3')
  385 |     expect($links.at(5).attributes('href')).toBe('/baz?3')"
/home/gabriel/Disk/Research/research-javascript-test-smells/repositories/bootstrap-vue-dev/src/components/pagination-nav/pagination-nav.spec.js,Duplicate Assert,"{'line': 383, 'column': 4, 'index': 12582}","  381 |     expect($links.at(1).attributes('href')).toBe('/baz?1')
  382 |     expect($links.at(2).attributes('href')).toBe('/baz?1')
> 383 |     expect($links.at(3).attributes('href')).toBe('/baz?2')
      |    ^ Duplicate Assert
  384 |     expect($links.at(4).attributes('href')).toBe('/baz?3')
  385 |     expect($links.at(5).attributes('href')).toBe('/baz?3')
  386 |     expect($links.at(6).attributes('href')).toBe('/baz?3')"
/home/gabriel/Disk/Research/research-javascript-test-smells/repositories/bootstrap-vue-dev/src/components/pagination-nav/pagination-nav.spec.js,Duplicate Assert,"{'line': 383, 'column': 4, 'index': 12582}","  381 |     expect($links.at(1).attributes('href')).toBe('/baz?1')
  382 |     expect($links.at(2).attributes('href')).toBe('/baz?1')
> 383 |     expect($links.at(3).attributes('href')).toBe('/baz?2')
      |    ^ Duplicate Assert
  384 |     expect($links.at(4).attributes('href')).toBe('/baz?3')
  385 |     expect($links.at(5).attributes('href')).toBe('/baz?3')
  386 |     expect($links.at(6).attributes('href')).toBe('/baz?3')"
/home/gabriel/Disk/Research/research-javascript-test-smells/repositories/bootstrap-vue-dev/src/components/pagination-nav/pagination-nav.spec.js,Duplicate Assert,"{'line': 384, 'column': 4, 'index': 12641}","  382 |     expect($links.at(2).attributes('href')).toBe('/baz?1')
  383 |     expect($links.at(3).attributes('href')).toBe('/baz?2')
> 384 |     expect($links.at(4).attributes('href')).toBe('/baz?3')
      |    ^ Duplicate Assert
  385 |     expect($links.at(5).attributes('href')).toBe('/baz?3')
  386 |     expect($links.at(6).attributes('href')).toBe('/baz?3')
  387 |"
/home/gabriel/Disk/Research/research-javascript-test-smells/repositories/bootstrap-vue-dev/src/components/pagination-nav/pagination-nav.spec.js,Duplicate Assert,"{'line': 384, 'column': 4, 'index': 12641}","  382 |     expect($links.at(2).attributes('href')).toBe('/baz?1')
  383 |     expect($links.at(3).attributes('href')).toBe('/baz?2')
> 384 |     expect($links.at(4).attributes('href')).toBe('/baz?3')
      |    ^ Duplicate Assert
  385 |     expect($links.at(5).attributes('href')).toBe('/baz?3')
  386 |     expect($links.at(6).attributes('href')).toBe('/baz?3')
  387 |"
/home/gabriel/Disk/Research/research-javascript-test-smells/repositories/bootstrap-vue-dev/src/components/pagination-nav/pagination-nav.spec.js,Duplicate Assert,"{'line': 385, 'column': 4, 'index': 12700}","  383 |     expect($links.at(3).attributes('href')).toBe('/baz?2')
  384 |     expect($links.at(4).attributes('href')).toBe('/baz?3')
> 385 |     expect($links.at(5).attributes('href')).toBe('/baz?3')
      |    ^ Duplicate Assert
  386 |     expect($links.at(6).attributes('href')).toBe('/baz?3')
  387 |
  388 |     // Add extra page"
/home/gabriel/Disk/Research/research-javascript-test-smells/repositories/bootstrap-vue-dev/src/components/pagination-nav/pagination-nav.spec.js,Duplicate Assert,"{'line': 386, 'column': 4, 'index': 12759}","  384 |     expect($links.at(4).attributes('href')).toBe('/baz?3')
  385 |     expect($links.at(5).attributes('href')).toBe('/baz?3')
> 386 |     expect($links.at(6).attributes('href')).toBe('/baz?3')
      |    ^ Duplicate Assert
  387 |
  388 |     // Add extra page
  389 |     await wrapper.setProps({"
/home/gabriel/Disk/Research/research-javascript-test-smells/repositories/bootstrap-vue-dev/src/components/pagination-nav/pagination-nav.spec.js,Duplicate Assert,"{'line': 386, 'column': 4, 'index': 12759}","  384 |     expect($links.at(4).attributes('href')).toBe('/baz?3')
  385 |     expect($links.at(5).attributes('href')).toBe('/baz?3')
> 386 |     expect($links.at(6).attributes('href')).toBe('/baz?3')
      |    ^ Duplicate Assert
  387 |
  388 |     // Add extra page
  389 |     await wrapper.setProps({"
/home/gabriel/Disk/Research/research-javascript-test-smells/repositories/bootstrap-vue-dev/src/components/pagination-nav/pagination-nav.spec.js,Duplicate Assert,"{'line': 395, 'column': 4, 'index': 13005}","  393 |
  394 |     $links = wrapper.findAll('a.page-link')
> 395 |     expect($links.length).toBe(8)
      |    ^ Duplicate Assert
  396 |
  397 |     expect($links.at(0).attributes('href')).toBe('/baz?1')
  398 |     expect($links.at(1).attributes('href')).toBe('/baz?1')"
/home/gabriel/Disk/Research/research-javascript-test-smells/repositories/bootstrap-vue-dev/src/components/pagination-nav/pagination-nav.spec.js,Duplicate Assert,"{'line': 397, 'column': 4, 'index': 13040}","  395 |     expect($links.length).toBe(8)
  396 |
> 397 |     expect($links.at(0).attributes('href')).toBe('/baz?1')
      |    ^ Duplicate Assert
  398 |     expect($links.at(1).attributes('href')).toBe('/baz?1')
  399 |     expect($links.at(2).attributes('href')).toBe('/baz?1')
  400 |     expect($links.at(3).attributes('href')).toBe('/baz?2')"
/home/gabriel/Disk/Research/research-javascript-test-smells/repositories/bootstrap-vue-dev/src/components/pagination-nav/pagination-nav.spec.js,Duplicate Assert,"{'line': 397, 'column': 4, 'index': 13040}","  395 |     expect($links.length).toBe(8)
  396 |
> 397 |     expect($links.at(0).attributes('href')).toBe('/baz?1')
      |    ^ Duplicate Assert
  398 |     expect($links.at(1).attributes('href')).toBe('/baz?1')
  399 |     expect($links.at(2).attributes('href')).toBe('/baz?1')
  400 |     expect($links.at(3).attributes('href')).toBe('/baz?2')"
/home/gabriel/Disk/Research/research-javascript-test-smells/repositories/bootstrap-vue-dev/src/components/pagination-nav/pagination-nav.spec.js,Duplicate Assert,"{'line': 398, 'column': 4, 'index': 13099}","  396 |
  397 |     expect($links.at(0).attributes('href')).toBe('/baz?1')
> 398 |     expect($links.at(1).attributes('href')).toBe('/baz?1')
      |    ^ Duplicate Assert
  399 |     expect($links.at(2).attributes('href')).toBe('/baz?1')
  400 |     expect($links.at(3).attributes('href')).toBe('/baz?2')
  401 |     expect($links.at(4).attributes('href')).toBe('/baz?3')"
/home/gabriel/Disk/Research/research-javascript-test-smells/repositories/bootstrap-vue-dev/src/components/pagination-nav/pagination-nav.spec.js,Duplicate Assert,"{'line': 398, 'column': 4, 'index': 13099}","  396 |
  397 |     expect($links.at(0).attributes('href')).toBe('/baz?1')
> 398 |     expect($links.at(1).attributes('href')).toBe('/baz?1')
      |    ^ Duplicate Assert
  399 |     expect($links.at(2).attributes('href')).toBe('/baz?1')
  400 |     expect($links.at(3).attributes('href')).toBe('/baz?2')
  401 |     expect($links.at(4).attributes('href')).toBe('/baz?3')"
/home/gabriel/Disk/Research/research-javascript-test-smells/repositories/bootstrap-vue-dev/src/components/pagination-nav/pagination-nav.spec.js,Duplicate Assert,"{'line': 399, 'column': 4, 'index': 13158}","  397 |     expect($links.at(0).attributes('href')).toBe('/baz?1')
  398 |     expect($links.at(1).attributes('href')).toBe('/baz?1')
> 399 |     expect($links.at(2).attributes('href')).toBe('/baz?1')
      |    ^ Duplicate Assert
  400 |     expect($links.at(3).attributes('href')).toBe('/baz?2')
  401 |     expect($links.at(4).attributes('href')).toBe('/baz?3')
  402 |     expect($links.at(5).attributes('href')).toBe('/baz?4')"
/home/gabriel/Disk/Research/research-javascript-test-smells/repositories/bootstrap-vue-dev/src/components/pagination-nav/pagination-nav.spec.js,Duplicate Assert,"{'line': 399, 'column': 4, 'index': 13158}","  397 |     expect($links.at(0).attributes('href')).toBe('/baz?1')
  398 |     expect($links.at(1).attributes('href')).toBe('/baz?1')
> 399 |     expect($links.at(2).attributes('href')).toBe('/baz?1')
      |    ^ Duplicate Assert
  400 |     expect($links.at(3).attributes('href')).toBe('/baz?2')
  401 |     expect($links.at(4).attributes('href')).toBe('/baz?3')
  402 |     expect($links.at(5).attributes('href')).toBe('/baz?4')"
/home/gabriel/Disk/Research/research-javascript-test-smells/repositories/bootstrap-vue-dev/src/components/pagination-nav/pagination-nav.spec.js,Duplicate Assert,"{'line': 400, 'column': 4, 'index': 13217}","  398 |     expect($links.at(1).attributes('href')).toBe('/baz?1')
  399 |     expect($links.at(2).attributes('href')).toBe('/baz?1')
> 400 |     expect($links.at(3).attributes('href')).toBe('/baz?2')
      |    ^ Duplicate Assert
  401 |     expect($links.at(4).attributes('href')).toBe('/baz?3')
  402 |     expect($links.at(5).attributes('href')).toBe('/baz?4')
  403 |     expect($links.at(6).attributes('href')).toBe('/baz?3')"
/home/gabriel/Disk/Research/research-javascript-test-smells/repositories/bootstrap-vue-dev/src/components/pagination-nav/pagination-nav.spec.js,Duplicate Assert,"{'line': 400, 'column': 4, 'index': 13217}","  398 |     expect($links.at(1).attributes('href')).toBe('/baz?1')
  399 |     expect($links.at(2).attributes('href')).toBe('/baz?1')
> 400 |     expect($links.at(3).attributes('href')).toBe('/baz?2')
      |    ^ Duplicate Assert
  401 |     expect($links.at(4).attributes('href')).toBe('/baz?3')
  402 |     expect($links.at(5).attributes('href')).toBe('/baz?4')
  403 |     expect($links.at(6).attributes('href')).toBe('/baz?3')"
/home/gabriel/Disk/Research/research-javascript-test-smells/repositories/bootstrap-vue-dev/src/components/pagination-nav/pagination-nav.spec.js,Duplicate Assert,"{'line': 401, 'column': 4, 'index': 13276}","  399 |     expect($links.at(2).attributes('href')).toBe('/baz?1')
  400 |     expect($links.at(3).attributes('href')).toBe('/baz?2')
> 401 |     expect($links.at(4).attributes('href')).toBe('/baz?3')
      |    ^ Duplicate Assert
  402 |     expect($links.at(5).attributes('href')).toBe('/baz?4')
  403 |     expect($links.at(6).attributes('href')).toBe('/baz?3')
  404 |     expect($links.at(7).attributes('href')).toBe('/baz?4')"
/home/gabriel/Disk/Research/research-javascript-test-smells/repositories/bootstrap-vue-dev/src/components/pagination-nav/pagination-nav.spec.js,Duplicate Assert,"{'line': 401, 'column': 4, 'index': 13276}","  399 |     expect($links.at(2).attributes('href')).toBe('/baz?1')
  400 |     expect($links.at(3).attributes('href')).toBe('/baz?2')
> 401 |     expect($links.at(4).attributes('href')).toBe('/baz?3')
      |    ^ Duplicate Assert
  402 |     expect($links.at(5).attributes('href')).toBe('/baz?4')
  403 |     expect($links.at(6).attributes('href')).toBe('/baz?3')
  404 |     expect($links.at(7).attributes('href')).toBe('/baz?4')"
/home/gabriel/Disk/Research/research-javascript-test-smells/repositories/bootstrap-vue-dev/src/components/pagination-nav/pagination-nav.spec.js,Duplicate Assert,"{'line': 402, 'column': 4, 'index': 13335}","  400 |     expect($links.at(3).attributes('href')).toBe('/baz?2')
  401 |     expect($links.at(4).attributes('href')).toBe('/baz?3')
> 402 |     expect($links.at(5).attributes('href')).toBe('/baz?4')
      |    ^ Duplicate Assert
  403 |     expect($links.at(6).attributes('href')).toBe('/baz?3')
  404 |     expect($links.at(7).attributes('href')).toBe('/baz?4')
  405 |"
/home/gabriel/Disk/Research/research-javascript-test-smells/repositories/bootstrap-vue-dev/src/components/pagination-nav/pagination-nav.spec.js,Duplicate Assert,"{'line': 403, 'column': 4, 'index': 13394}","  401 |     expect($links.at(4).attributes('href')).toBe('/baz?3')
  402 |     expect($links.at(5).attributes('href')).toBe('/baz?4')
> 403 |     expect($links.at(6).attributes('href')).toBe('/baz?3')
      |    ^ Duplicate Assert
  404 |     expect($links.at(7).attributes('href')).toBe('/baz?4')
  405 |
  406 |     wrapper.destroy()"
/home/gabriel/Disk/Research/research-javascript-test-smells/repositories/bootstrap-vue-dev/src/components/pagination-nav/pagination-nav.spec.js,Duplicate Assert,"{'line': 403, 'column': 4, 'index': 13394}","  401 |     expect($links.at(4).attributes('href')).toBe('/baz?3')
  402 |     expect($links.at(5).attributes('href')).toBe('/baz?4')
> 403 |     expect($links.at(6).attributes('href')).toBe('/baz?3')
      |    ^ Duplicate Assert
  404 |     expect($links.at(7).attributes('href')).toBe('/baz?4')
  405 |
  406 |     wrapper.destroy()"
/home/gabriel/Disk/Research/research-javascript-test-smells/repositories/bootstrap-vue-dev/src/components/pagination-nav/pagination-nav.spec.js,Duplicate Assert,"{'line': 444, 'column': 4, 'index': 14510}","  442 |     expect(lis.length).toBe(9)
  443 |
> 444 |     expect(paginationNav.vm.computedCurrentPage).toBe(1)
      |    ^ Duplicate Assert
  445 |     expect(paginationNav.emitted('input')).toBeUndefined()
  446 |     expect(paginationNav.emitted('change')).toBeUndefined()
  447 |     expect(paginationNav.emitted('page-click')).toBeUndefined()"
/home/gabriel/Disk/Research/research-javascript-test-smells/repositories/bootstrap-vue-dev/src/components/pagination-nav/pagination-nav.spec.js,Duplicate Assert,"{'line': 444, 'column': 4, 'index': 14510}","  442 |     expect(lis.length).toBe(9)
  443 |
> 444 |     expect(paginationNav.vm.computedCurrentPage).toBe(1)
      |    ^ Duplicate Assert
  445 |     expect(paginationNav.emitted('input')).toBeUndefined()
  446 |     expect(paginationNav.emitted('change')).toBeUndefined()
  447 |     expect(paginationNav.emitted('page-click')).toBeUndefined()"
/home/gabriel/Disk/Research/research-javascript-test-smells/repositories/bootstrap-vue-dev/src/components/pagination-nav/pagination-nav.spec.js,Duplicate Assert,"{'line': 445, 'column': 4, 'index': 14567}","  443 |
  444 |     expect(paginationNav.vm.computedCurrentPage).toBe(1)
> 445 |     expect(paginationNav.emitted('input')).toBeUndefined()
      |    ^ Duplicate Assert
  446 |     expect(paginationNav.emitted('change')).toBeUndefined()
  447 |     expect(paginationNav.emitted('page-click')).toBeUndefined()
  448 |"
/home/gabriel/Disk/Research/research-javascript-test-smells/repositories/bootstrap-vue-dev/src/components/pagination-nav/pagination-nav.spec.js,Duplicate Assert,"{'line': 445, 'column': 4, 'index': 14567}","  443 |
  444 |     expect(paginationNav.vm.computedCurrentPage).toBe(1)
> 445 |     expect(paginationNav.emitted('input')).toBeUndefined()
      |    ^ Duplicate Assert
  446 |     expect(paginationNav.emitted('change')).toBeUndefined()
  447 |     expect(paginationNav.emitted('page-click')).toBeUndefined()
  448 |"
/home/gabriel/Disk/Research/research-javascript-test-smells/repositories/bootstrap-vue-dev/src/components/pagination-nav/pagination-nav.spec.js,Duplicate Assert,"{'line': 446, 'column': 4, 'index': 14626}","  444 |     expect(paginationNav.vm.computedCurrentPage).toBe(1)
  445 |     expect(paginationNav.emitted('input')).toBeUndefined()
> 446 |     expect(paginationNav.emitted('change')).toBeUndefined()
      |    ^ Duplicate Assert
  447 |     expect(paginationNav.emitted('page-click')).toBeUndefined()
  448 |
  449 |     // Click on current (1st) page link (does nothing)"
/home/gabriel/Disk/Research/research-javascript-test-smells/repositories/bootstrap-vue-dev/src/components/pagination-nav/pagination-nav.spec.js,Duplicate Assert,"{'line': 446, 'column': 4, 'index': 14626}","  444 |     expect(paginationNav.vm.computedCurrentPage).toBe(1)
  445 |     expect(paginationNav.emitted('input')).toBeUndefined()
> 446 |     expect(paginationNav.emitted('change')).toBeUndefined()
      |    ^ Duplicate Assert
  447 |     expect(paginationNav.emitted('page-click')).toBeUndefined()
  448 |
  449 |     // Click on current (1st) page link (does nothing)"
/home/gabriel/Disk/Research/research-javascript-test-smells/repositories/bootstrap-vue-dev/src/components/pagination-nav/pagination-nav.spec.js,Duplicate Assert,"{'line': 447, 'column': 4, 'index': 14686}","  445 |     expect(paginationNav.emitted('input')).toBeUndefined()
  446 |     expect(paginationNav.emitted('change')).toBeUndefined()
> 447 |     expect(paginationNav.emitted('page-click')).toBeUndefined()
      |    ^ Duplicate Assert
  448 |
  449 |     // Click on current (1st) page link (does nothing)
  450 |     await lis"
/home/gabriel/Disk/Research/research-javascript-test-smells/repositories/bootstrap-vue-dev/src/components/pagination-nav/pagination-nav.spec.js,Duplicate Assert,"{'line': 447, 'column': 4, 'index': 14686}","  445 |     expect(paginationNav.emitted('input')).toBeUndefined()
  446 |     expect(paginationNav.emitted('change')).toBeUndefined()
> 447 |     expect(paginationNav.emitted('page-click')).toBeUndefined()
      |    ^ Duplicate Assert
  448 |
  449 |     // Click on current (1st) page link (does nothing)
  450 |     await lis"
/home/gabriel/Disk/Research/research-javascript-test-smells/repositories/bootstrap-vue-dev/src/components/pagination-nav/pagination-nav.spec.js,Duplicate Assert,"{'line': 455, 'column': 4, 'index': 14894}","  453 |       .trigger('click')
  454 |     await waitRAF()
> 455 |     expect(paginationNav.vm.computedCurrentPage).toBe(1)
      |    ^ Duplicate Assert
  456 |     expect(paginationNav.emitted('input')).toBeUndefined()
  457 |     expect(paginationNav.emitted('change')).toBeUndefined()
  458 |     expect(paginationNav.emitted('page-click')).toBeUndefined()"
/home/gabriel/Disk/Research/research-javascript-test-smells/repositories/bootstrap-vue-dev/src/components/pagination-nav/pagination-nav.spec.js,Duplicate Assert,"{'line': 455, 'column': 4, 'index': 14894}","  453 |       .trigger('click')
  454 |     await waitRAF()
> 455 |     expect(paginationNav.vm.computedCurrentPage).toBe(1)
      |    ^ Duplicate Assert
  456 |     expect(paginationNav.emitted('input')).toBeUndefined()
  457 |     expect(paginationNav.emitted('change')).toBeUndefined()
  458 |     expect(paginationNav.emitted('page-click')).toBeUndefined()"
/home/gabriel/Disk/Research/research-javascript-test-smells/repositories/bootstrap-vue-dev/src/components/pagination-nav/pagination-nav.spec.js,Duplicate Assert,"{'line': 456, 'column': 4, 'index': 14951}","  454 |     await waitRAF()
  455 |     expect(paginationNav.vm.computedCurrentPage).toBe(1)
> 456 |     expect(paginationNav.emitted('input')).toBeUndefined()
      |    ^ Duplicate Assert
  457 |     expect(paginationNav.emitted('change')).toBeUndefined()
  458 |     expect(paginationNav.emitted('page-click')).toBeUndefined()
  459 |"
/home/gabriel/Disk/Research/research-javascript-test-smells/repositories/bootstrap-vue-dev/src/components/pagination-nav/pagination-nav.spec.js,Duplicate Assert,"{'line': 456, 'column': 4, 'index': 14951}","  454 |     await waitRAF()
  455 |     expect(paginationNav.vm.computedCurrentPage).toBe(1)
> 456 |     expect(paginationNav.emitted('input')).toBeUndefined()
      |    ^ Duplicate Assert
  457 |     expect(paginationNav.emitted('change')).toBeUndefined()
  458 |     expect(paginationNav.emitted('page-click')).toBeUndefined()
  459 |"
/home/gabriel/Disk/Research/research-javascript-test-smells/repositories/bootstrap-vue-dev/src/components/pagination-nav/pagination-nav.spec.js,Duplicate Assert,"{'line': 457, 'column': 4, 'index': 15010}","  455 |     expect(paginationNav.vm.computedCurrentPage).toBe(1)
  456 |     expect(paginationNav.emitted('input')).toBeUndefined()
> 457 |     expect(paginationNav.emitted('change')).toBeUndefined()
      |    ^ Duplicate Assert
  458 |     expect(paginationNav.emitted('page-click')).toBeUndefined()
  459 |
  460 |     // Click on 2nd page link"
/home/gabriel/Disk/Research/research-javascript-test-smells/repositories/bootstrap-vue-dev/src/components/pagination-nav/pagination-nav.spec.js,Duplicate Assert,"{'line': 457, 'column': 4, 'index': 15010}","  455 |     expect(paginationNav.vm.computedCurrentPage).toBe(1)
  456 |     expect(paginationNav.emitted('input')).toBeUndefined()
> 457 |     expect(paginationNav.emitted('change')).toBeUndefined()
      |    ^ Duplicate Assert
  458 |     expect(paginationNav.emitted('page-click')).toBeUndefined()
  459 |
  460 |     // Click on 2nd page link"
/home/gabriel/Disk/Research/research-javascript-test-smells/repositories/bootstrap-vue-dev/src/components/pagination-nav/pagination-nav.spec.js,Duplicate Assert,"{'line': 458, 'column': 4, 'index': 15070}","  456 |     expect(paginationNav.emitted('input')).toBeUndefined()
  457 |     expect(paginationNav.emitted('change')).toBeUndefined()
> 458 |     expect(paginationNav.emitted('page-click')).toBeUndefined()
      |    ^ Duplicate Assert
  459 |
  460 |     // Click on 2nd page link
  461 |     await lis"
/home/gabriel/Disk/Research/research-javascript-test-smells/repositories/bootstrap-vue-dev/src/components/pagination-nav/pagination-nav.spec.js,Duplicate Assert,"{'line': 458, 'column': 4, 'index': 15070}","  456 |     expect(paginationNav.emitted('input')).toBeUndefined()
  457 |     expect(paginationNav.emitted('change')).toBeUndefined()
> 458 |     expect(paginationNav.emitted('page-click')).toBeUndefined()
      |    ^ Duplicate Assert
  459 |
  460 |     // Click on 2nd page link
  461 |     await lis"
/home/gabriel/Disk/Research/research-javascript-test-smells/repositories/bootstrap-vue-dev/src/components/pagination-nav/pagination-nav.spec.js,Duplicate Assert,"{'line': 466, 'column': 4, 'index': 15253}","  464 |       .trigger('click')
  465 |     await waitRAF()
> 466 |     expect(paginationNav.vm.computedCurrentPage).toBe(2)
      |    ^ Duplicate Assert
  467 |     expect(paginationNav.emitted('input')).toBeDefined()
  468 |     expect(paginationNav.emitted('change')).toBeDefined()
  469 |     expect(paginationNav.emitted('page-click')).toBeDefined()"
/home/gabriel/Disk/Research/research-javascript-test-smells/repositories/bootstrap-vue-dev/src/components/pagination-nav/pagination-nav.spec.js,Duplicate Assert,"{'line': 467, 'column': 4, 'index': 15310}","  465 |     await waitRAF()
  466 |     expect(paginationNav.vm.computedCurrentPage).toBe(2)
> 467 |     expect(paginationNav.emitted('input')).toBeDefined()
      |    ^ Duplicate Assert
  468 |     expect(paginationNav.emitted('change')).toBeDefined()
  469 |     expect(paginationNav.emitted('page-click')).toBeDefined()
  470 |     expect(paginationNav.emitted('input')[0][0]).toBe(2)"
/home/gabriel/Disk/Research/research-javascript-test-smells/repositories/bootstrap-vue-dev/src/components/pagination-nav/pagination-nav.spec.js,Duplicate Assert,"{'line': 468, 'column': 4, 'index': 15367}","  466 |     expect(paginationNav.vm.computedCurrentPage).toBe(2)
  467 |     expect(paginationNav.emitted('input')).toBeDefined()
> 468 |     expect(paginationNav.emitted('change')).toBeDefined()
      |    ^ Duplicate Assert
  469 |     expect(paginationNav.emitted('page-click')).toBeDefined()
  470 |     expect(paginationNav.emitted('input')[0][0]).toBe(2)
  471 |     expect(paginationNav.emitted('change')[0][0]).toBe(2)"
/home/gabriel/Disk/Research/research-javascript-test-smells/repositories/bootstrap-vue-dev/src/components/pagination-nav/pagination-nav.spec.js,Duplicate Assert,"{'line': 469, 'column': 4, 'index': 15425}","  467 |     expect(paginationNav.emitted('input')).toBeDefined()
  468 |     expect(paginationNav.emitted('change')).toBeDefined()
> 469 |     expect(paginationNav.emitted('page-click')).toBeDefined()
      |    ^ Duplicate Assert
  470 |     expect(paginationNav.emitted('input')[0][0]).toBe(2)
  471 |     expect(paginationNav.emitted('change')[0][0]).toBe(2)
  472 |     expect(paginationNav.emitted('page-click').length).toBe(1)"
/home/gabriel/Disk/Research/research-javascript-test-smells/repositories/bootstrap-vue-dev/src/components/pagination-nav/pagination-nav.spec.js,Duplicate Assert,"{'line': 472, 'column': 4, 'index': 15602}","  470 |     expect(paginationNav.emitted('input')[0][0]).toBe(2)
  471 |     expect(paginationNav.emitted('change')[0][0]).toBe(2)
> 472 |     expect(paginationNav.emitted('page-click').length).toBe(1)
      |    ^ Duplicate Assert
  473 |
  474 |     // Click goto last page link
  475 |     await lis"
/home/gabriel/Disk/Research/research-javascript-test-smells/repositories/bootstrap-vue-dev/src/components/pagination-nav/pagination-nav.spec.js,Duplicate Assert,"{'line': 480, 'column': 4, 'index': 15787}","  478 |       .trigger('click')
  479 |     await waitRAF()
> 480 |     expect(paginationNav.vm.computedCurrentPage).toBe(5)
      |    ^ Duplicate Assert
  481 |     expect(paginationNav.emitted('input')[1][0]).toBe(5)
  482 |     expect(paginationNav.emitted('change')[1][0]).toBe(5)
  483 |     expect(paginationNav.emitted('page-click').length).toBe(2)"
/home/gabriel/Disk/Research/research-javascript-test-smells/repositories/bootstrap-vue-dev/src/components/pagination-nav/pagination-nav.spec.js,Duplicate Assert,"{'line': 483, 'column': 4, 'index': 15959}","  481 |     expect(paginationNav.emitted('input')[1][0]).toBe(5)
  482 |     expect(paginationNav.emitted('change')[1][0]).toBe(5)
> 483 |     expect(paginationNav.emitted('page-click').length).toBe(2)
      |    ^ Duplicate Assert
  484 |
  485 |     // Click prev page link
  486 |     await lis"
/home/gabriel/Disk/Research/research-javascript-test-smells/repositories/bootstrap-vue-dev/src/components/pagination-nav/pagination-nav.spec.js,Duplicate Assert,"{'line': 491, 'column': 4, 'index': 16139}","  489 |       .trigger('click')
  490 |     await waitRAF()
> 491 |     expect(paginationNav.vm.computedCurrentPage).toBe(4)
      |    ^ Duplicate Assert
  492 |     expect(paginationNav.emitted('input')[2][0]).toBe(4)
  493 |     expect(paginationNav.emitted('change')[2][0]).toBe(4)
  494 |     expect(paginationNav.emitted('page-click').length).toBe(3)"
/home/gabriel/Disk/Research/research-javascript-test-smells/repositories/bootstrap-vue-dev/src/components/pagination-nav/pagination-nav.spec.js,Duplicate Assert,"{'line': 491, 'column': 4, 'index': 16139}","  489 |       .trigger('click')
  490 |     await waitRAF()
> 491 |     expect(paginationNav.vm.computedCurrentPage).toBe(4)
      |    ^ Duplicate Assert
  492 |     expect(paginationNav.emitted('input')[2][0]).toBe(4)
  493 |     expect(paginationNav.emitted('change')[2][0]).toBe(4)
  494 |     expect(paginationNav.emitted('page-click').length).toBe(3)"
/home/gabriel/Disk/Research/research-javascript-test-smells/repositories/bootstrap-vue-dev/src/components/pagination-nav/pagination-nav.spec.js,Duplicate Assert,"{'line': 494, 'column': 4, 'index': 16311}","  492 |     expect(paginationNav.emitted('input')[2][0]).toBe(4)
  493 |     expect(paginationNav.emitted('change')[2][0]).toBe(4)
> 494 |     expect(paginationNav.emitted('page-click').length).toBe(3)
      |    ^ Duplicate Assert
  495 |
  496 |     // Click on 3rd page link (prevented)
  497 |     await lis"
/home/gabriel/Disk/Research/research-javascript-test-smells/repositories/bootstrap-vue-dev/src/components/pagination-nav/pagination-nav.spec.js,Duplicate Assert,"{'line': 502, 'column': 4, 'index': 16505}","  500 |       .trigger('click')
  501 |     await waitRAF()
> 502 |     expect(paginationNav.vm.computedCurrentPage).toBe(4)
      |    ^ Duplicate Assert
  503 |     expect(paginationNav.emitted('input').length).toBe(3)
  504 |     expect(paginationNav.emitted('change').length).toBe(3)
  505 |     expect(paginationNav.emitted('page-click').length).toBe(4)"
/home/gabriel/Disk/Research/research-javascript-test-smells/repositories/bootstrap-vue-dev/src/components/pagination-nav/pagination-nav.spec.js,Duplicate Assert,"{'line': 502, 'column': 4, 'index': 16505}","  500 |       .trigger('click')
  501 |     await waitRAF()
> 502 |     expect(paginationNav.vm.computedCurrentPage).toBe(4)
      |    ^ Duplicate Assert
  503 |     expect(paginationNav.emitted('input').length).toBe(3)
  504 |     expect(paginationNav.emitted('change').length).toBe(3)
  505 |     expect(paginationNav.emitted('page-click').length).toBe(4)"
/home/gabriel/Disk/Research/research-javascript-test-smells/repositories/bootstrap-vue-dev/src/components/pagination-nav/pagination-nav.spec.js,Duplicate Assert,"{'line': 505, 'column': 4, 'index': 16679}","  503 |     expect(paginationNav.emitted('input').length).toBe(3)
  504 |     expect(paginationNav.emitted('change').length).toBe(3)
> 505 |     expect(paginationNav.emitted('page-click').length).toBe(4)
      |    ^ Duplicate Assert
  506 |
  507 |     wrapper.destroy()
  508 |   })"
/home/gabriel/Disk/Research/research-javascript-test-smells/repositories/bootstrap-vue-dev/src/components/pagination-nav/pagination-nav.spec.js,Duplicate Assert,"{'line': 588, 'column': 6, 'index': 19387}","  586 |
  587 |       // The pagination-nav component should exist
> 588 |       expect(wrapper.findComponent(BPaginationNav).exists()).toBe(true)
      |      ^ Duplicate Assert
  589 |       // And should be on page 2
  590 |       expect(wrapper.findComponent(BPaginationNav).vm.currentPage).toBe(2)
  591 |"
/home/gabriel/Disk/Research/research-javascript-test-smells/repositories/bootstrap-vue-dev/src/components/pagination-nav/pagination-nav.spec.js,Duplicate Assert,"{'line': 588, 'column': 6, 'index': 19387}","  586 |
  587 |       // The pagination-nav component should exist
> 588 |       expect(wrapper.findComponent(BPaginationNav).exists()).toBe(true)
      |      ^ Duplicate Assert
  589 |       // And should be on page 2
  590 |       expect(wrapper.findComponent(BPaginationNav).vm.currentPage).toBe(2)
  591 |"
/home/gabriel/Disk/Research/research-javascript-test-smells/repositories/bootstrap-vue-dev/src/components/pagination-nav/pagination-nav.spec.js,Duplicate Assert,"{'line': 590, 'column': 6, 'index': 19492}","  588 |       expect(wrapper.findComponent(BPaginationNav).exists()).toBe(true)
  589 |       // And should be on page 2
> 590 |       expect(wrapper.findComponent(BPaginationNav).vm.currentPage).toBe(2)
      |      ^ Duplicate Assert
  591 |
  592 |       // Push router to a new page
  593 |       wrapper.vm.$router.push('/3')"
/home/gabriel/Disk/Research/research-javascript-test-smells/repositories/bootstrap-vue-dev/src/components/pagination-nav/pagination-nav.spec.js,Duplicate Assert,"{'line': 601, 'column': 6, 'index': 19827}","  599 |
  600 |       // The pagination-nav component should exist
> 601 |       expect(wrapper.findComponent(BPaginationNav).exists()).toBe(true)
      |      ^ Duplicate Assert
  602 |       // And should be on page 3
  603 |       expect(wrapper.findComponent(BPaginationNav).vm.currentPage).toBe(3)
  604 |"
/home/gabriel/Disk/Research/research-javascript-test-smells/repositories/bootstrap-vue-dev/src/components/pagination-nav/pagination-nav.spec.js,Duplicate Assert,"{'line': 601, 'column': 6, 'index': 19827}","  599 |
  600 |       // The pagination-nav component should exist
> 601 |       expect(wrapper.findComponent(BPaginationNav).exists()).toBe(true)
      |      ^ Duplicate Assert
  602 |       // And should be on page 3
  603 |       expect(wrapper.findComponent(BPaginationNav).vm.currentPage).toBe(3)
  604 |"
/home/gabriel/Disk/Research/research-javascript-test-smells/repositories/bootstrap-vue-dev/src/components/pagination-nav/pagination-nav.spec.js,Duplicate Assert,"{'line': 603, 'column': 6, 'index': 19932}","  601 |       expect(wrapper.findComponent(BPaginationNav).exists()).toBe(true)
  602 |       // And should be on page 3
> 603 |       expect(wrapper.findComponent(BPaginationNav).vm.currentPage).toBe(3)
      |      ^ Duplicate Assert
  604 |
  605 |       wrapper.destroy()
  606 |     })"
/home/gabriel/Disk/Research/research-javascript-test-smells/repositories/bootstrap-vue-dev/src/components/pagination-nav/pagination-nav.spec.js,Duplicate Assert,"{'line': 651, 'column': 6, 'index': 21577}","  649 |
  650 |       // The <pagination-nav> component should exist
> 651 |       expect(wrapper.findComponent(BPaginationNav).exists()).toBe(true)
      |      ^ Duplicate Assert
  652 |       // And should be on page 2
  653 |       expect(wrapper.findComponent(BPaginationNav).vm.currentPage).toBe(2)
  654 |"
/home/gabriel/Disk/Research/research-javascript-test-smells/repositories/bootstrap-vue-dev/src/components/pagination-nav/pagination-nav.spec.js,Duplicate Assert,"{'line': 651, 'column': 6, 'index': 21577}","  649 |
  650 |       // The <pagination-nav> component should exist
> 651 |       expect(wrapper.findComponent(BPaginationNav).exists()).toBe(true)
      |      ^ Duplicate Assert
  652 |       // And should be on page 2
  653 |       expect(wrapper.findComponent(BPaginationNav).vm.currentPage).toBe(2)
  654 |"
/home/gabriel/Disk/Research/research-javascript-test-smells/repositories/bootstrap-vue-dev/src/components/pagination-nav/pagination-nav.spec.js,Duplicate Assert,"{'line': 653, 'column': 6, 'index': 21682}","  651 |       expect(wrapper.findComponent(BPaginationNav).exists()).toBe(true)
  652 |       // And should be on page 2
> 653 |       expect(wrapper.findComponent(BPaginationNav).vm.currentPage).toBe(2)
      |      ^ Duplicate Assert
  654 |
  655 |       // Push router to a new page
  656 |       wrapper.vm.$router.push('/3')"
/home/gabriel/Disk/Research/research-javascript-test-smells/repositories/bootstrap-vue-dev/src/components/pagination-nav/pagination-nav.spec.js,Duplicate Assert,"{'line': 664, 'column': 6, 'index': 22017}","  662 |
  663 |       // The pagination-nav component should exist
> 664 |       expect(wrapper.findComponent(BPaginationNav).exists()).toBe(true)
      |      ^ Duplicate Assert
  665 |       // And should be on page 3
  666 |       expect(wrapper.findComponent(BPaginationNav).vm.currentPage).toBe(3)
  667 |"
/home/gabriel/Disk/Research/research-javascript-test-smells/repositories/bootstrap-vue-dev/src/components/pagination-nav/pagination-nav.spec.js,Duplicate Assert,"{'line': 664, 'column': 6, 'index': 22017}","  662 |
  663 |       // The pagination-nav component should exist
> 664 |       expect(wrapper.findComponent(BPaginationNav).exists()).toBe(true)
      |      ^ Duplicate Assert
  665 |       // And should be on page 3
  666 |       expect(wrapper.findComponent(BPaginationNav).vm.currentPage).toBe(3)
  667 |"
/home/gabriel/Disk/Research/research-javascript-test-smells/repositories/bootstrap-vue-dev/src/components/pagination-nav/pagination-nav.spec.js,Duplicate Assert,"{'line': 666, 'column': 6, 'index': 22122}","  664 |       expect(wrapper.findComponent(BPaginationNav).exists()).toBe(true)
  665 |       // And should be on page 3
> 666 |       expect(wrapper.findComponent(BPaginationNav).vm.currentPage).toBe(3)
      |      ^ Duplicate Assert
  667 |
  668 |       wrapper.destroy()
  669 |     })"
/home/gabriel/Disk/Research/research-javascript-test-smells/repositories/bootstrap-vue-dev/src/components/pagination-nav/pagination-nav.spec.js,Magic Number,"{'line': 65, 'column': 31, 'index': 2182}","  63 |     expect(wrapper.element.tagName).toBe('NAV')
  64 |     const $links = wrapper.findAll('a.page-link')
> 65 |     expect($links.length).toBe(9)
     |                               ^ Magic Number
  66 |
  67 |     // Default base URL is '/', and link will be the page number
  68 |     expect($links.at(0).attributes('href')).toBe('/1')"
/home/gabriel/Disk/Research/research-javascript-test-smells/repositories/bootstrap-vue-dev/src/components/pagination-nav/pagination-nav.spec.js,Magic Number,"{'line': 94, 'column': 31, 'index': 3162}","  92 |     expect(wrapper.element.tagName).toBe('NAV')
  93 |     const $links = wrapper.findAll('a.page-link')
> 94 |     expect($links.length).toBe(9)
     |                               ^ Magic Number
  95 |
  96 |     expect($links.at(2).text()).toBe('1')
  97 |     expect($links.at(3).text()).toBe('2')"
/home/gabriel/Disk/Research/research-javascript-test-smells/repositories/bootstrap-vue-dev/src/components/pagination-nav/pagination-nav.spec.js,Magic Number,"{'line': 134, 'column': 46, 'index': 4292}","  132 |
  133 |     // LI classes
> 134 |     expect(wrapper.findAll('li').length).toBe(5)
      |                                              ^ Magic Number
  135 |     expect(wrapper.findAll('li.page-item').length).toBe(5)
  136 |     expect(wrapper.findAll('li.disabled').length).toBe(5)
  137 |"
/home/gabriel/Disk/Research/research-javascript-test-smells/repositories/bootstrap-vue-dev/src/components/pagination-nav/pagination-nav.spec.js,Magic Number,"{'line': 135, 'column': 56, 'index': 4351}","  133 |     // LI classes
  134 |     expect(wrapper.findAll('li').length).toBe(5)
> 135 |     expect(wrapper.findAll('li.page-item').length).toBe(5)
      |                                                        ^ Magic Number
  136 |     expect(wrapper.findAll('li.disabled').length).toBe(5)
  137 |
  138 |     // LI Inner should be span elements"
/home/gabriel/Disk/Research/research-javascript-test-smells/repositories/bootstrap-vue-dev/src/components/pagination-nav/pagination-nav.spec.js,Magic Number,"{'line': 136, 'column': 55, 'index': 4409}","  134 |     expect(wrapper.findAll('li').length).toBe(5)
  135 |     expect(wrapper.findAll('li.page-item').length).toBe(5)
> 136 |     expect(wrapper.findAll('li.disabled').length).toBe(5)
      |                                                       ^ Magic Number
  137 |
  138 |     // LI Inner should be span elements
  139 |     expect(wrapper.findAll('li > span').length).toBe(5)"
/home/gabriel/Disk/Research/research-javascript-test-smells/repositories/bootstrap-vue-dev/src/components/pagination-nav/pagination-nav.spec.js,Magic Number,"{'line': 139, 'column': 53, 'index': 4506}","  137 |
  138 |     // LI Inner should be span elements
> 139 |     expect(wrapper.findAll('li > span').length).toBe(5)
      |                                                     ^ Magic Number
  140 |     expect(wrapper.findAll('li > span.page-link').length).toBe(5)
  141 |     expect(wrapper.findAll('li > span[aria-disabled=""true""').length).toBe(5)
  142 |"
/home/gabriel/Disk/Research/research-javascript-test-smells/repositories/bootstrap-vue-dev/src/components/pagination-nav/pagination-nav.spec.js,Magic Number,"{'line': 140, 'column': 63, 'index': 4572}","  138 |     // LI Inner should be span elements
  139 |     expect(wrapper.findAll('li > span').length).toBe(5)
> 140 |     expect(wrapper.findAll('li > span.page-link').length).toBe(5)
      |                                                               ^ Magic Number
  141 |     expect(wrapper.findAll('li > span[aria-disabled=""true""').length).toBe(5)
  142 |
  143 |     wrapper.destroy()"
/home/gabriel/Disk/Research/research-javascript-test-smells/repositories/bootstrap-vue-dev/src/components/pagination-nav/pagination-nav.spec.js,Magic Number,"{'line': 141, 'column': 74, 'index': 4649}","  139 |     expect(wrapper.findAll('li > span').length).toBe(5)
  140 |     expect(wrapper.findAll('li > span.page-link').length).toBe(5)
> 141 |     expect(wrapper.findAll('li > span[aria-disabled=""true""').length).toBe(5)
      |                                                                          ^ Magic Number
  142 |
  143 |     wrapper.destroy()
  144 |   })"
/home/gabriel/Disk/Research/research-javascript-test-smells/repositories/bootstrap-vue-dev/src/components/pagination-nav/pagination-nav.spec.js,Magic Number,"{'line': 159, 'column': 31, 'index': 5057}","  157 |     expect(wrapper.element.tagName).toBe('NAV')
  158 |     let $links = wrapper.findAll('a.page-link')
> 159 |     expect($links.length).toBe(7)
      |                               ^ Magic Number
  160 |
  161 |     await wrapper.setProps({
  162 |       numberOfPages: 5"
/home/gabriel/Disk/Research/research-javascript-test-smells/repositories/bootstrap-vue-dev/src/components/pagination-nav/pagination-nav.spec.js,Magic Number,"{'line': 167, 'column': 31, 'index': 5225}","  165 |     await waitNT(wrapper.vm)
  166 |     $links = wrapper.findAll('a.page-link')
> 167 |     expect($links.length).toBe(9)
      |                               ^ Magic Number
  168 |
  169 |     wrapper.destroy()
  170 |   })"
/home/gabriel/Disk/Research/research-javascript-test-smells/repositories/bootstrap-vue-dev/src/components/pagination-nav/pagination-nav.spec.js,Magic Number,"{'line': 186, 'column': 31, 'index': 5674}","  184 |     expect(wrapper.element.tagName).toBe('NAV')
  185 |     const $links = wrapper.findAll('a.page-link')
> 186 |     expect($links.length).toBe(9)
      |                               ^ Magic Number
  187 |
  188 |     // Default base URL is '/', and link will be the page number
  189 |     expect($links.at(0).attributes('href')).toBe('/foo/1')"
/home/gabriel/Disk/Research/research-javascript-test-smells/repositories/bootstrap-vue-dev/src/components/pagination-nav/pagination-nav.spec.js,Magic Number,"{'line': 216, 'column': 31, 'index': 6739}","  214 |     expect(wrapper.element.tagName).toBe('NAV')
  215 |     const $links = wrapper.findAll('a.page-link')
> 216 |     expect($links.length).toBe(9)
      |                               ^ Magic Number
  217 |
  218 |     // Default base URL is '/', and link will be the page number
  219 |     expect($links.at(0).attributes('href')).toBe('?1')"
/home/gabriel/Disk/Research/research-javascript-test-smells/repositories/bootstrap-vue-dev/src/components/pagination-nav/pagination-nav.spec.js,Magic Number,"{'line': 246, 'column': 31, 'index': 7790}","  244 |     expect(wrapper.element.tagName).toBe('NAV')
  245 |     const $links = wrapper.findAll('a.page-link')
> 246 |     expect($links.length).toBe(9)
      |                               ^ Magic Number
  247 |
  248 |     // Default base URL is '/', and link will be the page number
  249 |     expect($links.at(0).attributes('href')).toBe('/baz?1')"
/home/gabriel/Disk/Research/research-javascript-test-smells/repositories/bootstrap-vue-dev/src/components/pagination-nav/pagination-nav.spec.js,Magic Number,"{'line': 276, 'column': 31, 'index': 8871}","  274 |     expect(wrapper.element.tagName).toBe('NAV')
  275 |     const $links = wrapper.findAll('a.page-link')
> 276 |     expect($links.length).toBe(9)
      |                               ^ Magic Number
  277 |
  278 |     expect($links.at(2).text()).toBe('Page 1')
  279 |     expect($links.at(3).text()).toBe('Page 2')"
/home/gabriel/Disk/Research/research-javascript-test-smells/repositories/bootstrap-vue-dev/src/components/pagination-nav/pagination-nav.spec.js,Magic Number,"{'line': 300, 'column': 31, 'index': 9586}","  298 |     expect(wrapper.element.tagName).toBe('NAV')
  299 |     const $links = wrapper.findAll('a.page-link')
> 300 |     expect($links.length).toBe(9)
      |                               ^ Magic Number
  301 |
  302 |     // Default base URL is '/', and link will be the page number
  303 |     expect($links.at(0).attributes('href')).toBe('/baz?1')"
/home/gabriel/Disk/Research/research-javascript-test-smells/repositories/bootstrap-vue-dev/src/components/pagination-nav/pagination-nav.spec.js,Magic Number,"{'line': 342, 'column': 31, 'index': 11102}","  340 |     expect(wrapper.element.tagName).toBe('NAV')
  341 |     const $links = wrapper.findAll('a.page-link')
> 342 |     expect($links.length).toBe(9)
      |                               ^ Magic Number
  343 |
  344 |     // Default base URL is '/', and link will be the page number
  345 |     expect($links.at(0).attributes('href')).toBe('/baz?1')"
/home/gabriel/Disk/Research/research-javascript-test-smells/repositories/bootstrap-vue-dev/src/components/pagination-nav/pagination-nav.spec.js,Magic Number,"{'line': 378, 'column': 31, 'index': 12397}","  376 |     expect(wrapper.element.tagName).toBe('NAV')
  377 |     let $links = wrapper.findAll('a.page-link')
> 378 |     expect($links.length).toBe(7)
      |                               ^ Magic Number
  379 |
  380 |     expect($links.at(0).attributes('href')).toBe('/baz?1')
  381 |     expect($links.at(1).attributes('href')).toBe('/baz?1')"
/home/gabriel/Disk/Research/research-javascript-test-smells/repositories/bootstrap-vue-dev/src/components/pagination-nav/pagination-nav.spec.js,Magic Number,"{'line': 395, 'column': 31, 'index': 13032}","  393 |
  394 |     $links = wrapper.findAll('a.page-link')
> 395 |     expect($links.length).toBe(8)
      |                               ^ Magic Number
  396 |
  397 |     expect($links.at(0).attributes('href')).toBe('/baz?1')
  398 |     expect($links.at(1).attributes('href')).toBe('/baz?1')"
/home/gabriel/Disk/Research/research-javascript-test-smells/repositories/bootstrap-vue-dev/src/components/pagination-nav/pagination-nav.spec.js,Magic Number,"{'line': 442, 'column': 28, 'index': 14502}","  440 |     // Grab the page links
  441 |     const lis = paginationNav.findAll('li')
> 442 |     expect(lis.length).toBe(9)
      |                            ^ Magic Number
  443 |
  444 |     expect(paginationNav.vm.computedCurrentPage).toBe(1)
  445 |     expect(paginationNav.emitted('input')).toBeUndefined()"
/home/gabriel/Disk/Research/research-javascript-test-smells/repositories/bootstrap-vue-dev/src/components/pagination-nav/pagination-nav.spec.js,Magic Number,"{'line': 444, 'column': 54, 'index': 14560}","  442 |     expect(lis.length).toBe(9)
  443 |
> 444 |     expect(paginationNav.vm.computedCurrentPage).toBe(1)
      |                                                      ^ Magic Number
  445 |     expect(paginationNav.emitted('input')).toBeUndefined()
  446 |     expect(paginationNav.emitted('change')).toBeUndefined()
  447 |     expect(paginationNav.emitted('page-click')).toBeUndefined()"
/home/gabriel/Disk/Research/research-javascript-test-smells/repositories/bootstrap-vue-dev/src/components/pagination-nav/pagination-nav.spec.js,Magic Number,"{'line': 455, 'column': 54, 'index': 14944}","  453 |       .trigger('click')
  454 |     await waitRAF()
> 455 |     expect(paginationNav.vm.computedCurrentPage).toBe(1)
      |                                                      ^ Magic Number
  456 |     expect(paginationNav.emitted('input')).toBeUndefined()
  457 |     expect(paginationNav.emitted('change')).toBeUndefined()
  458 |     expect(paginationNav.emitted('page-click')).toBeUndefined()"
/home/gabriel/Disk/Research/research-javascript-test-smells/repositories/bootstrap-vue-dev/src/components/pagination-nav/pagination-nav.spec.js,Magic Number,"{'line': 466, 'column': 54, 'index': 15303}","  464 |       .trigger('click')
  465 |     await waitRAF()
> 466 |     expect(paginationNav.vm.computedCurrentPage).toBe(2)
      |                                                      ^ Magic Number
  467 |     expect(paginationNav.emitted('input')).toBeDefined()
  468 |     expect(paginationNav.emitted('change')).toBeDefined()
  469 |     expect(paginationNav.emitted('page-click')).toBeDefined()"
/home/gabriel/Disk/Research/research-javascript-test-smells/repositories/bootstrap-vue-dev/src/components/pagination-nav/pagination-nav.spec.js,Magic Number,"{'line': 470, 'column': 54, 'index': 15537}","  468 |     expect(paginationNav.emitted('change')).toBeDefined()
  469 |     expect(paginationNav.emitted('page-click')).toBeDefined()
> 470 |     expect(paginationNav.emitted('input')[0][0]).toBe(2)
      |                                                      ^ Magic Number
  471 |     expect(paginationNav.emitted('change')[0][0]).toBe(2)
  472 |     expect(paginationNav.emitted('page-click').length).toBe(1)
  473 |"
/home/gabriel/Disk/Research/research-javascript-test-smells/repositories/bootstrap-vue-dev/src/components/pagination-nav/pagination-nav.spec.js,Magic Number,"{'line': 471, 'column': 55, 'index': 15595}","  469 |     expect(paginationNav.emitted('page-click')).toBeDefined()
  470 |     expect(paginationNav.emitted('input')[0][0]).toBe(2)
> 471 |     expect(paginationNav.emitted('change')[0][0]).toBe(2)
      |                                                       ^ Magic Number
  472 |     expect(paginationNav.emitted('page-click').length).toBe(1)
  473 |
  474 |     // Click goto last page link"
/home/gabriel/Disk/Research/research-javascript-test-smells/repositories/bootstrap-vue-dev/src/components/pagination-nav/pagination-nav.spec.js,Magic Number,"{'line': 472, 'column': 60, 'index': 15658}","  470 |     expect(paginationNav.emitted('input')[0][0]).toBe(2)
  471 |     expect(paginationNav.emitted('change')[0][0]).toBe(2)
> 472 |     expect(paginationNav.emitted('page-click').length).toBe(1)
      |                                                            ^ Magic Number
  473 |
  474 |     // Click goto last page link
  475 |     await lis"
/home/gabriel/Disk/Research/research-javascript-test-smells/repositories/bootstrap-vue-dev/src/components/pagination-nav/pagination-nav.spec.js,Magic Number,"{'line': 480, 'column': 54, 'index': 15837}","  478 |       .trigger('click')
  479 |     await waitRAF()
> 480 |     expect(paginationNav.vm.computedCurrentPage).toBe(5)
      |                                                      ^ Magic Number
  481 |     expect(paginationNav.emitted('input')[1][0]).toBe(5)
  482 |     expect(paginationNav.emitted('change')[1][0]).toBe(5)
  483 |     expect(paginationNav.emitted('page-click').length).toBe(2)"
/home/gabriel/Disk/Research/research-javascript-test-smells/repositories/bootstrap-vue-dev/src/components/pagination-nav/pagination-nav.spec.js,Magic Number,"{'line': 481, 'column': 54, 'index': 15894}","  479 |     await waitRAF()
  480 |     expect(paginationNav.vm.computedCurrentPage).toBe(5)
> 481 |     expect(paginationNav.emitted('input')[1][0]).toBe(5)
      |                                                      ^ Magic Number
  482 |     expect(paginationNav.emitted('change')[1][0]).toBe(5)
  483 |     expect(paginationNav.emitted('page-click').length).toBe(2)
  484 |"
/home/gabriel/Disk/Research/research-javascript-test-smells/repositories/bootstrap-vue-dev/src/components/pagination-nav/pagination-nav.spec.js,Magic Number,"{'line': 482, 'column': 55, 'index': 15952}","  480 |     expect(paginationNav.vm.computedCurrentPage).toBe(5)
  481 |     expect(paginationNav.emitted('input')[1][0]).toBe(5)
> 482 |     expect(paginationNav.emitted('change')[1][0]).toBe(5)
      |                                                       ^ Magic Number
  483 |     expect(paginationNav.emitted('page-click').length).toBe(2)
  484 |
  485 |     // Click prev page link"
/home/gabriel/Disk/Research/research-javascript-test-smells/repositories/bootstrap-vue-dev/src/components/pagination-nav/pagination-nav.spec.js,Magic Number,"{'line': 483, 'column': 60, 'index': 16015}","  481 |     expect(paginationNav.emitted('input')[1][0]).toBe(5)
  482 |     expect(paginationNav.emitted('change')[1][0]).toBe(5)
> 483 |     expect(paginationNav.emitted('page-click').length).toBe(2)
      |                                                            ^ Magic Number
  484 |
  485 |     // Click prev page link
  486 |     await lis"
/home/gabriel/Disk/Research/research-javascript-test-smells/repositories/bootstrap-vue-dev/src/components/pagination-nav/pagination-nav.spec.js,Magic Number,"{'line': 491, 'column': 54, 'index': 16189}","  489 |       .trigger('click')
  490 |     await waitRAF()
> 491 |     expect(paginationNav.vm.computedCurrentPage).toBe(4)
      |                                                      ^ Magic Number
  492 |     expect(paginationNav.emitted('input')[2][0]).toBe(4)
  493 |     expect(paginationNav.emitted('change')[2][0]).toBe(4)
  494 |     expect(paginationNav.emitted('page-click').length).toBe(3)"
/home/gabriel/Disk/Research/research-javascript-test-smells/repositories/bootstrap-vue-dev/src/components/pagination-nav/pagination-nav.spec.js,Magic Number,"{'line': 492, 'column': 54, 'index': 16246}","  490 |     await waitRAF()
  491 |     expect(paginationNav.vm.computedCurrentPage).toBe(4)
> 492 |     expect(paginationNav.emitted('input')[2][0]).toBe(4)
      |                                                      ^ Magic Number
  493 |     expect(paginationNav.emitted('change')[2][0]).toBe(4)
  494 |     expect(paginationNav.emitted('page-click').length).toBe(3)
  495 |"
/home/gabriel/Disk/Research/research-javascript-test-smells/repositories/bootstrap-vue-dev/src/components/pagination-nav/pagination-nav.spec.js,Magic Number,"{'line': 493, 'column': 55, 'index': 16304}","  491 |     expect(paginationNav.vm.computedCurrentPage).toBe(4)
  492 |     expect(paginationNav.emitted('input')[2][0]).toBe(4)
> 493 |     expect(paginationNav.emitted('change')[2][0]).toBe(4)
      |                                                       ^ Magic Number
  494 |     expect(paginationNav.emitted('page-click').length).toBe(3)
  495 |
  496 |     // Click on 3rd page link (prevented)"
/home/gabriel/Disk/Research/research-javascript-test-smells/repositories/bootstrap-vue-dev/src/components/pagination-nav/pagination-nav.spec.js,Magic Number,"{'line': 494, 'column': 60, 'index': 16367}","  492 |     expect(paginationNav.emitted('input')[2][0]).toBe(4)
  493 |     expect(paginationNav.emitted('change')[2][0]).toBe(4)
> 494 |     expect(paginationNav.emitted('page-click').length).toBe(3)
      |                                                            ^ Magic Number
  495 |
  496 |     // Click on 3rd page link (prevented)
  497 |     await lis"
/home/gabriel/Disk/Research/research-javascript-test-smells/repositories/bootstrap-vue-dev/src/components/pagination-nav/pagination-nav.spec.js,Magic Number,"{'line': 502, 'column': 54, 'index': 16555}","  500 |       .trigger('click')
  501 |     await waitRAF()
> 502 |     expect(paginationNav.vm.computedCurrentPage).toBe(4)
      |                                                      ^ Magic Number
  503 |     expect(paginationNav.emitted('input').length).toBe(3)
  504 |     expect(paginationNav.emitted('change').length).toBe(3)
  505 |     expect(paginationNav.emitted('page-click').length).toBe(4)"
/home/gabriel/Disk/Research/research-javascript-test-smells/repositories/bootstrap-vue-dev/src/components/pagination-nav/pagination-nav.spec.js,Magic Number,"{'line': 503, 'column': 55, 'index': 16613}","  501 |     await waitRAF()
  502 |     expect(paginationNav.vm.computedCurrentPage).toBe(4)
> 503 |     expect(paginationNav.emitted('input').length).toBe(3)
      |                                                       ^ Magic Number
  504 |     expect(paginationNav.emitted('change').length).toBe(3)
  505 |     expect(paginationNav.emitted('page-click').length).toBe(4)
  506 |"
/home/gabriel/Disk/Research/research-javascript-test-smells/repositories/bootstrap-vue-dev/src/components/pagination-nav/pagination-nav.spec.js,Magic Number,"{'line': 504, 'column': 56, 'index': 16672}","  502 |     expect(paginationNav.vm.computedCurrentPage).toBe(4)
  503 |     expect(paginationNav.emitted('input').length).toBe(3)
> 504 |     expect(paginationNav.emitted('change').length).toBe(3)
      |                                                        ^ Magic Number
  505 |     expect(paginationNav.emitted('page-click').length).toBe(4)
  506 |
  507 |     wrapper.destroy()"
/home/gabriel/Disk/Research/research-javascript-test-smells/repositories/bootstrap-vue-dev/src/components/pagination-nav/pagination-nav.spec.js,Magic Number,"{'line': 505, 'column': 60, 'index': 16735}","  503 |     expect(paginationNav.emitted('input').length).toBe(3)
  504 |     expect(paginationNav.emitted('change').length).toBe(3)
> 505 |     expect(paginationNav.emitted('page-click').length).toBe(4)
      |                                                            ^ Magic Number
  506 |
  507 |     wrapper.destroy()
  508 |   })"
/home/gabriel/Disk/Research/research-javascript-test-smells/repositories/bootstrap-vue-dev/src/components/pagination-nav/pagination-nav.spec.js,Magic Number,"{'line': 539, 'column': 51, 'index': 17738}","  537 |       // Emitted current page (2)
  538 |       expect(wrapper.emitted('input')).toBeDefined()
> 539 |       expect(wrapper.emitted('input').length).toBe(1)
      |                                                   ^ Magic Number
  540 |       expect(wrapper.emitted('input')[0][0]).toBe(2) // Page 2, URL = ''
  541 |
  542 |       wrapper.destroy()"
/home/gabriel/Disk/Research/research-javascript-test-smells/repositories/bootstrap-vue-dev/src/components/pagination-nav/pagination-nav.spec.js,Magic Number,"{'line': 540, 'column': 50, 'index': 17791}","  538 |       expect(wrapper.emitted('input')).toBeDefined()
  539 |       expect(wrapper.emitted('input').length).toBe(1)
> 540 |       expect(wrapper.emitted('input')[0][0]).toBe(2) // Page 2, URL = ''
      |                                                  ^ Magic Number
  541 |
  542 |       wrapper.destroy()
  543 |     })"
/home/gabriel/Disk/Research/research-javascript-test-smells/repositories/bootstrap-vue-dev/src/components/pagination-nav/pagination-nav.spec.js,Magic Number,"{'line': 590, 'column': 72, 'index': 19558}","  588 |       expect(wrapper.findComponent(BPaginationNav).exists()).toBe(true)
  589 |       // And should be on page 2
> 590 |       expect(wrapper.findComponent(BPaginationNav).vm.currentPage).toBe(2)
      |                                                                        ^ Magic Number
  591 |
  592 |       // Push router to a new page
  593 |       wrapper.vm.$router.push('/3')"
/home/gabriel/Disk/Research/research-javascript-test-smells/repositories/bootstrap-vue-dev/src/components/pagination-nav/pagination-nav.spec.js,Magic Number,"{'line': 603, 'column': 72, 'index': 19998}","  601 |       expect(wrapper.findComponent(BPaginationNav).exists()).toBe(true)
  602 |       // And should be on page 3
> 603 |       expect(wrapper.findComponent(BPaginationNav).vm.currentPage).toBe(3)
      |                                                                        ^ Magic Number
  604 |
  605 |       wrapper.destroy()
  606 |     })"
/home/gabriel/Disk/Research/research-javascript-test-smells/repositories/bootstrap-vue-dev/src/components/pagination-nav/pagination-nav.spec.js,Magic Number,"{'line': 653, 'column': 72, 'index': 21748}","  651 |       expect(wrapper.findComponent(BPaginationNav).exists()).toBe(true)
  652 |       // And should be on page 2
> 653 |       expect(wrapper.findComponent(BPaginationNav).vm.currentPage).toBe(2)
      |                                                                        ^ Magic Number
  654 |
  655 |       // Push router to a new page
  656 |       wrapper.vm.$router.push('/3')"
/home/gabriel/Disk/Research/research-javascript-test-smells/repositories/bootstrap-vue-dev/src/components/pagination-nav/pagination-nav.spec.js,Magic Number,"{'line': 666, 'column': 72, 'index': 22188}","  664 |       expect(wrapper.findComponent(BPaginationNav).exists()).toBe(true)
  665 |       // And should be on page 3
> 666 |       expect(wrapper.findComponent(BPaginationNav).vm.currentPage).toBe(3)
      |                                                                        ^ Magic Number
  667 |
  668 |       wrapper.destroy()
  669 |     })"
/home/gabriel/Disk/Research/research-javascript-test-smells/repositories/bootstrap-vue-dev/src/components/pagination/pagination.spec.js,Conditional Test Logic,"{'line': 8, 'column': 2, 'index': 259}","   6 | const wrapperArrayToArray = wrapperArray => {
   7 |   const array = []
>  8 |   for (let i = 0; i < wrapperArray.length; i++) {
     |  ^ Conditional Test Logic
   9 |     array.push(wrapperArray.at(i))
  10 |   }
  11 |   return array"
/home/gabriel/Disk/Research/research-javascript-test-smells/repositories/bootstrap-vue-dev/src/components/pagination/pagination.spec.js,Conditional Test Logic,"{'line': 56, 'column': 6, 'index': 1838}","  54 |       const pageLink = li.find('.page-link')
  55 |       expect(pageLink).toBeDefined()
> 56 |       if (index === 2) {
     |      ^ Conditional Test Logic
  57 |         expect(li.classes()).toContain('active')
  58 |         expect(li.classes()).not.toContain('disabled')
  59 |         expect(pageLink.element.tagName).toBe('BUTTON')"
/home/gabriel/Disk/Research/research-javascript-test-smells/repositories/bootstrap-vue-dev/src/components/pagination/pagination.spec.js,Conditional Test Logic,"{'line': 531, 'column': 6, 'index': 16761}","  529 |     wrapper.findAll('li').wrappers.forEach((li, index) => {
  530 |       expect(li.classes()).toContain('page-item')
> 531 |       if (index === 0) {
      |      ^ Conditional Test Logic
  532 |         // First button
  533 |         expect(li.classes()).toContain('disabled')
  534 |       } else if (index === 1) {"
/home/gabriel/Disk/Research/research-javascript-test-smells/repositories/bootstrap-vue-dev/src/components/pagination/pagination.spec.js,Conditional Test Logic,"{'line': 534, 'column': 13, 'index': 16868}","  532 |         // First button
  533 |         expect(li.classes()).toContain('disabled')
> 534 |       } else if (index === 1) {
      |             ^ Conditional Test Logic
  535 |         // Prev button
  536 |         expect(li.classes()).toContain('disabled')
  537 |       } else if (index === 9) {"
/home/gabriel/Disk/Research/research-javascript-test-smells/repositories/bootstrap-vue-dev/src/components/pagination/pagination.spec.js,Conditional Test Logic,"{'line': 537, 'column': 13, 'index': 16974}","  535 |         // Prev button
  536 |         expect(li.classes()).toContain('disabled')
> 537 |       } else if (index === 9) {
      |             ^ Conditional Test Logic
  538 |         // Next button
  539 |         expect(li.classes()).not.toContain('disabled')
  540 |       } else if (index === 10) {"
/home/gabriel/Disk/Research/research-javascript-test-smells/repositories/bootstrap-vue-dev/src/components/pagination/pagination.spec.js,Conditional Test Logic,"{'line': 540, 'column': 13, 'index': 17084}","  538 |         // Next button
  539 |         expect(li.classes()).not.toContain('disabled')
> 540 |       } else if (index === 10) {
      |             ^ Conditional Test Logic
  541 |         // Last button
  542 |         expect(li.classes()).not.toContain('disabled')
  543 |       } else {"
/home/gabriel/Disk/Research/research-javascript-test-smells/repositories/bootstrap-vue-dev/src/components/pagination/pagination.spec.js,Conditional Test Logic,"{'line': 545, 'column': 8, 'index': 17236}","  543 |       } else {
  544 |         // Page number buttons
> 545 |         if (index === 2) {
      |        ^ Conditional Test Logic
  546 |           expect(li.classes()).toContain('active')
  547 |         } else {
  548 |           expect(li.classes()).not.toContain('active')"
/home/gabriel/Disk/Research/research-javascript-test-smells/repositories/bootstrap-vue-dev/src/components/pagination/pagination.spec.js,Conditional Test Logic,"{'line': 550, 'column': 8, 'index': 17396}","  548 |           expect(li.classes()).not.toContain('active')
  549 |         }
> 550 |         if (index < 5) {
      |        ^ Conditional Test Logic
  551 |           expect(li.classes()).not.toContain('bv-d-xs-down-none')
  552 |         } else if (index > 4) {
  553 |           expect(li.classes()).toContain('bv-d-xs-down-none')"
/home/gabriel/Disk/Research/research-javascript-test-smells/repositories/bootstrap-vue-dev/src/components/pagination/pagination.spec.js,Conditional Test Logic,"{'line': 552, 'column': 15, 'index': 17494}","  550 |         if (index < 5) {
  551 |           expect(li.classes()).not.toContain('bv-d-xs-down-none')
> 552 |         } else if (index > 4) {
      |               ^ Conditional Test Logic
  553 |           expect(li.classes()).toContain('bv-d-xs-down-none')
  554 |         }
  555 |       }"
/home/gabriel/Disk/Research/research-javascript-test-smells/repositories/bootstrap-vue-dev/src/components/pagination/pagination.spec.js,Conditional Test Logic,"{'line': 568, 'column': 6, 'index': 18005}","  566 |     wrapper.findAll('li').wrappers.forEach((li, index) => {
  567 |       expect(li.classes()).toContain('page-item')
> 568 |       if (index === 0) {
      |      ^ Conditional Test Logic
  569 |         // First button
  570 |         expect(li.classes()).not.toContain('disabled')
  571 |       } else if (index === 1) {"
/home/gabriel/Disk/Research/research-javascript-test-smells/repositories/bootstrap-vue-dev/src/components/pagination/pagination.spec.js,Conditional Test Logic,"{'line': 571, 'column': 13, 'index': 18116}","  569 |         // First button
  570 |         expect(li.classes()).not.toContain('disabled')
> 571 |       } else if (index === 1) {
      |             ^ Conditional Test Logic
  572 |         // Prev button
  573 |         expect(li.classes()).not.toContain('disabled')
  574 |       } else if (index === 9) {"
/home/gabriel/Disk/Research/research-javascript-test-smells/repositories/bootstrap-vue-dev/src/components/pagination/pagination.spec.js,Conditional Test Logic,"{'line': 574, 'column': 13, 'index': 18226}","  572 |         // Prev button
  573 |         expect(li.classes()).not.toContain('disabled')
> 574 |       } else if (index === 9) {
      |             ^ Conditional Test Logic
  575 |         // Next button
  576 |         expect(li.classes()).not.toContain('disabled')
  577 |       } else if (index === 10) {"
/home/gabriel/Disk/Research/research-javascript-test-smells/repositories/bootstrap-vue-dev/src/components/pagination/pagination.spec.js,Conditional Test Logic,"{'line': 577, 'column': 13, 'index': 18336}","  575 |         // Next button
  576 |         expect(li.classes()).not.toContain('disabled')
> 577 |       } else if (index === 10) {
      |             ^ Conditional Test Logic
  578 |         // Last button
  579 |         expect(li.classes()).not.toContain('disabled')
  580 |       } else {"
/home/gabriel/Disk/Research/research-javascript-test-smells/repositories/bootstrap-vue-dev/src/components/pagination/pagination.spec.js,Conditional Test Logic,"{'line': 582, 'column': 8, 'index': 18488}","  580 |       } else {
  581 |         // Page number buttons
> 582 |         if (index === 5) {
      |        ^ Conditional Test Logic
  583 |           expect(li.classes()).toContain('active')
  584 |         } else {
  585 |           expect(li.classes()).not.toContain('active')"
/home/gabriel/Disk/Research/research-javascript-test-smells/repositories/bootstrap-vue-dev/src/components/pagination/pagination.spec.js,Conditional Test Logic,"{'line': 587, 'column': 8, 'index': 18648}","  585 |           expect(li.classes()).not.toContain('active')
  586 |         }
> 587 |         if (index > 3 && index < 7) {
      |        ^ Conditional Test Logic
  588 |           expect(li.classes()).not.toContain('bv-d-xs-down-none')
  589 |         } else if (index < 4 || index > 6) {
  590 |           expect(li.classes()).toContain('bv-d-xs-down-none')"
/home/gabriel/Disk/Research/research-javascript-test-smells/repositories/bootstrap-vue-dev/src/components/pagination/pagination.spec.js,Conditional Test Logic,"{'line': 589, 'column': 15, 'index': 18759}","  587 |         if (index > 3 && index < 7) {
  588 |           expect(li.classes()).not.toContain('bv-d-xs-down-none')
> 589 |         } else if (index < 4 || index > 6) {
      |               ^ Conditional Test Logic
  590 |           expect(li.classes()).toContain('bv-d-xs-down-none')
  591 |         }
  592 |       }"
/home/gabriel/Disk/Research/research-javascript-test-smells/repositories/bootstrap-vue-dev/src/components/pagination/pagination.spec.js,Conditional Test Logic,"{'line': 606, 'column': 6, 'index': 19303}","  604 |       expect(li.classes()).toContain('page-item')
  605 |       // Page number buttons
> 606 |       if (index >= 2 && index <= 5) {
      |      ^ Conditional Test Logic
  607 |         // Pages 1 to 4
  608 |         expect(li.classes()).toContain('bv-d-xs-down-none')
  609 |       } else if (index >= 6 && index <= 8) {"
/home/gabriel/Disk/Research/research-javascript-test-smells/repositories/bootstrap-vue-dev/src/components/pagination/pagination.spec.js,Conditional Test Logic,"{'line': 609, 'column': 13, 'index': 19432}","  607 |         // Pages 1 to 4
  608 |         expect(li.classes()).toContain('bv-d-xs-down-none')
> 609 |       } else if (index >= 6 && index <= 8) {
      |             ^ Conditional Test Logic
  610 |         // Pages 5 to 7
  611 |         expect(li.classes()).not.toContain('bv-d-xs-down-none')
  612 |       }"
/home/gabriel/Disk/Research/research-javascript-test-smells/repositories/bootstrap-vue-dev/src/components/pagination/pagination.spec.js,Conditional Test Logic,"{'line': 668, 'column': 10, 'index': 21180}","  666 |         onPageClick(bvEvent, page) {
  667 |           // Prevent 3rd page from being selected
> 668 |           if (page === 3) {
      |          ^ Conditional Test Logic
  669 |             bvEvent.preventDefault()
  670 |           }
  671 |         }"
/home/gabriel/Disk/Research/research-javascript-test-smells/repositories/bootstrap-vue-dev/src/components/pagination/pagination.spec.js,Duplicate Assert,"{'line': 24, 'column': 4, 'index': 653}","  22 |     expect(wrapper.element.tagName).toBe('UL')
  23 |     // Classes
> 24 |     expect(wrapper.classes()).toContain('pagination')
     |    ^ Duplicate Assert
  25 |     expect(wrapper.classes()).toContain('b-pagination')
  26 |     expect(wrapper.classes()).not.toContain('pagination-sm')
  27 |     expect(wrapper.classes()).not.toContain('pagination-lg')"
/home/gabriel/Disk/Research/research-javascript-test-smells/repositories/bootstrap-vue-dev/src/components/pagination/pagination.spec.js,Duplicate Assert,"{'line': 25, 'column': 4, 'index': 707}","  23 |     // Classes
  24 |     expect(wrapper.classes()).toContain('pagination')
> 25 |     expect(wrapper.classes()).toContain('b-pagination')
     |    ^ Duplicate Assert
  26 |     expect(wrapper.classes()).not.toContain('pagination-sm')
  27 |     expect(wrapper.classes()).not.toContain('pagination-lg')
  28 |     expect(wrapper.classes()).not.toContain('justify-content-center')"
/home/gabriel/Disk/Research/research-javascript-test-smells/repositories/bootstrap-vue-dev/src/components/pagination/pagination.spec.js,Duplicate Assert,"{'line': 26, 'column': 4, 'index': 763}","  24 |     expect(wrapper.classes()).toContain('pagination')
  25 |     expect(wrapper.classes()).toContain('b-pagination')
> 26 |     expect(wrapper.classes()).not.toContain('pagination-sm')
     |    ^ Duplicate Assert
  27 |     expect(wrapper.classes()).not.toContain('pagination-lg')
  28 |     expect(wrapper.classes()).not.toContain('justify-content-center')
  29 |     expect(wrapper.classes()).not.toContain('justify-content-end')"
/home/gabriel/Disk/Research/research-javascript-test-smells/repositories/bootstrap-vue-dev/src/components/pagination/pagination.spec.js,Duplicate Assert,"{'line': 27, 'column': 4, 'index': 824}","  25 |     expect(wrapper.classes()).toContain('b-pagination')
  26 |     expect(wrapper.classes()).not.toContain('pagination-sm')
> 27 |     expect(wrapper.classes()).not.toContain('pagination-lg')
     |    ^ Duplicate Assert
  28 |     expect(wrapper.classes()).not.toContain('justify-content-center')
  29 |     expect(wrapper.classes()).not.toContain('justify-content-end')
  30 |     expect(wrapper.classes()).not.toContain('b-pagination-pills')"
/home/gabriel/Disk/Research/research-javascript-test-smells/repositories/bootstrap-vue-dev/src/components/pagination/pagination.spec.js,Duplicate Assert,"{'line': 28, 'column': 4, 'index': 885}","  26 |     expect(wrapper.classes()).not.toContain('pagination-sm')
  27 |     expect(wrapper.classes()).not.toContain('pagination-lg')
> 28 |     expect(wrapper.classes()).not.toContain('justify-content-center')
     |    ^ Duplicate Assert
  29 |     expect(wrapper.classes()).not.toContain('justify-content-end')
  30 |     expect(wrapper.classes()).not.toContain('b-pagination-pills')
  31 |     // Attributes"
/home/gabriel/Disk/Research/research-javascript-test-smells/repositories/bootstrap-vue-dev/src/components/pagination/pagination.spec.js,Duplicate Assert,"{'line': 29, 'column': 4, 'index': 955}","  27 |     expect(wrapper.classes()).not.toContain('pagination-lg')
  28 |     expect(wrapper.classes()).not.toContain('justify-content-center')
> 29 |     expect(wrapper.classes()).not.toContain('justify-content-end')
     |    ^ Duplicate Assert
  30 |     expect(wrapper.classes()).not.toContain('b-pagination-pills')
  31 |     // Attributes
  32 |     expect(wrapper.attributes('role')).toBe('menubar')"
/home/gabriel/Disk/Research/research-javascript-test-smells/repositories/bootstrap-vue-dev/src/components/pagination/pagination.spec.js,Duplicate Assert,"{'line': 30, 'column': 4, 'index': 1022}","  28 |     expect(wrapper.classes()).not.toContain('justify-content-center')
  29 |     expect(wrapper.classes()).not.toContain('justify-content-end')
> 30 |     expect(wrapper.classes()).not.toContain('b-pagination-pills')
     |    ^ Duplicate Assert
  31 |     // Attributes
  32 |     expect(wrapper.attributes('role')).toBe('menubar')
  33 |     expect(wrapper.attributes('aria-disabled')).toBe('false')"
/home/gabriel/Disk/Research/research-javascript-test-smells/repositories/bootstrap-vue-dev/src/components/pagination/pagination.spec.js,Duplicate Assert,"{'line': 53, 'column': 6, 'index': 1706}","  51 |
  52 |     lis.wrappers.forEach((li, index) => {
> 53 |       expect(li.classes()).toContain('page-item')
     |      ^ Duplicate Assert
  54 |       const pageLink = li.find('.page-link')
  55 |       expect(pageLink).toBeDefined()
  56 |       if (index === 2) {"
/home/gabriel/Disk/Research/research-javascript-test-smells/repositories/bootstrap-vue-dev/src/components/pagination/pagination.spec.js,Duplicate Assert,"{'line': 57, 'column': 8, 'index': 1865}","  55 |       expect(pageLink).toBeDefined()
  56 |       if (index === 2) {
> 57 |         expect(li.classes()).toContain('active')
     |        ^ Duplicate Assert
  58 |         expect(li.classes()).not.toContain('disabled')
  59 |         expect(pageLink.element.tagName).toBe('BUTTON')
  60 |       } else {"
/home/gabriel/Disk/Research/research-javascript-test-smells/repositories/bootstrap-vue-dev/src/components/pagination/pagination.spec.js,Duplicate Assert,"{'line': 58, 'column': 8, 'index': 1914}","  56 |       if (index === 2) {
  57 |         expect(li.classes()).toContain('active')
> 58 |         expect(li.classes()).not.toContain('disabled')
     |        ^ Duplicate Assert
  59 |         expect(pageLink.element.tagName).toBe('BUTTON')
  60 |       } else {
  61 |         expect(li.classes()).not.toContain('active')"
/home/gabriel/Disk/Research/research-javascript-test-smells/repositories/bootstrap-vue-dev/src/components/pagination/pagination.spec.js,Duplicate Assert,"{'line': 59, 'column': 8, 'index': 1969}","  57 |         expect(li.classes()).toContain('active')
  58 |         expect(li.classes()).not.toContain('disabled')
> 59 |         expect(pageLink.element.tagName).toBe('BUTTON')
     |        ^ Duplicate Assert
  60 |       } else {
  61 |         expect(li.classes()).not.toContain('active')
  62 |         expect(li.classes()).toContain('disabled')"
/home/gabriel/Disk/Research/research-javascript-test-smells/repositories/bootstrap-vue-dev/src/components/pagination/pagination.spec.js,Duplicate Assert,"{'line': 61, 'column': 8, 'index': 2040}","  59 |         expect(pageLink.element.tagName).toBe('BUTTON')
  60 |       } else {
> 61 |         expect(li.classes()).not.toContain('active')
     |        ^ Duplicate Assert
  62 |         expect(li.classes()).toContain('disabled')
  63 |         expect(pageLink.element.tagName).toBe('SPAN')
  64 |       }"
/home/gabriel/Disk/Research/research-javascript-test-smells/repositories/bootstrap-vue-dev/src/components/pagination/pagination.spec.js,Duplicate Assert,"{'line': 62, 'column': 8, 'index': 2093}","  60 |       } else {
  61 |         expect(li.classes()).not.toContain('active')
> 62 |         expect(li.classes()).toContain('disabled')
     |        ^ Duplicate Assert
  63 |         expect(pageLink.element.tagName).toBe('SPAN')
  64 |       }
  65 |     })"
/home/gabriel/Disk/Research/research-javascript-test-smells/repositories/bootstrap-vue-dev/src/components/pagination/pagination.spec.js,Duplicate Assert,"{'line': 63, 'column': 8, 'index': 2144}","  61 |         expect(li.classes()).not.toContain('active')
  62 |         expect(li.classes()).toContain('disabled')
> 63 |         expect(pageLink.element.tagName).toBe('SPAN')
     |        ^ Duplicate Assert
  64 |       }
  65 |     })
  66 |"
/home/gabriel/Disk/Research/research-javascript-test-smells/repositories/bootstrap-vue-dev/src/components/pagination/pagination.spec.js,Duplicate Assert,"{'line': 153, 'column': 4, 'index': 4638}","  151 |       }
  152 |     })
> 153 |     expect(wrapper.element.tagName).toBe('UL')
      |    ^ Duplicate Assert
  154 |     expect(wrapper.findAll('li').length).toBe(5)
  155 |
  156 |     await wrapper.setProps({"
/home/gabriel/Disk/Research/research-javascript-test-smells/repositories/bootstrap-vue-dev/src/components/pagination/pagination.spec.js,Duplicate Assert,"{'line': 153, 'column': 4, 'index': 4638}","  151 |       }
  152 |     })
> 153 |     expect(wrapper.element.tagName).toBe('UL')
      |    ^ Duplicate Assert
  154 |     expect(wrapper.findAll('li').length).toBe(5)
  155 |
  156 |     await wrapper.setProps({"
/home/gabriel/Disk/Research/research-javascript-test-smells/repositories/bootstrap-vue-dev/src/components/pagination/pagination.spec.js,Duplicate Assert,"{'line': 154, 'column': 4, 'index': 4685}","  152 |     })
  153 |     expect(wrapper.element.tagName).toBe('UL')
> 154 |     expect(wrapper.findAll('li').length).toBe(5)
      |    ^ Duplicate Assert
  155 |
  156 |     await wrapper.setProps({
  157 |       totalRows: 4"
/home/gabriel/Disk/Research/research-javascript-test-smells/repositories/bootstrap-vue-dev/src/components/pagination/pagination.spec.js,Duplicate Assert,"{'line': 161, 'column': 4, 'index': 4820}","  159 |     await waitNT(wrapper.vm)
  160 |
> 161 |     expect(wrapper.element.tagName).toBe('UL')
      |    ^ Duplicate Assert
  162 |     expect(wrapper.findAll('li').length).toBe(8)
  163 |
  164 |     await wrapper.setProps({"
/home/gabriel/Disk/Research/research-javascript-test-smells/repositories/bootstrap-vue-dev/src/components/pagination/pagination.spec.js,Duplicate Assert,"{'line': 161, 'column': 4, 'index': 4820}","  159 |     await waitNT(wrapper.vm)
  160 |
> 161 |     expect(wrapper.element.tagName).toBe('UL')
      |    ^ Duplicate Assert
  162 |     expect(wrapper.findAll('li').length).toBe(8)
  163 |
  164 |     await wrapper.setProps({"
/home/gabriel/Disk/Research/research-javascript-test-smells/repositories/bootstrap-vue-dev/src/components/pagination/pagination.spec.js,Duplicate Assert,"{'line': 162, 'column': 4, 'index': 4867}","  160 |
  161 |     expect(wrapper.element.tagName).toBe('UL')
> 162 |     expect(wrapper.findAll('li').length).toBe(8)
      |    ^ Duplicate Assert
  163 |
  164 |     await wrapper.setProps({
  165 |       perPage: 2"
/home/gabriel/Disk/Research/research-javascript-test-smells/repositories/bootstrap-vue-dev/src/components/pagination/pagination.spec.js,Duplicate Assert,"{'line': 169, 'column': 4, 'index': 5000}","  167 |     await waitNT(wrapper.vm)
  168 |
> 169 |     expect(wrapper.element.tagName).toBe('UL')
      |    ^ Duplicate Assert
  170 |     expect(wrapper.findAll('li').length).toBe(6)
  171 |
  172 |     wrapper.destroy()"
/home/gabriel/Disk/Research/research-javascript-test-smells/repositories/bootstrap-vue-dev/src/components/pagination/pagination.spec.js,Duplicate Assert,"{'line': 169, 'column': 4, 'index': 5000}","  167 |     await waitNT(wrapper.vm)
  168 |
> 169 |     expect(wrapper.element.tagName).toBe('UL')
      |    ^ Duplicate Assert
  170 |     expect(wrapper.findAll('li').length).toBe(6)
  171 |
  172 |     wrapper.destroy()"
/home/gabriel/Disk/Research/research-javascript-test-smells/repositories/bootstrap-vue-dev/src/components/pagination/pagination.spec.js,Duplicate Assert,"{'line': 170, 'column': 4, 'index': 5047}","  168 |
  169 |     expect(wrapper.element.tagName).toBe('UL')
> 170 |     expect(wrapper.findAll('li').length).toBe(6)
      |    ^ Duplicate Assert
  171 |
  172 |     wrapper.destroy()
  173 |   })"
/home/gabriel/Disk/Research/research-javascript-test-smells/repositories/bootstrap-vue-dev/src/components/pagination/pagination.spec.js,Duplicate Assert,"{'line': 185, 'column': 4, 'index': 5400}","  183 |     expect(wrapper.element.tagName).toBe('UL')
  184 |     // Classes
> 185 |     expect(wrapper.classes()).toContain('pagination')
      |    ^ Duplicate Assert
  186 |     expect(wrapper.classes()).toContain('b-pagination')
  187 |     expect(wrapper.classes()).toContain('b-pagination-pills')
  188 |     expect(wrapper.classes()).not.toContain('pagination-lg')"
/home/gabriel/Disk/Research/research-javascript-test-smells/repositories/bootstrap-vue-dev/src/components/pagination/pagination.spec.js,Duplicate Assert,"{'line': 186, 'column': 4, 'index': 5454}","  184 |     // Classes
  185 |     expect(wrapper.classes()).toContain('pagination')
> 186 |     expect(wrapper.classes()).toContain('b-pagination')
      |    ^ Duplicate Assert
  187 |     expect(wrapper.classes()).toContain('b-pagination-pills')
  188 |     expect(wrapper.classes()).not.toContain('pagination-lg')
  189 |     expect(wrapper.classes()).not.toContain('justify-content-center')"
/home/gabriel/Disk/Research/research-javascript-test-smells/repositories/bootstrap-vue-dev/src/components/pagination/pagination.spec.js,Duplicate Assert,"{'line': 187, 'column': 4, 'index': 5510}","  185 |     expect(wrapper.classes()).toContain('pagination')
  186 |     expect(wrapper.classes()).toContain('b-pagination')
> 187 |     expect(wrapper.classes()).toContain('b-pagination-pills')
      |    ^ Duplicate Assert
  188 |     expect(wrapper.classes()).not.toContain('pagination-lg')
  189 |     expect(wrapper.classes()).not.toContain('justify-content-center')
  190 |     expect(wrapper.classes()).not.toContain('justify-content-end')"
/home/gabriel/Disk/Research/research-javascript-test-smells/repositories/bootstrap-vue-dev/src/components/pagination/pagination.spec.js,Duplicate Assert,"{'line': 188, 'column': 4, 'index': 5572}","  186 |     expect(wrapper.classes()).toContain('b-pagination')
  187 |     expect(wrapper.classes()).toContain('b-pagination-pills')
> 188 |     expect(wrapper.classes()).not.toContain('pagination-lg')
      |    ^ Duplicate Assert
  189 |     expect(wrapper.classes()).not.toContain('justify-content-center')
  190 |     expect(wrapper.classes()).not.toContain('justify-content-end')
  191 |     // Attributes"
/home/gabriel/Disk/Research/research-javascript-test-smells/repositories/bootstrap-vue-dev/src/components/pagination/pagination.spec.js,Duplicate Assert,"{'line': 189, 'column': 4, 'index': 5633}","  187 |     expect(wrapper.classes()).toContain('b-pagination-pills')
  188 |     expect(wrapper.classes()).not.toContain('pagination-lg')
> 189 |     expect(wrapper.classes()).not.toContain('justify-content-center')
      |    ^ Duplicate Assert
  190 |     expect(wrapper.classes()).not.toContain('justify-content-end')
  191 |     // Attributes
  192 |     expect(wrapper.attributes('role')).toBe('menubar')"
/home/gabriel/Disk/Research/research-javascript-test-smells/repositories/bootstrap-vue-dev/src/components/pagination/pagination.spec.js,Duplicate Assert,"{'line': 190, 'column': 4, 'index': 5703}","  188 |     expect(wrapper.classes()).not.toContain('pagination-lg')
  189 |     expect(wrapper.classes()).not.toContain('justify-content-center')
> 190 |     expect(wrapper.classes()).not.toContain('justify-content-end')
      |    ^ Duplicate Assert
  191 |     // Attributes
  192 |     expect(wrapper.attributes('role')).toBe('menubar')
  193 |     expect(wrapper.attributes('aria-disabled')).toBe('false')"
/home/gabriel/Disk/Research/research-javascript-test-smells/repositories/bootstrap-vue-dev/src/components/pagination/pagination.spec.js,Duplicate Assert,"{'line': 209, 'column': 4, 'index': 6264}","  207 |     expect(wrapper.element.tagName).toBe('UL')
  208 |     // Classes
> 209 |     expect(wrapper.classes()).toContain('pagination')
      |    ^ Duplicate Assert
  210 |     expect(wrapper.classes()).toContain('b-pagination')
  211 |     expect(wrapper.classes()).toContain('pagination-sm')
  212 |     expect(wrapper.classes()).not.toContain('pagination-lg')"
/home/gabriel/Disk/Research/research-javascript-test-smells/repositories/bootstrap-vue-dev/src/components/pagination/pagination.spec.js,Duplicate Assert,"{'line': 210, 'column': 4, 'index': 6318}","  208 |     // Classes
  209 |     expect(wrapper.classes()).toContain('pagination')
> 210 |     expect(wrapper.classes()).toContain('b-pagination')
      |    ^ Duplicate Assert
  211 |     expect(wrapper.classes()).toContain('pagination-sm')
  212 |     expect(wrapper.classes()).not.toContain('pagination-lg')
  213 |     expect(wrapper.classes()).not.toContain('justify-content-center')"
/home/gabriel/Disk/Research/research-javascript-test-smells/repositories/bootstrap-vue-dev/src/components/pagination/pagination.spec.js,Duplicate Assert,"{'line': 211, 'column': 4, 'index': 6374}","  209 |     expect(wrapper.classes()).toContain('pagination')
  210 |     expect(wrapper.classes()).toContain('b-pagination')
> 211 |     expect(wrapper.classes()).toContain('pagination-sm')
      |    ^ Duplicate Assert
  212 |     expect(wrapper.classes()).not.toContain('pagination-lg')
  213 |     expect(wrapper.classes()).not.toContain('justify-content-center')
  214 |     expect(wrapper.classes()).not.toContain('justify-content-end')"
/home/gabriel/Disk/Research/research-javascript-test-smells/repositories/bootstrap-vue-dev/src/components/pagination/pagination.spec.js,Duplicate Assert,"{'line': 212, 'column': 4, 'index': 6431}","  210 |     expect(wrapper.classes()).toContain('b-pagination')
  211 |     expect(wrapper.classes()).toContain('pagination-sm')
> 212 |     expect(wrapper.classes()).not.toContain('pagination-lg')
      |    ^ Duplicate Assert
  213 |     expect(wrapper.classes()).not.toContain('justify-content-center')
  214 |     expect(wrapper.classes()).not.toContain('justify-content-end')
  215 |     expect(wrapper.classes()).not.toContain('b-pagination-pills')"
/home/gabriel/Disk/Research/research-javascript-test-smells/repositories/bootstrap-vue-dev/src/components/pagination/pagination.spec.js,Duplicate Assert,"{'line': 213, 'column': 4, 'index': 6492}","  211 |     expect(wrapper.classes()).toContain('pagination-sm')
  212 |     expect(wrapper.classes()).not.toContain('pagination-lg')
> 213 |     expect(wrapper.classes()).not.toContain('justify-content-center')
      |    ^ Duplicate Assert
  214 |     expect(wrapper.classes()).not.toContain('justify-content-end')
  215 |     expect(wrapper.classes()).not.toContain('b-pagination-pills')
  216 |     // Attributes"
/home/gabriel/Disk/Research/research-javascript-test-smells/repositories/bootstrap-vue-dev/src/components/pagination/pagination.spec.js,Duplicate Assert,"{'line': 214, 'column': 4, 'index': 6562}","  212 |     expect(wrapper.classes()).not.toContain('pagination-lg')
  213 |     expect(wrapper.classes()).not.toContain('justify-content-center')
> 214 |     expect(wrapper.classes()).not.toContain('justify-content-end')
      |    ^ Duplicate Assert
  215 |     expect(wrapper.classes()).not.toContain('b-pagination-pills')
  216 |     // Attributes
  217 |     expect(wrapper.attributes('role')).toBe('menubar')"
/home/gabriel/Disk/Research/research-javascript-test-smells/repositories/bootstrap-vue-dev/src/components/pagination/pagination.spec.js,Duplicate Assert,"{'line': 215, 'column': 4, 'index': 6629}","  213 |     expect(wrapper.classes()).not.toContain('justify-content-center')
  214 |     expect(wrapper.classes()).not.toContain('justify-content-end')
> 215 |     expect(wrapper.classes()).not.toContain('b-pagination-pills')
      |    ^ Duplicate Assert
  216 |     // Attributes
  217 |     expect(wrapper.attributes('role')).toBe('menubar')
  218 |     expect(wrapper.attributes('aria-disabled')).toBe('false')"
/home/gabriel/Disk/Research/research-javascript-test-smells/repositories/bootstrap-vue-dev/src/components/pagination/pagination.spec.js,Duplicate Assert,"{'line': 234, 'column': 4, 'index': 7189}","  232 |     expect(wrapper.element.tagName).toBe('UL')
  233 |     // Classes
> 234 |     expect(wrapper.classes()).toContain('pagination')
      |    ^ Duplicate Assert
  235 |     expect(wrapper.classes()).toContain('b-pagination')
  236 |     expect(wrapper.classes()).not.toContain('pagination-sm')
  237 |     expect(wrapper.classes()).toContain('pagination-lg')"
/home/gabriel/Disk/Research/research-javascript-test-smells/repositories/bootstrap-vue-dev/src/components/pagination/pagination.spec.js,Duplicate Assert,"{'line': 235, 'column': 4, 'index': 7243}","  233 |     // Classes
  234 |     expect(wrapper.classes()).toContain('pagination')
> 235 |     expect(wrapper.classes()).toContain('b-pagination')
      |    ^ Duplicate Assert
  236 |     expect(wrapper.classes()).not.toContain('pagination-sm')
  237 |     expect(wrapper.classes()).toContain('pagination-lg')
  238 |     expect(wrapper.classes()).not.toContain('justify-content-center')"
/home/gabriel/Disk/Research/research-javascript-test-smells/repositories/bootstrap-vue-dev/src/components/pagination/pagination.spec.js,Duplicate Assert,"{'line': 236, 'column': 4, 'index': 7299}","  234 |     expect(wrapper.classes()).toContain('pagination')
  235 |     expect(wrapper.classes()).toContain('b-pagination')
> 236 |     expect(wrapper.classes()).not.toContain('pagination-sm')
      |    ^ Duplicate Assert
  237 |     expect(wrapper.classes()).toContain('pagination-lg')
  238 |     expect(wrapper.classes()).not.toContain('justify-content-center')
  239 |     expect(wrapper.classes()).not.toContain('justify-content-end')"
/home/gabriel/Disk/Research/research-javascript-test-smells/repositories/bootstrap-vue-dev/src/components/pagination/pagination.spec.js,Duplicate Assert,"{'line': 237, 'column': 4, 'index': 7360}","  235 |     expect(wrapper.classes()).toContain('b-pagination')
  236 |     expect(wrapper.classes()).not.toContain('pagination-sm')
> 237 |     expect(wrapper.classes()).toContain('pagination-lg')
      |    ^ Duplicate Assert
  238 |     expect(wrapper.classes()).not.toContain('justify-content-center')
  239 |     expect(wrapper.classes()).not.toContain('justify-content-end')
  240 |     expect(wrapper.classes()).not.toContain('b-pagination-pills')"
/home/gabriel/Disk/Research/research-javascript-test-smells/repositories/bootstrap-vue-dev/src/components/pagination/pagination.spec.js,Duplicate Assert,"{'line': 238, 'column': 4, 'index': 7417}","  236 |     expect(wrapper.classes()).not.toContain('pagination-sm')
  237 |     expect(wrapper.classes()).toContain('pagination-lg')
> 238 |     expect(wrapper.classes()).not.toContain('justify-content-center')
      |    ^ Duplicate Assert
  239 |     expect(wrapper.classes()).not.toContain('justify-content-end')
  240 |     expect(wrapper.classes()).not.toContain('b-pagination-pills')
  241 |     // Attributes"
/home/gabriel/Disk/Research/research-javascript-test-smells/repositories/bootstrap-vue-dev/src/components/pagination/pagination.spec.js,Duplicate Assert,"{'line': 239, 'column': 4, 'index': 7487}","  237 |     expect(wrapper.classes()).toContain('pagination-lg')
  238 |     expect(wrapper.classes()).not.toContain('justify-content-center')
> 239 |     expect(wrapper.classes()).not.toContain('justify-content-end')
      |    ^ Duplicate Assert
  240 |     expect(wrapper.classes()).not.toContain('b-pagination-pills')
  241 |     // Attributes
  242 |     expect(wrapper.attributes('role')).toBe('menubar')"
/home/gabriel/Disk/Research/research-javascript-test-smells/repositories/bootstrap-vue-dev/src/components/pagination/pagination.spec.js,Duplicate Assert,"{'line': 240, 'column': 4, 'index': 7554}","  238 |     expect(wrapper.classes()).not.toContain('justify-content-center')
  239 |     expect(wrapper.classes()).not.toContain('justify-content-end')
> 240 |     expect(wrapper.classes()).not.toContain('b-pagination-pills')
      |    ^ Duplicate Assert
  241 |     // Attributes
  242 |     expect(wrapper.attributes('role')).toBe('menubar')
  243 |     expect(wrapper.attributes('aria-disabled')).toBe('false')"
/home/gabriel/Disk/Research/research-javascript-test-smells/repositories/bootstrap-vue-dev/src/components/pagination/pagination.spec.js,Duplicate Assert,"{'line': 259, 'column': 4, 'index': 8117}","  257 |     expect(wrapper.element.tagName).toBe('UL')
  258 |     // Classes
> 259 |     expect(wrapper.classes()).toContain('pagination-foo')
      |    ^ Duplicate Assert
  260 |     expect(wrapper.classes()).toContain('pagination')
  261 |     expect(wrapper.classes()).toContain('b-pagination')
  262 |     expect(wrapper.classes()).not.toContain('pagination-sm')"
/home/gabriel/Disk/Research/research-javascript-test-smells/repositories/bootstrap-vue-dev/src/components/pagination/pagination.spec.js,Duplicate Assert,"{'line': 260, 'column': 4, 'index': 8175}","  258 |     // Classes
  259 |     expect(wrapper.classes()).toContain('pagination-foo')
> 260 |     expect(wrapper.classes()).toContain('pagination')
      |    ^ Duplicate Assert
  261 |     expect(wrapper.classes()).toContain('b-pagination')
  262 |     expect(wrapper.classes()).not.toContain('pagination-sm')
  263 |     expect(wrapper.classes()).not.toContain('pagination-lg')"
/home/gabriel/Disk/Research/research-javascript-test-smells/repositories/bootstrap-vue-dev/src/components/pagination/pagination.spec.js,Duplicate Assert,"{'line': 261, 'column': 4, 'index': 8229}","  259 |     expect(wrapper.classes()).toContain('pagination-foo')
  260 |     expect(wrapper.classes()).toContain('pagination')
> 261 |     expect(wrapper.classes()).toContain('b-pagination')
      |    ^ Duplicate Assert
  262 |     expect(wrapper.classes()).not.toContain('pagination-sm')
  263 |     expect(wrapper.classes()).not.toContain('pagination-lg')
  264 |     expect(wrapper.classes()).not.toContain('justify-content-center')"
/home/gabriel/Disk/Research/research-javascript-test-smells/repositories/bootstrap-vue-dev/src/components/pagination/pagination.spec.js,Duplicate Assert,"{'line': 262, 'column': 4, 'index': 8285}","  260 |     expect(wrapper.classes()).toContain('pagination')
  261 |     expect(wrapper.classes()).toContain('b-pagination')
> 262 |     expect(wrapper.classes()).not.toContain('pagination-sm')
      |    ^ Duplicate Assert
  263 |     expect(wrapper.classes()).not.toContain('pagination-lg')
  264 |     expect(wrapper.classes()).not.toContain('justify-content-center')
  265 |     expect(wrapper.classes()).not.toContain('justify-content-end')"
/home/gabriel/Disk/Research/research-javascript-test-smells/repositories/bootstrap-vue-dev/src/components/pagination/pagination.spec.js,Duplicate Assert,"{'line': 263, 'column': 4, 'index': 8346}","  261 |     expect(wrapper.classes()).toContain('b-pagination')
  262 |     expect(wrapper.classes()).not.toContain('pagination-sm')
> 263 |     expect(wrapper.classes()).not.toContain('pagination-lg')
      |    ^ Duplicate Assert
  264 |     expect(wrapper.classes()).not.toContain('justify-content-center')
  265 |     expect(wrapper.classes()).not.toContain('justify-content-end')
  266 |     expect(wrapper.classes()).not.toContain('b-pagination-pills')"
/home/gabriel/Disk/Research/research-javascript-test-smells/repositories/bootstrap-vue-dev/src/components/pagination/pagination.spec.js,Duplicate Assert,"{'line': 264, 'column': 4, 'index': 8407}","  262 |     expect(wrapper.classes()).not.toContain('pagination-sm')
  263 |     expect(wrapper.classes()).not.toContain('pagination-lg')
> 264 |     expect(wrapper.classes()).not.toContain('justify-content-center')
      |    ^ Duplicate Assert
  265 |     expect(wrapper.classes()).not.toContain('justify-content-end')
  266 |     expect(wrapper.classes()).not.toContain('b-pagination-pills')
  267 |     // Attributes"
/home/gabriel/Disk/Research/research-javascript-test-smells/repositories/bootstrap-vue-dev/src/components/pagination/pagination.spec.js,Duplicate Assert,"{'line': 265, 'column': 4, 'index': 8477}","  263 |     expect(wrapper.classes()).not.toContain('pagination-lg')
  264 |     expect(wrapper.classes()).not.toContain('justify-content-center')
> 265 |     expect(wrapper.classes()).not.toContain('justify-content-end')
      |    ^ Duplicate Assert
  266 |     expect(wrapper.classes()).not.toContain('b-pagination-pills')
  267 |     // Attributes
  268 |     expect(wrapper.attributes('role')).toBe('menubar')"
/home/gabriel/Disk/Research/research-javascript-test-smells/repositories/bootstrap-vue-dev/src/components/pagination/pagination.spec.js,Duplicate Assert,"{'line': 266, 'column': 4, 'index': 8544}","  264 |     expect(wrapper.classes()).not.toContain('justify-content-center')
  265 |     expect(wrapper.classes()).not.toContain('justify-content-end')
> 266 |     expect(wrapper.classes()).not.toContain('b-pagination-pills')
      |    ^ Duplicate Assert
  267 |     // Attributes
  268 |     expect(wrapper.attributes('role')).toBe('menubar')
  269 |     expect(wrapper.attributes('aria-disabled')).toBe('false')"
/home/gabriel/Disk/Research/research-javascript-test-smells/repositories/bootstrap-vue-dev/src/components/pagination/pagination.spec.js,Duplicate Assert,"{'line': 285, 'column': 4, 'index': 9123}","  283 |     expect(wrapper.element.tagName).toBe('UL')
  284 |     // Classes
> 285 |     expect(wrapper.classes()).toContain('pagination')
      |    ^ Duplicate Assert
  286 |     expect(wrapper.classes()).toContain('b-pagination')
  287 |     expect(wrapper.classes()).not.toContain('pagination-sm')
  288 |     expect(wrapper.classes()).not.toContain('pagination-lg')"
/home/gabriel/Disk/Research/research-javascript-test-smells/repositories/bootstrap-vue-dev/src/components/pagination/pagination.spec.js,Duplicate Assert,"{'line': 286, 'column': 4, 'index': 9177}","  284 |     // Classes
  285 |     expect(wrapper.classes()).toContain('pagination')
> 286 |     expect(wrapper.classes()).toContain('b-pagination')
      |    ^ Duplicate Assert
  287 |     expect(wrapper.classes()).not.toContain('pagination-sm')
  288 |     expect(wrapper.classes()).not.toContain('pagination-lg')
  289 |     expect(wrapper.classes()).toContain('justify-content-center')"
/home/gabriel/Disk/Research/research-javascript-test-smells/repositories/bootstrap-vue-dev/src/components/pagination/pagination.spec.js,Duplicate Assert,"{'line': 287, 'column': 4, 'index': 9233}","  285 |     expect(wrapper.classes()).toContain('pagination')
  286 |     expect(wrapper.classes()).toContain('b-pagination')
> 287 |     expect(wrapper.classes()).not.toContain('pagination-sm')
      |    ^ Duplicate Assert
  288 |     expect(wrapper.classes()).not.toContain('pagination-lg')
  289 |     expect(wrapper.classes()).toContain('justify-content-center')
  290 |     expect(wrapper.classes()).not.toContain('justify-content-end')"
/home/gabriel/Disk/Research/research-javascript-test-smells/repositories/bootstrap-vue-dev/src/components/pagination/pagination.spec.js,Duplicate Assert,"{'line': 288, 'column': 4, 'index': 9294}","  286 |     expect(wrapper.classes()).toContain('b-pagination')
  287 |     expect(wrapper.classes()).not.toContain('pagination-sm')
> 288 |     expect(wrapper.classes()).not.toContain('pagination-lg')
      |    ^ Duplicate Assert
  289 |     expect(wrapper.classes()).toContain('justify-content-center')
  290 |     expect(wrapper.classes()).not.toContain('justify-content-end')
  291 |     expect(wrapper.classes()).not.toContain('b-pagination-pills')"
/home/gabriel/Disk/Research/research-javascript-test-smells/repositories/bootstrap-vue-dev/src/components/pagination/pagination.spec.js,Duplicate Assert,"{'line': 289, 'column': 4, 'index': 9355}","  287 |     expect(wrapper.classes()).not.toContain('pagination-sm')
  288 |     expect(wrapper.classes()).not.toContain('pagination-lg')
> 289 |     expect(wrapper.classes()).toContain('justify-content-center')
      |    ^ Duplicate Assert
  290 |     expect(wrapper.classes()).not.toContain('justify-content-end')
  291 |     expect(wrapper.classes()).not.toContain('b-pagination-pills')
  292 |     // Attributes"
/home/gabriel/Disk/Research/research-javascript-test-smells/repositories/bootstrap-vue-dev/src/components/pagination/pagination.spec.js,Duplicate Assert,"{'line': 290, 'column': 4, 'index': 9421}","  288 |     expect(wrapper.classes()).not.toContain('pagination-lg')
  289 |     expect(wrapper.classes()).toContain('justify-content-center')
> 290 |     expect(wrapper.classes()).not.toContain('justify-content-end')
      |    ^ Duplicate Assert
  291 |     expect(wrapper.classes()).not.toContain('b-pagination-pills')
  292 |     // Attributes
  293 |     expect(wrapper.attributes('role')).toBe('menubar')"
/home/gabriel/Disk/Research/research-javascript-test-smells/repositories/bootstrap-vue-dev/src/components/pagination/pagination.spec.js,Duplicate Assert,"{'line': 291, 'column': 4, 'index': 9488}","  289 |     expect(wrapper.classes()).toContain('justify-content-center')
  290 |     expect(wrapper.classes()).not.toContain('justify-content-end')
> 291 |     expect(wrapper.classes()).not.toContain('b-pagination-pills')
      |    ^ Duplicate Assert
  292 |     // Attributes
  293 |     expect(wrapper.attributes('role')).toBe('menubar')
  294 |     expect(wrapper.attributes('aria-disabled')).toBe('false')"
/home/gabriel/Disk/Research/research-javascript-test-smells/repositories/bootstrap-vue-dev/src/components/pagination/pagination.spec.js,Duplicate Assert,"{'line': 310, 'column': 4, 'index': 10062}","  308 |     expect(wrapper.element.tagName).toBe('UL')
  309 |     // Classes
> 310 |     expect(wrapper.classes()).toContain('pagination')
      |    ^ Duplicate Assert
  311 |     expect(wrapper.classes()).toContain('b-pagination')
  312 |     expect(wrapper.classes()).not.toContain('pagination-sm')
  313 |     expect(wrapper.classes()).not.toContain('pagination-lg')"
/home/gabriel/Disk/Research/research-javascript-test-smells/repositories/bootstrap-vue-dev/src/components/pagination/pagination.spec.js,Duplicate Assert,"{'line': 311, 'column': 4, 'index': 10116}","  309 |     // Classes
  310 |     expect(wrapper.classes()).toContain('pagination')
> 311 |     expect(wrapper.classes()).toContain('b-pagination')
      |    ^ Duplicate Assert
  312 |     expect(wrapper.classes()).not.toContain('pagination-sm')
  313 |     expect(wrapper.classes()).not.toContain('pagination-lg')
  314 |     expect(wrapper.classes()).not.toContain('justify-content-center')"
/home/gabriel/Disk/Research/research-javascript-test-smells/repositories/bootstrap-vue-dev/src/components/pagination/pagination.spec.js,Duplicate Assert,"{'line': 312, 'column': 4, 'index': 10172}","  310 |     expect(wrapper.classes()).toContain('pagination')
  311 |     expect(wrapper.classes()).toContain('b-pagination')
> 312 |     expect(wrapper.classes()).not.toContain('pagination-sm')
      |    ^ Duplicate Assert
  313 |     expect(wrapper.classes()).not.toContain('pagination-lg')
  314 |     expect(wrapper.classes()).not.toContain('justify-content-center')
  315 |     expect(wrapper.classes()).toContain('justify-content-end')"
/home/gabriel/Disk/Research/research-javascript-test-smells/repositories/bootstrap-vue-dev/src/components/pagination/pagination.spec.js,Duplicate Assert,"{'line': 313, 'column': 4, 'index': 10233}","  311 |     expect(wrapper.classes()).toContain('b-pagination')
  312 |     expect(wrapper.classes()).not.toContain('pagination-sm')
> 313 |     expect(wrapper.classes()).not.toContain('pagination-lg')
      |    ^ Duplicate Assert
  314 |     expect(wrapper.classes()).not.toContain('justify-content-center')
  315 |     expect(wrapper.classes()).toContain('justify-content-end')
  316 |     expect(wrapper.classes()).not.toContain('b-pagination-pills')"
/home/gabriel/Disk/Research/research-javascript-test-smells/repositories/bootstrap-vue-dev/src/components/pagination/pagination.spec.js,Duplicate Assert,"{'line': 314, 'column': 4, 'index': 10294}","  312 |     expect(wrapper.classes()).not.toContain('pagination-sm')
  313 |     expect(wrapper.classes()).not.toContain('pagination-lg')
> 314 |     expect(wrapper.classes()).not.toContain('justify-content-center')
      |    ^ Duplicate Assert
  315 |     expect(wrapper.classes()).toContain('justify-content-end')
  316 |     expect(wrapper.classes()).not.toContain('b-pagination-pills')
  317 |     // Attributes"
/home/gabriel/Disk/Research/research-javascript-test-smells/repositories/bootstrap-vue-dev/src/components/pagination/pagination.spec.js,Duplicate Assert,"{'line': 315, 'column': 4, 'index': 10364}","  313 |     expect(wrapper.classes()).not.toContain('pagination-lg')
  314 |     expect(wrapper.classes()).not.toContain('justify-content-center')
> 315 |     expect(wrapper.classes()).toContain('justify-content-end')
      |    ^ Duplicate Assert
  316 |     expect(wrapper.classes()).not.toContain('b-pagination-pills')
  317 |     // Attributes
  318 |     expect(wrapper.attributes('role')).toBe('menubar')"
/home/gabriel/Disk/Research/research-javascript-test-smells/repositories/bootstrap-vue-dev/src/components/pagination/pagination.spec.js,Duplicate Assert,"{'line': 316, 'column': 4, 'index': 10427}","  314 |     expect(wrapper.classes()).not.toContain('justify-content-center')
  315 |     expect(wrapper.classes()).toContain('justify-content-end')
> 316 |     expect(wrapper.classes()).not.toContain('b-pagination-pills')
      |    ^ Duplicate Assert
  317 |     // Attributes
  318 |     expect(wrapper.attributes('role')).toBe('menubar')
  319 |     expect(wrapper.attributes('aria-disabled')).toBe('false')"
/home/gabriel/Disk/Research/research-javascript-test-smells/repositories/bootstrap-vue-dev/src/components/pagination/pagination.spec.js,Duplicate Assert,"{'line': 335, 'column': 4, 'index': 10997}","  333 |     expect(wrapper.element.tagName).toBe('UL')
  334 |     // Classes
> 335 |     expect(wrapper.classes()).toContain('pagination')
      |    ^ Duplicate Assert
  336 |     expect(wrapper.classes()).toContain('b-pagination')
  337 |     expect(wrapper.classes()).not.toContain('pagination-sm')
  338 |     expect(wrapper.classes()).not.toContain('pagination-lg')"
/home/gabriel/Disk/Research/research-javascript-test-smells/repositories/bootstrap-vue-dev/src/components/pagination/pagination.spec.js,Duplicate Assert,"{'line': 336, 'column': 4, 'index': 11051}","  334 |     // Classes
  335 |     expect(wrapper.classes()).toContain('pagination')
> 336 |     expect(wrapper.classes()).toContain('b-pagination')
      |    ^ Duplicate Assert
  337 |     expect(wrapper.classes()).not.toContain('pagination-sm')
  338 |     expect(wrapper.classes()).not.toContain('pagination-lg')
  339 |     expect(wrapper.classes()).not.toContain('justify-content-center')"
/home/gabriel/Disk/Research/research-javascript-test-smells/repositories/bootstrap-vue-dev/src/components/pagination/pagination.spec.js,Duplicate Assert,"{'line': 337, 'column': 4, 'index': 11107}","  335 |     expect(wrapper.classes()).toContain('pagination')
  336 |     expect(wrapper.classes()).toContain('b-pagination')
> 337 |     expect(wrapper.classes()).not.toContain('pagination-sm')
      |    ^ Duplicate Assert
  338 |     expect(wrapper.classes()).not.toContain('pagination-lg')
  339 |     expect(wrapper.classes()).not.toContain('justify-content-center')
  340 |     expect(wrapper.classes()).toContain('justify-content-end')"
/home/gabriel/Disk/Research/research-javascript-test-smells/repositories/bootstrap-vue-dev/src/components/pagination/pagination.spec.js,Duplicate Assert,"{'line': 338, 'column': 4, 'index': 11168}","  336 |     expect(wrapper.classes()).toContain('b-pagination')
  337 |     expect(wrapper.classes()).not.toContain('pagination-sm')
> 338 |     expect(wrapper.classes()).not.toContain('pagination-lg')
      |    ^ Duplicate Assert
  339 |     expect(wrapper.classes()).not.toContain('justify-content-center')
  340 |     expect(wrapper.classes()).toContain('justify-content-end')
  341 |     expect(wrapper.classes()).not.toContain('b-pagination-pills')"
/home/gabriel/Disk/Research/research-javascript-test-smells/repositories/bootstrap-vue-dev/src/components/pagination/pagination.spec.js,Duplicate Assert,"{'line': 339, 'column': 4, 'index': 11229}","  337 |     expect(wrapper.classes()).not.toContain('pagination-sm')
  338 |     expect(wrapper.classes()).not.toContain('pagination-lg')
> 339 |     expect(wrapper.classes()).not.toContain('justify-content-center')
      |    ^ Duplicate Assert
  340 |     expect(wrapper.classes()).toContain('justify-content-end')
  341 |     expect(wrapper.classes()).not.toContain('b-pagination-pills')
  342 |     // Attributes"
/home/gabriel/Disk/Research/research-javascript-test-smells/repositories/bootstrap-vue-dev/src/components/pagination/pagination.spec.js,Duplicate Assert,"{'line': 340, 'column': 4, 'index': 11299}","  338 |     expect(wrapper.classes()).not.toContain('pagination-lg')
  339 |     expect(wrapper.classes()).not.toContain('justify-content-center')
> 340 |     expect(wrapper.classes()).toContain('justify-content-end')
      |    ^ Duplicate Assert
  341 |     expect(wrapper.classes()).not.toContain('b-pagination-pills')
  342 |     // Attributes
  343 |     expect(wrapper.attributes('role')).toBe('menubar')"
/home/gabriel/Disk/Research/research-javascript-test-smells/repositories/bootstrap-vue-dev/src/components/pagination/pagination.spec.js,Duplicate Assert,"{'line': 341, 'column': 4, 'index': 11362}","  339 |     expect(wrapper.classes()).not.toContain('justify-content-center')
  340 |     expect(wrapper.classes()).toContain('justify-content-end')
> 341 |     expect(wrapper.classes()).not.toContain('b-pagination-pills')
      |    ^ Duplicate Assert
  342 |     // Attributes
  343 |     expect(wrapper.attributes('role')).toBe('menubar')
  344 |     expect(wrapper.attributes('aria-disabled')).toBe('false')"
/home/gabriel/Disk/Research/research-javascript-test-smells/repositories/bootstrap-vue-dev/src/components/pagination/pagination.spec.js,Duplicate Assert,"{'line': 363, 'column': 4, 'index': 11979}","  361 |
  362 |     // Classes
> 363 |     expect(wrapper.classes()).toContain('text-center')
      |    ^ Duplicate Assert
  364 |     expect(wrapper.classes()).toContain('pagination')
  365 |     expect(wrapper.classes()).toContain('b-pagination')
  366 |     expect(wrapper.classes()).not.toContain('pagination-sm')"
/home/gabriel/Disk/Research/research-javascript-test-smells/repositories/bootstrap-vue-dev/src/components/pagination/pagination.spec.js,Duplicate Assert,"{'line': 364, 'column': 4, 'index': 12034}","  362 |     // Classes
  363 |     expect(wrapper.classes()).toContain('text-center')
> 364 |     expect(wrapper.classes()).toContain('pagination')
      |    ^ Duplicate Assert
  365 |     expect(wrapper.classes()).toContain('b-pagination')
  366 |     expect(wrapper.classes()).not.toContain('pagination-sm')
  367 |     expect(wrapper.classes()).not.toContain('pagination-lg')"
/home/gabriel/Disk/Research/research-javascript-test-smells/repositories/bootstrap-vue-dev/src/components/pagination/pagination.spec.js,Duplicate Assert,"{'line': 365, 'column': 4, 'index': 12088}","  363 |     expect(wrapper.classes()).toContain('text-center')
  364 |     expect(wrapper.classes()).toContain('pagination')
> 365 |     expect(wrapper.classes()).toContain('b-pagination')
      |    ^ Duplicate Assert
  366 |     expect(wrapper.classes()).not.toContain('pagination-sm')
  367 |     expect(wrapper.classes()).not.toContain('pagination-lg')
  368 |     expect(wrapper.classes()).not.toContain('justify-content-center')"
/home/gabriel/Disk/Research/research-javascript-test-smells/repositories/bootstrap-vue-dev/src/components/pagination/pagination.spec.js,Duplicate Assert,"{'line': 366, 'column': 4, 'index': 12144}","  364 |     expect(wrapper.classes()).toContain('pagination')
  365 |     expect(wrapper.classes()).toContain('b-pagination')
> 366 |     expect(wrapper.classes()).not.toContain('pagination-sm')
      |    ^ Duplicate Assert
  367 |     expect(wrapper.classes()).not.toContain('pagination-lg')
  368 |     expect(wrapper.classes()).not.toContain('justify-content-center')
  369 |     expect(wrapper.classes()).not.toContain('justify-content-end')"
/home/gabriel/Disk/Research/research-javascript-test-smells/repositories/bootstrap-vue-dev/src/components/pagination/pagination.spec.js,Duplicate Assert,"{'line': 367, 'column': 4, 'index': 12205}","  365 |     expect(wrapper.classes()).toContain('b-pagination')
  366 |     expect(wrapper.classes()).not.toContain('pagination-sm')
> 367 |     expect(wrapper.classes()).not.toContain('pagination-lg')
      |    ^ Duplicate Assert
  368 |     expect(wrapper.classes()).not.toContain('justify-content-center')
  369 |     expect(wrapper.classes()).not.toContain('justify-content-end')
  370 |     expect(wrapper.classes()).not.toContain('b-pagination-pills')"
/home/gabriel/Disk/Research/research-javascript-test-smells/repositories/bootstrap-vue-dev/src/components/pagination/pagination.spec.js,Duplicate Assert,"{'line': 368, 'column': 4, 'index': 12266}","  366 |     expect(wrapper.classes()).not.toContain('pagination-sm')
  367 |     expect(wrapper.classes()).not.toContain('pagination-lg')
> 368 |     expect(wrapper.classes()).not.toContain('justify-content-center')
      |    ^ Duplicate Assert
  369 |     expect(wrapper.classes()).not.toContain('justify-content-end')
  370 |     expect(wrapper.classes()).not.toContain('b-pagination-pills')
  371 |"
/home/gabriel/Disk/Research/research-javascript-test-smells/repositories/bootstrap-vue-dev/src/components/pagination/pagination.spec.js,Duplicate Assert,"{'line': 369, 'column': 4, 'index': 12336}","  367 |     expect(wrapper.classes()).not.toContain('pagination-lg')
  368 |     expect(wrapper.classes()).not.toContain('justify-content-center')
> 369 |     expect(wrapper.classes()).not.toContain('justify-content-end')
      |    ^ Duplicate Assert
  370 |     expect(wrapper.classes()).not.toContain('b-pagination-pills')
  371 |
  372 |     expect(wrapper.findAll('li.flex-fill').length).toBe(8)"
/home/gabriel/Disk/Research/research-javascript-test-smells/repositories/bootstrap-vue-dev/src/components/pagination/pagination.spec.js,Duplicate Assert,"{'line': 370, 'column': 4, 'index': 12403}","  368 |     expect(wrapper.classes()).not.toContain('justify-content-center')
  369 |     expect(wrapper.classes()).not.toContain('justify-content-end')
> 370 |     expect(wrapper.classes()).not.toContain('b-pagination-pills')
      |    ^ Duplicate Assert
  371 |
  372 |     expect(wrapper.findAll('li.flex-fill').length).toBe(8)
  373 |"
/home/gabriel/Disk/Research/research-javascript-test-smells/repositories/bootstrap-vue-dev/src/components/pagination/pagination.spec.js,Duplicate Assert,"{'line': 387, 'column': 4, 'index': 12852}","  385 |     })
  386 |     expect(wrapper.element.tagName).toBe('UL')
> 387 |     expect(wrapper.findAll('li').length).toBe(9)
      |    ^ Duplicate Assert
  388 |
  389 |     await wrapper.setProps({ value: 5 })
  390 |     await waitNT(wrapper.vm)"
/home/gabriel/Disk/Research/research-javascript-test-smells/repositories/bootstrap-vue-dev/src/components/pagination/pagination.spec.js,Duplicate Assert,"{'line': 387, 'column': 4, 'index': 12852}","  385 |     })
  386 |     expect(wrapper.element.tagName).toBe('UL')
> 387 |     expect(wrapper.findAll('li').length).toBe(9)
      |    ^ Duplicate Assert
  388 |
  389 |     await wrapper.setProps({ value: 5 })
  390 |     await waitNT(wrapper.vm)"
/home/gabriel/Disk/Research/research-javascript-test-smells/repositories/bootstrap-vue-dev/src/components/pagination/pagination.spec.js,Duplicate Assert,"{'line': 391, 'column': 4, 'index': 12972}","  389 |     await wrapper.setProps({ value: 5 })
  390 |     await waitNT(wrapper.vm)
> 391 |     expect(wrapper.findAll('li').length).toBe(9)
      |    ^ Duplicate Assert
  392 |
  393 |     wrapper.destroy()
  394 |   })"
/home/gabriel/Disk/Research/research-javascript-test-smells/repositories/bootstrap-vue-dev/src/components/pagination/pagination.spec.js,Duplicate Assert,"{'line': 391, 'column': 4, 'index': 12972}","  389 |     await wrapper.setProps({ value: 5 })
  390 |     await waitNT(wrapper.vm)
> 391 |     expect(wrapper.findAll('li').length).toBe(9)
      |    ^ Duplicate Assert
  392 |
  393 |     wrapper.destroy()
  394 |   })"
/home/gabriel/Disk/Research/research-javascript-test-smells/repositories/bootstrap-vue-dev/src/components/pagination/pagination.spec.js,Duplicate Assert,"{'line': 408, 'column': 4, 'index': 13417}","  406 |     })
  407 |     expect(wrapper.element.tagName).toBe('UL')
> 408 |     expect(wrapper.findAll('li').length).toBe(5)
      |    ^ Duplicate Assert
  409 |     expect(wrapper.findAll('button.page-link').length).toBe(4)
  410 |     expect(
  411 |       wrapper"
/home/gabriel/Disk/Research/research-javascript-test-smells/repositories/bootstrap-vue-dev/src/components/pagination/pagination.spec.js,Duplicate Assert,"{'line': 408, 'column': 4, 'index': 13417}","  406 |     })
  407 |     expect(wrapper.element.tagName).toBe('UL')
> 408 |     expect(wrapper.findAll('li').length).toBe(5)
      |    ^ Duplicate Assert
  409 |     expect(wrapper.findAll('button.page-link').length).toBe(4)
  410 |     expect(
  411 |       wrapper"
/home/gabriel/Disk/Research/research-javascript-test-smells/repositories/bootstrap-vue-dev/src/components/pagination/pagination.spec.js,Duplicate Assert,"{'line': 409, 'column': 4, 'index': 13466}","  407 |     expect(wrapper.element.tagName).toBe('UL')
  408 |     expect(wrapper.findAll('li').length).toBe(5)
> 409 |     expect(wrapper.findAll('button.page-link').length).toBe(4)
      |    ^ Duplicate Assert
  410 |     expect(
  411 |       wrapper
  412 |         .findAll('button.page-link')"
/home/gabriel/Disk/Research/research-javascript-test-smells/repositories/bootstrap-vue-dev/src/components/pagination/pagination.spec.js,Duplicate Assert,"{'line': 409, 'column': 4, 'index': 13466}","  407 |     expect(wrapper.element.tagName).toBe('UL')
  408 |     expect(wrapper.findAll('li').length).toBe(5)
> 409 |     expect(wrapper.findAll('button.page-link').length).toBe(4)
      |    ^ Duplicate Assert
  410 |     expect(
  411 |       wrapper
  412 |         .findAll('button.page-link')"
/home/gabriel/Disk/Research/research-javascript-test-smells/repositories/bootstrap-vue-dev/src/components/pagination/pagination.spec.js,Duplicate Assert,"{'line': 420, 'column': 4, 'index': 13773}","  418 |     })
  419 |     await waitNT(wrapper.vm)
> 420 |     expect(wrapper.findAll('li').length).toBe(5)
      |    ^ Duplicate Assert
  421 |     expect(wrapper.findAll('button.page-link').length).toBe(4)
  422 |     expect(
  423 |       wrapper.findAll('button.page-link').wrappers.every(w => w.find('[aria-controls]').exists())"
/home/gabriel/Disk/Research/research-javascript-test-smells/repositories/bootstrap-vue-dev/src/components/pagination/pagination.spec.js,Duplicate Assert,"{'line': 420, 'column': 4, 'index': 13773}","  418 |     })
  419 |     await waitNT(wrapper.vm)
> 420 |     expect(wrapper.findAll('li').length).toBe(5)
      |    ^ Duplicate Assert
  421 |     expect(wrapper.findAll('button.page-link').length).toBe(4)
  422 |     expect(
  423 |       wrapper.findAll('button.page-link').wrappers.every(w => w.find('[aria-controls]').exists())"
/home/gabriel/Disk/Research/research-javascript-test-smells/repositories/bootstrap-vue-dev/src/components/pagination/pagination.spec.js,Duplicate Assert,"{'line': 421, 'column': 4, 'index': 13822}","  419 |     await waitNT(wrapper.vm)
  420 |     expect(wrapper.findAll('li').length).toBe(5)
> 421 |     expect(wrapper.findAll('button.page-link').length).toBe(4)
      |    ^ Duplicate Assert
  422 |     expect(
  423 |       wrapper.findAll('button.page-link').wrappers.every(w => w.find('[aria-controls]').exists())
  424 |     ).toBe(false)"
/home/gabriel/Disk/Research/research-javascript-test-smells/repositories/bootstrap-vue-dev/src/components/pagination/pagination.spec.js,Duplicate Assert,"{'line': 421, 'column': 4, 'index': 13822}","  419 |     await waitNT(wrapper.vm)
  420 |     expect(wrapper.findAll('li').length).toBe(5)
> 421 |     expect(wrapper.findAll('button.page-link').length).toBe(4)
      |    ^ Duplicate Assert
  422 |     expect(
  423 |       wrapper.findAll('button.page-link').wrappers.every(w => w.find('[aria-controls]').exists())
  424 |     ).toBe(false)"
/home/gabriel/Disk/Research/research-javascript-test-smells/repositories/bootstrap-vue-dev/src/components/pagination/pagination.spec.js,Duplicate Assert,"{'line': 527, 'column': 4, 'index': 16549}","  525 |     // Should have the last 4 page buttons with the
  526 |     // display classes when currentPage = 0
> 527 |     expect(wrapper.vm.computedCurrentPage).toBe(1)
      |    ^ Duplicate Assert
  528 |     // Grab the page buttons (includes bookends)
  529 |     wrapper.findAll('li').wrappers.forEach((li, index) => {
  530 |       expect(li.classes()).toContain('page-item')"
/home/gabriel/Disk/Research/research-javascript-test-smells/repositories/bootstrap-vue-dev/src/components/pagination/pagination.spec.js,Duplicate Assert,"{'line': 530, 'column': 6, 'index': 16711}","  528 |     // Grab the page buttons (includes bookends)
  529 |     wrapper.findAll('li').wrappers.forEach((li, index) => {
> 530 |       expect(li.classes()).toContain('page-item')
      |      ^ Duplicate Assert
  531 |       if (index === 0) {
  532 |         // First button
  533 |         expect(li.classes()).toContain('disabled')"
/home/gabriel/Disk/Research/research-javascript-test-smells/repositories/bootstrap-vue-dev/src/components/pagination/pagination.spec.js,Duplicate Assert,"{'line': 530, 'column': 6, 'index': 16711}","  528 |     // Grab the page buttons (includes bookends)
  529 |     wrapper.findAll('li').wrappers.forEach((li, index) => {
> 530 |       expect(li.classes()).toContain('page-item')
      |      ^ Duplicate Assert
  531 |       if (index === 0) {
  532 |         // First button
  533 |         expect(li.classes()).toContain('disabled')"
/home/gabriel/Disk/Research/research-javascript-test-smells/repositories/bootstrap-vue-dev/src/components/pagination/pagination.spec.js,Duplicate Assert,"{'line': 533, 'column': 8, 'index': 16812}","  531 |       if (index === 0) {
  532 |         // First button
> 533 |         expect(li.classes()).toContain('disabled')
      |        ^ Duplicate Assert
  534 |       } else if (index === 1) {
  535 |         // Prev button
  536 |         expect(li.classes()).toContain('disabled')"
/home/gabriel/Disk/Research/research-javascript-test-smells/repositories/bootstrap-vue-dev/src/components/pagination/pagination.spec.js,Duplicate Assert,"{'line': 533, 'column': 8, 'index': 16812}","  531 |       if (index === 0) {
  532 |         // First button
> 533 |         expect(li.classes()).toContain('disabled')
      |        ^ Duplicate Assert
  534 |       } else if (index === 1) {
  535 |         // Prev button
  536 |         expect(li.classes()).toContain('disabled')"
/home/gabriel/Disk/Research/research-javascript-test-smells/repositories/bootstrap-vue-dev/src/components/pagination/pagination.spec.js,Duplicate Assert,"{'line': 536, 'column': 8, 'index': 16918}","  534 |       } else if (index === 1) {
  535 |         // Prev button
> 536 |         expect(li.classes()).toContain('disabled')
      |        ^ Duplicate Assert
  537 |       } else if (index === 9) {
  538 |         // Next button
  539 |         expect(li.classes()).not.toContain('disabled')"
/home/gabriel/Disk/Research/research-javascript-test-smells/repositories/bootstrap-vue-dev/src/components/pagination/pagination.spec.js,Duplicate Assert,"{'line': 536, 'column': 8, 'index': 16918}","  534 |       } else if (index === 1) {
  535 |         // Prev button
> 536 |         expect(li.classes()).toContain('disabled')
      |        ^ Duplicate Assert
  537 |       } else if (index === 9) {
  538 |         // Next button
  539 |         expect(li.classes()).not.toContain('disabled')"
/home/gabriel/Disk/Research/research-javascript-test-smells/repositories/bootstrap-vue-dev/src/components/pagination/pagination.spec.js,Duplicate Assert,"{'line': 539, 'column': 8, 'index': 17024}","  537 |       } else if (index === 9) {
  538 |         // Next button
> 539 |         expect(li.classes()).not.toContain('disabled')
      |        ^ Duplicate Assert
  540 |       } else if (index === 10) {
  541 |         // Last button
  542 |         expect(li.classes()).not.toContain('disabled')"
/home/gabriel/Disk/Research/research-javascript-test-smells/repositories/bootstrap-vue-dev/src/components/pagination/pagination.spec.js,Duplicate Assert,"{'line': 539, 'column': 8, 'index': 17024}","  537 |       } else if (index === 9) {
  538 |         // Next button
> 539 |         expect(li.classes()).not.toContain('disabled')
      |        ^ Duplicate Assert
  540 |       } else if (index === 10) {
  541 |         // Last button
  542 |         expect(li.classes()).not.toContain('disabled')"
/home/gabriel/Disk/Research/research-javascript-test-smells/repositories/bootstrap-vue-dev/src/components/pagination/pagination.spec.js,Duplicate Assert,"{'line': 542, 'column': 8, 'index': 17135}","  540 |       } else if (index === 10) {
  541 |         // Last button
> 542 |         expect(li.classes()).not.toContain('disabled')
      |        ^ Duplicate Assert
  543 |       } else {
  544 |         // Page number buttons
  545 |         if (index === 2) {"
/home/gabriel/Disk/Research/research-javascript-test-smells/repositories/bootstrap-vue-dev/src/components/pagination/pagination.spec.js,Duplicate Assert,"{'line': 542, 'column': 8, 'index': 17135}","  540 |       } else if (index === 10) {
  541 |         // Last button
> 542 |         expect(li.classes()).not.toContain('disabled')
      |        ^ Duplicate Assert
  543 |       } else {
  544 |         // Page number buttons
  545 |         if (index === 2) {"
/home/gabriel/Disk/Research/research-javascript-test-smells/repositories/bootstrap-vue-dev/src/components/pagination/pagination.spec.js,Duplicate Assert,"{'line': 546, 'column': 10, 'index': 17265}","  544 |         // Page number buttons
  545 |         if (index === 2) {
> 546 |           expect(li.classes()).toContain('active')
      |          ^ Duplicate Assert
  547 |         } else {
  548 |           expect(li.classes()).not.toContain('active')
  549 |         }"
/home/gabriel/Disk/Research/research-javascript-test-smells/repositories/bootstrap-vue-dev/src/components/pagination/pagination.spec.js,Duplicate Assert,"{'line': 546, 'column': 10, 'index': 17265}","  544 |         // Page number buttons
  545 |         if (index === 2) {
> 546 |           expect(li.classes()).toContain('active')
      |          ^ Duplicate Assert
  547 |         } else {
  548 |           expect(li.classes()).not.toContain('active')
  549 |         }"
/home/gabriel/Disk/Research/research-javascript-test-smells/repositories/bootstrap-vue-dev/src/components/pagination/pagination.spec.js,Duplicate Assert,"{'line': 548, 'column': 10, 'index': 17333}","  546 |           expect(li.classes()).toContain('active')
  547 |         } else {
> 548 |           expect(li.classes()).not.toContain('active')
      |          ^ Duplicate Assert
  549 |         }
  550 |         if (index < 5) {
  551 |           expect(li.classes()).not.toContain('bv-d-xs-down-none')"
/home/gabriel/Disk/Research/research-javascript-test-smells/repositories/bootstrap-vue-dev/src/components/pagination/pagination.spec.js,Duplicate Assert,"{'line': 548, 'column': 10, 'index': 17333}","  546 |           expect(li.classes()).toContain('active')
  547 |         } else {
> 548 |           expect(li.classes()).not.toContain('active')
      |          ^ Duplicate Assert
  549 |         }
  550 |         if (index < 5) {
  551 |           expect(li.classes()).not.toContain('bv-d-xs-down-none')"
/home/gabriel/Disk/Research/research-javascript-test-smells/repositories/bootstrap-vue-dev/src/components/pagination/pagination.spec.js,Duplicate Assert,"{'line': 551, 'column': 10, 'index': 17423}","  549 |         }
  550 |         if (index < 5) {
> 551 |           expect(li.classes()).not.toContain('bv-d-xs-down-none')
      |          ^ Duplicate Assert
  552 |         } else if (index > 4) {
  553 |           expect(li.classes()).toContain('bv-d-xs-down-none')
  554 |         }"
/home/gabriel/Disk/Research/research-javascript-test-smells/repositories/bootstrap-vue-dev/src/components/pagination/pagination.spec.js,Duplicate Assert,"{'line': 551, 'column': 10, 'index': 17423}","  549 |         }
  550 |         if (index < 5) {
> 551 |           expect(li.classes()).not.toContain('bv-d-xs-down-none')
      |          ^ Duplicate Assert
  552 |         } else if (index > 4) {
  553 |           expect(li.classes()).toContain('bv-d-xs-down-none')
  554 |         }"
/home/gabriel/Disk/Research/research-javascript-test-smells/repositories/bootstrap-vue-dev/src/components/pagination/pagination.spec.js,Duplicate Assert,"{'line': 553, 'column': 10, 'index': 17521}","  551 |           expect(li.classes()).not.toContain('bv-d-xs-down-none')
  552 |         } else if (index > 4) {
> 553 |           expect(li.classes()).toContain('bv-d-xs-down-none')
      |          ^ Duplicate Assert
  554 |         }
  555 |       }
  556 |     })"
/home/gabriel/Disk/Research/research-javascript-test-smells/repositories/bootstrap-vue-dev/src/components/pagination/pagination.spec.js,Duplicate Assert,"{'line': 553, 'column': 10, 'index': 17521}","  551 |           expect(li.classes()).not.toContain('bv-d-xs-down-none')
  552 |         } else if (index > 4) {
> 553 |           expect(li.classes()).toContain('bv-d-xs-down-none')
      |          ^ Duplicate Assert
  554 |         }
  555 |       }
  556 |     })"
/home/gabriel/Disk/Research/research-javascript-test-smells/repositories/bootstrap-vue-dev/src/components/pagination/pagination.spec.js,Duplicate Assert,"{'line': 564, 'column': 4, 'index': 17792}","  562 |     })
  563 |     await waitNT(wrapper.vm)
> 564 |     expect(wrapper.vm.computedCurrentPage).toBe(4)
      |    ^ Duplicate Assert
  565 |     // Grab the page buttons (including bookends)
  566 |     wrapper.findAll('li').wrappers.forEach((li, index) => {
  567 |       expect(li.classes()).toContain('page-item')"
/home/gabriel/Disk/Research/research-javascript-test-smells/repositories/bootstrap-vue-dev/src/components/pagination/pagination.spec.js,Duplicate Assert,"{'line': 567, 'column': 6, 'index': 17955}","  565 |     // Grab the page buttons (including bookends)
  566 |     wrapper.findAll('li').wrappers.forEach((li, index) => {
> 567 |       expect(li.classes()).toContain('page-item')
      |      ^ Duplicate Assert
  568 |       if (index === 0) {
  569 |         // First button
  570 |         expect(li.classes()).not.toContain('disabled')"
/home/gabriel/Disk/Research/research-javascript-test-smells/repositories/bootstrap-vue-dev/src/components/pagination/pagination.spec.js,Duplicate Assert,"{'line': 567, 'column': 6, 'index': 17955}","  565 |     // Grab the page buttons (including bookends)
  566 |     wrapper.findAll('li').wrappers.forEach((li, index) => {
> 567 |       expect(li.classes()).toContain('page-item')
      |      ^ Duplicate Assert
  568 |       if (index === 0) {
  569 |         // First button
  570 |         expect(li.classes()).not.toContain('disabled')"
/home/gabriel/Disk/Research/research-javascript-test-smells/repositories/bootstrap-vue-dev/src/components/pagination/pagination.spec.js,Duplicate Assert,"{'line': 570, 'column': 8, 'index': 18056}","  568 |       if (index === 0) {
  569 |         // First button
> 570 |         expect(li.classes()).not.toContain('disabled')
      |        ^ Duplicate Assert
  571 |       } else if (index === 1) {
  572 |         // Prev button
  573 |         expect(li.classes()).not.toContain('disabled')"
/home/gabriel/Disk/Research/research-javascript-test-smells/repositories/bootstrap-vue-dev/src/components/pagination/pagination.spec.js,Duplicate Assert,"{'line': 570, 'column': 8, 'index': 18056}","  568 |       if (index === 0) {
  569 |         // First button
> 570 |         expect(li.classes()).not.toContain('disabled')
      |        ^ Duplicate Assert
  571 |       } else if (index === 1) {
  572 |         // Prev button
  573 |         expect(li.classes()).not.toContain('disabled')"
/home/gabriel/Disk/Research/research-javascript-test-smells/repositories/bootstrap-vue-dev/src/components/pagination/pagination.spec.js,Duplicate Assert,"{'line': 573, 'column': 8, 'index': 18166}","  571 |       } else if (index === 1) {
  572 |         // Prev button
> 573 |         expect(li.classes()).not.toContain('disabled')
      |        ^ Duplicate Assert
  574 |       } else if (index === 9) {
  575 |         // Next button
  576 |         expect(li.classes()).not.toContain('disabled')"
/home/gabriel/Disk/Research/research-javascript-test-smells/repositories/bootstrap-vue-dev/src/components/pagination/pagination.spec.js,Duplicate Assert,"{'line': 573, 'column': 8, 'index': 18166}","  571 |       } else if (index === 1) {
  572 |         // Prev button
> 573 |         expect(li.classes()).not.toContain('disabled')
      |        ^ Duplicate Assert
  574 |       } else if (index === 9) {
  575 |         // Next button
  576 |         expect(li.classes()).not.toContain('disabled')"
/home/gabriel/Disk/Research/research-javascript-test-smells/repositories/bootstrap-vue-dev/src/components/pagination/pagination.spec.js,Duplicate Assert,"{'line': 576, 'column': 8, 'index': 18276}","  574 |       } else if (index === 9) {
  575 |         // Next button
> 576 |         expect(li.classes()).not.toContain('disabled')
      |        ^ Duplicate Assert
  577 |       } else if (index === 10) {
  578 |         // Last button
  579 |         expect(li.classes()).not.toContain('disabled')"
/home/gabriel/Disk/Research/research-javascript-test-smells/repositories/bootstrap-vue-dev/src/components/pagination/pagination.spec.js,Duplicate Assert,"{'line': 576, 'column': 8, 'index': 18276}","  574 |       } else if (index === 9) {
  575 |         // Next button
> 576 |         expect(li.classes()).not.toContain('disabled')
      |        ^ Duplicate Assert
  577 |       } else if (index === 10) {
  578 |         // Last button
  579 |         expect(li.classes()).not.toContain('disabled')"
/home/gabriel/Disk/Research/research-javascript-test-smells/repositories/bootstrap-vue-dev/src/components/pagination/pagination.spec.js,Duplicate Assert,"{'line': 579, 'column': 8, 'index': 18387}","  577 |       } else if (index === 10) {
  578 |         // Last button
> 579 |         expect(li.classes()).not.toContain('disabled')
      |        ^ Duplicate Assert
  580 |       } else {
  581 |         // Page number buttons
  582 |         if (index === 5) {"
/home/gabriel/Disk/Research/research-javascript-test-smells/repositories/bootstrap-vue-dev/src/components/pagination/pagination.spec.js,Duplicate Assert,"{'line': 579, 'column': 8, 'index': 18387}","  577 |       } else if (index === 10) {
  578 |         // Last button
> 579 |         expect(li.classes()).not.toContain('disabled')
      |        ^ Duplicate Assert
  580 |       } else {
  581 |         // Page number buttons
  582 |         if (index === 5) {"
/home/gabriel/Disk/Research/research-javascript-test-smells/repositories/bootstrap-vue-dev/src/components/pagination/pagination.spec.js,Duplicate Assert,"{'line': 583, 'column': 10, 'index': 18517}","  581 |         // Page number buttons
  582 |         if (index === 5) {
> 583 |           expect(li.classes()).toContain('active')
      |          ^ Duplicate Assert
  584 |         } else {
  585 |           expect(li.classes()).not.toContain('active')
  586 |         }"
/home/gabriel/Disk/Research/research-javascript-test-smells/repositories/bootstrap-vue-dev/src/components/pagination/pagination.spec.js,Duplicate Assert,"{'line': 583, 'column': 10, 'index': 18517}","  581 |         // Page number buttons
  582 |         if (index === 5) {
> 583 |           expect(li.classes()).toContain('active')
      |          ^ Duplicate Assert
  584 |         } else {
  585 |           expect(li.classes()).not.toContain('active')
  586 |         }"
/home/gabriel/Disk/Research/research-javascript-test-smells/repositories/bootstrap-vue-dev/src/components/pagination/pagination.spec.js,Duplicate Assert,"{'line': 585, 'column': 10, 'index': 18585}","  583 |           expect(li.classes()).toContain('active')
  584 |         } else {
> 585 |           expect(li.classes()).not.toContain('active')
      |          ^ Duplicate Assert
  586 |         }
  587 |         if (index > 3 && index < 7) {
  588 |           expect(li.classes()).not.toContain('bv-d-xs-down-none')"
/home/gabriel/Disk/Research/research-javascript-test-smells/repositories/bootstrap-vue-dev/src/components/pagination/pagination.spec.js,Duplicate Assert,"{'line': 585, 'column': 10, 'index': 18585}","  583 |           expect(li.classes()).toContain('active')
  584 |         } else {
> 585 |           expect(li.classes()).not.toContain('active')
      |          ^ Duplicate Assert
  586 |         }
  587 |         if (index > 3 && index < 7) {
  588 |           expect(li.classes()).not.toContain('bv-d-xs-down-none')"
/home/gabriel/Disk/Research/research-javascript-test-smells/repositories/bootstrap-vue-dev/src/components/pagination/pagination.spec.js,Duplicate Assert,"{'line': 588, 'column': 10, 'index': 18688}","  586 |         }
  587 |         if (index > 3 && index < 7) {
> 588 |           expect(li.classes()).not.toContain('bv-d-xs-down-none')
      |          ^ Duplicate Assert
  589 |         } else if (index < 4 || index > 6) {
  590 |           expect(li.classes()).toContain('bv-d-xs-down-none')
  591 |         }"
/home/gabriel/Disk/Research/research-javascript-test-smells/repositories/bootstrap-vue-dev/src/components/pagination/pagination.spec.js,Duplicate Assert,"{'line': 588, 'column': 10, 'index': 18688}","  586 |         }
  587 |         if (index > 3 && index < 7) {
> 588 |           expect(li.classes()).not.toContain('bv-d-xs-down-none')
      |          ^ Duplicate Assert
  589 |         } else if (index < 4 || index > 6) {
  590 |           expect(li.classes()).toContain('bv-d-xs-down-none')
  591 |         }"
/home/gabriel/Disk/Research/research-javascript-test-smells/repositories/bootstrap-vue-dev/src/components/pagination/pagination.spec.js,Duplicate Assert,"{'line': 590, 'column': 10, 'index': 18799}","  588 |           expect(li.classes()).not.toContain('bv-d-xs-down-none')
  589 |         } else if (index < 4 || index > 6) {
> 590 |           expect(li.classes()).toContain('bv-d-xs-down-none')
      |          ^ Duplicate Assert
  591 |         }
  592 |       }
  593 |     })"
/home/gabriel/Disk/Research/research-javascript-test-smells/repositories/bootstrap-vue-dev/src/components/pagination/pagination.spec.js,Duplicate Assert,"{'line': 590, 'column': 10, 'index': 18799}","  588 |           expect(li.classes()).not.toContain('bv-d-xs-down-none')
  589 |         } else if (index < 4 || index > 6) {
> 590 |           expect(li.classes()).toContain('bv-d-xs-down-none')
      |          ^ Duplicate Assert
  591 |         }
  592 |       }
  593 |     })"
/home/gabriel/Disk/Research/research-javascript-test-smells/repositories/bootstrap-vue-dev/src/components/pagination/pagination.spec.js,Duplicate Assert,"{'line': 601, 'column': 4, 'index': 19061}","  599 |     })
  600 |     await waitNT(wrapper.vm)
> 601 |     expect(wrapper.vm.computedCurrentPage).toBe(7)
      |    ^ Duplicate Assert
  602 |     // Grab the page buttons (including bookends)
  603 |     wrapper.findAll('li').wrappers.forEach((li, index) => {
  604 |       expect(li.classes()).toContain('page-item')"
/home/gabriel/Disk/Research/research-javascript-test-smells/repositories/bootstrap-vue-dev/src/components/pagination/pagination.spec.js,Duplicate Assert,"{'line': 604, 'column': 6, 'index': 19224}","  602 |     // Grab the page buttons (including bookends)
  603 |     wrapper.findAll('li').wrappers.forEach((li, index) => {
> 604 |       expect(li.classes()).toContain('page-item')
      |      ^ Duplicate Assert
  605 |       // Page number buttons
  606 |       if (index >= 2 && index <= 5) {
  607 |         // Pages 1 to 4"
/home/gabriel/Disk/Research/research-javascript-test-smells/repositories/bootstrap-vue-dev/src/components/pagination/pagination.spec.js,Duplicate Assert,"{'line': 604, 'column': 6, 'index': 19224}","  602 |     // Grab the page buttons (including bookends)
  603 |     wrapper.findAll('li').wrappers.forEach((li, index) => {
> 604 |       expect(li.classes()).toContain('page-item')
      |      ^ Duplicate Assert
  605 |       // Page number buttons
  606 |       if (index >= 2 && index <= 5) {
  607 |         // Pages 1 to 4"
/home/gabriel/Disk/Research/research-javascript-test-smells/repositories/bootstrap-vue-dev/src/components/pagination/pagination.spec.js,Duplicate Assert,"{'line': 608, 'column': 8, 'index': 19367}","  606 |       if (index >= 2 && index <= 5) {
  607 |         // Pages 1 to 4
> 608 |         expect(li.classes()).toContain('bv-d-xs-down-none')
      |        ^ Duplicate Assert
  609 |       } else if (index >= 6 && index <= 8) {
  610 |         // Pages 5 to 7
  611 |         expect(li.classes()).not.toContain('bv-d-xs-down-none')"
/home/gabriel/Disk/Research/research-javascript-test-smells/repositories/bootstrap-vue-dev/src/components/pagination/pagination.spec.js,Duplicate Assert,"{'line': 608, 'column': 8, 'index': 19367}","  606 |       if (index >= 2 && index <= 5) {
  607 |         // Pages 1 to 4
> 608 |         expect(li.classes()).toContain('bv-d-xs-down-none')
      |        ^ Duplicate Assert
  609 |       } else if (index >= 6 && index <= 8) {
  610 |         // Pages 5 to 7
  611 |         expect(li.classes()).not.toContain('bv-d-xs-down-none')"
/home/gabriel/Disk/Research/research-javascript-test-smells/repositories/bootstrap-vue-dev/src/components/pagination/pagination.spec.js,Duplicate Assert,"{'line': 611, 'column': 8, 'index': 19496}","  609 |       } else if (index >= 6 && index <= 8) {
  610 |         // Pages 5 to 7
> 611 |         expect(li.classes()).not.toContain('bv-d-xs-down-none')
      |        ^ Duplicate Assert
  612 |       }
  613 |     })
  614 |"
/home/gabriel/Disk/Research/research-javascript-test-smells/repositories/bootstrap-vue-dev/src/components/pagination/pagination.spec.js,Duplicate Assert,"{'line': 611, 'column': 8, 'index': 19496}","  609 |       } else if (index >= 6 && index <= 8) {
  610 |         // Pages 5 to 7
> 611 |         expect(li.classes()).not.toContain('bv-d-xs-down-none')
      |        ^ Duplicate Assert
  612 |       }
  613 |     })
  614 |"
/home/gabriel/Disk/Research/research-javascript-test-smells/repositories/bootstrap-vue-dev/src/components/pagination/pagination.spec.js,Duplicate Assert,"{'line': 631, 'column': 4, 'index': 19938}","  629 |     // Should have ellipsis in place of last button
  630 |     // When currentPage = 0
> 631 |     expect(wrapper.vm.computedCurrentPage).toBe(1)
      |    ^ Duplicate Assert
  632 |     // Grab the page buttons
  633 |     let lis = wrapper.findAll('li')
  634 |     expect(lis.length).toBe(9)"
/home/gabriel/Disk/Research/research-javascript-test-smells/repositories/bootstrap-vue-dev/src/components/pagination/pagination.spec.js,Duplicate Assert,"{'line': 634, 'column': 4, 'index': 20054}","  632 |     // Grab the page buttons
  633 |     let lis = wrapper.findAll('li')
> 634 |     expect(lis.length).toBe(9)
      |    ^ Duplicate Assert
  635 |     expect(lis.at(2).attributes('role')).not.toBe('separator')
  636 |     expect(lis.at(6).attributes('role')).toBe('separator')
  637 |"
/home/gabriel/Disk/Research/research-javascript-test-smells/repositories/bootstrap-vue-dev/src/components/pagination/pagination.spec.js,Duplicate Assert,"{'line': 634, 'column': 4, 'index': 20054}","  632 |     // Grab the page buttons
  633 |     let lis = wrapper.findAll('li')
> 634 |     expect(lis.length).toBe(9)
      |    ^ Duplicate Assert
  635 |     expect(lis.at(2).attributes('role')).not.toBe('separator')
  636 |     expect(lis.at(6).attributes('role')).toBe('separator')
  637 |"
/home/gabriel/Disk/Research/research-javascript-test-smells/repositories/bootstrap-vue-dev/src/components/pagination/pagination.spec.js,Duplicate Assert,"{'line': 635, 'column': 4, 'index': 20085}","  633 |     let lis = wrapper.findAll('li')
  634 |     expect(lis.length).toBe(9)
> 635 |     expect(lis.at(2).attributes('role')).not.toBe('separator')
      |    ^ Duplicate Assert
  636 |     expect(lis.at(6).attributes('role')).toBe('separator')
  637 |
  638 |     // Should have both ellipsis showing when currentPage = 4"
/home/gabriel/Disk/Research/research-javascript-test-smells/repositories/bootstrap-vue-dev/src/components/pagination/pagination.spec.js,Duplicate Assert,"{'line': 636, 'column': 4, 'index': 20148}","  634 |     expect(lis.length).toBe(9)
  635 |     expect(lis.at(2).attributes('role')).not.toBe('separator')
> 636 |     expect(lis.at(6).attributes('role')).toBe('separator')
      |    ^ Duplicate Assert
  637 |
  638 |     // Should have both ellipsis showing when currentPage = 4
  639 |     await wrapper.setProps({"
/home/gabriel/Disk/Research/research-javascript-test-smells/repositories/bootstrap-vue-dev/src/components/pagination/pagination.spec.js,Duplicate Assert,"{'line': 636, 'column': 4, 'index': 20148}","  634 |     expect(lis.length).toBe(9)
  635 |     expect(lis.at(2).attributes('role')).not.toBe('separator')
> 636 |     expect(lis.at(6).attributes('role')).toBe('separator')
      |    ^ Duplicate Assert
  637 |
  638 |     // Should have both ellipsis showing when currentPage = 4
  639 |     await wrapper.setProps({"
/home/gabriel/Disk/Research/research-javascript-test-smells/repositories/bootstrap-vue-dev/src/components/pagination/pagination.spec.js,Duplicate Assert,"{'line': 643, 'column': 4, 'index': 20352}","  641 |     })
  642 |     await waitNT(wrapper.vm)
> 643 |     expect(wrapper.vm.computedCurrentPage).toBe(4)
      |    ^ Duplicate Assert
  644 |     lis = wrapper.findAll('li')
  645 |     expect(lis.length).toBe(9)
  646 |     expect(lis.at(2).attributes('role')).toBe('separator')"
/home/gabriel/Disk/Research/research-javascript-test-smells/repositories/bootstrap-vue-dev/src/components/pagination/pagination.spec.js,Duplicate Assert,"{'line': 645, 'column': 4, 'index': 20435}","  643 |     expect(wrapper.vm.computedCurrentPage).toBe(4)
  644 |     lis = wrapper.findAll('li')
> 645 |     expect(lis.length).toBe(9)
      |    ^ Duplicate Assert
  646 |     expect(lis.at(2).attributes('role')).toBe('separator')
  647 |     expect(lis.at(6).attributes('role')).toBe('separator')
  648 |"
/home/gabriel/Disk/Research/research-javascript-test-smells/repositories/bootstrap-vue-dev/src/components/pagination/pagination.spec.js,Duplicate Assert,"{'line': 645, 'column': 4, 'index': 20435}","  643 |     expect(wrapper.vm.computedCurrentPage).toBe(4)
  644 |     lis = wrapper.findAll('li')
> 645 |     expect(lis.length).toBe(9)
      |    ^ Duplicate Assert
  646 |     expect(lis.at(2).attributes('role')).toBe('separator')
  647 |     expect(lis.at(6).attributes('role')).toBe('separator')
  648 |"
/home/gabriel/Disk/Research/research-javascript-test-smells/repositories/bootstrap-vue-dev/src/components/pagination/pagination.spec.js,Duplicate Assert,"{'line': 646, 'column': 4, 'index': 20466}","  644 |     lis = wrapper.findAll('li')
  645 |     expect(lis.length).toBe(9)
> 646 |     expect(lis.at(2).attributes('role')).toBe('separator')
      |    ^ Duplicate Assert
  647 |     expect(lis.at(6).attributes('role')).toBe('separator')
  648 |
  649 |     // Should have first ellipsis showing when currentPage = 5"
/home/gabriel/Disk/Research/research-javascript-test-smells/repositories/bootstrap-vue-dev/src/components/pagination/pagination.spec.js,Duplicate Assert,"{'line': 646, 'column': 4, 'index': 20466}","  644 |     lis = wrapper.findAll('li')
  645 |     expect(lis.length).toBe(9)
> 646 |     expect(lis.at(2).attributes('role')).toBe('separator')
      |    ^ Duplicate Assert
  647 |     expect(lis.at(6).attributes('role')).toBe('separator')
  648 |
  649 |     // Should have first ellipsis showing when currentPage = 5"
/home/gabriel/Disk/Research/research-javascript-test-smells/repositories/bootstrap-vue-dev/src/components/pagination/pagination.spec.js,Duplicate Assert,"{'line': 647, 'column': 4, 'index': 20525}","  645 |     expect(lis.length).toBe(9)
  646 |     expect(lis.at(2).attributes('role')).toBe('separator')
> 647 |     expect(lis.at(6).attributes('role')).toBe('separator')
      |    ^ Duplicate Assert
  648 |
  649 |     // Should have first ellipsis showing when currentPage = 5
  650 |     await wrapper.setProps({"
/home/gabriel/Disk/Research/research-javascript-test-smells/repositories/bootstrap-vue-dev/src/components/pagination/pagination.spec.js,Duplicate Assert,"{'line': 647, 'column': 4, 'index': 20525}","  645 |     expect(lis.length).toBe(9)
  646 |     expect(lis.at(2).attributes('role')).toBe('separator')
> 647 |     expect(lis.at(6).attributes('role')).toBe('separator')
      |    ^ Duplicate Assert
  648 |
  649 |     // Should have first ellipsis showing when currentPage = 5
  650 |     await wrapper.setProps({"
/home/gabriel/Disk/Research/research-javascript-test-smells/repositories/bootstrap-vue-dev/src/components/pagination/pagination.spec.js,Duplicate Assert,"{'line': 654, 'column': 4, 'index': 20728}","  652 |     })
  653 |     await waitNT(wrapper.vm)
> 654 |     expect(wrapper.vm.computedCurrentPage).toBe(5)
      |    ^ Duplicate Assert
  655 |     lis = wrapper.findAll('li')
  656 |     expect(lis.length).toBe(9)
  657 |     expect(lis.at(2).attributes('role')).toBe('separator')"
/home/gabriel/Disk/Research/research-javascript-test-smells/repositories/bootstrap-vue-dev/src/components/pagination/pagination.spec.js,Duplicate Assert,"{'line': 656, 'column': 4, 'index': 20811}","  654 |     expect(wrapper.vm.computedCurrentPage).toBe(5)
  655 |     lis = wrapper.findAll('li')
> 656 |     expect(lis.length).toBe(9)
      |    ^ Duplicate Assert
  657 |     expect(lis.at(2).attributes('role')).toBe('separator')
  658 |     expect(lis.at(6).attributes('role')).not.toBe('separator')
  659 |"
/home/gabriel/Disk/Research/research-javascript-test-smells/repositories/bootstrap-vue-dev/src/components/pagination/pagination.spec.js,Duplicate Assert,"{'line': 656, 'column': 4, 'index': 20811}","  654 |     expect(wrapper.vm.computedCurrentPage).toBe(5)
  655 |     lis = wrapper.findAll('li')
> 656 |     expect(lis.length).toBe(9)
      |    ^ Duplicate Assert
  657 |     expect(lis.at(2).attributes('role')).toBe('separator')
  658 |     expect(lis.at(6).attributes('role')).not.toBe('separator')
  659 |"
/home/gabriel/Disk/Research/research-javascript-test-smells/repositories/bootstrap-vue-dev/src/components/pagination/pagination.spec.js,Duplicate Assert,"{'line': 657, 'column': 4, 'index': 20842}","  655 |     lis = wrapper.findAll('li')
  656 |     expect(lis.length).toBe(9)
> 657 |     expect(lis.at(2).attributes('role')).toBe('separator')
      |    ^ Duplicate Assert
  658 |     expect(lis.at(6).attributes('role')).not.toBe('separator')
  659 |
  660 |     wrapper.destroy()"
/home/gabriel/Disk/Research/research-javascript-test-smells/repositories/bootstrap-vue-dev/src/components/pagination/pagination.spec.js,Duplicate Assert,"{'line': 657, 'column': 4, 'index': 20842}","  655 |     lis = wrapper.findAll('li')
  656 |     expect(lis.length).toBe(9)
> 657 |     expect(lis.at(2).attributes('role')).toBe('separator')
      |    ^ Duplicate Assert
  658 |     expect(lis.at(6).attributes('role')).not.toBe('separator')
  659 |
  660 |     wrapper.destroy()"
/home/gabriel/Disk/Research/research-javascript-test-smells/repositories/bootstrap-vue-dev/src/components/pagination/pagination.spec.js,Duplicate Assert,"{'line': 658, 'column': 4, 'index': 20901}","  656 |     expect(lis.length).toBe(9)
  657 |     expect(lis.at(2).attributes('role')).toBe('separator')
> 658 |     expect(lis.at(6).attributes('role')).not.toBe('separator')
      |    ^ Duplicate Assert
  659 |
  660 |     wrapper.destroy()
  661 |   })"
/home/gabriel/Disk/Research/research-javascript-test-smells/repositories/bootstrap-vue-dev/src/components/pagination/pagination.spec.js,Duplicate Assert,"{'line': 696, 'column': 4, 'index': 21812}","  694 |     expect(lis.length).toBe(9)
  695 |
> 696 |     expect(pagination.vm.computedCurrentPage).toBe(1)
      |    ^ Duplicate Assert
  697 |     expect(pagination.emitted('input')).not.toBeDefined()
  698 |     expect(pagination.emitted('change')).not.toBeDefined()
  699 |     expect(pagination.emitted('page-click')).not.toBeDefined()"
/home/gabriel/Disk/Research/research-javascript-test-smells/repositories/bootstrap-vue-dev/src/components/pagination/pagination.spec.js,Duplicate Assert,"{'line': 696, 'column': 4, 'index': 21812}","  694 |     expect(lis.length).toBe(9)
  695 |
> 696 |     expect(pagination.vm.computedCurrentPage).toBe(1)
      |    ^ Duplicate Assert
  697 |     expect(pagination.emitted('input')).not.toBeDefined()
  698 |     expect(pagination.emitted('change')).not.toBeDefined()
  699 |     expect(pagination.emitted('page-click')).not.toBeDefined()"
/home/gabriel/Disk/Research/research-javascript-test-smells/repositories/bootstrap-vue-dev/src/components/pagination/pagination.spec.js,Duplicate Assert,"{'line': 697, 'column': 4, 'index': 21866}","  695 |
  696 |     expect(pagination.vm.computedCurrentPage).toBe(1)
> 697 |     expect(pagination.emitted('input')).not.toBeDefined()
      |    ^ Duplicate Assert
  698 |     expect(pagination.emitted('change')).not.toBeDefined()
  699 |     expect(pagination.emitted('page-click')).not.toBeDefined()
  700 |"
/home/gabriel/Disk/Research/research-javascript-test-smells/repositories/bootstrap-vue-dev/src/components/pagination/pagination.spec.js,Duplicate Assert,"{'line': 697, 'column': 4, 'index': 21866}","  695 |
  696 |     expect(pagination.vm.computedCurrentPage).toBe(1)
> 697 |     expect(pagination.emitted('input')).not.toBeDefined()
      |    ^ Duplicate Assert
  698 |     expect(pagination.emitted('change')).not.toBeDefined()
  699 |     expect(pagination.emitted('page-click')).not.toBeDefined()
  700 |"
/home/gabriel/Disk/Research/research-javascript-test-smells/repositories/bootstrap-vue-dev/src/components/pagination/pagination.spec.js,Duplicate Assert,"{'line': 698, 'column': 4, 'index': 21924}","  696 |     expect(pagination.vm.computedCurrentPage).toBe(1)
  697 |     expect(pagination.emitted('input')).not.toBeDefined()
> 698 |     expect(pagination.emitted('change')).not.toBeDefined()
      |    ^ Duplicate Assert
  699 |     expect(pagination.emitted('page-click')).not.toBeDefined()
  700 |
  701 |     // Click on current (1st) page button (does nothing)"
/home/gabriel/Disk/Research/research-javascript-test-smells/repositories/bootstrap-vue-dev/src/components/pagination/pagination.spec.js,Duplicate Assert,"{'line': 698, 'column': 4, 'index': 21924}","  696 |     expect(pagination.vm.computedCurrentPage).toBe(1)
  697 |     expect(pagination.emitted('input')).not.toBeDefined()
> 698 |     expect(pagination.emitted('change')).not.toBeDefined()
      |    ^ Duplicate Assert
  699 |     expect(pagination.emitted('page-click')).not.toBeDefined()
  700 |
  701 |     // Click on current (1st) page button (does nothing)"
/home/gabriel/Disk/Research/research-javascript-test-smells/repositories/bootstrap-vue-dev/src/components/pagination/pagination.spec.js,Duplicate Assert,"{'line': 699, 'column': 4, 'index': 21983}","  697 |     expect(pagination.emitted('input')).not.toBeDefined()
  698 |     expect(pagination.emitted('change')).not.toBeDefined()
> 699 |     expect(pagination.emitted('page-click')).not.toBeDefined()
      |    ^ Duplicate Assert
  700 |
  701 |     // Click on current (1st) page button (does nothing)
  702 |     await lis"
/home/gabriel/Disk/Research/research-javascript-test-smells/repositories/bootstrap-vue-dev/src/components/pagination/pagination.spec.js,Duplicate Assert,"{'line': 699, 'column': 4, 'index': 21983}","  697 |     expect(pagination.emitted('input')).not.toBeDefined()
  698 |     expect(pagination.emitted('change')).not.toBeDefined()
> 699 |     expect(pagination.emitted('page-click')).not.toBeDefined()
      |    ^ Duplicate Assert
  700 |
  701 |     // Click on current (1st) page button (does nothing)
  702 |     await lis"
/home/gabriel/Disk/Research/research-javascript-test-smells/repositories/bootstrap-vue-dev/src/components/pagination/pagination.spec.js,Duplicate Assert,"{'line': 706, 'column': 4, 'index': 22177}","  704 |       .find('button')
  705 |       .trigger('click')
> 706 |     expect(pagination.vm.computedCurrentPage).toBe(1)
      |    ^ Duplicate Assert
  707 |     expect(pagination.emitted('input')).not.toBeDefined()
  708 |     expect(pagination.emitted('change')).not.toBeDefined()
  709 |     expect(pagination.emitted('page-click')).not.toBeDefined()"
/home/gabriel/Disk/Research/research-javascript-test-smells/repositories/bootstrap-vue-dev/src/components/pagination/pagination.spec.js,Duplicate Assert,"{'line': 706, 'column': 4, 'index': 22177}","  704 |       .find('button')
  705 |       .trigger('click')
> 706 |     expect(pagination.vm.computedCurrentPage).toBe(1)
      |    ^ Duplicate Assert
  707 |     expect(pagination.emitted('input')).not.toBeDefined()
  708 |     expect(pagination.emitted('change')).not.toBeDefined()
  709 |     expect(pagination.emitted('page-click')).not.toBeDefined()"
/home/gabriel/Disk/Research/research-javascript-test-smells/repositories/bootstrap-vue-dev/src/components/pagination/pagination.spec.js,Duplicate Assert,"{'line': 707, 'column': 4, 'index': 22231}","  705 |       .trigger('click')
  706 |     expect(pagination.vm.computedCurrentPage).toBe(1)
> 707 |     expect(pagination.emitted('input')).not.toBeDefined()
      |    ^ Duplicate Assert
  708 |     expect(pagination.emitted('change')).not.toBeDefined()
  709 |     expect(pagination.emitted('page-click')).not.toBeDefined()
  710 |"
/home/gabriel/Disk/Research/research-javascript-test-smells/repositories/bootstrap-vue-dev/src/components/pagination/pagination.spec.js,Duplicate Assert,"{'line': 707, 'column': 4, 'index': 22231}","  705 |       .trigger('click')
  706 |     expect(pagination.vm.computedCurrentPage).toBe(1)
> 707 |     expect(pagination.emitted('input')).not.toBeDefined()
      |    ^ Duplicate Assert
  708 |     expect(pagination.emitted('change')).not.toBeDefined()
  709 |     expect(pagination.emitted('page-click')).not.toBeDefined()
  710 |"
/home/gabriel/Disk/Research/research-javascript-test-smells/repositories/bootstrap-vue-dev/src/components/pagination/pagination.spec.js,Duplicate Assert,"{'line': 708, 'column': 4, 'index': 22289}","  706 |     expect(pagination.vm.computedCurrentPage).toBe(1)
  707 |     expect(pagination.emitted('input')).not.toBeDefined()
> 708 |     expect(pagination.emitted('change')).not.toBeDefined()
      |    ^ Duplicate Assert
  709 |     expect(pagination.emitted('page-click')).not.toBeDefined()
  710 |
  711 |     // Click on 2nd button"
/home/gabriel/Disk/Research/research-javascript-test-smells/repositories/bootstrap-vue-dev/src/components/pagination/pagination.spec.js,Duplicate Assert,"{'line': 708, 'column': 4, 'index': 22289}","  706 |     expect(pagination.vm.computedCurrentPage).toBe(1)
  707 |     expect(pagination.emitted('input')).not.toBeDefined()
> 708 |     expect(pagination.emitted('change')).not.toBeDefined()
      |    ^ Duplicate Assert
  709 |     expect(pagination.emitted('page-click')).not.toBeDefined()
  710 |
  711 |     // Click on 2nd button"
/home/gabriel/Disk/Research/research-javascript-test-smells/repositories/bootstrap-vue-dev/src/components/pagination/pagination.spec.js,Duplicate Assert,"{'line': 709, 'column': 4, 'index': 22348}","  707 |     expect(pagination.emitted('input')).not.toBeDefined()
  708 |     expect(pagination.emitted('change')).not.toBeDefined()
> 709 |     expect(pagination.emitted('page-click')).not.toBeDefined()
      |    ^ Duplicate Assert
  710 |
  711 |     // Click on 2nd button
  712 |     await lis"
/home/gabriel/Disk/Research/research-javascript-test-smells/repositories/bootstrap-vue-dev/src/components/pagination/pagination.spec.js,Duplicate Assert,"{'line': 709, 'column': 4, 'index': 22348}","  707 |     expect(pagination.emitted('input')).not.toBeDefined()
  708 |     expect(pagination.emitted('change')).not.toBeDefined()
> 709 |     expect(pagination.emitted('page-click')).not.toBeDefined()
      |    ^ Duplicate Assert
  710 |
  711 |     // Click on 2nd button
  712 |     await lis"
/home/gabriel/Disk/Research/research-javascript-test-smells/repositories/bootstrap-vue-dev/src/components/pagination/pagination.spec.js,Duplicate Assert,"{'line': 716, 'column': 4, 'index': 22512}","  714 |       .find('button')
  715 |       .trigger('click')
> 716 |     expect(pagination.vm.computedCurrentPage).toBe(2)
      |    ^ Duplicate Assert
  717 |     expect(pagination.emitted('input')).toBeDefined()
  718 |     expect(pagination.emitted('change')).toBeDefined()
  719 |     expect(pagination.emitted('page-click')).toBeDefined()"
/home/gabriel/Disk/Research/research-javascript-test-smells/repositories/bootstrap-vue-dev/src/components/pagination/pagination.spec.js,Duplicate Assert,"{'line': 717, 'column': 4, 'index': 22566}","  715 |       .trigger('click')
  716 |     expect(pagination.vm.computedCurrentPage).toBe(2)
> 717 |     expect(pagination.emitted('input')).toBeDefined()
      |    ^ Duplicate Assert
  718 |     expect(pagination.emitted('change')).toBeDefined()
  719 |     expect(pagination.emitted('page-click')).toBeDefined()
  720 |     expect(pagination.emitted('input')[0][0]).toBe(2)"
/home/gabriel/Disk/Research/research-javascript-test-smells/repositories/bootstrap-vue-dev/src/components/pagination/pagination.spec.js,Duplicate Assert,"{'line': 718, 'column': 4, 'index': 22620}","  716 |     expect(pagination.vm.computedCurrentPage).toBe(2)
  717 |     expect(pagination.emitted('input')).toBeDefined()
> 718 |     expect(pagination.emitted('change')).toBeDefined()
      |    ^ Duplicate Assert
  719 |     expect(pagination.emitted('page-click')).toBeDefined()
  720 |     expect(pagination.emitted('input')[0][0]).toBe(2)
  721 |     expect(pagination.emitted('change')[0][0]).toBe(2)"
/home/gabriel/Disk/Research/research-javascript-test-smells/repositories/bootstrap-vue-dev/src/components/pagination/pagination.spec.js,Duplicate Assert,"{'line': 719, 'column': 4, 'index': 22675}","  717 |     expect(pagination.emitted('input')).toBeDefined()
  718 |     expect(pagination.emitted('change')).toBeDefined()
> 719 |     expect(pagination.emitted('page-click')).toBeDefined()
      |    ^ Duplicate Assert
  720 |     expect(pagination.emitted('input')[0][0]).toBe(2)
  721 |     expect(pagination.emitted('change')[0][0]).toBe(2)
  722 |     expect(pagination.emitted('page-click').length).toBe(1)"
/home/gabriel/Disk/Research/research-javascript-test-smells/repositories/bootstrap-vue-dev/src/components/pagination/pagination.spec.js,Duplicate Assert,"{'line': 722, 'column': 4, 'index': 22843}","  720 |     expect(pagination.emitted('input')[0][0]).toBe(2)
  721 |     expect(pagination.emitted('change')[0][0]).toBe(2)
> 722 |     expect(pagination.emitted('page-click').length).toBe(1)
      |    ^ Duplicate Assert
  723 |
  724 |     // Click goto last button
  725 |     await lis"
/home/gabriel/Disk/Research/research-javascript-test-smells/repositories/bootstrap-vue-dev/src/components/pagination/pagination.spec.js,Duplicate Assert,"{'line': 729, 'column': 4, 'index': 23042}","  727 |       .find('button')
  728 |       .trigger('keydown.space') // Generates a click event
> 729 |     expect(pagination.vm.computedCurrentPage).toBe(5)
      |    ^ Duplicate Assert
  730 |     expect(pagination.emitted('input')[1][0]).toBe(5)
  731 |     expect(pagination.emitted('change')[1][0]).toBe(5)
  732 |     expect(pagination.emitted('page-click').length).toBe(2)"
/home/gabriel/Disk/Research/research-javascript-test-smells/repositories/bootstrap-vue-dev/src/components/pagination/pagination.spec.js,Duplicate Assert,"{'line': 732, 'column': 4, 'index': 23205}","  730 |     expect(pagination.emitted('input')[1][0]).toBe(5)
  731 |     expect(pagination.emitted('change')[1][0]).toBe(5)
> 732 |     expect(pagination.emitted('page-click').length).toBe(2)
      |    ^ Duplicate Assert
  733 |
  734 |     // Click prev button
  735 |     await lis"
/home/gabriel/Disk/Research/research-javascript-test-smells/repositories/bootstrap-vue-dev/src/components/pagination/pagination.spec.js,Duplicate Assert,"{'line': 739, 'column': 4, 'index': 23364}","  737 |       .find('button')
  738 |       .trigger('click')
> 739 |     expect(pagination.vm.computedCurrentPage).toBe(4)
      |    ^ Duplicate Assert
  740 |     expect(pagination.emitted('input')[2][0]).toBe(4)
  741 |     expect(pagination.emitted('change')[2][0]).toBe(4)
  742 |     expect(pagination.emitted('page-click').length).toBe(3)"
/home/gabriel/Disk/Research/research-javascript-test-smells/repositories/bootstrap-vue-dev/src/components/pagination/pagination.spec.js,Duplicate Assert,"{'line': 739, 'column': 4, 'index': 23364}","  737 |       .find('button')
  738 |       .trigger('click')
> 739 |     expect(pagination.vm.computedCurrentPage).toBe(4)
      |    ^ Duplicate Assert
  740 |     expect(pagination.emitted('input')[2][0]).toBe(4)
  741 |     expect(pagination.emitted('change')[2][0]).toBe(4)
  742 |     expect(pagination.emitted('page-click').length).toBe(3)"
/home/gabriel/Disk/Research/research-javascript-test-smells/repositories/bootstrap-vue-dev/src/components/pagination/pagination.spec.js,Duplicate Assert,"{'line': 742, 'column': 4, 'index': 23527}","  740 |     expect(pagination.emitted('input')[2][0]).toBe(4)
  741 |     expect(pagination.emitted('change')[2][0]).toBe(4)
> 742 |     expect(pagination.emitted('page-click').length).toBe(3)
      |    ^ Duplicate Assert
  743 |
  744 |     // Click on 3rd button (prevented)
  745 |     await lis"
/home/gabriel/Disk/Research/research-javascript-test-smells/repositories/bootstrap-vue-dev/src/components/pagination/pagination.spec.js,Duplicate Assert,"{'line': 749, 'column': 4, 'index': 23700}","  747 |       .find('button')
  748 |       .trigger('click')
> 749 |     expect(pagination.vm.computedCurrentPage).toBe(4)
      |    ^ Duplicate Assert
  750 |     expect(pagination.emitted('input').length).toBe(3)
  751 |     expect(pagination.emitted('change').length).toBe(3)
  752 |     expect(pagination.emitted('page-click').length).toBe(4)"
/home/gabriel/Disk/Research/research-javascript-test-smells/repositories/bootstrap-vue-dev/src/components/pagination/pagination.spec.js,Duplicate Assert,"{'line': 749, 'column': 4, 'index': 23700}","  747 |       .find('button')
  748 |       .trigger('click')
> 749 |     expect(pagination.vm.computedCurrentPage).toBe(4)
      |    ^ Duplicate Assert
  750 |     expect(pagination.emitted('input').length).toBe(3)
  751 |     expect(pagination.emitted('change').length).toBe(3)
  752 |     expect(pagination.emitted('page-click').length).toBe(4)"
/home/gabriel/Disk/Research/research-javascript-test-smells/repositories/bootstrap-vue-dev/src/components/pagination/pagination.spec.js,Duplicate Assert,"{'line': 752, 'column': 4, 'index': 23865}","  750 |     expect(pagination.emitted('input').length).toBe(3)
  751 |     expect(pagination.emitted('change').length).toBe(3)
> 752 |     expect(pagination.emitted('page-click').length).toBe(4)
      |    ^ Duplicate Assert
  753 |
  754 |     wrapper.destroy()
  755 |   })"
/home/gabriel/Disk/Research/research-javascript-test-smells/repositories/bootstrap-vue-dev/src/components/pagination/pagination.spec.js,Duplicate Assert,"{'line': 769, 'column': 4, 'index': 24263}","  767 |
  768 |     // Should be 13 <li> total
> 769 |     expect(wrapper.findAll('li').length).toBe(13)
      |    ^ Duplicate Assert
  770 |
  771 |     await wrapper.setProps({
  772 |       limit: 4"
/home/gabriel/Disk/Research/research-javascript-test-smells/repositories/bootstrap-vue-dev/src/components/pagination/pagination.spec.js,Duplicate Assert,"{'line': 777, 'column': 4, 'index': 24425}","  775 |
  776 |     // Should be 8 <li> total
> 777 |     expect(wrapper.findAll('li').length).toBe(8)
      |    ^ Duplicate Assert
  778 |
  779 |     wrapper.destroy()
  780 |   })"
/home/gabriel/Disk/Research/research-javascript-test-smells/repositories/bootstrap-vue-dev/src/components/pagination/pagination.spec.js,Duplicate Assert,"{'line': 794, 'column': 4, 'index': 24883}","  792 |     expect(wrapper.vm).toBeDefined()
  793 |
> 794 |     expect(wrapper.vm.currentPage).toBe(10)
      |    ^ Duplicate Assert
  795 |     expect(wrapper.emitted('input')).not.toBeDefined()
  796 |
  797 |     // Change total rows to larger value. Should not change page number"
/home/gabriel/Disk/Research/research-javascript-test-smells/repositories/bootstrap-vue-dev/src/components/pagination/pagination.spec.js,Duplicate Assert,"{'line': 794, 'column': 4, 'index': 24883}","  792 |     expect(wrapper.vm).toBeDefined()
  793 |
> 794 |     expect(wrapper.vm.currentPage).toBe(10)
      |    ^ Duplicate Assert
  795 |     expect(wrapper.emitted('input')).not.toBeDefined()
  796 |
  797 |     // Change total rows to larger value. Should not change page number"
/home/gabriel/Disk/Research/research-javascript-test-smells/repositories/bootstrap-vue-dev/src/components/pagination/pagination.spec.js,Duplicate Assert,"{'line': 795, 'column': 4, 'index': 24927}","  793 |
  794 |     expect(wrapper.vm.currentPage).toBe(10)
> 795 |     expect(wrapper.emitted('input')).not.toBeDefined()
      |    ^ Duplicate Assert
  796 |
  797 |     // Change total rows to larger value. Should not change page number
  798 |     await wrapper.setProps({"
/home/gabriel/Disk/Research/research-javascript-test-smells/repositories/bootstrap-vue-dev/src/components/pagination/pagination.spec.js,Duplicate Assert,"{'line': 795, 'column': 4, 'index': 24927}","  793 |
  794 |     expect(wrapper.vm.currentPage).toBe(10)
> 795 |     expect(wrapper.emitted('input')).not.toBeDefined()
      |    ^ Duplicate Assert
  796 |
  797 |     // Change total rows to larger value. Should not change page number
  798 |     await wrapper.setProps({"
/home/gabriel/Disk/Research/research-javascript-test-smells/repositories/bootstrap-vue-dev/src/components/pagination/pagination.spec.js,Duplicate Assert,"{'line': 802, 'column': 4, 'index': 25140}","  800 |     })
  801 |     await waitNT(wrapper.vm)
> 802 |     expect(wrapper.vm.currentPage).toBe(10)
      |    ^ Duplicate Assert
  803 |     expect(wrapper.emitted('input')).not.toBeDefined()
  804 |
  805 |     // Change to page 20"
/home/gabriel/Disk/Research/research-javascript-test-smells/repositories/bootstrap-vue-dev/src/components/pagination/pagination.spec.js,Duplicate Assert,"{'line': 802, 'column': 4, 'index': 25140}","  800 |     })
  801 |     await waitNT(wrapper.vm)
> 802 |     expect(wrapper.vm.currentPage).toBe(10)
      |    ^ Duplicate Assert
  803 |     expect(wrapper.emitted('input')).not.toBeDefined()
  804 |
  805 |     // Change to page 20"
/home/gabriel/Disk/Research/research-javascript-test-smells/repositories/bootstrap-vue-dev/src/components/pagination/pagination.spec.js,Duplicate Assert,"{'line': 803, 'column': 4, 'index': 25184}","  801 |     await waitNT(wrapper.vm)
  802 |     expect(wrapper.vm.currentPage).toBe(10)
> 803 |     expect(wrapper.emitted('input')).not.toBeDefined()
      |    ^ Duplicate Assert
  804 |
  805 |     // Change to page 20
  806 |     await wrapper.setProps({"
/home/gabriel/Disk/Research/research-javascript-test-smells/repositories/bootstrap-vue-dev/src/components/pagination/pagination.spec.js,Duplicate Assert,"{'line': 803, 'column': 4, 'index': 25184}","  801 |     await waitNT(wrapper.vm)
  802 |     expect(wrapper.vm.currentPage).toBe(10)
> 803 |     expect(wrapper.emitted('input')).not.toBeDefined()
      |    ^ Duplicate Assert
  804 |
  805 |     // Change to page 20
  806 |     await wrapper.setProps({"
/home/gabriel/Disk/Research/research-javascript-test-smells/repositories/bootstrap-vue-dev/src/components/pagination/pagination.spec.js,Duplicate Assert,"{'line': 810, 'column': 4, 'index': 25346}","  808 |     })
  809 |     await waitNT(wrapper.vm)
> 810 |     expect(wrapper.vm.currentPage).toBe(20)
      |    ^ Duplicate Assert
  811 |     expect(wrapper.emitted('input')).toBeDefined()
  812 |     expect(wrapper.emitted('input').length).toBe(1)
  813 |     expect(wrapper.emitted('input')[0][0]).toBe(20)"
/home/gabriel/Disk/Research/research-javascript-test-smells/repositories/bootstrap-vue-dev/src/components/pagination/pagination.spec.js,Duplicate Assert,"{'line': 811, 'column': 4, 'index': 25390}","  809 |     await waitNT(wrapper.vm)
  810 |     expect(wrapper.vm.currentPage).toBe(20)
> 811 |     expect(wrapper.emitted('input')).toBeDefined()
      |    ^ Duplicate Assert
  812 |     expect(wrapper.emitted('input').length).toBe(1)
  813 |     expect(wrapper.emitted('input')[0][0]).toBe(20)
  814 |"
/home/gabriel/Disk/Research/research-javascript-test-smells/repositories/bootstrap-vue-dev/src/components/pagination/pagination.spec.js,Duplicate Assert,"{'line': 812, 'column': 4, 'index': 25441}","  810 |     expect(wrapper.vm.currentPage).toBe(20)
  811 |     expect(wrapper.emitted('input')).toBeDefined()
> 812 |     expect(wrapper.emitted('input').length).toBe(1)
      |    ^ Duplicate Assert
  813 |     expect(wrapper.emitted('input')[0][0]).toBe(20)
  814 |
  815 |     // Decrease number of pages should reset to page 1"
/home/gabriel/Disk/Research/research-javascript-test-smells/repositories/bootstrap-vue-dev/src/components/pagination/pagination.spec.js,Duplicate Assert,"{'line': 820, 'column': 4, 'index': 25686}","  818 |     })
  819 |     await waitNT(wrapper.vm)
> 820 |     expect(wrapper.vm.currentPage).toBe(1)
      |    ^ Duplicate Assert
  821 |     expect(wrapper.emitted('input').length).toBe(2)
  822 |     expect(wrapper.emitted('input')[1][0]).toBe(1)
  823 |"
/home/gabriel/Disk/Research/research-javascript-test-smells/repositories/bootstrap-vue-dev/src/components/pagination/pagination.spec.js,Duplicate Assert,"{'line': 821, 'column': 4, 'index': 25729}","  819 |     await waitNT(wrapper.vm)
  820 |     expect(wrapper.vm.currentPage).toBe(1)
> 821 |     expect(wrapper.emitted('input').length).toBe(2)
      |    ^ Duplicate Assert
  822 |     expect(wrapper.emitted('input')[1][0]).toBe(1)
  823 |
  824 |     // Change to page 3"
/home/gabriel/Disk/Research/research-javascript-test-smells/repositories/bootstrap-vue-dev/src/components/pagination/pagination.spec.js,Duplicate Assert,"{'line': 829, 'column': 4, 'index': 25937}","  827 |     })
  828 |     await waitNT(wrapper.vm)
> 829 |     expect(wrapper.vm.currentPage).toBe(3)
      |    ^ Duplicate Assert
  830 |     expect(wrapper.emitted('input').length).toBe(3)
  831 |     expect(wrapper.emitted('input')[2][0]).toBe(3)
  832 |"
/home/gabriel/Disk/Research/research-javascript-test-smells/repositories/bootstrap-vue-dev/src/components/pagination/pagination.spec.js,Duplicate Assert,"{'line': 829, 'column': 4, 'index': 25937}","  827 |     })
  828 |     await waitNT(wrapper.vm)
> 829 |     expect(wrapper.vm.currentPage).toBe(3)
      |    ^ Duplicate Assert
  830 |     expect(wrapper.emitted('input').length).toBe(3)
  831 |     expect(wrapper.emitted('input')[2][0]).toBe(3)
  832 |"
/home/gabriel/Disk/Research/research-javascript-test-smells/repositories/bootstrap-vue-dev/src/components/pagination/pagination.spec.js,Duplicate Assert,"{'line': 830, 'column': 4, 'index': 25980}","  828 |     await waitNT(wrapper.vm)
  829 |     expect(wrapper.vm.currentPage).toBe(3)
> 830 |     expect(wrapper.emitted('input').length).toBe(3)
      |    ^ Duplicate Assert
  831 |     expect(wrapper.emitted('input')[2][0]).toBe(3)
  832 |
  833 |     // Decrease number of pages to 5 should not reset to page 1"
/home/gabriel/Disk/Research/research-javascript-test-smells/repositories/bootstrap-vue-dev/src/components/pagination/pagination.spec.js,Duplicate Assert,"{'line': 830, 'column': 4, 'index': 25980}","  828 |     await waitNT(wrapper.vm)
  829 |     expect(wrapper.vm.currentPage).toBe(3)
> 830 |     expect(wrapper.emitted('input').length).toBe(3)
      |    ^ Duplicate Assert
  831 |     expect(wrapper.emitted('input')[2][0]).toBe(3)
  832 |
  833 |     // Decrease number of pages to 5 should not reset to page 1"
/home/gabriel/Disk/Research/research-javascript-test-smells/repositories/bootstrap-vue-dev/src/components/pagination/pagination.spec.js,Duplicate Assert,"{'line': 838, 'column': 4, 'index': 26232}","  836 |     })
  837 |     await waitNT(wrapper.vm)
> 838 |     expect(wrapper.vm.currentPage).toBe(3)
      |    ^ Duplicate Assert
  839 |     expect(wrapper.emitted('input').length).toBe(3)
  840 |
  841 |     wrapper.destroy()"
/home/gabriel/Disk/Research/research-javascript-test-smells/repositories/bootstrap-vue-dev/src/components/pagination/pagination.spec.js,Duplicate Assert,"{'line': 838, 'column': 4, 'index': 26232}","  836 |     })
  837 |     await waitNT(wrapper.vm)
> 838 |     expect(wrapper.vm.currentPage).toBe(3)
      |    ^ Duplicate Assert
  839 |     expect(wrapper.emitted('input').length).toBe(3)
  840 |
  841 |     wrapper.destroy()"
/home/gabriel/Disk/Research/research-javascript-test-smells/repositories/bootstrap-vue-dev/src/components/pagination/pagination.spec.js,Duplicate Assert,"{'line': 839, 'column': 4, 'index': 26275}","  837 |     await waitNT(wrapper.vm)
  838 |     expect(wrapper.vm.currentPage).toBe(3)
> 839 |     expect(wrapper.emitted('input').length).toBe(3)
      |    ^ Duplicate Assert
  840 |
  841 |     wrapper.destroy()
  842 |   })"
/home/gabriel/Disk/Research/research-javascript-test-smells/repositories/bootstrap-vue-dev/src/components/pagination/pagination.spec.js,Duplicate Assert,"{'line': 839, 'column': 4, 'index': 26275}","  837 |     await waitNT(wrapper.vm)
  838 |     expect(wrapper.vm.currentPage).toBe(3)
> 839 |     expect(wrapper.emitted('input').length).toBe(3)
      |    ^ Duplicate Assert
  840 |
  841 |     wrapper.destroy()
  842 |   })"
/home/gabriel/Disk/Research/research-javascript-test-smells/repositories/bootstrap-vue-dev/src/components/pagination/pagination.spec.js,Duplicate Assert,"{'line': 856, 'column': 4, 'index': 26671}","  854 |     expect(wrapper.vm).toBeDefined()
  855 |
> 856 |     expect(wrapper.vm.currentPage).toBe(4)
      |    ^ Duplicate Assert
  857 |     expect(wrapper.emitted('input')).not.toBeDefined()
  858 |
  859 |     // Change perPage"
/home/gabriel/Disk/Research/research-javascript-test-smells/repositories/bootstrap-vue-dev/src/components/pagination/pagination.spec.js,Duplicate Assert,"{'line': 857, 'column': 4, 'index': 26714}","  855 |
  856 |     expect(wrapper.vm.currentPage).toBe(4)
> 857 |     expect(wrapper.emitted('input')).not.toBeDefined()
      |    ^ Duplicate Assert
  858 |
  859 |     // Change perPage
  860 |     await wrapper.setProps({"
/home/gabriel/Disk/Research/research-javascript-test-smells/repositories/bootstrap-vue-dev/src/components/pagination/pagination.spec.js,Duplicate Assert,"{'line': 864, 'column': 4, 'index': 26874}","  862 |     })
  863 |     await waitNT(wrapper.vm)
> 864 |     expect(wrapper.vm.currentPage).toBe(1)
      |    ^ Duplicate Assert
  865 |     expect(wrapper.emitted('input')).toBeDefined()
  866 |     expect(wrapper.emitted('input').length).toBe(1)
  867 |     expect(wrapper.emitted('input')[0][0]).toBe(1)"
/home/gabriel/Disk/Research/research-javascript-test-smells/repositories/bootstrap-vue-dev/src/components/pagination/pagination.spec.js,Duplicate Assert,"{'line': 864, 'column': 4, 'index': 26874}","  862 |     })
  863 |     await waitNT(wrapper.vm)
> 864 |     expect(wrapper.vm.currentPage).toBe(1)
      |    ^ Duplicate Assert
  865 |     expect(wrapper.emitted('input')).toBeDefined()
  866 |     expect(wrapper.emitted('input').length).toBe(1)
  867 |     expect(wrapper.emitted('input')[0][0]).toBe(1)"
/home/gabriel/Disk/Research/research-javascript-test-smells/repositories/bootstrap-vue-dev/src/components/pagination/pagination.spec.js,Duplicate Assert,"{'line': 865, 'column': 4, 'index': 26917}","  863 |     await waitNT(wrapper.vm)
  864 |     expect(wrapper.vm.currentPage).toBe(1)
> 865 |     expect(wrapper.emitted('input')).toBeDefined()
      |    ^ Duplicate Assert
  866 |     expect(wrapper.emitted('input').length).toBe(1)
  867 |     expect(wrapper.emitted('input')[0][0]).toBe(1)
  868 |"
/home/gabriel/Disk/Research/research-javascript-test-smells/repositories/bootstrap-vue-dev/src/components/pagination/pagination.spec.js,Duplicate Assert,"{'line': 866, 'column': 4, 'index': 26968}","  864 |     expect(wrapper.vm.currentPage).toBe(1)
  865 |     expect(wrapper.emitted('input')).toBeDefined()
> 866 |     expect(wrapper.emitted('input').length).toBe(1)
      |    ^ Duplicate Assert
  867 |     expect(wrapper.emitted('input')[0][0]).toBe(1)
  868 |
  869 |     // Change page to 3"
/home/gabriel/Disk/Research/research-javascript-test-smells/repositories/bootstrap-vue-dev/src/components/pagination/pagination.spec.js,Duplicate Assert,"{'line': 874, 'column': 4, 'index': 27176}","  872 |     })
  873 |     await waitNT(wrapper.vm)
> 874 |     expect(wrapper.vm.currentPage).toBe(3)
      |    ^ Duplicate Assert
  875 |     expect(wrapper.emitted('input').length).toBe(2)
  876 |     expect(wrapper.emitted('input')[1][0]).toBe(3)
  877 |"
/home/gabriel/Disk/Research/research-javascript-test-smells/repositories/bootstrap-vue-dev/src/components/pagination/pagination.spec.js,Duplicate Assert,"{'line': 875, 'column': 4, 'index': 27219}","  873 |     await waitNT(wrapper.vm)
  874 |     expect(wrapper.vm.currentPage).toBe(3)
> 875 |     expect(wrapper.emitted('input').length).toBe(2)
      |    ^ Duplicate Assert
  876 |     expect(wrapper.emitted('input')[1][0]).toBe(3)
  877 |
  878 |     // Change perPage. Should reset to page 1, even though"
/home/gabriel/Disk/Research/research-javascript-test-smells/repositories/bootstrap-vue-dev/src/components/pagination/pagination.spec.js,Duplicate Assert,"{'line': 884, 'column': 4, 'index': 27517}","  882 |     })
  883 |     await waitNT(wrapper.vm)
> 884 |     expect(wrapper.vm.currentPage).toBe(1)
      |    ^ Duplicate Assert
  885 |     expect(wrapper.emitted('input').length).toBe(3)
  886 |     expect(wrapper.emitted('input')[2][0]).toBe(1)
  887 |"
/home/gabriel/Disk/Research/research-javascript-test-smells/repositories/bootstrap-vue-dev/src/components/pagination/pagination.spec.js,Duplicate Assert,"{'line': 884, 'column': 4, 'index': 27517}","  882 |     })
  883 |     await waitNT(wrapper.vm)
> 884 |     expect(wrapper.vm.currentPage).toBe(1)
      |    ^ Duplicate Assert
  885 |     expect(wrapper.emitted('input').length).toBe(3)
  886 |     expect(wrapper.emitted('input')[2][0]).toBe(1)
  887 |"
/home/gabriel/Disk/Research/research-javascript-test-smells/repositories/bootstrap-vue-dev/src/components/pagination/pagination.spec.js,Duplicate Assert,"{'line': 885, 'column': 4, 'index': 27560}","  883 |     await waitNT(wrapper.vm)
  884 |     expect(wrapper.vm.currentPage).toBe(1)
> 885 |     expect(wrapper.emitted('input').length).toBe(3)
      |    ^ Duplicate Assert
  886 |     expect(wrapper.emitted('input')[2][0]).toBe(1)
  887 |
  888 |     wrapper.destroy()"
/home/gabriel/Disk/Research/research-javascript-test-smells/repositories/bootstrap-vue-dev/src/components/pagination/pagination.spec.js,Duplicate Assert,"{'line': 910, 'column': 4, 'index': 28222}","  908 |     expect(wrapper.findAll(selector).length).toBe(9)
  909 |     items = wrapperArrayToArray(wrapper.findAll(selector)).map(w => w.text())
> 910 |     expect(items).toEqual(['‹', '1', '2', '3', '4', '5', '…', '10', '›'])
      |    ^ Duplicate Assert
  911 |
  912 |     await wrapper.setProps({
  913 |       value: 2"
/home/gabriel/Disk/Research/research-javascript-test-smells/repositories/bootstrap-vue-dev/src/components/pagination/pagination.spec.js,Duplicate Assert,"{'line': 910, 'column': 4, 'index': 28222}","  908 |     expect(wrapper.findAll(selector).length).toBe(9)
  909 |     items = wrapperArrayToArray(wrapper.findAll(selector)).map(w => w.text())
> 910 |     expect(items).toEqual(['‹', '1', '2', '3', '4', '5', '…', '10', '›'])
      |    ^ Duplicate Assert
  911 |
  912 |     await wrapper.setProps({
  913 |       value: 2"
/home/gabriel/Disk/Research/research-javascript-test-smells/repositories/bootstrap-vue-dev/src/components/pagination/pagination.spec.js,Duplicate Assert,"{'line': 917, 'column': 4, 'index': 28455}","  915 |     await waitNT(wrapper.vm)
  916 |     items = wrapperArrayToArray(wrapper.findAll(selector)).map(w => w.text())
> 917 |     expect(items).toEqual(['‹', '1', '2', '3', '4', '5', '…', '10', '›'])
      |    ^ Duplicate Assert
  918 |
  919 |     await wrapper.setProps({
  920 |       value: 3"
/home/gabriel/Disk/Research/research-javascript-test-smells/repositories/bootstrap-vue-dev/src/components/pagination/pagination.spec.js,Duplicate Assert,"{'line': 917, 'column': 4, 'index': 28455}","  915 |     await waitNT(wrapper.vm)
  916 |     items = wrapperArrayToArray(wrapper.findAll(selector)).map(w => w.text())
> 917 |     expect(items).toEqual(['‹', '1', '2', '3', '4', '5', '…', '10', '›'])
      |    ^ Duplicate Assert
  918 |
  919 |     await wrapper.setProps({
  920 |       value: 3"
/home/gabriel/Disk/Research/research-javascript-test-smells/repositories/bootstrap-vue-dev/src/components/pagination/pagination.spec.js,Duplicate Assert,"{'line': 924, 'column': 4, 'index': 28688}","  922 |     await waitNT(wrapper.vm)
  923 |     items = wrapperArrayToArray(wrapper.findAll(selector)).map(w => w.text())
> 924 |     expect(items).toEqual(['‹', '1', '2', '3', '4', '5', '…', '10', '›'])
      |    ^ Duplicate Assert
  925 |
  926 |     await wrapper.setProps({
  927 |       value: 4"
/home/gabriel/Disk/Research/research-javascript-test-smells/repositories/bootstrap-vue-dev/src/components/pagination/pagination.spec.js,Duplicate Assert,"{'line': 924, 'column': 4, 'index': 28688}","  922 |     await waitNT(wrapper.vm)
  923 |     items = wrapperArrayToArray(wrapper.findAll(selector)).map(w => w.text())
> 924 |     expect(items).toEqual(['‹', '1', '2', '3', '4', '5', '…', '10', '›'])
      |    ^ Duplicate Assert
  925 |
  926 |     await wrapper.setProps({
  927 |       value: 4"
/home/gabriel/Disk/Research/research-javascript-test-smells/repositories/bootstrap-vue-dev/src/components/pagination/pagination.spec.js,Duplicate Assert,"{'line': 931, 'column': 4, 'index': 28921}","  929 |     await waitNT(wrapper.vm)
  930 |     items = wrapperArrayToArray(wrapper.findAll(selector)).map(w => w.text())
> 931 |     expect(items).toEqual(['‹', '1', '2', '3', '4', '5', '…', '10', '›'])
      |    ^ Duplicate Assert
  932 |
  933 |     await wrapper.setProps({
  934 |       value: 5"
/home/gabriel/Disk/Research/research-javascript-test-smells/repositories/bootstrap-vue-dev/src/components/pagination/pagination.spec.js,Duplicate Assert,"{'line': 931, 'column': 4, 'index': 28921}","  929 |     await waitNT(wrapper.vm)
  930 |     items = wrapperArrayToArray(wrapper.findAll(selector)).map(w => w.text())
> 931 |     expect(items).toEqual(['‹', '1', '2', '3', '4', '5', '…', '10', '›'])
      |    ^ Duplicate Assert
  932 |
  933 |     await wrapper.setProps({
  934 |       value: 5"
/home/gabriel/Disk/Research/research-javascript-test-smells/repositories/bootstrap-vue-dev/src/components/pagination/pagination.spec.js,Duplicate Assert,"{'line': 938, 'column': 4, 'index': 29154}","  936 |     await waitNT(wrapper.vm)
  937 |     items = wrapperArrayToArray(wrapper.findAll(selector)).map(w => w.text())
> 938 |     expect(items).toEqual(['‹', '1', '…', '4', '5', '6', '…', '10', '›'])
      |    ^ Duplicate Assert
  939 |
  940 |     await wrapper.setProps({
  941 |       value: 6"
/home/gabriel/Disk/Research/research-javascript-test-smells/repositories/bootstrap-vue-dev/src/components/pagination/pagination.spec.js,Duplicate Assert,"{'line': 945, 'column': 4, 'index': 29387}","  943 |     await waitNT(wrapper.vm)
  944 |     items = wrapperArrayToArray(wrapper.findAll(selector)).map(w => w.text())
> 945 |     expect(items).toEqual(['‹', '1', '…', '5', '6', '7', '…', '10', '›'])
      |    ^ Duplicate Assert
  946 |
  947 |     await wrapper.setProps({
  948 |       value: 7"
/home/gabriel/Disk/Research/research-javascript-test-smells/repositories/bootstrap-vue-dev/src/components/pagination/pagination.spec.js,Duplicate Assert,"{'line': 952, 'column': 4, 'index': 29620}","  950 |     await waitNT(wrapper.vm)
  951 |     items = wrapperArrayToArray(wrapper.findAll(selector)).map(w => w.text())
> 952 |     expect(items).toEqual(['‹', '1', '…', '6', '7', '8', '9', '10', '›'])
      |    ^ Duplicate Assert
  953 |
  954 |     await wrapper.setProps({
  955 |       value: 8"
/home/gabriel/Disk/Research/research-javascript-test-smells/repositories/bootstrap-vue-dev/src/components/pagination/pagination.spec.js,Duplicate Assert,"{'line': 952, 'column': 4, 'index': 29620}","  950 |     await waitNT(wrapper.vm)
  951 |     items = wrapperArrayToArray(wrapper.findAll(selector)).map(w => w.text())
> 952 |     expect(items).toEqual(['‹', '1', '…', '6', '7', '8', '9', '10', '›'])
      |    ^ Duplicate Assert
  953 |
  954 |     await wrapper.setProps({
  955 |       value: 8"
/home/gabriel/Disk/Research/research-javascript-test-smells/repositories/bootstrap-vue-dev/src/components/pagination/pagination.spec.js,Duplicate Assert,"{'line': 959, 'column': 4, 'index': 29853}","  957 |     await waitNT(wrapper.vm)
  958 |     items = wrapperArrayToArray(wrapper.findAll(selector)).map(w => w.text())
> 959 |     expect(items).toEqual(['‹', '1', '…', '6', '7', '8', '9', '10', '›'])
      |    ^ Duplicate Assert
  960 |
  961 |     await wrapper.setProps({
  962 |       value: 9"
/home/gabriel/Disk/Research/research-javascript-test-smells/repositories/bootstrap-vue-dev/src/components/pagination/pagination.spec.js,Duplicate Assert,"{'line': 959, 'column': 4, 'index': 29853}","  957 |     await waitNT(wrapper.vm)
  958 |     items = wrapperArrayToArray(wrapper.findAll(selector)).map(w => w.text())
> 959 |     expect(items).toEqual(['‹', '1', '…', '6', '7', '8', '9', '10', '›'])
      |    ^ Duplicate Assert
  960 |
  961 |     await wrapper.setProps({
  962 |       value: 9"
/home/gabriel/Disk/Research/research-javascript-test-smells/repositories/bootstrap-vue-dev/src/components/pagination/pagination.spec.js,Duplicate Assert,"{'line': 966, 'column': 4, 'index': 30086}","  964 |     await waitNT(wrapper.vm)
  965 |     items = wrapperArrayToArray(wrapper.findAll(selector)).map(w => w.text())
> 966 |     expect(items).toEqual(['‹', '1', '…', '6', '7', '8', '9', '10', '›'])
      |    ^ Duplicate Assert
  967 |
  968 |     await wrapper.setProps({
  969 |       value: 10"
/home/gabriel/Disk/Research/research-javascript-test-smells/repositories/bootstrap-vue-dev/src/components/pagination/pagination.spec.js,Duplicate Assert,"{'line': 966, 'column': 4, 'index': 30086}","  964 |     await waitNT(wrapper.vm)
  965 |     items = wrapperArrayToArray(wrapper.findAll(selector)).map(w => w.text())
> 966 |     expect(items).toEqual(['‹', '1', '…', '6', '7', '8', '9', '10', '›'])
      |    ^ Duplicate Assert
  967 |
  968 |     await wrapper.setProps({
  969 |       value: 10"
/home/gabriel/Disk/Research/research-javascript-test-smells/repositories/bootstrap-vue-dev/src/components/pagination/pagination.spec.js,Duplicate Assert,"{'line': 973, 'column': 4, 'index': 30320}","  971 |     await waitNT(wrapper.vm)
  972 |     items = wrapperArrayToArray(wrapper.findAll(selector)).map(w => w.text())
> 973 |     expect(items).toEqual(['‹', '1', '…', '6', '7', '8', '9', '10', '›'])
      |    ^ Duplicate Assert
  974 |
  975 |     wrapper.destroy()
  976 |   })"
/home/gabriel/Disk/Research/research-javascript-test-smells/repositories/bootstrap-vue-dev/src/components/pagination/pagination.spec.js,Duplicate Assert,"{'line': 973, 'column': 4, 'index': 30320}","  971 |     await waitNT(wrapper.vm)
  972 |     items = wrapperArrayToArray(wrapper.findAll(selector)).map(w => w.text())
> 973 |     expect(items).toEqual(['‹', '1', '…', '6', '7', '8', '9', '10', '›'])
      |    ^ Duplicate Assert
  974 |
  975 |     wrapper.destroy()
  976 |   })"
/home/gabriel/Disk/Research/research-javascript-test-smells/repositories/bootstrap-vue-dev/src/components/pagination/pagination.spec.js,Duplicate Assert,"{'line': 997, 'column': 4, 'index': 30968}","   995 |     expect(wrapper.findAll(selector).length).toBe(7)
   996 |     items = wrapperArrayToArray(wrapper.findAll(selector)).map(w => w.text())
>  997 |     expect(items).toEqual(['‹', '1', '2', '3', '4', '10', '›'])
       |    ^ Duplicate Assert
   998 |
   999 |     await wrapper.setProps({
  1000 |       value: 2"
/home/gabriel/Disk/Research/research-javascript-test-smells/repositories/bootstrap-vue-dev/src/components/pagination/pagination.spec.js,Duplicate Assert,"{'line': 997, 'column': 4, 'index': 30968}","   995 |     expect(wrapper.findAll(selector).length).toBe(7)
   996 |     items = wrapperArrayToArray(wrapper.findAll(selector)).map(w => w.text())
>  997 |     expect(items).toEqual(['‹', '1', '2', '3', '4', '10', '›'])
       |    ^ Duplicate Assert
   998 |
   999 |     await wrapper.setProps({
  1000 |       value: 2"
/home/gabriel/Disk/Research/research-javascript-test-smells/repositories/bootstrap-vue-dev/src/components/pagination/pagination.spec.js,Duplicate Assert,"{'line': 1004, 'column': 4, 'index': 31191}","  1002 |     await waitNT(wrapper.vm)
  1003 |     items = wrapperArrayToArray(wrapper.findAll(selector)).map(w => w.text())
> 1004 |     expect(items).toEqual(['‹', '1', '2', '3', '4', '10', '›'])
       |    ^ Duplicate Assert
  1005 |
  1006 |     await wrapper.setProps({
  1007 |       value: 3"
/home/gabriel/Disk/Research/research-javascript-test-smells/repositories/bootstrap-vue-dev/src/components/pagination/pagination.spec.js,Duplicate Assert,"{'line': 1004, 'column': 4, 'index': 31191}","  1002 |     await waitNT(wrapper.vm)
  1003 |     items = wrapperArrayToArray(wrapper.findAll(selector)).map(w => w.text())
> 1004 |     expect(items).toEqual(['‹', '1', '2', '3', '4', '10', '›'])
       |    ^ Duplicate Assert
  1005 |
  1006 |     await wrapper.setProps({
  1007 |       value: 3"
/home/gabriel/Disk/Research/research-javascript-test-smells/repositories/bootstrap-vue-dev/src/components/pagination/pagination.spec.js,Duplicate Assert,"{'line': 1011, 'column': 4, 'index': 31414}","  1009 |     await waitNT(wrapper.vm)
  1010 |     items = wrapperArrayToArray(wrapper.findAll(selector)).map(w => w.text())
> 1011 |     expect(items).toEqual(['‹', '1', '2', '3', '4', '10', '›'])
       |    ^ Duplicate Assert
  1012 |
  1013 |     await wrapper.setProps({
  1014 |       value: 4"
/home/gabriel/Disk/Research/research-javascript-test-smells/repositories/bootstrap-vue-dev/src/components/pagination/pagination.spec.js,Duplicate Assert,"{'line': 1011, 'column': 4, 'index': 31414}","  1009 |     await waitNT(wrapper.vm)
  1010 |     items = wrapperArrayToArray(wrapper.findAll(selector)).map(w => w.text())
> 1011 |     expect(items).toEqual(['‹', '1', '2', '3', '4', '10', '›'])
       |    ^ Duplicate Assert
  1012 |
  1013 |     await wrapper.setProps({
  1014 |       value: 4"
/home/gabriel/Disk/Research/research-javascript-test-smells/repositories/bootstrap-vue-dev/src/components/pagination/pagination.spec.js,Duplicate Assert,"{'line': 1018, 'column': 4, 'index': 31637}","  1016 |     await waitNT(wrapper.vm)
  1017 |     items = wrapperArrayToArray(wrapper.findAll(selector)).map(w => w.text())
> 1018 |     expect(items).toEqual(['‹', '1', '3', '4', '5', '10', '›'])
       |    ^ Duplicate Assert
  1019 |
  1020 |     await wrapper.setProps({
  1021 |       value: 5"
/home/gabriel/Disk/Research/research-javascript-test-smells/repositories/bootstrap-vue-dev/src/components/pagination/pagination.spec.js,Duplicate Assert,"{'line': 1025, 'column': 4, 'index': 31860}","  1023 |     await waitNT(wrapper.vm)
  1024 |     items = wrapperArrayToArray(wrapper.findAll(selector)).map(w => w.text())
> 1025 |     expect(items).toEqual(['‹', '1', '4', '5', '6', '10', '›'])
       |    ^ Duplicate Assert
  1026 |
  1027 |     await wrapper.setProps({
  1028 |       value: 6"
/home/gabriel/Disk/Research/research-javascript-test-smells/repositories/bootstrap-vue-dev/src/components/pagination/pagination.spec.js,Duplicate Assert,"{'line': 1032, 'column': 4, 'index': 32083}","  1030 |     await waitNT(wrapper.vm)
  1031 |     items = wrapperArrayToArray(wrapper.findAll(selector)).map(w => w.text())
> 1032 |     expect(items).toEqual(['‹', '1', '5', '6', '7', '10', '›'])
       |    ^ Duplicate Assert
  1033 |
  1034 |     await wrapper.setProps({
  1035 |       value: 7"
/home/gabriel/Disk/Research/research-javascript-test-smells/repositories/bootstrap-vue-dev/src/components/pagination/pagination.spec.js,Duplicate Assert,"{'line': 1039, 'column': 4, 'index': 32306}","  1037 |     await waitNT(wrapper.vm)
  1038 |     items = wrapperArrayToArray(wrapper.findAll(selector)).map(w => w.text())
> 1039 |     expect(items).toEqual(['‹', '1', '6', '7', '8', '10', '›'])
       |    ^ Duplicate Assert
  1040 |
  1041 |     await wrapper.setProps({
  1042 |       value: 8"
/home/gabriel/Disk/Research/research-javascript-test-smells/repositories/bootstrap-vue-dev/src/components/pagination/pagination.spec.js,Duplicate Assert,"{'line': 1046, 'column': 4, 'index': 32529}","  1044 |     await waitNT(wrapper.vm)
  1045 |     items = wrapperArrayToArray(wrapper.findAll(selector)).map(w => w.text())
> 1046 |     expect(items).toEqual(['‹', '1', '7', '8', '9', '10', '›'])
       |    ^ Duplicate Assert
  1047 |
  1048 |     await wrapper.setProps({
  1049 |       value: 9"
/home/gabriel/Disk/Research/research-javascript-test-smells/repositories/bootstrap-vue-dev/src/components/pagination/pagination.spec.js,Duplicate Assert,"{'line': 1046, 'column': 4, 'index': 32529}","  1044 |     await waitNT(wrapper.vm)
  1045 |     items = wrapperArrayToArray(wrapper.findAll(selector)).map(w => w.text())
> 1046 |     expect(items).toEqual(['‹', '1', '7', '8', '9', '10', '›'])
       |    ^ Duplicate Assert
  1047 |
  1048 |     await wrapper.setProps({
  1049 |       value: 9"
/home/gabriel/Disk/Research/research-javascript-test-smells/repositories/bootstrap-vue-dev/src/components/pagination/pagination.spec.js,Duplicate Assert,"{'line': 1053, 'column': 4, 'index': 32752}","  1051 |     await waitNT(wrapper.vm)
  1052 |     items = wrapperArrayToArray(wrapper.findAll(selector)).map(w => w.text())
> 1053 |     expect(items).toEqual(['‹', '1', '7', '8', '9', '10', '›'])
       |    ^ Duplicate Assert
  1054 |
  1055 |     await wrapper.setProps({
  1056 |       value: 10"
/home/gabriel/Disk/Research/research-javascript-test-smells/repositories/bootstrap-vue-dev/src/components/pagination/pagination.spec.js,Duplicate Assert,"{'line': 1053, 'column': 4, 'index': 32752}","  1051 |     await waitNT(wrapper.vm)
  1052 |     items = wrapperArrayToArray(wrapper.findAll(selector)).map(w => w.text())
> 1053 |     expect(items).toEqual(['‹', '1', '7', '8', '9', '10', '›'])
       |    ^ Duplicate Assert
  1054 |
  1055 |     await wrapper.setProps({
  1056 |       value: 10"
/home/gabriel/Disk/Research/research-javascript-test-smells/repositories/bootstrap-vue-dev/src/components/pagination/pagination.spec.js,Duplicate Assert,"{'line': 1060, 'column': 4, 'index': 32976}","  1058 |     await waitNT(wrapper.vm)
  1059 |     items = wrapperArrayToArray(wrapper.findAll(selector)).map(w => w.text())
> 1060 |     expect(items).toEqual(['‹', '1', '7', '8', '9', '10', '›'])
       |    ^ Duplicate Assert
  1061 |
  1062 |     wrapper.destroy()
  1063 |   })"
/home/gabriel/Disk/Research/research-javascript-test-smells/repositories/bootstrap-vue-dev/src/components/pagination/pagination.spec.js,Duplicate Assert,"{'line': 1060, 'column': 4, 'index': 32976}","  1058 |     await waitNT(wrapper.vm)
  1059 |     items = wrapperArrayToArray(wrapper.findAll(selector)).map(w => w.text())
> 1060 |     expect(items).toEqual(['‹', '1', '7', '8', '9', '10', '›'])
       |    ^ Duplicate Assert
  1061 |
  1062 |     wrapper.destroy()
  1063 |   })"
/home/gabriel/Disk/Research/research-javascript-test-smells/repositories/bootstrap-vue-dev/src/components/pagination/pagination.spec.js,Duplicate Assert,"{'line': 1112, 'column': 6, 'index': 34681}","  1110 |       links.at(3).element.focus()
  1111 |       await waitNT(wrapper.vm)
> 1112 |       expect(document.activeElement).toEqual(links.at(3).element)
       |      ^ Duplicate Assert
  1113 |
  1114 |       // LEFT
  1115 |       await wrapper.trigger('keydown.left')"
/home/gabriel/Disk/Research/research-javascript-test-smells/repositories/bootstrap-vue-dev/src/components/pagination/pagination.spec.js,Duplicate Assert,"{'line': 1112, 'column': 6, 'index': 34681}","  1110 |       links.at(3).element.focus()
  1111 |       await waitNT(wrapper.vm)
> 1112 |       expect(document.activeElement).toEqual(links.at(3).element)
       |      ^ Duplicate Assert
  1113 |
  1114 |       // LEFT
  1115 |       await wrapper.trigger('keydown.left')"
/home/gabriel/Disk/Research/research-javascript-test-smells/repositories/bootstrap-vue-dev/src/components/pagination/pagination.spec.js,Duplicate Assert,"{'line': 1116, 'column': 6, 'index': 34806}","  1114 |       // LEFT
  1115 |       await wrapper.trigger('keydown.left')
> 1116 |       expect(document.activeElement).toEqual(links.at(2).element)
       |      ^ Duplicate Assert
  1117 |
  1118 |       // RIGHT
  1119 |       await links.at(2).trigger('keydown.right')"
/home/gabriel/Disk/Research/research-javascript-test-smells/repositories/bootstrap-vue-dev/src/components/pagination/pagination.spec.js,Duplicate Assert,"{'line': 1116, 'column': 6, 'index': 34806}","  1114 |       // LEFT
  1115 |       await wrapper.trigger('keydown.left')
> 1116 |       expect(document.activeElement).toEqual(links.at(2).element)
       |      ^ Duplicate Assert
  1117 |
  1118 |       // RIGHT
  1119 |       await links.at(2).trigger('keydown.right')"
/home/gabriel/Disk/Research/research-javascript-test-smells/repositories/bootstrap-vue-dev/src/components/pagination/pagination.spec.js,Duplicate Assert,"{'line': 1120, 'column': 6, 'index': 34937}","  1118 |       // RIGHT
  1119 |       await links.at(2).trigger('keydown.right')
> 1120 |       expect(document.activeElement).toEqual(links.at(3).element)
       |      ^ Duplicate Assert
  1121 |
  1122 |       // UP (same as LEFT)
  1123 |       await wrapper.trigger('keydown.up')"
/home/gabriel/Disk/Research/research-javascript-test-smells/repositories/bootstrap-vue-dev/src/components/pagination/pagination.spec.js,Duplicate Assert,"{'line': 1120, 'column': 6, 'index': 34937}","  1118 |       // RIGHT
  1119 |       await links.at(2).trigger('keydown.right')
> 1120 |       expect(document.activeElement).toEqual(links.at(3).element)
       |      ^ Duplicate Assert
  1121 |
  1122 |       // UP (same as LEFT)
  1123 |       await wrapper.trigger('keydown.up')"
/home/gabriel/Disk/Research/research-javascript-test-smells/repositories/bootstrap-vue-dev/src/components/pagination/pagination.spec.js,Duplicate Assert,"{'line': 1124, 'column': 6, 'index': 35073}","  1122 |       // UP (same as LEFT)
  1123 |       await wrapper.trigger('keydown.up')
> 1124 |       expect(document.activeElement).toEqual(links.at(2).element)
       |      ^ Duplicate Assert
  1125 |
  1126 |       // DOWN (same as RIGHT)
  1127 |       await links.at(2).trigger('keydown.down')"
/home/gabriel/Disk/Research/research-javascript-test-smells/repositories/bootstrap-vue-dev/src/components/pagination/pagination.spec.js,Duplicate Assert,"{'line': 1124, 'column': 6, 'index': 35073}","  1122 |       // UP (same as LEFT)
  1123 |       await wrapper.trigger('keydown.up')
> 1124 |       expect(document.activeElement).toEqual(links.at(2).element)
       |      ^ Duplicate Assert
  1125 |
  1126 |       // DOWN (same as RIGHT)
  1127 |       await links.at(2).trigger('keydown.down')"
/home/gabriel/Disk/Research/research-javascript-test-smells/repositories/bootstrap-vue-dev/src/components/pagination/pagination.spec.js,Duplicate Assert,"{'line': 1128, 'column': 6, 'index': 35218}","  1126 |       // DOWN (same as RIGHT)
  1127 |       await links.at(2).trigger('keydown.down')
> 1128 |       expect(document.activeElement).toEqual(links.at(3).element)
       |      ^ Duplicate Assert
  1129 |
  1130 |       // SHIFT-RIGHT
  1131 |       await links.at(2).trigger('keydown.right', { shiftKey: true })"
/home/gabriel/Disk/Research/research-javascript-test-smells/repositories/bootstrap-vue-dev/src/components/pagination/pagination.spec.js,Duplicate Assert,"{'line': 1128, 'column': 6, 'index': 35218}","  1126 |       // DOWN (same as RIGHT)
  1127 |       await links.at(2).trigger('keydown.down')
> 1128 |       expect(document.activeElement).toEqual(links.at(3).element)
       |      ^ Duplicate Assert
  1129 |
  1130 |       // SHIFT-RIGHT
  1131 |       await links.at(2).trigger('keydown.right', { shiftKey: true })"
/home/gabriel/Disk/Research/research-javascript-test-smells/repositories/bootstrap-vue-dev/src/components/pagination/pagination.spec.js,Duplicate Assert,"{'line': 1132, 'column': 6, 'index': 35375}","  1130 |       // SHIFT-RIGHT
  1131 |       await links.at(2).trigger('keydown.right', { shiftKey: true })
> 1132 |       expect(document.activeElement).toEqual(links.at(6).element)
       |      ^ Duplicate Assert
  1133 |
  1134 |       // SHIFT-LEFT
  1135 |       await links.at(6).trigger('keydown.left', { shiftKey: true })"
/home/gabriel/Disk/Research/research-javascript-test-smells/repositories/bootstrap-vue-dev/src/components/pagination/pagination.spec.js,Duplicate Assert,"{'line': 1136, 'column': 6, 'index': 35530}","  1134 |       // SHIFT-LEFT
  1135 |       await links.at(6).trigger('keydown.left', { shiftKey: true })
> 1136 |       expect(document.activeElement).toEqual(links.at(0).element)
       |      ^ Duplicate Assert
  1137 |
  1138 |       wrapper.destroy()
  1139 |     })"
/home/gabriel/Disk/Research/research-javascript-test-smells/repositories/bootstrap-vue-dev/src/components/pagination/pagination.spec.js,Duplicate Assert,"{'line': 1160, 'column': 6, 'index': 36226}","  1158 |       links.at(6).element.focus()
  1159 |       await waitNT(wrapper.vm)
> 1160 |       expect(document.activeElement).toEqual(links.at(6).element)
       |      ^ Duplicate Assert
  1161 |
  1162 |       wrapper.vm.focusCurrent()
  1163 |       await waitNT(wrapper.vm)"
/home/gabriel/Disk/Research/research-javascript-test-smells/repositories/bootstrap-vue-dev/src/components/pagination/pagination.spec.js,Duplicate Assert,"{'line': 1164, 'column': 6, 'index': 36356}","  1162 |       wrapper.vm.focusCurrent()
  1163 |       await waitNT(wrapper.vm)
> 1164 |       expect(document.activeElement).toEqual(links.at(3).element)
       |      ^ Duplicate Assert
  1165 |
  1166 |       wrapper.destroy()
  1167 |     })"
/home/gabriel/Disk/Research/research-javascript-test-smells/repositories/bootstrap-vue-dev/src/components/pagination/pagination.spec.js,Magic Number,"{'line': 50, 'column': 28, 'index': 1654}","  48 |     const lis = wrapper.findAll('li')
  49 |     expect(lis).toBeDefined()
> 50 |     expect(lis.length).toBe(5)
     |                            ^ Magic Number
  51 |
  52 |     lis.wrappers.forEach((li, index) => {
  53 |       expect(li.classes()).toContain('page-item')"
/home/gabriel/Disk/Research/research-javascript-test-smells/repositories/bootstrap-vue-dev/src/components/pagination/pagination.spec.js,Magic Number,"{'line': 112, 'column': 31, 'index': 3737}","  110 |     expect(wrapper).toBeDefined()
  111 |     await waitNT(wrapper.vm)
> 112 |     expect(scopes.length).toBe(3)
      |                               ^ Magic Number
  113 |     expect(scopes[0]).toEqual({
  114 |       page: 1,
  115 |       content: '1',"
/home/gabriel/Disk/Research/research-javascript-test-smells/repositories/bootstrap-vue-dev/src/components/pagination/pagination.spec.js,Magic Number,"{'line': 136, 'column': 31, 'index': 4225}","  134 |
  135 |     const $links = wrapper.findAll('button.page-link')
> 136 |     expect($links.length).toBe(5)
      |                               ^ Magic Number
  137 |     expect($links.at(0).text()).toBe('Page 1')
  138 |     expect($links.at(1).text()).toBe('Page 2')
  139 |     expect($links.at(2).text()).toBe('Page 3')"
/home/gabriel/Disk/Research/research-javascript-test-smells/repositories/bootstrap-vue-dev/src/components/pagination/pagination.spec.js,Magic Number,"{'line': 154, 'column': 46, 'index': 4727}","  152 |     })
  153 |     expect(wrapper.element.tagName).toBe('UL')
> 154 |     expect(wrapper.findAll('li').length).toBe(5)
      |                                              ^ Magic Number
  155 |
  156 |     await wrapper.setProps({
  157 |       totalRows: 4"
/home/gabriel/Disk/Research/research-javascript-test-smells/repositories/bootstrap-vue-dev/src/components/pagination/pagination.spec.js,Magic Number,"{'line': 162, 'column': 46, 'index': 4909}","  160 |
  161 |     expect(wrapper.element.tagName).toBe('UL')
> 162 |     expect(wrapper.findAll('li').length).toBe(8)
      |                                              ^ Magic Number
  163 |
  164 |     await wrapper.setProps({
  165 |       perPage: 2"
/home/gabriel/Disk/Research/research-javascript-test-smells/repositories/bootstrap-vue-dev/src/components/pagination/pagination.spec.js,Magic Number,"{'line': 170, 'column': 46, 'index': 5089}","  168 |
  169 |     expect(wrapper.element.tagName).toBe('UL')
> 170 |     expect(wrapper.findAll('li').length).toBe(6)
      |                                              ^ Magic Number
  171 |
  172 |     wrapper.destroy()
  173 |   })"
/home/gabriel/Disk/Research/research-javascript-test-smells/repositories/bootstrap-vue-dev/src/components/pagination/pagination.spec.js,Magic Number,"{'line': 372, 'column': 56, 'index': 12522}","  370 |     expect(wrapper.classes()).not.toContain('b-pagination-pills')
  371 |
> 372 |     expect(wrapper.findAll('li.flex-fill').length).toBe(8)
      |                                                        ^ Magic Number
  373 |
  374 |     wrapper.destroy()
  375 |   })"
/home/gabriel/Disk/Research/research-javascript-test-smells/repositories/bootstrap-vue-dev/src/components/pagination/pagination.spec.js,Magic Number,"{'line': 387, 'column': 46, 'index': 12894}","  385 |     })
  386 |     expect(wrapper.element.tagName).toBe('UL')
> 387 |     expect(wrapper.findAll('li').length).toBe(9)
      |                                              ^ Magic Number
  388 |
  389 |     await wrapper.setProps({ value: 5 })
  390 |     await waitNT(wrapper.vm)"
/home/gabriel/Disk/Research/research-javascript-test-smells/repositories/bootstrap-vue-dev/src/components/pagination/pagination.spec.js,Magic Number,"{'line': 391, 'column': 46, 'index': 13014}","  389 |     await wrapper.setProps({ value: 5 })
  390 |     await waitNT(wrapper.vm)
> 391 |     expect(wrapper.findAll('li').length).toBe(9)
      |                                              ^ Magic Number
  392 |
  393 |     wrapper.destroy()
  394 |   })"
/home/gabriel/Disk/Research/research-javascript-test-smells/repositories/bootstrap-vue-dev/src/components/pagination/pagination.spec.js,Magic Number,"{'line': 408, 'column': 46, 'index': 13459}","  406 |     })
  407 |     expect(wrapper.element.tagName).toBe('UL')
> 408 |     expect(wrapper.findAll('li').length).toBe(5)
      |                                              ^ Magic Number
  409 |     expect(wrapper.findAll('button.page-link').length).toBe(4)
  410 |     expect(
  411 |       wrapper"
/home/gabriel/Disk/Research/research-javascript-test-smells/repositories/bootstrap-vue-dev/src/components/pagination/pagination.spec.js,Magic Number,"{'line': 409, 'column': 60, 'index': 13522}","  407 |     expect(wrapper.element.tagName).toBe('UL')
  408 |     expect(wrapper.findAll('li').length).toBe(5)
> 409 |     expect(wrapper.findAll('button.page-link').length).toBe(4)
      |                                                            ^ Magic Number
  410 |     expect(
  411 |       wrapper
  412 |         .findAll('button.page-link')"
/home/gabriel/Disk/Research/research-javascript-test-smells/repositories/bootstrap-vue-dev/src/components/pagination/pagination.spec.js,Magic Number,"{'line': 420, 'column': 46, 'index': 13815}","  418 |     })
  419 |     await waitNT(wrapper.vm)
> 420 |     expect(wrapper.findAll('li').length).toBe(5)
      |                                              ^ Magic Number
  421 |     expect(wrapper.findAll('button.page-link').length).toBe(4)
  422 |     expect(
  423 |       wrapper.findAll('button.page-link').wrappers.every(w => w.find('[aria-controls]').exists())"
/home/gabriel/Disk/Research/research-javascript-test-smells/repositories/bootstrap-vue-dev/src/components/pagination/pagination.spec.js,Magic Number,"{'line': 421, 'column': 60, 'index': 13878}","  419 |     await waitNT(wrapper.vm)
  420 |     expect(wrapper.findAll('li').length).toBe(5)
> 421 |     expect(wrapper.findAll('button.page-link').length).toBe(4)
      |                                                            ^ Magic Number
  422 |     expect(
  423 |       wrapper.findAll('button.page-link').wrappers.every(w => w.find('[aria-controls]').exists())
  424 |     ).toBe(false)"
/home/gabriel/Disk/Research/research-javascript-test-smells/repositories/bootstrap-vue-dev/src/components/pagination/pagination.spec.js,Magic Number,"{'line': 440, 'column': 46, 'index': 14388}","  438 |     })
  439 |     expect(wrapper.element.tagName).toBe('UL')
> 440 |     expect(wrapper.findAll('li').length).toBe(5)
      |                                              ^ Magic Number
  441 |     expect(wrapper.findAll('button').length).toBe(4)
  442 |     expect(
  443 |       wrapper"
/home/gabriel/Disk/Research/research-javascript-test-smells/repositories/bootstrap-vue-dev/src/components/pagination/pagination.spec.js,Magic Number,"{'line': 441, 'column': 50, 'index': 14441}","  439 |     expect(wrapper.element.tagName).toBe('UL')
  440 |     expect(wrapper.findAll('li').length).toBe(5)
> 441 |     expect(wrapper.findAll('button').length).toBe(4)
      |                                                  ^ Magic Number
  442 |     expect(
  443 |       wrapper
  444 |         .findAll('button')"
/home/gabriel/Disk/Research/research-javascript-test-smells/repositories/bootstrap-vue-dev/src/components/pagination/pagination.spec.js,Magic Number,"{'line': 480, 'column': 46, 'index': 15311}","  478 |     })
  479 |     expect(wrapper.element.tagName).toBe('UL')
> 480 |     expect(wrapper.findAll('li').length).toBe(7)
      |                                              ^ Magic Number
  481 |     expect(wrapper.findAll('.page-item').length).toBe(7)
  482 |     expect(
  483 |       wrapper.findAll('.page-item').wrappers.every(w => w.element.matches('li.page-item.disabled'))"
/home/gabriel/Disk/Research/research-javascript-test-smells/repositories/bootstrap-vue-dev/src/components/pagination/pagination.spec.js,Magic Number,"{'line': 481, 'column': 54, 'index': 15368}","  479 |     expect(wrapper.element.tagName).toBe('UL')
  480 |     expect(wrapper.findAll('li').length).toBe(7)
> 481 |     expect(wrapper.findAll('.page-item').length).toBe(7)
      |                                                      ^ Magic Number
  482 |     expect(
  483 |       wrapper.findAll('.page-item').wrappers.every(w => w.element.matches('li.page-item.disabled'))
  484 |     ).toBe(true)"
/home/gabriel/Disk/Research/research-javascript-test-smells/repositories/bootstrap-vue-dev/src/components/pagination/pagination.spec.js,Magic Number,"{'line': 523, 'column': 28, 'index': 16444}","  521 |     expect(lis).toBeDefined()
  522 |     // Including bookend buttons
> 523 |     expect(lis.length).toBe(11)
      |                            ^ Magic Number
  524 |
  525 |     // Should have the last 4 page buttons with the
  526 |     // display classes when currentPage = 0"
/home/gabriel/Disk/Research/research-javascript-test-smells/repositories/bootstrap-vue-dev/src/components/pagination/pagination.spec.js,Magic Number,"{'line': 527, 'column': 48, 'index': 16593}","  525 |     // Should have the last 4 page buttons with the
  526 |     // display classes when currentPage = 0
> 527 |     expect(wrapper.vm.computedCurrentPage).toBe(1)
      |                                                ^ Magic Number
  528 |     // Grab the page buttons (includes bookends)
  529 |     wrapper.findAll('li').wrappers.forEach((li, index) => {
  530 |       expect(li.classes()).toContain('page-item')"
/home/gabriel/Disk/Research/research-javascript-test-smells/repositories/bootstrap-vue-dev/src/components/pagination/pagination.spec.js,Magic Number,"{'line': 564, 'column': 48, 'index': 17836}","  562 |     })
  563 |     await waitNT(wrapper.vm)
> 564 |     expect(wrapper.vm.computedCurrentPage).toBe(4)
      |                                                ^ Magic Number
  565 |     // Grab the page buttons (including bookends)
  566 |     wrapper.findAll('li').wrappers.forEach((li, index) => {
  567 |       expect(li.classes()).toContain('page-item')"
/home/gabriel/Disk/Research/research-javascript-test-smells/repositories/bootstrap-vue-dev/src/components/pagination/pagination.spec.js,Magic Number,"{'line': 601, 'column': 48, 'index': 19105}","  599 |     })
  600 |     await waitNT(wrapper.vm)
> 601 |     expect(wrapper.vm.computedCurrentPage).toBe(7)
      |                                                ^ Magic Number
  602 |     // Grab the page buttons (including bookends)
  603 |     wrapper.findAll('li').wrappers.forEach((li, index) => {
  604 |       expect(li.classes()).toContain('page-item')"
/home/gabriel/Disk/Research/research-javascript-test-smells/repositories/bootstrap-vue-dev/src/components/pagination/pagination.spec.js,Magic Number,"{'line': 631, 'column': 48, 'index': 19982}","  629 |     // Should have ellipsis in place of last button
  630 |     // When currentPage = 0
> 631 |     expect(wrapper.vm.computedCurrentPage).toBe(1)
      |                                                ^ Magic Number
  632 |     // Grab the page buttons
  633 |     let lis = wrapper.findAll('li')
  634 |     expect(lis.length).toBe(9)"
/home/gabriel/Disk/Research/research-javascript-test-smells/repositories/bootstrap-vue-dev/src/components/pagination/pagination.spec.js,Magic Number,"{'line': 634, 'column': 28, 'index': 20078}","  632 |     // Grab the page buttons
  633 |     let lis = wrapper.findAll('li')
> 634 |     expect(lis.length).toBe(9)
      |                            ^ Magic Number
  635 |     expect(lis.at(2).attributes('role')).not.toBe('separator')
  636 |     expect(lis.at(6).attributes('role')).toBe('separator')
  637 |"
/home/gabriel/Disk/Research/research-javascript-test-smells/repositories/bootstrap-vue-dev/src/components/pagination/pagination.spec.js,Magic Number,"{'line': 643, 'column': 48, 'index': 20396}","  641 |     })
  642 |     await waitNT(wrapper.vm)
> 643 |     expect(wrapper.vm.computedCurrentPage).toBe(4)
      |                                                ^ Magic Number
  644 |     lis = wrapper.findAll('li')
  645 |     expect(lis.length).toBe(9)
  646 |     expect(lis.at(2).attributes('role')).toBe('separator')"
/home/gabriel/Disk/Research/research-javascript-test-smells/repositories/bootstrap-vue-dev/src/components/pagination/pagination.spec.js,Magic Number,"{'line': 645, 'column': 28, 'index': 20459}","  643 |     expect(wrapper.vm.computedCurrentPage).toBe(4)
  644 |     lis = wrapper.findAll('li')
> 645 |     expect(lis.length).toBe(9)
      |                            ^ Magic Number
  646 |     expect(lis.at(2).attributes('role')).toBe('separator')
  647 |     expect(lis.at(6).attributes('role')).toBe('separator')
  648 |"
/home/gabriel/Disk/Research/research-javascript-test-smells/repositories/bootstrap-vue-dev/src/components/pagination/pagination.spec.js,Magic Number,"{'line': 654, 'column': 48, 'index': 20772}","  652 |     })
  653 |     await waitNT(wrapper.vm)
> 654 |     expect(wrapper.vm.computedCurrentPage).toBe(5)
      |                                                ^ Magic Number
  655 |     lis = wrapper.findAll('li')
  656 |     expect(lis.length).toBe(9)
  657 |     expect(lis.at(2).attributes('role')).toBe('separator')"
/home/gabriel/Disk/Research/research-javascript-test-smells/repositories/bootstrap-vue-dev/src/components/pagination/pagination.spec.js,Magic Number,"{'line': 656, 'column': 28, 'index': 20835}","  654 |     expect(wrapper.vm.computedCurrentPage).toBe(5)
  655 |     lis = wrapper.findAll('li')
> 656 |     expect(lis.length).toBe(9)
      |                            ^ Magic Number
  657 |     expect(lis.at(2).attributes('role')).toBe('separator')
  658 |     expect(lis.at(6).attributes('role')).not.toBe('separator')
  659 |"
/home/gabriel/Disk/Research/research-javascript-test-smells/repositories/bootstrap-vue-dev/src/components/pagination/pagination.spec.js,Magic Number,"{'line': 694, 'column': 28, 'index': 21804}","  692 |     // Grab the page buttons
  693 |     const lis = pagination.findAll('li')
> 694 |     expect(lis.length).toBe(9)
      |                            ^ Magic Number
  695 |
  696 |     expect(pagination.vm.computedCurrentPage).toBe(1)
  697 |     expect(pagination.emitted('input')).not.toBeDefined()"
/home/gabriel/Disk/Research/research-javascript-test-smells/repositories/bootstrap-vue-dev/src/components/pagination/pagination.spec.js,Magic Number,"{'line': 696, 'column': 51, 'index': 21859}","  694 |     expect(lis.length).toBe(9)
  695 |
> 696 |     expect(pagination.vm.computedCurrentPage).toBe(1)
      |                                                   ^ Magic Number
  697 |     expect(pagination.emitted('input')).not.toBeDefined()
  698 |     expect(pagination.emitted('change')).not.toBeDefined()
  699 |     expect(pagination.emitted('page-click')).not.toBeDefined()"
/home/gabriel/Disk/Research/research-javascript-test-smells/repositories/bootstrap-vue-dev/src/components/pagination/pagination.spec.js,Magic Number,"{'line': 706, 'column': 51, 'index': 22224}","  704 |       .find('button')
  705 |       .trigger('click')
> 706 |     expect(pagination.vm.computedCurrentPage).toBe(1)
      |                                                   ^ Magic Number
  707 |     expect(pagination.emitted('input')).not.toBeDefined()
  708 |     expect(pagination.emitted('change')).not.toBeDefined()
  709 |     expect(pagination.emitted('page-click')).not.toBeDefined()"
/home/gabriel/Disk/Research/research-javascript-test-smells/repositories/bootstrap-vue-dev/src/components/pagination/pagination.spec.js,Magic Number,"{'line': 716, 'column': 51, 'index': 22559}","  714 |       .find('button')
  715 |       .trigger('click')
> 716 |     expect(pagination.vm.computedCurrentPage).toBe(2)
      |                                                   ^ Magic Number
  717 |     expect(pagination.emitted('input')).toBeDefined()
  718 |     expect(pagination.emitted('change')).toBeDefined()
  719 |     expect(pagination.emitted('page-click')).toBeDefined()"
/home/gabriel/Disk/Research/research-javascript-test-smells/repositories/bootstrap-vue-dev/src/components/pagination/pagination.spec.js,Magic Number,"{'line': 720, 'column': 51, 'index': 22781}","  718 |     expect(pagination.emitted('change')).toBeDefined()
  719 |     expect(pagination.emitted('page-click')).toBeDefined()
> 720 |     expect(pagination.emitted('input')[0][0]).toBe(2)
      |                                                   ^ Magic Number
  721 |     expect(pagination.emitted('change')[0][0]).toBe(2)
  722 |     expect(pagination.emitted('page-click').length).toBe(1)
  723 |"
/home/gabriel/Disk/Research/research-javascript-test-smells/repositories/bootstrap-vue-dev/src/components/pagination/pagination.spec.js,Magic Number,"{'line': 721, 'column': 52, 'index': 22836}","  719 |     expect(pagination.emitted('page-click')).toBeDefined()
  720 |     expect(pagination.emitted('input')[0][0]).toBe(2)
> 721 |     expect(pagination.emitted('change')[0][0]).toBe(2)
      |                                                    ^ Magic Number
  722 |     expect(pagination.emitted('page-click').length).toBe(1)
  723 |
  724 |     // Click goto last button"
/home/gabriel/Disk/Research/research-javascript-test-smells/repositories/bootstrap-vue-dev/src/components/pagination/pagination.spec.js,Magic Number,"{'line': 722, 'column': 57, 'index': 22896}","  720 |     expect(pagination.emitted('input')[0][0]).toBe(2)
  721 |     expect(pagination.emitted('change')[0][0]).toBe(2)
> 722 |     expect(pagination.emitted('page-click').length).toBe(1)
      |                                                         ^ Magic Number
  723 |
  724 |     // Click goto last button
  725 |     await lis"
/home/gabriel/Disk/Research/research-javascript-test-smells/repositories/bootstrap-vue-dev/src/components/pagination/pagination.spec.js,Magic Number,"{'line': 729, 'column': 51, 'index': 23089}","  727 |       .find('button')
  728 |       .trigger('keydown.space') // Generates a click event
> 729 |     expect(pagination.vm.computedCurrentPage).toBe(5)
      |                                                   ^ Magic Number
  730 |     expect(pagination.emitted('input')[1][0]).toBe(5)
  731 |     expect(pagination.emitted('change')[1][0]).toBe(5)
  732 |     expect(pagination.emitted('page-click').length).toBe(2)"
/home/gabriel/Disk/Research/research-javascript-test-smells/repositories/bootstrap-vue-dev/src/components/pagination/pagination.spec.js,Magic Number,"{'line': 730, 'column': 51, 'index': 23143}","  728 |       .trigger('keydown.space') // Generates a click event
  729 |     expect(pagination.vm.computedCurrentPage).toBe(5)
> 730 |     expect(pagination.emitted('input')[1][0]).toBe(5)
      |                                                   ^ Magic Number
  731 |     expect(pagination.emitted('change')[1][0]).toBe(5)
  732 |     expect(pagination.emitted('page-click').length).toBe(2)
  733 |"
/home/gabriel/Disk/Research/research-javascript-test-smells/repositories/bootstrap-vue-dev/src/components/pagination/pagination.spec.js,Magic Number,"{'line': 731, 'column': 52, 'index': 23198}","  729 |     expect(pagination.vm.computedCurrentPage).toBe(5)
  730 |     expect(pagination.emitted('input')[1][0]).toBe(5)
> 731 |     expect(pagination.emitted('change')[1][0]).toBe(5)
      |                                                    ^ Magic Number
  732 |     expect(pagination.emitted('page-click').length).toBe(2)
  733 |
  734 |     // Click prev button"
/home/gabriel/Disk/Research/research-javascript-test-smells/repositories/bootstrap-vue-dev/src/components/pagination/pagination.spec.js,Magic Number,"{'line': 732, 'column': 57, 'index': 23258}","  730 |     expect(pagination.emitted('input')[1][0]).toBe(5)
  731 |     expect(pagination.emitted('change')[1][0]).toBe(5)
> 732 |     expect(pagination.emitted('page-click').length).toBe(2)
      |                                                         ^ Magic Number
  733 |
  734 |     // Click prev button
  735 |     await lis"
/home/gabriel/Disk/Research/research-javascript-test-smells/repositories/bootstrap-vue-dev/src/components/pagination/pagination.spec.js,Magic Number,"{'line': 739, 'column': 51, 'index': 23411}","  737 |       .find('button')
  738 |       .trigger('click')
> 739 |     expect(pagination.vm.computedCurrentPage).toBe(4)
      |                                                   ^ Magic Number
  740 |     expect(pagination.emitted('input')[2][0]).toBe(4)
  741 |     expect(pagination.emitted('change')[2][0]).toBe(4)
  742 |     expect(pagination.emitted('page-click').length).toBe(3)"
/home/gabriel/Disk/Research/research-javascript-test-smells/repositories/bootstrap-vue-dev/src/components/pagination/pagination.spec.js,Magic Number,"{'line': 740, 'column': 51, 'index': 23465}","  738 |       .trigger('click')
  739 |     expect(pagination.vm.computedCurrentPage).toBe(4)
> 740 |     expect(pagination.emitted('input')[2][0]).toBe(4)
      |                                                   ^ Magic Number
  741 |     expect(pagination.emitted('change')[2][0]).toBe(4)
  742 |     expect(pagination.emitted('page-click').length).toBe(3)
  743 |"
/home/gabriel/Disk/Research/research-javascript-test-smells/repositories/bootstrap-vue-dev/src/components/pagination/pagination.spec.js,Magic Number,"{'line': 741, 'column': 52, 'index': 23520}","  739 |     expect(pagination.vm.computedCurrentPage).toBe(4)
  740 |     expect(pagination.emitted('input')[2][0]).toBe(4)
> 741 |     expect(pagination.emitted('change')[2][0]).toBe(4)
      |                                                    ^ Magic Number
  742 |     expect(pagination.emitted('page-click').length).toBe(3)
  743 |
  744 |     // Click on 3rd button (prevented)"
/home/gabriel/Disk/Research/research-javascript-test-smells/repositories/bootstrap-vue-dev/src/components/pagination/pagination.spec.js,Magic Number,"{'line': 742, 'column': 57, 'index': 23580}","  740 |     expect(pagination.emitted('input')[2][0]).toBe(4)
  741 |     expect(pagination.emitted('change')[2][0]).toBe(4)
> 742 |     expect(pagination.emitted('page-click').length).toBe(3)
      |                                                         ^ Magic Number
  743 |
  744 |     // Click on 3rd button (prevented)
  745 |     await lis"
/home/gabriel/Disk/Research/research-javascript-test-smells/repositories/bootstrap-vue-dev/src/components/pagination/pagination.spec.js,Magic Number,"{'line': 749, 'column': 51, 'index': 23747}","  747 |       .find('button')
  748 |       .trigger('click')
> 749 |     expect(pagination.vm.computedCurrentPage).toBe(4)
      |                                                   ^ Magic Number
  750 |     expect(pagination.emitted('input').length).toBe(3)
  751 |     expect(pagination.emitted('change').length).toBe(3)
  752 |     expect(pagination.emitted('page-click').length).toBe(4)"
/home/gabriel/Disk/Research/research-javascript-test-smells/repositories/bootstrap-vue-dev/src/components/pagination/pagination.spec.js,Magic Number,"{'line': 750, 'column': 52, 'index': 23802}","  748 |       .trigger('click')
  749 |     expect(pagination.vm.computedCurrentPage).toBe(4)
> 750 |     expect(pagination.emitted('input').length).toBe(3)
      |                                                    ^ Magic Number
  751 |     expect(pagination.emitted('change').length).toBe(3)
  752 |     expect(pagination.emitted('page-click').length).toBe(4)
  753 |"
/home/gabriel/Disk/Research/research-javascript-test-smells/repositories/bootstrap-vue-dev/src/components/pagination/pagination.spec.js,Magic Number,"{'line': 751, 'column': 53, 'index': 23858}","  749 |     expect(pagination.vm.computedCurrentPage).toBe(4)
  750 |     expect(pagination.emitted('input').length).toBe(3)
> 751 |     expect(pagination.emitted('change').length).toBe(3)
      |                                                     ^ Magic Number
  752 |     expect(pagination.emitted('page-click').length).toBe(4)
  753 |
  754 |     wrapper.destroy()"
/home/gabriel/Disk/Research/research-javascript-test-smells/repositories/bootstrap-vue-dev/src/components/pagination/pagination.spec.js,Magic Number,"{'line': 752, 'column': 57, 'index': 23918}","  750 |     expect(pagination.emitted('input').length).toBe(3)
  751 |     expect(pagination.emitted('change').length).toBe(3)
> 752 |     expect(pagination.emitted('page-click').length).toBe(4)
      |                                                         ^ Magic Number
  753 |
  754 |     wrapper.destroy()
  755 |   })"
/home/gabriel/Disk/Research/research-javascript-test-smells/repositories/bootstrap-vue-dev/src/components/pagination/pagination.spec.js,Magic Number,"{'line': 769, 'column': 46, 'index': 24305}","  767 |
  768 |     // Should be 13 <li> total
> 769 |     expect(wrapper.findAll('li').length).toBe(13)
      |                                              ^ Magic Number
  770 |
  771 |     await wrapper.setProps({
  772 |       limit: 4"
/home/gabriel/Disk/Research/research-javascript-test-smells/repositories/bootstrap-vue-dev/src/components/pagination/pagination.spec.js,Magic Number,"{'line': 777, 'column': 46, 'index': 24467}","  775 |
  776 |     // Should be 8 <li> total
> 777 |     expect(wrapper.findAll('li').length).toBe(8)
      |                                              ^ Magic Number
  778 |
  779 |     wrapper.destroy()
  780 |   })"
/home/gabriel/Disk/Research/research-javascript-test-smells/repositories/bootstrap-vue-dev/src/components/pagination/pagination.spec.js,Magic Number,"{'line': 794, 'column': 40, 'index': 24919}","  792 |     expect(wrapper.vm).toBeDefined()
  793 |
> 794 |     expect(wrapper.vm.currentPage).toBe(10)
      |                                        ^ Magic Number
  795 |     expect(wrapper.emitted('input')).not.toBeDefined()
  796 |
  797 |     // Change total rows to larger value. Should not change page number"
/home/gabriel/Disk/Research/research-javascript-test-smells/repositories/bootstrap-vue-dev/src/components/pagination/pagination.spec.js,Magic Number,"{'line': 802, 'column': 40, 'index': 25176}","  800 |     })
  801 |     await waitNT(wrapper.vm)
> 802 |     expect(wrapper.vm.currentPage).toBe(10)
      |                                        ^ Magic Number
  803 |     expect(wrapper.emitted('input')).not.toBeDefined()
  804 |
  805 |     // Change to page 20"
/home/gabriel/Disk/Research/research-javascript-test-smells/repositories/bootstrap-vue-dev/src/components/pagination/pagination.spec.js,Magic Number,"{'line': 810, 'column': 40, 'index': 25382}","  808 |     })
  809 |     await waitNT(wrapper.vm)
> 810 |     expect(wrapper.vm.currentPage).toBe(20)
      |                                        ^ Magic Number
  811 |     expect(wrapper.emitted('input')).toBeDefined()
  812 |     expect(wrapper.emitted('input').length).toBe(1)
  813 |     expect(wrapper.emitted('input')[0][0]).toBe(20)"
/home/gabriel/Disk/Research/research-javascript-test-smells/repositories/bootstrap-vue-dev/src/components/pagination/pagination.spec.js,Magic Number,"{'line': 812, 'column': 49, 'index': 25486}","  810 |     expect(wrapper.vm.currentPage).toBe(20)
  811 |     expect(wrapper.emitted('input')).toBeDefined()
> 812 |     expect(wrapper.emitted('input').length).toBe(1)
      |                                                 ^ Magic Number
  813 |     expect(wrapper.emitted('input')[0][0]).toBe(20)
  814 |
  815 |     // Decrease number of pages should reset to page 1"
/home/gabriel/Disk/Research/research-javascript-test-smells/repositories/bootstrap-vue-dev/src/components/pagination/pagination.spec.js,Magic Number,"{'line': 813, 'column': 48, 'index': 25537}","  811 |     expect(wrapper.emitted('input')).toBeDefined()
  812 |     expect(wrapper.emitted('input').length).toBe(1)
> 813 |     expect(wrapper.emitted('input')[0][0]).toBe(20)
      |                                                ^ Magic Number
  814 |
  815 |     // Decrease number of pages should reset to page 1
  816 |     await wrapper.setProps({"
/home/gabriel/Disk/Research/research-javascript-test-smells/repositories/bootstrap-vue-dev/src/components/pagination/pagination.spec.js,Magic Number,"{'line': 820, 'column': 40, 'index': 25722}","  818 |     })
  819 |     await waitNT(wrapper.vm)
> 820 |     expect(wrapper.vm.currentPage).toBe(1)
      |                                        ^ Magic Number
  821 |     expect(wrapper.emitted('input').length).toBe(2)
  822 |     expect(wrapper.emitted('input')[1][0]).toBe(1)
  823 |"
/home/gabriel/Disk/Research/research-javascript-test-smells/repositories/bootstrap-vue-dev/src/components/pagination/pagination.spec.js,Magic Number,"{'line': 821, 'column': 49, 'index': 25774}","  819 |     await waitNT(wrapper.vm)
  820 |     expect(wrapper.vm.currentPage).toBe(1)
> 821 |     expect(wrapper.emitted('input').length).toBe(2)
      |                                                 ^ Magic Number
  822 |     expect(wrapper.emitted('input')[1][0]).toBe(1)
  823 |
  824 |     // Change to page 3"
/home/gabriel/Disk/Research/research-javascript-test-smells/repositories/bootstrap-vue-dev/src/components/pagination/pagination.spec.js,Magic Number,"{'line': 822, 'column': 48, 'index': 25825}","  820 |     expect(wrapper.vm.currentPage).toBe(1)
  821 |     expect(wrapper.emitted('input').length).toBe(2)
> 822 |     expect(wrapper.emitted('input')[1][0]).toBe(1)
      |                                                ^ Magic Number
  823 |
  824 |     // Change to page 3
  825 |     await wrapper.setProps({"
/home/gabriel/Disk/Research/research-javascript-test-smells/repositories/bootstrap-vue-dev/src/components/pagination/pagination.spec.js,Magic Number,"{'line': 829, 'column': 40, 'index': 25973}","  827 |     })
  828 |     await waitNT(wrapper.vm)
> 829 |     expect(wrapper.vm.currentPage).toBe(3)
      |                                        ^ Magic Number
  830 |     expect(wrapper.emitted('input').length).toBe(3)
  831 |     expect(wrapper.emitted('input')[2][0]).toBe(3)
  832 |"
/home/gabriel/Disk/Research/research-javascript-test-smells/repositories/bootstrap-vue-dev/src/components/pagination/pagination.spec.js,Magic Number,"{'line': 830, 'column': 49, 'index': 26025}","  828 |     await waitNT(wrapper.vm)
  829 |     expect(wrapper.vm.currentPage).toBe(3)
> 830 |     expect(wrapper.emitted('input').length).toBe(3)
      |                                                 ^ Magic Number
  831 |     expect(wrapper.emitted('input')[2][0]).toBe(3)
  832 |
  833 |     // Decrease number of pages to 5 should not reset to page 1"
/home/gabriel/Disk/Research/research-javascript-test-smells/repositories/bootstrap-vue-dev/src/components/pagination/pagination.spec.js,Magic Number,"{'line': 831, 'column': 48, 'index': 26076}","  829 |     expect(wrapper.vm.currentPage).toBe(3)
  830 |     expect(wrapper.emitted('input').length).toBe(3)
> 831 |     expect(wrapper.emitted('input')[2][0]).toBe(3)
      |                                                ^ Magic Number
  832 |
  833 |     // Decrease number of pages to 5 should not reset to page 1
  834 |     await wrapper.setProps({"
/home/gabriel/Disk/Research/research-javascript-test-smells/repositories/bootstrap-vue-dev/src/components/pagination/pagination.spec.js,Magic Number,"{'line': 838, 'column': 40, 'index': 26268}","  836 |     })
  837 |     await waitNT(wrapper.vm)
> 838 |     expect(wrapper.vm.currentPage).toBe(3)
      |                                        ^ Magic Number
  839 |     expect(wrapper.emitted('input').length).toBe(3)
  840 |
  841 |     wrapper.destroy()"
/home/gabriel/Disk/Research/research-javascript-test-smells/repositories/bootstrap-vue-dev/src/components/pagination/pagination.spec.js,Magic Number,"{'line': 839, 'column': 49, 'index': 26320}","  837 |     await waitNT(wrapper.vm)
  838 |     expect(wrapper.vm.currentPage).toBe(3)
> 839 |     expect(wrapper.emitted('input').length).toBe(3)
      |                                                 ^ Magic Number
  840 |
  841 |     wrapper.destroy()
  842 |   })"
/home/gabriel/Disk/Research/research-javascript-test-smells/repositories/bootstrap-vue-dev/src/components/pagination/pagination.spec.js,Magic Number,"{'line': 856, 'column': 40, 'index': 26707}","  854 |     expect(wrapper.vm).toBeDefined()
  855 |
> 856 |     expect(wrapper.vm.currentPage).toBe(4)
      |                                        ^ Magic Number
  857 |     expect(wrapper.emitted('input')).not.toBeDefined()
  858 |
  859 |     // Change perPage"
/home/gabriel/Disk/Research/research-javascript-test-smells/repositories/bootstrap-vue-dev/src/components/pagination/pagination.spec.js,Magic Number,"{'line': 864, 'column': 40, 'index': 26910}","  862 |     })
  863 |     await waitNT(wrapper.vm)
> 864 |     expect(wrapper.vm.currentPage).toBe(1)
      |                                        ^ Magic Number
  865 |     expect(wrapper.emitted('input')).toBeDefined()
  866 |     expect(wrapper.emitted('input').length).toBe(1)
  867 |     expect(wrapper.emitted('input')[0][0]).toBe(1)"
/home/gabriel/Disk/Research/research-javascript-test-smells/repositories/bootstrap-vue-dev/src/components/pagination/pagination.spec.js,Magic Number,"{'line': 866, 'column': 49, 'index': 27013}","  864 |     expect(wrapper.vm.currentPage).toBe(1)
  865 |     expect(wrapper.emitted('input')).toBeDefined()
> 866 |     expect(wrapper.emitted('input').length).toBe(1)
      |                                                 ^ Magic Number
  867 |     expect(wrapper.emitted('input')[0][0]).toBe(1)
  868 |
  869 |     // Change page to 3"
/home/gabriel/Disk/Research/research-javascript-test-smells/repositories/bootstrap-vue-dev/src/components/pagination/pagination.spec.js,Magic Number,"{'line': 867, 'column': 48, 'index': 27064}","  865 |     expect(wrapper.emitted('input')).toBeDefined()
  866 |     expect(wrapper.emitted('input').length).toBe(1)
> 867 |     expect(wrapper.emitted('input')[0][0]).toBe(1)
      |                                                ^ Magic Number
  868 |
  869 |     // Change page to 3
  870 |     await wrapper.setProps({"
/home/gabriel/Disk/Research/research-javascript-test-smells/repositories/bootstrap-vue-dev/src/components/pagination/pagination.spec.js,Magic Number,"{'line': 874, 'column': 40, 'index': 27212}","  872 |     })
  873 |     await waitNT(wrapper.vm)
> 874 |     expect(wrapper.vm.currentPage).toBe(3)
      |                                        ^ Magic Number
  875 |     expect(wrapper.emitted('input').length).toBe(2)
  876 |     expect(wrapper.emitted('input')[1][0]).toBe(3)
  877 |"
/home/gabriel/Disk/Research/research-javascript-test-smells/repositories/bootstrap-vue-dev/src/components/pagination/pagination.spec.js,Magic Number,"{'line': 875, 'column': 49, 'index': 27264}","  873 |     await waitNT(wrapper.vm)
  874 |     expect(wrapper.vm.currentPage).toBe(3)
> 875 |     expect(wrapper.emitted('input').length).toBe(2)
      |                                                 ^ Magic Number
  876 |     expect(wrapper.emitted('input')[1][0]).toBe(3)
  877 |
  878 |     // Change perPage. Should reset to page 1, even though"
/home/gabriel/Disk/Research/research-javascript-test-smells/repositories/bootstrap-vue-dev/src/components/pagination/pagination.spec.js,Magic Number,"{'line': 876, 'column': 48, 'index': 27315}","  874 |     expect(wrapper.vm.currentPage).toBe(3)
  875 |     expect(wrapper.emitted('input').length).toBe(2)
> 876 |     expect(wrapper.emitted('input')[1][0]).toBe(3)
      |                                                ^ Magic Number
  877 |
  878 |     // Change perPage. Should reset to page 1, even though
  879 |     // current page is within range of numberOfPages"
/home/gabriel/Disk/Research/research-javascript-test-smells/repositories/bootstrap-vue-dev/src/components/pagination/pagination.spec.js,Magic Number,"{'line': 884, 'column': 40, 'index': 27553}","  882 |     })
  883 |     await waitNT(wrapper.vm)
> 884 |     expect(wrapper.vm.currentPage).toBe(1)
      |                                        ^ Magic Number
  885 |     expect(wrapper.emitted('input').length).toBe(3)
  886 |     expect(wrapper.emitted('input')[2][0]).toBe(1)
  887 |"
/home/gabriel/Disk/Research/research-javascript-test-smells/repositories/bootstrap-vue-dev/src/components/pagination/pagination.spec.js,Magic Number,"{'line': 885, 'column': 49, 'index': 27605}","  883 |     await waitNT(wrapper.vm)
  884 |     expect(wrapper.vm.currentPage).toBe(1)
> 885 |     expect(wrapper.emitted('input').length).toBe(3)
      |                                                 ^ Magic Number
  886 |     expect(wrapper.emitted('input')[2][0]).toBe(1)
  887 |
  888 |     wrapper.destroy()"
/home/gabriel/Disk/Research/research-javascript-test-smells/repositories/bootstrap-vue-dev/src/components/pagination/pagination.spec.js,Magic Number,"{'line': 886, 'column': 48, 'index': 27656}","  884 |     expect(wrapper.vm.currentPage).toBe(1)
  885 |     expect(wrapper.emitted('input').length).toBe(3)
> 886 |     expect(wrapper.emitted('input')[2][0]).toBe(1)
      |                                                ^ Magic Number
  887 |
  888 |     wrapper.destroy()
  889 |   })"
/home/gabriel/Disk/Research/research-javascript-test-smells/repositories/bootstrap-vue-dev/src/components/pagination/pagination.spec.js,Magic Number,"{'line': 908, 'column': 50, 'index': 28137}","  906 |     expect(wrapper.vm).toBeDefined()
  907 |     await waitNT(wrapper.vm)
> 908 |     expect(wrapper.findAll(selector).length).toBe(9)
      |                                                  ^ Magic Number
  909 |     items = wrapperArrayToArray(wrapper.findAll(selector)).map(w => w.text())
  910 |     expect(items).toEqual(['‹', '1', '2', '3', '4', '5', '…', '10', '›'])
  911 |"
/home/gabriel/Disk/Research/research-javascript-test-smells/repositories/bootstrap-vue-dev/src/components/pagination/pagination.spec.js,Magic Number,"{'line': 995, 'column': 50, 'index': 30883}","  993 |     expect(wrapper.vm).toBeDefined()
  994 |     await waitNT(wrapper.vm)
> 995 |     expect(wrapper.findAll(selector).length).toBe(7)
      |                                                  ^ Magic Number
  996 |     items = wrapperArrayToArray(wrapper.findAll(selector)).map(w => w.text())
  997 |     expect(items).toEqual(['‹', '1', '2', '3', '4', '10', '›'])
  998 |"
/home/gabriel/Disk/Research/research-javascript-test-smells/repositories/bootstrap-vue-dev/src/components/pagination/pagination.spec.js,Magic Number,"{'line': 1101, 'column': 32, 'index': 34278}","  1099 |       // Grab the button links (2 bookends + 3 pages + 2 bookends)
  1100 |       const links = wrapper.findAll('button.page-link')
> 1101 |       expect(links.length).toBe(7)
       |                                ^ Magic Number
  1102 |
  1103 |       // Sanity check for getBCR override
  1104 |       expect(wrapper.element.getBoundingClientRect().width).toBe(24)"
/home/gabriel/Disk/Research/research-javascript-test-smells/repositories/bootstrap-vue-dev/src/components/pagination/pagination.spec.js,Magic Number,"{'line': 1104, 'column': 65, 'index': 34389}","  1102 |
  1103 |       // Sanity check for getBCR override
> 1104 |       expect(wrapper.element.getBoundingClientRect().width).toBe(24)
       |                                                                 ^ Magic Number
  1105 |       expect(getBCR(links.at(3).element).width).toBe(24)
  1106 |       expect(contains(document.body, links.at(3).element)).toBe(true)
  1107 |       expect(isVisible(links.at(3).element)).toBe(true)"
/home/gabriel/Disk/Research/research-javascript-test-smells/repositories/bootstrap-vue-dev/src/components/pagination/pagination.spec.js,Magic Number,"{'line': 1105, 'column': 53, 'index': 34446}","  1103 |       // Sanity check for getBCR override
  1104 |       expect(wrapper.element.getBoundingClientRect().width).toBe(24)
> 1105 |       expect(getBCR(links.at(3).element).width).toBe(24)
       |                                                     ^ Magic Number
  1106 |       expect(contains(document.body, links.at(3).element)).toBe(true)
  1107 |       expect(isVisible(links.at(3).element)).toBe(true)
  1108 |"
/home/gabriel/Disk/Research/research-javascript-test-smells/repositories/bootstrap-vue-dev/src/components/pagination/pagination.spec.js,Magic Number,"{'line': 1155, 'column': 32, 'index': 36120}","  1153 |       // Grab the button links (2 bookends + 3 pages + 2 bookends)
  1154 |       const links = wrapper.findAll('button.page-link')
> 1155 |       expect(links.length).toBe(7)
       |                                ^ Magic Number
  1156 |
  1157 |       // Focus the last button
  1158 |       links.at(6).element.focus()"
/home/gabriel/Disk/Research/research-javascript-test-smells/repositories/bootstrap-vue-dev/src/components/pagination/pagination.spec.js,Magic Number,"{'line': 1185, 'column': 32, 'index': 37003}","  1183 |       // Grab the button links (2 disabled bookends + 4 pages + (-ellipsis) + 2 bookends)
  1184 |       links = wrapper.findAll('button.page-link')
> 1185 |       expect(links.length).toBe(6)
       |                                ^ Magic Number
  1186 |
  1187 |       // Click on the 4th button (page 4, index 3)
  1188 |       links.at(3).element.click()"
/home/gabriel/Disk/Research/research-javascript-test-smells/repositories/bootstrap-vue-dev/src/components/overlay/overlay.spec.js,Duplicate Assert,"{'line': 20, 'column': 4, 'index': 510}","  18 |
  19 |     expect(wrapper.element.tagName).toBe('DIV')
> 20 |     expect(wrapper.classes()).toContain('b-overlay-wrap')
     |    ^ Duplicate Assert
  21 |     expect(wrapper.classes()).toContain('position-relative')
  22 |     expect(wrapper.attributes('aria-busy')).not.toBe('true')
  23 |     expect(wrapper.text()).toContain('foobar')"
/home/gabriel/Disk/Research/research-javascript-test-smells/repositories/bootstrap-vue-dev/src/components/overlay/overlay.spec.js,Duplicate Assert,"{'line': 21, 'column': 4, 'index': 568}","  19 |     expect(wrapper.element.tagName).toBe('DIV')
  20 |     expect(wrapper.classes()).toContain('b-overlay-wrap')
> 21 |     expect(wrapper.classes()).toContain('position-relative')
     |    ^ Duplicate Assert
  22 |     expect(wrapper.attributes('aria-busy')).not.toBe('true')
  23 |     expect(wrapper.text()).toContain('foobar')
  24 |     expect(wrapper.find('.b-overlay').exists()).toBe(false)"
/home/gabriel/Disk/Research/research-javascript-test-smells/repositories/bootstrap-vue-dev/src/components/overlay/overlay.spec.js,Duplicate Assert,"{'line': 47, 'column': 4, 'index': 1308}","  45 |
  46 |     expect(wrapper.element.tagName).toBe('DIV')
> 47 |     expect(wrapper.classes()).toContain('b-overlay-wrap')
     |    ^ Duplicate Assert
  48 |     expect(wrapper.classes()).toContain('position-relative')
  49 |     expect(wrapper.attributes('aria-busy')).toBe('true')
  50 |     expect(wrapper.text()).toContain('foobar')"
/home/gabriel/Disk/Research/research-javascript-test-smells/repositories/bootstrap-vue-dev/src/components/overlay/overlay.spec.js,Duplicate Assert,"{'line': 48, 'column': 4, 'index': 1366}","  46 |     expect(wrapper.element.tagName).toBe('DIV')
  47 |     expect(wrapper.classes()).toContain('b-overlay-wrap')
> 48 |     expect(wrapper.classes()).toContain('position-relative')
     |    ^ Duplicate Assert
  49 |     expect(wrapper.attributes('aria-busy')).toBe('true')
  50 |     expect(wrapper.text()).toContain('foobar')
  51 |"
/home/gabriel/Disk/Research/research-javascript-test-smells/repositories/bootstrap-vue-dev/src/components/overlay/overlay.spec.js,Duplicate Assert,"{'line': 59, 'column': 4, 'index': 1784}","  57 |     expect($children.length).toBe(2)
  58 |
> 59 |     expect($children.at(0).classes()).toContain('position-absolute')
     |    ^ Duplicate Assert
  60 |     expect($children.at(0).classes()).toContain('bg-light')
  61 |     expect($children.at(0).text()).toBe('')
  62 |"
/home/gabriel/Disk/Research/research-javascript-test-smells/repositories/bootstrap-vue-dev/src/components/overlay/overlay.spec.js,Duplicate Assert,"{'line': 60, 'column': 4, 'index': 1853}","  58 |
  59 |     expect($children.at(0).classes()).toContain('position-absolute')
> 60 |     expect($children.at(0).classes()).toContain('bg-light')
     |    ^ Duplicate Assert
  61 |     expect($children.at(0).text()).toBe('')
  62 |
  63 |     expect($children.at(1).classes()).toContain('position-absolute')"
/home/gabriel/Disk/Research/research-javascript-test-smells/repositories/bootstrap-vue-dev/src/components/overlay/overlay.spec.js,Duplicate Assert,"{'line': 63, 'column': 4, 'index': 1958}","  61 |     expect($children.at(0).text()).toBe('')
  62 |
> 63 |     expect($children.at(1).classes()).toContain('position-absolute')
     |    ^ Duplicate Assert
  64 |     expect($children.at(1).classes()).not.toContain('bg-light')
  65 |     expect(
  66 |       $children"
/home/gabriel/Disk/Research/research-javascript-test-smells/repositories/bootstrap-vue-dev/src/components/overlay/overlay.spec.js,Duplicate Assert,"{'line': 64, 'column': 4, 'index': 2027}","  62 |
  63 |     expect($children.at(1).classes()).toContain('position-absolute')
> 64 |     expect($children.at(1).classes()).not.toContain('bg-light')
     |    ^ Duplicate Assert
  65 |     expect(
  66 |       $children
  67 |         .at(1)"
/home/gabriel/Disk/Research/research-javascript-test-smells/repositories/bootstrap-vue-dev/src/components/overlay/overlay.spec.js,Duplicate Assert,"{'line': 92, 'column': 4, 'index': 2615}","  90 |     await waitRAF()
  91 |
> 92 |     expect(wrapper.element.tagName).toBe('DIV')
     |    ^ Duplicate Assert
  93 |     expect(wrapper.classes()).toContain('b-overlay-wrap')
  94 |     expect(wrapper.classes()).toContain('position-relative')
  95 |     expect(wrapper.attributes('aria-busy')).not.toBe('true')"
/home/gabriel/Disk/Research/research-javascript-test-smells/repositories/bootstrap-vue-dev/src/components/overlay/overlay.spec.js,Duplicate Assert,"{'line': 92, 'column': 4, 'index': 2615}","  90 |     await waitRAF()
  91 |
> 92 |     expect(wrapper.element.tagName).toBe('DIV')
     |    ^ Duplicate Assert
  93 |     expect(wrapper.classes()).toContain('b-overlay-wrap')
  94 |     expect(wrapper.classes()).toContain('position-relative')
  95 |     expect(wrapper.attributes('aria-busy')).not.toBe('true')"
/home/gabriel/Disk/Research/research-javascript-test-smells/repositories/bootstrap-vue-dev/src/components/overlay/overlay.spec.js,Duplicate Assert,"{'line': 93, 'column': 4, 'index': 2663}","  91 |
  92 |     expect(wrapper.element.tagName).toBe('DIV')
> 93 |     expect(wrapper.classes()).toContain('b-overlay-wrap')
     |    ^ Duplicate Assert
  94 |     expect(wrapper.classes()).toContain('position-relative')
  95 |     expect(wrapper.attributes('aria-busy')).not.toBe('true')
  96 |     expect(wrapper.text()).toContain('foobar')"
/home/gabriel/Disk/Research/research-javascript-test-smells/repositories/bootstrap-vue-dev/src/components/overlay/overlay.spec.js,Duplicate Assert,"{'line': 93, 'column': 4, 'index': 2663}","  91 |
  92 |     expect(wrapper.element.tagName).toBe('DIV')
> 93 |     expect(wrapper.classes()).toContain('b-overlay-wrap')
     |    ^ Duplicate Assert
  94 |     expect(wrapper.classes()).toContain('position-relative')
  95 |     expect(wrapper.attributes('aria-busy')).not.toBe('true')
  96 |     expect(wrapper.text()).toContain('foobar')"
/home/gabriel/Disk/Research/research-javascript-test-smells/repositories/bootstrap-vue-dev/src/components/overlay/overlay.spec.js,Duplicate Assert,"{'line': 94, 'column': 4, 'index': 2721}","  92 |     expect(wrapper.element.tagName).toBe('DIV')
  93 |     expect(wrapper.classes()).toContain('b-overlay-wrap')
> 94 |     expect(wrapper.classes()).toContain('position-relative')
     |    ^ Duplicate Assert
  95 |     expect(wrapper.attributes('aria-busy')).not.toBe('true')
  96 |     expect(wrapper.text()).toContain('foobar')
  97 |     expect(wrapper.find('.b-overlay').exists()).toBe(false)"
/home/gabriel/Disk/Research/research-javascript-test-smells/repositories/bootstrap-vue-dev/src/components/overlay/overlay.spec.js,Duplicate Assert,"{'line': 94, 'column': 4, 'index': 2721}","  92 |     expect(wrapper.element.tagName).toBe('DIV')
  93 |     expect(wrapper.classes()).toContain('b-overlay-wrap')
> 94 |     expect(wrapper.classes()).toContain('position-relative')
     |    ^ Duplicate Assert
  95 |     expect(wrapper.attributes('aria-busy')).not.toBe('true')
  96 |     expect(wrapper.text()).toContain('foobar')
  97 |     expect(wrapper.find('.b-overlay').exists()).toBe(false)"
/home/gabriel/Disk/Research/research-javascript-test-smells/repositories/bootstrap-vue-dev/src/components/overlay/overlay.spec.js,Duplicate Assert,"{'line': 95, 'column': 4, 'index': 2782}","  93 |     expect(wrapper.classes()).toContain('b-overlay-wrap')
  94 |     expect(wrapper.classes()).toContain('position-relative')
> 95 |     expect(wrapper.attributes('aria-busy')).not.toBe('true')
     |    ^ Duplicate Assert
  96 |     expect(wrapper.text()).toContain('foobar')
  97 |     expect(wrapper.find('.b-overlay').exists()).toBe(false)
  98 |     expect(wrapper.find('.spinner-border').exists()).toBe(false)"
/home/gabriel/Disk/Research/research-javascript-test-smells/repositories/bootstrap-vue-dev/src/components/overlay/overlay.spec.js,Duplicate Assert,"{'line': 95, 'column': 4, 'index': 2782}","  93 |     expect(wrapper.classes()).toContain('b-overlay-wrap')
  94 |     expect(wrapper.classes()).toContain('position-relative')
> 95 |     expect(wrapper.attributes('aria-busy')).not.toBe('true')
     |    ^ Duplicate Assert
  96 |     expect(wrapper.text()).toContain('foobar')
  97 |     expect(wrapper.find('.b-overlay').exists()).toBe(false)
  98 |     expect(wrapper.find('.spinner-border').exists()).toBe(false)"
/home/gabriel/Disk/Research/research-javascript-test-smells/repositories/bootstrap-vue-dev/src/components/overlay/overlay.spec.js,Duplicate Assert,"{'line': 96, 'column': 4, 'index': 2843}","  94 |     expect(wrapper.classes()).toContain('position-relative')
  95 |     expect(wrapper.attributes('aria-busy')).not.toBe('true')
> 96 |     expect(wrapper.text()).toContain('foobar')
     |    ^ Duplicate Assert
  97 |     expect(wrapper.find('.b-overlay').exists()).toBe(false)
  98 |     expect(wrapper.find('.spinner-border').exists()).toBe(false)
  99 |"
/home/gabriel/Disk/Research/research-javascript-test-smells/repositories/bootstrap-vue-dev/src/components/overlay/overlay.spec.js,Duplicate Assert,"{'line': 96, 'column': 4, 'index': 2843}","  94 |     expect(wrapper.classes()).toContain('position-relative')
  95 |     expect(wrapper.attributes('aria-busy')).not.toBe('true')
> 96 |     expect(wrapper.text()).toContain('foobar')
     |    ^ Duplicate Assert
  97 |     expect(wrapper.find('.b-overlay').exists()).toBe(false)
  98 |     expect(wrapper.find('.spinner-border').exists()).toBe(false)
  99 |"
/home/gabriel/Disk/Research/research-javascript-test-smells/repositories/bootstrap-vue-dev/src/components/overlay/overlay.spec.js,Duplicate Assert,"{'line': 97, 'column': 4, 'index': 2890}","   95 |     expect(wrapper.attributes('aria-busy')).not.toBe('true')
   96 |     expect(wrapper.text()).toContain('foobar')
>  97 |     expect(wrapper.find('.b-overlay').exists()).toBe(false)
      |    ^ Duplicate Assert
   98 |     expect(wrapper.find('.spinner-border').exists()).toBe(false)
   99 |
  100 |     expect(wrapper.emitted('shown')).toBeUndefined()"
/home/gabriel/Disk/Research/research-javascript-test-smells/repositories/bootstrap-vue-dev/src/components/overlay/overlay.spec.js,Duplicate Assert,"{'line': 97, 'column': 4, 'index': 2890}","   95 |     expect(wrapper.attributes('aria-busy')).not.toBe('true')
   96 |     expect(wrapper.text()).toContain('foobar')
>  97 |     expect(wrapper.find('.b-overlay').exists()).toBe(false)
      |    ^ Duplicate Assert
   98 |     expect(wrapper.find('.spinner-border').exists()).toBe(false)
   99 |
  100 |     expect(wrapper.emitted('shown')).toBeUndefined()"
/home/gabriel/Disk/Research/research-javascript-test-smells/repositories/bootstrap-vue-dev/src/components/overlay/overlay.spec.js,Duplicate Assert,"{'line': 98, 'column': 4, 'index': 2950}","   96 |     expect(wrapper.text()).toContain('foobar')
   97 |     expect(wrapper.find('.b-overlay').exists()).toBe(false)
>  98 |     expect(wrapper.find('.spinner-border').exists()).toBe(false)
      |    ^ Duplicate Assert
   99 |
  100 |     expect(wrapper.emitted('shown')).toBeUndefined()
  101 |     expect(wrapper.emitted('hidden')).toBeUndefined()"
/home/gabriel/Disk/Research/research-javascript-test-smells/repositories/bootstrap-vue-dev/src/components/overlay/overlay.spec.js,Duplicate Assert,"{'line': 98, 'column': 4, 'index': 2950}","   96 |     expect(wrapper.text()).toContain('foobar')
   97 |     expect(wrapper.find('.b-overlay').exists()).toBe(false)
>  98 |     expect(wrapper.find('.spinner-border').exists()).toBe(false)
      |    ^ Duplicate Assert
   99 |
  100 |     expect(wrapper.emitted('shown')).toBeUndefined()
  101 |     expect(wrapper.emitted('hidden')).toBeUndefined()"
/home/gabriel/Disk/Research/research-javascript-test-smells/repositories/bootstrap-vue-dev/src/components/overlay/overlay.spec.js,Duplicate Assert,"{'line': 100, 'column': 4, 'index': 3016}","   98 |     expect(wrapper.find('.spinner-border').exists()).toBe(false)
   99 |
> 100 |     expect(wrapper.emitted('shown')).toBeUndefined()
      |    ^ Duplicate Assert
  101 |     expect(wrapper.emitted('hidden')).toBeUndefined()
  102 |
  103 |     await wrapper.setProps({"
/home/gabriel/Disk/Research/research-javascript-test-smells/repositories/bootstrap-vue-dev/src/components/overlay/overlay.spec.js,Duplicate Assert,"{'line': 101, 'column': 4, 'index': 3069}","   99 |
  100 |     expect(wrapper.emitted('shown')).toBeUndefined()
> 101 |     expect(wrapper.emitted('hidden')).toBeUndefined()
      |    ^ Duplicate Assert
  102 |
  103 |     await wrapper.setProps({
  104 |       show: true"
/home/gabriel/Disk/Research/research-javascript-test-smells/repositories/bootstrap-vue-dev/src/components/overlay/overlay.spec.js,Duplicate Assert,"{'line': 101, 'column': 4, 'index': 3069}","   99 |
  100 |     expect(wrapper.emitted('shown')).toBeUndefined()
> 101 |     expect(wrapper.emitted('hidden')).toBeUndefined()
      |    ^ Duplicate Assert
  102 |
  103 |     await wrapper.setProps({
  104 |       show: true"
/home/gabriel/Disk/Research/research-javascript-test-smells/repositories/bootstrap-vue-dev/src/components/overlay/overlay.spec.js,Duplicate Assert,"{'line': 111, 'column': 4, 'index': 3276}","  109 |     await waitRAF()
  110 |
> 111 |     expect(wrapper.element.tagName).toBe('DIV')
      |    ^ Duplicate Assert
  112 |     expect(wrapper.classes()).toContain('b-overlay-wrap')
  113 |     expect(wrapper.classes()).toContain('position-relative')
  114 |     expect(wrapper.attributes('aria-busy')).toBe('true')"
/home/gabriel/Disk/Research/research-javascript-test-smells/repositories/bootstrap-vue-dev/src/components/overlay/overlay.spec.js,Duplicate Assert,"{'line': 111, 'column': 4, 'index': 3276}","  109 |     await waitRAF()
  110 |
> 111 |     expect(wrapper.element.tagName).toBe('DIV')
      |    ^ Duplicate Assert
  112 |     expect(wrapper.classes()).toContain('b-overlay-wrap')
  113 |     expect(wrapper.classes()).toContain('position-relative')
  114 |     expect(wrapper.attributes('aria-busy')).toBe('true')"
/home/gabriel/Disk/Research/research-javascript-test-smells/repositories/bootstrap-vue-dev/src/components/overlay/overlay.spec.js,Duplicate Assert,"{'line': 112, 'column': 4, 'index': 3324}","  110 |
  111 |     expect(wrapper.element.tagName).toBe('DIV')
> 112 |     expect(wrapper.classes()).toContain('b-overlay-wrap')
      |    ^ Duplicate Assert
  113 |     expect(wrapper.classes()).toContain('position-relative')
  114 |     expect(wrapper.attributes('aria-busy')).toBe('true')
  115 |     expect(wrapper.text()).toContain('foobar')"
/home/gabriel/Disk/Research/research-javascript-test-smells/repositories/bootstrap-vue-dev/src/components/overlay/overlay.spec.js,Duplicate Assert,"{'line': 112, 'column': 4, 'index': 3324}","  110 |
  111 |     expect(wrapper.element.tagName).toBe('DIV')
> 112 |     expect(wrapper.classes()).toContain('b-overlay-wrap')
      |    ^ Duplicate Assert
  113 |     expect(wrapper.classes()).toContain('position-relative')
  114 |     expect(wrapper.attributes('aria-busy')).toBe('true')
  115 |     expect(wrapper.text()).toContain('foobar')"
/home/gabriel/Disk/Research/research-javascript-test-smells/repositories/bootstrap-vue-dev/src/components/overlay/overlay.spec.js,Duplicate Assert,"{'line': 113, 'column': 4, 'index': 3382}","  111 |     expect(wrapper.element.tagName).toBe('DIV')
  112 |     expect(wrapper.classes()).toContain('b-overlay-wrap')
> 113 |     expect(wrapper.classes()).toContain('position-relative')
      |    ^ Duplicate Assert
  114 |     expect(wrapper.attributes('aria-busy')).toBe('true')
  115 |     expect(wrapper.text()).toContain('foobar')
  116 |     expect(wrapper.find('.b-overlay').exists()).toBe(true)"
/home/gabriel/Disk/Research/research-javascript-test-smells/repositories/bootstrap-vue-dev/src/components/overlay/overlay.spec.js,Duplicate Assert,"{'line': 113, 'column': 4, 'index': 3382}","  111 |     expect(wrapper.element.tagName).toBe('DIV')
  112 |     expect(wrapper.classes()).toContain('b-overlay-wrap')
> 113 |     expect(wrapper.classes()).toContain('position-relative')
      |    ^ Duplicate Assert
  114 |     expect(wrapper.attributes('aria-busy')).toBe('true')
  115 |     expect(wrapper.text()).toContain('foobar')
  116 |     expect(wrapper.find('.b-overlay').exists()).toBe(true)"
/home/gabriel/Disk/Research/research-javascript-test-smells/repositories/bootstrap-vue-dev/src/components/overlay/overlay.spec.js,Duplicate Assert,"{'line': 114, 'column': 4, 'index': 3443}","  112 |     expect(wrapper.classes()).toContain('b-overlay-wrap')
  113 |     expect(wrapper.classes()).toContain('position-relative')
> 114 |     expect(wrapper.attributes('aria-busy')).toBe('true')
      |    ^ Duplicate Assert
  115 |     expect(wrapper.text()).toContain('foobar')
  116 |     expect(wrapper.find('.b-overlay').exists()).toBe(true)
  117 |     expect(wrapper.find('.spinner-border').exists()).toBe(true)"
/home/gabriel/Disk/Research/research-javascript-test-smells/repositories/bootstrap-vue-dev/src/components/overlay/overlay.spec.js,Duplicate Assert,"{'line': 115, 'column': 4, 'index': 3500}","  113 |     expect(wrapper.classes()).toContain('position-relative')
  114 |     expect(wrapper.attributes('aria-busy')).toBe('true')
> 115 |     expect(wrapper.text()).toContain('foobar')
      |    ^ Duplicate Assert
  116 |     expect(wrapper.find('.b-overlay').exists()).toBe(true)
  117 |     expect(wrapper.find('.spinner-border').exists()).toBe(true)
  118 |"
/home/gabriel/Disk/Research/research-javascript-test-smells/repositories/bootstrap-vue-dev/src/components/overlay/overlay.spec.js,Duplicate Assert,"{'line': 115, 'column': 4, 'index': 3500}","  113 |     expect(wrapper.classes()).toContain('position-relative')
  114 |     expect(wrapper.attributes('aria-busy')).toBe('true')
> 115 |     expect(wrapper.text()).toContain('foobar')
      |    ^ Duplicate Assert
  116 |     expect(wrapper.find('.b-overlay').exists()).toBe(true)
  117 |     expect(wrapper.find('.spinner-border').exists()).toBe(true)
  118 |"
/home/gabriel/Disk/Research/research-javascript-test-smells/repositories/bootstrap-vue-dev/src/components/overlay/overlay.spec.js,Duplicate Assert,"{'line': 116, 'column': 4, 'index': 3547}","  114 |     expect(wrapper.attributes('aria-busy')).toBe('true')
  115 |     expect(wrapper.text()).toContain('foobar')
> 116 |     expect(wrapper.find('.b-overlay').exists()).toBe(true)
      |    ^ Duplicate Assert
  117 |     expect(wrapper.find('.spinner-border').exists()).toBe(true)
  118 |
  119 |     expect(wrapper.emitted('shown')).not.toBeUndefined()"
/home/gabriel/Disk/Research/research-javascript-test-smells/repositories/bootstrap-vue-dev/src/components/overlay/overlay.spec.js,Duplicate Assert,"{'line': 117, 'column': 4, 'index': 3606}","  115 |     expect(wrapper.text()).toContain('foobar')
  116 |     expect(wrapper.find('.b-overlay').exists()).toBe(true)
> 117 |     expect(wrapper.find('.spinner-border').exists()).toBe(true)
      |    ^ Duplicate Assert
  118 |
  119 |     expect(wrapper.emitted('shown')).not.toBeUndefined()
  120 |     expect(wrapper.emitted('hidden')).toBeUndefined()"
/home/gabriel/Disk/Research/research-javascript-test-smells/repositories/bootstrap-vue-dev/src/components/overlay/overlay.spec.js,Duplicate Assert,"{'line': 119, 'column': 4, 'index': 3671}","  117 |     expect(wrapper.find('.spinner-border').exists()).toBe(true)
  118 |
> 119 |     expect(wrapper.emitted('shown')).not.toBeUndefined()
      |    ^ Duplicate Assert
  120 |     expect(wrapper.emitted('hidden')).toBeUndefined()
  121 |     expect(wrapper.emitted('shown').length).toBe(1)
  122 |"
/home/gabriel/Disk/Research/research-javascript-test-smells/repositories/bootstrap-vue-dev/src/components/overlay/overlay.spec.js,Duplicate Assert,"{'line': 120, 'column': 4, 'index': 3728}","  118 |
  119 |     expect(wrapper.emitted('shown')).not.toBeUndefined()
> 120 |     expect(wrapper.emitted('hidden')).toBeUndefined()
      |    ^ Duplicate Assert
  121 |     expect(wrapper.emitted('shown').length).toBe(1)
  122 |
  123 |     await wrapper.setProps({"
/home/gabriel/Disk/Research/research-javascript-test-smells/repositories/bootstrap-vue-dev/src/components/overlay/overlay.spec.js,Duplicate Assert,"{'line': 120, 'column': 4, 'index': 3728}","  118 |
  119 |     expect(wrapper.emitted('shown')).not.toBeUndefined()
> 120 |     expect(wrapper.emitted('hidden')).toBeUndefined()
      |    ^ Duplicate Assert
  121 |     expect(wrapper.emitted('shown').length).toBe(1)
  122 |
  123 |     await wrapper.setProps({"
/home/gabriel/Disk/Research/research-javascript-test-smells/repositories/bootstrap-vue-dev/src/components/overlay/overlay.spec.js,Duplicate Assert,"{'line': 121, 'column': 4, 'index': 3782}","  119 |     expect(wrapper.emitted('shown')).not.toBeUndefined()
  120 |     expect(wrapper.emitted('hidden')).toBeUndefined()
> 121 |     expect(wrapper.emitted('shown').length).toBe(1)
      |    ^ Duplicate Assert
  122 |
  123 |     await wrapper.setProps({
  124 |       show: false"
/home/gabriel/Disk/Research/research-javascript-test-smells/repositories/bootstrap-vue-dev/src/components/overlay/overlay.spec.js,Duplicate Assert,"{'line': 121, 'column': 4, 'index': 3782}","  119 |     expect(wrapper.emitted('shown')).not.toBeUndefined()
  120 |     expect(wrapper.emitted('hidden')).toBeUndefined()
> 121 |     expect(wrapper.emitted('shown').length).toBe(1)
      |    ^ Duplicate Assert
  122 |
  123 |     await wrapper.setProps({
  124 |       show: false"
/home/gabriel/Disk/Research/research-javascript-test-smells/repositories/bootstrap-vue-dev/src/components/overlay/overlay.spec.js,Duplicate Assert,"{'line': 131, 'column': 4, 'index': 3988}","  129 |     await waitRAF()
  130 |
> 131 |     expect(wrapper.element.tagName).toBe('DIV')
      |    ^ Duplicate Assert
  132 |     expect(wrapper.classes()).toContain('b-overlay-wrap')
  133 |     expect(wrapper.classes()).toContain('position-relative')
  134 |     expect(wrapper.attributes('aria-busy')).not.toBe('true')"
/home/gabriel/Disk/Research/research-javascript-test-smells/repositories/bootstrap-vue-dev/src/components/overlay/overlay.spec.js,Duplicate Assert,"{'line': 131, 'column': 4, 'index': 3988}","  129 |     await waitRAF()
  130 |
> 131 |     expect(wrapper.element.tagName).toBe('DIV')
      |    ^ Duplicate Assert
  132 |     expect(wrapper.classes()).toContain('b-overlay-wrap')
  133 |     expect(wrapper.classes()).toContain('position-relative')
  134 |     expect(wrapper.attributes('aria-busy')).not.toBe('true')"
/home/gabriel/Disk/Research/research-javascript-test-smells/repositories/bootstrap-vue-dev/src/components/overlay/overlay.spec.js,Duplicate Assert,"{'line': 132, 'column': 4, 'index': 4036}","  130 |
  131 |     expect(wrapper.element.tagName).toBe('DIV')
> 132 |     expect(wrapper.classes()).toContain('b-overlay-wrap')
      |    ^ Duplicate Assert
  133 |     expect(wrapper.classes()).toContain('position-relative')
  134 |     expect(wrapper.attributes('aria-busy')).not.toBe('true')
  135 |     expect(wrapper.text()).toContain('foobar')"
/home/gabriel/Disk/Research/research-javascript-test-smells/repositories/bootstrap-vue-dev/src/components/overlay/overlay.spec.js,Duplicate Assert,"{'line': 132, 'column': 4, 'index': 4036}","  130 |
  131 |     expect(wrapper.element.tagName).toBe('DIV')
> 132 |     expect(wrapper.classes()).toContain('b-overlay-wrap')
      |    ^ Duplicate Assert
  133 |     expect(wrapper.classes()).toContain('position-relative')
  134 |     expect(wrapper.attributes('aria-busy')).not.toBe('true')
  135 |     expect(wrapper.text()).toContain('foobar')"
/home/gabriel/Disk/Research/research-javascript-test-smells/repositories/bootstrap-vue-dev/src/components/overlay/overlay.spec.js,Duplicate Assert,"{'line': 133, 'column': 4, 'index': 4094}","  131 |     expect(wrapper.element.tagName).toBe('DIV')
  132 |     expect(wrapper.classes()).toContain('b-overlay-wrap')
> 133 |     expect(wrapper.classes()).toContain('position-relative')
      |    ^ Duplicate Assert
  134 |     expect(wrapper.attributes('aria-busy')).not.toBe('true')
  135 |     expect(wrapper.text()).toContain('foobar')
  136 |     expect(wrapper.find('.b-overlay').exists()).toBe(false)"
/home/gabriel/Disk/Research/research-javascript-test-smells/repositories/bootstrap-vue-dev/src/components/overlay/overlay.spec.js,Duplicate Assert,"{'line': 133, 'column': 4, 'index': 4094}","  131 |     expect(wrapper.element.tagName).toBe('DIV')
  132 |     expect(wrapper.classes()).toContain('b-overlay-wrap')
> 133 |     expect(wrapper.classes()).toContain('position-relative')
      |    ^ Duplicate Assert
  134 |     expect(wrapper.attributes('aria-busy')).not.toBe('true')
  135 |     expect(wrapper.text()).toContain('foobar')
  136 |     expect(wrapper.find('.b-overlay').exists()).toBe(false)"
/home/gabriel/Disk/Research/research-javascript-test-smells/repositories/bootstrap-vue-dev/src/components/overlay/overlay.spec.js,Duplicate Assert,"{'line': 134, 'column': 4, 'index': 4155}","  132 |     expect(wrapper.classes()).toContain('b-overlay-wrap')
  133 |     expect(wrapper.classes()).toContain('position-relative')
> 134 |     expect(wrapper.attributes('aria-busy')).not.toBe('true')
      |    ^ Duplicate Assert
  135 |     expect(wrapper.text()).toContain('foobar')
  136 |     expect(wrapper.find('.b-overlay').exists()).toBe(false)
  137 |     expect(wrapper.find('.spinner-border').exists()).toBe(false)"
/home/gabriel/Disk/Research/research-javascript-test-smells/repositories/bootstrap-vue-dev/src/components/overlay/overlay.spec.js,Duplicate Assert,"{'line': 134, 'column': 4, 'index': 4155}","  132 |     expect(wrapper.classes()).toContain('b-overlay-wrap')
  133 |     expect(wrapper.classes()).toContain('position-relative')
> 134 |     expect(wrapper.attributes('aria-busy')).not.toBe('true')
      |    ^ Duplicate Assert
  135 |     expect(wrapper.text()).toContain('foobar')
  136 |     expect(wrapper.find('.b-overlay').exists()).toBe(false)
  137 |     expect(wrapper.find('.spinner-border').exists()).toBe(false)"
/home/gabriel/Disk/Research/research-javascript-test-smells/repositories/bootstrap-vue-dev/src/components/overlay/overlay.spec.js,Duplicate Assert,"{'line': 135, 'column': 4, 'index': 4216}","  133 |     expect(wrapper.classes()).toContain('position-relative')
  134 |     expect(wrapper.attributes('aria-busy')).not.toBe('true')
> 135 |     expect(wrapper.text()).toContain('foobar')
      |    ^ Duplicate Assert
  136 |     expect(wrapper.find('.b-overlay').exists()).toBe(false)
  137 |     expect(wrapper.find('.spinner-border').exists()).toBe(false)
  138 |"
/home/gabriel/Disk/Research/research-javascript-test-smells/repositories/bootstrap-vue-dev/src/components/overlay/overlay.spec.js,Duplicate Assert,"{'line': 135, 'column': 4, 'index': 4216}","  133 |     expect(wrapper.classes()).toContain('position-relative')
  134 |     expect(wrapper.attributes('aria-busy')).not.toBe('true')
> 135 |     expect(wrapper.text()).toContain('foobar')
      |    ^ Duplicate Assert
  136 |     expect(wrapper.find('.b-overlay').exists()).toBe(false)
  137 |     expect(wrapper.find('.spinner-border').exists()).toBe(false)
  138 |"
/home/gabriel/Disk/Research/research-javascript-test-smells/repositories/bootstrap-vue-dev/src/components/overlay/overlay.spec.js,Duplicate Assert,"{'line': 136, 'column': 4, 'index': 4263}","  134 |     expect(wrapper.attributes('aria-busy')).not.toBe('true')
  135 |     expect(wrapper.text()).toContain('foobar')
> 136 |     expect(wrapper.find('.b-overlay').exists()).toBe(false)
      |    ^ Duplicate Assert
  137 |     expect(wrapper.find('.spinner-border').exists()).toBe(false)
  138 |
  139 |     expect(wrapper.emitted('hidden')).not.toBeUndefined()"
/home/gabriel/Disk/Research/research-javascript-test-smells/repositories/bootstrap-vue-dev/src/components/overlay/overlay.spec.js,Duplicate Assert,"{'line': 136, 'column': 4, 'index': 4263}","  134 |     expect(wrapper.attributes('aria-busy')).not.toBe('true')
  135 |     expect(wrapper.text()).toContain('foobar')
> 136 |     expect(wrapper.find('.b-overlay').exists()).toBe(false)
      |    ^ Duplicate Assert
  137 |     expect(wrapper.find('.spinner-border').exists()).toBe(false)
  138 |
  139 |     expect(wrapper.emitted('hidden')).not.toBeUndefined()"
/home/gabriel/Disk/Research/research-javascript-test-smells/repositories/bootstrap-vue-dev/src/components/overlay/overlay.spec.js,Duplicate Assert,"{'line': 137, 'column': 4, 'index': 4323}","  135 |     expect(wrapper.text()).toContain('foobar')
  136 |     expect(wrapper.find('.b-overlay').exists()).toBe(false)
> 137 |     expect(wrapper.find('.spinner-border').exists()).toBe(false)
      |    ^ Duplicate Assert
  138 |
  139 |     expect(wrapper.emitted('hidden')).not.toBeUndefined()
  140 |     expect(wrapper.emitted('shown').length).toBe(1)"
/home/gabriel/Disk/Research/research-javascript-test-smells/repositories/bootstrap-vue-dev/src/components/overlay/overlay.spec.js,Duplicate Assert,"{'line': 137, 'column': 4, 'index': 4323}","  135 |     expect(wrapper.text()).toContain('foobar')
  136 |     expect(wrapper.find('.b-overlay').exists()).toBe(false)
> 137 |     expect(wrapper.find('.spinner-border').exists()).toBe(false)
      |    ^ Duplicate Assert
  138 |
  139 |     expect(wrapper.emitted('hidden')).not.toBeUndefined()
  140 |     expect(wrapper.emitted('shown').length).toBe(1)"
/home/gabriel/Disk/Research/research-javascript-test-smells/repositories/bootstrap-vue-dev/src/components/overlay/overlay.spec.js,Duplicate Assert,"{'line': 139, 'column': 4, 'index': 4389}","  137 |     expect(wrapper.find('.spinner-border').exists()).toBe(false)
  138 |
> 139 |     expect(wrapper.emitted('hidden')).not.toBeUndefined()
      |    ^ Duplicate Assert
  140 |     expect(wrapper.emitted('shown').length).toBe(1)
  141 |     expect(wrapper.emitted('hidden').length).toBe(1)
  142 |"
/home/gabriel/Disk/Research/research-javascript-test-smells/repositories/bootstrap-vue-dev/src/components/overlay/overlay.spec.js,Duplicate Assert,"{'line': 140, 'column': 4, 'index': 4447}","  138 |
  139 |     expect(wrapper.emitted('hidden')).not.toBeUndefined()
> 140 |     expect(wrapper.emitted('shown').length).toBe(1)
      |    ^ Duplicate Assert
  141 |     expect(wrapper.emitted('hidden').length).toBe(1)
  142 |
  143 |     await wrapper.setProps({"
/home/gabriel/Disk/Research/research-javascript-test-smells/repositories/bootstrap-vue-dev/src/components/overlay/overlay.spec.js,Duplicate Assert,"{'line': 140, 'column': 4, 'index': 4447}","  138 |
  139 |     expect(wrapper.emitted('hidden')).not.toBeUndefined()
> 140 |     expect(wrapper.emitted('shown').length).toBe(1)
      |    ^ Duplicate Assert
  141 |     expect(wrapper.emitted('hidden').length).toBe(1)
  142 |
  143 |     await wrapper.setProps({"
/home/gabriel/Disk/Research/research-javascript-test-smells/repositories/bootstrap-vue-dev/src/components/overlay/overlay.spec.js,Duplicate Assert,"{'line': 141, 'column': 4, 'index': 4499}","  139 |     expect(wrapper.emitted('hidden')).not.toBeUndefined()
  140 |     expect(wrapper.emitted('shown').length).toBe(1)
> 141 |     expect(wrapper.emitted('hidden').length).toBe(1)
      |    ^ Duplicate Assert
  142 |
  143 |     await wrapper.setProps({
  144 |       show: true"
/home/gabriel/Disk/Research/research-javascript-test-smells/repositories/bootstrap-vue-dev/src/components/overlay/overlay.spec.js,Duplicate Assert,"{'line': 141, 'column': 4, 'index': 4499}","  139 |     expect(wrapper.emitted('hidden')).not.toBeUndefined()
  140 |     expect(wrapper.emitted('shown').length).toBe(1)
> 141 |     expect(wrapper.emitted('hidden').length).toBe(1)
      |    ^ Duplicate Assert
  142 |
  143 |     await wrapper.setProps({
  144 |       show: true"
/home/gabriel/Disk/Research/research-javascript-test-smells/repositories/bootstrap-vue-dev/src/components/overlay/overlay.spec.js,Duplicate Assert,"{'line': 151, 'column': 4, 'index': 4705}","  149 |     await waitRAF()
  150 |
> 151 |     expect(wrapper.emitted('shown').length).toBe(2)
      |    ^ Duplicate Assert
  152 |     expect(wrapper.emitted('hidden').length).toBe(1)
  153 |
  154 |     await wrapper.setProps({"
/home/gabriel/Disk/Research/research-javascript-test-smells/repositories/bootstrap-vue-dev/src/components/overlay/overlay.spec.js,Duplicate Assert,"{'line': 151, 'column': 4, 'index': 4705}","  149 |     await waitRAF()
  150 |
> 151 |     expect(wrapper.emitted('shown').length).toBe(2)
      |    ^ Duplicate Assert
  152 |     expect(wrapper.emitted('hidden').length).toBe(1)
  153 |
  154 |     await wrapper.setProps({"
/home/gabriel/Disk/Research/research-javascript-test-smells/repositories/bootstrap-vue-dev/src/components/overlay/overlay.spec.js,Duplicate Assert,"{'line': 152, 'column': 4, 'index': 4757}","  150 |
  151 |     expect(wrapper.emitted('shown').length).toBe(2)
> 152 |     expect(wrapper.emitted('hidden').length).toBe(1)
      |    ^ Duplicate Assert
  153 |
  154 |     await wrapper.setProps({
  155 |       show: false"
/home/gabriel/Disk/Research/research-javascript-test-smells/repositories/bootstrap-vue-dev/src/components/overlay/overlay.spec.js,Duplicate Assert,"{'line': 152, 'column': 4, 'index': 4757}","  150 |
  151 |     expect(wrapper.emitted('shown').length).toBe(2)
> 152 |     expect(wrapper.emitted('hidden').length).toBe(1)
      |    ^ Duplicate Assert
  153 |
  154 |     await wrapper.setProps({
  155 |       show: false"
/home/gabriel/Disk/Research/research-javascript-test-smells/repositories/bootstrap-vue-dev/src/components/overlay/overlay.spec.js,Duplicate Assert,"{'line': 162, 'column': 4, 'index': 4964}","  160 |     await waitRAF()
  161 |
> 162 |     expect(wrapper.emitted('shown').length).toBe(2)
      |    ^ Duplicate Assert
  163 |     expect(wrapper.emitted('hidden').length).toBe(2)
  164 |
  165 |     wrapper.destroy()"
/home/gabriel/Disk/Research/research-javascript-test-smells/repositories/bootstrap-vue-dev/src/components/overlay/overlay.spec.js,Duplicate Assert,"{'line': 162, 'column': 4, 'index': 4964}","  160 |     await waitRAF()
  161 |
> 162 |     expect(wrapper.emitted('shown').length).toBe(2)
      |    ^ Duplicate Assert
  163 |     expect(wrapper.emitted('hidden').length).toBe(2)
  164 |
  165 |     wrapper.destroy()"
/home/gabriel/Disk/Research/research-javascript-test-smells/repositories/bootstrap-vue-dev/src/components/overlay/overlay.spec.js,Duplicate Assert,"{'line': 163, 'column': 4, 'index': 5016}","  161 |
  162 |     expect(wrapper.emitted('shown').length).toBe(2)
> 163 |     expect(wrapper.emitted('hidden').length).toBe(2)
      |    ^ Duplicate Assert
  164 |
  165 |     wrapper.destroy()
  166 |   })"
/home/gabriel/Disk/Research/research-javascript-test-smells/repositories/bootstrap-vue-dev/src/components/overlay/overlay.spec.js,Duplicate Assert,"{'line': 190, 'column': 4, 'index': 5641}","  188 |     expect($overlay.exists()).toBe(true)
  189 |
> 190 |     expect(wrapper.emitted('click')).toBeUndefined()
      |    ^ Duplicate Assert
  191 |
  192 |     await $overlay.trigger('click')
  193 |     expect(wrapper.emitted('click')).toBeDefined()"
/home/gabriel/Disk/Research/research-javascript-test-smells/repositories/bootstrap-vue-dev/src/components/overlay/overlay.spec.js,Duplicate Assert,"{'line': 193, 'column': 4, 'index': 5731}","  191 |
  192 |     await $overlay.trigger('click')
> 193 |     expect(wrapper.emitted('click')).toBeDefined()
      |    ^ Duplicate Assert
  194 |     expect(wrapper.emitted('click').length).toBe(1)
  195 |     expect(wrapper.emitted('click')[0][0]).toBeInstanceOf(Event)
  196 |     expect(wrapper.emitted('click')[0][0].type).toEqual('click')"
/home/gabriel/Disk/Research/research-javascript-test-smells/repositories/bootstrap-vue-dev/src/components/overlay/overlay.spec.js,Duplicate Assert,"{'line': 234, 'column': 4, 'index': 6772}","  232 |
  233 |     expect(wrapper.element.tagName).toBe('DIV')
> 234 |     expect(wrapper.classes()).toContain('b-overlay')
      |    ^ Duplicate Assert
  235 |     expect(wrapper.classes()).toContain('position-absolute')
  236 |     expect(wrapper.classes()).not.toContain('b-overlay-wrap')
  237 |     expect(wrapper.classes()).not.toContain('position-relative')"
/home/gabriel/Disk/Research/research-javascript-test-smells/repositories/bootstrap-vue-dev/src/components/overlay/overlay.spec.js,Duplicate Assert,"{'line': 235, 'column': 4, 'index': 6825}","  233 |     expect(wrapper.element.tagName).toBe('DIV')
  234 |     expect(wrapper.classes()).toContain('b-overlay')
> 235 |     expect(wrapper.classes()).toContain('position-absolute')
      |    ^ Duplicate Assert
  236 |     expect(wrapper.classes()).not.toContain('b-overlay-wrap')
  237 |     expect(wrapper.classes()).not.toContain('position-relative')
  238 |"
/home/gabriel/Disk/Research/research-javascript-test-smells/repositories/bootstrap-vue-dev/src/components/overlay/overlay.spec.js,Duplicate Assert,"{'line': 236, 'column': 4, 'index': 6886}","  234 |     expect(wrapper.classes()).toContain('b-overlay')
  235 |     expect(wrapper.classes()).toContain('position-absolute')
> 236 |     expect(wrapper.classes()).not.toContain('b-overlay-wrap')
      |    ^ Duplicate Assert
  237 |     expect(wrapper.classes()).not.toContain('position-relative')
  238 |
  239 |     const $children = wrapper.findAll('div:not(.b-overlay)')"
/home/gabriel/Disk/Research/research-javascript-test-smells/repositories/bootstrap-vue-dev/src/components/overlay/overlay.spec.js,Duplicate Assert,"{'line': 237, 'column': 4, 'index': 6948}","  235 |     expect(wrapper.classes()).toContain('position-absolute')
  236 |     expect(wrapper.classes()).not.toContain('b-overlay-wrap')
> 237 |     expect(wrapper.classes()).not.toContain('position-relative')
      |    ^ Duplicate Assert
  238 |
  239 |     const $children = wrapper.findAll('div:not(.b-overlay)')
  240 |     expect($children.length).toBe(2)"
/home/gabriel/Disk/Research/research-javascript-test-smells/repositories/bootstrap-vue-dev/src/components/overlay/overlay.spec.js,Duplicate Assert,"{'line': 242, 'column': 4, 'index': 7113}","  240 |     expect($children.length).toBe(2)
  241 |
> 242 |     expect($children.at(0).classes()).toContain('position-absolute')
      |    ^ Duplicate Assert
  243 |     expect($children.at(0).classes()).toContain('bg-light')
  244 |     expect($children.at(0).text()).toBe('')
  245 |"
/home/gabriel/Disk/Research/research-javascript-test-smells/repositories/bootstrap-vue-dev/src/components/overlay/overlay.spec.js,Duplicate Assert,"{'line': 243, 'column': 4, 'index': 7182}","  241 |
  242 |     expect($children.at(0).classes()).toContain('position-absolute')
> 243 |     expect($children.at(0).classes()).toContain('bg-light')
      |    ^ Duplicate Assert
  244 |     expect($children.at(0).text()).toBe('')
  245 |
  246 |     expect($children.at(1).classes()).toContain('position-absolute')"
/home/gabriel/Disk/Research/research-javascript-test-smells/repositories/bootstrap-vue-dev/src/components/overlay/overlay.spec.js,Duplicate Assert,"{'line': 246, 'column': 4, 'index': 7287}","  244 |     expect($children.at(0).text()).toBe('')
  245 |
> 246 |     expect($children.at(1).classes()).toContain('position-absolute')
      |    ^ Duplicate Assert
  247 |     expect($children.at(1).classes()).not.toContain('bg-light')
  248 |     expect(
  249 |       $children"
/home/gabriel/Disk/Research/research-javascript-test-smells/repositories/bootstrap-vue-dev/src/components/overlay/overlay.spec.js,Duplicate Assert,"{'line': 247, 'column': 4, 'index': 7356}","  245 |
  246 |     expect($children.at(1).classes()).toContain('position-absolute')
> 247 |     expect($children.at(1).classes()).not.toContain('bg-light')
      |    ^ Duplicate Assert
  248 |     expect(
  249 |       $children
  250 |         .at(1)"
/home/gabriel/Disk/Research/research-javascript-test-smells/repositories/bootstrap-vue-dev/src/components/overlay/overlay.spec.js,Magic Number,"{'line': 57, 'column': 34, 'index': 1776}","  55 |
  56 |     const $children = $overlay.findAll('div:not(.b-overlay)')
> 57 |     expect($children.length).toBe(2)
     |                                  ^ Magic Number
  58 |
  59 |     expect($children.at(0).classes()).toContain('position-absolute')
  60 |     expect($children.at(0).classes()).toContain('bg-light')"
/home/gabriel/Disk/Research/research-javascript-test-smells/repositories/bootstrap-vue-dev/src/components/overlay/overlay.spec.js,Magic Number,"{'line': 121, 'column': 49, 'index': 3827}","  119 |     expect(wrapper.emitted('shown')).not.toBeUndefined()
  120 |     expect(wrapper.emitted('hidden')).toBeUndefined()
> 121 |     expect(wrapper.emitted('shown').length).toBe(1)
      |                                                 ^ Magic Number
  122 |
  123 |     await wrapper.setProps({
  124 |       show: false"
/home/gabriel/Disk/Research/research-javascript-test-smells/repositories/bootstrap-vue-dev/src/components/overlay/overlay.spec.js,Magic Number,"{'line': 140, 'column': 49, 'index': 4492}","  138 |
  139 |     expect(wrapper.emitted('hidden')).not.toBeUndefined()
> 140 |     expect(wrapper.emitted('shown').length).toBe(1)
      |                                                 ^ Magic Number
  141 |     expect(wrapper.emitted('hidden').length).toBe(1)
  142 |
  143 |     await wrapper.setProps({"
/home/gabriel/Disk/Research/research-javascript-test-smells/repositories/bootstrap-vue-dev/src/components/overlay/overlay.spec.js,Magic Number,"{'line': 141, 'column': 50, 'index': 4545}","  139 |     expect(wrapper.emitted('hidden')).not.toBeUndefined()
  140 |     expect(wrapper.emitted('shown').length).toBe(1)
> 141 |     expect(wrapper.emitted('hidden').length).toBe(1)
      |                                                  ^ Magic Number
  142 |
  143 |     await wrapper.setProps({
  144 |       show: true"
/home/gabriel/Disk/Research/research-javascript-test-smells/repositories/bootstrap-vue-dev/src/components/overlay/overlay.spec.js,Magic Number,"{'line': 151, 'column': 49, 'index': 4750}","  149 |     await waitRAF()
  150 |
> 151 |     expect(wrapper.emitted('shown').length).toBe(2)
      |                                                 ^ Magic Number
  152 |     expect(wrapper.emitted('hidden').length).toBe(1)
  153 |
  154 |     await wrapper.setProps({"
/home/gabriel/Disk/Research/research-javascript-test-smells/repositories/bootstrap-vue-dev/src/components/overlay/overlay.spec.js,Magic Number,"{'line': 152, 'column': 50, 'index': 4803}","  150 |
  151 |     expect(wrapper.emitted('shown').length).toBe(2)
> 152 |     expect(wrapper.emitted('hidden').length).toBe(1)
      |                                                  ^ Magic Number
  153 |
  154 |     await wrapper.setProps({
  155 |       show: false"
/home/gabriel/Disk/Research/research-javascript-test-smells/repositories/bootstrap-vue-dev/src/components/overlay/overlay.spec.js,Magic Number,"{'line': 162, 'column': 49, 'index': 5009}","  160 |     await waitRAF()
  161 |
> 162 |     expect(wrapper.emitted('shown').length).toBe(2)
      |                                                 ^ Magic Number
  163 |     expect(wrapper.emitted('hidden').length).toBe(2)
  164 |
  165 |     wrapper.destroy()"
/home/gabriel/Disk/Research/research-javascript-test-smells/repositories/bootstrap-vue-dev/src/components/overlay/overlay.spec.js,Magic Number,"{'line': 163, 'column': 50, 'index': 5062}","  161 |
  162 |     expect(wrapper.emitted('shown').length).toBe(2)
> 163 |     expect(wrapper.emitted('hidden').length).toBe(2)
      |                                                  ^ Magic Number
  164 |
  165 |     wrapper.destroy()
  166 |   })"
/home/gabriel/Disk/Research/research-javascript-test-smells/repositories/bootstrap-vue-dev/src/components/overlay/overlay.spec.js,Magic Number,"{'line': 194, 'column': 49, 'index': 5827}","  192 |     await $overlay.trigger('click')
  193 |     expect(wrapper.emitted('click')).toBeDefined()
> 194 |     expect(wrapper.emitted('click').length).toBe(1)
      |                                                 ^ Magic Number
  195 |     expect(wrapper.emitted('click')[0][0]).toBeInstanceOf(Event)
  196 |     expect(wrapper.emitted('click')[0][0].type).toEqual('click')
  197 |"
/home/gabriel/Disk/Research/research-javascript-test-smells/repositories/bootstrap-vue-dev/src/components/overlay/overlay.spec.js,Magic Number,"{'line': 240, 'column': 34, 'index': 7105}","  238 |
  239 |     const $children = wrapper.findAll('div:not(.b-overlay)')
> 240 |     expect($children.length).toBe(2)
      |                                  ^ Magic Number
  241 |
  242 |     expect($children.at(0).classes()).toContain('position-absolute')
  243 |     expect($children.at(0).classes()).toContain('bg-light')"
/home/gabriel/Disk/Research/research-javascript-test-smells/repositories/bootstrap-vue-dev/src/components/navbar/navbar.spec.js,Duplicate Assert,"{'line': 18, 'column': 4, 'index': 481}","  16 |     const wrapper = mount(BNavbar)
  17 |
> 18 |     expect(wrapper.classes()).toContain('navbar')
     |    ^ Duplicate Assert
  19 |     expect(wrapper.classes()).toContain('navbar-expand')
  20 |     expect(wrapper.classes()).toContain('navbar-light')
  21 |     expect(wrapper.classes().length).toBe(3)"
/home/gabriel/Disk/Research/research-javascript-test-smells/repositories/bootstrap-vue-dev/src/components/navbar/navbar.spec.js,Duplicate Assert,"{'line': 19, 'column': 4, 'index': 531}","  17 |
  18 |     expect(wrapper.classes()).toContain('navbar')
> 19 |     expect(wrapper.classes()).toContain('navbar-expand')
     |    ^ Duplicate Assert
  20 |     expect(wrapper.classes()).toContain('navbar-light')
  21 |     expect(wrapper.classes().length).toBe(3)
  22 |"
/home/gabriel/Disk/Research/research-javascript-test-smells/repositories/bootstrap-vue-dev/src/components/navbar/navbar.spec.js,Duplicate Assert,"{'line': 20, 'column': 4, 'index': 588}","  18 |     expect(wrapper.classes()).toContain('navbar')
  19 |     expect(wrapper.classes()).toContain('navbar-expand')
> 20 |     expect(wrapper.classes()).toContain('navbar-light')
     |    ^ Duplicate Assert
  21 |     expect(wrapper.classes().length).toBe(3)
  22 |
  23 |     wrapper.destroy()"
/home/gabriel/Disk/Research/research-javascript-test-smells/repositories/bootstrap-vue-dev/src/components/navbar/navbar.spec.js,Duplicate Assert,"{'line': 32, 'column': 4, 'index': 884}","  30 |
  31 |     expect(wrapper.element.tagName).toBe('DIV')
> 32 |     expect(wrapper.attributes('role')).toBeDefined()
     |    ^ Duplicate Assert
  33 |     expect(wrapper.attributes('role')).toBe('navigation')
  34 |
  35 |     wrapper.destroy()"
/home/gabriel/Disk/Research/research-javascript-test-smells/repositories/bootstrap-vue-dev/src/components/navbar/navbar.spec.js,Duplicate Assert,"{'line': 33, 'column': 4, 'index': 937}","  31 |     expect(wrapper.element.tagName).toBe('DIV')
  32 |     expect(wrapper.attributes('role')).toBeDefined()
> 33 |     expect(wrapper.attributes('role')).toBe('navigation')
     |    ^ Duplicate Assert
  34 |
  35 |     wrapper.destroy()
  36 |   })"
/home/gabriel/Disk/Research/research-javascript-test-smells/repositories/bootstrap-vue-dev/src/components/navbar/navbar.spec.js,Duplicate Assert,"{'line': 43, 'column': 4, 'index': 1168}","  41 |     })
  42 |
> 43 |     expect(wrapper.classes()).toContain('navbar')
     |    ^ Duplicate Assert
  44 |     expect(wrapper.classes()).toContain('navbar-expand-lg')
  45 |     expect(wrapper.classes()).toContain('navbar-light')
  46 |     expect(wrapper.classes().length).toBe(3)"
/home/gabriel/Disk/Research/research-javascript-test-smells/repositories/bootstrap-vue-dev/src/components/navbar/navbar.spec.js,Duplicate Assert,"{'line': 44, 'column': 4, 'index': 1218}","  42 |
  43 |     expect(wrapper.classes()).toContain('navbar')
> 44 |     expect(wrapper.classes()).toContain('navbar-expand-lg')
     |    ^ Duplicate Assert
  45 |     expect(wrapper.classes()).toContain('navbar-light')
  46 |     expect(wrapper.classes().length).toBe(3)
  47 |"
/home/gabriel/Disk/Research/research-javascript-test-smells/repositories/bootstrap-vue-dev/src/components/navbar/navbar.spec.js,Duplicate Assert,"{'line': 45, 'column': 4, 'index': 1278}","  43 |     expect(wrapper.classes()).toContain('navbar')
  44 |     expect(wrapper.classes()).toContain('navbar-expand-lg')
> 45 |     expect(wrapper.classes()).toContain('navbar-light')
     |    ^ Duplicate Assert
  46 |     expect(wrapper.classes().length).toBe(3)
  47 |
  48 |     wrapper.destroy()"
/home/gabriel/Disk/Research/research-javascript-test-smells/repositories/bootstrap-vue-dev/src/components/navbar/navbar.spec.js,Duplicate Assert,"{'line': 56, 'column': 4, 'index': 1550}","  54 |     })
  55 |
> 56 |     expect(wrapper.classes()).toContain('navbar')
     |    ^ Duplicate Assert
  57 |     expect(wrapper.classes()).toContain('navbar-light')
  58 |     expect(wrapper.classes().length).toBe(2)
  59 |"
/home/gabriel/Disk/Research/research-javascript-test-smells/repositories/bootstrap-vue-dev/src/components/navbar/navbar.spec.js,Duplicate Assert,"{'line': 57, 'column': 4, 'index': 1600}","  55 |
  56 |     expect(wrapper.classes()).toContain('navbar')
> 57 |     expect(wrapper.classes()).toContain('navbar-light')
     |    ^ Duplicate Assert
  58 |     expect(wrapper.classes().length).toBe(2)
  59 |
  60 |     wrapper.destroy()"
/home/gabriel/Disk/Research/research-javascript-test-smells/repositories/bootstrap-vue-dev/src/components/navbar/navbar.spec.js,Duplicate Assert,"{'line': 68, 'column': 4, 'index': 1870}","  66 |     })
  67 |
> 68 |     expect(wrapper.classes()).toContain('navbar')
     |    ^ Duplicate Assert
  69 |     expect(wrapper.classes()).toContain('navbar-light')
  70 |     expect(wrapper.classes().length).toBe(2)
  71 |"
/home/gabriel/Disk/Research/research-javascript-test-smells/repositories/bootstrap-vue-dev/src/components/navbar/navbar.spec.js,Duplicate Assert,"{'line': 69, 'column': 4, 'index': 1920}","  67 |
  68 |     expect(wrapper.classes()).toContain('navbar')
> 69 |     expect(wrapper.classes()).toContain('navbar-light')
     |    ^ Duplicate Assert
  70 |     expect(wrapper.classes().length).toBe(2)
  71 |
  72 |     wrapper.destroy()"
/home/gabriel/Disk/Research/research-javascript-test-smells/repositories/bootstrap-vue-dev/src/components/navbar/navbar.spec.js,Duplicate Assert,"{'line': 80, 'column': 4, 'index': 2190}","  78 |     })
  79 |
> 80 |     expect(wrapper.classes()).toContain('fixed-top')
     |    ^ Duplicate Assert
  81 |     expect(wrapper.classes()).toContain('navbar')
  82 |     expect(wrapper.classes()).toContain('navbar-expand')
  83 |     expect(wrapper.classes()).toContain('navbar-light')"
/home/gabriel/Disk/Research/research-javascript-test-smells/repositories/bootstrap-vue-dev/src/components/navbar/navbar.spec.js,Duplicate Assert,"{'line': 81, 'column': 4, 'index': 2243}","  79 |
  80 |     expect(wrapper.classes()).toContain('fixed-top')
> 81 |     expect(wrapper.classes()).toContain('navbar')
     |    ^ Duplicate Assert
  82 |     expect(wrapper.classes()).toContain('navbar-expand')
  83 |     expect(wrapper.classes()).toContain('navbar-light')
  84 |     expect(wrapper.classes().length).toBe(4)"
/home/gabriel/Disk/Research/research-javascript-test-smells/repositories/bootstrap-vue-dev/src/components/navbar/navbar.spec.js,Duplicate Assert,"{'line': 82, 'column': 4, 'index': 2293}","  80 |     expect(wrapper.classes()).toContain('fixed-top')
  81 |     expect(wrapper.classes()).toContain('navbar')
> 82 |     expect(wrapper.classes()).toContain('navbar-expand')
     |    ^ Duplicate Assert
  83 |     expect(wrapper.classes()).toContain('navbar-light')
  84 |     expect(wrapper.classes().length).toBe(4)
  85 |"
/home/gabriel/Disk/Research/research-javascript-test-smells/repositories/bootstrap-vue-dev/src/components/navbar/navbar.spec.js,Duplicate Assert,"{'line': 83, 'column': 4, 'index': 2350}","  81 |     expect(wrapper.classes()).toContain('navbar')
  82 |     expect(wrapper.classes()).toContain('navbar-expand')
> 83 |     expect(wrapper.classes()).toContain('navbar-light')
     |    ^ Duplicate Assert
  84 |     expect(wrapper.classes().length).toBe(4)
  85 |
  86 |     wrapper.destroy()"
/home/gabriel/Disk/Research/research-javascript-test-smells/repositories/bootstrap-vue-dev/src/components/navbar/navbar.spec.js,Duplicate Assert,"{'line': 94, 'column': 4, 'index': 2620}","  92 |     })
  93 |
> 94 |     expect(wrapper.classes()).toContain('fixed-top')
     |    ^ Duplicate Assert
  95 |     expect(wrapper.classes()).toContain('navbar')
  96 |     expect(wrapper.classes()).toContain('navbar-expand')
  97 |     expect(wrapper.classes()).toContain('navbar-light')"
/home/gabriel/Disk/Research/research-javascript-test-smells/repositories/bootstrap-vue-dev/src/components/navbar/navbar.spec.js,Duplicate Assert,"{'line': 95, 'column': 4, 'index': 2673}","  93 |
  94 |     expect(wrapper.classes()).toContain('fixed-top')
> 95 |     expect(wrapper.classes()).toContain('navbar')
     |    ^ Duplicate Assert
  96 |     expect(wrapper.classes()).toContain('navbar-expand')
  97 |     expect(wrapper.classes()).toContain('navbar-light')
  98 |     expect(wrapper.classes().length).toBe(4)"
/home/gabriel/Disk/Research/research-javascript-test-smells/repositories/bootstrap-vue-dev/src/components/navbar/navbar.spec.js,Duplicate Assert,"{'line': 96, 'column': 4, 'index': 2723}","  94 |     expect(wrapper.classes()).toContain('fixed-top')
  95 |     expect(wrapper.classes()).toContain('navbar')
> 96 |     expect(wrapper.classes()).toContain('navbar-expand')
     |    ^ Duplicate Assert
  97 |     expect(wrapper.classes()).toContain('navbar-light')
  98 |     expect(wrapper.classes().length).toBe(4)
  99 |"
/home/gabriel/Disk/Research/research-javascript-test-smells/repositories/bootstrap-vue-dev/src/components/navbar/navbar.spec.js,Duplicate Assert,"{'line': 97, 'column': 4, 'index': 2780}","   95 |     expect(wrapper.classes()).toContain('navbar')
   96 |     expect(wrapper.classes()).toContain('navbar-expand')
>  97 |     expect(wrapper.classes()).toContain('navbar-light')
      |    ^ Duplicate Assert
   98 |     expect(wrapper.classes().length).toBe(4)
   99 |
  100 |     wrapper.destroy()"
/home/gabriel/Disk/Research/research-javascript-test-smells/repositories/bootstrap-vue-dev/src/components/navbar/navbar.spec.js,Duplicate Assert,"{'line': 108, 'column': 4, 'index': 3051}","  106 |     })
  107 |
> 108 |     expect(wrapper.classes()).toContain('sticky-top')
      |    ^ Duplicate Assert
  109 |     expect(wrapper.classes()).toContain('navbar')
  110 |     expect(wrapper.classes()).toContain('navbar-expand')
  111 |     expect(wrapper.classes()).toContain('navbar-light')"
/home/gabriel/Disk/Research/research-javascript-test-smells/repositories/bootstrap-vue-dev/src/components/navbar/navbar.spec.js,Duplicate Assert,"{'line': 109, 'column': 4, 'index': 3105}","  107 |
  108 |     expect(wrapper.classes()).toContain('sticky-top')
> 109 |     expect(wrapper.classes()).toContain('navbar')
      |    ^ Duplicate Assert
  110 |     expect(wrapper.classes()).toContain('navbar-expand')
  111 |     expect(wrapper.classes()).toContain('navbar-light')
  112 |     expect(wrapper.classes().length).toBe(4)"
/home/gabriel/Disk/Research/research-javascript-test-smells/repositories/bootstrap-vue-dev/src/components/navbar/navbar.spec.js,Duplicate Assert,"{'line': 110, 'column': 4, 'index': 3155}","  108 |     expect(wrapper.classes()).toContain('sticky-top')
  109 |     expect(wrapper.classes()).toContain('navbar')
> 110 |     expect(wrapper.classes()).toContain('navbar-expand')
      |    ^ Duplicate Assert
  111 |     expect(wrapper.classes()).toContain('navbar-light')
  112 |     expect(wrapper.classes().length).toBe(4)
  113 |"
/home/gabriel/Disk/Research/research-javascript-test-smells/repositories/bootstrap-vue-dev/src/components/navbar/navbar.spec.js,Duplicate Assert,"{'line': 111, 'column': 4, 'index': 3212}","  109 |     expect(wrapper.classes()).toContain('navbar')
  110 |     expect(wrapper.classes()).toContain('navbar-expand')
> 111 |     expect(wrapper.classes()).toContain('navbar-light')
      |    ^ Duplicate Assert
  112 |     expect(wrapper.classes().length).toBe(4)
  113 |
  114 |     wrapper.destroy()"
/home/gabriel/Disk/Research/research-javascript-test-smells/repositories/bootstrap-vue-dev/src/components/navbar/navbar.spec.js,Duplicate Assert,"{'line': 122, 'column': 4, 'index': 3470}","  120 |     })
  121 |
> 122 |     expect(wrapper.classes()).toContain('bg-primary')
      |    ^ Duplicate Assert
  123 |     expect(wrapper.classes()).toContain('navbar')
  124 |     expect(wrapper.classes()).toContain('navbar-expand')
  125 |     expect(wrapper.classes()).toContain('navbar-light')"
/home/gabriel/Disk/Research/research-javascript-test-smells/repositories/bootstrap-vue-dev/src/components/navbar/navbar.spec.js,Duplicate Assert,"{'line': 123, 'column': 4, 'index': 3524}","  121 |
  122 |     expect(wrapper.classes()).toContain('bg-primary')
> 123 |     expect(wrapper.classes()).toContain('navbar')
      |    ^ Duplicate Assert
  124 |     expect(wrapper.classes()).toContain('navbar-expand')
  125 |     expect(wrapper.classes()).toContain('navbar-light')
  126 |     expect(wrapper.classes().length).toBe(4)"
/home/gabriel/Disk/Research/research-javascript-test-smells/repositories/bootstrap-vue-dev/src/components/navbar/navbar.spec.js,Duplicate Assert,"{'line': 124, 'column': 4, 'index': 3574}","  122 |     expect(wrapper.classes()).toContain('bg-primary')
  123 |     expect(wrapper.classes()).toContain('navbar')
> 124 |     expect(wrapper.classes()).toContain('navbar-expand')
      |    ^ Duplicate Assert
  125 |     expect(wrapper.classes()).toContain('navbar-light')
  126 |     expect(wrapper.classes().length).toBe(4)
  127 |"
/home/gabriel/Disk/Research/research-javascript-test-smells/repositories/bootstrap-vue-dev/src/components/navbar/navbar.spec.js,Duplicate Assert,"{'line': 125, 'column': 4, 'index': 3631}","  123 |     expect(wrapper.classes()).toContain('navbar')
  124 |     expect(wrapper.classes()).toContain('navbar-expand')
> 125 |     expect(wrapper.classes()).toContain('navbar-light')
      |    ^ Duplicate Assert
  126 |     expect(wrapper.classes().length).toBe(4)
  127 |
  128 |     wrapper.destroy()"
/home/gabriel/Disk/Research/research-javascript-test-smells/repositories/bootstrap-vue-dev/src/components/navbar/navbar.spec.js,Magic Number,"{'line': 21, 'column': 42, 'index': 682}","  19 |     expect(wrapper.classes()).toContain('navbar-expand')
  20 |     expect(wrapper.classes()).toContain('navbar-light')
> 21 |     expect(wrapper.classes().length).toBe(3)
     |                                          ^ Magic Number
  22 |
  23 |     wrapper.destroy()
  24 |   })"
/home/gabriel/Disk/Research/research-javascript-test-smells/repositories/bootstrap-vue-dev/src/components/navbar/navbar.spec.js,Magic Number,"{'line': 46, 'column': 42, 'index': 1372}","  44 |     expect(wrapper.classes()).toContain('navbar-expand-lg')
  45 |     expect(wrapper.classes()).toContain('navbar-light')
> 46 |     expect(wrapper.classes().length).toBe(3)
     |                                          ^ Magic Number
  47 |
  48 |     wrapper.destroy()
  49 |   })"
/home/gabriel/Disk/Research/research-javascript-test-smells/repositories/bootstrap-vue-dev/src/components/navbar/navbar.spec.js,Magic Number,"{'line': 58, 'column': 42, 'index': 1694}","  56 |     expect(wrapper.classes()).toContain('navbar')
  57 |     expect(wrapper.classes()).toContain('navbar-light')
> 58 |     expect(wrapper.classes().length).toBe(2)
     |                                          ^ Magic Number
  59 |
  60 |     wrapper.destroy()
  61 |   })"
/home/gabriel/Disk/Research/research-javascript-test-smells/repositories/bootstrap-vue-dev/src/components/navbar/navbar.spec.js,Magic Number,"{'line': 70, 'column': 42, 'index': 2014}","  68 |     expect(wrapper.classes()).toContain('navbar')
  69 |     expect(wrapper.classes()).toContain('navbar-light')
> 70 |     expect(wrapper.classes().length).toBe(2)
     |                                          ^ Magic Number
  71 |
  72 |     wrapper.destroy()
  73 |   })"
/home/gabriel/Disk/Research/research-javascript-test-smells/repositories/bootstrap-vue-dev/src/components/navbar/navbar.spec.js,Magic Number,"{'line': 84, 'column': 42, 'index': 2444}","  82 |     expect(wrapper.classes()).toContain('navbar-expand')
  83 |     expect(wrapper.classes()).toContain('navbar-light')
> 84 |     expect(wrapper.classes().length).toBe(4)
     |                                          ^ Magic Number
  85 |
  86 |     wrapper.destroy()
  87 |   })"
/home/gabriel/Disk/Research/research-javascript-test-smells/repositories/bootstrap-vue-dev/src/components/navbar/navbar.spec.js,Magic Number,"{'line': 98, 'column': 42, 'index': 2874}","   96 |     expect(wrapper.classes()).toContain('navbar-expand')
   97 |     expect(wrapper.classes()).toContain('navbar-light')
>  98 |     expect(wrapper.classes().length).toBe(4)
      |                                          ^ Magic Number
   99 |
  100 |     wrapper.destroy()
  101 |   })"
/home/gabriel/Disk/Research/research-javascript-test-smells/repositories/bootstrap-vue-dev/src/components/navbar/navbar.spec.js,Magic Number,"{'line': 112, 'column': 42, 'index': 3306}","  110 |     expect(wrapper.classes()).toContain('navbar-expand')
  111 |     expect(wrapper.classes()).toContain('navbar-light')
> 112 |     expect(wrapper.classes().length).toBe(4)
      |                                          ^ Magic Number
  113 |
  114 |     wrapper.destroy()
  115 |   })"
/home/gabriel/Disk/Research/research-javascript-test-smells/repositories/bootstrap-vue-dev/src/components/navbar/navbar.spec.js,Magic Number,"{'line': 126, 'column': 42, 'index': 3725}","  124 |     expect(wrapper.classes()).toContain('navbar-expand')
  125 |     expect(wrapper.classes()).toContain('navbar-light')
> 126 |     expect(wrapper.classes().length).toBe(4)
      |                                          ^ Magic Number
  127 |
  128 |     wrapper.destroy()
  129 |   })"
/home/gabriel/Disk/Research/research-javascript-test-smells/repositories/bootstrap-vue-dev/src/components/navbar/navbar-toggle.spec.js,Duplicate Assert,"{'line': 30, 'column': 4, 'index': 753}","  28 |     })
  29 |
> 30 |     expect(wrapper.classes()).toContain('navbar-toggler')
     |    ^ Duplicate Assert
  31 |     // Class added by v-b-toggle
  32 |     expect(wrapper.classes()).toContain('collapsed')
  33 |     expect(wrapper.classes().length).toBe(2)"
/home/gabriel/Disk/Research/research-javascript-test-smells/repositories/bootstrap-vue-dev/src/components/navbar/navbar-toggle.spec.js,Duplicate Assert,"{'line': 32, 'column': 4, 'index': 844}","  30 |     expect(wrapper.classes()).toContain('navbar-toggler')
  31 |     // Class added by v-b-toggle
> 32 |     expect(wrapper.classes()).toContain('collapsed')
     |    ^ Duplicate Assert
  33 |     expect(wrapper.classes().length).toBe(2)
  34 |
  35 |     wrapper.destroy()"
/home/gabriel/Disk/Research/research-javascript-test-smells/repositories/bootstrap-vue-dev/src/components/navbar/navbar-toggle.spec.js,Duplicate Assert,"{'line': 92, 'column': 4, 'index': 2261}","  90 |     })
  91 |
> 92 |     expect(scope).not.toBe(null)
     |    ^ Duplicate Assert
  93 |     expect(scope.expanded).toBe(false)
  94 |
  95 |     wrapper.vm.$root.$emit(ROOT_EVENT_NAME_STATE, 'target-6', true)"
/home/gabriel/Disk/Research/research-javascript-test-smells/repositories/bootstrap-vue-dev/src/components/navbar/navbar-toggle.spec.js,Duplicate Assert,"{'line': 92, 'column': 4, 'index': 2261}","  90 |     })
  91 |
> 92 |     expect(scope).not.toBe(null)
     |    ^ Duplicate Assert
  93 |     expect(scope.expanded).toBe(false)
  94 |
  95 |     wrapper.vm.$root.$emit(ROOT_EVENT_NAME_STATE, 'target-6', true)"
/home/gabriel/Disk/Research/research-javascript-test-smells/repositories/bootstrap-vue-dev/src/components/navbar/navbar-toggle.spec.js,Duplicate Assert,"{'line': 93, 'column': 4, 'index': 2294}","  91 |
  92 |     expect(scope).not.toBe(null)
> 93 |     expect(scope.expanded).toBe(false)
     |    ^ Duplicate Assert
  94 |
  95 |     wrapper.vm.$root.$emit(ROOT_EVENT_NAME_STATE, 'target-6', true)
  96 |     await waitNT(wrapper.vm)"
/home/gabriel/Disk/Research/research-javascript-test-smells/repositories/bootstrap-vue-dev/src/components/navbar/navbar-toggle.spec.js,Duplicate Assert,"{'line': 93, 'column': 4, 'index': 2294}","  91 |
  92 |     expect(scope).not.toBe(null)
> 93 |     expect(scope.expanded).toBe(false)
     |    ^ Duplicate Assert
  94 |
  95 |     wrapper.vm.$root.$emit(ROOT_EVENT_NAME_STATE, 'target-6', true)
  96 |     await waitNT(wrapper.vm)"
/home/gabriel/Disk/Research/research-javascript-test-smells/repositories/bootstrap-vue-dev/src/components/navbar/navbar-toggle.spec.js,Duplicate Assert,"{'line': 97, 'column': 4, 'index': 2431}","   95 |     wrapper.vm.$root.$emit(ROOT_EVENT_NAME_STATE, 'target-6', true)
   96 |     await waitNT(wrapper.vm)
>  97 |     expect(scope).not.toBe(null)
      |    ^ Duplicate Assert
   98 |     expect(scope.expanded).toBe(true)
   99 |
  100 |     wrapper.vm.$root.$emit(ROOT_EVENT_NAME_STATE, 'target-6', false)"
/home/gabriel/Disk/Research/research-javascript-test-smells/repositories/bootstrap-vue-dev/src/components/navbar/navbar-toggle.spec.js,Duplicate Assert,"{'line': 97, 'column': 4, 'index': 2431}","   95 |     wrapper.vm.$root.$emit(ROOT_EVENT_NAME_STATE, 'target-6', true)
   96 |     await waitNT(wrapper.vm)
>  97 |     expect(scope).not.toBe(null)
      |    ^ Duplicate Assert
   98 |     expect(scope.expanded).toBe(true)
   99 |
  100 |     wrapper.vm.$root.$emit(ROOT_EVENT_NAME_STATE, 'target-6', false)"
/home/gabriel/Disk/Research/research-javascript-test-smells/repositories/bootstrap-vue-dev/src/components/navbar/navbar-toggle.spec.js,Duplicate Assert,"{'line': 98, 'column': 4, 'index': 2464}","   96 |     await waitNT(wrapper.vm)
   97 |     expect(scope).not.toBe(null)
>  98 |     expect(scope.expanded).toBe(true)
      |    ^ Duplicate Assert
   99 |
  100 |     wrapper.vm.$root.$emit(ROOT_EVENT_NAME_STATE, 'target-6', false)
  101 |     await waitNT(wrapper.vm)"
/home/gabriel/Disk/Research/research-javascript-test-smells/repositories/bootstrap-vue-dev/src/components/navbar/navbar-toggle.spec.js,Duplicate Assert,"{'line': 102, 'column': 4, 'index': 2601}","  100 |     wrapper.vm.$root.$emit(ROOT_EVENT_NAME_STATE, 'target-6', false)
  101 |     await waitNT(wrapper.vm)
> 102 |     expect(scope).not.toBe(null)
      |    ^ Duplicate Assert
  103 |     expect(scope.expanded).toBe(false)
  104 |
  105 |     wrapper.destroy()"
/home/gabriel/Disk/Research/research-javascript-test-smells/repositories/bootstrap-vue-dev/src/components/navbar/navbar-toggle.spec.js,Duplicate Assert,"{'line': 102, 'column': 4, 'index': 2601}","  100 |     wrapper.vm.$root.$emit(ROOT_EVENT_NAME_STATE, 'target-6', false)
  101 |     await waitNT(wrapper.vm)
> 102 |     expect(scope).not.toBe(null)
      |    ^ Duplicate Assert
  103 |     expect(scope.expanded).toBe(false)
  104 |
  105 |     wrapper.destroy()"
/home/gabriel/Disk/Research/research-javascript-test-smells/repositories/bootstrap-vue-dev/src/components/navbar/navbar-toggle.spec.js,Duplicate Assert,"{'line': 103, 'column': 4, 'index': 2634}","  101 |     await waitNT(wrapper.vm)
  102 |     expect(scope).not.toBe(null)
> 103 |     expect(scope.expanded).toBe(false)
      |    ^ Duplicate Assert
  104 |
  105 |     wrapper.destroy()
  106 |   })"
/home/gabriel/Disk/Research/research-javascript-test-smells/repositories/bootstrap-vue-dev/src/components/navbar/navbar-toggle.spec.js,Duplicate Assert,"{'line': 103, 'column': 4, 'index': 2634}","  101 |     await waitNT(wrapper.vm)
  102 |     expect(scope).not.toBe(null)
> 103 |     expect(scope.expanded).toBe(false)
      |    ^ Duplicate Assert
  104 |
  105 |     wrapper.destroy()
  106 |   })"
/home/gabriel/Disk/Research/research-javascript-test-smells/repositories/bootstrap-vue-dev/src/components/navbar/navbar-toggle.spec.js,Duplicate Assert,"{'line': 124, 'column': 4, 'index': 3058}","  122 |     wrapper.vm.$root.$on(ROOT_ACTION_EVENT_NAME_TOGGLE, onRootClick)
  123 |
> 124 |     expect(wrapper.emitted('click')).toBeUndefined()
      |    ^ Duplicate Assert
  125 |     expect(rootClicked).toBe(false)
  126 |
  127 |     await wrapper.trigger('click')"
/home/gabriel/Disk/Research/research-javascript-test-smells/repositories/bootstrap-vue-dev/src/components/navbar/navbar-toggle.spec.js,Duplicate Assert,"{'line': 125, 'column': 4, 'index': 3111}","  123 |
  124 |     expect(wrapper.emitted('click')).toBeUndefined()
> 125 |     expect(rootClicked).toBe(false)
      |    ^ Duplicate Assert
  126 |
  127 |     await wrapper.trigger('click')
  128 |     expect(wrapper.emitted('click')).toBeDefined()"
/home/gabriel/Disk/Research/research-javascript-test-smells/repositories/bootstrap-vue-dev/src/components/navbar/navbar-toggle.spec.js,Duplicate Assert,"{'line': 128, 'column': 4, 'index': 3183}","  126 |
  127 |     await wrapper.trigger('click')
> 128 |     expect(wrapper.emitted('click')).toBeDefined()
      |    ^ Duplicate Assert
  129 |     expect(rootClicked).toBe(true)
  130 |
  131 |     wrapper.vm.$root.$off(ROOT_ACTION_EVENT_NAME_TOGGLE, onRootClick)"
/home/gabriel/Disk/Research/research-javascript-test-smells/repositories/bootstrap-vue-dev/src/components/navbar/navbar-toggle.spec.js,Duplicate Assert,"{'line': 129, 'column': 4, 'index': 3234}","  127 |     await wrapper.trigger('click')
  128 |     expect(wrapper.emitted('click')).toBeDefined()
> 129 |     expect(rootClicked).toBe(true)
      |    ^ Duplicate Assert
  130 |
  131 |     wrapper.vm.$root.$off(ROOT_ACTION_EVENT_NAME_TOGGLE, onRootClick)
  132 |"
/home/gabriel/Disk/Research/research-javascript-test-smells/repositories/bootstrap-vue-dev/src/components/navbar/navbar-toggle.spec.js,Duplicate Assert,"{'line': 146, 'column': 4, 'index': 3674}","  144 |     wrapper.vm.$root.$emit(ROOT_EVENT_NAME_STATE, 'target-8', true)
  145 |     await waitNT(wrapper.vm)
> 146 |     expect(wrapper.attributes('aria-expanded')).toBe('true')
      |    ^ Duplicate Assert
  147 |
  148 |     wrapper.vm.$root.$emit(ROOT_EVENT_NAME_STATE, 'target-8', false)
  149 |     await waitNT(wrapper.vm)"
/home/gabriel/Disk/Research/research-javascript-test-smells/repositories/bootstrap-vue-dev/src/components/navbar/navbar-toggle.spec.js,Duplicate Assert,"{'line': 146, 'column': 4, 'index': 3674}","  144 |     wrapper.vm.$root.$emit(ROOT_EVENT_NAME_STATE, 'target-8', true)
  145 |     await waitNT(wrapper.vm)
> 146 |     expect(wrapper.attributes('aria-expanded')).toBe('true')
      |    ^ Duplicate Assert
  147 |
  148 |     wrapper.vm.$root.$emit(ROOT_EVENT_NAME_STATE, 'target-8', false)
  149 |     await waitNT(wrapper.vm)"
/home/gabriel/Disk/Research/research-javascript-test-smells/repositories/bootstrap-vue-dev/src/components/navbar/navbar-toggle.spec.js,Duplicate Assert,"{'line': 150, 'column': 4, 'index': 3834}","  148 |     wrapper.vm.$root.$emit(ROOT_EVENT_NAME_STATE, 'target-8', false)
  149 |     await waitNT(wrapper.vm)
> 150 |     expect(wrapper.attributes('aria-expanded')).toBe('false')
      |    ^ Duplicate Assert
  151 |
  152 |     wrapper.vm.$root.$emit(ROOT_EVENT_NAME_STATE, 'foo', true)
  153 |     await waitNT(wrapper.vm)"
/home/gabriel/Disk/Research/research-javascript-test-smells/repositories/bootstrap-vue-dev/src/components/navbar/navbar-toggle.spec.js,Duplicate Assert,"{'line': 150, 'column': 4, 'index': 3834}","  148 |     wrapper.vm.$root.$emit(ROOT_EVENT_NAME_STATE, 'target-8', false)
  149 |     await waitNT(wrapper.vm)
> 150 |     expect(wrapper.attributes('aria-expanded')).toBe('false')
      |    ^ Duplicate Assert
  151 |
  152 |     wrapper.vm.$root.$emit(ROOT_EVENT_NAME_STATE, 'foo', true)
  153 |     await waitNT(wrapper.vm)"
/home/gabriel/Disk/Research/research-javascript-test-smells/repositories/bootstrap-vue-dev/src/components/navbar/navbar-toggle.spec.js,Duplicate Assert,"{'line': 154, 'column': 4, 'index': 3989}","  152 |     wrapper.vm.$root.$emit(ROOT_EVENT_NAME_STATE, 'foo', true)
  153 |     await waitNT(wrapper.vm)
> 154 |     expect(wrapper.attributes('aria-expanded')).toBe('false')
      |    ^ Duplicate Assert
  155 |
  156 |     // Private sync event
  157 |     wrapper.vm.$root.$emit(ROOT_EVENT_NAME_SYNC_STATE, 'target-8', true)"
/home/gabriel/Disk/Research/research-javascript-test-smells/repositories/bootstrap-vue-dev/src/components/navbar/navbar-toggle.spec.js,Duplicate Assert,"{'line': 154, 'column': 4, 'index': 3989}","  152 |     wrapper.vm.$root.$emit(ROOT_EVENT_NAME_STATE, 'foo', true)
  153 |     await waitNT(wrapper.vm)
> 154 |     expect(wrapper.attributes('aria-expanded')).toBe('false')
      |    ^ Duplicate Assert
  155 |
  156 |     // Private sync event
  157 |     wrapper.vm.$root.$emit(ROOT_EVENT_NAME_SYNC_STATE, 'target-8', true)"
/home/gabriel/Disk/Research/research-javascript-test-smells/repositories/bootstrap-vue-dev/src/components/navbar/navbar-toggle.spec.js,Duplicate Assert,"{'line': 159, 'column': 4, 'index': 4180}","  157 |     wrapper.vm.$root.$emit(ROOT_EVENT_NAME_SYNC_STATE, 'target-8', true)
  158 |     await waitNT(wrapper.vm)
> 159 |     expect(wrapper.attributes('aria-expanded')).toBe('true')
      |    ^ Duplicate Assert
  160 |
  161 |     wrapper.vm.$root.$emit(ROOT_EVENT_NAME_SYNC_STATE, 'target-8', false)
  162 |     await waitNT(wrapper.vm)"
/home/gabriel/Disk/Research/research-javascript-test-smells/repositories/bootstrap-vue-dev/src/components/navbar/navbar-toggle.spec.js,Duplicate Assert,"{'line': 159, 'column': 4, 'index': 4180}","  157 |     wrapper.vm.$root.$emit(ROOT_EVENT_NAME_SYNC_STATE, 'target-8', true)
  158 |     await waitNT(wrapper.vm)
> 159 |     expect(wrapper.attributes('aria-expanded')).toBe('true')
      |    ^ Duplicate Assert
  160 |
  161 |     wrapper.vm.$root.$emit(ROOT_EVENT_NAME_SYNC_STATE, 'target-8', false)
  162 |     await waitNT(wrapper.vm)"
/home/gabriel/Disk/Research/research-javascript-test-smells/repositories/bootstrap-vue-dev/src/components/navbar/navbar-toggle.spec.js,Duplicate Assert,"{'line': 163, 'column': 4, 'index': 4345}","  161 |     wrapper.vm.$root.$emit(ROOT_EVENT_NAME_SYNC_STATE, 'target-8', false)
  162 |     await waitNT(wrapper.vm)
> 163 |     expect(wrapper.attributes('aria-expanded')).toBe('false')
      |    ^ Duplicate Assert
  164 |
  165 |     wrapper.vm.$root.$emit(ROOT_EVENT_NAME_SYNC_STATE, 'foo', true)
  166 |     await waitNT(wrapper.vm)"
/home/gabriel/Disk/Research/research-javascript-test-smells/repositories/bootstrap-vue-dev/src/components/navbar/navbar-toggle.spec.js,Duplicate Assert,"{'line': 163, 'column': 4, 'index': 4345}","  161 |     wrapper.vm.$root.$emit(ROOT_EVENT_NAME_SYNC_STATE, 'target-8', false)
  162 |     await waitNT(wrapper.vm)
> 163 |     expect(wrapper.attributes('aria-expanded')).toBe('false')
      |    ^ Duplicate Assert
  164 |
  165 |     wrapper.vm.$root.$emit(ROOT_EVENT_NAME_SYNC_STATE, 'foo', true)
  166 |     await waitNT(wrapper.vm)"
/home/gabriel/Disk/Research/research-javascript-test-smells/repositories/bootstrap-vue-dev/src/components/navbar/navbar-toggle.spec.js,Duplicate Assert,"{'line': 167, 'column': 4, 'index': 4505}","  165 |     wrapper.vm.$root.$emit(ROOT_EVENT_NAME_SYNC_STATE, 'foo', true)
  166 |     await waitNT(wrapper.vm)
> 167 |     expect(wrapper.attributes('aria-expanded')).toBe('false')
      |    ^ Duplicate Assert
  168 |
  169 |     wrapper.destroy()
  170 |   })"
/home/gabriel/Disk/Research/research-javascript-test-smells/repositories/bootstrap-vue-dev/src/components/navbar/navbar-toggle.spec.js,Duplicate Assert,"{'line': 167, 'column': 4, 'index': 4505}","  165 |     wrapper.vm.$root.$emit(ROOT_EVENT_NAME_SYNC_STATE, 'foo', true)
  166 |     await waitNT(wrapper.vm)
> 167 |     expect(wrapper.attributes('aria-expanded')).toBe('false')
      |    ^ Duplicate Assert
  168 |
  169 |     wrapper.destroy()
  170 |   })"
/home/gabriel/Disk/Research/research-javascript-test-smells/repositories/bootstrap-vue-dev/src/components/navbar/navbar-toggle.spec.js,Duplicate Assert,"{'line': 180, 'column': 4, 'index': 4767}","  178 |     })
  179 |
> 180 |     expect(wrapper.emitted('click')).toBeUndefined()
      |    ^ Duplicate Assert
  181 |     expect(wrapper.element.hasAttribute('disabled')).toBe(true)
  182 |     expect(wrapper.classes()).toContain('disabled')
  183 |"
/home/gabriel/Disk/Research/research-javascript-test-smells/repositories/bootstrap-vue-dev/src/components/navbar/navbar-toggle.spec.js,Duplicate Assert,"{'line': 180, 'column': 4, 'index': 4767}","  178 |     })
  179 |
> 180 |     expect(wrapper.emitted('click')).toBeUndefined()
      |    ^ Duplicate Assert
  181 |     expect(wrapper.element.hasAttribute('disabled')).toBe(true)
  182 |     expect(wrapper.classes()).toContain('disabled')
  183 |"
/home/gabriel/Disk/Research/research-javascript-test-smells/repositories/bootstrap-vue-dev/src/components/navbar/navbar-toggle.spec.js,Duplicate Assert,"{'line': 185, 'column': 4, 'index': 4972}","  183 |
  184 |     await wrapper.trigger('click')
> 185 |     expect(wrapper.emitted('click')).toBeUndefined()
      |    ^ Duplicate Assert
  186 |
  187 |     wrapper.destroy()
  188 |   })"
/home/gabriel/Disk/Research/research-javascript-test-smells/repositories/bootstrap-vue-dev/src/components/navbar/navbar-toggle.spec.js,Duplicate Assert,"{'line': 185, 'column': 4, 'index': 4972}","  183 |
  184 |     await wrapper.trigger('click')
> 185 |     expect(wrapper.emitted('click')).toBeUndefined()
      |    ^ Duplicate Assert
  186 |
  187 |     wrapper.destroy()
  188 |   })"
/home/gabriel/Disk/Research/research-javascript-test-smells/repositories/bootstrap-vue-dev/src/components/navbar/navbar-toggle.spec.js,Magic Number,"{'line': 33, 'column': 42, 'index': 935}","  31 |     // Class added by v-b-toggle
  32 |     expect(wrapper.classes()).toContain('collapsed')
> 33 |     expect(wrapper.classes().length).toBe(2)
     |                                          ^ Magic Number
  34 |
  35 |     wrapper.destroy()
  36 |   })"
/home/gabriel/Disk/Research/research-javascript-test-smells/repositories/bootstrap-vue-dev/src/components/navbar/navbar-nav.spec.js,Duplicate Assert,"{'line': 43, 'column': 4, 'index': 977}","  41 |     })
  42 |
> 43 |     expect(wrapper.classes()).toContain('nav-fill')
     |    ^ Duplicate Assert
  44 |     expect(wrapper.classes()).toContain('navbar-nav')
  45 |     expect(wrapper.classes().length).toBe(2)
  46 |"
/home/gabriel/Disk/Research/research-javascript-test-smells/repositories/bootstrap-vue-dev/src/components/navbar/navbar-nav.spec.js,Duplicate Assert,"{'line': 44, 'column': 4, 'index': 1029}","  42 |
  43 |     expect(wrapper.classes()).toContain('nav-fill')
> 44 |     expect(wrapper.classes()).toContain('navbar-nav')
     |    ^ Duplicate Assert
  45 |     expect(wrapper.classes().length).toBe(2)
  46 |
  47 |     wrapper.destroy()"
/home/gabriel/Disk/Research/research-javascript-test-smells/repositories/bootstrap-vue-dev/src/components/navbar/navbar-nav.spec.js,Duplicate Assert,"{'line': 57, 'column': 4, 'index': 1333}","  55 |     })
  56 |
> 57 |     expect(wrapper.classes()).toContain('nav-justified')
     |    ^ Duplicate Assert
  58 |     expect(wrapper.classes()).toContain('navbar-nav')
  59 |     expect(wrapper.classes().length).toBe(2)
  60 |"
/home/gabriel/Disk/Research/research-javascript-test-smells/repositories/bootstrap-vue-dev/src/components/navbar/navbar-nav.spec.js,Duplicate Assert,"{'line': 58, 'column': 4, 'index': 1390}","  56 |
  57 |     expect(wrapper.classes()).toContain('nav-justified')
> 58 |     expect(wrapper.classes()).toContain('navbar-nav')
     |    ^ Duplicate Assert
  59 |     expect(wrapper.classes().length).toBe(2)
  60 |
  61 |     wrapper.destroy()"
/home/gabriel/Disk/Research/research-javascript-test-smells/repositories/bootstrap-vue-dev/src/components/navbar/navbar-nav.spec.js,Duplicate Assert,"{'line': 71, 'column': 4, 'index': 1676}","  69 |     })
  70 |
> 71 |     expect(wrapper.classes()).toContain('justify-content-center')
     |    ^ Duplicate Assert
  72 |     expect(wrapper.classes()).toContain('navbar-nav')
  73 |     expect(wrapper.classes().length).toBe(2)
  74 |"
/home/gabriel/Disk/Research/research-javascript-test-smells/repositories/bootstrap-vue-dev/src/components/navbar/navbar-nav.spec.js,Duplicate Assert,"{'line': 72, 'column': 4, 'index': 1742}","  70 |
  71 |     expect(wrapper.classes()).toContain('justify-content-center')
> 72 |     expect(wrapper.classes()).toContain('navbar-nav')
     |    ^ Duplicate Assert
  73 |     expect(wrapper.classes().length).toBe(2)
  74 |
  75 |     wrapper.destroy()"
/home/gabriel/Disk/Research/research-javascript-test-smells/repositories/bootstrap-vue-dev/src/components/navbar/navbar-nav.spec.js,Duplicate Assert,"{'line': 85, 'column': 4, 'index': 2030}","  83 |     })
  84 |
> 85 |     expect(wrapper.classes()).toContain('small')
     |    ^ Duplicate Assert
  86 |     expect(wrapper.classes()).toContain('navbar-nav')
  87 |     expect(wrapper.classes().length).toBe(2)
  88 |"
/home/gabriel/Disk/Research/research-javascript-test-smells/repositories/bootstrap-vue-dev/src/components/navbar/navbar-nav.spec.js,Duplicate Assert,"{'line': 86, 'column': 4, 'index': 2079}","  84 |
  85 |     expect(wrapper.classes()).toContain('small')
> 86 |     expect(wrapper.classes()).toContain('navbar-nav')
     |    ^ Duplicate Assert
  87 |     expect(wrapper.classes().length).toBe(2)
  88 |
  89 |     wrapper.destroy()"
/home/gabriel/Disk/Research/research-javascript-test-smells/repositories/bootstrap-vue-dev/src/components/navbar/navbar-nav.spec.js,Duplicate Assert,"{'line': 99, 'column': 4, 'index': 2367}","   97 |     })
   98 |
>  99 |     expect(wrapper.classes()).toContain('small')
      |    ^ Duplicate Assert
  100 |     expect(wrapper.classes()).toContain('navbar-nav')
  101 |     expect(wrapper.classes().length).toBe(2)
  102 |"
/home/gabriel/Disk/Research/research-javascript-test-smells/repositories/bootstrap-vue-dev/src/components/navbar/navbar-nav.spec.js,Duplicate Assert,"{'line': 100, 'column': 4, 'index': 2416}","   98 |
   99 |     expect(wrapper.classes()).toContain('small')
> 100 |     expect(wrapper.classes()).toContain('navbar-nav')
      |    ^ Duplicate Assert
  101 |     expect(wrapper.classes().length).toBe(2)
  102 |
  103 |     wrapper.destroy()"
/home/gabriel/Disk/Research/research-javascript-test-smells/repositories/bootstrap-vue-dev/src/components/navbar/navbar-nav.spec.js,Magic Number,"{'line': 17, 'column': 42, 'index': 460}","  15 |
  16 |     expect(wrapper.classes()).toContain('navbar-nav')
> 17 |     expect(wrapper.classes().length).toBe(1)
     |                                          ^ Magic Number
  18 |
  19 |     wrapper.destroy()
  20 |   })"
/home/gabriel/Disk/Research/research-javascript-test-smells/repositories/bootstrap-vue-dev/src/components/navbar/navbar-nav.spec.js,Magic Number,"{'line': 31, 'column': 42, 'index': 780}","  29 |     expect(wrapper.element.tagName).toBe('DIV')
  30 |     expect(wrapper.classes()).toContain('navbar-nav')
> 31 |     expect(wrapper.classes().length).toBe(1)
     |                                          ^ Magic Number
  32 |
  33 |     wrapper.destroy()
  34 |   })"
/home/gabriel/Disk/Research/research-javascript-test-smells/repositories/bootstrap-vue-dev/src/components/navbar/navbar-nav.spec.js,Magic Number,"{'line': 45, 'column': 42, 'index': 1121}","  43 |     expect(wrapper.classes()).toContain('nav-fill')
  44 |     expect(wrapper.classes()).toContain('navbar-nav')
> 45 |     expect(wrapper.classes().length).toBe(2)
     |                                          ^ Magic Number
  46 |
  47 |     wrapper.destroy()
  48 |   })"
/home/gabriel/Disk/Research/research-javascript-test-smells/repositories/bootstrap-vue-dev/src/components/navbar/navbar-nav.spec.js,Magic Number,"{'line': 59, 'column': 42, 'index': 1482}","  57 |     expect(wrapper.classes()).toContain('nav-justified')
  58 |     expect(wrapper.classes()).toContain('navbar-nav')
> 59 |     expect(wrapper.classes().length).toBe(2)
     |                                          ^ Magic Number
  60 |
  61 |     wrapper.destroy()
  62 |   })"
/home/gabriel/Disk/Research/research-javascript-test-smells/repositories/bootstrap-vue-dev/src/components/navbar/navbar-nav.spec.js,Magic Number,"{'line': 73, 'column': 42, 'index': 1834}","  71 |     expect(wrapper.classes()).toContain('justify-content-center')
  72 |     expect(wrapper.classes()).toContain('navbar-nav')
> 73 |     expect(wrapper.classes().length).toBe(2)
     |                                          ^ Magic Number
  74 |
  75 |     wrapper.destroy()
  76 |   })"
/home/gabriel/Disk/Research/research-javascript-test-smells/repositories/bootstrap-vue-dev/src/components/navbar/navbar-nav.spec.js,Magic Number,"{'line': 87, 'column': 42, 'index': 2171}","  85 |     expect(wrapper.classes()).toContain('small')
  86 |     expect(wrapper.classes()).toContain('navbar-nav')
> 87 |     expect(wrapper.classes().length).toBe(2)
     |                                          ^ Magic Number
  88 |
  89 |     wrapper.destroy()
  90 |   })"
/home/gabriel/Disk/Research/research-javascript-test-smells/repositories/bootstrap-vue-dev/src/components/navbar/navbar-nav.spec.js,Magic Number,"{'line': 101, 'column': 42, 'index': 2508}","   99 |     expect(wrapper.classes()).toContain('small')
  100 |     expect(wrapper.classes()).toContain('navbar-nav')
> 101 |     expect(wrapper.classes().length).toBe(2)
      |                                          ^ Magic Number
  102 |
  103 |     wrapper.destroy()
  104 |   })"
/home/gabriel/Disk/Research/research-javascript-test-smells/repositories/bootstrap-vue-dev/src/components/navbar/navbar-brand.spec.js,Magic Number,"{'line': 17, 'column': 42, 'index': 476}","  15 |
  16 |     expect(wrapper.classes()).toContain('navbar-brand')
> 17 |     expect(wrapper.classes().length).toBe(1)
     |                                          ^ Magic Number
  18 |
  19 |     wrapper.destroy()
  20 |   })"
/home/gabriel/Disk/Research/research-javascript-test-smells/repositories/bootstrap-vue-dev/src/components/navbar/navbar-brand.spec.js,Magic Number,"{'line': 31, 'column': 42, 'index': 802}","  29 |     expect(wrapper.element.tagName).toBe('SPAN')
  30 |     expect(wrapper.classes()).toContain('navbar-brand')
> 31 |     expect(wrapper.classes().length).toBe(1)
     |                                          ^ Magic Number
  32 |
  33 |     wrapper.destroy()
  34 |   })"
/home/gabriel/Disk/Research/research-javascript-test-smells/repositories/bootstrap-vue-dev/src/components/navbar/navbar-brand.spec.js,Magic Number,"{'line': 46, 'column': 42, 'index': 1186}","  44 |     expect(wrapper.attributes('href')).toBe('#foo')
  45 |     expect(wrapper.classes()).toContain('navbar-brand')
> 46 |     expect(wrapper.classes().length).toBe(1)
     |                                          ^ Magic Number
  47 |
  48 |     wrapper.destroy()
  49 |   })"
/home/gabriel/Disk/Research/research-javascript-test-smells/repositories/bootstrap-vue-dev/src/components/nav/nav.spec.js,Duplicate Assert,"{'line': 54, 'column': 4, 'index': 1276}","  52 |
  53 |     expect(wrapper.element.tagName).toBe('UL')
> 54 |     expect(wrapper.classes()).toContain('nav')
     |    ^ Duplicate Assert
  55 |     expect(wrapper.classes()).toContain('nav-pills')
  56 |     expect(wrapper.classes().length).toBe(2)
  57 |     expect(wrapper.text()).toBe('')"
/home/gabriel/Disk/Research/research-javascript-test-smells/repositories/bootstrap-vue-dev/src/components/nav/nav.spec.js,Duplicate Assert,"{'line': 55, 'column': 4, 'index': 1323}","  53 |     expect(wrapper.element.tagName).toBe('UL')
  54 |     expect(wrapper.classes()).toContain('nav')
> 55 |     expect(wrapper.classes()).toContain('nav-pills')
     |    ^ Duplicate Assert
  56 |     expect(wrapper.classes().length).toBe(2)
  57 |     expect(wrapper.text()).toBe('')
  58 |"
/home/gabriel/Disk/Research/research-javascript-test-smells/repositories/bootstrap-vue-dev/src/components/nav/nav.spec.js,Duplicate Assert,"{'line': 70, 'column': 4, 'index': 1661}","  68 |
  69 |     expect(wrapper.element.tagName).toBe('UL')
> 70 |     expect(wrapper.classes()).toContain('nav')
     |    ^ Duplicate Assert
  71 |     expect(wrapper.classes()).toContain('nav-tabs')
  72 |     expect(wrapper.classes().length).toBe(2)
  73 |     expect(wrapper.text()).toBe('')"
/home/gabriel/Disk/Research/research-javascript-test-smells/repositories/bootstrap-vue-dev/src/components/nav/nav.spec.js,Duplicate Assert,"{'line': 71, 'column': 4, 'index': 1708}","  69 |     expect(wrapper.element.tagName).toBe('UL')
  70 |     expect(wrapper.classes()).toContain('nav')
> 71 |     expect(wrapper.classes()).toContain('nav-tabs')
     |    ^ Duplicate Assert
  72 |     expect(wrapper.classes().length).toBe(2)
  73 |     expect(wrapper.text()).toBe('')
  74 |"
/home/gabriel/Disk/Research/research-javascript-test-smells/repositories/bootstrap-vue-dev/src/components/nav/nav.spec.js,Duplicate Assert,"{'line': 86, 'column': 4, 'index': 2054}","  84 |
  85 |     expect(wrapper.element.tagName).toBe('UL')
> 86 |     expect(wrapper.classes()).toContain('nav')
     |    ^ Duplicate Assert
  87 |     expect(wrapper.classes()).toContain('flex-column')
  88 |     expect(wrapper.classes().length).toBe(2)
  89 |     expect(wrapper.text()).toBe('')"
/home/gabriel/Disk/Research/research-javascript-test-smells/repositories/bootstrap-vue-dev/src/components/nav/nav.spec.js,Duplicate Assert,"{'line': 87, 'column': 4, 'index': 2101}","  85 |     expect(wrapper.element.tagName).toBe('UL')
  86 |     expect(wrapper.classes()).toContain('nav')
> 87 |     expect(wrapper.classes()).toContain('flex-column')
     |    ^ Duplicate Assert
  88 |     expect(wrapper.classes().length).toBe(2)
  89 |     expect(wrapper.text()).toBe('')
  90 |"
/home/gabriel/Disk/Research/research-javascript-test-smells/repositories/bootstrap-vue-dev/src/components/nav/nav.spec.js,Duplicate Assert,"{'line': 102, 'column': 4, 'index': 2465}","  100 |
  101 |     expect(wrapper.element.tagName).toBe('UL')
> 102 |     expect(wrapper.classes()).toContain('nav')
      |    ^ Duplicate Assert
  103 |     expect(wrapper.classes()).toContain('nav-justified')
  104 |     expect(wrapper.classes().length).toBe(2)
  105 |     expect(wrapper.text()).toBe('')"
/home/gabriel/Disk/Research/research-javascript-test-smells/repositories/bootstrap-vue-dev/src/components/nav/nav.spec.js,Duplicate Assert,"{'line': 103, 'column': 4, 'index': 2512}","  101 |     expect(wrapper.element.tagName).toBe('UL')
  102 |     expect(wrapper.classes()).toContain('nav')
> 103 |     expect(wrapper.classes()).toContain('nav-justified')
      |    ^ Duplicate Assert
  104 |     expect(wrapper.classes().length).toBe(2)
  105 |     expect(wrapper.text()).toBe('')
  106 |"
/home/gabriel/Disk/Research/research-javascript-test-smells/repositories/bootstrap-vue-dev/src/components/nav/nav.spec.js,Duplicate Assert,"{'line': 119, 'column': 4, 'index': 2907}","  117 |
  118 |     expect(wrapper.element.tagName).toBe('UL')
> 119 |     expect(wrapper.classes()).toContain('nav')
      |    ^ Duplicate Assert
  120 |     expect(wrapper.classes()).toContain('flex-column')
  121 |     expect(wrapper.classes().length).toBe(2)
  122 |     expect(wrapper.text()).toBe('')"
/home/gabriel/Disk/Research/research-javascript-test-smells/repositories/bootstrap-vue-dev/src/components/nav/nav.spec.js,Duplicate Assert,"{'line': 120, 'column': 4, 'index': 2954}","  118 |     expect(wrapper.element.tagName).toBe('UL')
  119 |     expect(wrapper.classes()).toContain('nav')
> 120 |     expect(wrapper.classes()).toContain('flex-column')
      |    ^ Duplicate Assert
  121 |     expect(wrapper.classes().length).toBe(2)
  122 |     expect(wrapper.text()).toBe('')
  123 |"
/home/gabriel/Disk/Research/research-javascript-test-smells/repositories/bootstrap-vue-dev/src/components/nav/nav.spec.js,Duplicate Assert,"{'line': 135, 'column': 4, 'index': 3315}","  133 |
  134 |     expect(wrapper.element.tagName).toBe('UL')
> 135 |     expect(wrapper.classes()).toContain('nav')
      |    ^ Duplicate Assert
  136 |     expect(wrapper.classes()).toContain('nav-fill')
  137 |     expect(wrapper.classes().length).toBe(2)
  138 |     expect(wrapper.text()).toBe('')"
/home/gabriel/Disk/Research/research-javascript-test-smells/repositories/bootstrap-vue-dev/src/components/nav/nav.spec.js,Duplicate Assert,"{'line': 136, 'column': 4, 'index': 3362}","  134 |     expect(wrapper.element.tagName).toBe('UL')
  135 |     expect(wrapper.classes()).toContain('nav')
> 136 |     expect(wrapper.classes()).toContain('nav-fill')
      |    ^ Duplicate Assert
  137 |     expect(wrapper.classes().length).toBe(2)
  138 |     expect(wrapper.text()).toBe('')
  139 |"
/home/gabriel/Disk/Research/research-javascript-test-smells/repositories/bootstrap-vue-dev/src/components/nav/nav.spec.js,Duplicate Assert,"{'line': 152, 'column': 4, 'index': 3744}","  150 |
  151 |     expect(wrapper.element.tagName).toBe('UL')
> 152 |     expect(wrapper.classes()).toContain('nav')
      |    ^ Duplicate Assert
  153 |     expect(wrapper.classes()).toContain('flex-column')
  154 |     expect(wrapper.classes().length).toBe(2)
  155 |     expect(wrapper.text()).toBe('')"
/home/gabriel/Disk/Research/research-javascript-test-smells/repositories/bootstrap-vue-dev/src/components/nav/nav.spec.js,Duplicate Assert,"{'line': 153, 'column': 4, 'index': 3791}","  151 |     expect(wrapper.element.tagName).toBe('UL')
  152 |     expect(wrapper.classes()).toContain('nav')
> 153 |     expect(wrapper.classes()).toContain('flex-column')
      |    ^ Duplicate Assert
  154 |     expect(wrapper.classes().length).toBe(2)
  155 |     expect(wrapper.text()).toBe('')
  156 |"
/home/gabriel/Disk/Research/research-javascript-test-smells/repositories/bootstrap-vue-dev/src/components/nav/nav.spec.js,Duplicate Assert,"{'line': 168, 'column': 4, 'index': 4146}","  166 |
  167 |     expect(wrapper.element.tagName).toBe('UL')
> 168 |     expect(wrapper.classes()).toContain('nav')
      |    ^ Duplicate Assert
  169 |     expect(wrapper.classes()).toContain('justify-content-center')
  170 |     expect(wrapper.classes().length).toBe(2)
  171 |     expect(wrapper.text()).toBe('')"
/home/gabriel/Disk/Research/research-javascript-test-smells/repositories/bootstrap-vue-dev/src/components/nav/nav.spec.js,Duplicate Assert,"{'line': 169, 'column': 4, 'index': 4193}","  167 |     expect(wrapper.element.tagName).toBe('UL')
  168 |     expect(wrapper.classes()).toContain('nav')
> 169 |     expect(wrapper.classes()).toContain('justify-content-center')
      |    ^ Duplicate Assert
  170 |     expect(wrapper.classes().length).toBe(2)
  171 |     expect(wrapper.text()).toBe('')
  172 |"
/home/gabriel/Disk/Research/research-javascript-test-smells/repositories/bootstrap-vue-dev/src/components/nav/nav.spec.js,Duplicate Assert,"{'line': 185, 'column': 4, 'index': 4593}","  183 |
  184 |     expect(wrapper.element.tagName).toBe('UL')
> 185 |     expect(wrapper.classes()).toContain('nav')
      |    ^ Duplicate Assert
  186 |     expect(wrapper.classes()).toContain('flex-column')
  187 |     expect(wrapper.classes().length).toBe(2)
  188 |     expect(wrapper.text()).toBe('')"
/home/gabriel/Disk/Research/research-javascript-test-smells/repositories/bootstrap-vue-dev/src/components/nav/nav.spec.js,Duplicate Assert,"{'line': 186, 'column': 4, 'index': 4640}","  184 |     expect(wrapper.element.tagName).toBe('UL')
  185 |     expect(wrapper.classes()).toContain('nav')
> 186 |     expect(wrapper.classes()).toContain('flex-column')
      |    ^ Duplicate Assert
  187 |     expect(wrapper.classes().length).toBe(2)
  188 |     expect(wrapper.text()).toBe('')
  189 |"
/home/gabriel/Disk/Research/research-javascript-test-smells/repositories/bootstrap-vue-dev/src/components/nav/nav.spec.js,Duplicate Assert,"{'line': 201, 'column': 4, 'index': 4983}","  199 |
  200 |     expect(wrapper.element.tagName).toBe('UL')
> 201 |     expect(wrapper.classes()).toContain('nav')
      |    ^ Duplicate Assert
  202 |     expect(wrapper.classes()).toContain('small')
  203 |     expect(wrapper.classes().length).toBe(2)
  204 |     expect(wrapper.text()).toBe('')"
/home/gabriel/Disk/Research/research-javascript-test-smells/repositories/bootstrap-vue-dev/src/components/nav/nav.spec.js,Duplicate Assert,"{'line': 202, 'column': 4, 'index': 5030}","  200 |     expect(wrapper.element.tagName).toBe('UL')
  201 |     expect(wrapper.classes()).toContain('nav')
> 202 |     expect(wrapper.classes()).toContain('small')
      |    ^ Duplicate Assert
  203 |     expect(wrapper.classes().length).toBe(2)
  204 |     expect(wrapper.text()).toBe('')
  205 |"
/home/gabriel/Disk/Research/research-javascript-test-smells/repositories/bootstrap-vue-dev/src/components/nav/nav.spec.js,Duplicate Assert,"{'line': 218, 'column': 4, 'index': 5439}","  216 |
  217 |     expect(wrapper.element.tagName).toBe('UL')
> 218 |     expect(wrapper.classes()).toContain('nav')
      |    ^ Duplicate Assert
  219 |     expect(wrapper.classes()).toContain('nav-tabs')
  220 |     expect(wrapper.classes()).toContain('card-header-tabs')
  221 |     expect(wrapper.classes().length).toBe(3)"
/home/gabriel/Disk/Research/research-javascript-test-smells/repositories/bootstrap-vue-dev/src/components/nav/nav.spec.js,Duplicate Assert,"{'line': 219, 'column': 4, 'index': 5486}","  217 |     expect(wrapper.element.tagName).toBe('UL')
  218 |     expect(wrapper.classes()).toContain('nav')
> 219 |     expect(wrapper.classes()).toContain('nav-tabs')
      |    ^ Duplicate Assert
  220 |     expect(wrapper.classes()).toContain('card-header-tabs')
  221 |     expect(wrapper.classes().length).toBe(3)
  222 |     expect(wrapper.text()).toBe('')"
/home/gabriel/Disk/Research/research-javascript-test-smells/repositories/bootstrap-vue-dev/src/components/nav/nav.spec.js,Duplicate Assert,"{'line': 220, 'column': 4, 'index': 5538}","  218 |     expect(wrapper.classes()).toContain('nav')
  219 |     expect(wrapper.classes()).toContain('nav-tabs')
> 220 |     expect(wrapper.classes()).toContain('card-header-tabs')
      |    ^ Duplicate Assert
  221 |     expect(wrapper.classes().length).toBe(3)
  222 |     expect(wrapper.text()).toBe('')
  223 |"
/home/gabriel/Disk/Research/research-javascript-test-smells/repositories/bootstrap-vue-dev/src/components/nav/nav.spec.js,Duplicate Assert,"{'line': 236, 'column': 4, 'index': 5961}","  234 |
  235 |     expect(wrapper.element.tagName).toBe('UL')
> 236 |     expect(wrapper.classes()).toContain('nav')
      |    ^ Duplicate Assert
  237 |     expect(wrapper.classes()).toContain('nav-pills')
  238 |     expect(wrapper.classes()).toContain('card-header-pills')
  239 |     expect(wrapper.classes().length).toBe(3)"
/home/gabriel/Disk/Research/research-javascript-test-smells/repositories/bootstrap-vue-dev/src/components/nav/nav.spec.js,Duplicate Assert,"{'line': 237, 'column': 4, 'index': 6008}","  235 |     expect(wrapper.element.tagName).toBe('UL')
  236 |     expect(wrapper.classes()).toContain('nav')
> 237 |     expect(wrapper.classes()).toContain('nav-pills')
      |    ^ Duplicate Assert
  238 |     expect(wrapper.classes()).toContain('card-header-pills')
  239 |     expect(wrapper.classes().length).toBe(3)
  240 |     expect(wrapper.text()).toBe('')"
/home/gabriel/Disk/Research/research-javascript-test-smells/repositories/bootstrap-vue-dev/src/components/nav/nav.spec.js,Duplicate Assert,"{'line': 238, 'column': 4, 'index': 6061}","  236 |     expect(wrapper.classes()).toContain('nav')
  237 |     expect(wrapper.classes()).toContain('nav-pills')
> 238 |     expect(wrapper.classes()).toContain('card-header-pills')
      |    ^ Duplicate Assert
  239 |     expect(wrapper.classes().length).toBe(3)
  240 |     expect(wrapper.text()).toBe('')
  241 |"
/home/gabriel/Disk/Research/research-javascript-test-smells/repositories/bootstrap-vue-dev/src/components/nav/nav.spec.js,Magic Number,"{'line': 10, 'column': 42, 'index': 316}","   8 |     expect(wrapper.element.tagName).toBe('UL')
   9 |     expect(wrapper.classes()).toContain('nav')
> 10 |     expect(wrapper.classes().length).toBe(1)
     |                                          ^ Magic Number
  11 |     expect(wrapper.text()).toBe('')
  12 |
  13 |     wrapper.destroy()"
/home/gabriel/Disk/Research/research-javascript-test-smells/repositories/bootstrap-vue-dev/src/components/nav/nav.spec.js,Magic Number,"{'line': 25, 'column': 42, 'index': 675}","  23 |     expect(wrapper.element.tagName).toBe('OL')
  24 |     expect(wrapper.classes()).toContain('nav')
> 25 |     expect(wrapper.classes().length).toBe(1)
     |                                          ^ Magic Number
  26 |     expect(wrapper.text()).toBe('')
  27 |
  28 |     wrapper.destroy()"
/home/gabriel/Disk/Research/research-javascript-test-smells/repositories/bootstrap-vue-dev/src/components/nav/nav.spec.js,Magic Number,"{'line': 40, 'column': 42, 'index': 1021}","  38 |     expect(wrapper.element.tagName).toBe('UL')
  39 |     expect(wrapper.classes()).toContain('nav')
> 40 |     expect(wrapper.classes().length).toBe(1)
     |                                          ^ Magic Number
  41 |     expect(wrapper.text()).toBe('foobar')
  42 |
  43 |     wrapper.destroy()"
/home/gabriel/Disk/Research/research-javascript-test-smells/repositories/bootstrap-vue-dev/src/components/nav/nav.spec.js,Magic Number,"{'line': 56, 'column': 42, 'index': 1414}","  54 |     expect(wrapper.classes()).toContain('nav')
  55 |     expect(wrapper.classes()).toContain('nav-pills')
> 56 |     expect(wrapper.classes().length).toBe(2)
     |                                          ^ Magic Number
  57 |     expect(wrapper.text()).toBe('')
  58 |
  59 |     wrapper.destroy()"
/home/gabriel/Disk/Research/research-javascript-test-smells/repositories/bootstrap-vue-dev/src/components/nav/nav.spec.js,Magic Number,"{'line': 72, 'column': 42, 'index': 1798}","  70 |     expect(wrapper.classes()).toContain('nav')
  71 |     expect(wrapper.classes()).toContain('nav-tabs')
> 72 |     expect(wrapper.classes().length).toBe(2)
     |                                          ^ Magic Number
  73 |     expect(wrapper.text()).toBe('')
  74 |
  75 |     wrapper.destroy()"
/home/gabriel/Disk/Research/research-javascript-test-smells/repositories/bootstrap-vue-dev/src/components/nav/nav.spec.js,Magic Number,"{'line': 88, 'column': 42, 'index': 2194}","  86 |     expect(wrapper.classes()).toContain('nav')
  87 |     expect(wrapper.classes()).toContain('flex-column')
> 88 |     expect(wrapper.classes().length).toBe(2)
     |                                          ^ Magic Number
  89 |     expect(wrapper.text()).toBe('')
  90 |
  91 |     wrapper.destroy()"
/home/gabriel/Disk/Research/research-javascript-test-smells/repositories/bootstrap-vue-dev/src/components/nav/nav.spec.js,Magic Number,"{'line': 104, 'column': 42, 'index': 2607}","  102 |     expect(wrapper.classes()).toContain('nav')
  103 |     expect(wrapper.classes()).toContain('nav-justified')
> 104 |     expect(wrapper.classes().length).toBe(2)
      |                                          ^ Magic Number
  105 |     expect(wrapper.text()).toBe('')
  106 |
  107 |     wrapper.destroy()"
/home/gabriel/Disk/Research/research-javascript-test-smells/repositories/bootstrap-vue-dev/src/components/nav/nav.spec.js,Magic Number,"{'line': 121, 'column': 42, 'index': 3047}","  119 |     expect(wrapper.classes()).toContain('nav')
  120 |     expect(wrapper.classes()).toContain('flex-column')
> 121 |     expect(wrapper.classes().length).toBe(2)
      |                                          ^ Magic Number
  122 |     expect(wrapper.text()).toBe('')
  123 |
  124 |     wrapper.destroy()"
/home/gabriel/Disk/Research/research-javascript-test-smells/repositories/bootstrap-vue-dev/src/components/nav/nav.spec.js,Magic Number,"{'line': 137, 'column': 42, 'index': 3452}","  135 |     expect(wrapper.classes()).toContain('nav')
  136 |     expect(wrapper.classes()).toContain('nav-fill')
> 137 |     expect(wrapper.classes().length).toBe(2)
      |                                          ^ Magic Number
  138 |     expect(wrapper.text()).toBe('')
  139 |
  140 |     wrapper.destroy()"
/home/gabriel/Disk/Research/research-javascript-test-smells/repositories/bootstrap-vue-dev/src/components/nav/nav.spec.js,Magic Number,"{'line': 154, 'column': 42, 'index': 3884}","  152 |     expect(wrapper.classes()).toContain('nav')
  153 |     expect(wrapper.classes()).toContain('flex-column')
> 154 |     expect(wrapper.classes().length).toBe(2)
      |                                          ^ Magic Number
  155 |     expect(wrapper.text()).toBe('')
  156 |
  157 |     wrapper.destroy()"
/home/gabriel/Disk/Research/research-javascript-test-smells/repositories/bootstrap-vue-dev/src/components/nav/nav.spec.js,Magic Number,"{'line': 170, 'column': 42, 'index': 4297}","  168 |     expect(wrapper.classes()).toContain('nav')
  169 |     expect(wrapper.classes()).toContain('justify-content-center')
> 170 |     expect(wrapper.classes().length).toBe(2)
      |                                          ^ Magic Number
  171 |     expect(wrapper.text()).toBe('')
  172 |
  173 |     wrapper.destroy()"
/home/gabriel/Disk/Research/research-javascript-test-smells/repositories/bootstrap-vue-dev/src/components/nav/nav.spec.js,Magic Number,"{'line': 187, 'column': 42, 'index': 4733}","  185 |     expect(wrapper.classes()).toContain('nav')
  186 |     expect(wrapper.classes()).toContain('flex-column')
> 187 |     expect(wrapper.classes().length).toBe(2)
      |                                          ^ Magic Number
  188 |     expect(wrapper.text()).toBe('')
  189 |
  190 |     wrapper.destroy()"
/home/gabriel/Disk/Research/research-javascript-test-smells/repositories/bootstrap-vue-dev/src/components/nav/nav.spec.js,Magic Number,"{'line': 203, 'column': 42, 'index': 5117}","  201 |     expect(wrapper.classes()).toContain('nav')
  202 |     expect(wrapper.classes()).toContain('small')
> 203 |     expect(wrapper.classes().length).toBe(2)
      |                                          ^ Magic Number
  204 |     expect(wrapper.text()).toBe('')
  205 |
  206 |     wrapper.destroy()"
/home/gabriel/Disk/Research/research-javascript-test-smells/repositories/bootstrap-vue-dev/src/components/nav/nav.spec.js,Magic Number,"{'line': 221, 'column': 42, 'index': 5636}","  219 |     expect(wrapper.classes()).toContain('nav-tabs')
  220 |     expect(wrapper.classes()).toContain('card-header-tabs')
> 221 |     expect(wrapper.classes().length).toBe(3)
      |                                          ^ Magic Number
  222 |     expect(wrapper.text()).toBe('')
  223 |
  224 |     wrapper.destroy()"
/home/gabriel/Disk/Research/research-javascript-test-smells/repositories/bootstrap-vue-dev/src/components/nav/nav.spec.js,Magic Number,"{'line': 239, 'column': 42, 'index': 6160}","  237 |     expect(wrapper.classes()).toContain('nav-pills')
  238 |     expect(wrapper.classes()).toContain('card-header-pills')
> 239 |     expect(wrapper.classes().length).toBe(3)
      |                                          ^ Magic Number
  240 |     expect(wrapper.text()).toBe('')
  241 |
  242 |     wrapper.destroy()"
/home/gabriel/Disk/Research/research-javascript-test-smells/repositories/bootstrap-vue-dev/src/components/nav/nav-text.spec.js,Magic Number,"{'line': 10, 'column': 42, 'index': 348}","   8 |     expect(wrapper.element.tagName).toBe('LI')
   9 |     expect(wrapper.classes()).toContain('navbar-text')
> 10 |     expect(wrapper.classes().length).toBe(1)
     |                                          ^ Magic Number
  11 |     expect(wrapper.text()).toEqual('')
  12 |
  13 |     wrapper.destroy()"
/home/gabriel/Disk/Research/research-javascript-test-smells/repositories/bootstrap-vue-dev/src/components/nav/nav-text.spec.js,Magic Number,"{'line': 25, 'column': 42, 'index': 709}","  23 |     expect(wrapper.element.tagName).toBe('LI')
  24 |     expect(wrapper.classes()).toContain('navbar-text')
> 25 |     expect(wrapper.classes().length).toBe(1)
     |                                          ^ Magic Number
  26 |     expect(wrapper.text()).toEqual('foobar')
  27 |
  28 |     wrapper.destroy()"
/home/gabriel/Disk/Research/research-javascript-test-smells/repositories/bootstrap-vue-dev/src/components/nav/nav-item.spec.js,Duplicate Assert,"{'line': 19, 'column': 4, 'index': 642}","  17 |     expect(link.classes()).toContain('nav-link')
  18 |     expect(link.classes().length).toBe(1)
> 19 |     expect(link.attributes('href')).toBeDefined()
     |    ^ Duplicate Assert
  20 |     expect(link.attributes('href')).toBe('#')
  21 |     expect(link.attributes('role')).toBeUndefined()
  22 |"
/home/gabriel/Disk/Research/research-javascript-test-smells/repositories/bootstrap-vue-dev/src/components/nav/nav-item.spec.js,Duplicate Assert,"{'line': 20, 'column': 4, 'index': 692}","  18 |     expect(link.classes().length).toBe(1)
  19 |     expect(link.attributes('href')).toBeDefined()
> 20 |     expect(link.attributes('href')).toBe('#')
     |    ^ Duplicate Assert
  21 |     expect(link.attributes('role')).toBeUndefined()
  22 |
  23 |     wrapper.destroy()"
/home/gabriel/Disk/Research/research-javascript-test-smells/repositories/bootstrap-vue-dev/src/components/nav/nav-item.spec.js,Duplicate Assert,"{'line': 41, 'column': 4, 'index': 1237}","  39 |     expect(link.findComponent(BLink).exists()).toBe(true)
  40 |     expect(link.element.tagName).toBe('A')
> 41 |     expect(link.attributes('role')).toBeDefined()
     |    ^ Duplicate Assert
  42 |     expect(link.attributes('role')).toBe('tab')
  43 |
  44 |     wrapper.destroy()"
/home/gabriel/Disk/Research/research-javascript-test-smells/repositories/bootstrap-vue-dev/src/components/nav/nav-item.spec.js,Duplicate Assert,"{'line': 42, 'column': 4, 'index': 1287}","  40 |     expect(link.element.tagName).toBe('A')
  41 |     expect(link.attributes('role')).toBeDefined()
> 42 |     expect(link.attributes('role')).toBe('tab')
     |    ^ Duplicate Assert
  43 |
  44 |     wrapper.destroy()
  45 |   })"
/home/gabriel/Disk/Research/research-javascript-test-smells/repositories/bootstrap-vue-dev/src/components/nav/nav-item.spec.js,Duplicate Assert,"{'line': 60, 'column': 4, 'index': 1746}","  58 |     expect(link.findComponent(BLink).exists()).toBe(true)
  59 |     expect(link.element.tagName).toBe('A')
> 60 |     expect(link.classes()).toContain('foo')
     |    ^ Duplicate Assert
  61 |     expect(link.classes()).toContain('bar')
  62 |     expect(link.classes()).toContain('nav-link')
  63 |"
/home/gabriel/Disk/Research/research-javascript-test-smells/repositories/bootstrap-vue-dev/src/components/nav/nav-item.spec.js,Duplicate Assert,"{'line': 61, 'column': 4, 'index': 1790}","  59 |     expect(link.element.tagName).toBe('A')
  60 |     expect(link.classes()).toContain('foo')
> 61 |     expect(link.classes()).toContain('bar')
     |    ^ Duplicate Assert
  62 |     expect(link.classes()).toContain('nav-link')
  63 |
  64 |     wrapper.destroy()"
/home/gabriel/Disk/Research/research-javascript-test-smells/repositories/bootstrap-vue-dev/src/components/nav/nav-item.spec.js,Duplicate Assert,"{'line': 62, 'column': 4, 'index': 1834}","  60 |     expect(link.classes()).toContain('foo')
  61 |     expect(link.classes()).toContain('bar')
> 62 |     expect(link.classes()).toContain('nav-link')
     |    ^ Duplicate Assert
  63 |
  64 |     wrapper.destroy()
  65 |   })"
/home/gabriel/Disk/Research/research-javascript-test-smells/repositories/bootstrap-vue-dev/src/components/nav/nav-item.spec.js,Duplicate Assert,"{'line': 91, 'column': 4, 'index': 2508}","  89 |     })
  90 |
> 91 |     expect(spy).not.toHaveBeenCalled()
     |    ^ Duplicate Assert
  92 |     await wrapper.trigger('click')
  93 |     expect(spy).not.toHaveBeenCalled()
  94 |"
/home/gabriel/Disk/Research/research-javascript-test-smells/repositories/bootstrap-vue-dev/src/components/nav/nav-item.spec.js,Duplicate Assert,"{'line': 91, 'column': 4, 'index': 2508}","  89 |     })
  90 |
> 91 |     expect(spy).not.toHaveBeenCalled()
     |    ^ Duplicate Assert
  92 |     await wrapper.trigger('click')
  93 |     expect(spy).not.toHaveBeenCalled()
  94 |"
/home/gabriel/Disk/Research/research-javascript-test-smells/repositories/bootstrap-vue-dev/src/components/nav/nav-item.spec.js,Duplicate Assert,"{'line': 93, 'column': 4, 'index': 2582}","  91 |     expect(spy).not.toHaveBeenCalled()
  92 |     await wrapper.trigger('click')
> 93 |     expect(spy).not.toHaveBeenCalled()
     |    ^ Duplicate Assert
  94 |
  95 |     const link = wrapper.find('a')
  96 |     expect(link).toBeDefined()"
/home/gabriel/Disk/Research/research-javascript-test-smells/repositories/bootstrap-vue-dev/src/components/nav/nav-item.spec.js,Duplicate Assert,"{'line': 93, 'column': 4, 'index': 2582}","  91 |     expect(spy).not.toHaveBeenCalled()
  92 |     await wrapper.trigger('click')
> 93 |     expect(spy).not.toHaveBeenCalled()
     |    ^ Duplicate Assert
  94 |
  95 |     const link = wrapper.find('a')
  96 |     expect(link).toBeDefined()"
/home/gabriel/Disk/Research/research-javascript-test-smells/repositories/bootstrap-vue-dev/src/components/nav/nav-item.spec.js,Duplicate Assert,"{'line': 100, 'column': 4, 'index': 2821}","   98 |     expect(link.element.tagName).toBe('A')
   99 |     await link.trigger('click')
> 100 |     expect(spy).toHaveBeenCalled()
      |    ^ Duplicate Assert
  101 |
  102 |     wrapper.destroy()
  103 |   })"
/home/gabriel/Disk/Research/research-javascript-test-smells/repositories/bootstrap-vue-dev/src/components/nav/nav-item.spec.js,Duplicate Assert,"{'line': 114, 'column': 4, 'index': 3120}","  112 |     })
  113 |
> 114 |     expect(spy).not.toHaveBeenCalled()
      |    ^ Duplicate Assert
  115 |     await wrapper.trigger('click')
  116 |     expect(spy).not.toHaveBeenCalled()
  117 |"
/home/gabriel/Disk/Research/research-javascript-test-smells/repositories/bootstrap-vue-dev/src/components/nav/nav-item.spec.js,Duplicate Assert,"{'line': 114, 'column': 4, 'index': 3120}","  112 |     })
  113 |
> 114 |     expect(spy).not.toHaveBeenCalled()
      |    ^ Duplicate Assert
  115 |     await wrapper.trigger('click')
  116 |     expect(spy).not.toHaveBeenCalled()
  117 |"
/home/gabriel/Disk/Research/research-javascript-test-smells/repositories/bootstrap-vue-dev/src/components/nav/nav-item.spec.js,Duplicate Assert,"{'line': 116, 'column': 4, 'index': 3194}","  114 |     expect(spy).not.toHaveBeenCalled()
  115 |     await wrapper.trigger('click')
> 116 |     expect(spy).not.toHaveBeenCalled()
      |    ^ Duplicate Assert
  117 |
  118 |     const link = wrapper.find('a')
  119 |     expect(link).toBeDefined()"
/home/gabriel/Disk/Research/research-javascript-test-smells/repositories/bootstrap-vue-dev/src/components/nav/nav-item.spec.js,Duplicate Assert,"{'line': 116, 'column': 4, 'index': 3194}","  114 |     expect(spy).not.toHaveBeenCalled()
  115 |     await wrapper.trigger('click')
> 116 |     expect(spy).not.toHaveBeenCalled()
      |    ^ Duplicate Assert
  117 |
  118 |     const link = wrapper.find('a')
  119 |     expect(link).toBeDefined()"
/home/gabriel/Disk/Research/research-javascript-test-smells/repositories/bootstrap-vue-dev/src/components/nav/nav-item.spec.js,Duplicate Assert,"{'line': 123, 'column': 4, 'index': 3433}","  121 |     expect(link.element.tagName).toBe('A')
  122 |     await link.trigger('click')
> 123 |     expect(spy).not.toHaveBeenCalled()
      |    ^ Duplicate Assert
  124 |
  125 |     wrapper.destroy()
  126 |   })"
/home/gabriel/Disk/Research/research-javascript-test-smells/repositories/bootstrap-vue-dev/src/components/nav/nav-item.spec.js,Duplicate Assert,"{'line': 123, 'column': 4, 'index': 3433}","  121 |     expect(link.element.tagName).toBe('A')
  122 |     await link.trigger('click')
> 123 |     expect(spy).not.toHaveBeenCalled()
      |    ^ Duplicate Assert
  124 |
  125 |     wrapper.destroy()
  126 |   })"
/home/gabriel/Disk/Research/research-javascript-test-smells/repositories/bootstrap-vue-dev/src/components/nav/nav-item.spec.js,Magic Number,"{'line': 11, 'column': 42, 'index': 376}","   9 |     expect(wrapper.element.tagName).toBe('LI')
  10 |     expect(wrapper.classes()).toContain('nav-item')
> 11 |     expect(wrapper.classes().length).toBe(1)
     |                                          ^ Magic Number
  12 |
  13 |     const link = wrapper.find('a')
  14 |     expect(link).toBeDefined()"
/home/gabriel/Disk/Research/research-javascript-test-smells/repositories/bootstrap-vue-dev/src/components/nav/nav-item.spec.js,Magic Number,"{'line': 18, 'column': 39, 'index': 635}","  16 |     expect(link.element.tagName).toBe('A')
  17 |     expect(link.classes()).toContain('nav-link')
> 18 |     expect(link.classes().length).toBe(1)
     |                                       ^ Magic Number
  19 |     expect(link.attributes('href')).toBeDefined()
  20 |     expect(link.attributes('href')).toBe('#')
  21 |     expect(link.attributes('role')).toBeUndefined()"
/home/gabriel/Disk/Research/research-javascript-test-smells/repositories/bootstrap-vue-dev/src/components/nav/nav-item-dropdown.spec.js,Duplicate Assert,"{'line': 14, 'column': 4, 'index': 463}","  12 |     expect(wrapper.element.tagName).toBe('LI')
  13 |     expect(wrapper.element.hasAttribute('id')).toBe(true)
> 14 |     expect(wrapper.classes()).toContain('nav-item')
     |    ^ Duplicate Assert
  15 |     expect(wrapper.classes()).toContain('b-nav-dropdown')
  16 |     expect(wrapper.classes()).toContain('dropdown')
  17 |"
/home/gabriel/Disk/Research/research-javascript-test-smells/repositories/bootstrap-vue-dev/src/components/nav/nav-item-dropdown.spec.js,Duplicate Assert,"{'line': 15, 'column': 4, 'index': 515}","  13 |     expect(wrapper.element.hasAttribute('id')).toBe(true)
  14 |     expect(wrapper.classes()).toContain('nav-item')
> 15 |     expect(wrapper.classes()).toContain('b-nav-dropdown')
     |    ^ Duplicate Assert
  16 |     expect(wrapper.classes()).toContain('dropdown')
  17 |
  18 |     const $toggle = wrapper.find('.dropdown-toggle')"
/home/gabriel/Disk/Research/research-javascript-test-smells/repositories/bootstrap-vue-dev/src/components/nav/nav-item-dropdown.spec.js,Duplicate Assert,"{'line': 16, 'column': 4, 'index': 573}","  14 |     expect(wrapper.classes()).toContain('nav-item')
  15 |     expect(wrapper.classes()).toContain('b-nav-dropdown')
> 16 |     expect(wrapper.classes()).toContain('dropdown')
     |    ^ Duplicate Assert
  17 |
  18 |     const $toggle = wrapper.find('.dropdown-toggle')
  19 |     expect($toggle.element.tagName).toBe('A')"
/home/gabriel/Disk/Research/research-javascript-test-smells/repositories/bootstrap-vue-dev/src/components/nav/nav-item-dropdown.spec.js,Duplicate Assert,"{'line': 25, 'column': 4, 'index': 1021}","  23 |     expect($toggle.attributes('aria-expanded')).toEqual('false')
  24 |     expect($toggle.attributes('href')).toEqual('#')
> 25 |     expect($toggle.classes()).toContain('dropdown-toggle')
     |    ^ Duplicate Assert
  26 |     expect($toggle.classes()).toContain('nav-link')
  27 |
  28 |     const $menu = wrapper.find('.dropdown-menu')"
/home/gabriel/Disk/Research/research-javascript-test-smells/repositories/bootstrap-vue-dev/src/components/nav/nav-item-dropdown.spec.js,Duplicate Assert,"{'line': 26, 'column': 4, 'index': 1080}","  24 |     expect($toggle.attributes('href')).toEqual('#')
  25 |     expect($toggle.classes()).toContain('dropdown-toggle')
> 26 |     expect($toggle.classes()).toContain('nav-link')
     |    ^ Duplicate Assert
  27 |
  28 |     const $menu = wrapper.find('.dropdown-menu')
  29 |     expect($menu.element.tagName).toBe('UL')"
/home/gabriel/Disk/Research/research-javascript-test-smells/repositories/bootstrap-vue-dev/src/components/nav/nav-item-dropdown.spec.js,Duplicate Assert,"{'line': 203, 'column': 4, 'index': 5658}","  201 |
  202 |     expect(wrapper.vm).toBeDefined()
> 203 |     expect(wrapper.vm.visible).toBe(false)
      |    ^ Duplicate Assert
  204 |     await waitNT(wrapper.vm)
  205 |
  206 |     const $menu = wrapper.find('.dropdown-menu')"
/home/gabriel/Disk/Research/research-javascript-test-smells/repositories/bootstrap-vue-dev/src/components/nav/nav-item-dropdown.spec.js,Duplicate Assert,"{'line': 203, 'column': 4, 'index': 5658}","  201 |
  202 |     expect(wrapper.vm).toBeDefined()
> 203 |     expect(wrapper.vm.visible).toBe(false)
      |    ^ Duplicate Assert
  204 |     await waitNT(wrapper.vm)
  205 |
  206 |     const $menu = wrapper.find('.dropdown-menu')"
/home/gabriel/Disk/Research/research-javascript-test-smells/repositories/bootstrap-vue-dev/src/components/nav/nav-item-dropdown.spec.js,Duplicate Assert,"{'line': 207, 'column': 4, 'index': 5780}","  205 |
  206 |     const $menu = wrapper.find('.dropdown-menu')
> 207 |     expect($menu.find('div').exists()).toBe(false)
      |    ^ Duplicate Assert
  208 |
  209 |     wrapper.vm.show()
  210 |     await waitNT(wrapper.vm)"
/home/gabriel/Disk/Research/research-javascript-test-smells/repositories/bootstrap-vue-dev/src/components/nav/nav-item-dropdown.spec.js,Duplicate Assert,"{'line': 207, 'column': 4, 'index': 5780}","  205 |
  206 |     const $menu = wrapper.find('.dropdown-menu')
> 207 |     expect($menu.find('div').exists()).toBe(false)
      |    ^ Duplicate Assert
  208 |
  209 |     wrapper.vm.show()
  210 |     await waitNT(wrapper.vm)"
/home/gabriel/Disk/Research/research-javascript-test-smells/repositories/bootstrap-vue-dev/src/components/nav/nav-item-dropdown.spec.js,Duplicate Assert,"{'line': 212, 'column': 4, 'index': 5903}","  210 |     await waitNT(wrapper.vm)
  211 |     await waitRAF()
> 212 |     expect(wrapper.vm.visible).toBe(true)
      |    ^ Duplicate Assert
  213 |     expect($menu.find('div').exists()).toBe(true)
  214 |     expect($menu.text()).toEqual('bar')
  215 |"
/home/gabriel/Disk/Research/research-javascript-test-smells/repositories/bootstrap-vue-dev/src/components/nav/nav-item-dropdown.spec.js,Duplicate Assert,"{'line': 213, 'column': 4, 'index': 5945}","  211 |     await waitRAF()
  212 |     expect(wrapper.vm.visible).toBe(true)
> 213 |     expect($menu.find('div').exists()).toBe(true)
      |    ^ Duplicate Assert
  214 |     expect($menu.text()).toEqual('bar')
  215 |
  216 |     wrapper.vm.hide()"
/home/gabriel/Disk/Research/research-javascript-test-smells/repositories/bootstrap-vue-dev/src/components/nav/nav-item-dropdown.spec.js,Duplicate Assert,"{'line': 219, 'column': 4, 'index': 6107}","  217 |     await waitNT(wrapper.vm)
  218 |     await waitRAF()
> 219 |     expect(wrapper.vm.visible).toBe(false)
      |    ^ Duplicate Assert
  220 |     expect($menu.find('div').exists()).toBe(false)
  221 |
  222 |     wrapper.destroy()"
/home/gabriel/Disk/Research/research-javascript-test-smells/repositories/bootstrap-vue-dev/src/components/nav/nav-item-dropdown.spec.js,Duplicate Assert,"{'line': 219, 'column': 4, 'index': 6107}","  217 |     await waitNT(wrapper.vm)
  218 |     await waitRAF()
> 219 |     expect(wrapper.vm.visible).toBe(false)
      |    ^ Duplicate Assert
  220 |     expect($menu.find('div').exists()).toBe(false)
  221 |
  222 |     wrapper.destroy()"
/home/gabriel/Disk/Research/research-javascript-test-smells/repositories/bootstrap-vue-dev/src/components/nav/nav-item-dropdown.spec.js,Duplicate Assert,"{'line': 220, 'column': 4, 'index': 6150}","  218 |     await waitRAF()
  219 |     expect(wrapper.vm.visible).toBe(false)
> 220 |     expect($menu.find('div').exists()).toBe(false)
      |    ^ Duplicate Assert
  221 |
  222 |     wrapper.destroy()
  223 |   })"
/home/gabriel/Disk/Research/research-javascript-test-smells/repositories/bootstrap-vue-dev/src/components/nav/nav-item-dropdown.spec.js,Duplicate Assert,"{'line': 220, 'column': 4, 'index': 6150}","  218 |     await waitRAF()
  219 |     expect(wrapper.vm.visible).toBe(false)
> 220 |     expect($menu.find('div').exists()).toBe(false)
      |    ^ Duplicate Assert
  221 |
  222 |     wrapper.destroy()
  223 |   })"
/home/gabriel/Disk/Research/research-javascript-test-smells/repositories/bootstrap-vue-dev/src/components/nav/nav-item-dropdown.spec.js,Duplicate Assert,"{'line': 232, 'column': 4, 'index': 6451}","  230 |
  231 |     const $toggle = wrapper.find('.dropdown-toggle')
> 232 |     expect(wrapper.vm.visible).toBe(false)
      |    ^ Duplicate Assert
  233 |     expect($toggle.attributes('aria-expanded')).toEqual('false')
  234 |
  235 |     await $toggle.trigger('click')"
/home/gabriel/Disk/Research/research-javascript-test-smells/repositories/bootstrap-vue-dev/src/components/nav/nav-item-dropdown.spec.js,Duplicate Assert,"{'line': 232, 'column': 4, 'index': 6451}","  230 |
  231 |     const $toggle = wrapper.find('.dropdown-toggle')
> 232 |     expect(wrapper.vm.visible).toBe(false)
      |    ^ Duplicate Assert
  233 |     expect($toggle.attributes('aria-expanded')).toEqual('false')
  234 |
  235 |     await $toggle.trigger('click')"
/home/gabriel/Disk/Research/research-javascript-test-smells/repositories/bootstrap-vue-dev/src/components/nav/nav-item-dropdown.spec.js,Duplicate Assert,"{'line': 233, 'column': 4, 'index': 6494}","  231 |     const $toggle = wrapper.find('.dropdown-toggle')
  232 |     expect(wrapper.vm.visible).toBe(false)
> 233 |     expect($toggle.attributes('aria-expanded')).toEqual('false')
      |    ^ Duplicate Assert
  234 |
  235 |     await $toggle.trigger('click')
  236 |     await waitRAF()"
/home/gabriel/Disk/Research/research-javascript-test-smells/repositories/bootstrap-vue-dev/src/components/nav/nav-item-dropdown.spec.js,Duplicate Assert,"{'line': 233, 'column': 4, 'index': 6494}","  231 |     const $toggle = wrapper.find('.dropdown-toggle')
  232 |     expect(wrapper.vm.visible).toBe(false)
> 233 |     expect($toggle.attributes('aria-expanded')).toEqual('false')
      |    ^ Duplicate Assert
  234 |
  235 |     await $toggle.trigger('click')
  236 |     await waitRAF()"
/home/gabriel/Disk/Research/research-javascript-test-smells/repositories/bootstrap-vue-dev/src/components/nav/nav-item-dropdown.spec.js,Duplicate Assert,"{'line': 237, 'column': 4, 'index': 6615}","  235 |     await $toggle.trigger('click')
  236 |     await waitRAF()
> 237 |     expect(wrapper.vm.visible).toBe(true)
      |    ^ Duplicate Assert
  238 |     expect($toggle.attributes('aria-expanded')).toEqual('true')
  239 |
  240 |     await $toggle.trigger('click')"
/home/gabriel/Disk/Research/research-javascript-test-smells/repositories/bootstrap-vue-dev/src/components/nav/nav-item-dropdown.spec.js,Duplicate Assert,"{'line': 238, 'column': 4, 'index': 6657}","  236 |     await waitRAF()
  237 |     expect(wrapper.vm.visible).toBe(true)
> 238 |     expect($toggle.attributes('aria-expanded')).toEqual('true')
      |    ^ Duplicate Assert
  239 |
  240 |     await $toggle.trigger('click')
  241 |     await waitRAF()"
/home/gabriel/Disk/Research/research-javascript-test-smells/repositories/bootstrap-vue-dev/src/components/nav/nav-item-dropdown.spec.js,Duplicate Assert,"{'line': 242, 'column': 4, 'index': 6777}","  240 |     await $toggle.trigger('click')
  241 |     await waitRAF()
> 242 |     expect(wrapper.vm.visible).toBe(false)
      |    ^ Duplicate Assert
  243 |     expect($toggle.attributes('aria-expanded')).toEqual('false')
  244 |
  245 |     wrapper.destroy()"
/home/gabriel/Disk/Research/research-javascript-test-smells/repositories/bootstrap-vue-dev/src/components/nav/nav-item-dropdown.spec.js,Duplicate Assert,"{'line': 242, 'column': 4, 'index': 6777}","  240 |     await $toggle.trigger('click')
  241 |     await waitRAF()
> 242 |     expect(wrapper.vm.visible).toBe(false)
      |    ^ Duplicate Assert
  243 |     expect($toggle.attributes('aria-expanded')).toEqual('false')
  244 |
  245 |     wrapper.destroy()"
/home/gabriel/Disk/Research/research-javascript-test-smells/repositories/bootstrap-vue-dev/src/components/nav/nav-item-dropdown.spec.js,Duplicate Assert,"{'line': 243, 'column': 4, 'index': 6820}","  241 |     await waitRAF()
  242 |     expect(wrapper.vm.visible).toBe(false)
> 243 |     expect($toggle.attributes('aria-expanded')).toEqual('false')
      |    ^ Duplicate Assert
  244 |
  245 |     wrapper.destroy()
  246 |   })"
/home/gabriel/Disk/Research/research-javascript-test-smells/repositories/bootstrap-vue-dev/src/components/nav/nav-item-dropdown.spec.js,Duplicate Assert,"{'line': 243, 'column': 4, 'index': 6820}","  241 |     await waitRAF()
  242 |     expect(wrapper.vm.visible).toBe(false)
> 243 |     expect($toggle.attributes('aria-expanded')).toEqual('false')
      |    ^ Duplicate Assert
  244 |
  245 |     wrapper.destroy()
  246 |   })"
/home/gabriel/Disk/Research/research-javascript-test-smells/repositories/bootstrap-vue-dev/src/components/nav/nav-item-dropdown.spec.js,Magic Number,"{'line': 262, 'column': 50, 'index': 7322}","  260 |     await $toggle.trigger('click')
  261 |     expect(wrapper.emitted('toggle')).toBeDefined()
> 262 |     expect(wrapper.emitted('toggle').length).toBe(1)
      |                                                  ^ Magic Number
  263 |     expect(wrapper.emitted('toggle')[0]).toBeDefined()
  264 |     expect(wrapper.emitted('toggle')[0][0].defaultPrevented).toBe(true)
  265 |"
/home/gabriel/Disk/Research/research-javascript-test-smells/repositories/bootstrap-vue-dev/src/components/nav/nav-form.spec.js,Duplicate Assert,"{'line': 86, 'column': 4, 'index': 2300}","  84 |     expect($form.text()).toEqual('foobar')
  85 |
> 86 |     expect(onSubmit).not.toHaveBeenCalled()
     |    ^ Duplicate Assert
  87 |
  88 |     await $form.trigger('submit')
  89 |     expect(onSubmit).toHaveBeenCalled()"
/home/gabriel/Disk/Research/research-javascript-test-smells/repositories/bootstrap-vue-dev/src/components/nav/nav-form.spec.js,Duplicate Assert,"{'line': 89, 'column': 4, 'index': 2379}","  87 |
  88 |     await $form.trigger('submit')
> 89 |     expect(onSubmit).toHaveBeenCalled()
     |    ^ Duplicate Assert
  90 |
  91 |     wrapper.destroy()
  92 |   })"
/home/gabriel/Disk/Research/research-javascript-test-smells/repositories/bootstrap-vue-dev/src/components/nav/nav-form.spec.js,Magic Number,"{'line': 10, 'column': 42, 'index': 348}","   8 |     expect(wrapper.element.tagName).toBe('LI')
   9 |     expect(wrapper.classes()).toContain('form-inline')
> 10 |     expect(wrapper.classes().length).toBe(1)
     |                                          ^ Magic Number
  11 |
  12 |     const $form = wrapper.find('form')
  13 |     expect($form.exists()).toBe(true)"
/home/gabriel/Disk/Research/research-javascript-test-smells/repositories/bootstrap-vue-dev/src/components/nav/nav-form.spec.js,Magic Number,"{'line': 15, 'column': 40, 'index': 522}","  13 |     expect($form.exists()).toBe(true)
  14 |     expect($form.classes()).toContain('form-inline')
> 15 |     expect($form.classes().length).toBe(1)
     |                                        ^ Magic Number
  16 |     expect(wrapper.text()).toEqual('')
  17 |
  18 |     wrapper.destroy()"
/home/gabriel/Disk/Research/research-javascript-test-smells/repositories/bootstrap-vue-dev/src/components/nav/nav-form.spec.js,Magic Number,"{'line': 30, 'column': 42, 'index': 883}","  28 |     expect(wrapper.element.tagName).toBe('LI')
  29 |     expect(wrapper.classes()).toContain('form-inline')
> 30 |     expect(wrapper.classes().length).toBe(1)
     |                                          ^ Magic Number
  31 |
  32 |     const $form = wrapper.find('form')
  33 |     expect($form.exists()).toBe(true)"
/home/gabriel/Disk/Research/research-javascript-test-smells/repositories/bootstrap-vue-dev/src/components/nav/nav-form.spec.js,Magic Number,"{'line': 52, 'column': 42, 'index': 1435}","  50 |     expect(wrapper.element.tagName).toBe('LI')
  51 |     expect(wrapper.classes()).toContain('form-inline')
> 52 |     expect(wrapper.classes().length).toBe(1)
     |                                          ^ Magic Number
  53 |
  54 |     const $form = wrapper.find('form')
  55 |     expect($form.exists()).toBe(true)"
/home/gabriel/Disk/Research/research-javascript-test-smells/repositories/bootstrap-vue-dev/src/components/nav/nav-form.spec.js,Magic Number,"{'line': 79, 'column': 42, 'index': 2118}","  77 |     expect(wrapper.element.tagName).toBe('LI')
  78 |     expect(wrapper.classes()).toContain('form-inline')
> 79 |     expect(wrapper.classes().length).toBe(1)
     |                                          ^ Magic Number
  80 |
  81 |     const $form = wrapper.find('form')
  82 |     expect($form.exists()).toBe(true)"
/home/gabriel/Disk/Research/research-javascript-test-smells/repositories/bootstrap-vue-dev/src/components/modal/modal.spec.js,Conditional Test Logic,"{'line': 180, 'column': 6, 'index': 5727}","  178 |
  179 |       expect(getInstanceFromVNode(outer)).toBeDefined() // Target
> 180 |       if (!isVue3) {
      |      ^ Conditional Test Logic
  181 |         expect(getInstanceFromVNode(outer).$options.name).toBe('BVTransporterTarget')
  182 |       }
  183 |       expect(outer.parentElement).toBeDefined()"
/home/gabriel/Disk/Research/research-javascript-test-smells/repositories/bootstrap-vue-dev/src/components/modal/modal.spec.js,Conditional Test Logic,"{'line': 443, 'column': 12, 'index': 13581}","  441 |         listeners: {
  442 |           hide: bvEvent => {
> 443 |             if (cancelHide) {
      |            ^ Conditional Test Logic
  444 |               bvEvent.preventDefault()
  445 |             }
  446 |             trigger = bvEvent.trigger"
/home/gabriel/Disk/Research/research-javascript-test-smells/repositories/bootstrap-vue-dev/src/components/modal/modal.spec.js,Conditional Test Logic,"{'line': 521, 'column': 12, 'index': 15737}","  519 |         listeners: {
  520 |           hide: bvEvent => {
> 521 |             if (cancelHide) {
      |            ^ Conditional Test Logic
  522 |               bvEvent.preventDefault()
  523 |             }
  524 |             trigger = bvEvent.trigger"
/home/gabriel/Disk/Research/research-javascript-test-smells/repositories/bootstrap-vue-dev/src/components/modal/modal.spec.js,Conditional Test Logic,"{'line': 914, 'column': 8, 'index': 26411}","  912 |       wrapper.vm.$on('show', bvEvent => {
  913 |         called = true
> 914 |         if (prevent) {
      |        ^ Conditional Test Logic
  915 |           bvEvent.preventDefault()
  916 |         }
  917 |       })"
/home/gabriel/Disk/Research/research-javascript-test-smells/repositories/bootstrap-vue-dev/src/components/modal/modal.spec.js,Duplicate Assert,"{'line': 56, 'column': 6, 'index': 1676}","  54 |       const $modal = wrapper.find('div.modal')
  55 |       expect($modal.exists()).toBe(true)
> 56 |       expect($modal.attributes('id')).toBeDefined()
     |      ^ Duplicate Assert
  57 |       expect($modal.attributes('id')).toEqual('test')
  58 |       expect($modal.attributes('role')).toBeDefined()
  59 |       expect($modal.attributes('role')).toEqual('dialog')"
/home/gabriel/Disk/Research/research-javascript-test-smells/repositories/bootstrap-vue-dev/src/components/modal/modal.spec.js,Duplicate Assert,"{'line': 57, 'column': 6, 'index': 1728}","  55 |       expect($modal.exists()).toBe(true)
  56 |       expect($modal.attributes('id')).toBeDefined()
> 57 |       expect($modal.attributes('id')).toEqual('test')
     |      ^ Duplicate Assert
  58 |       expect($modal.attributes('role')).toBeDefined()
  59 |       expect($modal.attributes('role')).toEqual('dialog')
  60 |       expect($modal.attributes('aria-hidden')).toBeDefined()"
/home/gabriel/Disk/Research/research-javascript-test-smells/repositories/bootstrap-vue-dev/src/components/modal/modal.spec.js,Duplicate Assert,"{'line': 58, 'column': 6, 'index': 1782}","  56 |       expect($modal.attributes('id')).toBeDefined()
  57 |       expect($modal.attributes('id')).toEqual('test')
> 58 |       expect($modal.attributes('role')).toBeDefined()
     |      ^ Duplicate Assert
  59 |       expect($modal.attributes('role')).toEqual('dialog')
  60 |       expect($modal.attributes('aria-hidden')).toBeDefined()
  61 |       expect($modal.attributes('aria-hidden')).toEqual('true')"
/home/gabriel/Disk/Research/research-javascript-test-smells/repositories/bootstrap-vue-dev/src/components/modal/modal.spec.js,Duplicate Assert,"{'line': 59, 'column': 6, 'index': 1836}","  57 |       expect($modal.attributes('id')).toEqual('test')
  58 |       expect($modal.attributes('role')).toBeDefined()
> 59 |       expect($modal.attributes('role')).toEqual('dialog')
     |      ^ Duplicate Assert
  60 |       expect($modal.attributes('aria-hidden')).toBeDefined()
  61 |       expect($modal.attributes('aria-hidden')).toEqual('true')
  62 |       expect($modal.classes()).toContain('modal')"
/home/gabriel/Disk/Research/research-javascript-test-smells/repositories/bootstrap-vue-dev/src/components/modal/modal.spec.js,Duplicate Assert,"{'line': 60, 'column': 6, 'index': 1894}","  58 |       expect($modal.attributes('role')).toBeDefined()
  59 |       expect($modal.attributes('role')).toEqual('dialog')
> 60 |       expect($modal.attributes('aria-hidden')).toBeDefined()
     |      ^ Duplicate Assert
  61 |       expect($modal.attributes('aria-hidden')).toEqual('true')
  62 |       expect($modal.classes()).toContain('modal')
  63 |       expect($modal.element.style.display).toEqual('none')"
/home/gabriel/Disk/Research/research-javascript-test-smells/repositories/bootstrap-vue-dev/src/components/modal/modal.spec.js,Duplicate Assert,"{'line': 61, 'column': 6, 'index': 1955}","  59 |       expect($modal.attributes('role')).toEqual('dialog')
  60 |       expect($modal.attributes('aria-hidden')).toBeDefined()
> 61 |       expect($modal.attributes('aria-hidden')).toEqual('true')
     |      ^ Duplicate Assert
  62 |       expect($modal.classes()).toContain('modal')
  63 |       expect($modal.element.style.display).toEqual('none')
  64 |"
/home/gabriel/Disk/Research/research-javascript-test-smells/repositories/bootstrap-vue-dev/src/components/modal/modal.spec.js,Duplicate Assert,"{'line': 72, 'column': 6, 'index': 2386}","  70 |       const $content = $dialog.find('div.modal-content')
  71 |       expect($content.exists()).toBe(true)
> 72 |       expect($content.attributes('tabindex')).toBeDefined()
     |      ^ Duplicate Assert
  73 |       expect($content.attributes('tabindex')).toEqual('-1')
  74 |
  75 |       wrapper.destroy()"
/home/gabriel/Disk/Research/research-javascript-test-smells/repositories/bootstrap-vue-dev/src/components/modal/modal.spec.js,Duplicate Assert,"{'line': 73, 'column': 6, 'index': 2446}","  71 |       expect($content.exists()).toBe(true)
  72 |       expect($content.attributes('tabindex')).toBeDefined()
> 73 |       expect($content.attributes('tabindex')).toEqual('-1')
     |      ^ Duplicate Assert
  74 |
  75 |       wrapper.destroy()
  76 |     })"
/home/gabriel/Disk/Research/research-javascript-test-smells/repositories/bootstrap-vue-dev/src/components/modal/modal.spec.js,Duplicate Assert,"{'line': 133, 'column': 6, 'index': 4050}","  131 |       const $modal = wrapper.find('div.modal')
  132 |       expect($modal.exists()).toBe(true)
> 133 |       expect($modal.attributes('id')).toBeDefined()
      |      ^ Duplicate Assert
  134 |       expect($modal.attributes('id')).toEqual('test')
  135 |       expect($modal.attributes('role')).toBeDefined()
  136 |       expect($modal.attributes('role')).toEqual('dialog')"
/home/gabriel/Disk/Research/research-javascript-test-smells/repositories/bootstrap-vue-dev/src/components/modal/modal.spec.js,Duplicate Assert,"{'line': 134, 'column': 6, 'index': 4102}","  132 |       expect($modal.exists()).toBe(true)
  133 |       expect($modal.attributes('id')).toBeDefined()
> 134 |       expect($modal.attributes('id')).toEqual('test')
      |      ^ Duplicate Assert
  135 |       expect($modal.attributes('role')).toBeDefined()
  136 |       expect($modal.attributes('role')).toEqual('dialog')
  137 |       expect($modal.attributes('aria-hidden')).toBeUndefined()"
/home/gabriel/Disk/Research/research-javascript-test-smells/repositories/bootstrap-vue-dev/src/components/modal/modal.spec.js,Duplicate Assert,"{'line': 135, 'column': 6, 'index': 4156}","  133 |       expect($modal.attributes('id')).toBeDefined()
  134 |       expect($modal.attributes('id')).toEqual('test')
> 135 |       expect($modal.attributes('role')).toBeDefined()
      |      ^ Duplicate Assert
  136 |       expect($modal.attributes('role')).toEqual('dialog')
  137 |       expect($modal.attributes('aria-hidden')).toBeUndefined()
  138 |       expect($modal.attributes('aria-modal')).toBeDefined()"
/home/gabriel/Disk/Research/research-javascript-test-smells/repositories/bootstrap-vue-dev/src/components/modal/modal.spec.js,Duplicate Assert,"{'line': 136, 'column': 6, 'index': 4210}","  134 |       expect($modal.attributes('id')).toEqual('test')
  135 |       expect($modal.attributes('role')).toBeDefined()
> 136 |       expect($modal.attributes('role')).toEqual('dialog')
      |      ^ Duplicate Assert
  137 |       expect($modal.attributes('aria-hidden')).toBeUndefined()
  138 |       expect($modal.attributes('aria-modal')).toBeDefined()
  139 |       expect($modal.attributes('aria-modal')).toEqual('true')"
/home/gabriel/Disk/Research/research-javascript-test-smells/repositories/bootstrap-vue-dev/src/components/modal/modal.spec.js,Duplicate Assert,"{'line': 138, 'column': 6, 'index': 4331}","  136 |       expect($modal.attributes('role')).toEqual('dialog')
  137 |       expect($modal.attributes('aria-hidden')).toBeUndefined()
> 138 |       expect($modal.attributes('aria-modal')).toBeDefined()
      |      ^ Duplicate Assert
  139 |       expect($modal.attributes('aria-modal')).toEqual('true')
  140 |       expect($modal.classes()).toContain('modal')
  141 |       expect($modal.element.style.display).toEqual('block')"
/home/gabriel/Disk/Research/research-javascript-test-smells/repositories/bootstrap-vue-dev/src/components/modal/modal.spec.js,Duplicate Assert,"{'line': 139, 'column': 6, 'index': 4391}","  137 |       expect($modal.attributes('aria-hidden')).toBeUndefined()
  138 |       expect($modal.attributes('aria-modal')).toBeDefined()
> 139 |       expect($modal.attributes('aria-modal')).toEqual('true')
      |      ^ Duplicate Assert
  140 |       expect($modal.classes()).toContain('modal')
  141 |       expect($modal.element.style.display).toEqual('block')
  142 |"
/home/gabriel/Disk/Research/research-javascript-test-smells/repositories/bootstrap-vue-dev/src/components/modal/modal.spec.js,Duplicate Assert,"{'line': 154, 'column': 6, 'index': 4958}","  152 |       const $content = $dialog.find('div.modal-content')
  153 |       expect($content.exists()).toBe(true)
> 154 |       expect($content.attributes('tabindex')).toBeDefined()
      |      ^ Duplicate Assert
  155 |       expect($content.attributes('tabindex')).toEqual('-1')
  156 |
  157 |       wrapper.destroy()"
/home/gabriel/Disk/Research/research-javascript-test-smells/repositories/bootstrap-vue-dev/src/components/modal/modal.spec.js,Duplicate Assert,"{'line': 155, 'column': 6, 'index': 5018}","  153 |       expect($content.exists()).toBe(true)
  154 |       expect($content.attributes('tabindex')).toBeDefined()
> 155 |       expect($content.attributes('tabindex')).toEqual('-1')
      |      ^ Duplicate Assert
  156 |
  157 |       wrapper.destroy()
  158 |     })"
/home/gabriel/Disk/Research/research-javascript-test-smells/repositories/bootstrap-vue-dev/src/components/modal/modal.spec.js,Duplicate Assert,"{'line': 176, 'column': 6, 'index': 5591}","  174 |
  175 |       const outer = document.getElementById('test-target___BV_modal_outer_')
> 176 |       expect(outer).toBeDefined()
      |      ^ Duplicate Assert
  177 |       expect(outer).not.toBe(null)
  178 |
  179 |       expect(getInstanceFromVNode(outer)).toBeDefined() // Target"
/home/gabriel/Disk/Research/research-javascript-test-smells/repositories/bootstrap-vue-dev/src/components/modal/modal.spec.js,Duplicate Assert,"{'line': 177, 'column': 6, 'index': 5625}","  175 |       const outer = document.getElementById('test-target___BV_modal_outer_')
  176 |       expect(outer).toBeDefined()
> 177 |       expect(outer).not.toBe(null)
      |      ^ Duplicate Assert
  178 |
  179 |       expect(getInstanceFromVNode(outer)).toBeDefined() // Target
  180 |       if (!isVue3) {"
/home/gabriel/Disk/Research/research-javascript-test-smells/repositories/bootstrap-vue-dev/src/components/modal/modal.spec.js,Duplicate Assert,"{'line': 183, 'column': 6, 'index': 5842}","  181 |         expect(getInstanceFromVNode(outer).$options.name).toBe('BVTransporterTarget')
  182 |       }
> 183 |       expect(outer.parentElement).toBeDefined()
      |      ^ Duplicate Assert
  184 |       expect(outer.parentElement).toBe(document.body)
  185 |
  186 |       // Destroy modal"
/home/gabriel/Disk/Research/research-javascript-test-smells/repositories/bootstrap-vue-dev/src/components/modal/modal.spec.js,Duplicate Assert,"{'line': 184, 'column': 6, 'index': 5890}","  182 |       }
  183 |       expect(outer.parentElement).toBeDefined()
> 184 |       expect(outer.parentElement).toBe(document.body)
      |      ^ Duplicate Assert
  185 |
  186 |       // Destroy modal
  187 |       wrapper.destroy()"
/home/gabriel/Disk/Research/research-javascript-test-smells/repositories/bootstrap-vue-dev/src/components/modal/modal.spec.js,Duplicate Assert,"{'line': 193, 'column': 6, 'index': 6088}","  191 |
  192 |       // Should no longer be in document
> 193 |       expect(outer.parentElement).toEqual(null)
      |      ^ Duplicate Assert
  194 |     })
  195 |
  196 |     it('has expected structure when closed after being initially open', async () => {"
/home/gabriel/Disk/Research/research-javascript-test-smells/repositories/bootstrap-vue-dev/src/components/modal/modal.spec.js,Duplicate Assert,"{'line': 220, 'column': 6, 'index': 6926}","  218 |       const $modal = wrapper.find('div.modal')
  219 |       expect($modal.exists()).toBe(true)
> 220 |       expect($modal.attributes('aria-hidden')).toBeUndefined()
      |      ^ Duplicate Assert
  221 |       expect($modal.attributes('aria-modal')).toBeDefined()
  222 |       expect($modal.attributes('aria-modal')).toEqual('true')
  223 |       expect($modal.element.style.display).toEqual('block')"
/home/gabriel/Disk/Research/research-javascript-test-smells/repositories/bootstrap-vue-dev/src/components/modal/modal.spec.js,Duplicate Assert,"{'line': 221, 'column': 6, 'index': 6989}","  219 |       expect($modal.exists()).toBe(true)
  220 |       expect($modal.attributes('aria-hidden')).toBeUndefined()
> 221 |       expect($modal.attributes('aria-modal')).toBeDefined()
      |      ^ Duplicate Assert
  222 |       expect($modal.attributes('aria-modal')).toEqual('true')
  223 |       expect($modal.element.style.display).toEqual('block')
  224 |"
/home/gabriel/Disk/Research/research-javascript-test-smells/repositories/bootstrap-vue-dev/src/components/modal/modal.spec.js,Duplicate Assert,"{'line': 222, 'column': 6, 'index': 7049}","  220 |       expect($modal.attributes('aria-hidden')).toBeUndefined()
  221 |       expect($modal.attributes('aria-modal')).toBeDefined()
> 222 |       expect($modal.attributes('aria-modal')).toEqual('true')
      |      ^ Duplicate Assert
  223 |       expect($modal.element.style.display).toEqual('block')
  224 |
  225 |       // Should have a backdrop"
/home/gabriel/Disk/Research/research-javascript-test-smells/repositories/bootstrap-vue-dev/src/components/modal/modal.spec.js,Duplicate Assert,"{'line': 223, 'column': 6, 'index': 7111}","  221 |       expect($modal.attributes('aria-modal')).toBeDefined()
  222 |       expect($modal.attributes('aria-modal')).toEqual('true')
> 223 |       expect($modal.element.style.display).toEqual('block')
      |      ^ Duplicate Assert
  224 |
  225 |       // Should have a backdrop
  226 |       const $backdrop = wrapper.find('div.modal-backdrop')"
/home/gabriel/Disk/Research/research-javascript-test-smells/repositories/bootstrap-vue-dev/src/components/modal/modal.spec.js,Duplicate Assert,"{'line': 238, 'column': 6, 'index': 7529}","  236 |       await waitRAF()
  237 |
> 238 |       expect($modal.attributes('aria-hidden')).toBeDefined()
      |      ^ Duplicate Assert
  239 |       expect($modal.attributes('aria-hidden')).toEqual('true')
  240 |       expect($modal.attributes('aria-modal')).toBeUndefined()
  241 |       expect($modal.element.style.display).toEqual('none')"
/home/gabriel/Disk/Research/research-javascript-test-smells/repositories/bootstrap-vue-dev/src/components/modal/modal.spec.js,Duplicate Assert,"{'line': 239, 'column': 6, 'index': 7590}","  237 |
  238 |       expect($modal.attributes('aria-hidden')).toBeDefined()
> 239 |       expect($modal.attributes('aria-hidden')).toEqual('true')
      |      ^ Duplicate Assert
  240 |       expect($modal.attributes('aria-modal')).toBeUndefined()
  241 |       expect($modal.element.style.display).toEqual('none')
  242 |"
/home/gabriel/Disk/Research/research-javascript-test-smells/repositories/bootstrap-vue-dev/src/components/modal/modal.spec.js,Duplicate Assert,"{'line': 240, 'column': 6, 'index': 7653}","  238 |       expect($modal.attributes('aria-hidden')).toBeDefined()
  239 |       expect($modal.attributes('aria-hidden')).toEqual('true')
> 240 |       expect($modal.attributes('aria-modal')).toBeUndefined()
      |      ^ Duplicate Assert
  241 |       expect($modal.element.style.display).toEqual('none')
  242 |
  243 |       // Backdrop should be removed"
/home/gabriel/Disk/Research/research-javascript-test-smells/repositories/bootstrap-vue-dev/src/components/modal/modal.spec.js,Duplicate Assert,"{'line': 241, 'column': 6, 'index': 7715}","  239 |       expect($modal.attributes('aria-hidden')).toEqual('true')
  240 |       expect($modal.attributes('aria-modal')).toBeUndefined()
> 241 |       expect($modal.element.style.display).toEqual('none')
      |      ^ Duplicate Assert
  242 |
  243 |       // Backdrop should be removed
  244 |       expect(wrapper.find('div.modal-backdrop').exists()).toBe(false)"
/home/gabriel/Disk/Research/research-javascript-test-smells/repositories/bootstrap-vue-dev/src/components/modal/modal.spec.js,Duplicate Assert,"{'line': 329, 'column': 6, 'index': 10076}","  327 |       const $cancel = $buttons.at(0)
  328 |       expect($cancel.attributes('type')).toBe('button')
> 329 |       expect($cancel.classes()).toContain('btn')
      |      ^ Duplicate Assert
  330 |       expect($cancel.classes()).toContain('btn-secondary')
  331 |       expect($cancel.text()).toContain('Cancel')
  332 |"
/home/gabriel/Disk/Research/research-javascript-test-smells/repositories/bootstrap-vue-dev/src/components/modal/modal.spec.js,Duplicate Assert,"{'line': 330, 'column': 6, 'index': 10125}","  328 |       expect($cancel.attributes('type')).toBe('button')
  329 |       expect($cancel.classes()).toContain('btn')
> 330 |       expect($cancel.classes()).toContain('btn-secondary')
      |      ^ Duplicate Assert
  331 |       expect($cancel.text()).toContain('Cancel')
  332 |
  333 |       // OK button (right-most button)"
/home/gabriel/Disk/Research/research-javascript-test-smells/repositories/bootstrap-vue-dev/src/components/modal/modal.spec.js,Duplicate Assert,"{'line': 336, 'column': 6, 'index': 10358}","  334 |       const $ok = $buttons.at(1)
  335 |       expect($ok.attributes('type')).toBe('button')
> 336 |       expect($ok.classes()).toContain('btn')
      |      ^ Duplicate Assert
  337 |       expect($ok.classes()).toContain('btn-primary')
  338 |       expect($ok.text()).toContain('OK')
  339 |"
/home/gabriel/Disk/Research/research-javascript-test-smells/repositories/bootstrap-vue-dev/src/components/modal/modal.spec.js,Duplicate Assert,"{'line': 337, 'column': 6, 'index': 10403}","  335 |       expect($ok.attributes('type')).toBe('button')
  336 |       expect($ok.classes()).toContain('btn')
> 337 |       expect($ok.classes()).toContain('btn-primary')
      |      ^ Duplicate Assert
  338 |       expect($ok.text()).toContain('OK')
  339 |
  340 |       wrapper.destroy()"
/home/gabriel/Disk/Research/research-javascript-test-smells/repositories/bootstrap-vue-dev/src/components/modal/modal.spec.js,Duplicate Assert,"{'line': 462, 'column': 6, 'index': 13992}","  460 |       expect($modal.exists()).toBe(true)
  461 |
> 462 |       expect($modal.element.style.display).toEqual('block')
      |      ^ Duplicate Assert
  463 |
  464 |       const $buttons = wrapper.findAll('header button')
  465 |       expect($buttons.length).toBe(1)"
/home/gabriel/Disk/Research/research-javascript-test-smells/repositories/bootstrap-vue-dev/src/components/modal/modal.spec.js,Duplicate Assert,"{'line': 462, 'column': 6, 'index': 13992}","  460 |       expect($modal.exists()).toBe(true)
  461 |
> 462 |       expect($modal.element.style.display).toEqual('block')
      |      ^ Duplicate Assert
  463 |
  464 |       const $buttons = wrapper.findAll('header button')
  465 |       expect($buttons.length).toBe(1)"
/home/gabriel/Disk/Research/research-javascript-test-smells/repositories/bootstrap-vue-dev/src/components/modal/modal.spec.js,Duplicate Assert,"{'line': 474, 'column': 6, 'index': 14426}","  472 |
  473 |       expect(wrapper.emitted('hide')).toBeUndefined()
> 474 |       expect(trigger).toEqual(null)
      |      ^ Duplicate Assert
  475 |       expect(event).toEqual(null)
  476 |
  477 |       // Try and close modal (but we prevent it)"
/home/gabriel/Disk/Research/research-javascript-test-smells/repositories/bootstrap-vue-dev/src/components/modal/modal.spec.js,Duplicate Assert,"{'line': 475, 'column': 6, 'index': 14462}","  473 |       expect(wrapper.emitted('hide')).toBeUndefined()
  474 |       expect(trigger).toEqual(null)
> 475 |       expect(event).toEqual(null)
      |      ^ Duplicate Assert
  476 |
  477 |       // Try and close modal (but we prevent it)
  478 |       await $close.trigger('click')"
/home/gabriel/Disk/Research/research-javascript-test-smells/repositories/bootstrap-vue-dev/src/components/modal/modal.spec.js,Duplicate Assert,"{'line': 479, 'column': 6, 'index': 14582}","  477 |       // Try and close modal (but we prevent it)
  478 |       await $close.trigger('click')
> 479 |       expect(trigger).toEqual('headerclose')
      |      ^ Duplicate Assert
  480 |       expect(event).toBeInstanceOf(BvModalEvent)
  481 |
  482 |       await waitNT(wrapper.vm)"
/home/gabriel/Disk/Research/research-javascript-test-smells/repositories/bootstrap-vue-dev/src/components/modal/modal.spec.js,Duplicate Assert,"{'line': 479, 'column': 6, 'index': 14582}","  477 |       // Try and close modal (but we prevent it)
  478 |       await $close.trigger('click')
> 479 |       expect(trigger).toEqual('headerclose')
      |      ^ Duplicate Assert
  480 |       expect(event).toBeInstanceOf(BvModalEvent)
  481 |
  482 |       await waitNT(wrapper.vm)"
/home/gabriel/Disk/Research/research-javascript-test-smells/repositories/bootstrap-vue-dev/src/components/modal/modal.spec.js,Duplicate Assert,"{'line': 480, 'column': 6, 'index': 14627}","  478 |       await $close.trigger('click')
  479 |       expect(trigger).toEqual('headerclose')
> 480 |       expect(event).toBeInstanceOf(BvModalEvent)
      |      ^ Duplicate Assert
  481 |
  482 |       await waitNT(wrapper.vm)
  483 |       await waitRAF()"
/home/gabriel/Disk/Research/research-javascript-test-smells/repositories/bootstrap-vue-dev/src/components/modal/modal.spec.js,Duplicate Assert,"{'line': 480, 'column': 6, 'index': 14627}","  478 |       await $close.trigger('click')
  479 |       expect(trigger).toEqual('headerclose')
> 480 |       expect(event).toBeInstanceOf(BvModalEvent)
      |      ^ Duplicate Assert
  481 |
  482 |       await waitNT(wrapper.vm)
  483 |       await waitRAF()"
/home/gabriel/Disk/Research/research-javascript-test-smells/repositories/bootstrap-vue-dev/src/components/modal/modal.spec.js,Duplicate Assert,"{'line': 488, 'column': 6, 'index': 14820}","  486 |
  487 |       // Modal should still be open
> 488 |       expect($modal.element.style.display).toEqual('block')
      |      ^ Duplicate Assert
  489 |
  490 |       // Try and close modal (and not prevent it)
  491 |       cancelHide = false"
/home/gabriel/Disk/Research/research-javascript-test-smells/repositories/bootstrap-vue-dev/src/components/modal/modal.spec.js,Duplicate Assert,"{'line': 488, 'column': 6, 'index': 14820}","  486 |
  487 |       // Modal should still be open
> 488 |       expect($modal.element.style.display).toEqual('block')
      |      ^ Duplicate Assert
  489 |
  490 |       // Try and close modal (and not prevent it)
  491 |       cancelHide = false"
/home/gabriel/Disk/Research/research-javascript-test-smells/repositories/bootstrap-vue-dev/src/components/modal/modal.spec.js,Duplicate Assert,"{'line': 495, 'column': 6, 'index': 15032}","  493 |       event = null
  494 |       await $close.trigger('click')
> 495 |       expect(trigger).toEqual('headerclose')
      |      ^ Duplicate Assert
  496 |       expect(event).toBeInstanceOf(BvModalEvent)
  497 |
  498 |       await waitNT(wrapper.vm)"
/home/gabriel/Disk/Research/research-javascript-test-smells/repositories/bootstrap-vue-dev/src/components/modal/modal.spec.js,Duplicate Assert,"{'line': 495, 'column': 6, 'index': 15032}","  493 |       event = null
  494 |       await $close.trigger('click')
> 495 |       expect(trigger).toEqual('headerclose')
      |      ^ Duplicate Assert
  496 |       expect(event).toBeInstanceOf(BvModalEvent)
  497 |
  498 |       await waitNT(wrapper.vm)"
/home/gabriel/Disk/Research/research-javascript-test-smells/repositories/bootstrap-vue-dev/src/components/modal/modal.spec.js,Duplicate Assert,"{'line': 496, 'column': 6, 'index': 15077}","  494 |       await $close.trigger('click')
  495 |       expect(trigger).toEqual('headerclose')
> 496 |       expect(event).toBeInstanceOf(BvModalEvent)
      |      ^ Duplicate Assert
  497 |
  498 |       await waitNT(wrapper.vm)
  499 |       await waitRAF()"
/home/gabriel/Disk/Research/research-javascript-test-smells/repositories/bootstrap-vue-dev/src/components/modal/modal.spec.js,Duplicate Assert,"{'line': 496, 'column': 6, 'index': 15077}","  494 |       await $close.trigger('click')
  495 |       expect(trigger).toEqual('headerclose')
> 496 |       expect(event).toBeInstanceOf(BvModalEvent)
      |      ^ Duplicate Assert
  497 |
  498 |       await waitNT(wrapper.vm)
  499 |       await waitRAF()"
/home/gabriel/Disk/Research/research-javascript-test-smells/repositories/bootstrap-vue-dev/src/components/modal/modal.spec.js,Duplicate Assert,"{'line': 504, 'column': 6, 'index': 15270}","  502 |
  503 |       // Modal should now be closed
> 504 |       expect($modal.element.style.display).toEqual('none')
      |      ^ Duplicate Assert
  505 |
  506 |       wrapper.destroy()
  507 |     })"
/home/gabriel/Disk/Research/research-javascript-test-smells/repositories/bootstrap-vue-dev/src/components/modal/modal.spec.js,Duplicate Assert,"{'line': 539, 'column': 6, 'index': 16120}","  537 |       expect($modal.exists()).toBe(true)
  538 |
> 539 |       expect($modal.element.style.display).toEqual('block')
      |      ^ Duplicate Assert
  540 |
  541 |       const $buttons = wrapper.findAll('footer button')
  542 |       expect($buttons.length).toBe(2)"
/home/gabriel/Disk/Research/research-javascript-test-smells/repositories/bootstrap-vue-dev/src/components/modal/modal.spec.js,Duplicate Assert,"{'line': 539, 'column': 6, 'index': 16120}","  537 |       expect($modal.exists()).toBe(true)
  538 |
> 539 |       expect($modal.element.style.display).toEqual('block')
      |      ^ Duplicate Assert
  540 |
  541 |       const $buttons = wrapper.findAll('footer button')
  542 |       expect($buttons.length).toBe(2)"
/home/gabriel/Disk/Research/research-javascript-test-smells/repositories/bootstrap-vue-dev/src/components/modal/modal.spec.js,Duplicate Assert,"{'line': 553, 'column': 6, 'index': 16573}","  551 |
  552 |       expect(wrapper.emitted('hide')).toBeUndefined()
> 553 |       expect(trigger).toEqual(null)
      |      ^ Duplicate Assert
  554 |
  555 |       // Try and close modal (but we prevent it)
  556 |       await $ok.trigger('click')"
/home/gabriel/Disk/Research/research-javascript-test-smells/repositories/bootstrap-vue-dev/src/components/modal/modal.spec.js,Duplicate Assert,"{'line': 557, 'column': 6, 'index': 16692}","  555 |       // Try and close modal (but we prevent it)
  556 |       await $ok.trigger('click')
> 557 |       expect(trigger).toEqual('ok')
      |      ^ Duplicate Assert
  558 |
  559 |       await waitNT(wrapper.vm)
  560 |       await waitRAF()"
/home/gabriel/Disk/Research/research-javascript-test-smells/repositories/bootstrap-vue-dev/src/components/modal/modal.spec.js,Duplicate Assert,"{'line': 565, 'column': 6, 'index': 16872}","  563 |
  564 |       // Modal should still be open
> 565 |       expect($modal.element.style.display).toEqual('block')
      |      ^ Duplicate Assert
  566 |
  567 |       // Try and close modal (and not prevent it)
  568 |       cancelHide = false"
/home/gabriel/Disk/Research/research-javascript-test-smells/repositories/bootstrap-vue-dev/src/components/modal/modal.spec.js,Duplicate Assert,"{'line': 565, 'column': 6, 'index': 16872}","  563 |
  564 |       // Modal should still be open
> 565 |       expect($modal.element.style.display).toEqual('block')
      |      ^ Duplicate Assert
  566 |
  567 |       // Try and close modal (and not prevent it)
  568 |       cancelHide = false"
/home/gabriel/Disk/Research/research-javascript-test-smells/repositories/bootstrap-vue-dev/src/components/modal/modal.spec.js,Duplicate Assert,"{'line': 571, 'column': 6, 'index': 17066}","  569 |       trigger = null
  570 |       await $cancel.trigger('click')
> 571 |       expect(trigger).toEqual('cancel')
      |      ^ Duplicate Assert
  572 |
  573 |       await waitNT(wrapper.vm)
  574 |       await waitRAF()"
/home/gabriel/Disk/Research/research-javascript-test-smells/repositories/bootstrap-vue-dev/src/components/modal/modal.spec.js,Duplicate Assert,"{'line': 580, 'column': 6, 'index': 17281}","  578 |
  579 |       // Modal should now be closed
> 580 |       expect($modal.element.style.display).toEqual('none')
      |      ^ Duplicate Assert
  581 |
  582 |       // Modal should have emitted these events
  583 |       expect(wrapper.emitted('ok')).toBeDefined()"
/home/gabriel/Disk/Research/research-javascript-test-smells/repositories/bootstrap-vue-dev/src/components/modal/modal.spec.js,Duplicate Assert,"{'line': 619, 'column': 6, 'index': 18345}","  617 |       expect($modal.exists()).toBe(true)
  618 |
> 619 |       expect($modal.element.style.display).toEqual('block')
      |      ^ Duplicate Assert
  620 |
  621 |       expect(wrapper.emitted('hide')).toBeUndefined()
  622 |       expect(trigger).toEqual(null)"
/home/gabriel/Disk/Research/research-javascript-test-smells/repositories/bootstrap-vue-dev/src/components/modal/modal.spec.js,Duplicate Assert,"{'line': 621, 'column': 6, 'index': 18406}","  619 |       expect($modal.element.style.display).toEqual('block')
  620 |
> 621 |       expect(wrapper.emitted('hide')).toBeUndefined()
      |      ^ Duplicate Assert
  622 |       expect(trigger).toEqual(null)
  623 |
  624 |       // Try and close modal via ESC"
/home/gabriel/Disk/Research/research-javascript-test-smells/repositories/bootstrap-vue-dev/src/components/modal/modal.spec.js,Duplicate Assert,"{'line': 622, 'column': 6, 'index': 18460}","  620 |
  621 |       expect(wrapper.emitted('hide')).toBeUndefined()
> 622 |       expect(trigger).toEqual(null)
      |      ^ Duplicate Assert
  623 |
  624 |       // Try and close modal via ESC
  625 |       await $modal.trigger('keydown.esc')"
/home/gabriel/Disk/Research/research-javascript-test-smells/repositories/bootstrap-vue-dev/src/components/modal/modal.spec.js,Duplicate Assert,"{'line': 626, 'column': 6, 'index': 18576}","  624 |       // Try and close modal via ESC
  625 |       await $modal.trigger('keydown.esc')
> 626 |       expect(trigger).toEqual('esc')
      |      ^ Duplicate Assert
  627 |
  628 |       await waitNT(wrapper.vm)
  629 |       await waitRAF()"
/home/gabriel/Disk/Research/research-javascript-test-smells/repositories/bootstrap-vue-dev/src/components/modal/modal.spec.js,Duplicate Assert,"{'line': 635, 'column': 6, 'index': 18788}","  633 |
  634 |       // Modal should now be closed
> 635 |       expect($modal.element.style.display).toEqual('none')
      |      ^ Duplicate Assert
  636 |
  637 |       // Modal should have emitted these events
  638 |       expect(wrapper.emitted('hide')).toBeDefined()"
/home/gabriel/Disk/Research/research-javascript-test-smells/repositories/bootstrap-vue-dev/src/components/modal/modal.spec.js,Duplicate Assert,"{'line': 638, 'column': 6, 'index': 18896}","  636 |
  637 |       // Modal should have emitted these events
> 638 |       expect(wrapper.emitted('hide')).toBeDefined()
      |      ^ Duplicate Assert
  639 |       expect(wrapper.emitted('hide').length).toBe(1)
  640 |       expect(wrapper.emitted('hidden')).toBeDefined()
  641 |       expect(wrapper.emitted('hidden').length).toBe(1)"
/home/gabriel/Disk/Research/research-javascript-test-smells/repositories/bootstrap-vue-dev/src/components/modal/modal.spec.js,Duplicate Assert,"{'line': 675, 'column': 6, 'index': 19857}","  673 |       expect($modal.exists()).toBe(true)
  674 |
> 675 |       expect($modal.element.style.display).toEqual('block')
      |      ^ Duplicate Assert
  676 |
  677 |       expect(wrapper.emitted('hide')).toBeUndefined()
  678 |       expect(trigger).toEqual(null)"
/home/gabriel/Disk/Research/research-javascript-test-smells/repositories/bootstrap-vue-dev/src/components/modal/modal.spec.js,Duplicate Assert,"{'line': 677, 'column': 6, 'index': 19918}","  675 |       expect($modal.element.style.display).toEqual('block')
  676 |
> 677 |       expect(wrapper.emitted('hide')).toBeUndefined()
      |      ^ Duplicate Assert
  678 |       expect(trigger).toEqual(null)
  679 |
  680 |       // Try and close modal via click out"
/home/gabriel/Disk/Research/research-javascript-test-smells/repositories/bootstrap-vue-dev/src/components/modal/modal.spec.js,Duplicate Assert,"{'line': 678, 'column': 6, 'index': 19972}","  676 |
  677 |       expect(wrapper.emitted('hide')).toBeUndefined()
> 678 |       expect(trigger).toEqual(null)
      |      ^ Duplicate Assert
  679 |
  680 |       // Try and close modal via click out
  681 |       await $modal.trigger('click')"
/home/gabriel/Disk/Research/research-javascript-test-smells/repositories/bootstrap-vue-dev/src/components/modal/modal.spec.js,Duplicate Assert,"{'line': 682, 'column': 6, 'index': 20088}","  680 |       // Try and close modal via click out
  681 |       await $modal.trigger('click')
> 682 |       expect(trigger).toEqual('backdrop')
      |      ^ Duplicate Assert
  683 |
  684 |       await waitNT(wrapper.vm)
  685 |       await waitRAF()"
/home/gabriel/Disk/Research/research-javascript-test-smells/repositories/bootstrap-vue-dev/src/components/modal/modal.spec.js,Duplicate Assert,"{'line': 691, 'column': 6, 'index': 20305}","  689 |
  690 |       // Modal should now be closed
> 691 |       expect($modal.element.style.display).toEqual('none')
      |      ^ Duplicate Assert
  692 |
  693 |       // Modal should have emitted these events
  694 |       expect(wrapper.emitted('hide')).toBeDefined()"
/home/gabriel/Disk/Research/research-javascript-test-smells/repositories/bootstrap-vue-dev/src/components/modal/modal.spec.js,Duplicate Assert,"{'line': 694, 'column': 6, 'index': 20413}","  692 |
  693 |       // Modal should have emitted these events
> 694 |       expect(wrapper.emitted('hide')).toBeDefined()
      |      ^ Duplicate Assert
  695 |       expect(wrapper.emitted('hide').length).toBe(1)
  696 |       expect(wrapper.emitted('hidden')).toBeDefined()
  697 |       expect(wrapper.emitted('hidden').length).toBe(1)"
/home/gabriel/Disk/Research/research-javascript-test-smells/repositories/bootstrap-vue-dev/src/components/modal/modal.spec.js,Duplicate Assert,"{'line': 739, 'column': 6, 'index': 21672}","  737 |       expect($footer.exists()).toBe(true)
  738 |
> 739 |       expect($modal.element.style.display).toEqual('block')
      |      ^ Duplicate Assert
  740 |
  741 |       expect(wrapper.emitted('hide')).toBeUndefined()
  742 |       expect(trigger).toEqual(null)"
/home/gabriel/Disk/Research/research-javascript-test-smells/repositories/bootstrap-vue-dev/src/components/modal/modal.spec.js,Duplicate Assert,"{'line': 739, 'column': 6, 'index': 21672}","  737 |       expect($footer.exists()).toBe(true)
  738 |
> 739 |       expect($modal.element.style.display).toEqual('block')
      |      ^ Duplicate Assert
  740 |
  741 |       expect(wrapper.emitted('hide')).toBeUndefined()
  742 |       expect(trigger).toEqual(null)"
/home/gabriel/Disk/Research/research-javascript-test-smells/repositories/bootstrap-vue-dev/src/components/modal/modal.spec.js,Duplicate Assert,"{'line': 742, 'column': 6, 'index': 21787}","  740 |
  741 |       expect(wrapper.emitted('hide')).toBeUndefined()
> 742 |       expect(trigger).toEqual(null)
      |      ^ Duplicate Assert
  743 |
  744 |       // Try and close modal via a ""dragged"" click out
  745 |       // starting from inside modal and finishing on backdrop"
/home/gabriel/Disk/Research/research-javascript-test-smells/repositories/bootstrap-vue-dev/src/components/modal/modal.spec.js,Duplicate Assert,"{'line': 742, 'column': 6, 'index': 21787}","  740 |
  741 |       expect(wrapper.emitted('hide')).toBeUndefined()
> 742 |       expect(trigger).toEqual(null)
      |      ^ Duplicate Assert
  743 |
  744 |       // Try and close modal via a ""dragged"" click out
  745 |       // starting from inside modal and finishing on backdrop"
/home/gabriel/Disk/Research/research-javascript-test-smells/repositories/bootstrap-vue-dev/src/components/modal/modal.spec.js,Duplicate Assert,"{'line': 751, 'column': 6, 'index': 22100}","  749 |       await waitRAF()
  750 |       await waitRAF()
> 751 |       expect(called).toEqual(false)
      |      ^ Duplicate Assert
  752 |       expect(trigger).toEqual(null)
  753 |
  754 |       // Modal should not be closed"
/home/gabriel/Disk/Research/research-javascript-test-smells/repositories/bootstrap-vue-dev/src/components/modal/modal.spec.js,Duplicate Assert,"{'line': 751, 'column': 6, 'index': 22100}","  749 |       await waitRAF()
  750 |       await waitRAF()
> 751 |       expect(called).toEqual(false)
      |      ^ Duplicate Assert
  752 |       expect(trigger).toEqual(null)
  753 |
  754 |       // Modal should not be closed"
/home/gabriel/Disk/Research/research-javascript-test-smells/repositories/bootstrap-vue-dev/src/components/modal/modal.spec.js,Duplicate Assert,"{'line': 752, 'column': 6, 'index': 22136}","  750 |       await waitRAF()
  751 |       expect(called).toEqual(false)
> 752 |       expect(trigger).toEqual(null)
      |      ^ Duplicate Assert
  753 |
  754 |       // Modal should not be closed
  755 |       expect($modal.element.style.display).toEqual('block')"
/home/gabriel/Disk/Research/research-javascript-test-smells/repositories/bootstrap-vue-dev/src/components/modal/modal.spec.js,Duplicate Assert,"{'line': 752, 'column': 6, 'index': 22136}","  750 |       await waitRAF()
  751 |       expect(called).toEqual(false)
> 752 |       expect(trigger).toEqual(null)
      |      ^ Duplicate Assert
  753 |
  754 |       // Modal should not be closed
  755 |       expect($modal.element.style.display).toEqual('block')"
/home/gabriel/Disk/Research/research-javascript-test-smells/repositories/bootstrap-vue-dev/src/components/modal/modal.spec.js,Duplicate Assert,"{'line': 755, 'column': 6, 'index': 22209}","  753 |
  754 |       // Modal should not be closed
> 755 |       expect($modal.element.style.display).toEqual('block')
      |      ^ Duplicate Assert
  756 |
  757 |       // Try and close modal via a ""dragged"" click out
  758 |       // starting from inside modal and finishing on backdrop"
/home/gabriel/Disk/Research/research-javascript-test-smells/repositories/bootstrap-vue-dev/src/components/modal/modal.spec.js,Duplicate Assert,"{'line': 755, 'column': 6, 'index': 22209}","  753 |
  754 |       // Modal should not be closed
> 755 |       expect($modal.element.style.display).toEqual('block')
      |      ^ Duplicate Assert
  756 |
  757 |       // Try and close modal via a ""dragged"" click out
  758 |       // starting from inside modal and finishing on backdrop"
/home/gabriel/Disk/Research/research-javascript-test-smells/repositories/bootstrap-vue-dev/src/components/modal/modal.spec.js,Duplicate Assert,"{'line': 764, 'column': 6, 'index': 22546}","  762 |       await waitRAF()
  763 |       await waitRAF()
> 764 |       expect(called).toEqual(false)
      |      ^ Duplicate Assert
  765 |       expect(trigger).toEqual(null)
  766 |
  767 |       // Modal should not be closed"
/home/gabriel/Disk/Research/research-javascript-test-smells/repositories/bootstrap-vue-dev/src/components/modal/modal.spec.js,Duplicate Assert,"{'line': 764, 'column': 6, 'index': 22546}","  762 |       await waitRAF()
  763 |       await waitRAF()
> 764 |       expect(called).toEqual(false)
      |      ^ Duplicate Assert
  765 |       expect(trigger).toEqual(null)
  766 |
  767 |       // Modal should not be closed"
/home/gabriel/Disk/Research/research-javascript-test-smells/repositories/bootstrap-vue-dev/src/components/modal/modal.spec.js,Duplicate Assert,"{'line': 765, 'column': 6, 'index': 22582}","  763 |       await waitRAF()
  764 |       expect(called).toEqual(false)
> 765 |       expect(trigger).toEqual(null)
      |      ^ Duplicate Assert
  766 |
  767 |       // Modal should not be closed
  768 |       expect($modal.element.style.display).toEqual('block')"
/home/gabriel/Disk/Research/research-javascript-test-smells/repositories/bootstrap-vue-dev/src/components/modal/modal.spec.js,Duplicate Assert,"{'line': 765, 'column': 6, 'index': 22582}","  763 |       await waitRAF()
  764 |       expect(called).toEqual(false)
> 765 |       expect(trigger).toEqual(null)
      |      ^ Duplicate Assert
  766 |
  767 |       // Modal should not be closed
  768 |       expect($modal.element.style.display).toEqual('block')"
/home/gabriel/Disk/Research/research-javascript-test-smells/repositories/bootstrap-vue-dev/src/components/modal/modal.spec.js,Duplicate Assert,"{'line': 768, 'column': 6, 'index': 22655}","  766 |
  767 |       // Modal should not be closed
> 768 |       expect($modal.element.style.display).toEqual('block')
      |      ^ Duplicate Assert
  769 |
  770 |       // Try and close modal via click out
  771 |       await $modal.trigger('click')"
/home/gabriel/Disk/Research/research-javascript-test-smells/repositories/bootstrap-vue-dev/src/components/modal/modal.spec.js,Duplicate Assert,"{'line': 768, 'column': 6, 'index': 22655}","  766 |
  767 |       // Modal should not be closed
> 768 |       expect($modal.element.style.display).toEqual('block')
      |      ^ Duplicate Assert
  769 |
  770 |       // Try and close modal via click out
  771 |       await $modal.trigger('click')"
/home/gabriel/Disk/Research/research-javascript-test-smells/repositories/bootstrap-vue-dev/src/components/modal/modal.spec.js,Duplicate Assert,"{'line': 774, 'column': 6, 'index': 22839}","  772 |       await waitRAF()
  773 |       await waitRAF()
> 774 |       expect(called).toEqual(true)
      |      ^ Duplicate Assert
  775 |       expect(trigger).toEqual('backdrop')
  776 |
  777 |       // Modal should now be closed"
/home/gabriel/Disk/Research/research-javascript-test-smells/repositories/bootstrap-vue-dev/src/components/modal/modal.spec.js,Duplicate Assert,"{'line': 775, 'column': 6, 'index': 22874}","  773 |       await waitRAF()
  774 |       expect(called).toEqual(true)
> 775 |       expect(trigger).toEqual('backdrop')
      |      ^ Duplicate Assert
  776 |
  777 |       // Modal should now be closed
  778 |       expect($modal.element.style.display).toEqual('none')"
/home/gabriel/Disk/Research/research-javascript-test-smells/repositories/bootstrap-vue-dev/src/components/modal/modal.spec.js,Duplicate Assert,"{'line': 778, 'column': 6, 'index': 22953}","  776 |
  777 |       // Modal should now be closed
> 778 |       expect($modal.element.style.display).toEqual('none')
      |      ^ Duplicate Assert
  779 |
  780 |       wrapper.destroy()
  781 |     })"
/home/gabriel/Disk/Research/research-javascript-test-smells/repositories/bootstrap-vue-dev/src/components/modal/modal.spec.js,Duplicate Assert,"{'line': 803, 'column': 6, 'index': 23535}","  801 |       expect($modal.exists()).toBe(true)
  802 |
> 803 |       expect($modal.element.style.display).toEqual('none')
      |      ^ Duplicate Assert
  804 |
  805 |       // Try and open modal via `bv::show::modal`
  806 |       wrapper.vm.$root.$emit('bv::show::modal', 'test')"
/home/gabriel/Disk/Research/research-javascript-test-smells/repositories/bootstrap-vue-dev/src/components/modal/modal.spec.js,Duplicate Assert,"{'line': 803, 'column': 6, 'index': 23535}","  801 |       expect($modal.exists()).toBe(true)
  802 |
> 803 |       expect($modal.element.style.display).toEqual('none')
      |      ^ Duplicate Assert
  804 |
  805 |       // Try and open modal via `bv::show::modal`
  806 |       wrapper.vm.$root.$emit('bv::show::modal', 'test')"
/home/gabriel/Disk/Research/research-javascript-test-smells/repositories/bootstrap-vue-dev/src/components/modal/modal.spec.js,Duplicate Assert,"{'line': 814, 'column': 6, 'index': 23843}","  812 |
  813 |       // Modal should now be open
> 814 |       expect($modal.element.style.display).toEqual('block')
      |      ^ Duplicate Assert
  815 |
  816 |       // Try and close modal via `bv::hide::modal`
  817 |       wrapper.vm.$root.$emit('bv::hide::modal', 'test')"
/home/gabriel/Disk/Research/research-javascript-test-smells/repositories/bootstrap-vue-dev/src/components/modal/modal.spec.js,Duplicate Assert,"{'line': 825, 'column': 6, 'index': 24155}","  823 |
  824 |       // Modal should now be closed
> 825 |       expect($modal.element.style.display).toEqual('none')
      |      ^ Duplicate Assert
  826 |
  827 |       wrapper.destroy()
  828 |     })"
/home/gabriel/Disk/Research/research-javascript-test-smells/repositories/bootstrap-vue-dev/src/components/modal/modal.spec.js,Duplicate Assert,"{'line': 825, 'column': 6, 'index': 24155}","  823 |
  824 |       // Modal should now be closed
> 825 |       expect($modal.element.style.display).toEqual('none')
      |      ^ Duplicate Assert
  826 |
  827 |       wrapper.destroy()
  828 |     })"
/home/gabriel/Disk/Research/research-javascript-test-smells/repositories/bootstrap-vue-dev/src/components/modal/modal.spec.js,Duplicate Assert,"{'line': 850, 'column': 6, 'index': 24720}","  848 |       expect($modal.exists()).toBe(true)
  849 |
> 850 |       expect($modal.element.style.display).toEqual('none')
      |      ^ Duplicate Assert
  851 |
  852 |       // Try and open modal via `bv::toggle::modal`
  853 |       wrapper.vm.$root.$emit('bv::toggle::modal', 'test')"
/home/gabriel/Disk/Research/research-javascript-test-smells/repositories/bootstrap-vue-dev/src/components/modal/modal.spec.js,Duplicate Assert,"{'line': 850, 'column': 6, 'index': 24720}","  848 |       expect($modal.exists()).toBe(true)
  849 |
> 850 |       expect($modal.element.style.display).toEqual('none')
      |      ^ Duplicate Assert
  851 |
  852 |       // Try and open modal via `bv::toggle::modal`
  853 |       wrapper.vm.$root.$emit('bv::toggle::modal', 'test')"
/home/gabriel/Disk/Research/research-javascript-test-smells/repositories/bootstrap-vue-dev/src/components/modal/modal.spec.js,Duplicate Assert,"{'line': 861, 'column': 6, 'index': 25032}","  859 |
  860 |       // Modal should now be open
> 861 |       expect($modal.element.style.display).toEqual('block')
      |      ^ Duplicate Assert
  862 |
  863 |       // Try and close modal via `bv::toggle::modal`
  864 |       wrapper.vm.$root.$emit('bv::toggle::modal', 'test')"
/home/gabriel/Disk/Research/research-javascript-test-smells/repositories/bootstrap-vue-dev/src/components/modal/modal.spec.js,Duplicate Assert,"{'line': 872, 'column': 6, 'index': 25348}","  870 |
  871 |       // Modal should now be closed
> 872 |       expect($modal.element.style.display).toEqual('none')
      |      ^ Duplicate Assert
  873 |
  874 |       // Try and open modal via `bv::toggle::modal` with wrong ID
  875 |       wrapper.vm.$root.$emit('bv::toggle::modal', 'not-test')"
/home/gabriel/Disk/Research/research-javascript-test-smells/repositories/bootstrap-vue-dev/src/components/modal/modal.spec.js,Duplicate Assert,"{'line': 872, 'column': 6, 'index': 25348}","  870 |
  871 |       // Modal should now be closed
> 872 |       expect($modal.element.style.display).toEqual('none')
      |      ^ Duplicate Assert
  873 |
  874 |       // Try and open modal via `bv::toggle::modal` with wrong ID
  875 |       wrapper.vm.$root.$emit('bv::toggle::modal', 'not-test')"
/home/gabriel/Disk/Research/research-javascript-test-smells/repositories/bootstrap-vue-dev/src/components/modal/modal.spec.js,Duplicate Assert,"{'line': 883, 'column': 6, 'index': 25678}","  881 |
  882 |       // Modal should not be open
> 883 |       expect($modal.element.style.display).toEqual('none')
      |      ^ Duplicate Assert
  884 |
  885 |       wrapper.destroy()
  886 |     })"
/home/gabriel/Disk/Research/research-javascript-test-smells/repositories/bootstrap-vue-dev/src/components/modal/modal.spec.js,Duplicate Assert,"{'line': 883, 'column': 6, 'index': 25678}","  881 |
  882 |       // Modal should not be open
> 883 |       expect($modal.element.style.display).toEqual('none')
      |      ^ Duplicate Assert
  884 |
  885 |       wrapper.destroy()
  886 |     })"
/home/gabriel/Disk/Research/research-javascript-test-smells/repositories/bootstrap-vue-dev/src/components/modal/modal.spec.js,Duplicate Assert,"{'line': 910, 'column': 6, 'index': 26285}","  908 |       expect($modal.exists()).toBe(true)
  909 |
> 910 |       expect($modal.element.style.display).toEqual('none')
      |      ^ Duplicate Assert
  911 |
  912 |       wrapper.vm.$on('show', bvEvent => {
  913 |         called = true"
/home/gabriel/Disk/Research/research-javascript-test-smells/repositories/bootstrap-vue-dev/src/components/modal/modal.spec.js,Duplicate Assert,"{'line': 910, 'column': 6, 'index': 26285}","  908 |       expect($modal.exists()).toBe(true)
  909 |
> 910 |       expect($modal.element.style.display).toEqual('none')
      |      ^ Duplicate Assert
  911 |
  912 |       wrapper.vm.$on('show', bvEvent => {
  913 |         called = true"
/home/gabriel/Disk/Research/research-javascript-test-smells/repositories/bootstrap-vue-dev/src/components/modal/modal.spec.js,Duplicate Assert,"{'line': 928, 'column': 6, 'index': 26732}","  926 |
  927 |       // Modal should not open
> 928 |       expect(called).toBe(true)
      |      ^ Duplicate Assert
  929 |       expect($modal.element.style.display).toEqual('none')
  930 |
  931 |       await waitNT(wrapper.vm)"
/home/gabriel/Disk/Research/research-javascript-test-smells/repositories/bootstrap-vue-dev/src/components/modal/modal.spec.js,Duplicate Assert,"{'line': 928, 'column': 6, 'index': 26732}","  926 |
  927 |       // Modal should not open
> 928 |       expect(called).toBe(true)
      |      ^ Duplicate Assert
  929 |       expect($modal.element.style.display).toEqual('none')
  930 |
  931 |       await waitNT(wrapper.vm)"
/home/gabriel/Disk/Research/research-javascript-test-smells/repositories/bootstrap-vue-dev/src/components/modal/modal.spec.js,Duplicate Assert,"{'line': 929, 'column': 6, 'index': 26764}","  927 |       // Modal should not open
  928 |       expect(called).toBe(true)
> 929 |       expect($modal.element.style.display).toEqual('none')
      |      ^ Duplicate Assert
  930 |
  931 |       await waitNT(wrapper.vm)
  932 |       await waitRAF()"
/home/gabriel/Disk/Research/research-javascript-test-smells/repositories/bootstrap-vue-dev/src/components/modal/modal.spec.js,Duplicate Assert,"{'line': 929, 'column': 6, 'index': 26764}","  927 |       // Modal should not open
  928 |       expect(called).toBe(true)
> 929 |       expect($modal.element.style.display).toEqual('none')
      |      ^ Duplicate Assert
  930 |
  931 |       await waitNT(wrapper.vm)
  932 |       await waitRAF()"
/home/gabriel/Disk/Research/research-javascript-test-smells/repositories/bootstrap-vue-dev/src/components/modal/modal.spec.js,Duplicate Assert,"{'line': 949, 'column': 6, 'index': 27252}","  947 |
  948 |       // Modal should now be open
> 949 |       expect(called).toBe(true)
      |      ^ Duplicate Assert
  950 |       expect($modal.element.style.display).toEqual('block')
  951 |
  952 |       wrapper.destroy()"
/home/gabriel/Disk/Research/research-javascript-test-smells/repositories/bootstrap-vue-dev/src/components/modal/modal.spec.js,Duplicate Assert,"{'line': 949, 'column': 6, 'index': 27252}","  947 |
  948 |       // Modal should now be open
> 949 |       expect(called).toBe(true)
      |      ^ Duplicate Assert
  950 |       expect($modal.element.style.display).toEqual('block')
  951 |
  952 |       wrapper.destroy()"
/home/gabriel/Disk/Research/research-javascript-test-smells/repositories/bootstrap-vue-dev/src/components/modal/modal.spec.js,Duplicate Assert,"{'line': 950, 'column': 6, 'index': 27284}","  948 |       // Modal should now be open
  949 |       expect(called).toBe(true)
> 950 |       expect($modal.element.style.display).toEqual('block')
      |      ^ Duplicate Assert
  951 |
  952 |       wrapper.destroy()
  953 |     })"
/home/gabriel/Disk/Research/research-javascript-test-smells/repositories/bootstrap-vue-dev/src/components/modal/modal.spec.js,Duplicate Assert,"{'line': 975, 'column': 6, 'index': 27853}","  973 |       expect($modal.exists()).toBe(true)
  974 |
> 975 |       expect($modal.element.style.display).toEqual('none')
      |      ^ Duplicate Assert
  976 |
  977 |       // Try and open modal via `.toggle()` method
  978 |       wrapper.vm.toggle()"
/home/gabriel/Disk/Research/research-javascript-test-smells/repositories/bootstrap-vue-dev/src/components/modal/modal.spec.js,Duplicate Assert,"{'line': 975, 'column': 6, 'index': 27853}","  973 |       expect($modal.exists()).toBe(true)
  974 |
> 975 |       expect($modal.element.style.display).toEqual('none')
      |      ^ Duplicate Assert
  976 |
  977 |       // Try and open modal via `.toggle()` method
  978 |       wrapper.vm.toggle()"
/home/gabriel/Disk/Research/research-javascript-test-smells/repositories/bootstrap-vue-dev/src/components/modal/modal.spec.js,Duplicate Assert,"{'line': 986, 'column': 6, 'index': 28132}","  984 |
  985 |       // Modal should now be open
> 986 |       expect($modal.element.style.display).toEqual('block')
      |      ^ Duplicate Assert
  987 |
  988 |       // Try and close modal via `.toggle()` method
  989 |       wrapper.vm.toggle()"
/home/gabriel/Disk/Research/research-javascript-test-smells/repositories/bootstrap-vue-dev/src/components/modal/modal.spec.js,Duplicate Assert,"{'line': 997, 'column': 6, 'index': 28415}","   995 |
   996 |       // Modal should now be closed
>  997 |       expect($modal.element.style.display).toEqual('none')
       |      ^ Duplicate Assert
   998 |
   999 |       wrapper.destroy()
  1000 |     })"
/home/gabriel/Disk/Research/research-javascript-test-smells/repositories/bootstrap-vue-dev/src/components/modal/modal.spec.js,Duplicate Assert,"{'line': 997, 'column': 6, 'index': 28415}","   995 |
   996 |       // Modal should now be closed
>  997 |       expect($modal.element.style.display).toEqual('none')
       |      ^ Duplicate Assert
   998 |
   999 |       wrapper.destroy()
  1000 |     })"
/home/gabriel/Disk/Research/research-javascript-test-smells/repositories/bootstrap-vue-dev/src/components/modal/modal.spec.js,Duplicate Assert,"{'line': 1023, 'column': 6, 'index': 29039}","  1021 |       expect($modal.exists()).toBe(true)
  1022 |
> 1023 |       expect($modal.element.style.display).toEqual('block')
       |      ^ Duplicate Assert
  1024 |
  1025 |       // Simulate an other modal opening (by emitting a fake BvEvent)
  1026 |       // `bvEvent.vueTarget` is normally a Vue instance, but in this"
/home/gabriel/Disk/Research/research-javascript-test-smells/repositories/bootstrap-vue-dev/src/components/modal/modal.spec.js,Duplicate Assert,"{'line': 1036, 'column': 6, 'index': 29529}","  1034 |
  1035 |       // Modal should now be closed
> 1036 |       expect($modal.element.style.display).toEqual('none')
       |      ^ Duplicate Assert
  1037 |
  1038 |       wrapper.destroy()
  1039 |     })"
/home/gabriel/Disk/Research/research-javascript-test-smells/repositories/bootstrap-vue-dev/src/components/modal/modal.spec.js,Duplicate Assert,"{'line': 1072, 'column': 6, 'index': 30600}","  1070 |       expect($modal.exists()).toBe(true)
  1071 |
> 1072 |       expect($modal.element.style.display).toEqual('none')
       |      ^ Duplicate Assert
  1073 |       expect(document.activeElement).toBe(document.body)
  1074 |
  1075 |       // Set the active element to the button"
/home/gabriel/Disk/Research/research-javascript-test-smells/repositories/bootstrap-vue-dev/src/components/modal/modal.spec.js,Duplicate Assert,"{'line': 1072, 'column': 6, 'index': 30600}","  1070 |       expect($modal.exists()).toBe(true)
  1071 |
> 1072 |       expect($modal.element.style.display).toEqual('none')
       |      ^ Duplicate Assert
  1073 |       expect(document.activeElement).toBe(document.body)
  1074 |
  1075 |       // Set the active element to the button"
/home/gabriel/Disk/Research/research-javascript-test-smells/repositories/bootstrap-vue-dev/src/components/modal/modal.spec.js,Duplicate Assert,"{'line': 1073, 'column': 6, 'index': 30659}","  1071 |
  1072 |       expect($modal.element.style.display).toEqual('none')
> 1073 |       expect(document.activeElement).toBe(document.body)
       |      ^ Duplicate Assert
  1074 |
  1075 |       // Set the active element to the button
  1076 |       $button.element.focus()"
/home/gabriel/Disk/Research/research-javascript-test-smells/repositories/bootstrap-vue-dev/src/components/modal/modal.spec.js,Duplicate Assert,"{'line': 1077, 'column': 6, 'index': 30793}","  1075 |       // Set the active element to the button
  1076 |       $button.element.focus()
> 1077 |       expect(document.activeElement).toBe($button.element)
       |      ^ Duplicate Assert
  1078 |
  1079 |       // Try and open modal via `.toggle()` method
  1080 |       wrapper.findComponent(BModal).vm.toggle()"
/home/gabriel/Disk/Research/research-javascript-test-smells/repositories/bootstrap-vue-dev/src/components/modal/modal.spec.js,Duplicate Assert,"{'line': 1077, 'column': 6, 'index': 30793}","  1075 |       // Set the active element to the button
  1076 |       $button.element.focus()
> 1077 |       expect(document.activeElement).toBe($button.element)
       |      ^ Duplicate Assert
  1078 |
  1079 |       // Try and open modal via `.toggle()` method
  1080 |       wrapper.findComponent(BModal).vm.toggle()"
/home/gabriel/Disk/Research/research-javascript-test-smells/repositories/bootstrap-vue-dev/src/components/modal/modal.spec.js,Duplicate Assert,"{'line': 1092, 'column': 6, 'index': 31200}","  1090 |
  1091 |       // Modal should now be open
> 1092 |       expect($modal.element.style.display).toEqual('block')
       |      ^ Duplicate Assert
  1093 |       expect(document.activeElement).not.toBe(document.body)
  1094 |       expect(document.activeElement).not.toBe($button.element)
  1095 |       expect($modal.element.contains(document.activeElement)).toBe(true)"
/home/gabriel/Disk/Research/research-javascript-test-smells/repositories/bootstrap-vue-dev/src/components/modal/modal.spec.js,Duplicate Assert,"{'line': 1093, 'column': 6, 'index': 31260}","  1091 |       // Modal should now be open
  1092 |       expect($modal.element.style.display).toEqual('block')
> 1093 |       expect(document.activeElement).not.toBe(document.body)
       |      ^ Duplicate Assert
  1094 |       expect(document.activeElement).not.toBe($button.element)
  1095 |       expect($modal.element.contains(document.activeElement)).toBe(true)
  1096 |"
/home/gabriel/Disk/Research/research-javascript-test-smells/repositories/bootstrap-vue-dev/src/components/modal/modal.spec.js,Duplicate Assert,"{'line': 1094, 'column': 6, 'index': 31321}","  1092 |       expect($modal.element.style.display).toEqual('block')
  1093 |       expect(document.activeElement).not.toBe(document.body)
> 1094 |       expect(document.activeElement).not.toBe($button.element)
       |      ^ Duplicate Assert
  1095 |       expect($modal.element.contains(document.activeElement)).toBe(true)
  1096 |
  1097 |       // Try and close modal via `.toggle()` method"
/home/gabriel/Disk/Research/research-javascript-test-smells/repositories/bootstrap-vue-dev/src/components/modal/modal.spec.js,Duplicate Assert,"{'line': 1110, 'column': 6, 'index': 31808}","  1108 |
  1109 |       // Modal should now be closed
> 1110 |       expect($modal.element.style.display).toEqual('none')
       |      ^ Duplicate Assert
  1111 |       expect(document.activeElement).toBe($button.element)
  1112 |
  1113 |       wrapper.destroy()"
/home/gabriel/Disk/Research/research-javascript-test-smells/repositories/bootstrap-vue-dev/src/components/modal/modal.spec.js,Duplicate Assert,"{'line': 1110, 'column': 6, 'index': 31808}","  1108 |
  1109 |       // Modal should now be closed
> 1110 |       expect($modal.element.style.display).toEqual('none')
       |      ^ Duplicate Assert
  1111 |       expect(document.activeElement).toBe($button.element)
  1112 |
  1113 |       wrapper.destroy()"
/home/gabriel/Disk/Research/research-javascript-test-smells/repositories/bootstrap-vue-dev/src/components/modal/modal.spec.js,Duplicate Assert,"{'line': 1111, 'column': 6, 'index': 31867}","  1109 |       // Modal should now be closed
  1110 |       expect($modal.element.style.display).toEqual('none')
> 1111 |       expect(document.activeElement).toBe($button.element)
       |      ^ Duplicate Assert
  1112 |
  1113 |       wrapper.destroy()
  1114 |     })"
/home/gabriel/Disk/Research/research-javascript-test-smells/repositories/bootstrap-vue-dev/src/components/modal/modal.spec.js,Duplicate Assert,"{'line': 1111, 'column': 6, 'index': 31867}","  1109 |       // Modal should now be closed
  1110 |       expect($modal.element.style.display).toEqual('none')
> 1111 |       expect(document.activeElement).toBe($button.element)
       |      ^ Duplicate Assert
  1112 |
  1113 |       wrapper.destroy()
  1114 |     })"
/home/gabriel/Disk/Research/research-javascript-test-smells/repositories/bootstrap-vue-dev/src/components/modal/modal.spec.js,Duplicate Assert,"{'line': 1156, 'column': 6, 'index': 33214}","  1154 |       expect($modal.exists()).toBe(true)
  1155 |
> 1156 |       expect($modal.element.style.display).toEqual('none')
       |      ^ Duplicate Assert
  1157 |       expect(document.activeElement).toBe(document.body)
  1158 |
  1159 |       // Set the active element to the button"
/home/gabriel/Disk/Research/research-javascript-test-smells/repositories/bootstrap-vue-dev/src/components/modal/modal.spec.js,Duplicate Assert,"{'line': 1156, 'column': 6, 'index': 33214}","  1154 |       expect($modal.exists()).toBe(true)
  1155 |
> 1156 |       expect($modal.element.style.display).toEqual('none')
       |      ^ Duplicate Assert
  1157 |       expect(document.activeElement).toBe(document.body)
  1158 |
  1159 |       // Set the active element to the button"
/home/gabriel/Disk/Research/research-javascript-test-smells/repositories/bootstrap-vue-dev/src/components/modal/modal.spec.js,Duplicate Assert,"{'line': 1157, 'column': 6, 'index': 33273}","  1155 |
  1156 |       expect($modal.element.style.display).toEqual('none')
> 1157 |       expect(document.activeElement).toBe(document.body)
       |      ^ Duplicate Assert
  1158 |
  1159 |       // Set the active element to the button
  1160 |       $button.element.focus()"
/home/gabriel/Disk/Research/research-javascript-test-smells/repositories/bootstrap-vue-dev/src/components/modal/modal.spec.js,Duplicate Assert,"{'line': 1161, 'column': 6, 'index': 33407}","  1159 |       // Set the active element to the button
  1160 |       $button.element.focus()
> 1161 |       expect(document.activeElement).toBe($button.element)
       |      ^ Duplicate Assert
  1162 |
  1163 |       // Try and open modal via `.toggle()` method
  1164 |       wrapper.findComponent(BModal).vm.toggle('button.return-to')"
/home/gabriel/Disk/Research/research-javascript-test-smells/repositories/bootstrap-vue-dev/src/components/modal/modal.spec.js,Duplicate Assert,"{'line': 1176, 'column': 6, 'index': 33832}","  1174 |
  1175 |       // Modal should now be open
> 1176 |       expect($modal.element.style.display).toEqual('block')
       |      ^ Duplicate Assert
  1177 |       expect(document.activeElement).not.toBe(document.body)
  1178 |       expect(document.activeElement).not.toBe($button.element)
  1179 |       expect(document.activeElement).not.toBe($button2.element)"
/home/gabriel/Disk/Research/research-javascript-test-smells/repositories/bootstrap-vue-dev/src/components/modal/modal.spec.js,Duplicate Assert,"{'line': 1177, 'column': 6, 'index': 33892}","  1175 |       // Modal should now be open
  1176 |       expect($modal.element.style.display).toEqual('block')
> 1177 |       expect(document.activeElement).not.toBe(document.body)
       |      ^ Duplicate Assert
  1178 |       expect(document.activeElement).not.toBe($button.element)
  1179 |       expect(document.activeElement).not.toBe($button2.element)
  1180 |       expect($modal.element.contains(document.activeElement)).toBe(true)"
/home/gabriel/Disk/Research/research-javascript-test-smells/repositories/bootstrap-vue-dev/src/components/modal/modal.spec.js,Duplicate Assert,"{'line': 1178, 'column': 6, 'index': 33953}","  1176 |       expect($modal.element.style.display).toEqual('block')
  1177 |       expect(document.activeElement).not.toBe(document.body)
> 1178 |       expect(document.activeElement).not.toBe($button.element)
       |      ^ Duplicate Assert
  1179 |       expect(document.activeElement).not.toBe($button2.element)
  1180 |       expect($modal.element.contains(document.activeElement)).toBe(true)
  1181 |"
/home/gabriel/Disk/Research/research-javascript-test-smells/repositories/bootstrap-vue-dev/src/components/modal/modal.spec.js,Duplicate Assert,"{'line': 1179, 'column': 6, 'index': 34016}","  1177 |       expect(document.activeElement).not.toBe(document.body)
  1178 |       expect(document.activeElement).not.toBe($button.element)
> 1179 |       expect(document.activeElement).not.toBe($button2.element)
       |      ^ Duplicate Assert
  1180 |       expect($modal.element.contains(document.activeElement)).toBe(true)
  1181 |
  1182 |       // Try and close modal via `.toggle()` method"
/home/gabriel/Disk/Research/research-javascript-test-smells/repositories/bootstrap-vue-dev/src/components/modal/modal.spec.js,Duplicate Assert,"{'line': 1195, 'column': 6, 'index': 34504}","  1193 |
  1194 |       // Modal should now be closed
> 1195 |       expect($modal.element.style.display).toEqual('none')
       |      ^ Duplicate Assert
  1196 |       expect(document.activeElement).toBe($button2.element)
  1197 |
  1198 |       wrapper.destroy()"
/home/gabriel/Disk/Research/research-javascript-test-smells/repositories/bootstrap-vue-dev/src/components/modal/modal.spec.js,Duplicate Assert,"{'line': 1195, 'column': 6, 'index': 34504}","  1193 |
  1194 |       // Modal should now be closed
> 1195 |       expect($modal.element.style.display).toEqual('none')
       |      ^ Duplicate Assert
  1196 |       expect(document.activeElement).toBe($button2.element)
  1197 |
  1198 |       wrapper.destroy()"
/home/gabriel/Disk/Research/research-javascript-test-smells/repositories/bootstrap-vue-dev/src/components/modal/modal.spec.js,Duplicate Assert,"{'line': 1196, 'column': 6, 'index': 34563}","  1194 |       // Modal should now be closed
  1195 |       expect($modal.element.style.display).toEqual('none')
> 1196 |       expect(document.activeElement).toBe($button2.element)
       |      ^ Duplicate Assert
  1197 |
  1198 |       wrapper.destroy()
  1199 |     })"
/home/gabriel/Disk/Research/research-javascript-test-smells/repositories/bootstrap-vue-dev/src/components/modal/modal.spec.js,Duplicate Assert,"{'line': 1235, 'column': 6, 'index': 35716}","  1233 |
  1234 |       expect($modal.element.style.display).toEqual('block')
> 1235 |       expect(document.activeElement).not.toBe(document.body)
       |      ^ Duplicate Assert
  1236 |       expect(document.activeElement).toBe($content.element)
  1237 |
  1238 |       // Try and focus the external button"
/home/gabriel/Disk/Research/research-javascript-test-smells/repositories/bootstrap-vue-dev/src/components/modal/modal.spec.js,Duplicate Assert,"{'line': 1236, 'column': 6, 'index': 35777}","  1234 |       expect($modal.element.style.display).toEqual('block')
  1235 |       expect(document.activeElement).not.toBe(document.body)
> 1236 |       expect(document.activeElement).toBe($content.element)
       |      ^ Duplicate Assert
  1237 |
  1238 |       // Try and focus the external button
  1239 |       $button.element.focus()"
/home/gabriel/Disk/Research/research-javascript-test-smells/repositories/bootstrap-vue-dev/src/components/modal/modal.spec.js,Duplicate Assert,"{'line': 1236, 'column': 6, 'index': 35777}","  1234 |       expect($modal.element.style.display).toEqual('block')
  1235 |       expect(document.activeElement).not.toBe(document.body)
> 1236 |       expect(document.activeElement).toBe($content.element)
       |      ^ Duplicate Assert
  1237 |
  1238 |       // Try and focus the external button
  1239 |       $button.element.focus()"
/home/gabriel/Disk/Research/research-javascript-test-smells/repositories/bootstrap-vue-dev/src/components/modal/modal.spec.js,Duplicate Assert,"{'line': 1241, 'column': 6, 'index': 35950}","  1239 |       $button.element.focus()
  1240 |       await $button.trigger('focusin')
> 1241 |       expect(document.activeElement).not.toBe($button.element)
       |      ^ Duplicate Assert
  1242 |       expect(document.activeElement).toBe($content.element)
  1243 |
  1244 |       // Emulate TAB by focusing the `bottomTrap` span element"
/home/gabriel/Disk/Research/research-javascript-test-smells/repositories/bootstrap-vue-dev/src/components/modal/modal.spec.js,Duplicate Assert,"{'line': 1242, 'column': 6, 'index': 36013}","  1240 |       await $button.trigger('focusin')
  1241 |       expect(document.activeElement).not.toBe($button.element)
> 1242 |       expect(document.activeElement).toBe($content.element)
       |      ^ Duplicate Assert
  1243 |
  1244 |       // Emulate TAB by focusing the `bottomTrap` span element
  1245 |       // Should focus first button in modal (in the header)"
/home/gabriel/Disk/Research/research-javascript-test-smells/repositories/bootstrap-vue-dev/src/components/modal/modal.spec.js,Duplicate Assert,"{'line': 1242, 'column': 6, 'index': 36013}","  1240 |       await $button.trigger('focusin')
  1241 |       expect(document.activeElement).not.toBe($button.element)
> 1242 |       expect(document.activeElement).toBe($content.element)
       |      ^ Duplicate Assert
  1243 |
  1244 |       // Emulate TAB by focusing the `bottomTrap` span element
  1245 |       // Should focus first button in modal (in the header)"
/home/gabriel/Disk/Research/research-javascript-test-smells/repositories/bootstrap-vue-dev/src/components/modal/modal.spec.js,Duplicate Assert,"{'line': 1256, 'column': 6, 'index': 36738}","  1254 |       $bottomTrap.element.focus()
  1255 |       await $bottomTrap.trigger('focusin')
> 1256 |       expect(document.activeElement).not.toBe($bottomTrap.element)
       |      ^ Duplicate Assert
  1257 |       expect(document.activeElement).not.toBe($content.element)
  1258 |       // The close (x) button (first tabable in modal) should be focused
  1259 |       expect(document.activeElement).toBe($closeButton.element)"
/home/gabriel/Disk/Research/research-javascript-test-smells/repositories/bootstrap-vue-dev/src/components/modal/modal.spec.js,Duplicate Assert,"{'line': 1256, 'column': 6, 'index': 36738}","  1254 |       $bottomTrap.element.focus()
  1255 |       await $bottomTrap.trigger('focusin')
> 1256 |       expect(document.activeElement).not.toBe($bottomTrap.element)
       |      ^ Duplicate Assert
  1257 |       expect(document.activeElement).not.toBe($content.element)
  1258 |       // The close (x) button (first tabable in modal) should be focused
  1259 |       expect(document.activeElement).toBe($closeButton.element)"
/home/gabriel/Disk/Research/research-javascript-test-smells/repositories/bootstrap-vue-dev/src/components/modal/modal.spec.js,Duplicate Assert,"{'line': 1257, 'column': 6, 'index': 36805}","  1255 |       await $bottomTrap.trigger('focusin')
  1256 |       expect(document.activeElement).not.toBe($bottomTrap.element)
> 1257 |       expect(document.activeElement).not.toBe($content.element)
       |      ^ Duplicate Assert
  1258 |       // The close (x) button (first tabable in modal) should be focused
  1259 |       expect(document.activeElement).toBe($closeButton.element)
  1260 |"
/home/gabriel/Disk/Research/research-javascript-test-smells/repositories/bootstrap-vue-dev/src/components/modal/modal.spec.js,Duplicate Assert,"{'line': 1257, 'column': 6, 'index': 36805}","  1255 |       await $bottomTrap.trigger('focusin')
  1256 |       expect(document.activeElement).not.toBe($bottomTrap.element)
> 1257 |       expect(document.activeElement).not.toBe($content.element)
       |      ^ Duplicate Assert
  1258 |       // The close (x) button (first tabable in modal) should be focused
  1259 |       expect(document.activeElement).toBe($closeButton.element)
  1260 |"
/home/gabriel/Disk/Research/research-javascript-test-smells/repositories/bootstrap-vue-dev/src/components/modal/modal.spec.js,Duplicate Assert,"{'line': 1259, 'column': 6, 'index': 36942}","  1257 |       expect(document.activeElement).not.toBe($content.element)
  1258 |       // The close (x) button (first tabable in modal) should be focused
> 1259 |       expect(document.activeElement).toBe($closeButton.element)
       |      ^ Duplicate Assert
  1260 |
  1261 |       // Emulate CTRL-TAB by focusing the `topTrap` div element
  1262 |       // Should focus last button in modal (in the footer)"
/home/gabriel/Disk/Research/research-javascript-test-smells/repositories/bootstrap-vue-dev/src/components/modal/modal.spec.js,Duplicate Assert,"{'line': 1273, 'column': 6, 'index': 37649}","  1271 |       $topTrap.element.focus()
  1272 |       await $topTrap.trigger('focusin')
> 1273 |       expect(document.activeElement).not.toBe($topTrap.element)
       |      ^ Duplicate Assert
  1274 |       expect(document.activeElement).not.toBe($bottomTrap.element)
  1275 |       expect(document.activeElement).not.toBe($content.element)
  1276 |       // The OK button (last tabbable in modal) should be focused"
/home/gabriel/Disk/Research/research-javascript-test-smells/repositories/bootstrap-vue-dev/src/components/modal/modal.spec.js,Duplicate Assert,"{'line': 1274, 'column': 6, 'index': 37713}","  1272 |       await $topTrap.trigger('focusin')
  1273 |       expect(document.activeElement).not.toBe($topTrap.element)
> 1274 |       expect(document.activeElement).not.toBe($bottomTrap.element)
       |      ^ Duplicate Assert
  1275 |       expect(document.activeElement).not.toBe($content.element)
  1276 |       // The OK button (last tabbable in modal) should be focused
  1277 |       expect(document.activeElement).toBe($okButton.element)"
/home/gabriel/Disk/Research/research-javascript-test-smells/repositories/bootstrap-vue-dev/src/components/modal/modal.spec.js,Duplicate Assert,"{'line': 1274, 'column': 6, 'index': 37713}","  1272 |       await $topTrap.trigger('focusin')
  1273 |       expect(document.activeElement).not.toBe($topTrap.element)
> 1274 |       expect(document.activeElement).not.toBe($bottomTrap.element)
       |      ^ Duplicate Assert
  1275 |       expect(document.activeElement).not.toBe($content.element)
  1276 |       // The OK button (last tabbable in modal) should be focused
  1277 |       expect(document.activeElement).toBe($okButton.element)"
/home/gabriel/Disk/Research/research-javascript-test-smells/repositories/bootstrap-vue-dev/src/components/modal/modal.spec.js,Duplicate Assert,"{'line': 1275, 'column': 6, 'index': 37780}","  1273 |       expect(document.activeElement).not.toBe($topTrap.element)
  1274 |       expect(document.activeElement).not.toBe($bottomTrap.element)
> 1275 |       expect(document.activeElement).not.toBe($content.element)
       |      ^ Duplicate Assert
  1276 |       // The OK button (last tabbable in modal) should be focused
  1277 |       expect(document.activeElement).toBe($okButton.element)
  1278 |"
/home/gabriel/Disk/Research/research-javascript-test-smells/repositories/bootstrap-vue-dev/src/components/modal/modal.spec.js,Duplicate Assert,"{'line': 1275, 'column': 6, 'index': 37780}","  1273 |       expect(document.activeElement).not.toBe($topTrap.element)
  1274 |       expect(document.activeElement).not.toBe($bottomTrap.element)
> 1275 |       expect(document.activeElement).not.toBe($content.element)
       |      ^ Duplicate Assert
  1276 |       // The OK button (last tabbable in modal) should be focused
  1277 |       expect(document.activeElement).toBe($okButton.element)
  1278 |"
/home/gabriel/Disk/Research/research-javascript-test-smells/repositories/bootstrap-vue-dev/src/components/modal/modal.spec.js,Duplicate Assert,"{'line': 1277, 'column': 6, 'index': 37910}","  1275 |       expect(document.activeElement).not.toBe($content.element)
  1276 |       // The OK button (last tabbable in modal) should be focused
> 1277 |       expect(document.activeElement).toBe($okButton.element)
       |      ^ Duplicate Assert
  1278 |
  1279 |       wrapper.destroy()
  1280 |     })"
/home/gabriel/Disk/Research/research-javascript-test-smells/repositories/bootstrap-vue-dev/src/components/modal/modal.spec.js,Duplicate Assert,"{'line': 1332, 'column': 6, 'index': 39515}","  1330 |
  1331 |       expect($modal.element.style.display).toEqual('block')
> 1332 |       expect(document.activeElement).not.toBe(document.body)
       |      ^ Duplicate Assert
  1333 |       expect(document.activeElement).toBe($content.element)
  1334 |
  1335 |       // Try to focus button1"
/home/gabriel/Disk/Research/research-javascript-test-smells/repositories/bootstrap-vue-dev/src/components/modal/modal.spec.js,Duplicate Assert,"{'line': 1333, 'column': 6, 'index': 39576}","  1331 |       expect($modal.element.style.display).toEqual('block')
  1332 |       expect(document.activeElement).not.toBe(document.body)
> 1333 |       expect(document.activeElement).toBe($content.element)
       |      ^ Duplicate Assert
  1334 |
  1335 |       // Try to focus button1
  1336 |       $button1.element.focus()"
/home/gabriel/Disk/Research/research-javascript-test-smells/repositories/bootstrap-vue-dev/src/components/modal/modal.spec.js,Duplicate Assert,"{'line': 1338, 'column': 6, 'index': 39738}","  1336 |       $button1.element.focus()
  1337 |       await $button1.trigger('focusin')
> 1338 |       expect(document.activeElement).toBe($button1.element)
       |      ^ Duplicate Assert
  1339 |       expect(document.activeElement).not.toBe($content.element)
  1340 |
  1341 |       // Try to focus button2"
/home/gabriel/Disk/Research/research-javascript-test-smells/repositories/bootstrap-vue-dev/src/components/modal/modal.spec.js,Duplicate Assert,"{'line': 1339, 'column': 6, 'index': 39798}","  1337 |       await $button1.trigger('focusin')
  1338 |       expect(document.activeElement).toBe($button1.element)
> 1339 |       expect(document.activeElement).not.toBe($content.element)
       |      ^ Duplicate Assert
  1340 |
  1341 |       // Try to focus button2
  1342 |       $button2.element.focus()"
/home/gabriel/Disk/Research/research-javascript-test-smells/repositories/bootstrap-vue-dev/src/components/modal/modal.spec.js,Duplicate Assert,"{'line': 1339, 'column': 6, 'index': 39798}","  1337 |       await $button1.trigger('focusin')
  1338 |       expect(document.activeElement).toBe($button1.element)
> 1339 |       expect(document.activeElement).not.toBe($content.element)
       |      ^ Duplicate Assert
  1340 |
  1341 |       // Try to focus button2
  1342 |       $button2.element.focus()"
/home/gabriel/Disk/Research/research-javascript-test-smells/repositories/bootstrap-vue-dev/src/components/modal/modal.spec.js,Duplicate Assert,"{'line': 1344, 'column': 6, 'index': 39964}","  1342 |       $button2.element.focus()
  1343 |       await $button2.trigger('focusin')
> 1344 |       expect(document.activeElement).toBe($button2.element)
       |      ^ Duplicate Assert
  1345 |       expect(document.activeElement).not.toBe($content.element)
  1346 |
  1347 |       wrapper.destroy()"
/home/gabriel/Disk/Research/research-javascript-test-smells/repositories/bootstrap-vue-dev/src/components/modal/modal.spec.js,Duplicate Assert,"{'line': 1345, 'column': 6, 'index': 40024}","  1343 |       await $button2.trigger('focusin')
  1344 |       expect(document.activeElement).toBe($button2.element)
> 1345 |       expect(document.activeElement).not.toBe($content.element)
       |      ^ Duplicate Assert
  1346 |
  1347 |       wrapper.destroy()
  1348 |     })"
/home/gabriel/Disk/Research/research-javascript-test-smells/repositories/bootstrap-vue-dev/src/components/modal/modal.spec.js,Duplicate Assert,"{'line': 1345, 'column': 6, 'index': 40024}","  1343 |       await $button2.trigger('focusin')
  1344 |       expect(document.activeElement).toBe($button2.element)
> 1345 |       expect(document.activeElement).not.toBe($content.element)
       |      ^ Duplicate Assert
  1346 |
  1347 |       wrapper.destroy()
  1348 |     })"
/home/gabriel/Disk/Research/research-javascript-test-smells/repositories/bootstrap-vue-dev/src/components/modal/modal.spec.js,Duplicate Assert,"{'line': 1400, 'column': 6, 'index': 41658}","  1398 |
  1399 |       expect($modal.element.style.display).toEqual('block')
> 1400 |       expect(document.activeElement).not.toBe(document.body)
       |      ^ Duplicate Assert
  1401 |       expect(document.activeElement).toBe($content.element)
  1402 |
  1403 |       // Try to focus button1"
/home/gabriel/Disk/Research/research-javascript-test-smells/repositories/bootstrap-vue-dev/src/components/modal/modal.spec.js,Duplicate Assert,"{'line': 1401, 'column': 6, 'index': 41719}","  1399 |       expect($modal.element.style.display).toEqual('block')
  1400 |       expect(document.activeElement).not.toBe(document.body)
> 1401 |       expect(document.activeElement).toBe($content.element)
       |      ^ Duplicate Assert
  1402 |
  1403 |       // Try to focus button1
  1404 |       $button1.element.focus()"
/home/gabriel/Disk/Research/research-javascript-test-smells/repositories/bootstrap-vue-dev/src/components/modal/modal.spec.js,Duplicate Assert,"{'line': 1401, 'column': 6, 'index': 41719}","  1399 |       expect($modal.element.style.display).toEqual('block')
  1400 |       expect(document.activeElement).not.toBe(document.body)
> 1401 |       expect(document.activeElement).toBe($content.element)
       |      ^ Duplicate Assert
  1402 |
  1403 |       // Try to focus button1
  1404 |       $button1.element.focus()"
/home/gabriel/Disk/Research/research-javascript-test-smells/repositories/bootstrap-vue-dev/src/components/modal/modal.spec.js,Duplicate Assert,"{'line': 1406, 'column': 6, 'index': 41881}","  1404 |       $button1.element.focus()
  1405 |       await $button1.trigger('focusin')
> 1406 |       expect(document.activeElement).toBe($button1.element)
       |      ^ Duplicate Assert
  1407 |       expect(document.activeElement).not.toBe($content.element)
  1408 |
  1409 |       // Try to focus button2"
/home/gabriel/Disk/Research/research-javascript-test-smells/repositories/bootstrap-vue-dev/src/components/modal/modal.spec.js,Duplicate Assert,"{'line': 1407, 'column': 6, 'index': 41941}","  1405 |       await $button1.trigger('focusin')
  1406 |       expect(document.activeElement).toBe($button1.element)
> 1407 |       expect(document.activeElement).not.toBe($content.element)
       |      ^ Duplicate Assert
  1408 |
  1409 |       // Try to focus button2
  1410 |       $button2.element.focus()"
/home/gabriel/Disk/Research/research-javascript-test-smells/repositories/bootstrap-vue-dev/src/components/modal/modal.spec.js,Duplicate Assert,"{'line': 1412, 'column': 6, 'index': 42107}","  1410 |       $button2.element.focus()
  1411 |       await $button2.trigger('focusin')
> 1412 |       expect(document.activeElement).not.toBe($button2.element)
       |      ^ Duplicate Assert
  1413 |       expect(document.activeElement).toBe($content.element)
  1414 |
  1415 |       wrapper.destroy()"
/home/gabriel/Disk/Research/research-javascript-test-smells/repositories/bootstrap-vue-dev/src/components/modal/modal.spec.js,Duplicate Assert,"{'line': 1413, 'column': 6, 'index': 42171}","  1411 |       await $button2.trigger('focusin')
  1412 |       expect(document.activeElement).not.toBe($button2.element)
> 1413 |       expect(document.activeElement).toBe($content.element)
       |      ^ Duplicate Assert
  1414 |
  1415 |       wrapper.destroy()
  1416 |     })"
/home/gabriel/Disk/Research/research-javascript-test-smells/repositories/bootstrap-vue-dev/src/components/modal/modal.spec.js,Duplicate Assert,"{'line': 1413, 'column': 6, 'index': 42171}","  1411 |       await $button2.trigger('focusin')
  1412 |       expect(document.activeElement).not.toBe($button2.element)
> 1413 |       expect(document.activeElement).toBe($content.element)
       |      ^ Duplicate Assert
  1414 |
  1415 |       wrapper.destroy()
  1416 |     })"
/home/gabriel/Disk/Research/research-javascript-test-smells/repositories/bootstrap-vue-dev/src/components/modal/modal.spec.js,Magic Number,"{'line': 46, 'column': 44, 'index': 1306}","  44 |       // Main outer wrapper (has z-index, etc.)... The stacker <div>
  45 |       expect(wrapper.element.tagName).toBe('DIV')
> 46 |       expect(wrapper.classes().length).toBe(0)
     |                                            ^ Magic Number
  47 |       expect(wrapper.element.style.position).toEqual('absolute')
  48 |       expect(wrapper.element.style.zIndex).toEqual(`${DEFAULT_ZINDEX}`)
  49 |"
/home/gabriel/Disk/Research/research-javascript-test-smells/repositories/bootstrap-vue-dev/src/components/modal/modal.spec.js,Magic Number,"{'line': 126, 'column': 44, 'index': 3787}","  124 |       // Main outer wrapper (has z-index, etc.)... The stacker <div>
  125 |       expect(wrapper.element.tagName).toBe('DIV')
> 126 |       expect(wrapper.classes().length).toBe(0)
      |                                            ^ Magic Number
  127 |       expect(wrapper.element.style.position).toEqual('absolute')
  128 |       expect(wrapper.element.style.zIndex).toEqual(`${DEFAULT_ZINDEX}`)
  129 |"
/home/gabriel/Disk/Research/research-javascript-test-smells/repositories/bootstrap-vue-dev/src/components/modal/modal.spec.js,Magic Number,"{'line': 213, 'column': 44, 'index': 6663}","  211 |       // Main outer wrapper (has z-index, etc.)... The stacker <div>
  212 |       expect(wrapper.element.tagName).toBe('DIV')
> 213 |       expect(wrapper.classes().length).toBe(0)
      |                                            ^ Magic Number
  214 |       expect(wrapper.element.style.position).toEqual('absolute')
  215 |       expect(wrapper.element.style.zIndex).toEqual(`${DEFAULT_ZINDEX}`)
  216 |"
/home/gabriel/Disk/Research/research-javascript-test-smells/repositories/bootstrap-vue-dev/src/components/modal/modal.spec.js,Magic Number,"{'line': 324, 'column': 35, 'index': 9931}","  322 |
  323 |       const $buttons = wrapper.findAll('footer button')
> 324 |       expect($buttons.length).toBe(2)
      |                                   ^ Magic Number
  325 |
  326 |       // Cancel button (left-most button)
  327 |       const $cancel = $buttons.at(0)"
/home/gabriel/Disk/Research/research-javascript-test-smells/repositories/bootstrap-vue-dev/src/components/modal/modal.spec.js,Magic Number,"{'line': 353, 'column': 35, 'index': 10838}","  351 |
  352 |       const $buttons = wrapper.findAll('header button')
> 353 |       expect($buttons.length).toBe(1)
      |                                   ^ Magic Number
  354 |
  355 |       // Close button
  356 |       const $close = $buttons.at(0)"
/home/gabriel/Disk/Research/research-javascript-test-smells/repositories/bootstrap-vue-dev/src/components/modal/modal.spec.js,Magic Number,"{'line': 376, 'column': 35, 'index': 11510}","  374 |
  375 |       const $buttons = wrapper.findAll('footer button')
> 376 |       expect($buttons.length).toBe(2)
      |                                   ^ Magic Number
  377 |
  378 |       // Cancel button (left-most button)
  379 |       const $cancel = $buttons.at(0)"
/home/gabriel/Disk/Research/research-javascript-test-smells/repositories/bootstrap-vue-dev/src/components/modal/modal.spec.js,Magic Number,"{'line': 409, 'column': 35, 'index': 12539}","  407 |
  408 |       const $buttons = wrapper.findAll('footer button')
> 409 |       expect($buttons.length).toBe(2)
      |                                   ^ Magic Number
  410 |
  411 |       // Cancel button (left-most button)
  412 |       const $cancel = $buttons.at(0)"
/home/gabriel/Disk/Research/research-javascript-test-smells/repositories/bootstrap-vue-dev/src/components/modal/modal.spec.js,Magic Number,"{'line': 465, 'column': 35, 'index': 14138}","  463 |
  464 |       const $buttons = wrapper.findAll('header button')
> 465 |       expect($buttons.length).toBe(1)
      |                                   ^ Magic Number
  466 |
  467 |       // Close button
  468 |       const $close = $buttons.at(0)"
/home/gabriel/Disk/Research/research-javascript-test-smells/repositories/bootstrap-vue-dev/src/components/modal/modal.spec.js,Magic Number,"{'line': 542, 'column': 35, 'index': 16266}","  540 |
  541 |       const $buttons = wrapper.findAll('footer button')
> 542 |       expect($buttons.length).toBe(2)
      |                                   ^ Magic Number
  543 |
  544 |       // Cancel button (left-most button)
  545 |       const $cancel = $buttons.at(0)"
/home/gabriel/Disk/Research/research-javascript-test-smells/repositories/bootstrap-vue-dev/src/components/modal/modal.spec.js,Magic Number,"{'line': 584, 'column': 48, 'index': 17481}","  582 |       // Modal should have emitted these events
  583 |       expect(wrapper.emitted('ok')).toBeDefined()
> 584 |       expect(wrapper.emitted('ok').length).toBe(1)
      |                                                ^ Magic Number
  585 |       expect(wrapper.emitted('cancel')).toBeDefined()
  586 |       expect(wrapper.emitted('cancel').length).toBe(1)
  587 |       expect(wrapper.emitted('hidden')).toBeDefined()"
/home/gabriel/Disk/Research/research-javascript-test-smells/repositories/bootstrap-vue-dev/src/components/modal/modal.spec.js,Magic Number,"{'line': 586, 'column': 52, 'index': 17590}","  584 |       expect(wrapper.emitted('ok').length).toBe(1)
  585 |       expect(wrapper.emitted('cancel')).toBeDefined()
> 586 |       expect(wrapper.emitted('cancel').length).toBe(1)
      |                                                    ^ Magic Number
  587 |       expect(wrapper.emitted('hidden')).toBeDefined()
  588 |       expect(wrapper.emitted('hidden').length).toBe(1)
  589 |"
/home/gabriel/Disk/Research/research-javascript-test-smells/repositories/bootstrap-vue-dev/src/components/modal/modal.spec.js,Magic Number,"{'line': 588, 'column': 52, 'index': 17699}","  586 |       expect(wrapper.emitted('cancel').length).toBe(1)
  587 |       expect(wrapper.emitted('hidden')).toBeDefined()
> 588 |       expect(wrapper.emitted('hidden').length).toBe(1)
      |                                                    ^ Magic Number
  589 |
  590 |       wrapper.destroy()
  591 |     })"
/home/gabriel/Disk/Research/research-javascript-test-smells/repositories/bootstrap-vue-dev/src/components/modal/modal.spec.js,Magic Number,"{'line': 639, 'column': 50, 'index': 18992}","  637 |       // Modal should have emitted these events
  638 |       expect(wrapper.emitted('hide')).toBeDefined()
> 639 |       expect(wrapper.emitted('hide').length).toBe(1)
      |                                                  ^ Magic Number
  640 |       expect(wrapper.emitted('hidden')).toBeDefined()
  641 |       expect(wrapper.emitted('hidden').length).toBe(1)
  642 |"
/home/gabriel/Disk/Research/research-javascript-test-smells/repositories/bootstrap-vue-dev/src/components/modal/modal.spec.js,Magic Number,"{'line': 641, 'column': 52, 'index': 19101}","  639 |       expect(wrapper.emitted('hide').length).toBe(1)
  640 |       expect(wrapper.emitted('hidden')).toBeDefined()
> 641 |       expect(wrapper.emitted('hidden').length).toBe(1)
      |                                                    ^ Magic Number
  642 |
  643 |       expect(wrapper.emitted('ok')).toBeUndefined()
  644 |       expect(wrapper.emitted('cancel')).toBeUndefined()"
/home/gabriel/Disk/Research/research-javascript-test-smells/repositories/bootstrap-vue-dev/src/components/modal/modal.spec.js,Magic Number,"{'line': 695, 'column': 50, 'index': 20509}","  693 |       // Modal should have emitted these events
  694 |       expect(wrapper.emitted('hide')).toBeDefined()
> 695 |       expect(wrapper.emitted('hide').length).toBe(1)
      |                                                  ^ Magic Number
  696 |       expect(wrapper.emitted('hidden')).toBeDefined()
  697 |       expect(wrapper.emitted('hidden').length).toBe(1)
  698 |"
/home/gabriel/Disk/Research/research-javascript-test-smells/repositories/bootstrap-vue-dev/src/components/modal/modal.spec.js,Magic Number,"{'line': 697, 'column': 52, 'index': 20618}","  695 |       expect(wrapper.emitted('hide').length).toBe(1)
  696 |       expect(wrapper.emitted('hidden')).toBeDefined()
> 697 |       expect(wrapper.emitted('hidden').length).toBe(1)
      |                                                    ^ Magic Number
  698 |
  699 |       expect(wrapper.emitted('ok')).toBeUndefined()
  700 |       expect(wrapper.emitted('cancel')).toBeUndefined()"
/home/gabriel/Disk/Research/research-javascript-test-smells/repositories/bootstrap-vue-dev/src/components/modal/helpers/bv-modal.spec.js,Duplicate Assert,"{'line': 33, 'column': 4, 'index': 956}","  31 |     expect($modal.exists()).toBe(true)
  32 |
> 33 |     expect($modal.element.style.display).toEqual('none')
     |    ^ Duplicate Assert
  34 |
  35 |     wrapper.vm.$bvModal.show('test1')
  36 |"
/home/gabriel/Disk/Research/research-javascript-test-smells/repositories/bootstrap-vue-dev/src/components/modal/helpers/bv-modal.spec.js,Duplicate Assert,"{'line': 33, 'column': 4, 'index': 956}","  31 |     expect($modal.exists()).toBe(true)
  32 |
> 33 |     expect($modal.element.style.display).toEqual('none')
     |    ^ Duplicate Assert
  34 |
  35 |     wrapper.vm.$bvModal.show('test1')
  36 |"
/home/gabriel/Disk/Research/research-javascript-test-smells/repositories/bootstrap-vue-dev/src/components/modal/helpers/bv-modal.spec.js,Duplicate Assert,"{'line': 42, 'column': 4, 'index': 1152}","  40 |     await waitRAF()
  41 |
> 42 |     expect($modal.element.style.display).not.toEqual('none')
     |    ^ Duplicate Assert
  43 |
  44 |     wrapper.vm.$bvModal.hide('test1')
  45 |"
/home/gabriel/Disk/Research/research-javascript-test-smells/repositories/bootstrap-vue-dev/src/components/modal/helpers/bv-modal.spec.js,Duplicate Assert,"{'line': 51, 'column': 4, 'index': 1352}","  49 |     await waitRAF()
  50 |
> 51 |     expect($modal.element.style.display).toEqual('none')
     |    ^ Duplicate Assert
  52 |
  53 |     wrapper.destroy()
  54 |   })"
/home/gabriel/Disk/Research/research-javascript-test-smells/repositories/bootstrap-vue-dev/src/components/modal/helpers/bv-modal.spec.js,Duplicate Assert,"{'line': 51, 'column': 4, 'index': 1352}","  49 |     await waitRAF()
  50 |
> 51 |     expect($modal.element.style.display).toEqual('none')
     |    ^ Duplicate Assert
  52 |
  53 |     wrapper.destroy()
  54 |   })"
/home/gabriel/Disk/Research/research-javascript-test-smells/repositories/bootstrap-vue-dev/src/components/modal/helpers/bv-modal.spec.js,Duplicate Assert,"{'line': 79, 'column': 4, 'index': 1982}","  77 |       title: 'title'
  78 |     })
> 79 |     expect(p).toBeDefined()
     |    ^ Duplicate Assert
  80 |     expect(p).toBeInstanceOf(Promise)
  81 |
  82 |     await waitNT(wrapper.vm)"
/home/gabriel/Disk/Research/research-javascript-test-smells/repositories/bootstrap-vue-dev/src/components/modal/helpers/bv-modal.spec.js,Duplicate Assert,"{'line': 80, 'column': 4, 'index': 2010}","  78 |     })
  79 |     expect(p).toBeDefined()
> 80 |     expect(p).toBeInstanceOf(Promise)
     |    ^ Duplicate Assert
  81 |
  82 |     await waitNT(wrapper.vm)
  83 |     await waitRAF()"
/home/gabriel/Disk/Research/research-javascript-test-smells/repositories/bootstrap-vue-dev/src/components/modal/helpers/bv-modal.spec.js,Duplicate Assert,"{'line': 91, 'column': 4, 'index': 2270}","  89 |     // Find the modal
  90 |     const modal = document.querySelector('#test2')
> 91 |     expect(modal).toBeDefined()
     |    ^ Duplicate Assert
  92 |     expect(modal).not.toEqual(null)
  93 |     const $modal = createWrapper(modal)
  94 |     expect($modal.element.tagName).toBe('DIV')"
/home/gabriel/Disk/Research/research-javascript-test-smells/repositories/bootstrap-vue-dev/src/components/modal/helpers/bv-modal.spec.js,Duplicate Assert,"{'line': 92, 'column': 4, 'index': 2302}","  90 |     const modal = document.querySelector('#test2')
  91 |     expect(modal).toBeDefined()
> 92 |     expect(modal).not.toEqual(null)
     |    ^ Duplicate Assert
  93 |     const $modal = createWrapper(modal)
  94 |     expect($modal.element.tagName).toBe('DIV')
  95 |"
/home/gabriel/Disk/Research/research-javascript-test-smells/repositories/bootstrap-vue-dev/src/components/modal/helpers/bv-modal.spec.js,Duplicate Assert,"{'line': 140, 'column': 4, 'index': 3542}","  138 |       title: 'title'
  139 |     })
> 140 |     expect(p).toBeDefined()
      |    ^ Duplicate Assert
  141 |     expect(p).toBeInstanceOf(Promise)
  142 |
  143 |     await waitNT(wrapper.vm)"
/home/gabriel/Disk/Research/research-javascript-test-smells/repositories/bootstrap-vue-dev/src/components/modal/helpers/bv-modal.spec.js,Duplicate Assert,"{'line': 141, 'column': 4, 'index': 3570}","  139 |     })
  140 |     expect(p).toBeDefined()
> 141 |     expect(p).toBeInstanceOf(Promise)
      |    ^ Duplicate Assert
  142 |
  143 |     await waitNT(wrapper.vm)
  144 |     await waitRAF()"
/home/gabriel/Disk/Research/research-javascript-test-smells/repositories/bootstrap-vue-dev/src/components/modal/helpers/bv-modal.spec.js,Duplicate Assert,"{'line': 152, 'column': 4, 'index': 3830}","  150 |     // Find the modal
  151 |     const modal = document.querySelector('#test3')
> 152 |     expect(modal).toBeDefined()
      |    ^ Duplicate Assert
  153 |     expect(modal).not.toEqual(null)
  154 |     const $modal = createWrapper(modal)
  155 |     expect($modal.element.tagName).toBe('DIV')"
/home/gabriel/Disk/Research/research-javascript-test-smells/repositories/bootstrap-vue-dev/src/components/modal/helpers/bv-modal.spec.js,Duplicate Assert,"{'line': 153, 'column': 4, 'index': 3862}","  151 |     const modal = document.querySelector('#test3')
  152 |     expect(modal).toBeDefined()
> 153 |     expect(modal).not.toEqual(null)
      |    ^ Duplicate Assert
  154 |     const $modal = createWrapper(modal)
  155 |     expect($modal.element.tagName).toBe('DIV')
  156 |"
/home/gabriel/Disk/Research/research-javascript-test-smells/repositories/bootstrap-vue-dev/src/components/modal/helpers/bv-modal.spec.js,Magic Number,"{'line': 97, 'column': 49, 'index': 2510}","   95 |
   96 |     // Find the OK button and click it
>  97 |     expect($modal.findAll('button').length).toBe(1)
      |                                                 ^ Magic Number
   98 |     const $button = $modal.find('button')
   99 |     expect($button.text()).toEqual('OK')
  100 |     await $button.trigger('click')"
/home/gabriel/Disk/Research/research-javascript-test-smells/repositories/bootstrap-vue-dev/src/components/modal/helpers/bv-modal.spec.js,Magic Number,"{'line': 158, 'column': 49, 'index': 4074}","  156 |
  157 |     // Find the CANCEL button and click it
> 158 |     expect($modal.findAll('button').length).toBe(2)
      |                                                 ^ Magic Number
  159 |     const $buttons = $modal.findAll('button')
  160 |     expect($buttons.at(0).text()).toEqual('Cancel')
  161 |     expect($buttons.at(1).text()).toEqual('OK')"
/home/gabriel/Disk/Research/research-javascript-test-smells/repositories/bootstrap-vue-dev/src/components/modal/helpers/bv-modal-event.class.spec.js,Duplicate Assert,"{'line': 7, 'column': 4, 'index': 229}","   5 |   it('works', async () => {
   6 |     const event = new BvModalEvent('foobar')
>  7 |     expect(event).toBeInstanceOf(BvModalEvent)
     |    ^ Duplicate Assert
   8 |     expect(event).toBeInstanceOf(BvEvent)
   9 |     expect(event.type).toBe('foobar')
  10 |   })"
/home/gabriel/Disk/Research/research-javascript-test-smells/repositories/bootstrap-vue-dev/src/components/modal/helpers/bv-modal-event.class.spec.js,Duplicate Assert,"{'line': 8, 'column': 4, 'index': 276}","   6 |     const event = new BvModalEvent('foobar')
   7 |     expect(event).toBeInstanceOf(BvModalEvent)
>  8 |     expect(event).toBeInstanceOf(BvEvent)
     |    ^ Duplicate Assert
   9 |     expect(event.type).toBe('foobar')
  10 |   })
  11 |"
/home/gabriel/Disk/Research/research-javascript-test-smells/repositories/bootstrap-vue-dev/src/components/modal/helpers/bv-modal-event.class.spec.js,Duplicate Assert,"{'line': 20, 'column': 4, 'index': 549}","  18 |       failed = true
  19 |     }
> 20 |     expect(event).not.toBeInstanceOf(BvModalEvent)
     |    ^ Duplicate Assert
  21 |     expect(event).not.toBeInstanceOf(BvEvent)
  22 |     expect(event).toBe(null)
  23 |     expect(failed).toBe(true)"
/home/gabriel/Disk/Research/research-javascript-test-smells/repositories/bootstrap-vue-dev/src/components/modal/helpers/bv-modal-event.class.spec.js,Duplicate Assert,"{'line': 21, 'column': 4, 'index': 600}","  19 |     }
  20 |     expect(event).not.toBeInstanceOf(BvModalEvent)
> 21 |     expect(event).not.toBeInstanceOf(BvEvent)
     |    ^ Duplicate Assert
  22 |     expect(event).toBe(null)
  23 |     expect(failed).toBe(true)
  24 |   })"
/home/gabriel/Disk/Research/research-javascript-test-smells/repositories/bootstrap-vue-dev/src/components/modal/helpers/bv-modal-event.class.spec.js,Duplicate Assert,"{'line': 22, 'column': 4, 'index': 646}","  20 |     expect(event).not.toBeInstanceOf(BvModalEvent)
  21 |     expect(event).not.toBeInstanceOf(BvEvent)
> 22 |     expect(event).toBe(null)
     |    ^ Duplicate Assert
  23 |     expect(failed).toBe(true)
  24 |   })
  25 |"
/home/gabriel/Disk/Research/research-javascript-test-smells/repositories/bootstrap-vue-dev/src/components/modal/helpers/bv-modal-event.class.spec.js,Duplicate Assert,"{'line': 33, 'column': 4, 'index': 989}","  31 |     expect(event.type).toBe('foobar')
  32 |     expect(event.cancelable).toBe(true)
> 33 |     expect(event.defaultPrevented).toBe(false)
     |    ^ Duplicate Assert
  34 |     event.preventDefault()
  35 |     expect(event.defaultPrevented).toBe(true)
  36 |   })"
/home/gabriel/Disk/Research/research-javascript-test-smells/repositories/bootstrap-vue-dev/src/components/modal/helpers/bv-modal-event.class.spec.js,Duplicate Assert,"{'line': 35, 'column': 4, 'index': 1063}","  33 |     expect(event.defaultPrevented).toBe(false)
  34 |     event.preventDefault()
> 35 |     expect(event.defaultPrevented).toBe(true)
     |    ^ Duplicate Assert
  36 |   })
  37 |
  38 |   it('supports non cancelable events', async () => {"
/home/gabriel/Disk/Research/research-javascript-test-smells/repositories/bootstrap-vue-dev/src/components/modal/helpers/bv-modal-event.class.spec.js,Duplicate Assert,"{'line': 45, 'column': 4, 'index': 1372}","  43 |     expect(event.type).toBe('foobar')
  44 |     expect(event.cancelable).toBe(false)
> 45 |     expect(event.defaultPrevented).toBe(false)
     |    ^ Duplicate Assert
  46 |     event.preventDefault()
  47 |     expect(event.defaultPrevented).toBe(false)
  48 |   })"
/home/gabriel/Disk/Research/research-javascript-test-smells/repositories/bootstrap-vue-dev/src/components/modal/helpers/bv-modal-event.class.spec.js,Duplicate Assert,"{'line': 45, 'column': 4, 'index': 1372}","  43 |     expect(event.type).toBe('foobar')
  44 |     expect(event.cancelable).toBe(false)
> 45 |     expect(event.defaultPrevented).toBe(false)
     |    ^ Duplicate Assert
  46 |     event.preventDefault()
  47 |     expect(event.defaultPrevented).toBe(false)
  48 |   })"
/home/gabriel/Disk/Research/research-javascript-test-smells/repositories/bootstrap-vue-dev/src/components/modal/helpers/bv-modal-event.class.spec.js,Duplicate Assert,"{'line': 47, 'column': 4, 'index': 1446}","  45 |     expect(event.defaultPrevented).toBe(false)
  46 |     event.preventDefault()
> 47 |     expect(event.defaultPrevented).toBe(false)
     |    ^ Duplicate Assert
  48 |   })
  49 |
  50 |   it('supports built in properties', async () => {"
/home/gabriel/Disk/Research/research-javascript-test-smells/repositories/bootstrap-vue-dev/src/components/modal/helpers/bv-modal-event.class.spec.js,Duplicate Assert,"{'line': 47, 'column': 4, 'index': 1446}","  45 |     expect(event.defaultPrevented).toBe(false)
  46 |     event.preventDefault()
> 47 |     expect(event.defaultPrevented).toBe(false)
     |    ^ Duplicate Assert
  48 |   })
  49 |
  50 |   it('supports built in properties', async () => {"
/home/gabriel/Disk/Research/research-javascript-test-smells/repositories/bootstrap-vue-dev/src/components/modal/helpers/bv-modal-event.class.spec.js,Duplicate Assert,"{'line': 60, 'column': 4, 'index': 1833}","  58 |     expect(event.cancelable).toBe(true)
  59 |     expect(event.target).toBe('baz')
> 60 |     expect(event.trigger).toBe('ok')
     |    ^ Duplicate Assert
  61 |     expect(event.componentId).toBe('foo')
  62 |
  63 |     let failed = false"
/home/gabriel/Disk/Research/research-javascript-test-smells/repositories/bootstrap-vue-dev/src/components/modal/helpers/bv-modal-event.class.spec.js,Duplicate Assert,"{'line': 60, 'column': 4, 'index': 1833}","  58 |     expect(event.cancelable).toBe(true)
  59 |     expect(event.target).toBe('baz')
> 60 |     expect(event.trigger).toBe('ok')
     |    ^ Duplicate Assert
  61 |     expect(event.componentId).toBe('foo')
  62 |
  63 |     let failed = false"
/home/gabriel/Disk/Research/research-javascript-test-smells/repositories/bootstrap-vue-dev/src/components/modal/helpers/bv-modal-event.class.spec.js,Duplicate Assert,"{'line': 70, 'column': 4, 'index': 2051}","  68 |     }
  69 |     expect(failed).toBe(true)
> 70 |     expect(event.trigger).toBe('ok')
     |    ^ Duplicate Assert
  71 |   })
  72 |
  73 |   it('supports custom properties', async () => {"
/home/gabriel/Disk/Research/research-javascript-test-smells/repositories/bootstrap-vue-dev/src/components/modal/helpers/bv-modal-event.class.spec.js,Duplicate Assert,"{'line': 70, 'column': 4, 'index': 2051}","  68 |     }
  69 |     expect(failed).toBe(true)
> 70 |     expect(event.trigger).toBe('ok')
     |    ^ Duplicate Assert
  71 |   })
  72 |
  73 |   it('supports custom properties', async () => {"
/home/gabriel/Disk/Research/research-javascript-test-smells/repositories/bootstrap-vue-dev/src/components/modal/helpers/bv-modal-event.class.spec.js,Exception Handling,"{'line': 15, 'column': 4, 'index': 462}","  13 |     let event = null
  14 |     let failed = false
> 15 |     try {
     |    ^ Exception Handling
  16 |       event = new BvModalEvent()
  17 |     } catch (e) {
  18 |       failed = true"
/home/gabriel/Disk/Research/research-javascript-test-smells/repositories/bootstrap-vue-dev/src/components/modal/helpers/bv-modal-event.class.spec.js,Exception Handling,"{'line': 64, 'column': 4, 'index': 1936}","  62 |
  63 |     let failed = false
> 64 |     try {
     |    ^ Exception Handling
  65 |       event.trigger = 'foobar'
  66 |     } catch (e) {
  67 |       failed = true"
/home/gabriel/Disk/Research/research-javascript-test-smells/repositories/bootstrap-vue-dev/src/components/modal/helpers/bv-modal-event.class.spec.js,Magic Number,"{'line': 80, 'column': 30, 'index': 2356}","  78 |     expect(event.type).toBe('foobar')
  79 |     expect(event.cancelable).toBe(true)
> 80 |     expect(event.custom).toBe(123)
     |                              ^ Magic Number
  81 |   })
  82 | })
  83 |"
/home/gabriel/Disk/Research/research-javascript-test-smells/repositories/bootstrap-vue-dev/src/components/media/media.spec.js,Magic Number,"{'line': 10, 'column': 42, 'index': 327}","   8 |     expect(wrapper.element.tagName).toBe('DIV')
   9 |     expect(wrapper.classes()).toContain('media')
> 10 |     expect(wrapper.classes().length).toBe(1)
     |                                          ^ Magic Number
  11 |     expect(wrapper.findAll('.media-body').length).toBe(1)
  12 |     expect(wrapper.findAll('.media-aside').length).toBe(0)
  13 |     expect(wrapper.text()).toEqual('')"
/home/gabriel/Disk/Research/research-javascript-test-smells/repositories/bootstrap-vue-dev/src/components/media/media.spec.js,Magic Number,"{'line': 11, 'column': 55, 'index': 385}","   9 |     expect(wrapper.classes()).toContain('media')
  10 |     expect(wrapper.classes().length).toBe(1)
> 11 |     expect(wrapper.findAll('.media-body').length).toBe(1)
     |                                                       ^ Magic Number
  12 |     expect(wrapper.findAll('.media-aside').length).toBe(0)
  13 |     expect(wrapper.text()).toEqual('')
  14 |     expect(wrapper.findAll('.media > *').length).toBe(1)"
/home/gabriel/Disk/Research/research-javascript-test-smells/repositories/bootstrap-vue-dev/src/components/media/media.spec.js,Magic Number,"{'line': 12, 'column': 56, 'index': 444}","  10 |     expect(wrapper.classes().length).toBe(1)
  11 |     expect(wrapper.findAll('.media-body').length).toBe(1)
> 12 |     expect(wrapper.findAll('.media-aside').length).toBe(0)
     |                                                        ^ Magic Number
  13 |     expect(wrapper.text()).toEqual('')
  14 |     expect(wrapper.findAll('.media > *').length).toBe(1)
  15 |"
/home/gabriel/Disk/Research/research-javascript-test-smells/repositories/bootstrap-vue-dev/src/components/media/media.spec.js,Magic Number,"{'line': 14, 'column': 54, 'index': 540}","  12 |     expect(wrapper.findAll('.media-aside').length).toBe(0)
  13 |     expect(wrapper.text()).toEqual('')
> 14 |     expect(wrapper.findAll('.media > *').length).toBe(1)
     |                                                      ^ Magic Number
  15 |
  16 |     wrapper.destroy()
  17 |   })"
/home/gabriel/Disk/Research/research-javascript-test-smells/repositories/bootstrap-vue-dev/src/components/media/media.spec.js,Magic Number,"{'line': 28, 'column': 42, 'index': 879}","  26 |     expect(wrapper.element.tagName).toBe('SECTION')
  27 |     expect(wrapper.classes()).toContain('media')
> 28 |     expect(wrapper.classes().length).toBe(1)
     |                                          ^ Magic Number
  29 |
  30 |     wrapper.destroy()
  31 |   })"
/home/gabriel/Disk/Research/research-javascript-test-smells/repositories/bootstrap-vue-dev/src/components/media/media.spec.js,Magic Number,"{'line': 42, 'column': 42, 'index': 1212}","  40 |     expect(wrapper.element.tagName).toBe('DIV')
  41 |     expect(wrapper.classes()).toContain('media')
> 42 |     expect(wrapper.classes().length).toBe(1)
     |                                          ^ Magic Number
  43 |     expect(wrapper.findAll('.media-body').length).toBe(1)
  44 |     expect(wrapper.findAll('.media-aside').length).toBe(1)
  45 |     expect(wrapper.findAll('.media > *').length).toBe(2)"
/home/gabriel/Disk/Research/research-javascript-test-smells/repositories/bootstrap-vue-dev/src/components/media/media.spec.js,Magic Number,"{'line': 43, 'column': 55, 'index': 1270}","  41 |     expect(wrapper.classes()).toContain('media')
  42 |     expect(wrapper.classes().length).toBe(1)
> 43 |     expect(wrapper.findAll('.media-body').length).toBe(1)
     |                                                       ^ Magic Number
  44 |     expect(wrapper.findAll('.media-aside').length).toBe(1)
  45 |     expect(wrapper.findAll('.media > *').length).toBe(2)
  46 |     expect(wrapper.find('.media > .media-aside + .media-body').exists()).toBe(true)"
/home/gabriel/Disk/Research/research-javascript-test-smells/repositories/bootstrap-vue-dev/src/components/media/media.spec.js,Magic Number,"{'line': 44, 'column': 56, 'index': 1329}","  42 |     expect(wrapper.classes().length).toBe(1)
  43 |     expect(wrapper.findAll('.media-body').length).toBe(1)
> 44 |     expect(wrapper.findAll('.media-aside').length).toBe(1)
     |                                                        ^ Magic Number
  45 |     expect(wrapper.findAll('.media > *').length).toBe(2)
  46 |     expect(wrapper.find('.media > .media-aside + .media-body').exists()).toBe(true)
  47 |     expect(wrapper.find('.media > .media-body + .media-aside').exists()).toBe(false)"
/home/gabriel/Disk/Research/research-javascript-test-smells/repositories/bootstrap-vue-dev/src/components/media/media.spec.js,Magic Number,"{'line': 45, 'column': 54, 'index': 1386}","  43 |     expect(wrapper.findAll('.media-body').length).toBe(1)
  44 |     expect(wrapper.findAll('.media-aside').length).toBe(1)
> 45 |     expect(wrapper.findAll('.media > *').length).toBe(2)
     |                                                      ^ Magic Number
  46 |     expect(wrapper.find('.media > .media-aside + .media-body').exists()).toBe(true)
  47 |     expect(wrapper.find('.media > .media-body + .media-aside').exists()).toBe(false)
  48 |"
/home/gabriel/Disk/Research/research-javascript-test-smells/repositories/bootstrap-vue-dev/src/components/media/media.spec.js,Magic Number,"{'line': 64, 'column': 42, 'index': 1971}","  62 |     expect(wrapper.element.tagName).toBe('DIV')
  63 |     expect(wrapper.classes()).toContain('media')
> 64 |     expect(wrapper.classes().length).toBe(1)
     |                                          ^ Magic Number
  65 |     expect(wrapper.findAll('.media-body').length).toBe(1)
  66 |     expect(wrapper.findAll('.media-aside').length).toBe(1)
  67 |     expect(wrapper.findAll('.media > *').length).toBe(2)"
/home/gabriel/Disk/Research/research-javascript-test-smells/repositories/bootstrap-vue-dev/src/components/media/media.spec.js,Magic Number,"{'line': 65, 'column': 55, 'index': 2029}","  63 |     expect(wrapper.classes()).toContain('media')
  64 |     expect(wrapper.classes().length).toBe(1)
> 65 |     expect(wrapper.findAll('.media-body').length).toBe(1)
     |                                                       ^ Magic Number
  66 |     expect(wrapper.findAll('.media-aside').length).toBe(1)
  67 |     expect(wrapper.findAll('.media > *').length).toBe(2)
  68 |     expect(wrapper.find('.media > .media-body + .media-aside').exists()).toBe(true)"
/home/gabriel/Disk/Research/research-javascript-test-smells/repositories/bootstrap-vue-dev/src/components/media/media.spec.js,Magic Number,"{'line': 66, 'column': 56, 'index': 2088}","  64 |     expect(wrapper.classes().length).toBe(1)
  65 |     expect(wrapper.findAll('.media-body').length).toBe(1)
> 66 |     expect(wrapper.findAll('.media-aside').length).toBe(1)
     |                                                        ^ Magic Number
  67 |     expect(wrapper.findAll('.media > *').length).toBe(2)
  68 |     expect(wrapper.find('.media > .media-body + .media-aside').exists()).toBe(true)
  69 |     expect(wrapper.find('.media > .media-aside + .media-body').exists()).toBe(false)"
/home/gabriel/Disk/Research/research-javascript-test-smells/repositories/bootstrap-vue-dev/src/components/media/media.spec.js,Magic Number,"{'line': 67, 'column': 54, 'index': 2145}","  65 |     expect(wrapper.findAll('.media-body').length).toBe(1)
  66 |     expect(wrapper.findAll('.media-aside').length).toBe(1)
> 67 |     expect(wrapper.findAll('.media > *').length).toBe(2)
     |                                                      ^ Magic Number
  68 |     expect(wrapper.find('.media > .media-body + .media-aside').exists()).toBe(true)
  69 |     expect(wrapper.find('.media > .media-aside + .media-body').exists()).toBe(false)
  70 |"
/home/gabriel/Disk/Research/research-javascript-test-smells/repositories/bootstrap-vue-dev/src/components/media/media.spec.js,Magic Number,"{'line': 83, 'column': 42, 'index': 2647}","  81 |     expect(wrapper.element.tagName).toBe('DIV')
  82 |     expect(wrapper.classes()).toContain('media')
> 83 |     expect(wrapper.classes().length).toBe(1)
     |                                          ^ Magic Number
  84 |     expect(wrapper.findAll('.media-body').length).toBe(1)
  85 |     expect(wrapper.text()).toEqual('foobar')
  86 |     expect(wrapper.find('.media-body').text()).toEqual('foobar')"
/home/gabriel/Disk/Research/research-javascript-test-smells/repositories/bootstrap-vue-dev/src/components/media/media.spec.js,Magic Number,"{'line': 84, 'column': 55, 'index': 2705}","  82 |     expect(wrapper.classes()).toContain('media')
  83 |     expect(wrapper.classes().length).toBe(1)
> 84 |     expect(wrapper.findAll('.media-body').length).toBe(1)
     |                                                       ^ Magic Number
  85 |     expect(wrapper.text()).toEqual('foobar')
  86 |     expect(wrapper.find('.media-body').text()).toEqual('foobar')
  87 |"
/home/gabriel/Disk/Research/research-javascript-test-smells/repositories/bootstrap-vue-dev/src/components/media/media.spec.js,Magic Number,"{'line': 100, 'column': 42, 'index': 3157}","   98 |     expect(wrapper.element.tagName).toBe('DIV')
   99 |     expect(wrapper.classes()).toContain('media')
> 100 |     expect(wrapper.classes().length).toBe(1)
      |                                          ^ Magic Number
  101 |     expect(wrapper.findAll('.media-body').length).toBe(0)
  102 |     expect(wrapper.text()).toEqual('')
  103 |     expect(wrapper.findAll('.media > *').length).toBe(0)"
/home/gabriel/Disk/Research/research-javascript-test-smells/repositories/bootstrap-vue-dev/src/components/media/media.spec.js,Magic Number,"{'line': 101, 'column': 55, 'index': 3215}","   99 |     expect(wrapper.classes()).toContain('media')
  100 |     expect(wrapper.classes().length).toBe(1)
> 101 |     expect(wrapper.findAll('.media-body').length).toBe(0)
      |                                                       ^ Magic Number
  102 |     expect(wrapper.text()).toEqual('')
  103 |     expect(wrapper.findAll('.media > *').length).toBe(0)
  104 |"
/home/gabriel/Disk/Research/research-javascript-test-smells/repositories/bootstrap-vue-dev/src/components/media/media.spec.js,Magic Number,"{'line': 103, 'column': 54, 'index': 3311}","  101 |     expect(wrapper.findAll('.media-body').length).toBe(0)
  102 |     expect(wrapper.text()).toEqual('')
> 103 |     expect(wrapper.findAll('.media > *').length).toBe(0)
      |                                                      ^ Magic Number
  104 |
  105 |     wrapper.destroy()
  106 |   })"
/home/gabriel/Disk/Research/research-javascript-test-smells/repositories/bootstrap-vue-dev/src/components/media/media.spec.js,Magic Number,"{'line': 120, 'column': 42, 'index': 3704}","  118 |     expect(wrapper.element.tagName).toBe('DIV')
  119 |     expect(wrapper.classes()).toContain('media')
> 120 |     expect(wrapper.classes().length).toBe(1)
      |                                          ^ Magic Number
  121 |     expect(wrapper.findAll('.media-body').length).toBe(0)
  122 |     expect(wrapper.text()).toEqual('foobar')
  123 |"
/home/gabriel/Disk/Research/research-javascript-test-smells/repositories/bootstrap-vue-dev/src/components/media/media.spec.js,Magic Number,"{'line': 121, 'column': 55, 'index': 3762}","  119 |     expect(wrapper.classes()).toContain('media')
  120 |     expect(wrapper.classes().length).toBe(1)
> 121 |     expect(wrapper.findAll('.media-body').length).toBe(0)
      |                                                       ^ Magic Number
  122 |     expect(wrapper.text()).toEqual('foobar')
  123 |
  124 |     wrapper.destroy()"
/home/gabriel/Disk/Research/research-javascript-test-smells/repositories/bootstrap-vue-dev/src/components/media/media.spec.js,Magic Number,"{'line': 139, 'column': 42, 'index': 4201}","  137 |     expect(wrapper.element.tagName).toBe('DIV')
  138 |     expect(wrapper.classes()).toContain('media')
> 139 |     expect(wrapper.classes().length).toBe(1)
      |                                          ^ Magic Number
  140 |     expect(wrapper.findAll('.media-body').length).toBe(1)
  141 |     expect(wrapper.findAll('.media-aside').length).toBe(1)
  142 |     expect(wrapper.text()).toEqual('foobar')"
/home/gabriel/Disk/Research/research-javascript-test-smells/repositories/bootstrap-vue-dev/src/components/media/media.spec.js,Magic Number,"{'line': 140, 'column': 55, 'index': 4259}","  138 |     expect(wrapper.classes()).toContain('media')
  139 |     expect(wrapper.classes().length).toBe(1)
> 140 |     expect(wrapper.findAll('.media-body').length).toBe(1)
      |                                                       ^ Magic Number
  141 |     expect(wrapper.findAll('.media-aside').length).toBe(1)
  142 |     expect(wrapper.text()).toEqual('foobar')
  143 |     expect(wrapper.findAll('.media > *').length).toBe(2)"
/home/gabriel/Disk/Research/research-javascript-test-smells/repositories/bootstrap-vue-dev/src/components/media/media.spec.js,Magic Number,"{'line': 141, 'column': 56, 'index': 4318}","  139 |     expect(wrapper.classes().length).toBe(1)
  140 |     expect(wrapper.findAll('.media-body').length).toBe(1)
> 141 |     expect(wrapper.findAll('.media-aside').length).toBe(1)
      |                                                        ^ Magic Number
  142 |     expect(wrapper.text()).toEqual('foobar')
  143 |     expect(wrapper.findAll('.media > *').length).toBe(2)
  144 |     expect(wrapper.find('.media-aside').classes()).toContain('align-self-end')"
/home/gabriel/Disk/Research/research-javascript-test-smells/repositories/bootstrap-vue-dev/src/components/media/media.spec.js,Magic Number,"{'line': 143, 'column': 54, 'index': 4420}","  141 |     expect(wrapper.findAll('.media-aside').length).toBe(1)
  142 |     expect(wrapper.text()).toEqual('foobar')
> 143 |     expect(wrapper.findAll('.media > *').length).toBe(2)
      |                                                      ^ Magic Number
  144 |     expect(wrapper.find('.media-aside').classes()).toContain('align-self-end')
  145 |     expect(wrapper.find('.media-aside').text()).toEqual('foobar')
  146 |"
/home/gabriel/Disk/Research/research-javascript-test-smells/repositories/bootstrap-vue-dev/src/components/media/media-body.spec.js,Magic Number,"{'line': 10, 'column': 42, 'index': 350}","   8 |     expect(wrapper.element.tagName).toBe('DIV')
   9 |     expect(wrapper.classes()).toContain('media-body')
> 10 |     expect(wrapper.classes().length).toBe(1)
     |                                          ^ Magic Number
  11 |     expect(wrapper.text()).toEqual('')
  12 |
  13 |     wrapper.destroy()"
/home/gabriel/Disk/Research/research-javascript-test-smells/repositories/bootstrap-vue-dev/src/components/media/media-body.spec.js,Magic Number,"{'line': 25, 'column': 42, 'index': 732}","  23 |     expect(wrapper.element.tagName).toBe('ARTICLE')
  24 |     expect(wrapper.classes()).toContain('media-body')
> 25 |     expect(wrapper.classes().length).toBe(1)
     |                                          ^ Magic Number
  26 |     expect(wrapper.text()).toEqual('')
  27 |
  28 |     wrapper.destroy()"
/home/gabriel/Disk/Research/research-javascript-test-smells/repositories/bootstrap-vue-dev/src/components/media/media-body.spec.js,Magic Number,"{'line': 40, 'column': 42, 'index': 1102}","  38 |     expect(wrapper.element.tagName).toBe('DIV')
  39 |     expect(wrapper.classes()).toContain('media-body')
> 40 |     expect(wrapper.classes().length).toBe(1)
     |                                          ^ Magic Number
  41 |     expect(wrapper.findAll('b').length).toBe(1)
  42 |     expect(wrapper.find('b').text()).toEqual('foobar')
  43 |     expect(wrapper.text()).toEqual('foobar')"
/home/gabriel/Disk/Research/research-javascript-test-smells/repositories/bootstrap-vue-dev/src/components/media/media-body.spec.js,Magic Number,"{'line': 41, 'column': 45, 'index': 1150}","  39 |     expect(wrapper.classes()).toContain('media-body')
  40 |     expect(wrapper.classes().length).toBe(1)
> 41 |     expect(wrapper.findAll('b').length).toBe(1)
     |                                             ^ Magic Number
  42 |     expect(wrapper.find('b').text()).toEqual('foobar')
  43 |     expect(wrapper.text()).toEqual('foobar')
  44 |"
/home/gabriel/Disk/Research/research-javascript-test-smells/repositories/bootstrap-vue-dev/src/components/media/media-aside.spec.js,Duplicate Assert,"{'line': 9, 'column': 4, 'index': 262}","   7 |
   8 |     expect(wrapper.element.tagName).toBe('DIV')
>  9 |     expect(wrapper.classes()).toContain('media-aside')
     |    ^ Duplicate Assert
  10 |     expect(wrapper.classes()).toContain('align-self-start')
  11 |     expect(wrapper.text()).toEqual('')
  12 |"
/home/gabriel/Disk/Research/research-javascript-test-smells/repositories/bootstrap-vue-dev/src/components/media/media-aside.spec.js,Duplicate Assert,"{'line': 10, 'column': 4, 'index': 317}","   8 |     expect(wrapper.element.tagName).toBe('DIV')
   9 |     expect(wrapper.classes()).toContain('media-aside')
> 10 |     expect(wrapper.classes()).toContain('align-self-start')
     |    ^ Duplicate Assert
  11 |     expect(wrapper.text()).toEqual('')
  12 |
  13 |     wrapper.destroy()"
/home/gabriel/Disk/Research/research-javascript-test-smells/repositories/bootstrap-vue-dev/src/components/media/media-aside.spec.js,Duplicate Assert,"{'line': 24, 'column': 4, 'index': 656}","  22 |
  23 |     expect(wrapper.element.tagName).toBe('SPAN')
> 24 |     expect(wrapper.classes()).toContain('media-aside')
     |    ^ Duplicate Assert
  25 |     expect(wrapper.classes()).toContain('align-self-start')
  26 |     expect(wrapper.classes().length).toBe(2)
  27 |     expect(wrapper.text()).toEqual('')"
/home/gabriel/Disk/Research/research-javascript-test-smells/repositories/bootstrap-vue-dev/src/components/media/media-aside.spec.js,Duplicate Assert,"{'line': 25, 'column': 4, 'index': 711}","  23 |     expect(wrapper.element.tagName).toBe('SPAN')
  24 |     expect(wrapper.classes()).toContain('media-aside')
> 25 |     expect(wrapper.classes()).toContain('align-self-start')
     |    ^ Duplicate Assert
  26 |     expect(wrapper.classes().length).toBe(2)
  27 |     expect(wrapper.text()).toEqual('')
  28 |"
/home/gabriel/Disk/Research/research-javascript-test-smells/repositories/bootstrap-vue-dev/src/components/media/media-aside.spec.js,Duplicate Assert,"{'line': 40, 'column': 4, 'index': 1090}","  38 |
  39 |     expect(wrapper.element.tagName).toBe('DIV')
> 40 |     expect(wrapper.classes()).toContain('media-aside')
     |    ^ Duplicate Assert
  41 |     expect(wrapper.classes()).toContain('media-aside-right')
  42 |     expect(wrapper.classes()).toContain('align-self-start')
  43 |     expect(wrapper.classes().length).toBe(3)"
/home/gabriel/Disk/Research/research-javascript-test-smells/repositories/bootstrap-vue-dev/src/components/media/media-aside.spec.js,Duplicate Assert,"{'line': 41, 'column': 4, 'index': 1145}","  39 |     expect(wrapper.element.tagName).toBe('DIV')
  40 |     expect(wrapper.classes()).toContain('media-aside')
> 41 |     expect(wrapper.classes()).toContain('media-aside-right')
     |    ^ Duplicate Assert
  42 |     expect(wrapper.classes()).toContain('align-self-start')
  43 |     expect(wrapper.classes().length).toBe(3)
  44 |"
/home/gabriel/Disk/Research/research-javascript-test-smells/repositories/bootstrap-vue-dev/src/components/media/media-aside.spec.js,Duplicate Assert,"{'line': 42, 'column': 4, 'index': 1206}","  40 |     expect(wrapper.classes()).toContain('media-aside')
  41 |     expect(wrapper.classes()).toContain('media-aside-right')
> 42 |     expect(wrapper.classes()).toContain('align-self-start')
     |    ^ Duplicate Assert
  43 |     expect(wrapper.classes().length).toBe(3)
  44 |
  45 |     wrapper.destroy()"
/home/gabriel/Disk/Research/research-javascript-test-smells/repositories/bootstrap-vue-dev/src/components/media/media-aside.spec.js,Duplicate Assert,"{'line': 56, 'column': 4, 'index': 1569}","  54 |
  55 |     expect(wrapper.element.tagName).toBe('DIV')
> 56 |     expect(wrapper.classes()).toContain('media-aside')
     |    ^ Duplicate Assert
  57 |     expect(wrapper.classes()).toContain('align-self-end')
  58 |     expect(wrapper.classes().length).toBe(2)
  59 |"
/home/gabriel/Disk/Research/research-javascript-test-smells/repositories/bootstrap-vue-dev/src/components/media/media-aside.spec.js,Duplicate Assert,"{'line': 57, 'column': 4, 'index': 1624}","  55 |     expect(wrapper.element.tagName).toBe('DIV')
  56 |     expect(wrapper.classes()).toContain('media-aside')
> 57 |     expect(wrapper.classes()).toContain('align-self-end')
     |    ^ Duplicate Assert
  58 |     expect(wrapper.classes().length).toBe(2)
  59 |
  60 |     wrapper.destroy()"
/home/gabriel/Disk/Research/research-javascript-test-smells/repositories/bootstrap-vue-dev/src/components/media/media-aside.spec.js,Duplicate Assert,"{'line': 71, 'column': 4, 'index': 1960}","  69 |
  70 |     expect(wrapper.element.tagName).toBe('DIV')
> 71 |     expect(wrapper.classes()).toContain('media-aside')
     |    ^ Duplicate Assert
  72 |     expect(wrapper.classes()).toContain('align-self-start')
  73 |     expect(wrapper.classes().length).toBe(2)
  74 |     expect(wrapper.findAll('b').length).toBe(1)"
/home/gabriel/Disk/Research/research-javascript-test-smells/repositories/bootstrap-vue-dev/src/components/media/media-aside.spec.js,Duplicate Assert,"{'line': 72, 'column': 4, 'index': 2015}","  70 |     expect(wrapper.element.tagName).toBe('DIV')
  71 |     expect(wrapper.classes()).toContain('media-aside')
> 72 |     expect(wrapper.classes()).toContain('align-self-start')
     |    ^ Duplicate Assert
  73 |     expect(wrapper.classes().length).toBe(2)
  74 |     expect(wrapper.findAll('b').length).toBe(1)
  75 |     expect(wrapper.find('b').text()).toBe('foobar')"
/home/gabriel/Disk/Research/research-javascript-test-smells/repositories/bootstrap-vue-dev/src/components/media/media-aside.spec.js,Magic Number,"{'line': 26, 'column': 42, 'index': 809}","  24 |     expect(wrapper.classes()).toContain('media-aside')
  25 |     expect(wrapper.classes()).toContain('align-self-start')
> 26 |     expect(wrapper.classes().length).toBe(2)
     |                                          ^ Magic Number
  27 |     expect(wrapper.text()).toEqual('')
  28 |
  29 |     wrapper.destroy()"
/home/gabriel/Disk/Research/research-javascript-test-smells/repositories/bootstrap-vue-dev/src/components/media/media-aside.spec.js,Magic Number,"{'line': 43, 'column': 42, 'index': 1304}","  41 |     expect(wrapper.classes()).toContain('media-aside-right')
  42 |     expect(wrapper.classes()).toContain('align-self-start')
> 43 |     expect(wrapper.classes().length).toBe(3)
     |                                          ^ Magic Number
  44 |
  45 |     wrapper.destroy()
  46 |   })"
/home/gabriel/Disk/Research/research-javascript-test-smells/repositories/bootstrap-vue-dev/src/components/media/media-aside.spec.js,Magic Number,"{'line': 58, 'column': 42, 'index': 1720}","  56 |     expect(wrapper.classes()).toContain('media-aside')
  57 |     expect(wrapper.classes()).toContain('align-self-end')
> 58 |     expect(wrapper.classes().length).toBe(2)
     |                                          ^ Magic Number
  59 |
  60 |     wrapper.destroy()
  61 |   })"
/home/gabriel/Disk/Research/research-javascript-test-smells/repositories/bootstrap-vue-dev/src/components/media/media-aside.spec.js,Magic Number,"{'line': 73, 'column': 42, 'index': 2113}","  71 |     expect(wrapper.classes()).toContain('media-aside')
  72 |     expect(wrapper.classes()).toContain('align-self-start')
> 73 |     expect(wrapper.classes().length).toBe(2)
     |                                          ^ Magic Number
  74 |     expect(wrapper.findAll('b').length).toBe(1)
  75 |     expect(wrapper.find('b').text()).toBe('foobar')
  76 |"
/home/gabriel/Disk/Research/research-javascript-test-smells/repositories/bootstrap-vue-dev/src/components/media/media-aside.spec.js,Magic Number,"{'line': 74, 'column': 45, 'index': 2161}","  72 |     expect(wrapper.classes()).toContain('align-self-start')
  73 |     expect(wrapper.classes().length).toBe(2)
> 74 |     expect(wrapper.findAll('b').length).toBe(1)
     |                                             ^ Magic Number
  75 |     expect(wrapper.find('b').text()).toBe('foobar')
  76 |
  77 |     wrapper.destroy()"
/home/gabriel/Disk/Research/research-javascript-test-smells/repositories/bootstrap-vue-dev/src/components/list-group/list-group.spec.js,Duplicate Assert,"{'line': 17, 'column': 4, 'index': 445}","  15 |
  16 |     expect(wrapper.classes().length).toBe(1)
> 17 |     expect(wrapper.classes()).toContain('list-group')
     |    ^ Duplicate Assert
  18 |     expect(wrapper.classes()).not.toContain('list-group-flush')
  19 |     expect(wrapper.classes()).not.toContain('list-group-horizontal')
  20 |"
/home/gabriel/Disk/Research/research-javascript-test-smells/repositories/bootstrap-vue-dev/src/components/list-group/list-group.spec.js,Duplicate Assert,"{'line': 18, 'column': 4, 'index': 499}","  16 |     expect(wrapper.classes().length).toBe(1)
  17 |     expect(wrapper.classes()).toContain('list-group')
> 18 |     expect(wrapper.classes()).not.toContain('list-group-flush')
     |    ^ Duplicate Assert
  19 |     expect(wrapper.classes()).not.toContain('list-group-horizontal')
  20 |
  21 |     wrapper.destroy()"
/home/gabriel/Disk/Research/research-javascript-test-smells/repositories/bootstrap-vue-dev/src/components/list-group/list-group.spec.js,Duplicate Assert,"{'line': 19, 'column': 4, 'index': 563}","  17 |     expect(wrapper.classes()).toContain('list-group')
  18 |     expect(wrapper.classes()).not.toContain('list-group-flush')
> 19 |     expect(wrapper.classes()).not.toContain('list-group-horizontal')
     |    ^ Duplicate Assert
  20 |
  21 |     wrapper.destroy()
  22 |   })"
/home/gabriel/Disk/Research/research-javascript-test-smells/repositories/bootstrap-vue-dev/src/components/list-group/list-group.spec.js,Duplicate Assert,"{'line': 44, 'column': 4, 'index': 1124}","  42 |
  43 |     expect(wrapper.classes().length).toBe(2)
> 44 |     expect(wrapper.classes()).toContain('list-group')
     |    ^ Duplicate Assert
  45 |     expect(wrapper.classes()).toContain('list-group-flush')
  46 |     expect(wrapper.classes()).not.toContain('list-group-horizontal')
  47 |"
/home/gabriel/Disk/Research/research-javascript-test-smells/repositories/bootstrap-vue-dev/src/components/list-group/list-group.spec.js,Duplicate Assert,"{'line': 45, 'column': 4, 'index': 1178}","  43 |     expect(wrapper.classes().length).toBe(2)
  44 |     expect(wrapper.classes()).toContain('list-group')
> 45 |     expect(wrapper.classes()).toContain('list-group-flush')
     |    ^ Duplicate Assert
  46 |     expect(wrapper.classes()).not.toContain('list-group-horizontal')
  47 |
  48 |     wrapper.destroy()"
/home/gabriel/Disk/Research/research-javascript-test-smells/repositories/bootstrap-vue-dev/src/components/list-group/list-group.spec.js,Duplicate Assert,"{'line': 46, 'column': 4, 'index': 1238}","  44 |     expect(wrapper.classes()).toContain('list-group')
  45 |     expect(wrapper.classes()).toContain('list-group-flush')
> 46 |     expect(wrapper.classes()).not.toContain('list-group-horizontal')
     |    ^ Duplicate Assert
  47 |
  48 |     wrapper.destroy()
  49 |   })"
/home/gabriel/Disk/Research/research-javascript-test-smells/repositories/bootstrap-vue-dev/src/components/list-group/list-group.spec.js,Duplicate Assert,"{'line': 59, 'column': 4, 'index': 1578}","  57 |
  58 |     expect(wrapper.classes().length).toBe(2)
> 59 |     expect(wrapper.classes()).not.toContain('list-group-flush')
     |    ^ Duplicate Assert
  60 |     expect(wrapper.classes()).toContain('list-group')
  61 |     expect(wrapper.classes()).toContain('list-group-horizontal')
  62 |"
/home/gabriel/Disk/Research/research-javascript-test-smells/repositories/bootstrap-vue-dev/src/components/list-group/list-group.spec.js,Duplicate Assert,"{'line': 60, 'column': 4, 'index': 1642}","  58 |     expect(wrapper.classes().length).toBe(2)
  59 |     expect(wrapper.classes()).not.toContain('list-group-flush')
> 60 |     expect(wrapper.classes()).toContain('list-group')
     |    ^ Duplicate Assert
  61 |     expect(wrapper.classes()).toContain('list-group-horizontal')
  62 |
  63 |     wrapper.destroy()"
/home/gabriel/Disk/Research/research-javascript-test-smells/repositories/bootstrap-vue-dev/src/components/list-group/list-group.spec.js,Duplicate Assert,"{'line': 61, 'column': 4, 'index': 1696}","  59 |     expect(wrapper.classes()).not.toContain('list-group-flush')
  60 |     expect(wrapper.classes()).toContain('list-group')
> 61 |     expect(wrapper.classes()).toContain('list-group-horizontal')
     |    ^ Duplicate Assert
  62 |
  63 |     wrapper.destroy()
  64 |   })"
/home/gabriel/Disk/Research/research-javascript-test-smells/repositories/bootstrap-vue-dev/src/components/list-group/list-group.spec.js,Duplicate Assert,"{'line': 74, 'column': 4, 'index': 2033}","  72 |
  73 |     expect(wrapper.classes().length).toBe(2)
> 74 |     expect(wrapper.classes()).not.toContain('list-group-flush')
     |    ^ Duplicate Assert
  75 |     expect(wrapper.classes()).not.toContain('list-group-horizontal')
  76 |     expect(wrapper.classes()).toContain('list-group')
  77 |     expect(wrapper.classes()).toContain('list-group-horizontal-md')"
/home/gabriel/Disk/Research/research-javascript-test-smells/repositories/bootstrap-vue-dev/src/components/list-group/list-group.spec.js,Duplicate Assert,"{'line': 75, 'column': 4, 'index': 2097}","  73 |     expect(wrapper.classes().length).toBe(2)
  74 |     expect(wrapper.classes()).not.toContain('list-group-flush')
> 75 |     expect(wrapper.classes()).not.toContain('list-group-horizontal')
     |    ^ Duplicate Assert
  76 |     expect(wrapper.classes()).toContain('list-group')
  77 |     expect(wrapper.classes()).toContain('list-group-horizontal-md')
  78 |"
/home/gabriel/Disk/Research/research-javascript-test-smells/repositories/bootstrap-vue-dev/src/components/list-group/list-group.spec.js,Duplicate Assert,"{'line': 76, 'column': 4, 'index': 2166}","  74 |     expect(wrapper.classes()).not.toContain('list-group-flush')
  75 |     expect(wrapper.classes()).not.toContain('list-group-horizontal')
> 76 |     expect(wrapper.classes()).toContain('list-group')
     |    ^ Duplicate Assert
  77 |     expect(wrapper.classes()).toContain('list-group-horizontal-md')
  78 |
  79 |     wrapper.destroy()"
/home/gabriel/Disk/Research/research-javascript-test-smells/repositories/bootstrap-vue-dev/src/components/list-group/list-group.spec.js,Duplicate Assert,"{'line': 77, 'column': 4, 'index': 2220}","  75 |     expect(wrapper.classes()).not.toContain('list-group-horizontal')
  76 |     expect(wrapper.classes()).toContain('list-group')
> 77 |     expect(wrapper.classes()).toContain('list-group-horizontal-md')
     |    ^ Duplicate Assert
  78 |
  79 |     wrapper.destroy()
  80 |   })"
/home/gabriel/Disk/Research/research-javascript-test-smells/repositories/bootstrap-vue-dev/src/components/list-group/list-group.spec.js,Duplicate Assert,"{'line': 93, 'column': 4, 'index': 2619}","  91 |
  92 |     expect(wrapper.classes().length).toBe(2)
> 93 |     expect(wrapper.classes()).not.toContain('list-group-horizontal')
     |    ^ Duplicate Assert
  94 |     expect(wrapper.classes()).toContain('list-group')
  95 |     expect(wrapper.classes()).toContain('list-group-flush')
  96 |"
/home/gabriel/Disk/Research/research-javascript-test-smells/repositories/bootstrap-vue-dev/src/components/list-group/list-group.spec.js,Duplicate Assert,"{'line': 94, 'column': 4, 'index': 2688}","  92 |     expect(wrapper.classes().length).toBe(2)
  93 |     expect(wrapper.classes()).not.toContain('list-group-horizontal')
> 94 |     expect(wrapper.classes()).toContain('list-group')
     |    ^ Duplicate Assert
  95 |     expect(wrapper.classes()).toContain('list-group-flush')
  96 |
  97 |     wrapper.destroy()"
/home/gabriel/Disk/Research/research-javascript-test-smells/repositories/bootstrap-vue-dev/src/components/list-group/list-group.spec.js,Duplicate Assert,"{'line': 95, 'column': 4, 'index': 2742}","  93 |     expect(wrapper.classes()).not.toContain('list-group-horizontal')
  94 |     expect(wrapper.classes()).toContain('list-group')
> 95 |     expect(wrapper.classes()).toContain('list-group-flush')
     |    ^ Duplicate Assert
  96 |
  97 |     wrapper.destroy()
  98 |   })"
/home/gabriel/Disk/Research/research-javascript-test-smells/repositories/bootstrap-vue-dev/src/components/list-group/list-group.spec.js,Duplicate Assert,"{'line': 111, 'column': 4, 'index': 3134}","  109 |
  110 |     expect(wrapper.classes().length).toBe(2)
> 111 |     expect(wrapper.classes()).not.toContain('list-group-horizontal-lg')
      |    ^ Duplicate Assert
  112 |     expect(wrapper.classes()).not.toContain('list-group-horizontal')
  113 |     expect(wrapper.classes()).toContain('list-group')
  114 |     expect(wrapper.classes()).toContain('list-group-flush')"
/home/gabriel/Disk/Research/research-javascript-test-smells/repositories/bootstrap-vue-dev/src/components/list-group/list-group.spec.js,Duplicate Assert,"{'line': 112, 'column': 4, 'index': 3206}","  110 |     expect(wrapper.classes().length).toBe(2)
  111 |     expect(wrapper.classes()).not.toContain('list-group-horizontal-lg')
> 112 |     expect(wrapper.classes()).not.toContain('list-group-horizontal')
      |    ^ Duplicate Assert
  113 |     expect(wrapper.classes()).toContain('list-group')
  114 |     expect(wrapper.classes()).toContain('list-group-flush')
  115 |"
/home/gabriel/Disk/Research/research-javascript-test-smells/repositories/bootstrap-vue-dev/src/components/list-group/list-group.spec.js,Duplicate Assert,"{'line': 113, 'column': 4, 'index': 3275}","  111 |     expect(wrapper.classes()).not.toContain('list-group-horizontal-lg')
  112 |     expect(wrapper.classes()).not.toContain('list-group-horizontal')
> 113 |     expect(wrapper.classes()).toContain('list-group')
      |    ^ Duplicate Assert
  114 |     expect(wrapper.classes()).toContain('list-group-flush')
  115 |
  116 |     wrapper.destroy()"
/home/gabriel/Disk/Research/research-javascript-test-smells/repositories/bootstrap-vue-dev/src/components/list-group/list-group.spec.js,Duplicate Assert,"{'line': 114, 'column': 4, 'index': 3329}","  112 |     expect(wrapper.classes()).not.toContain('list-group-horizontal')
  113 |     expect(wrapper.classes()).toContain('list-group')
> 114 |     expect(wrapper.classes()).toContain('list-group-flush')
      |    ^ Duplicate Assert
  115 |
  116 |     wrapper.destroy()
  117 |   })"
/home/gabriel/Disk/Research/research-javascript-test-smells/repositories/bootstrap-vue-dev/src/components/list-group/list-group.spec.js,Duplicate Assert,"{'line': 127, 'column': 4, 'index': 3611}","  125 |
  126 |     expect(wrapper.classes().length).toBe(2)
> 127 |     expect(wrapper.classes()).toContain('list-group')
      |    ^ Duplicate Assert
  128 |     expect(wrapper.classes()).toContain('foobar')
  129 |
  130 |     wrapper.destroy()"
/home/gabriel/Disk/Research/research-javascript-test-smells/repositories/bootstrap-vue-dev/src/components/list-group/list-group.spec.js,Duplicate Assert,"{'line': 128, 'column': 4, 'index': 3665}","  126 |     expect(wrapper.classes().length).toBe(2)
  127 |     expect(wrapper.classes()).toContain('list-group')
> 128 |     expect(wrapper.classes()).toContain('foobar')
      |    ^ Duplicate Assert
  129 |
  130 |     wrapper.destroy()
  131 |   })"
/home/gabriel/Disk/Research/research-javascript-test-smells/repositories/bootstrap-vue-dev/src/components/list-group/list-group.spec.js,Magic Number,"{'line': 16, 'column': 42, 'index': 438}","  14 |     const wrapper = mount(BListGroup)
  15 |
> 16 |     expect(wrapper.classes().length).toBe(1)
     |                                          ^ Magic Number
  17 |     expect(wrapper.classes()).toContain('list-group')
  18 |     expect(wrapper.classes()).not.toContain('list-group-flush')
  19 |     expect(wrapper.classes()).not.toContain('list-group-horizontal')"
/home/gabriel/Disk/Research/research-javascript-test-smells/repositories/bootstrap-vue-dev/src/components/list-group/list-group.spec.js,Magic Number,"{'line': 43, 'column': 42, 'index': 1117}","  41 |     })
  42 |
> 43 |     expect(wrapper.classes().length).toBe(2)
     |                                          ^ Magic Number
  44 |     expect(wrapper.classes()).toContain('list-group')
  45 |     expect(wrapper.classes()).toContain('list-group-flush')
  46 |     expect(wrapper.classes()).not.toContain('list-group-horizontal')"
/home/gabriel/Disk/Research/research-javascript-test-smells/repositories/bootstrap-vue-dev/src/components/list-group/list-group.spec.js,Magic Number,"{'line': 58, 'column': 42, 'index': 1571}","  56 |     })
  57 |
> 58 |     expect(wrapper.classes().length).toBe(2)
     |                                          ^ Magic Number
  59 |     expect(wrapper.classes()).not.toContain('list-group-flush')
  60 |     expect(wrapper.classes()).toContain('list-group')
  61 |     expect(wrapper.classes()).toContain('list-group-horizontal')"
/home/gabriel/Disk/Research/research-javascript-test-smells/repositories/bootstrap-vue-dev/src/components/list-group/list-group.spec.js,Magic Number,"{'line': 73, 'column': 42, 'index': 2026}","  71 |     })
  72 |
> 73 |     expect(wrapper.classes().length).toBe(2)
     |                                          ^ Magic Number
  74 |     expect(wrapper.classes()).not.toContain('list-group-flush')
  75 |     expect(wrapper.classes()).not.toContain('list-group-horizontal')
  76 |     expect(wrapper.classes()).toContain('list-group')"
/home/gabriel/Disk/Research/research-javascript-test-smells/repositories/bootstrap-vue-dev/src/components/list-group/list-group.spec.js,Magic Number,"{'line': 92, 'column': 42, 'index': 2612}","  90 |     })
  91 |
> 92 |     expect(wrapper.classes().length).toBe(2)
     |                                          ^ Magic Number
  93 |     expect(wrapper.classes()).not.toContain('list-group-horizontal')
  94 |     expect(wrapper.classes()).toContain('list-group')
  95 |     expect(wrapper.classes()).toContain('list-group-flush')"
/home/gabriel/Disk/Research/research-javascript-test-smells/repositories/bootstrap-vue-dev/src/components/list-group/list-group.spec.js,Magic Number,"{'line': 110, 'column': 42, 'index': 3127}","  108 |     })
  109 |
> 110 |     expect(wrapper.classes().length).toBe(2)
      |                                          ^ Magic Number
  111 |     expect(wrapper.classes()).not.toContain('list-group-horizontal-lg')
  112 |     expect(wrapper.classes()).not.toContain('list-group-horizontal')
  113 |     expect(wrapper.classes()).toContain('list-group')"
/home/gabriel/Disk/Research/research-javascript-test-smells/repositories/bootstrap-vue-dev/src/components/list-group/list-group.spec.js,Magic Number,"{'line': 126, 'column': 42, 'index': 3604}","  124 |     })
  125 |
> 126 |     expect(wrapper.classes().length).toBe(2)
      |                                          ^ Magic Number
  127 |     expect(wrapper.classes()).toContain('list-group')
  128 |     expect(wrapper.classes()).toContain('foobar')
  129 |"
/home/gabriel/Disk/Research/research-javascript-test-smells/repositories/bootstrap-vue-dev/src/components/list-group/list-group-item.spec.js,Duplicate Assert,"{'line': 93, 'column': 4, 'index': 2254}","  91 |     })
  92 |
> 93 |     expect(wrapper.classes()).toContain('list-group-item')
     |    ^ Duplicate Assert
  94 |     expect(wrapper.classes()).toContain('list-group-item-danger')
  95 |
  96 |     wrapper.destroy()"
/home/gabriel/Disk/Research/research-javascript-test-smells/repositories/bootstrap-vue-dev/src/components/list-group/list-group-item.spec.js,Duplicate Assert,"{'line': 94, 'column': 4, 'index': 2313}","  92 |
  93 |     expect(wrapper.classes()).toContain('list-group-item')
> 94 |     expect(wrapper.classes()).toContain('list-group-item-danger')
     |    ^ Duplicate Assert
  95 |
  96 |     wrapper.destroy()
  97 |   })"
/home/gabriel/Disk/Research/research-javascript-test-smells/repositories/bootstrap-vue-dev/src/components/list-group/list-group-item.spec.js,Magic Number,"{'line': 16, 'column': 42, 'index': 478}","  14 |     const wrapper = mount(BListGroupItem)
  15 |
> 16 |     expect(wrapper.classes().length).toBe(1)
     |                                          ^ Magic Number
  17 |     expect(wrapper.classes()).toContain('list-group-item')
  18 |
  19 |     wrapper.destroy()"
/home/gabriel/Disk/Research/research-javascript-test-smells/repositories/bootstrap-vue-dev/src/components/link/link.spec.js,Duplicate Assert,"{'line': 168, 'column': 4, 'index': 4942}","  166 |       }
  167 |     })
> 168 |     expect(wrapper.attributes('aria-disabled')).toBeDefined()
      |    ^ Duplicate Assert
  169 |     expect(wrapper.attributes('aria-disabled')).toEqual('true')
  170 |
  171 |     wrapper.destroy()"
/home/gabriel/Disk/Research/research-javascript-test-smells/repositories/bootstrap-vue-dev/src/components/link/link.spec.js,Duplicate Assert,"{'line': 169, 'column': 4, 'index': 5004}","  167 |     })
  168 |     expect(wrapper.attributes('aria-disabled')).toBeDefined()
> 169 |     expect(wrapper.attributes('aria-disabled')).toEqual('true')
      |    ^ Duplicate Assert
  170 |
  171 |     wrapper.destroy()
  172 |   })"
/home/gabriel/Disk/Research/research-javascript-test-smells/repositories/bootstrap-vue-dev/src/components/link/link.spec.js,Duplicate Assert,"{'line': 195, 'column': 4, 'index': 5567}","  193 |     expect(wrapper.element.tagName).toBe('A')
  194 |
> 195 |     expect(document.activeElement).not.toBe(wrapper.element)
      |    ^ Duplicate Assert
  196 |     wrapper.vm.focus()
  197 |     expect(document.activeElement).toBe(wrapper.element)
  198 |     wrapper.vm.blur()"
/home/gabriel/Disk/Research/research-javascript-test-smells/repositories/bootstrap-vue-dev/src/components/link/link.spec.js,Duplicate Assert,"{'line': 195, 'column': 4, 'index': 5567}","  193 |     expect(wrapper.element.tagName).toBe('A')
  194 |
> 195 |     expect(document.activeElement).not.toBe(wrapper.element)
      |    ^ Duplicate Assert
  196 |     wrapper.vm.focus()
  197 |     expect(document.activeElement).toBe(wrapper.element)
  198 |     wrapper.vm.blur()"
/home/gabriel/Disk/Research/research-javascript-test-smells/repositories/bootstrap-vue-dev/src/components/link/link.spec.js,Duplicate Assert,"{'line': 197, 'column': 4, 'index': 5651}","  195 |     expect(document.activeElement).not.toBe(wrapper.element)
  196 |     wrapper.vm.focus()
> 197 |     expect(document.activeElement).toBe(wrapper.element)
      |    ^ Duplicate Assert
  198 |     wrapper.vm.blur()
  199 |     expect(document.activeElement).not.toBe(wrapper.element)
  200 |"
/home/gabriel/Disk/Research/research-javascript-test-smells/repositories/bootstrap-vue-dev/src/components/link/link.spec.js,Duplicate Assert,"{'line': 199, 'column': 4, 'index': 5730}","  197 |     expect(document.activeElement).toBe(wrapper.element)
  198 |     wrapper.vm.blur()
> 199 |     expect(document.activeElement).not.toBe(wrapper.element)
      |    ^ Duplicate Assert
  200 |
  201 |     wrapper.destroy()
  202 |   })"
/home/gabriel/Disk/Research/research-javascript-test-smells/repositories/bootstrap-vue-dev/src/components/link/link.spec.js,Duplicate Assert,"{'line': 199, 'column': 4, 'index': 5730}","  197 |     expect(document.activeElement).toBe(wrapper.element)
  198 |     wrapper.vm.blur()
> 199 |     expect(document.activeElement).not.toBe(wrapper.element)
      |    ^ Duplicate Assert
  200 |
  201 |     wrapper.destroy()
  202 |   })"
/home/gabriel/Disk/Research/research-javascript-test-smells/repositories/bootstrap-vue-dev/src/components/link/link.spec.js,Duplicate Assert,"{'line': 217, 'column': 6, 'index': 6188}","  215 |       })
  216 |       expect(wrapper.element.tagName).toBe('A')
> 217 |       expect(called).toBe(0)
      |      ^ Duplicate Assert
  218 |       expect(event).toEqual(null)
  219 |       await wrapper.find('a').trigger('click')
  220 |       expect(called).toBe(1)"
/home/gabriel/Disk/Research/research-javascript-test-smells/repositories/bootstrap-vue-dev/src/components/link/link.spec.js,Duplicate Assert,"{'line': 218, 'column': 6, 'index': 6217}","  216 |       expect(wrapper.element.tagName).toBe('A')
  217 |       expect(called).toBe(0)
> 218 |       expect(event).toEqual(null)
      |      ^ Duplicate Assert
  219 |       await wrapper.find('a').trigger('click')
  220 |       expect(called).toBe(1)
  221 |       expect(event).toBeInstanceOf(MouseEvent)"
/home/gabriel/Disk/Research/research-javascript-test-smells/repositories/bootstrap-vue-dev/src/components/link/link.spec.js,Duplicate Assert,"{'line': 220, 'column': 6, 'index': 6298}","  218 |       expect(event).toEqual(null)
  219 |       await wrapper.find('a').trigger('click')
> 220 |       expect(called).toBe(1)
      |      ^ Duplicate Assert
  221 |       expect(event).toBeInstanceOf(MouseEvent)
  222 |
  223 |       wrapper.destroy()"
/home/gabriel/Disk/Research/research-javascript-test-smells/repositories/bootstrap-vue-dev/src/components/link/link.spec.js,Duplicate Assert,"{'line': 221, 'column': 6, 'index': 6327}","  219 |       await wrapper.find('a').trigger('click')
  220 |       expect(called).toBe(1)
> 221 |       expect(event).toBeInstanceOf(MouseEvent)
      |      ^ Duplicate Assert
  222 |
  223 |       wrapper.destroy()
  224 |     })"
/home/gabriel/Disk/Research/research-javascript-test-smells/repositories/bootstrap-vue-dev/src/components/link/link.spec.js,Duplicate Assert,"{'line': 235, 'column': 6, 'index': 6711}","  233 |       })
  234 |       expect(wrapper.element.tagName).toBe('A')
> 235 |       expect(spy1).not.toHaveBeenCalled()
      |      ^ Duplicate Assert
  236 |       expect(spy2).not.toHaveBeenCalled()
  237 |       await wrapper.find('a').trigger('click')
  238 |       expect(spy1).toHaveBeenCalled()"
/home/gabriel/Disk/Research/research-javascript-test-smells/repositories/bootstrap-vue-dev/src/components/link/link.spec.js,Duplicate Assert,"{'line': 236, 'column': 6, 'index': 6753}","  234 |       expect(wrapper.element.tagName).toBe('A')
  235 |       expect(spy1).not.toHaveBeenCalled()
> 236 |       expect(spy2).not.toHaveBeenCalled()
      |      ^ Duplicate Assert
  237 |       await wrapper.find('a').trigger('click')
  238 |       expect(spy1).toHaveBeenCalled()
  239 |       expect(spy2).toHaveBeenCalled()"
/home/gabriel/Disk/Research/research-javascript-test-smells/repositories/bootstrap-vue-dev/src/components/link/link.spec.js,Duplicate Assert,"{'line': 238, 'column': 6, 'index': 6842}","  236 |       expect(spy2).not.toHaveBeenCalled()
  237 |       await wrapper.find('a').trigger('click')
> 238 |       expect(spy1).toHaveBeenCalled()
      |      ^ Duplicate Assert
  239 |       expect(spy2).toHaveBeenCalled()
  240 |
  241 |       wrapper.destroy()"
/home/gabriel/Disk/Research/research-javascript-test-smells/repositories/bootstrap-vue-dev/src/components/link/link.spec.js,Duplicate Assert,"{'line': 239, 'column': 6, 'index': 6880}","  237 |       await wrapper.find('a').trigger('click')
  238 |       expect(spy1).toHaveBeenCalled()
> 239 |       expect(spy2).toHaveBeenCalled()
      |      ^ Duplicate Assert
  240 |
  241 |       wrapper.destroy()
  242 |     })"
/home/gabriel/Disk/Research/research-javascript-test-smells/repositories/bootstrap-vue-dev/src/components/link/link.spec.js,Duplicate Assert,"{'line': 259, 'column': 6, 'index': 7351}","  257 |       })
  258 |       expect(wrapper.element.tagName).toBe('A')
> 259 |       expect(called).toBe(0)
      |      ^ Duplicate Assert
  260 |       expect(event).toEqual(null)
  261 |       await wrapper.find('a').trigger('click')
  262 |       expect(called).toBe(0)"
/home/gabriel/Disk/Research/research-javascript-test-smells/repositories/bootstrap-vue-dev/src/components/link/link.spec.js,Duplicate Assert,"{'line': 259, 'column': 6, 'index': 7351}","  257 |       })
  258 |       expect(wrapper.element.tagName).toBe('A')
> 259 |       expect(called).toBe(0)
      |      ^ Duplicate Assert
  260 |       expect(event).toEqual(null)
  261 |       await wrapper.find('a').trigger('click')
  262 |       expect(called).toBe(0)"
/home/gabriel/Disk/Research/research-javascript-test-smells/repositories/bootstrap-vue-dev/src/components/link/link.spec.js,Duplicate Assert,"{'line': 260, 'column': 6, 'index': 7380}","  258 |       expect(wrapper.element.tagName).toBe('A')
  259 |       expect(called).toBe(0)
> 260 |       expect(event).toEqual(null)
      |      ^ Duplicate Assert
  261 |       await wrapper.find('a').trigger('click')
  262 |       expect(called).toBe(0)
  263 |       expect(event).toEqual(null)"
/home/gabriel/Disk/Research/research-javascript-test-smells/repositories/bootstrap-vue-dev/src/components/link/link.spec.js,Duplicate Assert,"{'line': 260, 'column': 6, 'index': 7380}","  258 |       expect(wrapper.element.tagName).toBe('A')
  259 |       expect(called).toBe(0)
> 260 |       expect(event).toEqual(null)
      |      ^ Duplicate Assert
  261 |       await wrapper.find('a').trigger('click')
  262 |       expect(called).toBe(0)
  263 |       expect(event).toEqual(null)"
/home/gabriel/Disk/Research/research-javascript-test-smells/repositories/bootstrap-vue-dev/src/components/link/link.spec.js,Duplicate Assert,"{'line': 262, 'column': 6, 'index': 7461}","  260 |       expect(event).toEqual(null)
  261 |       await wrapper.find('a').trigger('click')
> 262 |       expect(called).toBe(0)
      |      ^ Duplicate Assert
  263 |       expect(event).toEqual(null)
  264 |
  265 |       wrapper.destroy()"
/home/gabriel/Disk/Research/research-javascript-test-smells/repositories/bootstrap-vue-dev/src/components/link/link.spec.js,Duplicate Assert,"{'line': 262, 'column': 6, 'index': 7461}","  260 |       expect(event).toEqual(null)
  261 |       await wrapper.find('a').trigger('click')
> 262 |       expect(called).toBe(0)
      |      ^ Duplicate Assert
  263 |       expect(event).toEqual(null)
  264 |
  265 |       wrapper.destroy()"
/home/gabriel/Disk/Research/research-javascript-test-smells/repositories/bootstrap-vue-dev/src/components/link/link.spec.js,Duplicate Assert,"{'line': 263, 'column': 6, 'index': 7490}","  261 |       await wrapper.find('a').trigger('click')
  262 |       expect(called).toBe(0)
> 263 |       expect(event).toEqual(null)
      |      ^ Duplicate Assert
  264 |
  265 |       wrapper.destroy()
  266 |     })"
/home/gabriel/Disk/Research/research-javascript-test-smells/repositories/bootstrap-vue-dev/src/components/link/link.spec.js,Duplicate Assert,"{'line': 263, 'column': 6, 'index': 7490}","  261 |       await wrapper.find('a').trigger('click')
  262 |       expect(called).toBe(0)
> 263 |       expect(event).toEqual(null)
      |      ^ Duplicate Assert
  264 |
  265 |       wrapper.destroy()
  266 |     })"
/home/gabriel/Disk/Research/research-javascript-test-smells/repositories/bootstrap-vue-dev/src/components/link/link.spec.js,Magic Number,"{'line': 17, 'column': 42, 'index': 605}","  15 |     expect(wrapper.attributes('rel')).toBeUndefined()
  16 |     expect(wrapper.attributes('aria-disabled')).toBeUndefined()
> 17 |     expect(wrapper.classes().length).toBe(0)
     |                                          ^ Magic Number
  18 |     expect(wrapper.text()).toEqual('')
  19 |
  20 |     wrapper.destroy()"
/home/gabriel/Disk/Research/research-javascript-test-smells/repositories/bootstrap-vue-dev/src/components/link/link.spec.js,Magic Number,"{'line': 35, 'column': 42, 'index': 1140}","  33 |     expect(wrapper.attributes('rel')).toBeUndefined()
  34 |     expect(wrapper.attributes('aria-disabled')).toBeUndefined()
> 35 |     expect(wrapper.classes().length).toBe(0)
     |                                          ^ Magic Number
  36 |     expect(wrapper.text()).toEqual('foobar')
  37 |
  38 |     wrapper.destroy()"
/home/gabriel/Disk/Research/research-javascript-test-smells/repositories/bootstrap-vue-dev/src/components/link/link.spec.js,Magic Number,"{'line': 53, 'column': 42, 'index': 1698}","  51 |     expect(wrapper.attributes('rel')).toBeUndefined()
  52 |     expect(wrapper.attributes('aria-disabled')).toBeUndefined()
> 53 |     expect(wrapper.classes().length).toBe(0)
     |                                          ^ Magic Number
  54 |     expect(wrapper.text()).toEqual('')
  55 |
  56 |     wrapper.destroy()"
/home/gabriel/Disk/Research/research-javascript-test-smells/repositories/bootstrap-vue-dev/src/components/link/link.spec.js,Magic Number,"{'line': 71, 'column': 42, 'index': 2266}","  69 |     expect(wrapper.attributes('rel')).toBeUndefined()
  70 |     expect(wrapper.attributes('aria-disabled')).toBeUndefined()
> 71 |     expect(wrapper.classes().length).toBe(0)
     |                                          ^ Magic Number
  72 |     expect(wrapper.text()).toEqual('')
  73 |
  74 |     wrapper.destroy()"
/home/gabriel/Disk/Research/research-javascript-test-smells/repositories/bootstrap-vue-dev/src/components/link/link.spec.js,Magic Number,"{'line': 89, 'column': 42, 'index': 2809}","  87 |     expect(wrapper.attributes('rel')).toBeUndefined()
  88 |     expect(wrapper.attributes('aria-disabled')).toBeUndefined()
> 89 |     expect(wrapper.classes().length).toBe(0)
     |                                          ^ Magic Number
  90 |     expect(wrapper.text()).toEqual('')
  91 |
  92 |     wrapper.destroy()"
/home/gabriel/Disk/Research/research-javascript-test-smells/repositories/bootstrap-vue-dev/src/components/link/link.spec.js,Magic Number,"{'line': 107, 'column': 42, 'index': 3365}","  105 |     expect(wrapper.attributes('rel')).toBeUndefined()
  106 |     expect(wrapper.attributes('aria-disabled')).toBeUndefined()
> 107 |     expect(wrapper.classes().length).toBe(0)
      |                                          ^ Magic Number
  108 |     expect(wrapper.text()).toEqual('')
  109 |
  110 |     wrapper.destroy()"
/home/gabriel/Disk/Research/research-javascript-test-smells/repositories/bootstrap-vue-dev/src/components/link/link.spec.js,Magic Number,"{'line': 125, 'column': 42, 'index': 3897}","  123 |     expect(wrapper.attributes('target')).toEqual('_blank')
  124 |     expect(wrapper.attributes('rel')).toEqual('noopener')
> 125 |     expect(wrapper.classes().length).toBe(0)
      |                                          ^ Magic Number
  126 |
  127 |     wrapper.destroy()
  128 |   })"
/home/gabriel/Disk/Research/research-javascript-test-smells/repositories/bootstrap-vue-dev/src/components/link/link.spec.js,Magic Number,"{'line': 143, 'column': 42, 'index': 4415}","  141 |     expect(wrapper.attributes('target')).toEqual('_blank')
  142 |     expect(wrapper.attributes('rel')).toEqual('alternate')
> 143 |     expect(wrapper.classes().length).toBe(0)
      |                                          ^ Magic Number
  144 |
  145 |     wrapper.destroy()
  146 |   })"
/home/gabriel/Disk/Research/research-javascript-test-smells/repositories/bootstrap-vue-dev/src/components/link/link.spec.js,Magic Number,"{'line': 157, 'column': 42, 'index': 4746}","  155 |     expect(wrapper.element.tagName).toBe('A')
  156 |     expect(wrapper.classes()).toContain('active')
> 157 |     expect(wrapper.classes().length).toBe(1)
      |                                          ^ Magic Number
  158 |
  159 |     wrapper.destroy()
  160 |   })"
/home/gabriel/Disk/Research/research-javascript-test-smells/repositories/bootstrap-vue-dev/src/components/link/link.spec.js,Magic Number,"{'line': 217, 'column': 26, 'index': 6208}","  215 |       })
  216 |       expect(wrapper.element.tagName).toBe('A')
> 217 |       expect(called).toBe(0)
      |                          ^ Magic Number
  218 |       expect(event).toEqual(null)
  219 |       await wrapper.find('a').trigger('click')
  220 |       expect(called).toBe(1)"
/home/gabriel/Disk/Research/research-javascript-test-smells/repositories/bootstrap-vue-dev/src/components/link/link.spec.js,Magic Number,"{'line': 220, 'column': 26, 'index': 6318}","  218 |       expect(event).toEqual(null)
  219 |       await wrapper.find('a').trigger('click')
> 220 |       expect(called).toBe(1)
      |                          ^ Magic Number
  221 |       expect(event).toBeInstanceOf(MouseEvent)
  222 |
  223 |       wrapper.destroy()"
/home/gabriel/Disk/Research/research-javascript-test-smells/repositories/bootstrap-vue-dev/src/components/link/link.spec.js,Magic Number,"{'line': 259, 'column': 26, 'index': 7371}","  257 |       })
  258 |       expect(wrapper.element.tagName).toBe('A')
> 259 |       expect(called).toBe(0)
      |                          ^ Magic Number
  260 |       expect(event).toEqual(null)
  261 |       await wrapper.find('a').trigger('click')
  262 |       expect(called).toBe(0)"
/home/gabriel/Disk/Research/research-javascript-test-smells/repositories/bootstrap-vue-dev/src/components/link/link.spec.js,Magic Number,"{'line': 262, 'column': 26, 'index': 7481}","  260 |       expect(event).toEqual(null)
  261 |       await wrapper.find('a').trigger('click')
> 262 |       expect(called).toBe(0)
      |                          ^ Magic Number
  263 |       expect(event).toEqual(null)
  264 |
  265 |       wrapper.destroy()"
/home/gabriel/Disk/Research/research-javascript-test-smells/repositories/bootstrap-vue-dev/src/components/link/link.spec.js,Magic Number,"{'line': 413, 'column': 47, 'index': 11793}","  411 |       expect(wrapper.element.tagName).toBe('MAIN')
  412 |
> 413 |       expect(wrapper.findAll('a').length).toBe(4)
      |                                               ^ Magic Number
  414 |
  415 |       const $links = wrapper.findAllComponents('a')
  416 |       $links.wrappers.forEach($link => {"
/home/gabriel/Disk/Research/research-javascript-test-smells/repositories/bootstrap-vue-dev/src/components/layout/row.spec.js,Duplicate Assert,"{'line': 48, 'column': 4, 'index': 1263}","  46 |
  47 |     expect(wrapper.element.tagName).toBe('DIV')
> 48 |     expect(wrapper.classes()).toContain('row')
     |    ^ Duplicate Assert
  49 |     expect(wrapper.classes()).toContain('no-gutters')
  50 |     expect(wrapper.classes().length).toBe(2)
  51 |   })"
/home/gabriel/Disk/Research/research-javascript-test-smells/repositories/bootstrap-vue-dev/src/components/layout/row.spec.js,Duplicate Assert,"{'line': 49, 'column': 4, 'index': 1310}","  47 |     expect(wrapper.element.tagName).toBe('DIV')
  48 |     expect(wrapper.classes()).toContain('row')
> 49 |     expect(wrapper.classes()).toContain('no-gutters')
     |    ^ Duplicate Assert
  50 |     expect(wrapper.classes().length).toBe(2)
  51 |   })
  52 |"
/home/gabriel/Disk/Research/research-javascript-test-smells/repositories/bootstrap-vue-dev/src/components/layout/row.spec.js,Duplicate Assert,"{'line': 61, 'column': 4, 'index': 1631}","  59 |
  60 |     expect(wrapper.element.tagName).toBe('DIV')
> 61 |     expect(wrapper.classes()).toContain('row')
     |    ^ Duplicate Assert
  62 |     expect(wrapper.classes()).toContain('align-items-baseline')
  63 |     expect(wrapper.classes().length).toBe(2)
  64 |   })"
/home/gabriel/Disk/Research/research-javascript-test-smells/repositories/bootstrap-vue-dev/src/components/layout/row.spec.js,Duplicate Assert,"{'line': 62, 'column': 4, 'index': 1678}","  60 |     expect(wrapper.element.tagName).toBe('DIV')
  61 |     expect(wrapper.classes()).toContain('row')
> 62 |     expect(wrapper.classes()).toContain('align-items-baseline')
     |    ^ Duplicate Assert
  63 |     expect(wrapper.classes().length).toBe(2)
  64 |   })
  65 |"
/home/gabriel/Disk/Research/research-javascript-test-smells/repositories/bootstrap-vue-dev/src/components/layout/row.spec.js,Duplicate Assert,"{'line': 74, 'column': 4, 'index': 2009}","  72 |
  73 |     expect(wrapper.element.tagName).toBe('DIV')
> 74 |     expect(wrapper.classes()).toContain('row')
     |    ^ Duplicate Assert
  75 |     expect(wrapper.classes()).toContain('justify-content-center')
  76 |     expect(wrapper.classes().length).toBe(2)
  77 |   })"
/home/gabriel/Disk/Research/research-javascript-test-smells/repositories/bootstrap-vue-dev/src/components/layout/row.spec.js,Duplicate Assert,"{'line': 75, 'column': 4, 'index': 2056}","  73 |     expect(wrapper.element.tagName).toBe('DIV')
  74 |     expect(wrapper.classes()).toContain('row')
> 75 |     expect(wrapper.classes()).toContain('justify-content-center')
     |    ^ Duplicate Assert
  76 |     expect(wrapper.classes().length).toBe(2)
  77 |   })
  78 |"
/home/gabriel/Disk/Research/research-javascript-test-smells/repositories/bootstrap-vue-dev/src/components/layout/row.spec.js,Duplicate Assert,"{'line': 87, 'column': 4, 'index': 2399}","  85 |
  86 |     expect(wrapper.element.tagName).toBe('DIV')
> 87 |     expect(wrapper.classes()).toContain('row')
     |    ^ Duplicate Assert
  88 |     expect(wrapper.classes()).toContain('align-content-stretch')
  89 |     expect(wrapper.classes().length).toBe(2)
  90 |   })"
/home/gabriel/Disk/Research/research-javascript-test-smells/repositories/bootstrap-vue-dev/src/components/layout/row.spec.js,Duplicate Assert,"{'line': 88, 'column': 4, 'index': 2446}","  86 |     expect(wrapper.element.tagName).toBe('DIV')
  87 |     expect(wrapper.classes()).toContain('row')
> 88 |     expect(wrapper.classes()).toContain('align-content-stretch')
     |    ^ Duplicate Assert
  89 |     expect(wrapper.classes().length).toBe(2)
  90 |   })
  91 |"
/home/gabriel/Disk/Research/research-javascript-test-smells/repositories/bootstrap-vue-dev/src/components/layout/row.spec.js,Duplicate Assert,"{'line': 100, 'column': 4, 'index': 2765}","   98 |
   99 |     expect(wrapper.element.tagName).toBe('DIV')
> 100 |     expect(wrapper.classes()).toContain('row')
      |    ^ Duplicate Assert
  101 |     expect(wrapper.classes()).toContain('row-cols-6')
  102 |     expect(wrapper.classes().length).toBe(2)
  103 |   })"
/home/gabriel/Disk/Research/research-javascript-test-smells/repositories/bootstrap-vue-dev/src/components/layout/row.spec.js,Duplicate Assert,"{'line': 101, 'column': 4, 'index': 2812}","   99 |     expect(wrapper.element.tagName).toBe('DIV')
  100 |     expect(wrapper.classes()).toContain('row')
> 101 |     expect(wrapper.classes()).toContain('row-cols-6')
      |    ^ Duplicate Assert
  102 |     expect(wrapper.classes().length).toBe(2)
  103 |   })
  104 |"
/home/gabriel/Disk/Research/research-javascript-test-smells/repositories/bootstrap-vue-dev/src/components/layout/row.spec.js,Duplicate Assert,"{'line': 113, 'column': 4, 'index': 3130}","  111 |
  112 |     expect(wrapper.element.tagName).toBe('DIV')
> 113 |     expect(wrapper.classes()).toContain('row')
      |    ^ Duplicate Assert
  114 |     expect(wrapper.classes()).toContain('row-cols-md-3')
  115 |     expect(wrapper.classes().length).toBe(2)
  116 |   })"
/home/gabriel/Disk/Research/research-javascript-test-smells/repositories/bootstrap-vue-dev/src/components/layout/row.spec.js,Duplicate Assert,"{'line': 114, 'column': 4, 'index': 3177}","  112 |     expect(wrapper.element.tagName).toBe('DIV')
  113 |     expect(wrapper.classes()).toContain('row')
> 114 |     expect(wrapper.classes()).toContain('row-cols-md-3')
      |    ^ Duplicate Assert
  115 |     expect(wrapper.classes().length).toBe(2)
  116 |   })
  117 |"
/home/gabriel/Disk/Research/research-javascript-test-smells/repositories/bootstrap-vue-dev/src/components/layout/row.spec.js,Duplicate Assert,"{'line': 130, 'column': 4, 'index': 3538}","  128 |
  129 |     expect(wrapper.element.tagName).toBe('DIV')
> 130 |     expect(wrapper.classes()).toContain('row')
      |    ^ Duplicate Assert
  131 |     expect(wrapper.classes()).toContain('row-cols-1')
  132 |     expect(wrapper.classes()).toContain('row-cols-sm-2')
  133 |     expect(wrapper.classes()).toContain('row-cols-md-3')"
/home/gabriel/Disk/Research/research-javascript-test-smells/repositories/bootstrap-vue-dev/src/components/layout/row.spec.js,Duplicate Assert,"{'line': 131, 'column': 4, 'index': 3585}","  129 |     expect(wrapper.element.tagName).toBe('DIV')
  130 |     expect(wrapper.classes()).toContain('row')
> 131 |     expect(wrapper.classes()).toContain('row-cols-1')
      |    ^ Duplicate Assert
  132 |     expect(wrapper.classes()).toContain('row-cols-sm-2')
  133 |     expect(wrapper.classes()).toContain('row-cols-md-3')
  134 |     expect(wrapper.classes()).toContain('row-cols-lg-4')"
/home/gabriel/Disk/Research/research-javascript-test-smells/repositories/bootstrap-vue-dev/src/components/layout/row.spec.js,Duplicate Assert,"{'line': 132, 'column': 4, 'index': 3639}","  130 |     expect(wrapper.classes()).toContain('row')
  131 |     expect(wrapper.classes()).toContain('row-cols-1')
> 132 |     expect(wrapper.classes()).toContain('row-cols-sm-2')
      |    ^ Duplicate Assert
  133 |     expect(wrapper.classes()).toContain('row-cols-md-3')
  134 |     expect(wrapper.classes()).toContain('row-cols-lg-4')
  135 |     expect(wrapper.classes()).toContain('row-cols-xl-5')"
/home/gabriel/Disk/Research/research-javascript-test-smells/repositories/bootstrap-vue-dev/src/components/layout/row.spec.js,Duplicate Assert,"{'line': 133, 'column': 4, 'index': 3696}","  131 |     expect(wrapper.classes()).toContain('row-cols-1')
  132 |     expect(wrapper.classes()).toContain('row-cols-sm-2')
> 133 |     expect(wrapper.classes()).toContain('row-cols-md-3')
      |    ^ Duplicate Assert
  134 |     expect(wrapper.classes()).toContain('row-cols-lg-4')
  135 |     expect(wrapper.classes()).toContain('row-cols-xl-5')
  136 |     expect(wrapper.classes().length).toBe(6)"
/home/gabriel/Disk/Research/research-javascript-test-smells/repositories/bootstrap-vue-dev/src/components/layout/row.spec.js,Duplicate Assert,"{'line': 134, 'column': 4, 'index': 3753}","  132 |     expect(wrapper.classes()).toContain('row-cols-sm-2')
  133 |     expect(wrapper.classes()).toContain('row-cols-md-3')
> 134 |     expect(wrapper.classes()).toContain('row-cols-lg-4')
      |    ^ Duplicate Assert
  135 |     expect(wrapper.classes()).toContain('row-cols-xl-5')
  136 |     expect(wrapper.classes().length).toBe(6)
  137 |   })"
/home/gabriel/Disk/Research/research-javascript-test-smells/repositories/bootstrap-vue-dev/src/components/layout/row.spec.js,Duplicate Assert,"{'line': 135, 'column': 4, 'index': 3810}","  133 |     expect(wrapper.classes()).toContain('row-cols-md-3')
  134 |     expect(wrapper.classes()).toContain('row-cols-lg-4')
> 135 |     expect(wrapper.classes()).toContain('row-cols-xl-5')
      |    ^ Duplicate Assert
  136 |     expect(wrapper.classes().length).toBe(6)
  137 |   })
  138 | })"
/home/gabriel/Disk/Research/research-javascript-test-smells/repositories/bootstrap-vue-dev/src/components/layout/row.spec.js,Magic Number,"{'line': 10, 'column': 42, 'index': 326}","   8 |     expect(wrapper.element.tagName).toBe('DIV')
   9 |     expect(wrapper.classes()).toContain('row')
> 10 |     expect(wrapper.classes().length).toBe(1)
     |                                          ^ Magic Number
  11 |     expect(wrapper.text()).toEqual('')
  12 |   })
  13 |"
/home/gabriel/Disk/Research/research-javascript-test-smells/repositories/bootstrap-vue-dev/src/components/layout/row.spec.js,Magic Number,"{'line': 23, 'column': 42, 'index': 666}","  21 |     expect(wrapper.element.tagName).toBe('P')
  22 |     expect(wrapper.classes()).toContain('row')
> 23 |     expect(wrapper.classes().length).toBe(1)
     |                                          ^ Magic Number
  24 |     expect(wrapper.text()).toEqual('')
  25 |   })
  26 |"
/home/gabriel/Disk/Research/research-javascript-test-smells/repositories/bootstrap-vue-dev/src/components/layout/row.spec.js,Magic Number,"{'line': 36, 'column': 42, 'index': 993}","  34 |     expect(wrapper.element.tagName).toBe('DIV')
  35 |     expect(wrapper.classes()).toContain('row')
> 36 |     expect(wrapper.classes().length).toBe(1)
     |                                          ^ Magic Number
  37 |     expect(wrapper.text()).toEqual('foobar')
  38 |   })
  39 |"
/home/gabriel/Disk/Research/research-javascript-test-smells/repositories/bootstrap-vue-dev/src/components/layout/row.spec.js,Magic Number,"{'line': 50, 'column': 42, 'index': 1402}","  48 |     expect(wrapper.classes()).toContain('row')
  49 |     expect(wrapper.classes()).toContain('no-gutters')
> 50 |     expect(wrapper.classes().length).toBe(2)
     |                                          ^ Magic Number
  51 |   })
  52 |
  53 |   it('has vertical align class when prop align-v is set', async () => {"
/home/gabriel/Disk/Research/research-javascript-test-smells/repositories/bootstrap-vue-dev/src/components/layout/row.spec.js,Magic Number,"{'line': 63, 'column': 42, 'index': 1780}","  61 |     expect(wrapper.classes()).toContain('row')
  62 |     expect(wrapper.classes()).toContain('align-items-baseline')
> 63 |     expect(wrapper.classes().length).toBe(2)
     |                                          ^ Magic Number
  64 |   })
  65 |
  66 |   it('has horizontal align class when prop align-h is set', async () => {"
/home/gabriel/Disk/Research/research-javascript-test-smells/repositories/bootstrap-vue-dev/src/components/layout/row.spec.js,Magic Number,"{'line': 76, 'column': 42, 'index': 2160}","  74 |     expect(wrapper.classes()).toContain('row')
  75 |     expect(wrapper.classes()).toContain('justify-content-center')
> 76 |     expect(wrapper.classes().length).toBe(2)
     |                                          ^ Magic Number
  77 |   })
  78 |
  79 |   it('has content align class when prop align-content is set', async () => {"
/home/gabriel/Disk/Research/research-javascript-test-smells/repositories/bootstrap-vue-dev/src/components/layout/row.spec.js,Magic Number,"{'line': 89, 'column': 42, 'index': 2549}","  87 |     expect(wrapper.classes()).toContain('row')
  88 |     expect(wrapper.classes()).toContain('align-content-stretch')
> 89 |     expect(wrapper.classes().length).toBe(2)
     |                                          ^ Magic Number
  90 |   })
  91 |
  92 |   it('has class row-cols-6 when prop cols is set to 6', async () => {"
/home/gabriel/Disk/Research/research-javascript-test-smells/repositories/bootstrap-vue-dev/src/components/layout/row.spec.js,Magic Number,"{'line': 102, 'column': 42, 'index': 2904}","  100 |     expect(wrapper.classes()).toContain('row')
  101 |     expect(wrapper.classes()).toContain('row-cols-6')
> 102 |     expect(wrapper.classes().length).toBe(2)
      |                                          ^ Magic Number
  103 |   })
  104 |
  105 |   it('has class row-cols-md-3 when prop cols-md is set to 3', async () => {"
/home/gabriel/Disk/Research/research-javascript-test-smells/repositories/bootstrap-vue-dev/src/components/layout/row.spec.js,Magic Number,"{'line': 115, 'column': 42, 'index': 3272}","  113 |     expect(wrapper.classes()).toContain('row')
  114 |     expect(wrapper.classes()).toContain('row-cols-md-3')
> 115 |     expect(wrapper.classes().length).toBe(2)
      |                                          ^ Magic Number
  116 |   })
  117 |
  118 |   it('all cols-* props work', async () => {"
/home/gabriel/Disk/Research/research-javascript-test-smells/repositories/bootstrap-vue-dev/src/components/layout/row.spec.js,Magic Number,"{'line': 136, 'column': 42, 'index': 3905}","  134 |     expect(wrapper.classes()).toContain('row-cols-lg-4')
  135 |     expect(wrapper.classes()).toContain('row-cols-xl-5')
> 136 |     expect(wrapper.classes().length).toBe(6)
      |                                          ^ Magic Number
  137 |   })
  138 | })
  139 |"
/home/gabriel/Disk/Research/research-javascript-test-smells/repositories/bootstrap-vue-dev/src/components/layout/form-row.spec.js,Magic Number,"{'line': 10, 'column': 42, 'index': 349}","   8 |     expect(wrapper.element.tagName).toBe('DIV')
   9 |     expect(wrapper.classes()).toContain('form-row')
> 10 |     expect(wrapper.classes().length).toBe(1)
     |                                          ^ Magic Number
  11 |     expect(wrapper.text()).toEqual('')
  12 |
  13 |     wrapper.destroy()"
/home/gabriel/Disk/Research/research-javascript-test-smells/repositories/bootstrap-vue-dev/src/components/layout/form-row.spec.js,Magic Number,"{'line': 25, 'column': 42, 'index': 716}","  23 |     expect(wrapper.element.tagName).toBe('SPAN')
  24 |     expect(wrapper.classes()).toContain('form-row')
> 25 |     expect(wrapper.classes().length).toBe(1)
     |                                          ^ Magic Number
  26 |     expect(wrapper.text()).toEqual('')
  27 |
  28 |     wrapper.destroy()"
/home/gabriel/Disk/Research/research-javascript-test-smells/repositories/bootstrap-vue-dev/src/components/layout/form-row.spec.js,Magic Number,"{'line': 40, 'column': 42, 'index': 1075}","  38 |     expect(wrapper.element.tagName).toBe('DIV')
  39 |     expect(wrapper.classes()).toContain('form-row')
> 40 |     expect(wrapper.classes().length).toBe(1)
     |                                          ^ Magic Number
  41 |     expect(wrapper.text()).toEqual('foobar')
  42 |
  43 |     wrapper.destroy()"
/home/gabriel/Disk/Research/research-javascript-test-smells/repositories/bootstrap-vue-dev/src/components/layout/container.spec.js,Magic Number,"{'line': 10, 'column': 42, 'index': 364}","   8 |     expect(wrapper.element.tagName).toBe('DIV')
   9 |     expect(wrapper.classes()).toContain('container')
> 10 |     expect(wrapper.classes().length).toBe(1)
     |                                          ^ Magic Number
  11 |     expect(wrapper.text()).toEqual('')
  12 |
  13 |     wrapper.destroy()"
/home/gabriel/Disk/Research/research-javascript-test-smells/repositories/bootstrap-vue-dev/src/components/layout/container.spec.js,Magic Number,"{'line': 25, 'column': 42, 'index': 748}","  23 |     expect(wrapper.element.tagName).toBe('SECTION')
  24 |     expect(wrapper.classes()).toContain('container')
> 25 |     expect(wrapper.classes().length).toBe(1)
     |                                          ^ Magic Number
  26 |     expect(wrapper.text()).toEqual('')
  27 |
  28 |     wrapper.destroy()"
/home/gabriel/Disk/Research/research-javascript-test-smells/repositories/bootstrap-vue-dev/src/components/layout/container.spec.js,Magic Number,"{'line': 40, 'column': 42, 'index': 1139}","  38 |     expect(wrapper.element.tagName).toBe('DIV')
  39 |     expect(wrapper.classes()).toContain('container-fluid')
> 40 |     expect(wrapper.classes().length).toBe(1)
     |                                          ^ Magic Number
  41 |     expect(wrapper.text()).toEqual('')
  42 |
  43 |     wrapper.destroy()"
/home/gabriel/Disk/Research/research-javascript-test-smells/repositories/bootstrap-vue-dev/src/components/layout/container.spec.js,Magic Number,"{'line': 55, 'column': 42, 'index': 1525}","  53 |     expect(wrapper.element.tagName).toBe('DIV')
  54 |     expect(wrapper.classes()).toContain('container-md')
> 55 |     expect(wrapper.classes().length).toBe(1)
     |                                          ^ Magic Number
  56 |     expect(wrapper.text()).toEqual('')
  57 |
  58 |     wrapper.destroy()"
/home/gabriel/Disk/Research/research-javascript-test-smells/repositories/bootstrap-vue-dev/src/components/layout/container.spec.js,Magic Number,"{'line': 70, 'column': 42, 'index': 1888}","  68 |     expect(wrapper.element.tagName).toBe('DIV')
  69 |     expect(wrapper.classes()).toContain('container')
> 70 |     expect(wrapper.classes().length).toBe(1)
     |                                          ^ Magic Number
  71 |     expect(wrapper.text()).toEqual('foobar')
  72 |
  73 |     wrapper.destroy()"
/home/gabriel/Disk/Research/research-javascript-test-smells/repositories/bootstrap-vue-dev/src/components/layout/col.spec.js,Duplicate Assert,"{'line': 45, 'column': 4, 'index': 1154}","  43 |
  44 |     expect(wrapper.element.tagName).toBe('DIV')
> 45 |     expect(wrapper.classes()).toContain('col-6')
     |    ^ Duplicate Assert
  46 |     expect(wrapper.classes()).toContain('col-sm-5')
  47 |     expect(wrapper.classes()).toContain('col-md-4')
  48 |     expect(wrapper.classes()).toContain('col-lg-3')"
/home/gabriel/Disk/Research/research-javascript-test-smells/repositories/bootstrap-vue-dev/src/components/layout/col.spec.js,Duplicate Assert,"{'line': 46, 'column': 4, 'index': 1203}","  44 |     expect(wrapper.element.tagName).toBe('DIV')
  45 |     expect(wrapper.classes()).toContain('col-6')
> 46 |     expect(wrapper.classes()).toContain('col-sm-5')
     |    ^ Duplicate Assert
  47 |     expect(wrapper.classes()).toContain('col-md-4')
  48 |     expect(wrapper.classes()).toContain('col-lg-3')
  49 |     expect(wrapper.classes()).toContain('col-xl-2')"
/home/gabriel/Disk/Research/research-javascript-test-smells/repositories/bootstrap-vue-dev/src/components/layout/col.spec.js,Duplicate Assert,"{'line': 47, 'column': 4, 'index': 1255}","  45 |     expect(wrapper.classes()).toContain('col-6')
  46 |     expect(wrapper.classes()).toContain('col-sm-5')
> 47 |     expect(wrapper.classes()).toContain('col-md-4')
     |    ^ Duplicate Assert
  48 |     expect(wrapper.classes()).toContain('col-lg-3')
  49 |     expect(wrapper.classes()).toContain('col-xl-2')
  50 |     expect(wrapper.classes().length).toBe(5)"
/home/gabriel/Disk/Research/research-javascript-test-smells/repositories/bootstrap-vue-dev/src/components/layout/col.spec.js,Duplicate Assert,"{'line': 48, 'column': 4, 'index': 1307}","  46 |     expect(wrapper.classes()).toContain('col-sm-5')
  47 |     expect(wrapper.classes()).toContain('col-md-4')
> 48 |     expect(wrapper.classes()).toContain('col-lg-3')
     |    ^ Duplicate Assert
  49 |     expect(wrapper.classes()).toContain('col-xl-2')
  50 |     expect(wrapper.classes().length).toBe(5)
  51 |"
/home/gabriel/Disk/Research/research-javascript-test-smells/repositories/bootstrap-vue-dev/src/components/layout/col.spec.js,Duplicate Assert,"{'line': 49, 'column': 4, 'index': 1359}","  47 |     expect(wrapper.classes()).toContain('col-md-4')
  48 |     expect(wrapper.classes()).toContain('col-lg-3')
> 49 |     expect(wrapper.classes()).toContain('col-xl-2')
     |    ^ Duplicate Assert
  50 |     expect(wrapper.classes().length).toBe(5)
  51 |
  52 |     wrapper.destroy()"
/home/gabriel/Disk/Research/research-javascript-test-smells/repositories/bootstrap-vue-dev/src/components/layout/col.spec.js,Duplicate Assert,"{'line': 81, 'column': 4, 'index': 2138}","  79 |
  80 |     expect(wrapper.element.tagName).toBe('DIV')
> 81 |     expect(wrapper.classes()).toContain('col')
     |    ^ Duplicate Assert
  82 |     expect(wrapper.classes()).toContain('offset-6')
  83 |     expect(wrapper.classes()).toContain('offset-sm-5')
  84 |     expect(wrapper.classes()).toContain('offset-md-4')"
/home/gabriel/Disk/Research/research-javascript-test-smells/repositories/bootstrap-vue-dev/src/components/layout/col.spec.js,Duplicate Assert,"{'line': 82, 'column': 4, 'index': 2185}","  80 |     expect(wrapper.element.tagName).toBe('DIV')
  81 |     expect(wrapper.classes()).toContain('col')
> 82 |     expect(wrapper.classes()).toContain('offset-6')
     |    ^ Duplicate Assert
  83 |     expect(wrapper.classes()).toContain('offset-sm-5')
  84 |     expect(wrapper.classes()).toContain('offset-md-4')
  85 |     expect(wrapper.classes()).toContain('offset-lg-3')"
/home/gabriel/Disk/Research/research-javascript-test-smells/repositories/bootstrap-vue-dev/src/components/layout/col.spec.js,Duplicate Assert,"{'line': 83, 'column': 4, 'index': 2237}","  81 |     expect(wrapper.classes()).toContain('col')
  82 |     expect(wrapper.classes()).toContain('offset-6')
> 83 |     expect(wrapper.classes()).toContain('offset-sm-5')
     |    ^ Duplicate Assert
  84 |     expect(wrapper.classes()).toContain('offset-md-4')
  85 |     expect(wrapper.classes()).toContain('offset-lg-3')
  86 |     expect(wrapper.classes()).toContain('offset-xl-2')"
/home/gabriel/Disk/Research/research-javascript-test-smells/repositories/bootstrap-vue-dev/src/components/layout/col.spec.js,Duplicate Assert,"{'line': 84, 'column': 4, 'index': 2292}","  82 |     expect(wrapper.classes()).toContain('offset-6')
  83 |     expect(wrapper.classes()).toContain('offset-sm-5')
> 84 |     expect(wrapper.classes()).toContain('offset-md-4')
     |    ^ Duplicate Assert
  85 |     expect(wrapper.classes()).toContain('offset-lg-3')
  86 |     expect(wrapper.classes()).toContain('offset-xl-2')
  87 |     expect(wrapper.classes().length).toBe(6)"
/home/gabriel/Disk/Research/research-javascript-test-smells/repositories/bootstrap-vue-dev/src/components/layout/col.spec.js,Duplicate Assert,"{'line': 85, 'column': 4, 'index': 2347}","  83 |     expect(wrapper.classes()).toContain('offset-sm-5')
  84 |     expect(wrapper.classes()).toContain('offset-md-4')
> 85 |     expect(wrapper.classes()).toContain('offset-lg-3')
     |    ^ Duplicate Assert
  86 |     expect(wrapper.classes()).toContain('offset-xl-2')
  87 |     expect(wrapper.classes().length).toBe(6)
  88 |"
/home/gabriel/Disk/Research/research-javascript-test-smells/repositories/bootstrap-vue-dev/src/components/layout/col.spec.js,Duplicate Assert,"{'line': 86, 'column': 4, 'index': 2402}","  84 |     expect(wrapper.classes()).toContain('offset-md-4')
  85 |     expect(wrapper.classes()).toContain('offset-lg-3')
> 86 |     expect(wrapper.classes()).toContain('offset-xl-2')
     |    ^ Duplicate Assert
  87 |     expect(wrapper.classes().length).toBe(6)
  88 |
  89 |     wrapper.destroy()"
/home/gabriel/Disk/Research/research-javascript-test-smells/repositories/bootstrap-vue-dev/src/components/layout/col.spec.js,Duplicate Assert,"{'line': 104, 'column': 4, 'index': 2827}","  102 |
  103 |     expect(wrapper.element.tagName).toBe('DIV')
> 104 |     expect(wrapper.classes()).toContain('col')
      |    ^ Duplicate Assert
  105 |     expect(wrapper.classes()).toContain('order-6')
  106 |     expect(wrapper.classes()).toContain('order-sm-5')
  107 |     expect(wrapper.classes()).toContain('order-md-4')"
/home/gabriel/Disk/Research/research-javascript-test-smells/repositories/bootstrap-vue-dev/src/components/layout/col.spec.js,Duplicate Assert,"{'line': 105, 'column': 4, 'index': 2874}","  103 |     expect(wrapper.element.tagName).toBe('DIV')
  104 |     expect(wrapper.classes()).toContain('col')
> 105 |     expect(wrapper.classes()).toContain('order-6')
      |    ^ Duplicate Assert
  106 |     expect(wrapper.classes()).toContain('order-sm-5')
  107 |     expect(wrapper.classes()).toContain('order-md-4')
  108 |     expect(wrapper.classes()).toContain('order-lg-3')"
/home/gabriel/Disk/Research/research-javascript-test-smells/repositories/bootstrap-vue-dev/src/components/layout/col.spec.js,Duplicate Assert,"{'line': 106, 'column': 4, 'index': 2925}","  104 |     expect(wrapper.classes()).toContain('col')
  105 |     expect(wrapper.classes()).toContain('order-6')
> 106 |     expect(wrapper.classes()).toContain('order-sm-5')
      |    ^ Duplicate Assert
  107 |     expect(wrapper.classes()).toContain('order-md-4')
  108 |     expect(wrapper.classes()).toContain('order-lg-3')
  109 |     expect(wrapper.classes()).toContain('order-xl-2')"
/home/gabriel/Disk/Research/research-javascript-test-smells/repositories/bootstrap-vue-dev/src/components/layout/col.spec.js,Duplicate Assert,"{'line': 107, 'column': 4, 'index': 2979}","  105 |     expect(wrapper.classes()).toContain('order-6')
  106 |     expect(wrapper.classes()).toContain('order-sm-5')
> 107 |     expect(wrapper.classes()).toContain('order-md-4')
      |    ^ Duplicate Assert
  108 |     expect(wrapper.classes()).toContain('order-lg-3')
  109 |     expect(wrapper.classes()).toContain('order-xl-2')
  110 |     expect(wrapper.classes().length).toBe(6)"
/home/gabriel/Disk/Research/research-javascript-test-smells/repositories/bootstrap-vue-dev/src/components/layout/col.spec.js,Duplicate Assert,"{'line': 108, 'column': 4, 'index': 3033}","  106 |     expect(wrapper.classes()).toContain('order-sm-5')
  107 |     expect(wrapper.classes()).toContain('order-md-4')
> 108 |     expect(wrapper.classes()).toContain('order-lg-3')
      |    ^ Duplicate Assert
  109 |     expect(wrapper.classes()).toContain('order-xl-2')
  110 |     expect(wrapper.classes().length).toBe(6)
  111 |"
/home/gabriel/Disk/Research/research-javascript-test-smells/repositories/bootstrap-vue-dev/src/components/layout/col.spec.js,Duplicate Assert,"{'line': 109, 'column': 4, 'index': 3087}","  107 |     expect(wrapper.classes()).toContain('order-md-4')
  108 |     expect(wrapper.classes()).toContain('order-lg-3')
> 109 |     expect(wrapper.classes()).toContain('order-xl-2')
      |    ^ Duplicate Assert
  110 |     expect(wrapper.classes().length).toBe(6)
  111 |
  112 |     wrapper.destroy()"
/home/gabriel/Disk/Research/research-javascript-test-smells/repositories/bootstrap-vue-dev/src/components/layout/col.spec.js,Duplicate Assert,"{'line': 127, 'column': 4, 'index': 3516}","  125 |
  126 |     expect(wrapper.element.tagName).toBe('DIV')
> 127 |     expect(wrapper.classes()).toContain('col')
      |    ^ Duplicate Assert
  128 |     expect(wrapper.classes()).toContain('col-sm')
  129 |     expect(wrapper.classes()).toContain('col-md')
  130 |     expect(wrapper.classes()).toContain('col-lg')"
/home/gabriel/Disk/Research/research-javascript-test-smells/repositories/bootstrap-vue-dev/src/components/layout/col.spec.js,Duplicate Assert,"{'line': 128, 'column': 4, 'index': 3563}","  126 |     expect(wrapper.element.tagName).toBe('DIV')
  127 |     expect(wrapper.classes()).toContain('col')
> 128 |     expect(wrapper.classes()).toContain('col-sm')
      |    ^ Duplicate Assert
  129 |     expect(wrapper.classes()).toContain('col-md')
  130 |     expect(wrapper.classes()).toContain('col-lg')
  131 |     expect(wrapper.classes()).toContain('col-xl')"
/home/gabriel/Disk/Research/research-javascript-test-smells/repositories/bootstrap-vue-dev/src/components/layout/col.spec.js,Duplicate Assert,"{'line': 129, 'column': 4, 'index': 3613}","  127 |     expect(wrapper.classes()).toContain('col')
  128 |     expect(wrapper.classes()).toContain('col-sm')
> 129 |     expect(wrapper.classes()).toContain('col-md')
      |    ^ Duplicate Assert
  130 |     expect(wrapper.classes()).toContain('col-lg')
  131 |     expect(wrapper.classes()).toContain('col-xl')
  132 |     expect(wrapper.classes().length).toBe(5)"
/home/gabriel/Disk/Research/research-javascript-test-smells/repositories/bootstrap-vue-dev/src/components/layout/col.spec.js,Duplicate Assert,"{'line': 130, 'column': 4, 'index': 3663}","  128 |     expect(wrapper.classes()).toContain('col-sm')
  129 |     expect(wrapper.classes()).toContain('col-md')
> 130 |     expect(wrapper.classes()).toContain('col-lg')
      |    ^ Duplicate Assert
  131 |     expect(wrapper.classes()).toContain('col-xl')
  132 |     expect(wrapper.classes().length).toBe(5)
  133 |"
/home/gabriel/Disk/Research/research-javascript-test-smells/repositories/bootstrap-vue-dev/src/components/layout/col.spec.js,Duplicate Assert,"{'line': 131, 'column': 4, 'index': 3713}","  129 |     expect(wrapper.classes()).toContain('col-md')
  130 |     expect(wrapper.classes()).toContain('col-lg')
> 131 |     expect(wrapper.classes()).toContain('col-xl')
      |    ^ Duplicate Assert
  132 |     expect(wrapper.classes().length).toBe(5)
  133 |
  134 |     wrapper.destroy()"
/home/gabriel/Disk/Research/research-javascript-test-smells/repositories/bootstrap-vue-dev/src/components/layout/col.spec.js,Duplicate Assert,"{'line': 148, 'column': 4, 'index': 4131}","  146 |
  147 |     expect(wrapper.element.tagName).toBe('DIV')
> 148 |     expect(wrapper.classes()).toContain('col-sm')
      |    ^ Duplicate Assert
  149 |     expect(wrapper.classes()).toContain('col-md')
  150 |     expect(wrapper.classes()).toContain('col-lg')
  151 |     expect(wrapper.classes()).toContain('col-xl')"
/home/gabriel/Disk/Research/research-javascript-test-smells/repositories/bootstrap-vue-dev/src/components/layout/col.spec.js,Duplicate Assert,"{'line': 149, 'column': 4, 'index': 4181}","  147 |     expect(wrapper.element.tagName).toBe('DIV')
  148 |     expect(wrapper.classes()).toContain('col-sm')
> 149 |     expect(wrapper.classes()).toContain('col-md')
      |    ^ Duplicate Assert
  150 |     expect(wrapper.classes()).toContain('col-lg')
  151 |     expect(wrapper.classes()).toContain('col-xl')
  152 |     expect(wrapper.classes().length).toBe(4)"
/home/gabriel/Disk/Research/research-javascript-test-smells/repositories/bootstrap-vue-dev/src/components/layout/col.spec.js,Duplicate Assert,"{'line': 150, 'column': 4, 'index': 4231}","  148 |     expect(wrapper.classes()).toContain('col-sm')
  149 |     expect(wrapper.classes()).toContain('col-md')
> 150 |     expect(wrapper.classes()).toContain('col-lg')
      |    ^ Duplicate Assert
  151 |     expect(wrapper.classes()).toContain('col-xl')
  152 |     expect(wrapper.classes().length).toBe(4)
  153 |"
/home/gabriel/Disk/Research/research-javascript-test-smells/repositories/bootstrap-vue-dev/src/components/layout/col.spec.js,Duplicate Assert,"{'line': 151, 'column': 4, 'index': 4281}","  149 |     expect(wrapper.classes()).toContain('col-md')
  150 |     expect(wrapper.classes()).toContain('col-lg')
> 151 |     expect(wrapper.classes()).toContain('col-xl')
      |    ^ Duplicate Assert
  152 |     expect(wrapper.classes().length).toBe(4)
  153 |
  154 |     wrapper.destroy()"
/home/gabriel/Disk/Research/research-javascript-test-smells/repositories/bootstrap-vue-dev/src/components/layout/col.spec.js,Duplicate Assert,"{'line': 165, 'column': 4, 'index': 4630}","  163 |
  164 |     expect(wrapper.element.tagName).toBe('DIV')
> 165 |     expect(wrapper.classes()).toContain('col')
      |    ^ Duplicate Assert
  166 |     expect(wrapper.classes()).toContain('align-self-center')
  167 |     expect(wrapper.classes().length).toBe(2)
  168 |"
/home/gabriel/Disk/Research/research-javascript-test-smells/repositories/bootstrap-vue-dev/src/components/layout/col.spec.js,Duplicate Assert,"{'line': 166, 'column': 4, 'index': 4677}","  164 |     expect(wrapper.element.tagName).toBe('DIV')
  165 |     expect(wrapper.classes()).toContain('col')
> 166 |     expect(wrapper.classes()).toContain('align-self-center')
      |    ^ Duplicate Assert
  167 |     expect(wrapper.classes().length).toBe(2)
  168 |
  169 |     wrapper.destroy()"
/home/gabriel/Disk/Research/research-javascript-test-smells/repositories/bootstrap-vue-dev/src/components/layout/col.spec.js,Magic Number,"{'line': 10, 'column': 42, 'index': 334}","   8 |     expect(wrapper.element.tagName).toBe('DIV')
   9 |     expect(wrapper.classes()).toContain('col')
> 10 |     expect(wrapper.classes().length).toBe(1)
     |                                          ^ Magic Number
  11 |     expect(wrapper.findAll('.col > *').length).toBe(0)
  12 |     expect(wrapper.text()).toEqual('')
  13 |"
/home/gabriel/Disk/Research/research-javascript-test-smells/repositories/bootstrap-vue-dev/src/components/layout/col.spec.js,Magic Number,"{'line': 11, 'column': 52, 'index': 389}","   9 |     expect(wrapper.classes()).toContain('col')
  10 |     expect(wrapper.classes().length).toBe(1)
> 11 |     expect(wrapper.findAll('.col > *').length).toBe(0)
     |                                                    ^ Magic Number
  12 |     expect(wrapper.text()).toEqual('')
  13 |
  14 |     wrapper.destroy()"
/home/gabriel/Disk/Research/research-javascript-test-smells/repositories/bootstrap-vue-dev/src/components/layout/col.spec.js,Magic Number,"{'line': 26, 'column': 42, 'index': 755}","  24 |     expect(wrapper.element.tagName).toBe('SPAN')
  25 |     expect(wrapper.classes()).toContain('col')
> 26 |     expect(wrapper.classes().length).toBe(1)
     |                                          ^ Magic Number
  27 |     expect(wrapper.findAll('.col > *').length).toBe(0)
  28 |     expect(wrapper.text()).toEqual('')
  29 |"
/home/gabriel/Disk/Research/research-javascript-test-smells/repositories/bootstrap-vue-dev/src/components/layout/col.spec.js,Magic Number,"{'line': 27, 'column': 52, 'index': 810}","  25 |     expect(wrapper.classes()).toContain('col')
  26 |     expect(wrapper.classes().length).toBe(1)
> 27 |     expect(wrapper.findAll('.col > *').length).toBe(0)
     |                                                    ^ Magic Number
  28 |     expect(wrapper.text()).toEqual('')
  29 |
  30 |     wrapper.destroy()"
/home/gabriel/Disk/Research/research-javascript-test-smells/repositories/bootstrap-vue-dev/src/components/layout/col.spec.js,Magic Number,"{'line': 50, 'column': 42, 'index': 1449}","  48 |     expect(wrapper.classes()).toContain('col-lg-3')
  49 |     expect(wrapper.classes()).toContain('col-xl-2')
> 50 |     expect(wrapper.classes().length).toBe(5)
     |                                          ^ Magic Number
  51 |
  52 |     wrapper.destroy()
  53 |   })"
/home/gabriel/Disk/Research/research-javascript-test-smells/repositories/bootstrap-vue-dev/src/components/layout/col.spec.js,Magic Number,"{'line': 64, 'column': 42, 'index': 1799}","  62 |     expect(wrapper.element.tagName).toBe('DIV')
  63 |     expect(wrapper.classes()).toContain('col-sm-5')
> 64 |     expect(wrapper.classes().length).toBe(1)
     |                                          ^ Magic Number
  65 |
  66 |     wrapper.destroy()
  67 |   })"
/home/gabriel/Disk/Research/research-javascript-test-smells/repositories/bootstrap-vue-dev/src/components/layout/col.spec.js,Magic Number,"{'line': 87, 'column': 42, 'index': 2495}","  85 |     expect(wrapper.classes()).toContain('offset-lg-3')
  86 |     expect(wrapper.classes()).toContain('offset-xl-2')
> 87 |     expect(wrapper.classes().length).toBe(6)
     |                                          ^ Magic Number
  88 |
  89 |     wrapper.destroy()
  90 |   })"
/home/gabriel/Disk/Research/research-javascript-test-smells/repositories/bootstrap-vue-dev/src/components/layout/col.spec.js,Magic Number,"{'line': 110, 'column': 42, 'index': 3179}","  108 |     expect(wrapper.classes()).toContain('order-lg-3')
  109 |     expect(wrapper.classes()).toContain('order-xl-2')
> 110 |     expect(wrapper.classes().length).toBe(6)
      |                                          ^ Magic Number
  111 |
  112 |     wrapper.destroy()
  113 |   })"
/home/gabriel/Disk/Research/research-javascript-test-smells/repositories/bootstrap-vue-dev/src/components/layout/col.spec.js,Magic Number,"{'line': 132, 'column': 42, 'index': 3801}","  130 |     expect(wrapper.classes()).toContain('col-lg')
  131 |     expect(wrapper.classes()).toContain('col-xl')
> 132 |     expect(wrapper.classes().length).toBe(5)
      |                                          ^ Magic Number
  133 |
  134 |     wrapper.destroy()
  135 |   })"
/home/gabriel/Disk/Research/research-javascript-test-smells/repositories/bootstrap-vue-dev/src/components/layout/col.spec.js,Magic Number,"{'line': 152, 'column': 42, 'index': 4369}","  150 |     expect(wrapper.classes()).toContain('col-lg')
  151 |     expect(wrapper.classes()).toContain('col-xl')
> 152 |     expect(wrapper.classes().length).toBe(4)
      |                                          ^ Magic Number
  153 |
  154 |     wrapper.destroy()
  155 |   })"
/home/gabriel/Disk/Research/research-javascript-test-smells/repositories/bootstrap-vue-dev/src/components/layout/col.spec.js,Magic Number,"{'line': 167, 'column': 42, 'index': 4776}","  165 |     expect(wrapper.classes()).toContain('col')
  166 |     expect(wrapper.classes()).toContain('align-self-center')
> 167 |     expect(wrapper.classes().length).toBe(2)
      |                                          ^ Magic Number
  168 |
  169 |     wrapper.destroy()
  170 |   })"
/home/gabriel/Disk/Research/research-javascript-test-smells/repositories/bootstrap-vue-dev/src/components/jumbotron/jumbotron.spec.js,Duplicate Assert,"{'line': 39, 'column': 4, 'index': 1038}","  37 |
  38 |     expect(wrapper.element.tagName).toBe('DIV')
> 39 |     expect(wrapper.classes()).toContain('jumbotron')
     |    ^ Duplicate Assert
  40 |     expect(wrapper.classes()).toContain('border')
  41 |     expect(wrapper.classes()).toContain('border-danger')
  42 |     expect(wrapper.classes().length).toBe(3)"
/home/gabriel/Disk/Research/research-javascript-test-smells/repositories/bootstrap-vue-dev/src/components/jumbotron/jumbotron.spec.js,Duplicate Assert,"{'line': 40, 'column': 4, 'index': 1091}","  38 |     expect(wrapper.element.tagName).toBe('DIV')
  39 |     expect(wrapper.classes()).toContain('jumbotron')
> 40 |     expect(wrapper.classes()).toContain('border')
     |    ^ Duplicate Assert
  41 |     expect(wrapper.classes()).toContain('border-danger')
  42 |     expect(wrapper.classes().length).toBe(3)
  43 |"
/home/gabriel/Disk/Research/research-javascript-test-smells/repositories/bootstrap-vue-dev/src/components/jumbotron/jumbotron.spec.js,Duplicate Assert,"{'line': 41, 'column': 4, 'index': 1141}","  39 |     expect(wrapper.classes()).toContain('jumbotron')
  40 |     expect(wrapper.classes()).toContain('border')
> 41 |     expect(wrapper.classes()).toContain('border-danger')
     |    ^ Duplicate Assert
  42 |     expect(wrapper.classes().length).toBe(3)
  43 |
  44 |     wrapper.destroy()"
/home/gabriel/Disk/Research/research-javascript-test-smells/repositories/bootstrap-vue-dev/src/components/jumbotron/jumbotron.spec.js,Duplicate Assert,"{'line': 55, 'column': 4, 'index': 1496}","  53 |
  54 |     expect(wrapper.element.tagName).toBe('DIV')
> 55 |     expect(wrapper.classes()).toContain('jumbotron')
     |    ^ Duplicate Assert
  56 |     expect(wrapper.classes()).toContain('bg-info')
  57 |     expect(wrapper.classes().length).toBe(2)
  58 |"
/home/gabriel/Disk/Research/research-javascript-test-smells/repositories/bootstrap-vue-dev/src/components/jumbotron/jumbotron.spec.js,Duplicate Assert,"{'line': 56, 'column': 4, 'index': 1549}","  54 |     expect(wrapper.element.tagName).toBe('DIV')
  55 |     expect(wrapper.classes()).toContain('jumbotron')
> 56 |     expect(wrapper.classes()).toContain('bg-info')
     |    ^ Duplicate Assert
  57 |     expect(wrapper.classes().length).toBe(2)
  58 |
  59 |     wrapper.destroy()"
/home/gabriel/Disk/Research/research-javascript-test-smells/repositories/bootstrap-vue-dev/src/components/jumbotron/jumbotron.spec.js,Duplicate Assert,"{'line': 70, 'column': 4, 'index': 1899}","  68 |
  69 |     expect(wrapper.element.tagName).toBe('DIV')
> 70 |     expect(wrapper.classes()).toContain('jumbotron')
     |    ^ Duplicate Assert
  71 |     expect(wrapper.classes()).toContain('text-primary')
  72 |     expect(wrapper.classes().length).toBe(2)
  73 |"
/home/gabriel/Disk/Research/research-javascript-test-smells/repositories/bootstrap-vue-dev/src/components/jumbotron/jumbotron.spec.js,Duplicate Assert,"{'line': 71, 'column': 4, 'index': 1952}","  69 |     expect(wrapper.element.tagName).toBe('DIV')
  70 |     expect(wrapper.classes()).toContain('jumbotron')
> 71 |     expect(wrapper.classes()).toContain('text-primary')
     |    ^ Duplicate Assert
  72 |     expect(wrapper.classes().length).toBe(2)
  73 |
  74 |     wrapper.destroy()"
/home/gabriel/Disk/Research/research-javascript-test-smells/repositories/bootstrap-vue-dev/src/components/jumbotron/jumbotron.spec.js,Duplicate Assert,"{'line': 104, 'column': 4, 'index': 2794}","  102 |
  103 |     expect(wrapper.element.tagName).toBe('DIV')
> 104 |     expect(wrapper.classes()).toContain('jumbotron')
      |    ^ Duplicate Assert
  105 |     expect(wrapper.classes()).toContain('jumbotron-fluid')
  106 |     expect(wrapper.classes().length).toBe(2)
  107 |     expect(wrapper.findAll('.jumbotron > *').length).toBe(1)"
/home/gabriel/Disk/Research/research-javascript-test-smells/repositories/bootstrap-vue-dev/src/components/jumbotron/jumbotron.spec.js,Duplicate Assert,"{'line': 105, 'column': 4, 'index': 2847}","  103 |     expect(wrapper.element.tagName).toBe('DIV')
  104 |     expect(wrapper.classes()).toContain('jumbotron')
> 105 |     expect(wrapper.classes()).toContain('jumbotron-fluid')
      |    ^ Duplicate Assert
  106 |     expect(wrapper.classes().length).toBe(2)
  107 |     expect(wrapper.findAll('.jumbotron > *').length).toBe(1)
  108 |     expect(wrapper.findAll('.container').length).toBe(1)"
/home/gabriel/Disk/Research/research-javascript-test-smells/repositories/bootstrap-vue-dev/src/components/jumbotron/jumbotron.spec.js,Duplicate Assert,"{'line': 128, 'column': 4, 'index': 3619}","  126 |
  127 |     expect(wrapper.element.tagName).toBe('DIV')
> 128 |     expect(wrapper.classes()).toContain('jumbotron')
      |    ^ Duplicate Assert
  129 |     expect(wrapper.classes()).toContain('jumbotron-fluid')
  130 |     expect(wrapper.classes().length).toBe(2)
  131 |     expect(wrapper.findAll('.jumbotron > *').length).toBe(1)"
/home/gabriel/Disk/Research/research-javascript-test-smells/repositories/bootstrap-vue-dev/src/components/jumbotron/jumbotron.spec.js,Duplicate Assert,"{'line': 129, 'column': 4, 'index': 3672}","  127 |     expect(wrapper.element.tagName).toBe('DIV')
  128 |     expect(wrapper.classes()).toContain('jumbotron')
> 129 |     expect(wrapper.classes()).toContain('jumbotron-fluid')
      |    ^ Duplicate Assert
  130 |     expect(wrapper.classes().length).toBe(2)
  131 |     expect(wrapper.findAll('.jumbotron > *').length).toBe(1)
  132 |     expect(wrapper.findAll('.container').length).toBe(0)"
/home/gabriel/Disk/Research/research-javascript-test-smells/repositories/bootstrap-vue-dev/src/components/jumbotron/jumbotron.spec.js,Magic Number,"{'line': 10, 'column': 42, 'index': 347}","   8 |     expect(wrapper.element.tagName).toBe('DIV')
   9 |     expect(wrapper.classes()).toContain('jumbotron')
> 10 |     expect(wrapper.classes().length).toBe(1)
     |                                          ^ Magic Number
  11 |     expect(wrapper.text()).toEqual('')
  12 |
  13 |     wrapper.destroy()"
/home/gabriel/Disk/Research/research-javascript-test-smells/repositories/bootstrap-vue-dev/src/components/jumbotron/jumbotron.spec.js,Magic Number,"{'line': 25, 'column': 42, 'index': 741}","  23 |     expect(wrapper.element.tagName).toBe('ARTICLE')
  24 |     expect(wrapper.classes()).toContain('jumbotron')
> 25 |     expect(wrapper.classes().length).toBe(1)
     |                                          ^ Magic Number
  26 |     expect(wrapper.text()).toEqual('')
  27 |
  28 |     wrapper.destroy()"
/home/gabriel/Disk/Research/research-javascript-test-smells/repositories/bootstrap-vue-dev/src/components/jumbotron/jumbotron.spec.js,Magic Number,"{'line': 42, 'column': 42, 'index': 1236}","  40 |     expect(wrapper.classes()).toContain('border')
  41 |     expect(wrapper.classes()).toContain('border-danger')
> 42 |     expect(wrapper.classes().length).toBe(3)
     |                                          ^ Magic Number
  43 |
  44 |     wrapper.destroy()
  45 |   })"
/home/gabriel/Disk/Research/research-javascript-test-smells/repositories/bootstrap-vue-dev/src/components/jumbotron/jumbotron.spec.js,Magic Number,"{'line': 57, 'column': 42, 'index': 1638}","  55 |     expect(wrapper.classes()).toContain('jumbotron')
  56 |     expect(wrapper.classes()).toContain('bg-info')
> 57 |     expect(wrapper.classes().length).toBe(2)
     |                                          ^ Magic Number
  58 |
  59 |     wrapper.destroy()
  60 |   })"
/home/gabriel/Disk/Research/research-javascript-test-smells/repositories/bootstrap-vue-dev/src/components/jumbotron/jumbotron.spec.js,Magic Number,"{'line': 72, 'column': 42, 'index': 2046}","  70 |     expect(wrapper.classes()).toContain('jumbotron')
  71 |     expect(wrapper.classes()).toContain('text-primary')
> 72 |     expect(wrapper.classes().length).toBe(2)
     |                                          ^ Magic Number
  73 |
  74 |     wrapper.destroy()
  75 |   })"
/home/gabriel/Disk/Research/research-javascript-test-smells/repositories/bootstrap-vue-dev/src/components/jumbotron/jumbotron.spec.js,Magic Number,"{'line': 86, 'column': 42, 'index': 2369}","  84 |     expect(wrapper.element.tagName).toBe('DIV')
  85 |     expect(wrapper.classes()).toContain('jumbotron')
> 86 |     expect(wrapper.classes().length).toBe(1)
     |                                          ^ Magic Number
  87 |     expect(wrapper.text()).toEqual('foobar')
  88 |     expect(wrapper.findAll('.jumbotron > *').length).toBe(0)
  89 |"
/home/gabriel/Disk/Research/research-javascript-test-smells/repositories/bootstrap-vue-dev/src/components/jumbotron/jumbotron.spec.js,Magic Number,"{'line': 88, 'column': 58, 'index': 2475}","  86 |     expect(wrapper.classes().length).toBe(1)
  87 |     expect(wrapper.text()).toEqual('foobar')
> 88 |     expect(wrapper.findAll('.jumbotron > *').length).toBe(0)
     |                                                          ^ Magic Number
  89 |
  90 |     wrapper.destroy()
  91 |   })"
/home/gabriel/Disk/Research/research-javascript-test-smells/repositories/bootstrap-vue-dev/src/components/jumbotron/jumbotron.spec.js,Magic Number,"{'line': 106, 'column': 42, 'index': 2944}","  104 |     expect(wrapper.classes()).toContain('jumbotron')
  105 |     expect(wrapper.classes()).toContain('jumbotron-fluid')
> 106 |     expect(wrapper.classes().length).toBe(2)
      |                                          ^ Magic Number
  107 |     expect(wrapper.findAll('.jumbotron > *').length).toBe(1)
  108 |     expect(wrapper.findAll('.container').length).toBe(1)
  109 |     expect(wrapper.find('.container').element.tagName).toBe('DIV')"
/home/gabriel/Disk/Research/research-javascript-test-smells/repositories/bootstrap-vue-dev/src/components/jumbotron/jumbotron.spec.js,Magic Number,"{'line': 107, 'column': 58, 'index': 3005}","  105 |     expect(wrapper.classes()).toContain('jumbotron-fluid')
  106 |     expect(wrapper.classes().length).toBe(2)
> 107 |     expect(wrapper.findAll('.jumbotron > *').length).toBe(1)
      |                                                          ^ Magic Number
  108 |     expect(wrapper.findAll('.container').length).toBe(1)
  109 |     expect(wrapper.find('.container').element.tagName).toBe('DIV')
  110 |     expect(wrapper.find('.container').text()).toEqual('foobar')"
/home/gabriel/Disk/Research/research-javascript-test-smells/repositories/bootstrap-vue-dev/src/components/jumbotron/jumbotron.spec.js,Magic Number,"{'line': 108, 'column': 54, 'index': 3062}","  106 |     expect(wrapper.classes().length).toBe(2)
  107 |     expect(wrapper.findAll('.jumbotron > *').length).toBe(1)
> 108 |     expect(wrapper.findAll('.container').length).toBe(1)
      |                                                      ^ Magic Number
  109 |     expect(wrapper.find('.container').element.tagName).toBe('DIV')
  110 |     expect(wrapper.find('.container').text()).toEqual('foobar')
  111 |     expect(wrapper.text()).toEqual('foobar')"
/home/gabriel/Disk/Research/research-javascript-test-smells/repositories/bootstrap-vue-dev/src/components/jumbotron/jumbotron.spec.js,Magic Number,"{'line': 130, 'column': 42, 'index': 3769}","  128 |     expect(wrapper.classes()).toContain('jumbotron')
  129 |     expect(wrapper.classes()).toContain('jumbotron-fluid')
> 130 |     expect(wrapper.classes().length).toBe(2)
      |                                          ^ Magic Number
  131 |     expect(wrapper.findAll('.jumbotron > *').length).toBe(1)
  132 |     expect(wrapper.findAll('.container').length).toBe(0)
  133 |     expect(wrapper.findAll('.container-fluid').length).toBe(1)"
/home/gabriel/Disk/Research/research-javascript-test-smells/repositories/bootstrap-vue-dev/src/components/jumbotron/jumbotron.spec.js,Magic Number,"{'line': 131, 'column': 58, 'index': 3830}","  129 |     expect(wrapper.classes()).toContain('jumbotron-fluid')
  130 |     expect(wrapper.classes().length).toBe(2)
> 131 |     expect(wrapper.findAll('.jumbotron > *').length).toBe(1)
      |                                                          ^ Magic Number
  132 |     expect(wrapper.findAll('.container').length).toBe(0)
  133 |     expect(wrapper.findAll('.container-fluid').length).toBe(1)
  134 |     expect(wrapper.find('.container-fluid').element.tagName).toBe('DIV')"
/home/gabriel/Disk/Research/research-javascript-test-smells/repositories/bootstrap-vue-dev/src/components/jumbotron/jumbotron.spec.js,Magic Number,"{'line': 132, 'column': 54, 'index': 3887}","  130 |     expect(wrapper.classes().length).toBe(2)
  131 |     expect(wrapper.findAll('.jumbotron > *').length).toBe(1)
> 132 |     expect(wrapper.findAll('.container').length).toBe(0)
      |                                                      ^ Magic Number
  133 |     expect(wrapper.findAll('.container-fluid').length).toBe(1)
  134 |     expect(wrapper.find('.container-fluid').element.tagName).toBe('DIV')
  135 |     expect(wrapper.find('.container-fluid').text()).toEqual('foobar')"
/home/gabriel/Disk/Research/research-javascript-test-smells/repositories/bootstrap-vue-dev/src/components/jumbotron/jumbotron.spec.js,Magic Number,"{'line': 133, 'column': 60, 'index': 3950}","  131 |     expect(wrapper.findAll('.jumbotron > *').length).toBe(1)
  132 |     expect(wrapper.findAll('.container').length).toBe(0)
> 133 |     expect(wrapper.findAll('.container-fluid').length).toBe(1)
      |                                                            ^ Magic Number
  134 |     expect(wrapper.find('.container-fluid').element.tagName).toBe('DIV')
  135 |     expect(wrapper.find('.container-fluid').text()).toEqual('foobar')
  136 |     expect(wrapper.text()).toEqual('foobar')"
/home/gabriel/Disk/Research/research-javascript-test-smells/repositories/bootstrap-vue-dev/src/components/jumbotron/jumbotron.spec.js,Magic Number,"{'line': 154, 'column': 42, 'index': 4554}","  152 |     expect(wrapper.element.tagName).toBe('DIV')
  153 |     expect(wrapper.classes()).toContain('jumbotron')
> 154 |     expect(wrapper.classes().length).toBe(1)
      |                                          ^ Magic Number
  155 |     expect(wrapper.findAll('h1').length).toBe(1)
  156 |     expect(wrapper.findAll('p').length).toBe(1)
  157 |     expect(wrapper.findAll('span').length).toBe(1)"
/home/gabriel/Disk/Research/research-javascript-test-smells/repositories/bootstrap-vue-dev/src/components/jumbotron/jumbotron.spec.js,Magic Number,"{'line': 155, 'column': 46, 'index': 4603}","  153 |     expect(wrapper.classes()).toContain('jumbotron')
  154 |     expect(wrapper.classes().length).toBe(1)
> 155 |     expect(wrapper.findAll('h1').length).toBe(1)
      |                                              ^ Magic Number
  156 |     expect(wrapper.findAll('p').length).toBe(1)
  157 |     expect(wrapper.findAll('span').length).toBe(1)
  158 |     expect(wrapper.find('.jumbotron > h1 + p + span').exists()).toBe(true)"
/home/gabriel/Disk/Research/research-javascript-test-smells/repositories/bootstrap-vue-dev/src/components/jumbotron/jumbotron.spec.js,Magic Number,"{'line': 156, 'column': 45, 'index': 4651}","  154 |     expect(wrapper.classes().length).toBe(1)
  155 |     expect(wrapper.findAll('h1').length).toBe(1)
> 156 |     expect(wrapper.findAll('p').length).toBe(1)
      |                                             ^ Magic Number
  157 |     expect(wrapper.findAll('span').length).toBe(1)
  158 |     expect(wrapper.find('.jumbotron > h1 + p + span').exists()).toBe(true)
  159 |"
/home/gabriel/Disk/Research/research-javascript-test-smells/repositories/bootstrap-vue-dev/src/components/jumbotron/jumbotron.spec.js,Magic Number,"{'line': 157, 'column': 48, 'index': 4702}","  155 |     expect(wrapper.findAll('h1').length).toBe(1)
  156 |     expect(wrapper.findAll('p').length).toBe(1)
> 157 |     expect(wrapper.findAll('span').length).toBe(1)
      |                                                ^ Magic Number
  158 |     expect(wrapper.find('.jumbotron > h1 + p + span').exists()).toBe(true)
  159 |
  160 |     const $header = wrapper.find('h1')"
/home/gabriel/Disk/Research/research-javascript-test-smells/repositories/bootstrap-vue-dev/src/components/jumbotron/jumbotron.spec.js,Magic Number,"{'line': 162, 'column': 42, 'index': 4915}","  160 |     const $header = wrapper.find('h1')
  161 |     expect($header.classes()).toContain('display-3')
> 162 |     expect($header.classes().length).toBe(1)
      |                                          ^ Magic Number
  163 |     expect($header.text()).toEqual('foo')
  164 |
  165 |     const $lead = wrapper.find('p')"
/home/gabriel/Disk/Research/research-javascript-test-smells/repositories/bootstrap-vue-dev/src/components/jumbotron/jumbotron.spec.js,Magic Number,"{'line': 167, 'column': 40, 'index': 5083}","  165 |     const $lead = wrapper.find('p')
  166 |     expect($lead.classes()).toContain('lead')
> 167 |     expect($lead.classes().length).toBe(1)
      |                                        ^ Magic Number
  168 |     expect($lead.text()).toEqual('bar')
  169 |
  170 |     expect(wrapper.find('span').text()).toEqual('baz')"
/home/gabriel/Disk/Research/research-javascript-test-smells/repositories/bootstrap-vue-dev/src/components/jumbotron/jumbotron.spec.js,Magic Number,"{'line': 191, 'column': 42, 'index': 5762}","  189 |     expect(wrapper.element.tagName).toBe('DIV')
  190 |     expect(wrapper.classes()).toContain('jumbotron')
> 191 |     expect(wrapper.classes().length).toBe(1)
      |                                          ^ Magic Number
  192 |     expect(wrapper.findAll('h1').length).toBe(1)
  193 |     expect(wrapper.findAll('p').length).toBe(1)
  194 |     expect(wrapper.findAll('span').length).toBe(1)"
/home/gabriel/Disk/Research/research-javascript-test-smells/repositories/bootstrap-vue-dev/src/components/jumbotron/jumbotron.spec.js,Magic Number,"{'line': 192, 'column': 46, 'index': 5811}","  190 |     expect(wrapper.classes()).toContain('jumbotron')
  191 |     expect(wrapper.classes().length).toBe(1)
> 192 |     expect(wrapper.findAll('h1').length).toBe(1)
      |                                              ^ Magic Number
  193 |     expect(wrapper.findAll('p').length).toBe(1)
  194 |     expect(wrapper.findAll('span').length).toBe(1)
  195 |     expect(wrapper.find('.jumbotron > h1 + p + span').exists()).toBe(true)"
/home/gabriel/Disk/Research/research-javascript-test-smells/repositories/bootstrap-vue-dev/src/components/jumbotron/jumbotron.spec.js,Magic Number,"{'line': 193, 'column': 45, 'index': 5859}","  191 |     expect(wrapper.classes().length).toBe(1)
  192 |     expect(wrapper.findAll('h1').length).toBe(1)
> 193 |     expect(wrapper.findAll('p').length).toBe(1)
      |                                             ^ Magic Number
  194 |     expect(wrapper.findAll('span').length).toBe(1)
  195 |     expect(wrapper.find('.jumbotron > h1 + p + span').exists()).toBe(true)
  196 |"
/home/gabriel/Disk/Research/research-javascript-test-smells/repositories/bootstrap-vue-dev/src/components/jumbotron/jumbotron.spec.js,Magic Number,"{'line': 194, 'column': 48, 'index': 5910}","  192 |     expect(wrapper.findAll('h1').length).toBe(1)
  193 |     expect(wrapper.findAll('p').length).toBe(1)
> 194 |     expect(wrapper.findAll('span').length).toBe(1)
      |                                                ^ Magic Number
  195 |     expect(wrapper.find('.jumbotron > h1 + p + span').exists()).toBe(true)
  196 |
  197 |     const $header = wrapper.find('h1')"
/home/gabriel/Disk/Research/research-javascript-test-smells/repositories/bootstrap-vue-dev/src/components/jumbotron/jumbotron.spec.js,Magic Number,"{'line': 199, 'column': 42, 'index': 6123}","  197 |     const $header = wrapper.find('h1')
  198 |     expect($header.classes()).toContain('display-3')
> 199 |     expect($header.classes().length).toBe(1)
      |                                          ^ Magic Number
  200 |     expect($header.find('strong').exists()).toBe(true)
  201 |     expect($header.text()).toEqual('baz')
  202 |"
/home/gabriel/Disk/Research/research-javascript-test-smells/repositories/bootstrap-vue-dev/src/components/jumbotron/jumbotron.spec.js,Magic Number,"{'line': 205, 'column': 40, 'index': 6346}","  203 |     const $lead = wrapper.find('p')
  204 |     expect($lead.classes()).toContain('lead')
> 205 |     expect($lead.classes().length).toBe(1)
      |                                        ^ Magic Number
  206 |     expect($lead.find('strong').exists()).toBe(true)
  207 |     expect($lead.text()).toEqual('bat')
  208 |"
/home/gabriel/Disk/Research/research-javascript-test-smells/repositories/bootstrap-vue-dev/src/components/jumbotron/jumbotron.spec.js,Magic Number,"{'line': 232, 'column': 42, 'index': 7136}","  230 |     expect(wrapper.element.tagName).toBe('DIV')
  231 |     expect(wrapper.classes()).toContain('jumbotron')
> 232 |     expect(wrapper.classes().length).toBe(1)
      |                                          ^ Magic Number
  233 |     expect(wrapper.findAll('h1').length).toBe(1)
  234 |     expect(wrapper.findAll('p').length).toBe(1)
  235 |     expect(wrapper.findAll('span').length).toBe(1)"
/home/gabriel/Disk/Research/research-javascript-test-smells/repositories/bootstrap-vue-dev/src/components/jumbotron/jumbotron.spec.js,Magic Number,"{'line': 233, 'column': 46, 'index': 7185}","  231 |     expect(wrapper.classes()).toContain('jumbotron')
  232 |     expect(wrapper.classes().length).toBe(1)
> 233 |     expect(wrapper.findAll('h1').length).toBe(1)
      |                                              ^ Magic Number
  234 |     expect(wrapper.findAll('p').length).toBe(1)
  235 |     expect(wrapper.findAll('span').length).toBe(1)
  236 |     expect(wrapper.find('.jumbotron > h1 + p + span').exists()).toBe(true)"
/home/gabriel/Disk/Research/research-javascript-test-smells/repositories/bootstrap-vue-dev/src/components/jumbotron/jumbotron.spec.js,Magic Number,"{'line': 234, 'column': 45, 'index': 7233}","  232 |     expect(wrapper.classes().length).toBe(1)
  233 |     expect(wrapper.findAll('h1').length).toBe(1)
> 234 |     expect(wrapper.findAll('p').length).toBe(1)
      |                                             ^ Magic Number
  235 |     expect(wrapper.findAll('span').length).toBe(1)
  236 |     expect(wrapper.find('.jumbotron > h1 + p + span').exists()).toBe(true)
  237 |"
/home/gabriel/Disk/Research/research-javascript-test-smells/repositories/bootstrap-vue-dev/src/components/jumbotron/jumbotron.spec.js,Magic Number,"{'line': 235, 'column': 48, 'index': 7284}","  233 |     expect(wrapper.findAll('h1').length).toBe(1)
  234 |     expect(wrapper.findAll('p').length).toBe(1)
> 235 |     expect(wrapper.findAll('span').length).toBe(1)
      |                                                ^ Magic Number
  236 |     expect(wrapper.find('.jumbotron > h1 + p + span').exists()).toBe(true)
  237 |
  238 |     const $header = wrapper.find('h1')"
/home/gabriel/Disk/Research/research-javascript-test-smells/repositories/bootstrap-vue-dev/src/components/jumbotron/jumbotron.spec.js,Magic Number,"{'line': 240, 'column': 42, 'index': 7497}","  238 |     const $header = wrapper.find('h1')
  239 |     expect($header.classes()).toContain('display-3')
> 240 |     expect($header.classes().length).toBe(1)
      |                                          ^ Magic Number
  241 |     expect($header.find('small').exists()).toBe(true)
  242 |     expect($header.text()).toEqual('foo')
  243 |"
/home/gabriel/Disk/Research/research-javascript-test-smells/repositories/bootstrap-vue-dev/src/components/jumbotron/jumbotron.spec.js,Magic Number,"{'line': 246, 'column': 40, 'index': 7719}","  244 |     const $lead = wrapper.find('p')
  245 |     expect($lead.classes()).toContain('lead')
> 246 |     expect($lead.classes().length).toBe(1)
      |                                        ^ Magic Number
  247 |     expect($lead.find('small').exists()).toBe(true)
  248 |     expect($lead.text()).toEqual('bar')
  249 |"
/home/gabriel/Disk/Research/research-javascript-test-smells/repositories/bootstrap-vue-dev/src/components/input-group/input-group.spec.js,Duplicate Assert,"{'line': 11, 'column': 4, 'index': 370}","   9 |     expect(wrapper.classes()).toContain('input-group')
  10 |     expect(wrapper.classes().length).toBe(1)
> 11 |     expect(wrapper.attributes('role')).toBeDefined()
     |    ^ Duplicate Assert
  12 |     expect(wrapper.attributes('role')).toEqual('group')
  13 |     expect(wrapper.findAll('.input-group > *').length).toBe(0)
  14 |     expect(wrapper.text()).toEqual('')"
/home/gabriel/Disk/Research/research-javascript-test-smells/repositories/bootstrap-vue-dev/src/components/input-group/input-group.spec.js,Duplicate Assert,"{'line': 12, 'column': 4, 'index': 423}","  10 |     expect(wrapper.classes().length).toBe(1)
  11 |     expect(wrapper.attributes('role')).toBeDefined()
> 12 |     expect(wrapper.attributes('role')).toEqual('group')
     |    ^ Duplicate Assert
  13 |     expect(wrapper.findAll('.input-group > *').length).toBe(0)
  14 |     expect(wrapper.text()).toEqual('')
  15 |"
/home/gabriel/Disk/Research/research-javascript-test-smells/repositories/bootstrap-vue-dev/src/components/input-group/input-group.spec.js,Duplicate Assert,"{'line': 29, 'column': 4, 'index': 932}","  27 |     expect(wrapper.classes()).toContain('input-group')
  28 |     expect(wrapper.classes().length).toBe(1)
> 29 |     expect(wrapper.attributes('role')).toBeDefined()
     |    ^ Duplicate Assert
  30 |     expect(wrapper.attributes('role')).toEqual('group')
  31 |     expect(wrapper.findAll('.input-group > *').length).toBe(0)
  32 |"
/home/gabriel/Disk/Research/research-javascript-test-smells/repositories/bootstrap-vue-dev/src/components/input-group/input-group.spec.js,Duplicate Assert,"{'line': 30, 'column': 4, 'index': 985}","  28 |     expect(wrapper.classes().length).toBe(1)
  29 |     expect(wrapper.attributes('role')).toBeDefined()
> 30 |     expect(wrapper.attributes('role')).toEqual('group')
     |    ^ Duplicate Assert
  31 |     expect(wrapper.findAll('.input-group > *').length).toBe(0)
  32 |
  33 |     wrapper.destroy()"
/home/gabriel/Disk/Research/research-javascript-test-smells/repositories/bootstrap-vue-dev/src/components/input-group/input-group.spec.js,Duplicate Assert,"{'line': 44, 'column': 4, 'index': 1349}","  42 |
  43 |     expect(wrapper.element.tagName).toBe('DIV')
> 44 |     expect(wrapper.classes()).toContain('input-group')
     |    ^ Duplicate Assert
  45 |     expect(wrapper.classes()).toContain('input-group-lg')
  46 |     expect(wrapper.classes().length).toBe(2)
  47 |"
/home/gabriel/Disk/Research/research-javascript-test-smells/repositories/bootstrap-vue-dev/src/components/input-group/input-group.spec.js,Duplicate Assert,"{'line': 45, 'column': 4, 'index': 1404}","  43 |     expect(wrapper.element.tagName).toBe('DIV')
  44 |     expect(wrapper.classes()).toContain('input-group')
> 45 |     expect(wrapper.classes()).toContain('input-group-lg')
     |    ^ Duplicate Assert
  46 |     expect(wrapper.classes().length).toBe(2)
  47 |
  48 |     wrapper.destroy()"
/home/gabriel/Disk/Research/research-javascript-test-smells/repositories/bootstrap-vue-dev/src/components/input-group/input-group.spec.js,Magic Number,"{'line': 10, 'column': 42, 'index': 363}","   8 |     expect(wrapper.element.tagName).toBe('DIV')
   9 |     expect(wrapper.classes()).toContain('input-group')
> 10 |     expect(wrapper.classes().length).toBe(1)
     |                                          ^ Magic Number
  11 |     expect(wrapper.attributes('role')).toBeDefined()
  12 |     expect(wrapper.attributes('role')).toEqual('group')
  13 |     expect(wrapper.findAll('.input-group > *').length).toBe(0)"
/home/gabriel/Disk/Research/research-javascript-test-smells/repositories/bootstrap-vue-dev/src/components/input-group/input-group.spec.js,Magic Number,"{'line': 13, 'column': 60, 'index': 535}","  11 |     expect(wrapper.attributes('role')).toBeDefined()
  12 |     expect(wrapper.attributes('role')).toEqual('group')
> 13 |     expect(wrapper.findAll('.input-group > *').length).toBe(0)
     |                                                            ^ Magic Number
  14 |     expect(wrapper.text()).toEqual('')
  15 |
  16 |     wrapper.destroy()"
/home/gabriel/Disk/Research/research-javascript-test-smells/repositories/bootstrap-vue-dev/src/components/input-group/input-group.spec.js,Magic Number,"{'line': 28, 'column': 42, 'index': 925}","  26 |     expect(wrapper.element.tagName).toBe('SPAN')
  27 |     expect(wrapper.classes()).toContain('input-group')
> 28 |     expect(wrapper.classes().length).toBe(1)
     |                                          ^ Magic Number
  29 |     expect(wrapper.attributes('role')).toBeDefined()
  30 |     expect(wrapper.attributes('role')).toEqual('group')
  31 |     expect(wrapper.findAll('.input-group > *').length).toBe(0)"
/home/gabriel/Disk/Research/research-javascript-test-smells/repositories/bootstrap-vue-dev/src/components/input-group/input-group.spec.js,Magic Number,"{'line': 31, 'column': 60, 'index': 1097}","  29 |     expect(wrapper.attributes('role')).toBeDefined()
  30 |     expect(wrapper.attributes('role')).toEqual('group')
> 31 |     expect(wrapper.findAll('.input-group > *').length).toBe(0)
     |                                                            ^ Magic Number
  32 |
  33 |     wrapper.destroy()
  34 |   })"
/home/gabriel/Disk/Research/research-javascript-test-smells/repositories/bootstrap-vue-dev/src/components/input-group/input-group.spec.js,Magic Number,"{'line': 46, 'column': 42, 'index': 1500}","  44 |     expect(wrapper.classes()).toContain('input-group')
  45 |     expect(wrapper.classes()).toContain('input-group-lg')
> 46 |     expect(wrapper.classes().length).toBe(2)
     |                                          ^ Magic Number
  47 |
  48 |     wrapper.destroy()
  49 |   })"
/home/gabriel/Disk/Research/research-javascript-test-smells/repositories/bootstrap-vue-dev/src/components/input-group/input-group.spec.js,Magic Number,"{'line': 60, 'column': 42, 'index': 1832}","  58 |     expect(wrapper.element.tagName).toBe('DIV')
  59 |     expect(wrapper.classes()).toContain('input-group')
> 60 |     expect(wrapper.classes().length).toBe(1)
     |                                          ^ Magic Number
  61 |     expect(wrapper.text()).toEqual('foobar')
  62 |     expect(wrapper.findAll('.input-group > *').length).toBe(0)
  63 |"
/home/gabriel/Disk/Research/research-javascript-test-smells/repositories/bootstrap-vue-dev/src/components/input-group/input-group.spec.js,Magic Number,"{'line': 62, 'column': 60, 'index': 1940}","  60 |     expect(wrapper.classes().length).toBe(1)
  61 |     expect(wrapper.text()).toEqual('foobar')
> 62 |     expect(wrapper.findAll('.input-group > *').length).toBe(0)
     |                                                            ^ Magic Number
  63 |
  64 |     wrapper.destroy()
  65 |   })"
/home/gabriel/Disk/Research/research-javascript-test-smells/repositories/bootstrap-vue-dev/src/components/input-group/input-group.spec.js,Magic Number,"{'line': 80, 'column': 42, 'index': 2392}","  78 |     expect(wrapper.element.tagName).toBe('DIV')
  79 |     expect(wrapper.classes()).toContain('input-group')
> 80 |     expect(wrapper.classes().length).toBe(1)
     |                                          ^ Magic Number
  81 |     expect(wrapper.text()).toEqual('foofoobarbar')
  82 |     expect(wrapper.findAll('.input-group > *').length).toBe(2)
  83 |     expect(wrapper.findAll('.input-group-prepend').length).toBe(1)"
/home/gabriel/Disk/Research/research-javascript-test-smells/repositories/bootstrap-vue-dev/src/components/input-group/input-group.spec.js,Magic Number,"{'line': 82, 'column': 60, 'index': 2506}","  80 |     expect(wrapper.classes().length).toBe(1)
  81 |     expect(wrapper.text()).toEqual('foofoobarbar')
> 82 |     expect(wrapper.findAll('.input-group > *').length).toBe(2)
     |                                                            ^ Magic Number
  83 |     expect(wrapper.findAll('.input-group-prepend').length).toBe(1)
  84 |     expect(wrapper.findAll('.input-group-prepend > .input-group-text').length).toBe(1)
  85 |     expect(wrapper.find('.input-group-prepend').text()).toBe('foo')"
/home/gabriel/Disk/Research/research-javascript-test-smells/repositories/bootstrap-vue-dev/src/components/input-group/input-group.spec.js,Magic Number,"{'line': 83, 'column': 64, 'index': 2573}","  81 |     expect(wrapper.text()).toEqual('foofoobarbar')
  82 |     expect(wrapper.findAll('.input-group > *').length).toBe(2)
> 83 |     expect(wrapper.findAll('.input-group-prepend').length).toBe(1)
     |                                                                ^ Magic Number
  84 |     expect(wrapper.findAll('.input-group-prepend > .input-group-text').length).toBe(1)
  85 |     expect(wrapper.find('.input-group-prepend').text()).toBe('foo')
  86 |     expect(wrapper.findAll('.input-group-append').length).toBe(1)"
/home/gabriel/Disk/Research/research-javascript-test-smells/repositories/bootstrap-vue-dev/src/components/input-group/input-group.spec.js,Magic Number,"{'line': 84, 'column': 84, 'index': 2660}","  82 |     expect(wrapper.findAll('.input-group > *').length).toBe(2)
  83 |     expect(wrapper.findAll('.input-group-prepend').length).toBe(1)
> 84 |     expect(wrapper.findAll('.input-group-prepend > .input-group-text').length).toBe(1)
     |                                                                                    ^ Magic Number
  85 |     expect(wrapper.find('.input-group-prepend').text()).toBe('foo')
  86 |     expect(wrapper.findAll('.input-group-append').length).toBe(1)
  87 |     expect(wrapper.findAll('.input-group-append > .input-group-text').length).toBe(1)"
/home/gabriel/Disk/Research/research-javascript-test-smells/repositories/bootstrap-vue-dev/src/components/input-group/input-group.spec.js,Magic Number,"{'line': 86, 'column': 63, 'index': 2794}","  84 |     expect(wrapper.findAll('.input-group-prepend > .input-group-text').length).toBe(1)
  85 |     expect(wrapper.find('.input-group-prepend').text()).toBe('foo')
> 86 |     expect(wrapper.findAll('.input-group-append').length).toBe(1)
     |                                                               ^ Magic Number
  87 |     expect(wrapper.findAll('.input-group-append > .input-group-text').length).toBe(1)
  88 |     expect(wrapper.find('.input-group-append').text()).toBe('bar')
  89 |     expect(wrapper.find('.input-group > .input-group-prepend ~ .input-group-append').exists()).toBe("
/home/gabriel/Disk/Research/research-javascript-test-smells/repositories/bootstrap-vue-dev/src/components/input-group/input-group.spec.js,Magic Number,"{'line': 87, 'column': 83, 'index': 2880}","  85 |     expect(wrapper.find('.input-group-prepend').text()).toBe('foo')
  86 |     expect(wrapper.findAll('.input-group-append').length).toBe(1)
> 87 |     expect(wrapper.findAll('.input-group-append > .input-group-text').length).toBe(1)
     |                                                                                   ^ Magic Number
  88 |     expect(wrapper.find('.input-group-append').text()).toBe('bar')
  89 |     expect(wrapper.find('.input-group > .input-group-prepend ~ .input-group-append').exists()).toBe(
  90 |       true"
/home/gabriel/Disk/Research/research-javascript-test-smells/repositories/bootstrap-vue-dev/src/components/input-group/input-group.spec.js,Magic Number,"{'line': 109, 'column': 42, 'index': 3546}","  107 |     expect(wrapper.element.tagName).toBe('DIV')
  108 |     expect(wrapper.classes()).toContain('input-group')
> 109 |     expect(wrapper.classes().length).toBe(1)
      |                                          ^ Magic Number
  110 |     expect(wrapper.text()).toEqual('foobazbar')
  111 |     expect(wrapper.findAll('.input-group > *').length).toBe(2)
  112 |     expect(wrapper.findAll('.input-group-prepend').length).toBe(1)"
/home/gabriel/Disk/Research/research-javascript-test-smells/repositories/bootstrap-vue-dev/src/components/input-group/input-group.spec.js,Magic Number,"{'line': 111, 'column': 60, 'index': 3657}","  109 |     expect(wrapper.classes().length).toBe(1)
  110 |     expect(wrapper.text()).toEqual('foobazbar')
> 111 |     expect(wrapper.findAll('.input-group > *').length).toBe(2)
      |                                                            ^ Magic Number
  112 |     expect(wrapper.findAll('.input-group-prepend').length).toBe(1)
  113 |     expect(wrapper.findAll('.input-group-prepend > .input-group-text').length).toBe(1)
  114 |     expect(wrapper.find('.input-group-prepend').text()).toBe('foo')"
/home/gabriel/Disk/Research/research-javascript-test-smells/repositories/bootstrap-vue-dev/src/components/input-group/input-group.spec.js,Magic Number,"{'line': 112, 'column': 64, 'index': 3724}","  110 |     expect(wrapper.text()).toEqual('foobazbar')
  111 |     expect(wrapper.findAll('.input-group > *').length).toBe(2)
> 112 |     expect(wrapper.findAll('.input-group-prepend').length).toBe(1)
      |                                                                ^ Magic Number
  113 |     expect(wrapper.findAll('.input-group-prepend > .input-group-text').length).toBe(1)
  114 |     expect(wrapper.find('.input-group-prepend').text()).toBe('foo')
  115 |     expect(wrapper.findAll('.input-group-append').length).toBe(1)"
/home/gabriel/Disk/Research/research-javascript-test-smells/repositories/bootstrap-vue-dev/src/components/input-group/input-group.spec.js,Magic Number,"{'line': 113, 'column': 84, 'index': 3811}","  111 |     expect(wrapper.findAll('.input-group > *').length).toBe(2)
  112 |     expect(wrapper.findAll('.input-group-prepend').length).toBe(1)
> 113 |     expect(wrapper.findAll('.input-group-prepend > .input-group-text').length).toBe(1)
      |                                                                                    ^ Magic Number
  114 |     expect(wrapper.find('.input-group-prepend').text()).toBe('foo')
  115 |     expect(wrapper.findAll('.input-group-append').length).toBe(1)
  116 |     expect(wrapper.findAll('.input-group-append > .input-group-text').length).toBe(1)"
/home/gabriel/Disk/Research/research-javascript-test-smells/repositories/bootstrap-vue-dev/src/components/input-group/input-group.spec.js,Magic Number,"{'line': 115, 'column': 63, 'index': 3945}","  113 |     expect(wrapper.findAll('.input-group-prepend > .input-group-text').length).toBe(1)
  114 |     expect(wrapper.find('.input-group-prepend').text()).toBe('foo')
> 115 |     expect(wrapper.findAll('.input-group-append').length).toBe(1)
      |                                                               ^ Magic Number
  116 |     expect(wrapper.findAll('.input-group-append > .input-group-text').length).toBe(1)
  117 |     expect(wrapper.find('.input-group-append').text()).toBe('bar')
  118 |     expect(wrapper.find('.input-group > .input-group-prepend ~ .input-group-append').exists()).toBe("
/home/gabriel/Disk/Research/research-javascript-test-smells/repositories/bootstrap-vue-dev/src/components/input-group/input-group.spec.js,Magic Number,"{'line': 116, 'column': 83, 'index': 4031}","  114 |     expect(wrapper.find('.input-group-prepend').text()).toBe('foo')
  115 |     expect(wrapper.findAll('.input-group-append').length).toBe(1)
> 116 |     expect(wrapper.findAll('.input-group-append > .input-group-text').length).toBe(1)
      |                                                                                   ^ Magic Number
  117 |     expect(wrapper.find('.input-group-append').text()).toBe('bar')
  118 |     expect(wrapper.find('.input-group > .input-group-prepend ~ .input-group-append').exists()).toBe(
  119 |       true"
/home/gabriel/Disk/Research/research-javascript-test-smells/repositories/bootstrap-vue-dev/src/components/input-group/input-group.spec.js,Magic Number,"{'line': 136, 'column': 42, 'index': 4699}","  134 |     expect(wrapper.element.tagName).toBe('DIV')
  135 |     expect(wrapper.classes()).toContain('input-group')
> 136 |     expect(wrapper.classes().length).toBe(1)
      |                                          ^ Magic Number
  137 |     expect(wrapper.text()).toEqual('foofoobarbarbaz')
  138 |     expect(wrapper.findAll('.input-group > *').length).toBe(2)
  139 |     expect(wrapper.findAll('.input-group-prepend').length).toBe(1)"
/home/gabriel/Disk/Research/research-javascript-test-smells/repositories/bootstrap-vue-dev/src/components/input-group/input-group.spec.js,Magic Number,"{'line': 138, 'column': 60, 'index': 4816}","  136 |     expect(wrapper.classes().length).toBe(1)
  137 |     expect(wrapper.text()).toEqual('foofoobarbarbaz')
> 138 |     expect(wrapper.findAll('.input-group > *').length).toBe(2)
      |                                                            ^ Magic Number
  139 |     expect(wrapper.findAll('.input-group-prepend').length).toBe(1)
  140 |     expect(wrapper.findAll('.input-group-prepend > .input-group-text').length).toBe(0)
  141 |     expect(wrapper.findAll('.input-group-prepend > button').length).toBe(1)"
/home/gabriel/Disk/Research/research-javascript-test-smells/repositories/bootstrap-vue-dev/src/components/input-group/input-group.spec.js,Magic Number,"{'line': 139, 'column': 64, 'index': 4883}","  137 |     expect(wrapper.text()).toEqual('foofoobarbarbaz')
  138 |     expect(wrapper.findAll('.input-group > *').length).toBe(2)
> 139 |     expect(wrapper.findAll('.input-group-prepend').length).toBe(1)
      |                                                                ^ Magic Number
  140 |     expect(wrapper.findAll('.input-group-prepend > .input-group-text').length).toBe(0)
  141 |     expect(wrapper.findAll('.input-group-prepend > button').length).toBe(1)
  142 |     expect(wrapper.find('.input-group-prepend').text()).toBe('foo')"
/home/gabriel/Disk/Research/research-javascript-test-smells/repositories/bootstrap-vue-dev/src/components/input-group/input-group.spec.js,Magic Number,"{'line': 140, 'column': 84, 'index': 4970}","  138 |     expect(wrapper.findAll('.input-group > *').length).toBe(2)
  139 |     expect(wrapper.findAll('.input-group-prepend').length).toBe(1)
> 140 |     expect(wrapper.findAll('.input-group-prepend > .input-group-text').length).toBe(0)
      |                                                                                    ^ Magic Number
  141 |     expect(wrapper.findAll('.input-group-prepend > button').length).toBe(1)
  142 |     expect(wrapper.find('.input-group-prepend').text()).toBe('foo')
  143 |     expect(wrapper.findAll('.input-group-append').length).toBe(1)"
/home/gabriel/Disk/Research/research-javascript-test-smells/repositories/bootstrap-vue-dev/src/components/input-group/input-group.spec.js,Magic Number,"{'line': 141, 'column': 73, 'index': 5046}","  139 |     expect(wrapper.findAll('.input-group-prepend').length).toBe(1)
  140 |     expect(wrapper.findAll('.input-group-prepend > .input-group-text').length).toBe(0)
> 141 |     expect(wrapper.findAll('.input-group-prepend > button').length).toBe(1)
      |                                                                         ^ Magic Number
  142 |     expect(wrapper.find('.input-group-prepend').text()).toBe('foo')
  143 |     expect(wrapper.findAll('.input-group-append').length).toBe(1)
  144 |     expect(wrapper.findAll('.input-group-append > .input-group-text').length).toBe(0)"
/home/gabriel/Disk/Research/research-javascript-test-smells/repositories/bootstrap-vue-dev/src/components/input-group/input-group.spec.js,Magic Number,"{'line': 143, 'column': 63, 'index': 5180}","  141 |     expect(wrapper.findAll('.input-group-prepend > button').length).toBe(1)
  142 |     expect(wrapper.find('.input-group-prepend').text()).toBe('foo')
> 143 |     expect(wrapper.findAll('.input-group-append').length).toBe(1)
      |                                                               ^ Magic Number
  144 |     expect(wrapper.findAll('.input-group-append > .input-group-text').length).toBe(0)
  145 |     expect(wrapper.findAll('.input-group-append > button').length).toBe(2)
  146 |     expect(wrapper.find('.input-group-append').text()).toBe('barbaz')"
/home/gabriel/Disk/Research/research-javascript-test-smells/repositories/bootstrap-vue-dev/src/components/input-group/input-group.spec.js,Magic Number,"{'line': 144, 'column': 83, 'index': 5266}","  142 |     expect(wrapper.find('.input-group-prepend').text()).toBe('foo')
  143 |     expect(wrapper.findAll('.input-group-append').length).toBe(1)
> 144 |     expect(wrapper.findAll('.input-group-append > .input-group-text').length).toBe(0)
      |                                                                                   ^ Magic Number
  145 |     expect(wrapper.findAll('.input-group-append > button').length).toBe(2)
  146 |     expect(wrapper.find('.input-group-append').text()).toBe('barbaz')
  147 |     expect(wrapper.find('.input-group > .input-group-prepend ~ .input-group-append').exists()).toBe("
/home/gabriel/Disk/Research/research-javascript-test-smells/repositories/bootstrap-vue-dev/src/components/input-group/input-group.spec.js,Magic Number,"{'line': 145, 'column': 72, 'index': 5341}","  143 |     expect(wrapper.findAll('.input-group-append').length).toBe(1)
  144 |     expect(wrapper.findAll('.input-group-append > .input-group-text').length).toBe(0)
> 145 |     expect(wrapper.findAll('.input-group-append > button').length).toBe(2)
      |                                                                        ^ Magic Number
  146 |     expect(wrapper.find('.input-group-append').text()).toBe('barbaz')
  147 |     expect(wrapper.find('.input-group > .input-group-prepend ~ .input-group-append').exists()).toBe(
  148 |       true"
/home/gabriel/Disk/Research/research-javascript-test-smells/repositories/bootstrap-vue-dev/src/components/input-group/input-group-text.spec.js,Magic Number,"{'line': 10, 'column': 42, 'index': 392}","   8 |     expect(wrapper.element.tagName).toBe('DIV')
   9 |     expect(wrapper.classes()).toContain('input-group-text')
> 10 |     expect(wrapper.classes().length).toBe(1)
     |                                          ^ Magic Number
  11 |     expect(wrapper.text()).toBe('')
  12 |
  13 |     wrapper.destroy()"
/home/gabriel/Disk/Research/research-javascript-test-smells/repositories/bootstrap-vue-dev/src/components/input-group/input-group-text.spec.js,Magic Number,"{'line': 25, 'column': 42, 'index': 775}","  23 |     expect(wrapper.element.tagName).toBe('SPAN')
  24 |     expect(wrapper.classes()).toContain('input-group-text')
> 25 |     expect(wrapper.classes().length).toBe(1)
     |                                          ^ Magic Number
  26 |     expect(wrapper.text()).toBe('')
  27 |
  28 |     wrapper.destroy()"
/home/gabriel/Disk/Research/research-javascript-test-smells/repositories/bootstrap-vue-dev/src/components/input-group/input-group-text.spec.js,Magic Number,"{'line': 40, 'column': 42, 'index': 1149}","  38 |     expect(wrapper.element.tagName).toBe('DIV')
  39 |     expect(wrapper.classes()).toContain('input-group-text')
> 40 |     expect(wrapper.classes().length).toBe(1)
     |                                          ^ Magic Number
  41 |     expect(wrapper.text()).toBe('foobar')
  42 |
  43 |     wrapper.destroy()"
/home/gabriel/Disk/Research/research-javascript-test-smells/repositories/bootstrap-vue-dev/src/components/input-group/input-group-prepend.spec.js,Magic Number,"{'line': 10, 'column': 42, 'index': 407}","   8 |     expect(wrapper.element.tagName).toBe('DIV')
   9 |     expect(wrapper.classes()).toContain('input-group-prepend')
> 10 |     expect(wrapper.classes().length).toBe(1)
     |                                          ^ Magic Number
  11 |     expect(wrapper.findAll('.input-group-prepend > *').length).toBe(0)
  12 |     expect(wrapper.text()).toEqual('')
  13 |"
/home/gabriel/Disk/Research/research-javascript-test-smells/repositories/bootstrap-vue-dev/src/components/input-group/input-group-prepend.spec.js,Magic Number,"{'line': 11, 'column': 68, 'index': 478}","   9 |     expect(wrapper.classes()).toContain('input-group-prepend')
  10 |     expect(wrapper.classes().length).toBe(1)
> 11 |     expect(wrapper.findAll('.input-group-prepend > *').length).toBe(0)
     |                                                                    ^ Magic Number
  12 |     expect(wrapper.text()).toEqual('')
  13 |
  14 |     wrapper.destroy()"
/home/gabriel/Disk/Research/research-javascript-test-smells/repositories/bootstrap-vue-dev/src/components/input-group/input-group-prepend.spec.js,Magic Number,"{'line': 26, 'column': 42, 'index': 877}","  24 |     expect(wrapper.element.tagName).toBe('SPAN')
  25 |     expect(wrapper.classes()).toContain('input-group-prepend')
> 26 |     expect(wrapper.classes().length).toBe(1)
     |                                          ^ Magic Number
  27 |     expect(wrapper.findAll('.input-group-prepend > *').length).toBe(0)
  28 |     expect(wrapper.text()).toEqual('')
  29 |"
/home/gabriel/Disk/Research/research-javascript-test-smells/repositories/bootstrap-vue-dev/src/components/input-group/input-group-prepend.spec.js,Magic Number,"{'line': 27, 'column': 68, 'index': 948}","  25 |     expect(wrapper.classes()).toContain('input-group-prepend')
  26 |     expect(wrapper.classes().length).toBe(1)
> 27 |     expect(wrapper.findAll('.input-group-prepend > *').length).toBe(0)
     |                                                                    ^ Magic Number
  28 |     expect(wrapper.text()).toEqual('')
  29 |
  30 |     wrapper.destroy()"
/home/gabriel/Disk/Research/research-javascript-test-smells/repositories/bootstrap-vue-dev/src/components/input-group/input-group-prepend.spec.js,Magic Number,"{'line': 42, 'column': 42, 'index': 1331}","  40 |     expect(wrapper.element.tagName).toBe('DIV')
  41 |     expect(wrapper.classes()).toContain('input-group-prepend')
> 42 |     expect(wrapper.classes().length).toBe(1)
     |                                          ^ Magic Number
  43 |     expect(wrapper.text()).toEqual('foobar')
  44 |
  45 |     wrapper.destroy()"
/home/gabriel/Disk/Research/research-javascript-test-smells/repositories/bootstrap-vue-dev/src/components/input-group/input-group-prepend.spec.js,Magic Number,"{'line': 57, 'column': 42, 'index': 1740}","  55 |     expect(wrapper.element.tagName).toBe('DIV')
  56 |     expect(wrapper.classes()).toContain('input-group-prepend')
> 57 |     expect(wrapper.classes().length).toBe(1)
     |                                          ^ Magic Number
  58 |     expect(wrapper.findAll('.input-group-text').length).toBe(1)
  59 |     expect(wrapper.findAll('.input-group-prepend > .input-group-text').length).toBe(1)
  60 |     expect(wrapper.text()).toEqual('')"
/home/gabriel/Disk/Research/research-javascript-test-smells/repositories/bootstrap-vue-dev/src/components/input-group/input-group-prepend.spec.js,Magic Number,"{'line': 58, 'column': 61, 'index': 1804}","  56 |     expect(wrapper.classes()).toContain('input-group-prepend')
  57 |     expect(wrapper.classes().length).toBe(1)
> 58 |     expect(wrapper.findAll('.input-group-text').length).toBe(1)
     |                                                             ^ Magic Number
  59 |     expect(wrapper.findAll('.input-group-prepend > .input-group-text').length).toBe(1)
  60 |     expect(wrapper.text()).toEqual('')
  61 |"
/home/gabriel/Disk/Research/research-javascript-test-smells/repositories/bootstrap-vue-dev/src/components/input-group/input-group-prepend.spec.js,Magic Number,"{'line': 59, 'column': 84, 'index': 1891}","  57 |     expect(wrapper.classes().length).toBe(1)
  58 |     expect(wrapper.findAll('.input-group-text').length).toBe(1)
> 59 |     expect(wrapper.findAll('.input-group-prepend > .input-group-text').length).toBe(1)
     |                                                                                    ^ Magic Number
  60 |     expect(wrapper.text()).toEqual('')
  61 |
  62 |     wrapper.destroy()"
/home/gabriel/Disk/Research/research-javascript-test-smells/repositories/bootstrap-vue-dev/src/components/input-group/input-group-prepend.spec.js,Magic Number,"{'line': 77, 'column': 42, 'index': 2364}","  75 |     expect(wrapper.element.tagName).toBe('DIV')
  76 |     expect(wrapper.classes()).toContain('input-group-prepend')
> 77 |     expect(wrapper.classes().length).toBe(1)
     |                                          ^ Magic Number
  78 |     expect(wrapper.findAll('.input-group-text').length).toBe(1)
  79 |     expect(wrapper.text()).toEqual('foobar')
  80 |     expect(wrapper.find('.input-group-text').text()).toEqual('foobar')"
/home/gabriel/Disk/Research/research-javascript-test-smells/repositories/bootstrap-vue-dev/src/components/input-group/input-group-prepend.spec.js,Magic Number,"{'line': 78, 'column': 61, 'index': 2428}","  76 |     expect(wrapper.classes()).toContain('input-group-prepend')
  77 |     expect(wrapper.classes().length).toBe(1)
> 78 |     expect(wrapper.findAll('.input-group-text').length).toBe(1)
     |                                                             ^ Magic Number
  79 |     expect(wrapper.text()).toEqual('foobar')
  80 |     expect(wrapper.find('.input-group-text').text()).toEqual('foobar')
  81 |"
/home/gabriel/Disk/Research/research-javascript-test-smells/repositories/bootstrap-vue-dev/src/components/input-group/input-group-append.spec.js,Magic Number,"{'line': 10, 'column': 42, 'index': 402}","   8 |     expect(wrapper.element.tagName).toBe('DIV')
   9 |     expect(wrapper.classes()).toContain('input-group-append')
> 10 |     expect(wrapper.classes().length).toBe(1)
     |                                          ^ Magic Number
  11 |     expect(wrapper.findAll('.input-group-append > *').length).toBe(0)
  12 |     expect(wrapper.text()).toEqual('')
  13 |"
/home/gabriel/Disk/Research/research-javascript-test-smells/repositories/bootstrap-vue-dev/src/components/input-group/input-group-append.spec.js,Magic Number,"{'line': 11, 'column': 67, 'index': 472}","   9 |     expect(wrapper.classes()).toContain('input-group-append')
  10 |     expect(wrapper.classes().length).toBe(1)
> 11 |     expect(wrapper.findAll('.input-group-append > *').length).toBe(0)
     |                                                                   ^ Magic Number
  12 |     expect(wrapper.text()).toEqual('')
  13 |
  14 |     wrapper.destroy()"
/home/gabriel/Disk/Research/research-javascript-test-smells/repositories/bootstrap-vue-dev/src/components/input-group/input-group-append.spec.js,Magic Number,"{'line': 26, 'column': 42, 'index': 869}","  24 |     expect(wrapper.element.tagName).toBe('SPAN')
  25 |     expect(wrapper.classes()).toContain('input-group-append')
> 26 |     expect(wrapper.classes().length).toBe(1)
     |                                          ^ Magic Number
  27 |     expect(wrapper.findAll('.input-group-append > *').length).toBe(0)
  28 |     expect(wrapper.text()).toEqual('')
  29 |"
/home/gabriel/Disk/Research/research-javascript-test-smells/repositories/bootstrap-vue-dev/src/components/input-group/input-group-append.spec.js,Magic Number,"{'line': 27, 'column': 67, 'index': 939}","  25 |     expect(wrapper.classes()).toContain('input-group-append')
  26 |     expect(wrapper.classes().length).toBe(1)
> 27 |     expect(wrapper.findAll('.input-group-append > *').length).toBe(0)
     |                                                                   ^ Magic Number
  28 |     expect(wrapper.text()).toEqual('')
  29 |
  30 |     wrapper.destroy()"
/home/gabriel/Disk/Research/research-javascript-test-smells/repositories/bootstrap-vue-dev/src/components/input-group/input-group-append.spec.js,Magic Number,"{'line': 42, 'column': 42, 'index': 1320}","  40 |     expect(wrapper.element.tagName).toBe('DIV')
  41 |     expect(wrapper.classes()).toContain('input-group-append')
> 42 |     expect(wrapper.classes().length).toBe(1)
     |                                          ^ Magic Number
  43 |     expect(wrapper.text()).toEqual('foobar')
  44 |
  45 |     wrapper.destroy()"
/home/gabriel/Disk/Research/research-javascript-test-smells/repositories/bootstrap-vue-dev/src/components/input-group/input-group-append.spec.js,Magic Number,"{'line': 57, 'column': 42, 'index': 1727}","  55 |     expect(wrapper.element.tagName).toBe('DIV')
  56 |     expect(wrapper.classes()).toContain('input-group-append')
> 57 |     expect(wrapper.classes().length).toBe(1)
     |                                          ^ Magic Number
  58 |     expect(wrapper.findAll('.input-group-text').length).toBe(1)
  59 |     expect(wrapper.findAll('.input-group-append > .input-group-text').length).toBe(1)
  60 |     expect(wrapper.text()).toEqual('')"
/home/gabriel/Disk/Research/research-javascript-test-smells/repositories/bootstrap-vue-dev/src/components/input-group/input-group-append.spec.js,Magic Number,"{'line': 58, 'column': 61, 'index': 1791}","  56 |     expect(wrapper.classes()).toContain('input-group-append')
  57 |     expect(wrapper.classes().length).toBe(1)
> 58 |     expect(wrapper.findAll('.input-group-text').length).toBe(1)
     |                                                             ^ Magic Number
  59 |     expect(wrapper.findAll('.input-group-append > .input-group-text').length).toBe(1)
  60 |     expect(wrapper.text()).toEqual('')
  61 |"
/home/gabriel/Disk/Research/research-javascript-test-smells/repositories/bootstrap-vue-dev/src/components/input-group/input-group-append.spec.js,Magic Number,"{'line': 59, 'column': 83, 'index': 1877}","  57 |     expect(wrapper.classes().length).toBe(1)
  58 |     expect(wrapper.findAll('.input-group-text').length).toBe(1)
> 59 |     expect(wrapper.findAll('.input-group-append > .input-group-text').length).toBe(1)
     |                                                                                   ^ Magic Number
  60 |     expect(wrapper.text()).toEqual('')
  61 |
  62 |     wrapper.destroy()"
/home/gabriel/Disk/Research/research-javascript-test-smells/repositories/bootstrap-vue-dev/src/components/input-group/input-group-append.spec.js,Magic Number,"{'line': 77, 'column': 42, 'index': 2348}","  75 |     expect(wrapper.element.tagName).toBe('DIV')
  76 |     expect(wrapper.classes()).toContain('input-group-append')
> 77 |     expect(wrapper.classes().length).toBe(1)
     |                                          ^ Magic Number
  78 |     expect(wrapper.findAll('.input-group-text').length).toBe(1)
  79 |     expect(wrapper.text()).toEqual('foobar')
  80 |     expect(wrapper.find('.input-group-text').text()).toEqual('foobar')"
/home/gabriel/Disk/Research/research-javascript-test-smells/repositories/bootstrap-vue-dev/src/components/input-group/input-group-append.spec.js,Magic Number,"{'line': 78, 'column': 61, 'index': 2412}","  76 |     expect(wrapper.classes()).toContain('input-group-append')
  77 |     expect(wrapper.classes().length).toBe(1)
> 78 |     expect(wrapper.findAll('.input-group-text').length).toBe(1)
     |                                                             ^ Magic Number
  79 |     expect(wrapper.text()).toEqual('foobar')
  80 |     expect(wrapper.find('.input-group-text').text()).toEqual('foobar')
  81 |"
/home/gabriel/Disk/Research/research-javascript-test-smells/repositories/bootstrap-vue-dev/src/components/image/img.spec.js,Duplicate Assert,"{'line': 25, 'column': 4, 'index': 622}","  23 |     expect(wrapper.element.tagName).toBe('IMG')
  24 |
> 25 |     expect(wrapper.attributes('src')).toBeDefined()
     |    ^ Duplicate Assert
  26 |     expect(wrapper.attributes('src')).toEqual('/foo/bar')
  27 |     expect(wrapper.attributes('width')).toBeUndefined()
  28 |     expect(wrapper.attributes('height')).toBeUndefined()"
/home/gabriel/Disk/Research/research-javascript-test-smells/repositories/bootstrap-vue-dev/src/components/image/img.spec.js,Duplicate Assert,"{'line': 26, 'column': 4, 'index': 674}","  24 |
  25 |     expect(wrapper.attributes('src')).toBeDefined()
> 26 |     expect(wrapper.attributes('src')).toEqual('/foo/bar')
     |    ^ Duplicate Assert
  27 |     expect(wrapper.attributes('width')).toBeUndefined()
  28 |     expect(wrapper.attributes('height')).toBeUndefined()
  29 |"
/home/gabriel/Disk/Research/research-javascript-test-smells/repositories/bootstrap-vue-dev/src/components/image/img.spec.js,Duplicate Assert,"{'line': 73, 'column': 4, 'index': 1914}","  71 |
  72 |     expect(wrapper.element.tagName).toBe('IMG')
> 73 |     expect(wrapper.classes()).toContain('img-fluid')
     |    ^ Duplicate Assert
  74 |     expect(wrapper.classes()).toContain('w-100')
  75 |     expect(wrapper.classes().length).toBe(2)
  76 |"
/home/gabriel/Disk/Research/research-javascript-test-smells/repositories/bootstrap-vue-dev/src/components/image/img.spec.js,Duplicate Assert,"{'line': 74, 'column': 4, 'index': 1967}","  72 |     expect(wrapper.element.tagName).toBe('IMG')
  73 |     expect(wrapper.classes()).toContain('img-fluid')
> 74 |     expect(wrapper.classes()).toContain('w-100')
     |    ^ Duplicate Assert
  75 |     expect(wrapper.classes().length).toBe(2)
  76 |
  77 |     wrapper.destroy()"
/home/gabriel/Disk/Research/research-javascript-test-smells/repositories/bootstrap-vue-dev/src/components/image/img.spec.js,Duplicate Assert,"{'line': 164, 'column': 4, 'index': 4187}","  162 |
  163 |     expect(wrapper.element.tagName).toBe('IMG')
> 164 |     expect(wrapper.classes()).toContain('mx-auto')
      |    ^ Duplicate Assert
  165 |     expect(wrapper.classes()).toContain('d-block')
  166 |     expect(wrapper.classes().length).toBe(2)
  167 |"
/home/gabriel/Disk/Research/research-javascript-test-smells/repositories/bootstrap-vue-dev/src/components/image/img.spec.js,Duplicate Assert,"{'line': 165, 'column': 4, 'index': 4238}","  163 |     expect(wrapper.element.tagName).toBe('IMG')
  164 |     expect(wrapper.classes()).toContain('mx-auto')
> 165 |     expect(wrapper.classes()).toContain('d-block')
      |    ^ Duplicate Assert
  166 |     expect(wrapper.classes().length).toBe(2)
  167 |
  168 |     wrapper.destroy()"
/home/gabriel/Disk/Research/research-javascript-test-smells/repositories/bootstrap-vue-dev/src/components/image/img.spec.js,Duplicate Assert,"{'line': 180, 'column': 4, 'index': 4555}","  178 |     expect(wrapper.element.tagName).toBe('IMG')
  179 |
> 180 |     expect(wrapper.attributes('src')).toBeDefined()
      |    ^ Duplicate Assert
  181 |     expect(wrapper.attributes('src')).toContain('data:image/svg+xml;charset=UTF-8')
  182 |     expect(wrapper.attributes('width')).toBe('1')
  183 |     expect(wrapper.attributes('height')).toBe('1')"
/home/gabriel/Disk/Research/research-javascript-test-smells/repositories/bootstrap-vue-dev/src/components/image/img.spec.js,Duplicate Assert,"{'line': 181, 'column': 4, 'index': 4607}","  179 |
  180 |     expect(wrapper.attributes('src')).toBeDefined()
> 181 |     expect(wrapper.attributes('src')).toContain('data:image/svg+xml;charset=UTF-8')
      |    ^ Duplicate Assert
  182 |     expect(wrapper.attributes('width')).toBe('1')
  183 |     expect(wrapper.attributes('height')).toBe('1')
  184 |"
/home/gabriel/Disk/Research/research-javascript-test-smells/repositories/bootstrap-vue-dev/src/components/image/img.spec.js,Duplicate Assert,"{'line': 198, 'column': 4, 'index': 5058}","  196 |     expect(wrapper.element.tagName).toBe('IMG')
  197 |
> 198 |     expect(wrapper.attributes('src')).toBeDefined()
      |    ^ Duplicate Assert
  199 |     expect(wrapper.attributes('src')).toContain('data:image/svg+xml;charset=UTF-8')
  200 |     expect(wrapper.attributes('src')).toContain('blue')
  201 |"
/home/gabriel/Disk/Research/research-javascript-test-smells/repositories/bootstrap-vue-dev/src/components/image/img.spec.js,Duplicate Assert,"{'line': 199, 'column': 4, 'index': 5110}","  197 |
  198 |     expect(wrapper.attributes('src')).toBeDefined()
> 199 |     expect(wrapper.attributes('src')).toContain('data:image/svg+xml;charset=UTF-8')
      |    ^ Duplicate Assert
  200 |     expect(wrapper.attributes('src')).toContain('blue')
  201 |
  202 |     wrapper.destroy()"
/home/gabriel/Disk/Research/research-javascript-test-smells/repositories/bootstrap-vue-dev/src/components/image/img.spec.js,Duplicate Assert,"{'line': 200, 'column': 4, 'index': 5194}","  198 |     expect(wrapper.attributes('src')).toBeDefined()
  199 |     expect(wrapper.attributes('src')).toContain('data:image/svg+xml;charset=UTF-8')
> 200 |     expect(wrapper.attributes('src')).toContain('blue')
      |    ^ Duplicate Assert
  201 |
  202 |     wrapper.destroy()
  203 |   })"
/home/gabriel/Disk/Research/research-javascript-test-smells/repositories/bootstrap-vue-dev/src/components/image/img.spec.js,Duplicate Assert,"{'line': 216, 'column': 4, 'index': 5547}","  214 |     expect(wrapper.element.tagName).toBe('IMG')
  215 |
> 216 |     expect(wrapper.attributes('src')).toBeDefined()
      |    ^ Duplicate Assert
  217 |     expect(wrapper.attributes('src')).toContain('data:image/svg+xml;charset=UTF-8')
  218 |     expect(wrapper.attributes('width')).toBe('300')
  219 |     expect(wrapper.attributes('height')).toBe('200')"
/home/gabriel/Disk/Research/research-javascript-test-smells/repositories/bootstrap-vue-dev/src/components/image/img.spec.js,Duplicate Assert,"{'line': 217, 'column': 4, 'index': 5599}","  215 |
  216 |     expect(wrapper.attributes('src')).toBeDefined()
> 217 |     expect(wrapper.attributes('src')).toContain('data:image/svg+xml;charset=UTF-8')
      |    ^ Duplicate Assert
  218 |     expect(wrapper.attributes('width')).toBe('300')
  219 |     expect(wrapper.attributes('height')).toBe('200')
  220 |"
/home/gabriel/Disk/Research/research-javascript-test-smells/repositories/bootstrap-vue-dev/src/components/image/img.spec.js,Duplicate Assert,"{'line': 235, 'column': 4, 'index': 6083}","  233 |     expect(wrapper.element.tagName).toBe('IMG')
  234 |
> 235 |     expect(wrapper.attributes('src')).toBeDefined()
      |    ^ Duplicate Assert
  236 |     expect(wrapper.attributes('src')).toEqual('/foo/bar')
  237 |     expect(wrapper.attributes('width')).toBe('300')
  238 |     expect(wrapper.attributes('height')).toBe('200')"
/home/gabriel/Disk/Research/research-javascript-test-smells/repositories/bootstrap-vue-dev/src/components/image/img.spec.js,Duplicate Assert,"{'line': 236, 'column': 4, 'index': 6135}","  234 |
  235 |     expect(wrapper.attributes('src')).toBeDefined()
> 236 |     expect(wrapper.attributes('src')).toEqual('/foo/bar')
      |    ^ Duplicate Assert
  237 |     expect(wrapper.attributes('width')).toBe('300')
  238 |     expect(wrapper.attributes('height')).toBe('200')
  239 |"
/home/gabriel/Disk/Research/research-javascript-test-smells/repositories/bootstrap-vue-dev/src/components/image/img.spec.js,Duplicate Assert,"{'line': 250, 'column': 4, 'index': 6485}","  248 |     })
  249 |
> 250 |     expect(wrapper.attributes('alt')).toBeDefined()
      |    ^ Duplicate Assert
  251 |     expect(wrapper.attributes('alt')).toEqual('')
  252 |
  253 |     wrapper.destroy()"
/home/gabriel/Disk/Research/research-javascript-test-smells/repositories/bootstrap-vue-dev/src/components/image/img.spec.js,Duplicate Assert,"{'line': 251, 'column': 4, 'index': 6537}","  249 |
  250 |     expect(wrapper.attributes('alt')).toBeDefined()
> 251 |     expect(wrapper.attributes('alt')).toEqual('')
      |    ^ Duplicate Assert
  252 |
  253 |     wrapper.destroy()
  254 |   })"
/home/gabriel/Disk/Research/research-javascript-test-smells/repositories/bootstrap-vue-dev/src/components/image/img.spec.js,Magic Number,"{'line': 9, 'column': 42, 'index': 270}","   7 |
   8 |     expect(wrapper.element.tagName).toBe('IMG')
>  9 |     expect(wrapper.classes().length).toBe(0)
     |                                          ^ Magic Number
  10 |     expect(wrapper.attributes('width')).toBeUndefined()
  11 |     expect(wrapper.attributes('height')).toBeUndefined()
  12 |"
/home/gabriel/Disk/Research/research-javascript-test-smells/repositories/bootstrap-vue-dev/src/components/image/img.spec.js,Magic Number,"{'line': 59, 'column': 42, 'index': 1623}","  57 |     expect(wrapper.element.tagName).toBe('IMG')
  58 |     expect(wrapper.classes()).toContain('img-fluid')
> 59 |     expect(wrapper.classes().length).toBe(1)
     |                                          ^ Magic Number
  60 |
  61 |     wrapper.destroy()
  62 |   })"
/home/gabriel/Disk/Research/research-javascript-test-smells/repositories/bootstrap-vue-dev/src/components/image/img.spec.js,Magic Number,"{'line': 75, 'column': 42, 'index': 2054}","  73 |     expect(wrapper.classes()).toContain('img-fluid')
  74 |     expect(wrapper.classes()).toContain('w-100')
> 75 |     expect(wrapper.classes().length).toBe(2)
     |                                          ^ Magic Number
  76 |
  77 |     wrapper.destroy()
  78 |   })"
/home/gabriel/Disk/Research/research-javascript-test-smells/repositories/bootstrap-vue-dev/src/components/image/img.spec.js,Magic Number,"{'line': 90, 'column': 42, 'index': 2431}","  88 |     expect(wrapper.element.tagName).toBe('IMG')
  89 |     expect(wrapper.classes()).toContain('img-thumbnail')
> 90 |     expect(wrapper.classes().length).toBe(1)
     |                                          ^ Magic Number
  91 |
  92 |     wrapper.destroy()
  93 |   })"
/home/gabriel/Disk/Research/research-javascript-test-smells/repositories/bootstrap-vue-dev/src/components/image/img.spec.js,Magic Number,"{'line': 105, 'column': 42, 'index': 2793}","  103 |     expect(wrapper.element.tagName).toBe('IMG')
  104 |     expect(wrapper.classes()).toContain('rounded')
> 105 |     expect(wrapper.classes().length).toBe(1)
      |                                          ^ Magic Number
  106 |
  107 |     wrapper.destroy()
  108 |   })"
/home/gabriel/Disk/Research/research-javascript-test-smells/repositories/bootstrap-vue-dev/src/components/image/img.spec.js,Magic Number,"{'line': 120, 'column': 42, 'index': 3175}","  118 |     expect(wrapper.element.tagName).toBe('IMG')
  119 |     expect(wrapper.classes()).toContain('rounded-circle')
> 120 |     expect(wrapper.classes().length).toBe(1)
      |                                          ^ Magic Number
  121 |
  122 |     wrapper.destroy()
  123 |   })"
/home/gabriel/Disk/Research/research-javascript-test-smells/repositories/bootstrap-vue-dev/src/components/image/img.spec.js,Magic Number,"{'line': 135, 'column': 42, 'index': 3536}","  133 |     expect(wrapper.element.tagName).toBe('IMG')
  134 |     expect(wrapper.classes()).toContain('float-left')
> 135 |     expect(wrapper.classes().length).toBe(1)
      |                                          ^ Magic Number
  136 |
  137 |     wrapper.destroy()
  138 |   })"
/home/gabriel/Disk/Research/research-javascript-test-smells/repositories/bootstrap-vue-dev/src/components/image/img.spec.js,Magic Number,"{'line': 150, 'column': 42, 'index': 3901}","  148 |     expect(wrapper.element.tagName).toBe('IMG')
  149 |     expect(wrapper.classes()).toContain('float-right')
> 150 |     expect(wrapper.classes().length).toBe(1)
      |                                          ^ Magic Number
  151 |
  152 |     wrapper.destroy()
  153 |   })"
/home/gabriel/Disk/Research/research-javascript-test-smells/repositories/bootstrap-vue-dev/src/components/image/img.spec.js,Magic Number,"{'line': 166, 'column': 42, 'index': 4327}","  164 |     expect(wrapper.classes()).toContain('mx-auto')
  165 |     expect(wrapper.classes()).toContain('d-block')
> 166 |     expect(wrapper.classes().length).toBe(2)
      |                                          ^ Magic Number
  167 |
  168 |     wrapper.destroy()
  169 |   })"
/home/gabriel/Disk/Research/research-javascript-test-smells/repositories/bootstrap-vue-dev/src/components/image/img-lazy.spec.js,Duplicate Assert,"{'line': 30, 'column': 4, 'index': 702}","  28 |     expect(wrapper.element.tagName).toBe('IMG')
  29 |
> 30 |     expect(wrapper.attributes('src')).toBeDefined()
     |    ^ Duplicate Assert
  31 |     expect(wrapper.attributes('src')).toBe(src)
  32 |
  33 |     wrapper.destroy()"
/home/gabriel/Disk/Research/research-javascript-test-smells/repositories/bootstrap-vue-dev/src/components/image/img-lazy.spec.js,Duplicate Assert,"{'line': 31, 'column': 4, 'index': 754}","  29 |
  30 |     expect(wrapper.attributes('src')).toBeDefined()
> 31 |     expect(wrapper.attributes('src')).toBe(src)
     |    ^ Duplicate Assert
  32 |
  33 |     wrapper.destroy()
  34 |   })"
/home/gabriel/Disk/Research/research-javascript-test-smells/repositories/bootstrap-vue-dev/src/components/image/img-lazy.spec.js,Duplicate Assert,"{'line': 54, 'column': 4, 'index': 1233}","  52 |     await waitRAF()
  53 |
> 54 |     expect(wrapper.vm.isShown).toBe(true)
     |    ^ Duplicate Assert
  55 |
  56 |     // It appears that vue-test-utils does not run unbind when the directive is
  57 |     // removed from the element. Only when the component is destroyed... unlike Vue"
/home/gabriel/Disk/Research/research-javascript-test-smells/repositories/bootstrap-vue-dev/src/components/image/img-lazy.spec.js,Duplicate Assert,"{'line': 54, 'column': 4, 'index': 1233}","  52 |     await waitRAF()
  53 |
> 54 |     expect(wrapper.vm.isShown).toBe(true)
     |    ^ Duplicate Assert
  55 |
  56 |     // It appears that vue-test-utils does not run unbind when the directive is
  57 |     // removed from the element. Only when the component is destroyed... unlike Vue"
/home/gabriel/Disk/Research/research-javascript-test-smells/repositories/bootstrap-vue-dev/src/components/image/img-lazy.spec.js,Duplicate Assert,"{'line': 62, 'column': 4, 'index': 1592}","  60 |     // expect(observer).toBeUndefined()
  61 |
> 62 |     expect(wrapper.attributes('src')).toBeDefined()
     |    ^ Duplicate Assert
  63 |     expect(wrapper.attributes('src')).toContain(src)
  64 |
  65 |     await wrapper.setProps({"
/home/gabriel/Disk/Research/research-javascript-test-smells/repositories/bootstrap-vue-dev/src/components/image/img-lazy.spec.js,Duplicate Assert,"{'line': 63, 'column': 4, 'index': 1644}","  61 |
  62 |     expect(wrapper.attributes('src')).toBeDefined()
> 63 |     expect(wrapper.attributes('src')).toContain(src)
     |    ^ Duplicate Assert
  64 |
  65 |     await wrapper.setProps({
  66 |       show: true"
/home/gabriel/Disk/Research/research-javascript-test-smells/repositories/bootstrap-vue-dev/src/components/image/img-lazy.spec.js,Duplicate Assert,"{'line': 63, 'column': 4, 'index': 1644}","  61 |
  62 |     expect(wrapper.attributes('src')).toBeDefined()
> 63 |     expect(wrapper.attributes('src')).toContain(src)
     |    ^ Duplicate Assert
  64 |
  65 |     await wrapper.setProps({
  66 |       show: true"
/home/gabriel/Disk/Research/research-javascript-test-smells/repositories/bootstrap-vue-dev/src/components/image/img-lazy.spec.js,Duplicate Assert,"{'line': 73, 'column': 4, 'index': 1850}","  71 |     await waitRAF()
  72 |
> 73 |     expect(wrapper.attributes('src')).toBe(src)
     |    ^ Duplicate Assert
  74 |     expect(wrapper.vm.isShown).toBe(true)
  75 |
  76 |     // Our directive instance should not exist"
/home/gabriel/Disk/Research/research-javascript-test-smells/repositories/bootstrap-vue-dev/src/components/image/img-lazy.spec.js,Duplicate Assert,"{'line': 74, 'column': 4, 'index': 1898}","  72 |
  73 |     expect(wrapper.attributes('src')).toBe(src)
> 74 |     expect(wrapper.vm.isShown).toBe(true)
     |    ^ Duplicate Assert
  75 |
  76 |     // Our directive instance should not exist
  77 |     // observer = wrapper.element.__bv__visibility_observer"
/home/gabriel/Disk/Research/research-javascript-test-smells/repositories/bootstrap-vue-dev/src/components/image/img-lazy.spec.js,Duplicate Assert,"{'line': 74, 'column': 4, 'index': 1898}","  72 |
  73 |     expect(wrapper.attributes('src')).toBe(src)
> 74 |     expect(wrapper.vm.isShown).toBe(true)
     |    ^ Duplicate Assert
  75 |
  76 |     // Our directive instance should not exist
  77 |     // observer = wrapper.element.__bv__visibility_observer"
/home/gabriel/Disk/Research/research-javascript-test-smells/repositories/bootstrap-vue-dev/src/components/image/img-lazy.spec.js,Duplicate Assert,"{'line': 88, 'column': 4, 'index': 2242}","  86 |     await waitRAF()
  87 |
> 88 |     expect(wrapper.attributes('src')).toContain(src)
     |    ^ Duplicate Assert
  89 |
  90 |     // Our directive instance should not exist
  91 |     // observer = wrapper.element.__bv__visibility_observer"
/home/gabriel/Disk/Research/research-javascript-test-smells/repositories/bootstrap-vue-dev/src/components/image/img-lazy.spec.js,Duplicate Assert,"{'line': 88, 'column': 4, 'index': 2242}","  86 |     await waitRAF()
  87 |
> 88 |     expect(wrapper.attributes('src')).toContain(src)
     |    ^ Duplicate Assert
  89 |
  90 |     // Our directive instance should not exist
  91 |     // observer = wrapper.element.__bv__visibility_observer"
/home/gabriel/Disk/Research/research-javascript-test-smells/repositories/bootstrap-vue-dev/src/components/form-timepicker/form-timepicker.spec.js,Duplicate Assert,"{'line': 43, 'column': 4, 'index': 1242}","  41 |
  42 |     expect(wrapper.element.tagName).toBe('DIV')
> 43 |     expect(wrapper.classes()).toContain('b-form-timepicker')
     |    ^ Duplicate Assert
  44 |     expect(wrapper.classes()).toContain('b-form-btn-label-control')
  45 |     expect(wrapper.classes()).toContain('form-control')
  46 |     expect(wrapper.classes()).toContain('dropdown')"
/home/gabriel/Disk/Research/research-javascript-test-smells/repositories/bootstrap-vue-dev/src/components/form-timepicker/form-timepicker.spec.js,Duplicate Assert,"{'line': 44, 'column': 4, 'index': 1303}","  42 |     expect(wrapper.element.tagName).toBe('DIV')
  43 |     expect(wrapper.classes()).toContain('b-form-timepicker')
> 44 |     expect(wrapper.classes()).toContain('b-form-btn-label-control')
     |    ^ Duplicate Assert
  45 |     expect(wrapper.classes()).toContain('form-control')
  46 |     expect(wrapper.classes()).toContain('dropdown')
  47 |     expect(wrapper.classes()).not.toContain('show')"
/home/gabriel/Disk/Research/research-javascript-test-smells/repositories/bootstrap-vue-dev/src/components/form-timepicker/form-timepicker.spec.js,Duplicate Assert,"{'line': 45, 'column': 4, 'index': 1371}","  43 |     expect(wrapper.classes()).toContain('b-form-timepicker')
  44 |     expect(wrapper.classes()).toContain('b-form-btn-label-control')
> 45 |     expect(wrapper.classes()).toContain('form-control')
     |    ^ Duplicate Assert
  46 |     expect(wrapper.classes()).toContain('dropdown')
  47 |     expect(wrapper.classes()).not.toContain('show')
  48 |     expect(wrapper.classes()).not.toContain('btn-group')"
/home/gabriel/Disk/Research/research-javascript-test-smells/repositories/bootstrap-vue-dev/src/components/form-timepicker/form-timepicker.spec.js,Duplicate Assert,"{'line': 46, 'column': 4, 'index': 1427}","  44 |     expect(wrapper.classes()).toContain('b-form-btn-label-control')
  45 |     expect(wrapper.classes()).toContain('form-control')
> 46 |     expect(wrapper.classes()).toContain('dropdown')
     |    ^ Duplicate Assert
  47 |     expect(wrapper.classes()).not.toContain('show')
  48 |     expect(wrapper.classes()).not.toContain('btn-group')
  49 |     expect(wrapper.attributes('role')).toEqual('group')"
/home/gabriel/Disk/Research/research-javascript-test-smells/repositories/bootstrap-vue-dev/src/components/form-timepicker/form-timepicker.spec.js,Duplicate Assert,"{'line': 47, 'column': 4, 'index': 1479}","  45 |     expect(wrapper.classes()).toContain('form-control')
  46 |     expect(wrapper.classes()).toContain('dropdown')
> 47 |     expect(wrapper.classes()).not.toContain('show')
     |    ^ Duplicate Assert
  48 |     expect(wrapper.classes()).not.toContain('btn-group')
  49 |     expect(wrapper.attributes('role')).toEqual('group')
  50 |"
/home/gabriel/Disk/Research/research-javascript-test-smells/repositories/bootstrap-vue-dev/src/components/form-timepicker/form-timepicker.spec.js,Duplicate Assert,"{'line': 48, 'column': 4, 'index': 1531}","  46 |     expect(wrapper.classes()).toContain('dropdown')
  47 |     expect(wrapper.classes()).not.toContain('show')
> 48 |     expect(wrapper.classes()).not.toContain('btn-group')
     |    ^ Duplicate Assert
  49 |     expect(wrapper.attributes('role')).toEqual('group')
  50 |
  51 |     const $dropdownMenu = wrapper.find('.dropdown-menu')"
/home/gabriel/Disk/Research/research-javascript-test-smells/repositories/bootstrap-vue-dev/src/components/form-timepicker/form-timepicker.spec.js,Duplicate Assert,"{'line': 87, 'column': 4, 'index': 2912}","  85 |
  86 |     expect(wrapper.element.tagName).toBe('DIV')
> 87 |     expect(wrapper.classes()).toContain('b-form-timepicker')
     |    ^ Duplicate Assert
  88 |     expect(wrapper.classes()).toContain('b-form-btn-label-control')
  89 |     expect(wrapper.classes()).not.toContain('form-control')
  90 |     expect(wrapper.classes()).toContain('dropdown')"
/home/gabriel/Disk/Research/research-javascript-test-smells/repositories/bootstrap-vue-dev/src/components/form-timepicker/form-timepicker.spec.js,Duplicate Assert,"{'line': 88, 'column': 4, 'index': 2973}","  86 |     expect(wrapper.element.tagName).toBe('DIV')
  87 |     expect(wrapper.classes()).toContain('b-form-timepicker')
> 88 |     expect(wrapper.classes()).toContain('b-form-btn-label-control')
     |    ^ Duplicate Assert
  89 |     expect(wrapper.classes()).not.toContain('form-control')
  90 |     expect(wrapper.classes()).toContain('dropdown')
  91 |     expect(wrapper.classes()).not.toContain('show')"
/home/gabriel/Disk/Research/research-javascript-test-smells/repositories/bootstrap-vue-dev/src/components/form-timepicker/form-timepicker.spec.js,Duplicate Assert,"{'line': 89, 'column': 4, 'index': 3041}","  87 |     expect(wrapper.classes()).toContain('b-form-timepicker')
  88 |     expect(wrapper.classes()).toContain('b-form-btn-label-control')
> 89 |     expect(wrapper.classes()).not.toContain('form-control')
     |    ^ Duplicate Assert
  90 |     expect(wrapper.classes()).toContain('dropdown')
  91 |     expect(wrapper.classes()).not.toContain('show')
  92 |     expect(wrapper.classes()).toContain('btn-group')"
/home/gabriel/Disk/Research/research-javascript-test-smells/repositories/bootstrap-vue-dev/src/components/form-timepicker/form-timepicker.spec.js,Duplicate Assert,"{'line': 90, 'column': 4, 'index': 3101}","  88 |     expect(wrapper.classes()).toContain('b-form-btn-label-control')
  89 |     expect(wrapper.classes()).not.toContain('form-control')
> 90 |     expect(wrapper.classes()).toContain('dropdown')
     |    ^ Duplicate Assert
  91 |     expect(wrapper.classes()).not.toContain('show')
  92 |     expect(wrapper.classes()).toContain('btn-group')
  93 |     expect(wrapper.attributes('role')).not.toEqual('group')"
/home/gabriel/Disk/Research/research-javascript-test-smells/repositories/bootstrap-vue-dev/src/components/form-timepicker/form-timepicker.spec.js,Duplicate Assert,"{'line': 91, 'column': 4, 'index': 3153}","  89 |     expect(wrapper.classes()).not.toContain('form-control')
  90 |     expect(wrapper.classes()).toContain('dropdown')
> 91 |     expect(wrapper.classes()).not.toContain('show')
     |    ^ Duplicate Assert
  92 |     expect(wrapper.classes()).toContain('btn-group')
  93 |     expect(wrapper.attributes('role')).not.toEqual('group')
  94 |"
/home/gabriel/Disk/Research/research-javascript-test-smells/repositories/bootstrap-vue-dev/src/components/form-timepicker/form-timepicker.spec.js,Duplicate Assert,"{'line': 92, 'column': 4, 'index': 3205}","  90 |     expect(wrapper.classes()).toContain('dropdown')
  91 |     expect(wrapper.classes()).not.toContain('show')
> 92 |     expect(wrapper.classes()).toContain('btn-group')
     |    ^ Duplicate Assert
  93 |     expect(wrapper.attributes('role')).not.toEqual('group')
  94 |
  95 |     const $dropdownMenu = wrapper.find('.dropdown-menu')"
/home/gabriel/Disk/Research/research-javascript-test-smells/repositories/bootstrap-vue-dev/src/components/form-timepicker/form-timepicker.spec.js,Duplicate Assert,"{'line': 136, 'column': 4, 'index': 4731}","  134 |
  135 |     let $input = wrapper.find('input[type=""hidden""]')
> 136 |     expect($input.exists()).toBe(true)
      |    ^ Duplicate Assert
  137 |     expect($input.attributes('name')).toBe('foobar')
  138 |     expect($input.attributes('value')).toBe('')
  139 |"
/home/gabriel/Disk/Research/research-javascript-test-smells/repositories/bootstrap-vue-dev/src/components/form-timepicker/form-timepicker.spec.js,Duplicate Assert,"{'line': 136, 'column': 4, 'index': 4731}","  134 |
  135 |     let $input = wrapper.find('input[type=""hidden""]')
> 136 |     expect($input.exists()).toBe(true)
      |    ^ Duplicate Assert
  137 |     expect($input.attributes('name')).toBe('foobar')
  138 |     expect($input.attributes('value')).toBe('')
  139 |"
/home/gabriel/Disk/Research/research-javascript-test-smells/repositories/bootstrap-vue-dev/src/components/form-timepicker/form-timepicker.spec.js,Duplicate Assert,"{'line': 137, 'column': 4, 'index': 4770}","  135 |     let $input = wrapper.find('input[type=""hidden""]')
  136 |     expect($input.exists()).toBe(true)
> 137 |     expect($input.attributes('name')).toBe('foobar')
      |    ^ Duplicate Assert
  138 |     expect($input.attributes('value')).toBe('')
  139 |
  140 |     await wrapper.setProps({ value: '01:02:03' })"
/home/gabriel/Disk/Research/research-javascript-test-smells/repositories/bootstrap-vue-dev/src/components/form-timepicker/form-timepicker.spec.js,Duplicate Assert,"{'line': 137, 'column': 4, 'index': 4770}","  135 |     let $input = wrapper.find('input[type=""hidden""]')
  136 |     expect($input.exists()).toBe(true)
> 137 |     expect($input.attributes('name')).toBe('foobar')
      |    ^ Duplicate Assert
  138 |     expect($input.attributes('value')).toBe('')
  139 |
  140 |     await wrapper.setProps({ value: '01:02:03' })"
/home/gabriel/Disk/Research/research-javascript-test-smells/repositories/bootstrap-vue-dev/src/components/form-timepicker/form-timepicker.spec.js,Duplicate Assert,"{'line': 138, 'column': 4, 'index': 4823}","  136 |     expect($input.exists()).toBe(true)
  137 |     expect($input.attributes('name')).toBe('foobar')
> 138 |     expect($input.attributes('value')).toBe('')
      |    ^ Duplicate Assert
  139 |
  140 |     await wrapper.setProps({ value: '01:02:03' })
  141 |     await waitNT(wrapper.vm)"
/home/gabriel/Disk/Research/research-javascript-test-smells/repositories/bootstrap-vue-dev/src/components/form-timepicker/form-timepicker.spec.js,Duplicate Assert,"{'line': 145, 'column': 4, 'index': 5022}","  143 |
  144 |     $input = wrapper.find('input[type=""hidden""]')
> 145 |     expect($input.exists()).toBe(true)
      |    ^ Duplicate Assert
  146 |     expect($input.attributes('name')).toBe('foobar')
  147 |     expect($input.attributes('value')).toBe('01:02:00')
  148 |"
/home/gabriel/Disk/Research/research-javascript-test-smells/repositories/bootstrap-vue-dev/src/components/form-timepicker/form-timepicker.spec.js,Duplicate Assert,"{'line': 145, 'column': 4, 'index': 5022}","  143 |
  144 |     $input = wrapper.find('input[type=""hidden""]')
> 145 |     expect($input.exists()).toBe(true)
      |    ^ Duplicate Assert
  146 |     expect($input.attributes('name')).toBe('foobar')
  147 |     expect($input.attributes('value')).toBe('01:02:00')
  148 |"
/home/gabriel/Disk/Research/research-javascript-test-smells/repositories/bootstrap-vue-dev/src/components/form-timepicker/form-timepicker.spec.js,Duplicate Assert,"{'line': 146, 'column': 4, 'index': 5061}","  144 |     $input = wrapper.find('input[type=""hidden""]')
  145 |     expect($input.exists()).toBe(true)
> 146 |     expect($input.attributes('name')).toBe('foobar')
      |    ^ Duplicate Assert
  147 |     expect($input.attributes('value')).toBe('01:02:00')
  148 |
  149 |     await wrapper.setProps({"
/home/gabriel/Disk/Research/research-javascript-test-smells/repositories/bootstrap-vue-dev/src/components/form-timepicker/form-timepicker.spec.js,Duplicate Assert,"{'line': 146, 'column': 4, 'index': 5061}","  144 |     $input = wrapper.find('input[type=""hidden""]')
  145 |     expect($input.exists()).toBe(true)
> 146 |     expect($input.attributes('name')).toBe('foobar')
      |    ^ Duplicate Assert
  147 |     expect($input.attributes('value')).toBe('01:02:00')
  148 |
  149 |     await wrapper.setProps({"
/home/gabriel/Disk/Research/research-javascript-test-smells/repositories/bootstrap-vue-dev/src/components/form-timepicker/form-timepicker.spec.js,Duplicate Assert,"{'line': 147, 'column': 4, 'index': 5114}","  145 |     expect($input.exists()).toBe(true)
  146 |     expect($input.attributes('name')).toBe('foobar')
> 147 |     expect($input.attributes('value')).toBe('01:02:00')
      |    ^ Duplicate Assert
  148 |
  149 |     await wrapper.setProps({
  150 |       showSeconds: true,"
/home/gabriel/Disk/Research/research-javascript-test-smells/repositories/bootstrap-vue-dev/src/components/form-timepicker/form-timepicker.spec.js,Duplicate Assert,"{'line': 157, 'column': 4, 'index': 5356}","  155 |
  156 |     $input = wrapper.find('input[type=""hidden""]')
> 157 |     expect($input.exists()).toBe(true)
      |    ^ Duplicate Assert
  158 |     expect($input.attributes('name')).toBe('foobar')
  159 |     expect($input.attributes('value')).toBe('01:02:33')
  160 |"
/home/gabriel/Disk/Research/research-javascript-test-smells/repositories/bootstrap-vue-dev/src/components/form-timepicker/form-timepicker.spec.js,Duplicate Assert,"{'line': 157, 'column': 4, 'index': 5356}","  155 |
  156 |     $input = wrapper.find('input[type=""hidden""]')
> 157 |     expect($input.exists()).toBe(true)
      |    ^ Duplicate Assert
  158 |     expect($input.attributes('name')).toBe('foobar')
  159 |     expect($input.attributes('value')).toBe('01:02:33')
  160 |"
/home/gabriel/Disk/Research/research-javascript-test-smells/repositories/bootstrap-vue-dev/src/components/form-timepicker/form-timepicker.spec.js,Duplicate Assert,"{'line': 158, 'column': 4, 'index': 5395}","  156 |     $input = wrapper.find('input[type=""hidden""]')
  157 |     expect($input.exists()).toBe(true)
> 158 |     expect($input.attributes('name')).toBe('foobar')
      |    ^ Duplicate Assert
  159 |     expect($input.attributes('value')).toBe('01:02:33')
  160 |
  161 |     wrapper.destroy()"
/home/gabriel/Disk/Research/research-javascript-test-smells/repositories/bootstrap-vue-dev/src/components/form-timepicker/form-timepicker.spec.js,Duplicate Assert,"{'line': 158, 'column': 4, 'index': 5395}","  156 |     $input = wrapper.find('input[type=""hidden""]')
  157 |     expect($input.exists()).toBe(true)
> 158 |     expect($input.attributes('name')).toBe('foobar')
      |    ^ Duplicate Assert
  159 |     expect($input.attributes('value')).toBe('01:02:33')
  160 |
  161 |     wrapper.destroy()"
/home/gabriel/Disk/Research/research-javascript-test-smells/repositories/bootstrap-vue-dev/src/components/form-timepicker/form-timepicker.spec.js,Duplicate Assert,"{'line': 159, 'column': 4, 'index': 5448}","  157 |     expect($input.exists()).toBe(true)
  158 |     expect($input.attributes('name')).toBe('foobar')
> 159 |     expect($input.attributes('value')).toBe('01:02:33')
      |    ^ Duplicate Assert
  160 |
  161 |     wrapper.destroy()
  162 |   })"
/home/gabriel/Disk/Research/research-javascript-test-smells/repositories/bootstrap-vue-dev/src/components/form-timepicker/form-timepicker.spec.js,Duplicate Assert,"{'line': 180, 'column': 4, 'index': 5920}","  178 |
  179 |     let $label = wrapper.find('label.form-control')
> 180 |     expect($label.exists()).toBe(true)
      |    ^ Duplicate Assert
  181 |     expect($label.text()).toContain('No time selected')
  182 |
  183 |     await wrapper.setProps({ placeholder: 'foobar' })"
/home/gabriel/Disk/Research/research-javascript-test-smells/repositories/bootstrap-vue-dev/src/components/form-timepicker/form-timepicker.spec.js,Duplicate Assert,"{'line': 180, 'column': 4, 'index': 5920}","  178 |
  179 |     let $label = wrapper.find('label.form-control')
> 180 |     expect($label.exists()).toBe(true)
      |    ^ Duplicate Assert
  181 |     expect($label.text()).toContain('No time selected')
  182 |
  183 |     await wrapper.setProps({ placeholder: 'foobar' })"
/home/gabriel/Disk/Research/research-javascript-test-smells/repositories/bootstrap-vue-dev/src/components/form-timepicker/form-timepicker.spec.js,Duplicate Assert,"{'line': 181, 'column': 4, 'index': 5959}","  179 |     let $label = wrapper.find('label.form-control')
  180 |     expect($label.exists()).toBe(true)
> 181 |     expect($label.text()).toContain('No time selected')
      |    ^ Duplicate Assert
  182 |
  183 |     await wrapper.setProps({ placeholder: 'foobar' })
  184 |     await waitNT(wrapper.vm)"
/home/gabriel/Disk/Research/research-javascript-test-smells/repositories/bootstrap-vue-dev/src/components/form-timepicker/form-timepicker.spec.js,Duplicate Assert,"{'line': 188, 'column': 4, 'index': 6168}","  186 |
  187 |     $label = wrapper.find('label.form-control')
> 188 |     expect($label.exists()).toBe(true)
      |    ^ Duplicate Assert
  189 |     expect($label.text()).not.toContain('No time selected')
  190 |     expect($label.text()).toContain('foobar')
  191 |"
/home/gabriel/Disk/Research/research-javascript-test-smells/repositories/bootstrap-vue-dev/src/components/form-timepicker/form-timepicker.spec.js,Duplicate Assert,"{'line': 188, 'column': 4, 'index': 6168}","  186 |
  187 |     $label = wrapper.find('label.form-control')
> 188 |     expect($label.exists()).toBe(true)
      |    ^ Duplicate Assert
  189 |     expect($label.text()).not.toContain('No time selected')
  190 |     expect($label.text()).toContain('foobar')
  191 |"
/home/gabriel/Disk/Research/research-javascript-test-smells/repositories/bootstrap-vue-dev/src/components/form-timepicker/form-timepicker.spec.js,Duplicate Assert,"{'line': 189, 'column': 4, 'index': 6207}","  187 |     $label = wrapper.find('label.form-control')
  188 |     expect($label.exists()).toBe(true)
> 189 |     expect($label.text()).not.toContain('No time selected')
      |    ^ Duplicate Assert
  190 |     expect($label.text()).toContain('foobar')
  191 |
  192 |     await wrapper.setProps({ value: '01:02:03' })"
/home/gabriel/Disk/Research/research-javascript-test-smells/repositories/bootstrap-vue-dev/src/components/form-timepicker/form-timepicker.spec.js,Duplicate Assert,"{'line': 189, 'column': 4, 'index': 6207}","  187 |     $label = wrapper.find('label.form-control')
  188 |     expect($label.exists()).toBe(true)
> 189 |     expect($label.text()).not.toContain('No time selected')
      |    ^ Duplicate Assert
  190 |     expect($label.text()).toContain('foobar')
  191 |
  192 |     await wrapper.setProps({ value: '01:02:03' })"
/home/gabriel/Disk/Research/research-javascript-test-smells/repositories/bootstrap-vue-dev/src/components/form-timepicker/form-timepicker.spec.js,Duplicate Assert,"{'line': 190, 'column': 4, 'index': 6267}","  188 |     expect($label.exists()).toBe(true)
  189 |     expect($label.text()).not.toContain('No time selected')
> 190 |     expect($label.text()).toContain('foobar')
      |    ^ Duplicate Assert
  191 |
  192 |     await wrapper.setProps({ value: '01:02:03' })
  193 |     await waitNT(wrapper.vm)"
/home/gabriel/Disk/Research/research-javascript-test-smells/repositories/bootstrap-vue-dev/src/components/form-timepicker/form-timepicker.spec.js,Duplicate Assert,"{'line': 197, 'column': 4, 'index': 6462}","  195 |
  196 |     $label = wrapper.find('label.form-control')
> 197 |     expect($label.exists()).toBe(true)
      |    ^ Duplicate Assert
  198 |     expect($label.text()).not.toContain('No time selected')
  199 |     expect($label.text()).not.toContain('foobar')
  200 |"
/home/gabriel/Disk/Research/research-javascript-test-smells/repositories/bootstrap-vue-dev/src/components/form-timepicker/form-timepicker.spec.js,Duplicate Assert,"{'line': 197, 'column': 4, 'index': 6462}","  195 |
  196 |     $label = wrapper.find('label.form-control')
> 197 |     expect($label.exists()).toBe(true)
      |    ^ Duplicate Assert
  198 |     expect($label.text()).not.toContain('No time selected')
  199 |     expect($label.text()).not.toContain('foobar')
  200 |"
/home/gabriel/Disk/Research/research-javascript-test-smells/repositories/bootstrap-vue-dev/src/components/form-timepicker/form-timepicker.spec.js,Duplicate Assert,"{'line': 198, 'column': 4, 'index': 6501}","  196 |     $label = wrapper.find('label.form-control')
  197 |     expect($label.exists()).toBe(true)
> 198 |     expect($label.text()).not.toContain('No time selected')
      |    ^ Duplicate Assert
  199 |     expect($label.text()).not.toContain('foobar')
  200 |
  201 |     wrapper.destroy()"
/home/gabriel/Disk/Research/research-javascript-test-smells/repositories/bootstrap-vue-dev/src/components/form-timepicker/form-timepicker.spec.js,Duplicate Assert,"{'line': 198, 'column': 4, 'index': 6501}","  196 |     $label = wrapper.find('label.form-control')
  197 |     expect($label.exists()).toBe(true)
> 198 |     expect($label.text()).not.toContain('No time selected')
      |    ^ Duplicate Assert
  199 |     expect($label.text()).not.toContain('foobar')
  200 |
  201 |     wrapper.destroy()"
/home/gabriel/Disk/Research/research-javascript-test-smells/repositories/bootstrap-vue-dev/src/components/form-timepicker/form-timepicker.spec.js,Duplicate Assert,"{'line': 199, 'column': 4, 'index': 6561}","  197 |     expect($label.exists()).toBe(true)
  198 |     expect($label.text()).not.toContain('No time selected')
> 199 |     expect($label.text()).not.toContain('foobar')
      |    ^ Duplicate Assert
  200 |
  201 |     wrapper.destroy()
  202 |   })"
/home/gabriel/Disk/Research/research-javascript-test-smells/repositories/bootstrap-vue-dev/src/components/form-timepicker/form-timepicker.spec.js,Duplicate Assert,"{'line': 222, 'column': 4, 'index': 7136}","  220 |     expect($toggle.exists()).toBe(true)
  221 |     expect($toggle.element.tagName).toBe('BUTTON')
> 222 |     expect(document.activeElement).not.toBe($toggle.element)
      |    ^ Duplicate Assert
  223 |
  224 |     wrapper.vm.focus()
  225 |     await waitNT(wrapper.vm)"
/home/gabriel/Disk/Research/research-javascript-test-smells/repositories/bootstrap-vue-dev/src/components/form-timepicker/form-timepicker.spec.js,Duplicate Assert,"{'line': 222, 'column': 4, 'index': 7136}","  220 |     expect($toggle.exists()).toBe(true)
  221 |     expect($toggle.element.tagName).toBe('BUTTON')
> 222 |     expect(document.activeElement).not.toBe($toggle.element)
      |    ^ Duplicate Assert
  223 |
  224 |     wrapper.vm.focus()
  225 |     await waitNT(wrapper.vm)"
/home/gabriel/Disk/Research/research-javascript-test-smells/repositories/bootstrap-vue-dev/src/components/form-timepicker/form-timepicker.spec.js,Duplicate Assert,"{'line': 228, 'column': 4, 'index': 7271}","  226 |     await waitRAF()
  227 |
> 228 |     expect(document.activeElement).toBe($toggle.element)
      |    ^ Duplicate Assert
  229 |
  230 |     wrapper.vm.blur()
  231 |     await waitNT(wrapper.vm)"
/home/gabriel/Disk/Research/research-javascript-test-smells/repositories/bootstrap-vue-dev/src/components/form-timepicker/form-timepicker.spec.js,Duplicate Assert,"{'line': 234, 'column': 4, 'index': 7401}","  232 |     await waitRAF()
  233 |
> 234 |     expect(document.activeElement).not.toBe($toggle.element)
      |    ^ Duplicate Assert
  235 |
  236 |     wrapper.destroy()
  237 |   })"
/home/gabriel/Disk/Research/research-javascript-test-smells/repositories/bootstrap-vue-dev/src/components/form-timepicker/form-timepicker.spec.js,Duplicate Assert,"{'line': 234, 'column': 4, 'index': 7401}","  232 |     await waitRAF()
  233 |
> 234 |     expect(document.activeElement).not.toBe($toggle.element)
      |    ^ Duplicate Assert
  235 |
  236 |     wrapper.destroy()
  237 |   })"
/home/gabriel/Disk/Research/research-javascript-test-smells/repositories/bootstrap-vue-dev/src/components/form-timepicker/form-timepicker.spec.js,Duplicate Assert,"{'line': 259, 'column': 4, 'index': 8039}","  257 |     expect($toggle.exists()).toBe(true)
  258 |     expect($toggle.element.tagName).toBe('BUTTON')
> 259 |     expect($toggle.find('svg.bi-clock').exists()).toBe(true)
      |    ^ Duplicate Assert
  260 |     expect($toggle.find('svg.bi-clock-fill').exists()).toBe(false)
  261 |
  262 |     await $toggle.trigger('mouseenter')"
/home/gabriel/Disk/Research/research-javascript-test-smells/repositories/bootstrap-vue-dev/src/components/form-timepicker/form-timepicker.spec.js,Duplicate Assert,"{'line': 259, 'column': 4, 'index': 8039}","  257 |     expect($toggle.exists()).toBe(true)
  258 |     expect($toggle.element.tagName).toBe('BUTTON')
> 259 |     expect($toggle.find('svg.bi-clock').exists()).toBe(true)
      |    ^ Duplicate Assert
  260 |     expect($toggle.find('svg.bi-clock-fill').exists()).toBe(false)
  261 |
  262 |     await $toggle.trigger('mouseenter')"
/home/gabriel/Disk/Research/research-javascript-test-smells/repositories/bootstrap-vue-dev/src/components/form-timepicker/form-timepicker.spec.js,Duplicate Assert,"{'line': 260, 'column': 4, 'index': 8100}","  258 |     expect($toggle.element.tagName).toBe('BUTTON')
  259 |     expect($toggle.find('svg.bi-clock').exists()).toBe(true)
> 260 |     expect($toggle.find('svg.bi-clock-fill').exists()).toBe(false)
      |    ^ Duplicate Assert
  261 |
  262 |     await $toggle.trigger('mouseenter')
  263 |     expect($toggle.find('svg.bi-clock').exists()).toBe(false)"
/home/gabriel/Disk/Research/research-javascript-test-smells/repositories/bootstrap-vue-dev/src/components/form-timepicker/form-timepicker.spec.js,Duplicate Assert,"{'line': 260, 'column': 4, 'index': 8100}","  258 |     expect($toggle.element.tagName).toBe('BUTTON')
  259 |     expect($toggle.find('svg.bi-clock').exists()).toBe(true)
> 260 |     expect($toggle.find('svg.bi-clock-fill').exists()).toBe(false)
      |    ^ Duplicate Assert
  261 |
  262 |     await $toggle.trigger('mouseenter')
  263 |     expect($toggle.find('svg.bi-clock').exists()).toBe(false)"
/home/gabriel/Disk/Research/research-javascript-test-smells/repositories/bootstrap-vue-dev/src/components/form-timepicker/form-timepicker.spec.js,Duplicate Assert,"{'line': 263, 'column': 4, 'index': 8208}","  261 |
  262 |     await $toggle.trigger('mouseenter')
> 263 |     expect($toggle.find('svg.bi-clock').exists()).toBe(false)
      |    ^ Duplicate Assert
  264 |     expect($toggle.find('svg.bi-clock-fill').exists()).toBe(true)
  265 |
  266 |     await $toggle.trigger('mouseleave')"
/home/gabriel/Disk/Research/research-javascript-test-smells/repositories/bootstrap-vue-dev/src/components/form-timepicker/form-timepicker.spec.js,Duplicate Assert,"{'line': 263, 'column': 4, 'index': 8208}","  261 |
  262 |     await $toggle.trigger('mouseenter')
> 263 |     expect($toggle.find('svg.bi-clock').exists()).toBe(false)
      |    ^ Duplicate Assert
  264 |     expect($toggle.find('svg.bi-clock-fill').exists()).toBe(true)
  265 |
  266 |     await $toggle.trigger('mouseleave')"
/home/gabriel/Disk/Research/research-javascript-test-smells/repositories/bootstrap-vue-dev/src/components/form-timepicker/form-timepicker.spec.js,Duplicate Assert,"{'line': 264, 'column': 4, 'index': 8270}","  262 |     await $toggle.trigger('mouseenter')
  263 |     expect($toggle.find('svg.bi-clock').exists()).toBe(false)
> 264 |     expect($toggle.find('svg.bi-clock-fill').exists()).toBe(true)
      |    ^ Duplicate Assert
  265 |
  266 |     await $toggle.trigger('mouseleave')
  267 |     expect($toggle.find('svg.bi-clock').exists()).toBe(true)"
/home/gabriel/Disk/Research/research-javascript-test-smells/repositories/bootstrap-vue-dev/src/components/form-timepicker/form-timepicker.spec.js,Duplicate Assert,"{'line': 264, 'column': 4, 'index': 8270}","  262 |     await $toggle.trigger('mouseenter')
  263 |     expect($toggle.find('svg.bi-clock').exists()).toBe(false)
> 264 |     expect($toggle.find('svg.bi-clock-fill').exists()).toBe(true)
      |    ^ Duplicate Assert
  265 |
  266 |     await $toggle.trigger('mouseleave')
  267 |     expect($toggle.find('svg.bi-clock').exists()).toBe(true)"
/home/gabriel/Disk/Research/research-javascript-test-smells/repositories/bootstrap-vue-dev/src/components/form-timepicker/form-timepicker.spec.js,Duplicate Assert,"{'line': 267, 'column': 4, 'index': 8377}","  265 |
  266 |     await $toggle.trigger('mouseleave')
> 267 |     expect($toggle.find('svg.bi-clock').exists()).toBe(true)
      |    ^ Duplicate Assert
  268 |     expect($toggle.find('svg.bi-clock-fill').exists()).toBe(false)
  269 |
  270 |     await $label.trigger('mouseenter')"
/home/gabriel/Disk/Research/research-javascript-test-smells/repositories/bootstrap-vue-dev/src/components/form-timepicker/form-timepicker.spec.js,Duplicate Assert,"{'line': 267, 'column': 4, 'index': 8377}","  265 |
  266 |     await $toggle.trigger('mouseleave')
> 267 |     expect($toggle.find('svg.bi-clock').exists()).toBe(true)
      |    ^ Duplicate Assert
  268 |     expect($toggle.find('svg.bi-clock-fill').exists()).toBe(false)
  269 |
  270 |     await $label.trigger('mouseenter')"
/home/gabriel/Disk/Research/research-javascript-test-smells/repositories/bootstrap-vue-dev/src/components/form-timepicker/form-timepicker.spec.js,Duplicate Assert,"{'line': 268, 'column': 4, 'index': 8438}","  266 |     await $toggle.trigger('mouseleave')
  267 |     expect($toggle.find('svg.bi-clock').exists()).toBe(true)
> 268 |     expect($toggle.find('svg.bi-clock-fill').exists()).toBe(false)
      |    ^ Duplicate Assert
  269 |
  270 |     await $label.trigger('mouseenter')
  271 |     expect($toggle.find('svg.bi-clock').exists()).toBe(false)"
/home/gabriel/Disk/Research/research-javascript-test-smells/repositories/bootstrap-vue-dev/src/components/form-timepicker/form-timepicker.spec.js,Duplicate Assert,"{'line': 268, 'column': 4, 'index': 8438}","  266 |     await $toggle.trigger('mouseleave')
  267 |     expect($toggle.find('svg.bi-clock').exists()).toBe(true)
> 268 |     expect($toggle.find('svg.bi-clock-fill').exists()).toBe(false)
      |    ^ Duplicate Assert
  269 |
  270 |     await $label.trigger('mouseenter')
  271 |     expect($toggle.find('svg.bi-clock').exists()).toBe(false)"
/home/gabriel/Disk/Research/research-javascript-test-smells/repositories/bootstrap-vue-dev/src/components/form-timepicker/form-timepicker.spec.js,Duplicate Assert,"{'line': 271, 'column': 4, 'index': 8545}","  269 |
  270 |     await $label.trigger('mouseenter')
> 271 |     expect($toggle.find('svg.bi-clock').exists()).toBe(false)
      |    ^ Duplicate Assert
  272 |     expect($toggle.find('svg.bi-clock-fill').exists()).toBe(true)
  273 |
  274 |     await $label.trigger('mouseleave')"
/home/gabriel/Disk/Research/research-javascript-test-smells/repositories/bootstrap-vue-dev/src/components/form-timepicker/form-timepicker.spec.js,Duplicate Assert,"{'line': 271, 'column': 4, 'index': 8545}","  269 |
  270 |     await $label.trigger('mouseenter')
> 271 |     expect($toggle.find('svg.bi-clock').exists()).toBe(false)
      |    ^ Duplicate Assert
  272 |     expect($toggle.find('svg.bi-clock-fill').exists()).toBe(true)
  273 |
  274 |     await $label.trigger('mouseleave')"
/home/gabriel/Disk/Research/research-javascript-test-smells/repositories/bootstrap-vue-dev/src/components/form-timepicker/form-timepicker.spec.js,Duplicate Assert,"{'line': 272, 'column': 4, 'index': 8607}","  270 |     await $label.trigger('mouseenter')
  271 |     expect($toggle.find('svg.bi-clock').exists()).toBe(false)
> 272 |     expect($toggle.find('svg.bi-clock-fill').exists()).toBe(true)
      |    ^ Duplicate Assert
  273 |
  274 |     await $label.trigger('mouseleave')
  275 |     expect($toggle.find('svg.bi-clock').exists()).toBe(true)"
/home/gabriel/Disk/Research/research-javascript-test-smells/repositories/bootstrap-vue-dev/src/components/form-timepicker/form-timepicker.spec.js,Duplicate Assert,"{'line': 272, 'column': 4, 'index': 8607}","  270 |     await $label.trigger('mouseenter')
  271 |     expect($toggle.find('svg.bi-clock').exists()).toBe(false)
> 272 |     expect($toggle.find('svg.bi-clock-fill').exists()).toBe(true)
      |    ^ Duplicate Assert
  273 |
  274 |     await $label.trigger('mouseleave')
  275 |     expect($toggle.find('svg.bi-clock').exists()).toBe(true)"
/home/gabriel/Disk/Research/research-javascript-test-smells/repositories/bootstrap-vue-dev/src/components/form-timepicker/form-timepicker.spec.js,Duplicate Assert,"{'line': 275, 'column': 4, 'index': 8713}","  273 |
  274 |     await $label.trigger('mouseleave')
> 275 |     expect($toggle.find('svg.bi-clock').exists()).toBe(true)
      |    ^ Duplicate Assert
  276 |     expect($toggle.find('svg.bi-clock-fill').exists()).toBe(false)
  277 |
  278 |     wrapper.destroy()"
/home/gabriel/Disk/Research/research-javascript-test-smells/repositories/bootstrap-vue-dev/src/components/form-timepicker/form-timepicker.spec.js,Duplicate Assert,"{'line': 275, 'column': 4, 'index': 8713}","  273 |
  274 |     await $label.trigger('mouseleave')
> 275 |     expect($toggle.find('svg.bi-clock').exists()).toBe(true)
      |    ^ Duplicate Assert
  276 |     expect($toggle.find('svg.bi-clock-fill').exists()).toBe(false)
  277 |
  278 |     wrapper.destroy()"
/home/gabriel/Disk/Research/research-javascript-test-smells/repositories/bootstrap-vue-dev/src/components/form-timepicker/form-timepicker.spec.js,Duplicate Assert,"{'line': 276, 'column': 4, 'index': 8774}","  274 |     await $label.trigger('mouseleave')
  275 |     expect($toggle.find('svg.bi-clock').exists()).toBe(true)
> 276 |     expect($toggle.find('svg.bi-clock-fill').exists()).toBe(false)
      |    ^ Duplicate Assert
  277 |
  278 |     wrapper.destroy()
  279 |   })"
/home/gabriel/Disk/Research/research-javascript-test-smells/repositories/bootstrap-vue-dev/src/components/form-timepicker/form-timepicker.spec.js,Duplicate Assert,"{'line': 276, 'column': 4, 'index': 8774}","  274 |     await $label.trigger('mouseleave')
  275 |     expect($toggle.find('svg.bi-clock').exists()).toBe(true)
> 276 |     expect($toggle.find('svg.bi-clock-fill').exists()).toBe(false)
      |    ^ Duplicate Assert
  277 |
  278 |     wrapper.destroy()
  279 |   })"
/home/gabriel/Disk/Research/research-javascript-test-smells/repositories/bootstrap-vue-dev/src/components/form-timepicker/form-timepicker.spec.js,Duplicate Assert,"{'line': 302, 'column': 4, 'index': 9472}","  300 |     const $dropdownMenu = wrapper.find('.dropdown-menu')
  301 |     expect($dropdownMenu.exists()).toBe(true)
> 302 |     expect($dropdownMenu.classes()).not.toContain('show')
      |    ^ Duplicate Assert
  303 |
  304 |     await $toggle.trigger('click')
  305 |     await waitRAF()"
/home/gabriel/Disk/Research/research-javascript-test-smells/repositories/bootstrap-vue-dev/src/components/form-timepicker/form-timepicker.spec.js,Duplicate Assert,"{'line': 302, 'column': 4, 'index': 9472}","  300 |     const $dropdownMenu = wrapper.find('.dropdown-menu')
  301 |     expect($dropdownMenu.exists()).toBe(true)
> 302 |     expect($dropdownMenu.classes()).not.toContain('show')
      |    ^ Duplicate Assert
  303 |
  304 |     await $toggle.trigger('click')
  305 |     await waitRAF()"
/home/gabriel/Disk/Research/research-javascript-test-smells/repositories/bootstrap-vue-dev/src/components/form-timepicker/form-timepicker.spec.js,Duplicate Assert,"{'line': 307, 'column': 4, 'index': 9606}","  305 |     await waitRAF()
  306 |     await waitRAF()
> 307 |     expect($dropdownMenu.classes()).toContain('show')
      |    ^ Duplicate Assert
  308 |
  309 |     await $toggle.trigger('click')
  310 |     await waitRAF()"
/home/gabriel/Disk/Research/research-javascript-test-smells/repositories/bootstrap-vue-dev/src/components/form-timepicker/form-timepicker.spec.js,Duplicate Assert,"{'line': 312, 'column': 4, 'index': 9736}","  310 |     await waitRAF()
  311 |     await waitRAF()
> 312 |     expect($dropdownMenu.classes()).not.toContain('show')
      |    ^ Duplicate Assert
  313 |
  314 |     wrapper.destroy()
  315 |   })"
/home/gabriel/Disk/Research/research-javascript-test-smells/repositories/bootstrap-vue-dev/src/components/form-timepicker/form-timepicker.spec.js,Duplicate Assert,"{'line': 312, 'column': 4, 'index': 9736}","  310 |     await waitRAF()
  311 |     await waitRAF()
> 312 |     expect($dropdownMenu.classes()).not.toContain('show')
      |    ^ Duplicate Assert
  313 |
  314 |     wrapper.destroy()
  315 |   })"
/home/gabriel/Disk/Research/research-javascript-test-smells/repositories/bootstrap-vue-dev/src/components/form-timepicker/form-timepicker.spec.js,Duplicate Assert,"{'line': 346, 'column': 4, 'index': 10623}","  344 |     expect($toggle.element.tagName).toBe('BUTTON')
  345 |     expect($dropdownMenu.exists()).toBe(true)
> 346 |     expect($dropdownMenu.classes()).not.toContain('show')
      |    ^ Duplicate Assert
  347 |     expect(wrapper.find('.b-calendar').exists()).toBe(false)
  348 |
  349 |     await $toggle.trigger('click')"
/home/gabriel/Disk/Research/research-javascript-test-smells/repositories/bootstrap-vue-dev/src/components/form-timepicker/form-timepicker.spec.js,Duplicate Assert,"{'line': 346, 'column': 4, 'index': 10623}","  344 |     expect($toggle.element.tagName).toBe('BUTTON')
  345 |     expect($dropdownMenu.exists()).toBe(true)
> 346 |     expect($dropdownMenu.classes()).not.toContain('show')
      |    ^ Duplicate Assert
  347 |     expect(wrapper.find('.b-calendar').exists()).toBe(false)
  348 |
  349 |     await $toggle.trigger('click')"
/home/gabriel/Disk/Research/research-javascript-test-smells/repositories/bootstrap-vue-dev/src/components/form-timepicker/form-timepicker.spec.js,Duplicate Assert,"{'line': 352, 'column': 4, 'index': 10818}","  350 |     await waitRAF()
  351 |     await waitRAF()
> 352 |     expect($dropdownMenu.classes()).toContain('show')
      |    ^ Duplicate Assert
  353 |
  354 |     const $value = wrapper.find('input[type=""hidden""]')
  355 |     expect($value.exists()).toBe(true)"
/home/gabriel/Disk/Research/research-javascript-test-smells/repositories/bootstrap-vue-dev/src/components/form-timepicker/form-timepicker.spec.js,Duplicate Assert,"{'line': 352, 'column': 4, 'index': 10818}","  350 |     await waitRAF()
  351 |     await waitRAF()
> 352 |     expect($dropdownMenu.classes()).toContain('show')
      |    ^ Duplicate Assert
  353 |
  354 |     const $value = wrapper.find('input[type=""hidden""]')
  355 |     expect($value.exists()).toBe(true)"
/home/gabriel/Disk/Research/research-javascript-test-smells/repositories/bootstrap-vue-dev/src/components/form-timepicker/form-timepicker.spec.js,Duplicate Assert,"{'line': 357, 'column': 4, 'index': 11021}","  355 |     expect($value.exists()).toBe(true)
  356 |     expect($value.attributes('name')).toBe('foobar')
> 357 |     expect($value.attributes('value')).toBe('01:02:03')
      |    ^ Duplicate Assert
  358 |
  359 |     const $footer = wrapper.find('.b-time > footer')
  360 |     expect($footer.exists()).toBe(true)"
/home/gabriel/Disk/Research/research-javascript-test-smells/repositories/bootstrap-vue-dev/src/components/form-timepicker/form-timepicker.spec.js,Duplicate Assert,"{'line': 364, 'column': 4, 'index': 11218}","  362 |     let $buttons = $footer.findAll('button')
  363 |
> 364 |     expect($buttons.length).toBe(3)
      |    ^ Duplicate Assert
  365 |
  366 |     const $now = $buttons.at(0)
  367 |"
/home/gabriel/Disk/Research/research-javascript-test-smells/repositories/bootstrap-vue-dev/src/components/form-timepicker/form-timepicker.spec.js,Duplicate Assert,"{'line': 364, 'column': 4, 'index': 11218}","  362 |     let $buttons = $footer.findAll('button')
  363 |
> 364 |     expect($buttons.length).toBe(3)
      |    ^ Duplicate Assert
  365 |
  366 |     const $now = $buttons.at(0)
  367 |"
/home/gabriel/Disk/Research/research-javascript-test-smells/repositories/bootstrap-vue-dev/src/components/form-timepicker/form-timepicker.spec.js,Duplicate Assert,"{'line': 371, 'column': 4, 'index': 11360}","  369 |     await waitRAF()
  370 |     await waitRAF()
> 371 |     expect($dropdownMenu.classes()).not.toContain('show')
      |    ^ Duplicate Assert
  372 |     expect($value.attributes('value')).not.toBe('')
  373 |     expect(/^\d\d:\d\d:\d\d$/.test($value.attributes('value'))).toBe(true)
  374 |"
/home/gabriel/Disk/Research/research-javascript-test-smells/repositories/bootstrap-vue-dev/src/components/form-timepicker/form-timepicker.spec.js,Duplicate Assert,"{'line': 371, 'column': 4, 'index': 11360}","  369 |     await waitRAF()
  370 |     await waitRAF()
> 371 |     expect($dropdownMenu.classes()).not.toContain('show')
      |    ^ Duplicate Assert
  372 |     expect($value.attributes('value')).not.toBe('')
  373 |     expect(/^\d\d:\d\d:\d\d$/.test($value.attributes('value'))).toBe(true)
  374 |"
/home/gabriel/Disk/Research/research-javascript-test-smells/repositories/bootstrap-vue-dev/src/components/form-timepicker/form-timepicker.spec.js,Duplicate Assert,"{'line': 372, 'column': 4, 'index': 11418}","  370 |     await waitRAF()
  371 |     expect($dropdownMenu.classes()).not.toContain('show')
> 372 |     expect($value.attributes('value')).not.toBe('')
      |    ^ Duplicate Assert
  373 |     expect(/^\d\d:\d\d:\d\d$/.test($value.attributes('value'))).toBe(true)
  374 |
  375 |     // Open the popup again"
/home/gabriel/Disk/Research/research-javascript-test-smells/repositories/bootstrap-vue-dev/src/components/form-timepicker/form-timepicker.spec.js,Duplicate Assert,"{'line': 372, 'column': 4, 'index': 11418}","  370 |     await waitRAF()
  371 |     expect($dropdownMenu.classes()).not.toContain('show')
> 372 |     expect($value.attributes('value')).not.toBe('')
      |    ^ Duplicate Assert
  373 |     expect(/^\d\d:\d\d:\d\d$/.test($value.attributes('value'))).toBe(true)
  374 |
  375 |     // Open the popup again"
/home/gabriel/Disk/Research/research-javascript-test-smells/repositories/bootstrap-vue-dev/src/components/form-timepicker/form-timepicker.spec.js,Duplicate Assert,"{'line': 379, 'column': 4, 'index': 11649}","  377 |     await waitRAF()
  378 |     await waitRAF()
> 379 |     expect($dropdownMenu.classes()).toContain('show')
      |    ^ Duplicate Assert
  380 |     expect($value.attributes('value')).not.toBe('')
  381 |
  382 |     $buttons = wrapper.findAll('.b-time > footer button')"
/home/gabriel/Disk/Research/research-javascript-test-smells/repositories/bootstrap-vue-dev/src/components/form-timepicker/form-timepicker.spec.js,Duplicate Assert,"{'line': 379, 'column': 4, 'index': 11649}","  377 |     await waitRAF()
  378 |     await waitRAF()
> 379 |     expect($dropdownMenu.classes()).toContain('show')
      |    ^ Duplicate Assert
  380 |     expect($value.attributes('value')).not.toBe('')
  381 |
  382 |     $buttons = wrapper.findAll('.b-time > footer button')"
/home/gabriel/Disk/Research/research-javascript-test-smells/repositories/bootstrap-vue-dev/src/components/form-timepicker/form-timepicker.spec.js,Duplicate Assert,"{'line': 380, 'column': 4, 'index': 11703}","  378 |     await waitRAF()
  379 |     expect($dropdownMenu.classes()).toContain('show')
> 380 |     expect($value.attributes('value')).not.toBe('')
      |    ^ Duplicate Assert
  381 |
  382 |     $buttons = wrapper.findAll('.b-time > footer button')
  383 |     expect($buttons.length).toBe(3)"
/home/gabriel/Disk/Research/research-javascript-test-smells/repositories/bootstrap-vue-dev/src/components/form-timepicker/form-timepicker.spec.js,Duplicate Assert,"{'line': 380, 'column': 4, 'index': 11703}","  378 |     await waitRAF()
  379 |     expect($dropdownMenu.classes()).toContain('show')
> 380 |     expect($value.attributes('value')).not.toBe('')
      |    ^ Duplicate Assert
  381 |
  382 |     $buttons = wrapper.findAll('.b-time > footer button')
  383 |     expect($buttons.length).toBe(3)"
/home/gabriel/Disk/Research/research-javascript-test-smells/repositories/bootstrap-vue-dev/src/components/form-timepicker/form-timepicker.spec.js,Duplicate Assert,"{'line': 383, 'column': 4, 'index': 11814}","  381 |
  382 |     $buttons = wrapper.findAll('.b-time > footer button')
> 383 |     expect($buttons.length).toBe(3)
      |    ^ Duplicate Assert
  384 |     const $reset = $buttons.at(1)
  385 |
  386 |     await $reset.trigger('click')"
/home/gabriel/Disk/Research/research-javascript-test-smells/repositories/bootstrap-vue-dev/src/components/form-timepicker/form-timepicker.spec.js,Duplicate Assert,"{'line': 383, 'column': 4, 'index': 11814}","  381 |
  382 |     $buttons = wrapper.findAll('.b-time > footer button')
> 383 |     expect($buttons.length).toBe(3)
      |    ^ Duplicate Assert
  384 |     const $reset = $buttons.at(1)
  385 |
  386 |     await $reset.trigger('click')"
/home/gabriel/Disk/Research/research-javascript-test-smells/repositories/bootstrap-vue-dev/src/components/form-timepicker/form-timepicker.spec.js,Duplicate Assert,"{'line': 389, 'column': 4, 'index': 11959}","  387 |     await waitRAF()
  388 |     await waitRAF()
> 389 |     expect($dropdownMenu.classes()).not.toContain('show')
      |    ^ Duplicate Assert
  390 |     expect($value.attributes('value')).toBe('')
  391 |
  392 |     // Open the popup again"
/home/gabriel/Disk/Research/research-javascript-test-smells/repositories/bootstrap-vue-dev/src/components/form-timepicker/form-timepicker.spec.js,Duplicate Assert,"{'line': 389, 'column': 4, 'index': 11959}","  387 |     await waitRAF()
  388 |     await waitRAF()
> 389 |     expect($dropdownMenu.classes()).not.toContain('show')
      |    ^ Duplicate Assert
  390 |     expect($value.attributes('value')).toBe('')
  391 |
  392 |     // Open the popup again"
/home/gabriel/Disk/Research/research-javascript-test-smells/repositories/bootstrap-vue-dev/src/components/form-timepicker/form-timepicker.spec.js,Duplicate Assert,"{'line': 390, 'column': 4, 'index': 12017}","  388 |     await waitRAF()
  389 |     expect($dropdownMenu.classes()).not.toContain('show')
> 390 |     expect($value.attributes('value')).toBe('')
      |    ^ Duplicate Assert
  391 |
  392 |     // Open the popup again
  393 |     await $toggle.trigger('click')"
/home/gabriel/Disk/Research/research-javascript-test-smells/repositories/bootstrap-vue-dev/src/components/form-timepicker/form-timepicker.spec.js,Duplicate Assert,"{'line': 390, 'column': 4, 'index': 12017}","  388 |     await waitRAF()
  389 |     expect($dropdownMenu.classes()).not.toContain('show')
> 390 |     expect($value.attributes('value')).toBe('')
      |    ^ Duplicate Assert
  391 |
  392 |     // Open the popup again
  393 |     await $toggle.trigger('click')"
/home/gabriel/Disk/Research/research-javascript-test-smells/repositories/bootstrap-vue-dev/src/components/form-timepicker/form-timepicker.spec.js,Duplicate Assert,"{'line': 396, 'column': 4, 'index': 12169}","  394 |     await waitRAF()
  395 |     await waitRAF()
> 396 |     expect($dropdownMenu.classes()).toContain('show')
      |    ^ Duplicate Assert
  397 |     expect($value.attributes('value')).toBe('')
  398 |
  399 |     $buttons = wrapper.findAll('.b-time > footer button')"
/home/gabriel/Disk/Research/research-javascript-test-smells/repositories/bootstrap-vue-dev/src/components/form-timepicker/form-timepicker.spec.js,Duplicate Assert,"{'line': 396, 'column': 4, 'index': 12169}","  394 |     await waitRAF()
  395 |     await waitRAF()
> 396 |     expect($dropdownMenu.classes()).toContain('show')
      |    ^ Duplicate Assert
  397 |     expect($value.attributes('value')).toBe('')
  398 |
  399 |     $buttons = wrapper.findAll('.b-time > footer button')"
/home/gabriel/Disk/Research/research-javascript-test-smells/repositories/bootstrap-vue-dev/src/components/form-timepicker/form-timepicker.spec.js,Duplicate Assert,"{'line': 397, 'column': 4, 'index': 12223}","  395 |     await waitRAF()
  396 |     expect($dropdownMenu.classes()).toContain('show')
> 397 |     expect($value.attributes('value')).toBe('')
      |    ^ Duplicate Assert
  398 |
  399 |     $buttons = wrapper.findAll('.b-time > footer button')
  400 |     expect($buttons.length).toBe(3)"
/home/gabriel/Disk/Research/research-javascript-test-smells/repositories/bootstrap-vue-dev/src/components/form-timepicker/form-timepicker.spec.js,Duplicate Assert,"{'line': 397, 'column': 4, 'index': 12223}","  395 |     await waitRAF()
  396 |     expect($dropdownMenu.classes()).toContain('show')
> 397 |     expect($value.attributes('value')).toBe('')
      |    ^ Duplicate Assert
  398 |
  399 |     $buttons = wrapper.findAll('.b-time > footer button')
  400 |     expect($buttons.length).toBe(3)"
/home/gabriel/Disk/Research/research-javascript-test-smells/repositories/bootstrap-vue-dev/src/components/form-timepicker/form-timepicker.spec.js,Duplicate Assert,"{'line': 400, 'column': 4, 'index': 12330}","  398 |
  399 |     $buttons = wrapper.findAll('.b-time > footer button')
> 400 |     expect($buttons.length).toBe(3)
      |    ^ Duplicate Assert
  401 |     const $close = $buttons.at(2)
  402 |
  403 |     await $close.trigger('click')"
/home/gabriel/Disk/Research/research-javascript-test-smells/repositories/bootstrap-vue-dev/src/components/form-timepicker/form-timepicker.spec.js,Duplicate Assert,"{'line': 400, 'column': 4, 'index': 12330}","  398 |
  399 |     $buttons = wrapper.findAll('.b-time > footer button')
> 400 |     expect($buttons.length).toBe(3)
      |    ^ Duplicate Assert
  401 |     const $close = $buttons.at(2)
  402 |
  403 |     await $close.trigger('click')"
/home/gabriel/Disk/Research/research-javascript-test-smells/repositories/bootstrap-vue-dev/src/components/form-timepicker/form-timepicker.spec.js,Duplicate Assert,"{'line': 406, 'column': 4, 'index': 12475}","  404 |     await waitRAF()
  405 |     await waitRAF()
> 406 |     expect($dropdownMenu.classes()).not.toContain('show')
      |    ^ Duplicate Assert
  407 |     expect($value.attributes('value')).toBe('')
  408 |
  409 |     wrapper.destroy()"
/home/gabriel/Disk/Research/research-javascript-test-smells/repositories/bootstrap-vue-dev/src/components/form-timepicker/form-timepicker.spec.js,Duplicate Assert,"{'line': 406, 'column': 4, 'index': 12475}","  404 |     await waitRAF()
  405 |     await waitRAF()
> 406 |     expect($dropdownMenu.classes()).not.toContain('show')
      |    ^ Duplicate Assert
  407 |     expect($value.attributes('value')).toBe('')
  408 |
  409 |     wrapper.destroy()"
/home/gabriel/Disk/Research/research-javascript-test-smells/repositories/bootstrap-vue-dev/src/components/form-timepicker/form-timepicker.spec.js,Duplicate Assert,"{'line': 407, 'column': 4, 'index': 12533}","  405 |     await waitRAF()
  406 |     expect($dropdownMenu.classes()).not.toContain('show')
> 407 |     expect($value.attributes('value')).toBe('')
      |    ^ Duplicate Assert
  408 |
  409 |     wrapper.destroy()
  410 |   })"
/home/gabriel/Disk/Research/research-javascript-test-smells/repositories/bootstrap-vue-dev/src/components/form-timepicker/form-timepicker.spec.js,Duplicate Assert,"{'line': 407, 'column': 4, 'index': 12533}","  405 |     await waitRAF()
  406 |     expect($dropdownMenu.classes()).not.toContain('show')
> 407 |     expect($value.attributes('value')).toBe('')
      |    ^ Duplicate Assert
  408 |
  409 |     wrapper.destroy()
  410 |   })"
/home/gabriel/Disk/Research/research-javascript-test-smells/repositories/bootstrap-vue-dev/src/components/form-timepicker/form-timepicker.spec.js,Magic Number,"{'line': 105, 'column': 41, 'index': 3850}","  103 |     expect($label.attributes('for')).toEqual('test-button-only')
  104 |     expect($label.text()).toContain('No time selected')
> 105 |     expect($label.classes().length).toBe(1)
      |                                         ^ Magic Number
  106 |     expect($label.classes()).toContain('sr-only')
  107 |
  108 |     expect(wrapper.find('input[type=""hidden""]').exists()).toBe(false)"
/home/gabriel/Disk/Research/research-javascript-test-smells/repositories/bootstrap-vue-dev/src/components/form-timepicker/form-timepicker.spec.js,Magic Number,"{'line': 364, 'column': 33, 'index': 11247}","  362 |     let $buttons = $footer.findAll('button')
  363 |
> 364 |     expect($buttons.length).toBe(3)
      |                                 ^ Magic Number
  365 |
  366 |     const $now = $buttons.at(0)
  367 |"
/home/gabriel/Disk/Research/research-javascript-test-smells/repositories/bootstrap-vue-dev/src/components/form-timepicker/form-timepicker.spec.js,Magic Number,"{'line': 383, 'column': 33, 'index': 11843}","  381 |
  382 |     $buttons = wrapper.findAll('.b-time > footer button')
> 383 |     expect($buttons.length).toBe(3)
      |                                 ^ Magic Number
  384 |     const $reset = $buttons.at(1)
  385 |
  386 |     await $reset.trigger('click')"
/home/gabriel/Disk/Research/research-javascript-test-smells/repositories/bootstrap-vue-dev/src/components/form-timepicker/form-timepicker.spec.js,Magic Number,"{'line': 400, 'column': 33, 'index': 12359}","  398 |
  399 |     $buttons = wrapper.findAll('.b-time > footer button')
> 400 |     expect($buttons.length).toBe(3)
      |                                 ^ Magic Number
  401 |     const $close = $buttons.at(2)
  402 |
  403 |     await $close.trigger('click')"
/home/gabriel/Disk/Research/research-javascript-test-smells/repositories/bootstrap-vue-dev/src/components/form-textarea/form-textarea.spec.js,Duplicate Assert,"{'line': 55, 'column': 4, 'index': 1382}","  53 |       }
  54 |     })
> 55 |     expect(wrapper.attributes('foo')).toBeDefined()
     |    ^ Duplicate Assert
  56 |     expect(wrapper.attributes('foo')).toBe('bar')
  57 |
  58 |     wrapper.destroy()"
/home/gabriel/Disk/Research/research-javascript-test-smells/repositories/bootstrap-vue-dev/src/components/form-textarea/form-textarea.spec.js,Duplicate Assert,"{'line': 56, 'column': 4, 'index': 1434}","  54 |     })
  55 |     expect(wrapper.attributes('foo')).toBeDefined()
> 56 |     expect(wrapper.attributes('foo')).toBe('bar')
     |    ^ Duplicate Assert
  57 |
  58 |     wrapper.destroy()
  59 |   })"
/home/gabriel/Disk/Research/research-javascript-test-smells/repositories/bootstrap-vue-dev/src/components/form-textarea/form-textarea.spec.js,Duplicate Assert,"{'line': 77, 'column': 4, 'index': 2012}","  75 |   it('does not have size classes by default', async () => {
  76 |     const wrapper = mount(BFormTextarea)
> 77 |     expect(wrapper.classes()).not.toContain('form-control-sm')
     |    ^ Duplicate Assert
  78 |     expect(wrapper.classes()).not.toContain('form-control-lg')
  79 |
  80 |     wrapper.destroy()"
/home/gabriel/Disk/Research/research-javascript-test-smells/repositories/bootstrap-vue-dev/src/components/form-textarea/form-textarea.spec.js,Duplicate Assert,"{'line': 78, 'column': 4, 'index': 2075}","  76 |     const wrapper = mount(BFormTextarea)
  77 |     expect(wrapper.classes()).not.toContain('form-control-sm')
> 78 |     expect(wrapper.classes()).not.toContain('form-control-lg')
     |    ^ Duplicate Assert
  79 |
  80 |     wrapper.destroy()
  81 |   })"
/home/gabriel/Disk/Research/research-javascript-test-smells/repositories/bootstrap-vue-dev/src/components/form-textarea/form-textarea.spec.js,Duplicate Assert,"{'line': 89, 'column': 4, 'index': 2322}","  87 |       }
  88 |     })
> 89 |     expect(wrapper.classes()).toContain('form-control-sm')
     |    ^ Duplicate Assert
  90 |     await wrapper.setProps({ size: 'lg' })
  91 |     expect(wrapper.classes()).toContain('form-control-lg')
  92 |     await wrapper.setProps({ size: 'foobar' })"
/home/gabriel/Disk/Research/research-javascript-test-smells/repositories/bootstrap-vue-dev/src/components/form-textarea/form-textarea.spec.js,Duplicate Assert,"{'line': 91, 'column': 4, 'index': 2424}","  89 |     expect(wrapper.classes()).toContain('form-control-sm')
  90 |     await wrapper.setProps({ size: 'lg' })
> 91 |     expect(wrapper.classes()).toContain('form-control-lg')
     |    ^ Duplicate Assert
  92 |     await wrapper.setProps({ size: 'foobar' })
  93 |     expect(wrapper.classes()).toContain('form-control-foobar')
  94 |     await wrapper.setProps({ size: '' })"
/home/gabriel/Disk/Research/research-javascript-test-smells/repositories/bootstrap-vue-dev/src/components/form-textarea/form-textarea.spec.js,Duplicate Assert,"{'line': 93, 'column': 4, 'index': 2530}","  91 |     expect(wrapper.classes()).toContain('form-control-lg')
  92 |     await wrapper.setProps({ size: 'foobar' })
> 93 |     expect(wrapper.classes()).toContain('form-control-foobar')
     |    ^ Duplicate Assert
  94 |     await wrapper.setProps({ size: '' })
  95 |     expect(wrapper.classes()).not.toContain('form-control-')
  96 |"
/home/gabriel/Disk/Research/research-javascript-test-smells/repositories/bootstrap-vue-dev/src/components/form-textarea/form-textarea.spec.js,Duplicate Assert,"{'line': 95, 'column': 4, 'index': 2634}","  93 |     expect(wrapper.classes()).toContain('form-control-foobar')
  94 |     await wrapper.setProps({ size: '' })
> 95 |     expect(wrapper.classes()).not.toContain('form-control-')
     |    ^ Duplicate Assert
  96 |
  97 |     wrapper.destroy()
  98 |   })"
/home/gabriel/Disk/Research/research-javascript-test-smells/repositories/bootstrap-vue-dev/src/components/form-textarea/form-textarea.spec.js,Duplicate Assert,"{'line': 146, 'column': 4, 'index': 3853}","  144 |   it('does not have is-valid or is-invalid classes by default', async () => {
  145 |     const wrapper = mount(BFormTextarea)
> 146 |     expect(wrapper.classes()).not.toContain('is-valid')
      |    ^ Duplicate Assert
  147 |     expect(wrapper.classes()).not.toContain('is-invalid')
  148 |
  149 |     wrapper.destroy()"
/home/gabriel/Disk/Research/research-javascript-test-smells/repositories/bootstrap-vue-dev/src/components/form-textarea/form-textarea.spec.js,Duplicate Assert,"{'line': 147, 'column': 4, 'index': 3909}","  145 |     const wrapper = mount(BFormTextarea)
  146 |     expect(wrapper.classes()).not.toContain('is-valid')
> 147 |     expect(wrapper.classes()).not.toContain('is-invalid')
      |    ^ Duplicate Assert
  148 |
  149 |     wrapper.destroy()
  150 |   })"
/home/gabriel/Disk/Research/research-javascript-test-smells/repositories/bootstrap-vue-dev/src/components/form-textarea/form-textarea.spec.js,Duplicate Assert,"{'line': 158, 'column': 4, 'index': 4150}","  156 |       }
  157 |     })
> 158 |     expect(wrapper.classes()).toContain('is-valid')
      |    ^ Duplicate Assert
  159 |     expect(wrapper.classes()).not.toContain('is-invalid')
  160 |
  161 |     wrapper.destroy()"
/home/gabriel/Disk/Research/research-javascript-test-smells/repositories/bootstrap-vue-dev/src/components/form-textarea/form-textarea.spec.js,Duplicate Assert,"{'line': 159, 'column': 4, 'index': 4202}","  157 |     })
  158 |     expect(wrapper.classes()).toContain('is-valid')
> 159 |     expect(wrapper.classes()).not.toContain('is-invalid')
      |    ^ Duplicate Assert
  160 |
  161 |     wrapper.destroy()
  162 |   })"
/home/gabriel/Disk/Research/research-javascript-test-smells/repositories/bootstrap-vue-dev/src/components/form-textarea/form-textarea.spec.js,Duplicate Assert,"{'line': 170, 'column': 4, 'index': 4447}","  168 |       }
  169 |     })
> 170 |     expect(wrapper.classes()).toContain('is-invalid')
      |    ^ Duplicate Assert
  171 |     expect(wrapper.classes()).not.toContain('is-valid')
  172 |
  173 |     wrapper.destroy()"
/home/gabriel/Disk/Research/research-javascript-test-smells/repositories/bootstrap-vue-dev/src/components/form-textarea/form-textarea.spec.js,Duplicate Assert,"{'line': 171, 'column': 4, 'index': 4501}","  169 |     })
  170 |     expect(wrapper.classes()).toContain('is-invalid')
> 171 |     expect(wrapper.classes()).not.toContain('is-valid')
      |    ^ Duplicate Assert
  172 |
  173 |     wrapper.destroy()
  174 |   })"
/home/gabriel/Disk/Research/research-javascript-test-smells/repositories/bootstrap-vue-dev/src/components/form-textarea/form-textarea.spec.js,Duplicate Assert,"{'line': 211, 'column': 4, 'index': 5481}","  209 |       }
  210 |     })
> 211 |     expect(wrapper.attributes('aria-invalid')).toBe('true')
      |    ^ Duplicate Assert
  212 |     await wrapper.setProps({ ariaInvalid: 'true' })
  213 |     expect(wrapper.attributes('aria-invalid')).toBe('true')
  214 |"
/home/gabriel/Disk/Research/research-javascript-test-smells/repositories/bootstrap-vue-dev/src/components/form-textarea/form-textarea.spec.js,Duplicate Assert,"{'line': 211, 'column': 4, 'index': 5481}","  209 |       }
  210 |     })
> 211 |     expect(wrapper.attributes('aria-invalid')).toBe('true')
      |    ^ Duplicate Assert
  212 |     await wrapper.setProps({ ariaInvalid: 'true' })
  213 |     expect(wrapper.attributes('aria-invalid')).toBe('true')
  214 |"
/home/gabriel/Disk/Research/research-javascript-test-smells/repositories/bootstrap-vue-dev/src/components/form-textarea/form-textarea.spec.js,Duplicate Assert,"{'line': 213, 'column': 4, 'index': 5593}","  211 |     expect(wrapper.attributes('aria-invalid')).toBe('true')
  212 |     await wrapper.setProps({ ariaInvalid: 'true' })
> 213 |     expect(wrapper.attributes('aria-invalid')).toBe('true')
      |    ^ Duplicate Assert
  214 |
  215 |     wrapper.destroy()
  216 |   })"
/home/gabriel/Disk/Research/research-javascript-test-smells/repositories/bootstrap-vue-dev/src/components/form-textarea/form-textarea.spec.js,Duplicate Assert,"{'line': 213, 'column': 4, 'index': 5593}","  211 |     expect(wrapper.attributes('aria-invalid')).toBe('true')
  212 |     await wrapper.setProps({ ariaInvalid: 'true' })
> 213 |     expect(wrapper.attributes('aria-invalid')).toBe('true')
      |    ^ Duplicate Assert
  214 |
  215 |     wrapper.destroy()
  216 |   })"
/home/gabriel/Disk/Research/research-javascript-test-smells/repositories/bootstrap-vue-dev/src/components/form-textarea/form-textarea.spec.js,Duplicate Assert,"{'line': 287, 'column': 4, 'index': 7803}","  285 |     await wrapper.trigger('input')
  286 |     expect(wrapper.emitted('update')).toBeDefined()
> 287 |     expect(wrapper.emitted('update').length).toEqual(1)
      |    ^ Duplicate Assert
  288 |     expect(wrapper.emitted('update')[0][0]).toEqual('test')
  289 |
  290 |     await wrapper.trigger('change')"
/home/gabriel/Disk/Research/research-javascript-test-smells/repositories/bootstrap-vue-dev/src/components/form-textarea/form-textarea.spec.js,Duplicate Assert,"{'line': 287, 'column': 4, 'index': 7803}","  285 |     await wrapper.trigger('input')
  286 |     expect(wrapper.emitted('update')).toBeDefined()
> 287 |     expect(wrapper.emitted('update').length).toEqual(1)
      |    ^ Duplicate Assert
  288 |     expect(wrapper.emitted('update')[0][0]).toEqual('test')
  289 |
  290 |     await wrapper.trigger('change')"
/home/gabriel/Disk/Research/research-javascript-test-smells/repositories/bootstrap-vue-dev/src/components/form-textarea/form-textarea.spec.js,Duplicate Assert,"{'line': 291, 'column': 4, 'index': 7956}","  289 |
  290 |     await wrapper.trigger('change')
> 291 |     expect(wrapper.emitted('update').length).toEqual(1)
      |    ^ Duplicate Assert
  292 |
  293 |     wrapper.destroy()
  294 |   })"
/home/gabriel/Disk/Research/research-javascript-test-smells/repositories/bootstrap-vue-dev/src/components/form-textarea/form-textarea.spec.js,Duplicate Assert,"{'line': 291, 'column': 4, 'index': 7956}","  289 |
  290 |     await wrapper.trigger('change')
> 291 |     expect(wrapper.emitted('update').length).toEqual(1)
      |    ^ Duplicate Assert
  292 |
  293 |     wrapper.destroy()
  294 |   })"
/home/gabriel/Disk/Research/research-javascript-test-smells/repositories/bootstrap-vue-dev/src/components/form-textarea/form-textarea.spec.js,Duplicate Assert,"{'line': 302, 'column': 4, 'index': 8296}","  300 |     await wrapper.trigger('input')
  301 |     expect(wrapper.emitted('update')).toBeDefined()
> 302 |     expect(wrapper.emitted('update').length).toEqual(1)
      |    ^ Duplicate Assert
  303 |     expect(wrapper.emitted('update')[0][0]).toEqual('test')
  304 |
  305 |     wrapper.element.value = 'TEST'"
/home/gabriel/Disk/Research/research-javascript-test-smells/repositories/bootstrap-vue-dev/src/components/form-textarea/form-textarea.spec.js,Duplicate Assert,"{'line': 307, 'column': 4, 'index': 8484}","  305 |     wrapper.element.value = 'TEST'
  306 |     await wrapper.trigger('change')
> 307 |     expect(wrapper.emitted('update').length).toEqual(2)
      |    ^ Duplicate Assert
  308 |     expect(wrapper.emitted('update')[1][0]).toEqual('TEST')
  309 |
  310 |     wrapper.destroy()"
/home/gabriel/Disk/Research/research-javascript-test-smells/repositories/bootstrap-vue-dev/src/components/form-textarea/form-textarea.spec.js,Duplicate Assert,"{'line': 318, 'column': 4, 'index': 8789}","  316 |     })
  317 |
> 318 |     expect(wrapper.emitted('update')).toBeUndefined()
      |    ^ Duplicate Assert
  319 |     expect(wrapper.emitted('input')).toBeUndefined()
  320 |     expect(wrapper.emitted('change')).toBeUndefined()
  321 |"
/home/gabriel/Disk/Research/research-javascript-test-smells/repositories/bootstrap-vue-dev/src/components/form-textarea/form-textarea.spec.js,Duplicate Assert,"{'line': 318, 'column': 4, 'index': 8789}","  316 |     })
  317 |
> 318 |     expect(wrapper.emitted('update')).toBeUndefined()
      |    ^ Duplicate Assert
  319 |     expect(wrapper.emitted('input')).toBeUndefined()
  320 |     expect(wrapper.emitted('change')).toBeUndefined()
  321 |"
/home/gabriel/Disk/Research/research-javascript-test-smells/repositories/bootstrap-vue-dev/src/components/form-textarea/form-textarea.spec.js,Duplicate Assert,"{'line': 319, 'column': 4, 'index': 8843}","  317 |
  318 |     expect(wrapper.emitted('update')).toBeUndefined()
> 319 |     expect(wrapper.emitted('input')).toBeUndefined()
      |    ^ Duplicate Assert
  320 |     expect(wrapper.emitted('change')).toBeUndefined()
  321 |
  322 |     await wrapper.setProps({ value: 'test' })"
/home/gabriel/Disk/Research/research-javascript-test-smells/repositories/bootstrap-vue-dev/src/components/form-textarea/form-textarea.spec.js,Duplicate Assert,"{'line': 319, 'column': 4, 'index': 8843}","  317 |
  318 |     expect(wrapper.emitted('update')).toBeUndefined()
> 319 |     expect(wrapper.emitted('input')).toBeUndefined()
      |    ^ Duplicate Assert
  320 |     expect(wrapper.emitted('change')).toBeUndefined()
  321 |
  322 |     await wrapper.setProps({ value: 'test' })"
/home/gabriel/Disk/Research/research-javascript-test-smells/repositories/bootstrap-vue-dev/src/components/form-textarea/form-textarea.spec.js,Duplicate Assert,"{'line': 320, 'column': 4, 'index': 8896}","  318 |     expect(wrapper.emitted('update')).toBeUndefined()
  319 |     expect(wrapper.emitted('input')).toBeUndefined()
> 320 |     expect(wrapper.emitted('change')).toBeUndefined()
      |    ^ Duplicate Assert
  321 |
  322 |     await wrapper.setProps({ value: 'test' })
  323 |     expect(wrapper.emitted('update')).toBeUndefined()"
/home/gabriel/Disk/Research/research-javascript-test-smells/repositories/bootstrap-vue-dev/src/components/form-textarea/form-textarea.spec.js,Duplicate Assert,"{'line': 320, 'column': 4, 'index': 8896}","  318 |     expect(wrapper.emitted('update')).toBeUndefined()
  319 |     expect(wrapper.emitted('input')).toBeUndefined()
> 320 |     expect(wrapper.emitted('change')).toBeUndefined()
      |    ^ Duplicate Assert
  321 |
  322 |     await wrapper.setProps({ value: 'test' })
  323 |     expect(wrapper.emitted('update')).toBeUndefined()"
/home/gabriel/Disk/Research/research-javascript-test-smells/repositories/bootstrap-vue-dev/src/components/form-textarea/form-textarea.spec.js,Duplicate Assert,"{'line': 323, 'column': 4, 'index': 8997}","  321 |
  322 |     await wrapper.setProps({ value: 'test' })
> 323 |     expect(wrapper.emitted('update')).toBeUndefined()
      |    ^ Duplicate Assert
  324 |     expect(wrapper.emitted('input')).toBeUndefined()
  325 |     expect(wrapper.emitted('change')).toBeUndefined()
  326 |"
/home/gabriel/Disk/Research/research-javascript-test-smells/repositories/bootstrap-vue-dev/src/components/form-textarea/form-textarea.spec.js,Duplicate Assert,"{'line': 323, 'column': 4, 'index': 8997}","  321 |
  322 |     await wrapper.setProps({ value: 'test' })
> 323 |     expect(wrapper.emitted('update')).toBeUndefined()
      |    ^ Duplicate Assert
  324 |     expect(wrapper.emitted('input')).toBeUndefined()
  325 |     expect(wrapper.emitted('change')).toBeUndefined()
  326 |"
/home/gabriel/Disk/Research/research-javascript-test-smells/repositories/bootstrap-vue-dev/src/components/form-textarea/form-textarea.spec.js,Duplicate Assert,"{'line': 324, 'column': 4, 'index': 9051}","  322 |     await wrapper.setProps({ value: 'test' })
  323 |     expect(wrapper.emitted('update')).toBeUndefined()
> 324 |     expect(wrapper.emitted('input')).toBeUndefined()
      |    ^ Duplicate Assert
  325 |     expect(wrapper.emitted('change')).toBeUndefined()
  326 |
  327 |     wrapper.destroy()"
/home/gabriel/Disk/Research/research-javascript-test-smells/repositories/bootstrap-vue-dev/src/components/form-textarea/form-textarea.spec.js,Duplicate Assert,"{'line': 324, 'column': 4, 'index': 9051}","  322 |     await wrapper.setProps({ value: 'test' })
  323 |     expect(wrapper.emitted('update')).toBeUndefined()
> 324 |     expect(wrapper.emitted('input')).toBeUndefined()
      |    ^ Duplicate Assert
  325 |     expect(wrapper.emitted('change')).toBeUndefined()
  326 |
  327 |     wrapper.destroy()"
/home/gabriel/Disk/Research/research-javascript-test-smells/repositories/bootstrap-vue-dev/src/components/form-textarea/form-textarea.spec.js,Duplicate Assert,"{'line': 325, 'column': 4, 'index': 9104}","  323 |     expect(wrapper.emitted('update')).toBeUndefined()
  324 |     expect(wrapper.emitted('input')).toBeUndefined()
> 325 |     expect(wrapper.emitted('change')).toBeUndefined()
      |    ^ Duplicate Assert
  326 |
  327 |     wrapper.destroy()
  328 |   })"
/home/gabriel/Disk/Research/research-javascript-test-smells/repositories/bootstrap-vue-dev/src/components/form-textarea/form-textarea.spec.js,Duplicate Assert,"{'line': 325, 'column': 4, 'index': 9104}","  323 |     expect(wrapper.emitted('update')).toBeUndefined()
  324 |     expect(wrapper.emitted('input')).toBeUndefined()
> 325 |     expect(wrapper.emitted('change')).toBeUndefined()
      |    ^ Duplicate Assert
  326 |
  327 |     wrapper.destroy()
  328 |   })"
/home/gabriel/Disk/Research/research-javascript-test-smells/repositories/bootstrap-vue-dev/src/components/form-textarea/form-textarea.spec.js,Duplicate Assert,"{'line': 358, 'column': 4, 'index': 9854}","  356 |     const wrapper = mount(BFormTextarea)
  357 |
> 358 |     expect(wrapper.attributes('rows')).toBeDefined()
      |    ^ Duplicate Assert
  359 |     expect(wrapper.attributes('rows')).toEqual('2')
  360 |
  361 |     wrapper.destroy()"
/home/gabriel/Disk/Research/research-javascript-test-smells/repositories/bootstrap-vue-dev/src/components/form-textarea/form-textarea.spec.js,Duplicate Assert,"{'line': 359, 'column': 4, 'index': 9907}","  357 |
  358 |     expect(wrapper.attributes('rows')).toBeDefined()
> 359 |     expect(wrapper.attributes('rows')).toEqual('2')
      |    ^ Duplicate Assert
  360 |
  361 |     wrapper.destroy()
  362 |   })"
/home/gabriel/Disk/Research/research-javascript-test-smells/repositories/bootstrap-vue-dev/src/components/form-textarea/form-textarea.spec.js,Duplicate Assert,"{'line': 371, 'column': 4, 'index': 10159}","  369 |     })
  370 |
> 371 |     expect(wrapper.attributes('rows')).toBeDefined()
      |    ^ Duplicate Assert
  372 |     expect(wrapper.attributes('rows')).toEqual('10')
  373 |
  374 |     // Should work with both text and number values"
/home/gabriel/Disk/Research/research-javascript-test-smells/repositories/bootstrap-vue-dev/src/components/form-textarea/form-textarea.spec.js,Duplicate Assert,"{'line': 371, 'column': 4, 'index': 10159}","  369 |     })
  370 |
> 371 |     expect(wrapper.attributes('rows')).toBeDefined()
      |    ^ Duplicate Assert
  372 |     expect(wrapper.attributes('rows')).toEqual('10')
  373 |
  374 |     // Should work with both text and number values"
/home/gabriel/Disk/Research/research-javascript-test-smells/repositories/bootstrap-vue-dev/src/components/form-textarea/form-textarea.spec.js,Duplicate Assert,"{'line': 372, 'column': 4, 'index': 10212}","  370 |
  371 |     expect(wrapper.attributes('rows')).toBeDefined()
> 372 |     expect(wrapper.attributes('rows')).toEqual('10')
      |    ^ Duplicate Assert
  373 |
  374 |     // Should work with both text and number values
  375 |     await wrapper.setProps({ rows: '20' })"
/home/gabriel/Disk/Research/research-javascript-test-smells/repositories/bootstrap-vue-dev/src/components/form-textarea/form-textarea.spec.js,Duplicate Assert,"{'line': 376, 'column': 4, 'index': 10361}","  374 |     // Should work with both text and number values
  375 |     await wrapper.setProps({ rows: '20' })
> 376 |     expect(wrapper.attributes('rows')).toBeDefined()
      |    ^ Duplicate Assert
  377 |     expect(wrapper.attributes('rows')).toEqual('20')
  378 |
  379 |     // Should use minimum value of 2 when rows is set less than 2"
/home/gabriel/Disk/Research/research-javascript-test-smells/repositories/bootstrap-vue-dev/src/components/form-textarea/form-textarea.spec.js,Duplicate Assert,"{'line': 376, 'column': 4, 'index': 10361}","  374 |     // Should work with both text and number values
  375 |     await wrapper.setProps({ rows: '20' })
> 376 |     expect(wrapper.attributes('rows')).toBeDefined()
      |    ^ Duplicate Assert
  377 |     expect(wrapper.attributes('rows')).toEqual('20')
  378 |
  379 |     // Should use minimum value of 2 when rows is set less than 2"
/home/gabriel/Disk/Research/research-javascript-test-smells/repositories/bootstrap-vue-dev/src/components/form-textarea/form-textarea.spec.js,Duplicate Assert,"{'line': 377, 'column': 4, 'index': 10414}","  375 |     await wrapper.setProps({ rows: '20' })
  376 |     expect(wrapper.attributes('rows')).toBeDefined()
> 377 |     expect(wrapper.attributes('rows')).toEqual('20')
      |    ^ Duplicate Assert
  378 |
  379 |     // Should use minimum value of 2 when rows is set less than 2
  380 |     await wrapper.setProps({ rows: '1' })"
/home/gabriel/Disk/Research/research-javascript-test-smells/repositories/bootstrap-vue-dev/src/components/form-textarea/form-textarea.spec.js,Duplicate Assert,"{'line': 381, 'column': 4, 'index': 10576}","  379 |     // Should use minimum value of 2 when rows is set less than 2
  380 |     await wrapper.setProps({ rows: '1' })
> 381 |     expect(wrapper.attributes('rows')).toBeDefined()
      |    ^ Duplicate Assert
  382 |     expect(wrapper.attributes('rows')).toEqual('2')
  383 |
  384 |     await wrapper.setProps({ rows: -10 })"
/home/gabriel/Disk/Research/research-javascript-test-smells/repositories/bootstrap-vue-dev/src/components/form-textarea/form-textarea.spec.js,Duplicate Assert,"{'line': 381, 'column': 4, 'index': 10576}","  379 |     // Should use minimum value of 2 when rows is set less than 2
  380 |     await wrapper.setProps({ rows: '1' })
> 381 |     expect(wrapper.attributes('rows')).toBeDefined()
      |    ^ Duplicate Assert
  382 |     expect(wrapper.attributes('rows')).toEqual('2')
  383 |
  384 |     await wrapper.setProps({ rows: -10 })"
/home/gabriel/Disk/Research/research-javascript-test-smells/repositories/bootstrap-vue-dev/src/components/form-textarea/form-textarea.spec.js,Duplicate Assert,"{'line': 382, 'column': 4, 'index': 10629}","  380 |     await wrapper.setProps({ rows: '1' })
  381 |     expect(wrapper.attributes('rows')).toBeDefined()
> 382 |     expect(wrapper.attributes('rows')).toEqual('2')
      |    ^ Duplicate Assert
  383 |
  384 |     await wrapper.setProps({ rows: -10 })
  385 |     expect(wrapper.attributes('rows')).toBeDefined()"
/home/gabriel/Disk/Research/research-javascript-test-smells/repositories/bootstrap-vue-dev/src/components/form-textarea/form-textarea.spec.js,Duplicate Assert,"{'line': 382, 'column': 4, 'index': 10629}","  380 |     await wrapper.setProps({ rows: '1' })
  381 |     expect(wrapper.attributes('rows')).toBeDefined()
> 382 |     expect(wrapper.attributes('rows')).toEqual('2')
      |    ^ Duplicate Assert
  383 |
  384 |     await wrapper.setProps({ rows: -10 })
  385 |     expect(wrapper.attributes('rows')).toBeDefined()"
/home/gabriel/Disk/Research/research-javascript-test-smells/repositories/bootstrap-vue-dev/src/components/form-textarea/form-textarea.spec.js,Duplicate Assert,"{'line': 385, 'column': 4, 'index': 10724}","  383 |
  384 |     await wrapper.setProps({ rows: -10 })
> 385 |     expect(wrapper.attributes('rows')).toBeDefined()
      |    ^ Duplicate Assert
  386 |     expect(wrapper.attributes('rows')).toEqual('2')
  387 |
  388 |     wrapper.destroy()"
/home/gabriel/Disk/Research/research-javascript-test-smells/repositories/bootstrap-vue-dev/src/components/form-textarea/form-textarea.spec.js,Duplicate Assert,"{'line': 385, 'column': 4, 'index': 10724}","  383 |
  384 |     await wrapper.setProps({ rows: -10 })
> 385 |     expect(wrapper.attributes('rows')).toBeDefined()
      |    ^ Duplicate Assert
  386 |     expect(wrapper.attributes('rows')).toEqual('2')
  387 |
  388 |     wrapper.destroy()"
/home/gabriel/Disk/Research/research-javascript-test-smells/repositories/bootstrap-vue-dev/src/components/form-textarea/form-textarea.spec.js,Duplicate Assert,"{'line': 386, 'column': 4, 'index': 10777}","  384 |     await wrapper.setProps({ rows: -10 })
  385 |     expect(wrapper.attributes('rows')).toBeDefined()
> 386 |     expect(wrapper.attributes('rows')).toEqual('2')
      |    ^ Duplicate Assert
  387 |
  388 |     wrapper.destroy()
  389 |   })"
/home/gabriel/Disk/Research/research-javascript-test-smells/repositories/bootstrap-vue-dev/src/components/form-textarea/form-textarea.spec.js,Duplicate Assert,"{'line': 386, 'column': 4, 'index': 10777}","  384 |     await wrapper.setProps({ rows: -10 })
  385 |     expect(wrapper.attributes('rows')).toBeDefined()
> 386 |     expect(wrapper.attributes('rows')).toEqual('2')
      |    ^ Duplicate Assert
  387 |
  388 |     wrapper.destroy()
  389 |   })"
/home/gabriel/Disk/Research/research-javascript-test-smells/repositories/bootstrap-vue-dev/src/components/form-textarea/form-textarea.spec.js,Duplicate Assert,"{'line': 399, 'column': 4, 'index': 11050}","  397 |     })
  398 |
> 399 |     expect(wrapper.attributes('rows')).toBeDefined()
      |    ^ Duplicate Assert
  400 |     expect(wrapper.attributes('rows')).toEqual('5')
  401 |
  402 |     // Should work with both text and number values"
/home/gabriel/Disk/Research/research-javascript-test-smells/repositories/bootstrap-vue-dev/src/components/form-textarea/form-textarea.spec.js,Duplicate Assert,"{'line': 399, 'column': 4, 'index': 11050}","  397 |     })
  398 |
> 399 |     expect(wrapper.attributes('rows')).toBeDefined()
      |    ^ Duplicate Assert
  400 |     expect(wrapper.attributes('rows')).toEqual('5')
  401 |
  402 |     // Should work with both text and number values"
/home/gabriel/Disk/Research/research-javascript-test-smells/repositories/bootstrap-vue-dev/src/components/form-textarea/form-textarea.spec.js,Duplicate Assert,"{'line': 400, 'column': 4, 'index': 11103}","  398 |
  399 |     expect(wrapper.attributes('rows')).toBeDefined()
> 400 |     expect(wrapper.attributes('rows')).toEqual('5')
      |    ^ Duplicate Assert
  401 |
  402 |     // Should work with both text and number values
  403 |     await wrapper.setProps({ rows: '10', maxRows: '10' })"
/home/gabriel/Disk/Research/research-javascript-test-smells/repositories/bootstrap-vue-dev/src/components/form-textarea/form-textarea.spec.js,Duplicate Assert,"{'line': 404, 'column': 4, 'index': 11266}","  402 |     // Should work with both text and number values
  403 |     await wrapper.setProps({ rows: '10', maxRows: '10' })
> 404 |     expect(wrapper.attributes('rows')).toBeDefined()
      |    ^ Duplicate Assert
  405 |     expect(wrapper.attributes('rows')).toEqual('10')
  406 |
  407 |     wrapper.destroy()"
/home/gabriel/Disk/Research/research-javascript-test-smells/repositories/bootstrap-vue-dev/src/components/form-textarea/form-textarea.spec.js,Duplicate Assert,"{'line': 404, 'column': 4, 'index': 11266}","  402 |     // Should work with both text and number values
  403 |     await wrapper.setProps({ rows: '10', maxRows: '10' })
> 404 |     expect(wrapper.attributes('rows')).toBeDefined()
      |    ^ Duplicate Assert
  405 |     expect(wrapper.attributes('rows')).toEqual('10')
  406 |
  407 |     wrapper.destroy()"
/home/gabriel/Disk/Research/research-javascript-test-smells/repositories/bootstrap-vue-dev/src/components/form-textarea/form-textarea.spec.js,Duplicate Assert,"{'line': 405, 'column': 4, 'index': 11319}","  403 |     await wrapper.setProps({ rows: '10', maxRows: '10' })
  404 |     expect(wrapper.attributes('rows')).toBeDefined()
> 405 |     expect(wrapper.attributes('rows')).toEqual('10')
      |    ^ Duplicate Assert
  406 |
  407 |     wrapper.destroy()
  408 |   })"
/home/gabriel/Disk/Research/research-javascript-test-smells/repositories/bootstrap-vue-dev/src/components/form-textarea/form-textarea.spec.js,Duplicate Assert,"{'line': 431, 'column': 4, 'index': 11860}","  429 |     })
  430 |
> 431 |     expect(wrapper.attributes('rows')).toBeDefined()
      |    ^ Duplicate Assert
  432 |     expect(wrapper.attributes('rows')).toEqual('10')
  433 |
  434 |     wrapper.destroy()"
/home/gabriel/Disk/Research/research-javascript-test-smells/repositories/bootstrap-vue-dev/src/components/form-textarea/form-textarea.spec.js,Duplicate Assert,"{'line': 432, 'column': 4, 'index': 11913}","  430 |
  431 |     expect(wrapper.attributes('rows')).toBeDefined()
> 432 |     expect(wrapper.attributes('rows')).toEqual('10')
      |    ^ Duplicate Assert
  433 |
  434 |     wrapper.destroy()
  435 |   })"
/home/gabriel/Disk/Research/research-javascript-test-smells/repositories/bootstrap-vue-dev/src/components/form-textarea/form-textarea.spec.js,Duplicate Assert,"{'line': 501, 'column': 4, 'index': 13553}","  499 |
  500 |     expect(wrapper.element.style).toBeDefined()
> 501 |     expect(wrapper.element.style.resize).toBeDefined()
      |    ^ Duplicate Assert
  502 |     expect(wrapper.element.style.resize).toEqual('none')
  503 |
  504 |     wrapper.destroy()"
/home/gabriel/Disk/Research/research-javascript-test-smells/repositories/bootstrap-vue-dev/src/components/form-textarea/form-textarea.spec.js,Duplicate Assert,"{'line': 502, 'column': 4, 'index': 13608}","  500 |     expect(wrapper.element.style).toBeDefined()
  501 |     expect(wrapper.element.style.resize).toBeDefined()
> 502 |     expect(wrapper.element.style.resize).toEqual('none')
      |    ^ Duplicate Assert
  503 |
  504 |     wrapper.destroy()
  505 |   })"
/home/gabriel/Disk/Research/research-javascript-test-smells/repositories/bootstrap-vue-dev/src/components/form-textarea/form-textarea.spec.js,Duplicate Assert,"{'line': 513, 'column': 4, 'index': 13883}","  511 |
  512 |     expect(wrapper.element.style).toBeDefined()
> 513 |     expect(wrapper.element.style.height).toBeDefined()
      |    ^ Duplicate Assert
  514 |     expect(wrapper.element.style.height).toEqual('')
  515 |
  516 |     wrapper.destroy()"
/home/gabriel/Disk/Research/research-javascript-test-smells/repositories/bootstrap-vue-dev/src/components/form-textarea/form-textarea.spec.js,Duplicate Assert,"{'line': 514, 'column': 4, 'index': 13938}","  512 |     expect(wrapper.element.style).toBeDefined()
  513 |     expect(wrapper.element.style.height).toBeDefined()
> 514 |     expect(wrapper.element.style.height).toEqual('')
      |    ^ Duplicate Assert
  515 |
  516 |     wrapper.destroy()
  517 |   })"
/home/gabriel/Disk/Research/research-javascript-test-smells/repositories/bootstrap-vue-dev/src/components/form-textarea/form-textarea.spec.js,Duplicate Assert,"{'line': 529, 'column': 4, 'index': 14291}","  527 |
  528 |     expect(wrapper.element.style).toBeDefined()
> 529 |     expect(wrapper.element.style.height).toBeDefined()
      |    ^ Duplicate Assert
  530 |     expect(wrapper.element.style.height).toEqual('')
  531 |
  532 |     wrapper.destroy()"
/home/gabriel/Disk/Research/research-javascript-test-smells/repositories/bootstrap-vue-dev/src/components/form-textarea/form-textarea.spec.js,Duplicate Assert,"{'line': 530, 'column': 4, 'index': 14346}","  528 |     expect(wrapper.element.style).toBeDefined()
  529 |     expect(wrapper.element.style.height).toBeDefined()
> 530 |     expect(wrapper.element.style.height).toEqual('')
      |    ^ Duplicate Assert
  531 |
  532 |     wrapper.destroy()
  533 |   })"
/home/gabriel/Disk/Research/research-javascript-test-smells/repositories/bootstrap-vue-dev/src/components/form-textarea/form-textarea.spec.js,Duplicate Assert,"{'line': 544, 'column': 4, 'index': 14672}","  542 |
  543 |     expect(wrapper.element.style).toBeDefined()
> 544 |     expect(wrapper.element.style.height).toBeDefined()
      |    ^ Duplicate Assert
  545 |     expect(wrapper.element.style.height).toEqual('')
  546 |
  547 |     wrapper.destroy()"
/home/gabriel/Disk/Research/research-javascript-test-smells/repositories/bootstrap-vue-dev/src/components/form-textarea/form-textarea.spec.js,Duplicate Assert,"{'line': 545, 'column': 4, 'index': 14727}","  543 |     expect(wrapper.element.style).toBeDefined()
  544 |     expect(wrapper.element.style.height).toBeDefined()
> 545 |     expect(wrapper.element.style.height).toEqual('')
      |    ^ Duplicate Assert
  546 |
  547 |     wrapper.destroy()
  548 |   })"
/home/gabriel/Disk/Research/research-javascript-test-smells/repositories/bootstrap-vue-dev/src/components/form-textarea/form-textarea.spec.js,Duplicate Assert,"{'line': 672, 'column': 4, 'index': 18775}","  670 |
  671 |     // Update event fires first
> 672 |     expect(wrapper.emitted('update')).toBeDefined()
      |    ^ Duplicate Assert
  673 |     expect(wrapper.emitted('update').length).toEqual(1)
  674 |     expect(wrapper.emitted('update')[0][0]).toEqual('TEST')
  675 |     // Followed by an input"
/home/gabriel/Disk/Research/research-javascript-test-smells/repositories/bootstrap-vue-dev/src/components/form-textarea/form-textarea.spec.js,Duplicate Assert,"{'line': 672, 'column': 4, 'index': 18775}","  670 |
  671 |     // Update event fires first
> 672 |     expect(wrapper.emitted('update')).toBeDefined()
      |    ^ Duplicate Assert
  673 |     expect(wrapper.emitted('update').length).toEqual(1)
  674 |     expect(wrapper.emitted('update')[0][0]).toEqual('TEST')
  675 |     // Followed by an input"
/home/gabriel/Disk/Research/research-javascript-test-smells/repositories/bootstrap-vue-dev/src/components/form-textarea/form-textarea.spec.js,Duplicate Assert,"{'line': 673, 'column': 4, 'index': 18827}","  671 |     // Update event fires first
  672 |     expect(wrapper.emitted('update')).toBeDefined()
> 673 |     expect(wrapper.emitted('update').length).toEqual(1)
      |    ^ Duplicate Assert
  674 |     expect(wrapper.emitted('update')[0][0]).toEqual('TEST')
  675 |     // Followed by an input
  676 |     expect(wrapper.emitted('input')).toBeDefined()"
/home/gabriel/Disk/Research/research-javascript-test-smells/repositories/bootstrap-vue-dev/src/components/form-textarea/form-textarea.spec.js,Duplicate Assert,"{'line': 673, 'column': 4, 'index': 18827}","  671 |     // Update event fires first
  672 |     expect(wrapper.emitted('update')).toBeDefined()
> 673 |     expect(wrapper.emitted('update').length).toEqual(1)
      |    ^ Duplicate Assert
  674 |     expect(wrapper.emitted('update')[0][0]).toEqual('TEST')
  675 |     // Followed by an input
  676 |     expect(wrapper.emitted('input')).toBeDefined()"
/home/gabriel/Disk/Research/research-javascript-test-smells/repositories/bootstrap-vue-dev/src/components/form-textarea/form-textarea.spec.js,Duplicate Assert,"{'line': 674, 'column': 4, 'index': 18883}","  672 |     expect(wrapper.emitted('update')).toBeDefined()
  673 |     expect(wrapper.emitted('update').length).toEqual(1)
> 674 |     expect(wrapper.emitted('update')[0][0]).toEqual('TEST')
      |    ^ Duplicate Assert
  675 |     // Followed by an input
  676 |     expect(wrapper.emitted('input')).toBeDefined()
  677 |     expect(wrapper.emitted('input').length).toEqual(1)"
/home/gabriel/Disk/Research/research-javascript-test-smells/repositories/bootstrap-vue-dev/src/components/form-textarea/form-textarea.spec.js,Duplicate Assert,"{'line': 674, 'column': 4, 'index': 18883}","  672 |     expect(wrapper.emitted('update')).toBeDefined()
  673 |     expect(wrapper.emitted('update').length).toEqual(1)
> 674 |     expect(wrapper.emitted('update')[0][0]).toEqual('TEST')
      |    ^ Duplicate Assert
  675 |     // Followed by an input
  676 |     expect(wrapper.emitted('input')).toBeDefined()
  677 |     expect(wrapper.emitted('input').length).toEqual(1)"
/home/gabriel/Disk/Research/research-javascript-test-smells/repositories/bootstrap-vue-dev/src/components/form-textarea/form-textarea.spec.js,Duplicate Assert,"{'line': 677, 'column': 4, 'index': 19022}","  675 |     // Followed by an input
  676 |     expect(wrapper.emitted('input')).toBeDefined()
> 677 |     expect(wrapper.emitted('input').length).toEqual(1)
      |    ^ Duplicate Assert
  678 |     expect(wrapper.emitted('input')[0][0]).toEqual('TEST')
  679 |     expect(wrapper.vm.localValue).toEqual('TEST')
  680 |"
/home/gabriel/Disk/Research/research-javascript-test-smells/repositories/bootstrap-vue-dev/src/components/form-textarea/form-textarea.spec.js,Duplicate Assert,"{'line': 677, 'column': 4, 'index': 19022}","  675 |     // Followed by an input
  676 |     expect(wrapper.emitted('input')).toBeDefined()
> 677 |     expect(wrapper.emitted('input').length).toEqual(1)
      |    ^ Duplicate Assert
  678 |     expect(wrapper.emitted('input')[0][0]).toEqual('TEST')
  679 |     expect(wrapper.vm.localValue).toEqual('TEST')
  680 |"
/home/gabriel/Disk/Research/research-javascript-test-smells/repositories/bootstrap-vue-dev/src/components/form-textarea/form-textarea.spec.js,Duplicate Assert,"{'line': 679, 'column': 4, 'index': 19136}","  677 |     expect(wrapper.emitted('input').length).toEqual(1)
  678 |     expect(wrapper.emitted('input')[0][0]).toEqual('TEST')
> 679 |     expect(wrapper.vm.localValue).toEqual('TEST')
      |    ^ Duplicate Assert
  680 |
  681 |     await wrapper.trigger('change')
  682 |"
/home/gabriel/Disk/Research/research-javascript-test-smells/repositories/bootstrap-vue-dev/src/components/form-textarea/form-textarea.spec.js,Duplicate Assert,"{'line': 679, 'column': 4, 'index': 19136}","  677 |     expect(wrapper.emitted('input').length).toEqual(1)
  678 |     expect(wrapper.emitted('input')[0][0]).toEqual('TEST')
> 679 |     expect(wrapper.vm.localValue).toEqual('TEST')
      |    ^ Duplicate Assert
  680 |
  681 |     await wrapper.trigger('change')
  682 |"
/home/gabriel/Disk/Research/research-javascript-test-smells/repositories/bootstrap-vue-dev/src/components/form-textarea/form-textarea.spec.js,Duplicate Assert,"{'line': 684, 'column': 4, 'index': 19258}","  682 |
  683 |     // Update does not fire again
> 684 |     expect(wrapper.emitted('update')).toBeDefined()
      |    ^ Duplicate Assert
  685 |     expect(wrapper.emitted('update').length).toEqual(1)
  686 |     expect(wrapper.emitted('update')[0][0]).toEqual('TEST')
  687 |     // Event change emitted"
/home/gabriel/Disk/Research/research-javascript-test-smells/repositories/bootstrap-vue-dev/src/components/form-textarea/form-textarea.spec.js,Duplicate Assert,"{'line': 684, 'column': 4, 'index': 19258}","  682 |
  683 |     // Update does not fire again
> 684 |     expect(wrapper.emitted('update')).toBeDefined()
      |    ^ Duplicate Assert
  685 |     expect(wrapper.emitted('update').length).toEqual(1)
  686 |     expect(wrapper.emitted('update')[0][0]).toEqual('TEST')
  687 |     // Event change emitted"
/home/gabriel/Disk/Research/research-javascript-test-smells/repositories/bootstrap-vue-dev/src/components/form-textarea/form-textarea.spec.js,Duplicate Assert,"{'line': 685, 'column': 4, 'index': 19310}","  683 |     // Update does not fire again
  684 |     expect(wrapper.emitted('update')).toBeDefined()
> 685 |     expect(wrapper.emitted('update').length).toEqual(1)
      |    ^ Duplicate Assert
  686 |     expect(wrapper.emitted('update')[0][0]).toEqual('TEST')
  687 |     // Event change emitted
  688 |     expect(wrapper.emitted('change')).toBeDefined()"
/home/gabriel/Disk/Research/research-javascript-test-smells/repositories/bootstrap-vue-dev/src/components/form-textarea/form-textarea.spec.js,Duplicate Assert,"{'line': 685, 'column': 4, 'index': 19310}","  683 |     // Update does not fire again
  684 |     expect(wrapper.emitted('update')).toBeDefined()
> 685 |     expect(wrapper.emitted('update').length).toEqual(1)
      |    ^ Duplicate Assert
  686 |     expect(wrapper.emitted('update')[0][0]).toEqual('TEST')
  687 |     // Event change emitted
  688 |     expect(wrapper.emitted('change')).toBeDefined()"
/home/gabriel/Disk/Research/research-javascript-test-smells/repositories/bootstrap-vue-dev/src/components/form-textarea/form-textarea.spec.js,Duplicate Assert,"{'line': 686, 'column': 4, 'index': 19366}","  684 |     expect(wrapper.emitted('update')).toBeDefined()
  685 |     expect(wrapper.emitted('update').length).toEqual(1)
> 686 |     expect(wrapper.emitted('update')[0][0]).toEqual('TEST')
      |    ^ Duplicate Assert
  687 |     // Event change emitted
  688 |     expect(wrapper.emitted('change')).toBeDefined()
  689 |     expect(wrapper.emitted('change').length).toEqual(1)"
/home/gabriel/Disk/Research/research-javascript-test-smells/repositories/bootstrap-vue-dev/src/components/form-textarea/form-textarea.spec.js,Duplicate Assert,"{'line': 686, 'column': 4, 'index': 19366}","  684 |     expect(wrapper.emitted('update')).toBeDefined()
  685 |     expect(wrapper.emitted('update').length).toEqual(1)
> 686 |     expect(wrapper.emitted('update')[0][0]).toEqual('TEST')
      |    ^ Duplicate Assert
  687 |     // Event change emitted
  688 |     expect(wrapper.emitted('change')).toBeDefined()
  689 |     expect(wrapper.emitted('change').length).toEqual(1)"
/home/gabriel/Disk/Research/research-javascript-test-smells/repositories/bootstrap-vue-dev/src/components/form-textarea/form-textarea.spec.js,Duplicate Assert,"{'line': 689, 'column': 4, 'index': 19506}","  687 |     // Event change emitted
  688 |     expect(wrapper.emitted('change')).toBeDefined()
> 689 |     expect(wrapper.emitted('change').length).toEqual(1)
      |    ^ Duplicate Assert
  690 |     expect(wrapper.emitted('change')[0][0]).toEqual('TEST')
  691 |     expect(wrapper.vm.localValue).toEqual('TEST')
  692 |"
/home/gabriel/Disk/Research/research-javascript-test-smells/repositories/bootstrap-vue-dev/src/components/form-textarea/form-textarea.spec.js,Duplicate Assert,"{'line': 689, 'column': 4, 'index': 19506}","  687 |     // Event change emitted
  688 |     expect(wrapper.emitted('change')).toBeDefined()
> 689 |     expect(wrapper.emitted('change').length).toEqual(1)
      |    ^ Duplicate Assert
  690 |     expect(wrapper.emitted('change')[0][0]).toEqual('TEST')
  691 |     expect(wrapper.vm.localValue).toEqual('TEST')
  692 |"
/home/gabriel/Disk/Research/research-javascript-test-smells/repositories/bootstrap-vue-dev/src/components/form-textarea/form-textarea.spec.js,Duplicate Assert,"{'line': 691, 'column': 4, 'index': 19622}","  689 |     expect(wrapper.emitted('change').length).toEqual(1)
  690 |     expect(wrapper.emitted('change')[0][0]).toEqual('TEST')
> 691 |     expect(wrapper.vm.localValue).toEqual('TEST')
      |    ^ Duplicate Assert
  692 |
  693 |     await wrapper.trigger('blur')
  694 |"
/home/gabriel/Disk/Research/research-javascript-test-smells/repositories/bootstrap-vue-dev/src/components/form-textarea/form-textarea.spec.js,Duplicate Assert,"{'line': 691, 'column': 4, 'index': 19622}","  689 |     expect(wrapper.emitted('change').length).toEqual(1)
  690 |     expect(wrapper.emitted('change')[0][0]).toEqual('TEST')
> 691 |     expect(wrapper.vm.localValue).toEqual('TEST')
      |    ^ Duplicate Assert
  692 |
  693 |     await wrapper.trigger('blur')
  694 |"
/home/gabriel/Disk/Research/research-javascript-test-smells/repositories/bootstrap-vue-dev/src/components/form-textarea/form-textarea.spec.js,Duplicate Assert,"{'line': 696, 'column': 4, 'index': 19763}","  694 |
  695 |     // Update fires before change with formatted value
> 696 |     expect(wrapper.emitted('update')).toBeDefined()
      |    ^ Duplicate Assert
  697 |     expect(wrapper.emitted('update').length).toEqual(2)
  698 |     expect(wrapper.emitted('update')[1][0]).toEqual('test')
  699 |     // Followed by blur event with native event"
/home/gabriel/Disk/Research/research-javascript-test-smells/repositories/bootstrap-vue-dev/src/components/form-textarea/form-textarea.spec.js,Duplicate Assert,"{'line': 696, 'column': 4, 'index': 19763}","  694 |
  695 |     // Update fires before change with formatted value
> 696 |     expect(wrapper.emitted('update')).toBeDefined()
      |    ^ Duplicate Assert
  697 |     expect(wrapper.emitted('update').length).toEqual(2)
  698 |     expect(wrapper.emitted('update')[1][0]).toEqual('test')
  699 |     // Followed by blur event with native event"
/home/gabriel/Disk/Research/research-javascript-test-smells/repositories/bootstrap-vue-dev/src/components/form-textarea/form-textarea.spec.js,Duplicate Assert,"{'line': 697, 'column': 4, 'index': 19815}","  695 |     // Update fires before change with formatted value
  696 |     expect(wrapper.emitted('update')).toBeDefined()
> 697 |     expect(wrapper.emitted('update').length).toEqual(2)
      |    ^ Duplicate Assert
  698 |     expect(wrapper.emitted('update')[1][0]).toEqual('test')
  699 |     // Followed by blur event with native event
  700 |     expect(wrapper.emitted('blur')).toBeDefined()"
/home/gabriel/Disk/Research/research-javascript-test-smells/repositories/bootstrap-vue-dev/src/components/form-textarea/form-textarea.spec.js,Duplicate Assert,"{'line': 697, 'column': 4, 'index': 19815}","  695 |     // Update fires before change with formatted value
  696 |     expect(wrapper.emitted('update')).toBeDefined()
> 697 |     expect(wrapper.emitted('update').length).toEqual(2)
      |    ^ Duplicate Assert
  698 |     expect(wrapper.emitted('update')[1][0]).toEqual('test')
  699 |     // Followed by blur event with native event
  700 |     expect(wrapper.emitted('blur')).toBeDefined()"
/home/gabriel/Disk/Research/research-javascript-test-smells/repositories/bootstrap-vue-dev/src/components/form-textarea/form-textarea.spec.js,Duplicate Assert,"{'line': 705, 'column': 4, 'index': 20216}","  703 |
  704 |     // Expected number of events from above sequence
> 705 |     expect(wrapper.emitted('input').length).toEqual(1)
      |    ^ Duplicate Assert
  706 |     expect(wrapper.emitted('change').length).toEqual(1)
  707 |     expect(wrapper.emitted('blur').length).toEqual(1)
  708 |     expect(wrapper.emitted('update').length).toEqual(2)"
/home/gabriel/Disk/Research/research-javascript-test-smells/repositories/bootstrap-vue-dev/src/components/form-textarea/form-textarea.spec.js,Duplicate Assert,"{'line': 705, 'column': 4, 'index': 20216}","  703 |
  704 |     // Expected number of events from above sequence
> 705 |     expect(wrapper.emitted('input').length).toEqual(1)
      |    ^ Duplicate Assert
  706 |     expect(wrapper.emitted('change').length).toEqual(1)
  707 |     expect(wrapper.emitted('blur').length).toEqual(1)
  708 |     expect(wrapper.emitted('update').length).toEqual(2)"
/home/gabriel/Disk/Research/research-javascript-test-smells/repositories/bootstrap-vue-dev/src/components/form-textarea/form-textarea.spec.js,Duplicate Assert,"{'line': 706, 'column': 4, 'index': 20271}","  704 |     // Expected number of events from above sequence
  705 |     expect(wrapper.emitted('input').length).toEqual(1)
> 706 |     expect(wrapper.emitted('change').length).toEqual(1)
      |    ^ Duplicate Assert
  707 |     expect(wrapper.emitted('blur').length).toEqual(1)
  708 |     expect(wrapper.emitted('update').length).toEqual(2)
  709 |"
/home/gabriel/Disk/Research/research-javascript-test-smells/repositories/bootstrap-vue-dev/src/components/form-textarea/form-textarea.spec.js,Duplicate Assert,"{'line': 706, 'column': 4, 'index': 20271}","  704 |     // Expected number of events from above sequence
  705 |     expect(wrapper.emitted('input').length).toEqual(1)
> 706 |     expect(wrapper.emitted('change').length).toEqual(1)
      |    ^ Duplicate Assert
  707 |     expect(wrapper.emitted('blur').length).toEqual(1)
  708 |     expect(wrapper.emitted('update').length).toEqual(2)
  709 |"
/home/gabriel/Disk/Research/research-javascript-test-smells/repositories/bootstrap-vue-dev/src/components/form-textarea/form-textarea.spec.js,Duplicate Assert,"{'line': 708, 'column': 4, 'index': 20381}","  706 |     expect(wrapper.emitted('change').length).toEqual(1)
  707 |     expect(wrapper.emitted('blur').length).toEqual(1)
> 708 |     expect(wrapper.emitted('update').length).toEqual(2)
      |    ^ Duplicate Assert
  709 |
  710 |     wrapper.destroy()
  711 |   })"
/home/gabriel/Disk/Research/research-javascript-test-smells/repositories/bootstrap-vue-dev/src/components/form-textarea/form-textarea.spec.js,Duplicate Assert,"{'line': 708, 'column': 4, 'index': 20381}","  706 |     expect(wrapper.emitted('change').length).toEqual(1)
  707 |     expect(wrapper.emitted('blur').length).toEqual(1)
> 708 |     expect(wrapper.emitted('update').length).toEqual(2)
      |    ^ Duplicate Assert
  709 |
  710 |     wrapper.destroy()
  711 |   })"
/home/gabriel/Disk/Research/research-javascript-test-smells/repositories/bootstrap-vue-dev/src/components/form-textarea/form-textarea.spec.js,Duplicate Assert,"{'line': 763, 'column': 4, 'index': 21794}","  761 |     })
  762 |
> 763 |     expect(wrapper.emitted('update')).toBeUndefined()
      |    ^ Duplicate Assert
  764 |     expect(wrapper.emitted('input')).toBeUndefined()
  765 |     expect(wrapper.emitted('change')).toBeUndefined()
  766 |     expect(wrapper.vm.localValue).toEqual('')"
/home/gabriel/Disk/Research/research-javascript-test-smells/repositories/bootstrap-vue-dev/src/components/form-textarea/form-textarea.spec.js,Duplicate Assert,"{'line': 763, 'column': 4, 'index': 21794}","  761 |     })
  762 |
> 763 |     expect(wrapper.emitted('update')).toBeUndefined()
      |    ^ Duplicate Assert
  764 |     expect(wrapper.emitted('input')).toBeUndefined()
  765 |     expect(wrapper.emitted('change')).toBeUndefined()
  766 |     expect(wrapper.vm.localValue).toEqual('')"
/home/gabriel/Disk/Research/research-javascript-test-smells/repositories/bootstrap-vue-dev/src/components/form-textarea/form-textarea.spec.js,Duplicate Assert,"{'line': 764, 'column': 4, 'index': 21848}","  762 |
  763 |     expect(wrapper.emitted('update')).toBeUndefined()
> 764 |     expect(wrapper.emitted('input')).toBeUndefined()
      |    ^ Duplicate Assert
  765 |     expect(wrapper.emitted('change')).toBeUndefined()
  766 |     expect(wrapper.vm.localValue).toEqual('')
  767 |"
/home/gabriel/Disk/Research/research-javascript-test-smells/repositories/bootstrap-vue-dev/src/components/form-textarea/form-textarea.spec.js,Duplicate Assert,"{'line': 764, 'column': 4, 'index': 21848}","  762 |
  763 |     expect(wrapper.emitted('update')).toBeUndefined()
> 764 |     expect(wrapper.emitted('input')).toBeUndefined()
      |    ^ Duplicate Assert
  765 |     expect(wrapper.emitted('change')).toBeUndefined()
  766 |     expect(wrapper.vm.localValue).toEqual('')
  767 |"
/home/gabriel/Disk/Research/research-javascript-test-smells/repositories/bootstrap-vue-dev/src/components/form-textarea/form-textarea.spec.js,Duplicate Assert,"{'line': 765, 'column': 4, 'index': 21901}","  763 |     expect(wrapper.emitted('update')).toBeUndefined()
  764 |     expect(wrapper.emitted('input')).toBeUndefined()
> 765 |     expect(wrapper.emitted('change')).toBeUndefined()
      |    ^ Duplicate Assert
  766 |     expect(wrapper.vm.localValue).toEqual('')
  767 |
  768 |     await wrapper.setProps({ value: 'TEST' })"
/home/gabriel/Disk/Research/research-javascript-test-smells/repositories/bootstrap-vue-dev/src/components/form-textarea/form-textarea.spec.js,Duplicate Assert,"{'line': 765, 'column': 4, 'index': 21901}","  763 |     expect(wrapper.emitted('update')).toBeUndefined()
  764 |     expect(wrapper.emitted('input')).toBeUndefined()
> 765 |     expect(wrapper.emitted('change')).toBeUndefined()
      |    ^ Duplicate Assert
  766 |     expect(wrapper.vm.localValue).toEqual('')
  767 |
  768 |     await wrapper.setProps({ value: 'TEST' })"
/home/gabriel/Disk/Research/research-javascript-test-smells/repositories/bootstrap-vue-dev/src/components/form-textarea/form-textarea.spec.js,Duplicate Assert,"{'line': 766, 'column': 4, 'index': 21955}","  764 |     expect(wrapper.emitted('input')).toBeUndefined()
  765 |     expect(wrapper.emitted('change')).toBeUndefined()
> 766 |     expect(wrapper.vm.localValue).toEqual('')
      |    ^ Duplicate Assert
  767 |
  768 |     await wrapper.setProps({ value: 'TEST' })
  769 |     expect(wrapper.emitted('update')).toBeUndefined()"
/home/gabriel/Disk/Research/research-javascript-test-smells/repositories/bootstrap-vue-dev/src/components/form-textarea/form-textarea.spec.js,Duplicate Assert,"{'line': 769, 'column': 4, 'index': 22048}","  767 |
  768 |     await wrapper.setProps({ value: 'TEST' })
> 769 |     expect(wrapper.emitted('update')).toBeUndefined()
      |    ^ Duplicate Assert
  770 |     expect(wrapper.emitted('input')).toBeUndefined()
  771 |     expect(wrapper.emitted('change')).toBeUndefined()
  772 |     expect(wrapper.vm.localValue).toEqual('TEST')"
/home/gabriel/Disk/Research/research-javascript-test-smells/repositories/bootstrap-vue-dev/src/components/form-textarea/form-textarea.spec.js,Duplicate Assert,"{'line': 769, 'column': 4, 'index': 22048}","  767 |
  768 |     await wrapper.setProps({ value: 'TEST' })
> 769 |     expect(wrapper.emitted('update')).toBeUndefined()
      |    ^ Duplicate Assert
  770 |     expect(wrapper.emitted('input')).toBeUndefined()
  771 |     expect(wrapper.emitted('change')).toBeUndefined()
  772 |     expect(wrapper.vm.localValue).toEqual('TEST')"
/home/gabriel/Disk/Research/research-javascript-test-smells/repositories/bootstrap-vue-dev/src/components/form-textarea/form-textarea.spec.js,Duplicate Assert,"{'line': 770, 'column': 4, 'index': 22102}","  768 |     await wrapper.setProps({ value: 'TEST' })
  769 |     expect(wrapper.emitted('update')).toBeUndefined()
> 770 |     expect(wrapper.emitted('input')).toBeUndefined()
      |    ^ Duplicate Assert
  771 |     expect(wrapper.emitted('change')).toBeUndefined()
  772 |     expect(wrapper.vm.localValue).toEqual('TEST')
  773 |"
/home/gabriel/Disk/Research/research-javascript-test-smells/repositories/bootstrap-vue-dev/src/components/form-textarea/form-textarea.spec.js,Duplicate Assert,"{'line': 770, 'column': 4, 'index': 22102}","  768 |     await wrapper.setProps({ value: 'TEST' })
  769 |     expect(wrapper.emitted('update')).toBeUndefined()
> 770 |     expect(wrapper.emitted('input')).toBeUndefined()
      |    ^ Duplicate Assert
  771 |     expect(wrapper.emitted('change')).toBeUndefined()
  772 |     expect(wrapper.vm.localValue).toEqual('TEST')
  773 |"
/home/gabriel/Disk/Research/research-javascript-test-smells/repositories/bootstrap-vue-dev/src/components/form-textarea/form-textarea.spec.js,Duplicate Assert,"{'line': 771, 'column': 4, 'index': 22155}","  769 |     expect(wrapper.emitted('update')).toBeUndefined()
  770 |     expect(wrapper.emitted('input')).toBeUndefined()
> 771 |     expect(wrapper.emitted('change')).toBeUndefined()
      |    ^ Duplicate Assert
  772 |     expect(wrapper.vm.localValue).toEqual('TEST')
  773 |
  774 |     wrapper.destroy()"
/home/gabriel/Disk/Research/research-javascript-test-smells/repositories/bootstrap-vue-dev/src/components/form-textarea/form-textarea.spec.js,Duplicate Assert,"{'line': 771, 'column': 4, 'index': 22155}","  769 |     expect(wrapper.emitted('update')).toBeUndefined()
  770 |     expect(wrapper.emitted('input')).toBeUndefined()
> 771 |     expect(wrapper.emitted('change')).toBeUndefined()
      |    ^ Duplicate Assert
  772 |     expect(wrapper.vm.localValue).toEqual('TEST')
  773 |
  774 |     wrapper.destroy()"
/home/gabriel/Disk/Research/research-javascript-test-smells/repositories/bootstrap-vue-dev/src/components/form-textarea/form-textarea.spec.js,Duplicate Assert,"{'line': 772, 'column': 4, 'index': 22209}","  770 |     expect(wrapper.emitted('input')).toBeUndefined()
  771 |     expect(wrapper.emitted('change')).toBeUndefined()
> 772 |     expect(wrapper.vm.localValue).toEqual('TEST')
      |    ^ Duplicate Assert
  773 |
  774 |     wrapper.destroy()
  775 |   })"
/home/gabriel/Disk/Research/research-javascript-test-smells/repositories/bootstrap-vue-dev/src/components/form-textarea/form-textarea.spec.js,Duplicate Assert,"{'line': 789, 'column': 4, 'index': 22588}","  787 |     })
  788 |
> 789 |     expect(wrapper.emitted('update')).toBeUndefined()
      |    ^ Duplicate Assert
  790 |     expect(wrapper.emitted('input')).toBeUndefined()
  791 |     expect(wrapper.emitted('change')).toBeUndefined()
  792 |     expect(wrapper.vm.localValue).toEqual('')"
/home/gabriel/Disk/Research/research-javascript-test-smells/repositories/bootstrap-vue-dev/src/components/form-textarea/form-textarea.spec.js,Duplicate Assert,"{'line': 789, 'column': 4, 'index': 22588}","  787 |     })
  788 |
> 789 |     expect(wrapper.emitted('update')).toBeUndefined()
      |    ^ Duplicate Assert
  790 |     expect(wrapper.emitted('input')).toBeUndefined()
  791 |     expect(wrapper.emitted('change')).toBeUndefined()
  792 |     expect(wrapper.vm.localValue).toEqual('')"
/home/gabriel/Disk/Research/research-javascript-test-smells/repositories/bootstrap-vue-dev/src/components/form-textarea/form-textarea.spec.js,Duplicate Assert,"{'line': 790, 'column': 4, 'index': 22642}","  788 |
  789 |     expect(wrapper.emitted('update')).toBeUndefined()
> 790 |     expect(wrapper.emitted('input')).toBeUndefined()
      |    ^ Duplicate Assert
  791 |     expect(wrapper.emitted('change')).toBeUndefined()
  792 |     expect(wrapper.vm.localValue).toEqual('')
  793 |"
/home/gabriel/Disk/Research/research-javascript-test-smells/repositories/bootstrap-vue-dev/src/components/form-textarea/form-textarea.spec.js,Duplicate Assert,"{'line': 790, 'column': 4, 'index': 22642}","  788 |
  789 |     expect(wrapper.emitted('update')).toBeUndefined()
> 790 |     expect(wrapper.emitted('input')).toBeUndefined()
      |    ^ Duplicate Assert
  791 |     expect(wrapper.emitted('change')).toBeUndefined()
  792 |     expect(wrapper.vm.localValue).toEqual('')
  793 |"
/home/gabriel/Disk/Research/research-javascript-test-smells/repositories/bootstrap-vue-dev/src/components/form-textarea/form-textarea.spec.js,Duplicate Assert,"{'line': 791, 'column': 4, 'index': 22695}","  789 |     expect(wrapper.emitted('update')).toBeUndefined()
  790 |     expect(wrapper.emitted('input')).toBeUndefined()
> 791 |     expect(wrapper.emitted('change')).toBeUndefined()
      |    ^ Duplicate Assert
  792 |     expect(wrapper.vm.localValue).toEqual('')
  793 |
  794 |     // Does not emit any events"
/home/gabriel/Disk/Research/research-javascript-test-smells/repositories/bootstrap-vue-dev/src/components/form-textarea/form-textarea.spec.js,Duplicate Assert,"{'line': 791, 'column': 4, 'index': 22695}","  789 |     expect(wrapper.emitted('update')).toBeUndefined()
  790 |     expect(wrapper.emitted('input')).toBeUndefined()
> 791 |     expect(wrapper.emitted('change')).toBeUndefined()
      |    ^ Duplicate Assert
  792 |     expect(wrapper.vm.localValue).toEqual('')
  793 |
  794 |     // Does not emit any events"
/home/gabriel/Disk/Research/research-javascript-test-smells/repositories/bootstrap-vue-dev/src/components/form-textarea/form-textarea.spec.js,Duplicate Assert,"{'line': 792, 'column': 4, 'index': 22749}","  790 |     expect(wrapper.emitted('input')).toBeUndefined()
  791 |     expect(wrapper.emitted('change')).toBeUndefined()
> 792 |     expect(wrapper.vm.localValue).toEqual('')
      |    ^ Duplicate Assert
  793 |
  794 |     // Does not emit any events
  795 |     await wrapper.setProps({ value: 'TEST' })"
/home/gabriel/Disk/Research/research-javascript-test-smells/repositories/bootstrap-vue-dev/src/components/form-textarea/form-textarea.spec.js,Duplicate Assert,"{'line': 796, 'column': 4, 'index': 22874}","  794 |     // Does not emit any events
  795 |     await wrapper.setProps({ value: 'TEST' })
> 796 |     expect(wrapper.emitted('update')).toBeUndefined()
      |    ^ Duplicate Assert
  797 |     expect(wrapper.emitted('input')).toBeUndefined()
  798 |     expect(wrapper.emitted('change')).toBeUndefined()
  799 |     expect(wrapper.vm.localValue).toEqual('TEST')"
/home/gabriel/Disk/Research/research-javascript-test-smells/repositories/bootstrap-vue-dev/src/components/form-textarea/form-textarea.spec.js,Duplicate Assert,"{'line': 796, 'column': 4, 'index': 22874}","  794 |     // Does not emit any events
  795 |     await wrapper.setProps({ value: 'TEST' })
> 796 |     expect(wrapper.emitted('update')).toBeUndefined()
      |    ^ Duplicate Assert
  797 |     expect(wrapper.emitted('input')).toBeUndefined()
  798 |     expect(wrapper.emitted('change')).toBeUndefined()
  799 |     expect(wrapper.vm.localValue).toEqual('TEST')"
/home/gabriel/Disk/Research/research-javascript-test-smells/repositories/bootstrap-vue-dev/src/components/form-textarea/form-textarea.spec.js,Duplicate Assert,"{'line': 797, 'column': 4, 'index': 22928}","  795 |     await wrapper.setProps({ value: 'TEST' })
  796 |     expect(wrapper.emitted('update')).toBeUndefined()
> 797 |     expect(wrapper.emitted('input')).toBeUndefined()
      |    ^ Duplicate Assert
  798 |     expect(wrapper.emitted('change')).toBeUndefined()
  799 |     expect(wrapper.vm.localValue).toEqual('TEST')
  800 |"
/home/gabriel/Disk/Research/research-javascript-test-smells/repositories/bootstrap-vue-dev/src/components/form-textarea/form-textarea.spec.js,Duplicate Assert,"{'line': 797, 'column': 4, 'index': 22928}","  795 |     await wrapper.setProps({ value: 'TEST' })
  796 |     expect(wrapper.emitted('update')).toBeUndefined()
> 797 |     expect(wrapper.emitted('input')).toBeUndefined()
      |    ^ Duplicate Assert
  798 |     expect(wrapper.emitted('change')).toBeUndefined()
  799 |     expect(wrapper.vm.localValue).toEqual('TEST')
  800 |"
/home/gabriel/Disk/Research/research-javascript-test-smells/repositories/bootstrap-vue-dev/src/components/form-textarea/form-textarea.spec.js,Duplicate Assert,"{'line': 798, 'column': 4, 'index': 22981}","  796 |     expect(wrapper.emitted('update')).toBeUndefined()
  797 |     expect(wrapper.emitted('input')).toBeUndefined()
> 798 |     expect(wrapper.emitted('change')).toBeUndefined()
      |    ^ Duplicate Assert
  799 |     expect(wrapper.vm.localValue).toEqual('TEST')
  800 |
  801 |     wrapper.destroy()"
/home/gabriel/Disk/Research/research-javascript-test-smells/repositories/bootstrap-vue-dev/src/components/form-textarea/form-textarea.spec.js,Duplicate Assert,"{'line': 798, 'column': 4, 'index': 22981}","  796 |     expect(wrapper.emitted('update')).toBeUndefined()
  797 |     expect(wrapper.emitted('input')).toBeUndefined()
> 798 |     expect(wrapper.emitted('change')).toBeUndefined()
      |    ^ Duplicate Assert
  799 |     expect(wrapper.vm.localValue).toEqual('TEST')
  800 |
  801 |     wrapper.destroy()"
/home/gabriel/Disk/Research/research-javascript-test-smells/repositories/bootstrap-vue-dev/src/components/form-textarea/form-textarea.spec.js,Duplicate Assert,"{'line': 799, 'column': 4, 'index': 23035}","  797 |     expect(wrapper.emitted('input')).toBeUndefined()
  798 |     expect(wrapper.emitted('change')).toBeUndefined()
> 799 |     expect(wrapper.vm.localValue).toEqual('TEST')
      |    ^ Duplicate Assert
  800 |
  801 |     wrapper.destroy()
  802 |   })"
/home/gabriel/Disk/Research/research-javascript-test-smells/repositories/bootstrap-vue-dev/src/components/form-textarea/form-textarea.spec.js,Duplicate Assert,"{'line': 813, 'column': 4, 'index': 23308}","  811 |     })
  812 |
> 813 |     expect(wrapper.vm.localValue).toEqual('')
      |    ^ Duplicate Assert
  814 |
  815 |     wrapper.element.value = 'TEST'
  816 |     await wrapper.trigger('input')"
/home/gabriel/Disk/Research/research-javascript-test-smells/repositories/bootstrap-vue-dev/src/components/form-textarea/form-textarea.spec.js,Duplicate Assert,"{'line': 818, 'column': 4, 'index': 23426}","  816 |     await wrapper.trigger('input')
  817 |
> 818 |     expect(wrapper.vm.localValue).toEqual('TEST')
      |    ^ Duplicate Assert
  819 |     expect(wrapper.emitted('update')).toBeDefined()
  820 |     expect(wrapper.emitted('update').length).toEqual(1)
  821 |     expect(wrapper.emitted('update')[0][0]).toEqual('TEST')"
/home/gabriel/Disk/Research/research-javascript-test-smells/repositories/bootstrap-vue-dev/src/components/form-textarea/form-textarea.spec.js,Duplicate Assert,"{'line': 819, 'column': 4, 'index': 23476}","  817 |
  818 |     expect(wrapper.vm.localValue).toEqual('TEST')
> 819 |     expect(wrapper.emitted('update')).toBeDefined()
      |    ^ Duplicate Assert
  820 |     expect(wrapper.emitted('update').length).toEqual(1)
  821 |     expect(wrapper.emitted('update')[0][0]).toEqual('TEST')
  822 |     expect(wrapper.emitted('input')).toBeDefined()"
/home/gabriel/Disk/Research/research-javascript-test-smells/repositories/bootstrap-vue-dev/src/components/form-textarea/form-textarea.spec.js,Duplicate Assert,"{'line': 819, 'column': 4, 'index': 23476}","  817 |
  818 |     expect(wrapper.vm.localValue).toEqual('TEST')
> 819 |     expect(wrapper.emitted('update')).toBeDefined()
      |    ^ Duplicate Assert
  820 |     expect(wrapper.emitted('update').length).toEqual(1)
  821 |     expect(wrapper.emitted('update')[0][0]).toEqual('TEST')
  822 |     expect(wrapper.emitted('input')).toBeDefined()"
/home/gabriel/Disk/Research/research-javascript-test-smells/repositories/bootstrap-vue-dev/src/components/form-textarea/form-textarea.spec.js,Duplicate Assert,"{'line': 820, 'column': 4, 'index': 23528}","  818 |     expect(wrapper.vm.localValue).toEqual('TEST')
  819 |     expect(wrapper.emitted('update')).toBeDefined()
> 820 |     expect(wrapper.emitted('update').length).toEqual(1)
      |    ^ Duplicate Assert
  821 |     expect(wrapper.emitted('update')[0][0]).toEqual('TEST')
  822 |     expect(wrapper.emitted('input')).toBeDefined()
  823 |     expect(wrapper.emitted('input').length).toEqual(1)"
/home/gabriel/Disk/Research/research-javascript-test-smells/repositories/bootstrap-vue-dev/src/components/form-textarea/form-textarea.spec.js,Duplicate Assert,"{'line': 820, 'column': 4, 'index': 23528}","  818 |     expect(wrapper.vm.localValue).toEqual('TEST')
  819 |     expect(wrapper.emitted('update')).toBeDefined()
> 820 |     expect(wrapper.emitted('update').length).toEqual(1)
      |    ^ Duplicate Assert
  821 |     expect(wrapper.emitted('update')[0][0]).toEqual('TEST')
  822 |     expect(wrapper.emitted('input')).toBeDefined()
  823 |     expect(wrapper.emitted('input').length).toEqual(1)"
/home/gabriel/Disk/Research/research-javascript-test-smells/repositories/bootstrap-vue-dev/src/components/form-textarea/form-textarea.spec.js,Duplicate Assert,"{'line': 822, 'column': 4, 'index': 23644}","  820 |     expect(wrapper.emitted('update').length).toEqual(1)
  821 |     expect(wrapper.emitted('update')[0][0]).toEqual('TEST')
> 822 |     expect(wrapper.emitted('input')).toBeDefined()
      |    ^ Duplicate Assert
  823 |     expect(wrapper.emitted('input').length).toEqual(1)
  824 |     expect(wrapper.emitted('input')[0][0]).toEqual('TEST')
  825 |"
/home/gabriel/Disk/Research/research-javascript-test-smells/repositories/bootstrap-vue-dev/src/components/form-textarea/form-textarea.spec.js,Duplicate Assert,"{'line': 822, 'column': 4, 'index': 23644}","  820 |     expect(wrapper.emitted('update').length).toEqual(1)
  821 |     expect(wrapper.emitted('update')[0][0]).toEqual('TEST')
> 822 |     expect(wrapper.emitted('input')).toBeDefined()
      |    ^ Duplicate Assert
  823 |     expect(wrapper.emitted('input').length).toEqual(1)
  824 |     expect(wrapper.emitted('input')[0][0]).toEqual('TEST')
  825 |"
/home/gabriel/Disk/Research/research-javascript-test-smells/repositories/bootstrap-vue-dev/src/components/form-textarea/form-textarea.spec.js,Duplicate Assert,"{'line': 823, 'column': 4, 'index': 23695}","  821 |     expect(wrapper.emitted('update')[0][0]).toEqual('TEST')
  822 |     expect(wrapper.emitted('input')).toBeDefined()
> 823 |     expect(wrapper.emitted('input').length).toEqual(1)
      |    ^ Duplicate Assert
  824 |     expect(wrapper.emitted('input')[0][0]).toEqual('TEST')
  825 |
  826 |     wrapper.element.value = 'TEST  '"
/home/gabriel/Disk/Research/research-javascript-test-smells/repositories/bootstrap-vue-dev/src/components/form-textarea/form-textarea.spec.js,Duplicate Assert,"{'line': 829, 'column': 4, 'index': 23883}","  827 |     await wrapper.trigger('input')
  828 |
> 829 |     expect(wrapper.vm.localValue).toEqual('TEST  ')
      |    ^ Duplicate Assert
  830 |     // `v-model` value stays the same and update event shouldn't be emitted again
  831 |     expect(wrapper.emitted('update')).toBeDefined()
  832 |     expect(wrapper.emitted('update').length).toEqual(1)"
/home/gabriel/Disk/Research/research-javascript-test-smells/repositories/bootstrap-vue-dev/src/components/form-textarea/form-textarea.spec.js,Duplicate Assert,"{'line': 831, 'column': 4, 'index': 24017}","  829 |     expect(wrapper.vm.localValue).toEqual('TEST  ')
  830 |     // `v-model` value stays the same and update event shouldn't be emitted again
> 831 |     expect(wrapper.emitted('update')).toBeDefined()
      |    ^ Duplicate Assert
  832 |     expect(wrapper.emitted('update').length).toEqual(1)
  833 |     expect(wrapper.emitted('input')).toBeDefined()
  834 |     expect(wrapper.emitted('input').length).toEqual(2)"
/home/gabriel/Disk/Research/research-javascript-test-smells/repositories/bootstrap-vue-dev/src/components/form-textarea/form-textarea.spec.js,Duplicate Assert,"{'line': 831, 'column': 4, 'index': 24017}","  829 |     expect(wrapper.vm.localValue).toEqual('TEST  ')
  830 |     // `v-model` value stays the same and update event shouldn't be emitted again
> 831 |     expect(wrapper.emitted('update')).toBeDefined()
      |    ^ Duplicate Assert
  832 |     expect(wrapper.emitted('update').length).toEqual(1)
  833 |     expect(wrapper.emitted('input')).toBeDefined()
  834 |     expect(wrapper.emitted('input').length).toEqual(2)"
/home/gabriel/Disk/Research/research-javascript-test-smells/repositories/bootstrap-vue-dev/src/components/form-textarea/form-textarea.spec.js,Duplicate Assert,"{'line': 832, 'column': 4, 'index': 24069}","  830 |     // `v-model` value stays the same and update event shouldn't be emitted again
  831 |     expect(wrapper.emitted('update')).toBeDefined()
> 832 |     expect(wrapper.emitted('update').length).toEqual(1)
      |    ^ Duplicate Assert
  833 |     expect(wrapper.emitted('input')).toBeDefined()
  834 |     expect(wrapper.emitted('input').length).toEqual(2)
  835 |     expect(wrapper.emitted('input')[1][0]).toEqual('TEST  ')"
/home/gabriel/Disk/Research/research-javascript-test-smells/repositories/bootstrap-vue-dev/src/components/form-textarea/form-textarea.spec.js,Duplicate Assert,"{'line': 832, 'column': 4, 'index': 24069}","  830 |     // `v-model` value stays the same and update event shouldn't be emitted again
  831 |     expect(wrapper.emitted('update')).toBeDefined()
> 832 |     expect(wrapper.emitted('update').length).toEqual(1)
      |    ^ Duplicate Assert
  833 |     expect(wrapper.emitted('input')).toBeDefined()
  834 |     expect(wrapper.emitted('input').length).toEqual(2)
  835 |     expect(wrapper.emitted('input')[1][0]).toEqual('TEST  ')"
/home/gabriel/Disk/Research/research-javascript-test-smells/repositories/bootstrap-vue-dev/src/components/form-textarea/form-textarea.spec.js,Duplicate Assert,"{'line': 833, 'column': 4, 'index': 24125}","  831 |     expect(wrapper.emitted('update')).toBeDefined()
  832 |     expect(wrapper.emitted('update').length).toEqual(1)
> 833 |     expect(wrapper.emitted('input')).toBeDefined()
      |    ^ Duplicate Assert
  834 |     expect(wrapper.emitted('input').length).toEqual(2)
  835 |     expect(wrapper.emitted('input')[1][0]).toEqual('TEST  ')
  836 |"
/home/gabriel/Disk/Research/research-javascript-test-smells/repositories/bootstrap-vue-dev/src/components/form-textarea/form-textarea.spec.js,Duplicate Assert,"{'line': 833, 'column': 4, 'index': 24125}","  831 |     expect(wrapper.emitted('update')).toBeDefined()
  832 |     expect(wrapper.emitted('update').length).toEqual(1)
> 833 |     expect(wrapper.emitted('input')).toBeDefined()
      |    ^ Duplicate Assert
  834 |     expect(wrapper.emitted('input').length).toEqual(2)
  835 |     expect(wrapper.emitted('input')[1][0]).toEqual('TEST  ')
  836 |"
/home/gabriel/Disk/Research/research-javascript-test-smells/repositories/bootstrap-vue-dev/src/components/form-textarea/form-textarea.spec.js,Duplicate Assert,"{'line': 834, 'column': 4, 'index': 24176}","  832 |     expect(wrapper.emitted('update').length).toEqual(1)
  833 |     expect(wrapper.emitted('input')).toBeDefined()
> 834 |     expect(wrapper.emitted('input').length).toEqual(2)
      |    ^ Duplicate Assert
  835 |     expect(wrapper.emitted('input')[1][0]).toEqual('TEST  ')
  836 |
  837 |     wrapper.element.value = '  TEST  '"
/home/gabriel/Disk/Research/research-javascript-test-smells/repositories/bootstrap-vue-dev/src/components/form-textarea/form-textarea.spec.js,Duplicate Assert,"{'line': 840, 'column': 4, 'index': 24368}","  838 |     await wrapper.trigger('input')
  839 |
> 840 |     expect(wrapper.vm.localValue).toEqual('  TEST  ')
      |    ^ Duplicate Assert
  841 |     // `v-model` value stays the same and update event shouldn't be emitted again
  842 |     expect(wrapper.emitted('update')).toBeDefined()
  843 |     expect(wrapper.emitted('update').length).toEqual(1)"
/home/gabriel/Disk/Research/research-javascript-test-smells/repositories/bootstrap-vue-dev/src/components/form-textarea/form-textarea.spec.js,Duplicate Assert,"{'line': 840, 'column': 4, 'index': 24368}","  838 |     await wrapper.trigger('input')
  839 |
> 840 |     expect(wrapper.vm.localValue).toEqual('  TEST  ')
      |    ^ Duplicate Assert
  841 |     // `v-model` value stays the same and update event shouldn't be emitted again
  842 |     expect(wrapper.emitted('update')).toBeDefined()
  843 |     expect(wrapper.emitted('update').length).toEqual(1)"
/home/gabriel/Disk/Research/research-javascript-test-smells/repositories/bootstrap-vue-dev/src/components/form-textarea/form-textarea.spec.js,Duplicate Assert,"{'line': 842, 'column': 4, 'index': 24504}","  840 |     expect(wrapper.vm.localValue).toEqual('  TEST  ')
  841 |     // `v-model` value stays the same and update event shouldn't be emitted again
> 842 |     expect(wrapper.emitted('update')).toBeDefined()
      |    ^ Duplicate Assert
  843 |     expect(wrapper.emitted('update').length).toEqual(1)
  844 |     expect(wrapper.emitted('input')).toBeDefined()
  845 |     expect(wrapper.emitted('input').length).toEqual(3)"
/home/gabriel/Disk/Research/research-javascript-test-smells/repositories/bootstrap-vue-dev/src/components/form-textarea/form-textarea.spec.js,Duplicate Assert,"{'line': 842, 'column': 4, 'index': 24504}","  840 |     expect(wrapper.vm.localValue).toEqual('  TEST  ')
  841 |     // `v-model` value stays the same and update event shouldn't be emitted again
> 842 |     expect(wrapper.emitted('update')).toBeDefined()
      |    ^ Duplicate Assert
  843 |     expect(wrapper.emitted('update').length).toEqual(1)
  844 |     expect(wrapper.emitted('input')).toBeDefined()
  845 |     expect(wrapper.emitted('input').length).toEqual(3)"
/home/gabriel/Disk/Research/research-javascript-test-smells/repositories/bootstrap-vue-dev/src/components/form-textarea/form-textarea.spec.js,Duplicate Assert,"{'line': 843, 'column': 4, 'index': 24556}","  841 |     // `v-model` value stays the same and update event shouldn't be emitted again
  842 |     expect(wrapper.emitted('update')).toBeDefined()
> 843 |     expect(wrapper.emitted('update').length).toEqual(1)
      |    ^ Duplicate Assert
  844 |     expect(wrapper.emitted('input')).toBeDefined()
  845 |     expect(wrapper.emitted('input').length).toEqual(3)
  846 |     expect(wrapper.emitted('input')[2][0]).toEqual('  TEST  ')"
/home/gabriel/Disk/Research/research-javascript-test-smells/repositories/bootstrap-vue-dev/src/components/form-textarea/form-textarea.spec.js,Duplicate Assert,"{'line': 843, 'column': 4, 'index': 24556}","  841 |     // `v-model` value stays the same and update event shouldn't be emitted again
  842 |     expect(wrapper.emitted('update')).toBeDefined()
> 843 |     expect(wrapper.emitted('update').length).toEqual(1)
      |    ^ Duplicate Assert
  844 |     expect(wrapper.emitted('input')).toBeDefined()
  845 |     expect(wrapper.emitted('input').length).toEqual(3)
  846 |     expect(wrapper.emitted('input')[2][0]).toEqual('  TEST  ')"
/home/gabriel/Disk/Research/research-javascript-test-smells/repositories/bootstrap-vue-dev/src/components/form-textarea/form-textarea.spec.js,Duplicate Assert,"{'line': 844, 'column': 4, 'index': 24612}","  842 |     expect(wrapper.emitted('update')).toBeDefined()
  843 |     expect(wrapper.emitted('update').length).toEqual(1)
> 844 |     expect(wrapper.emitted('input')).toBeDefined()
      |    ^ Duplicate Assert
  845 |     expect(wrapper.emitted('input').length).toEqual(3)
  846 |     expect(wrapper.emitted('input')[2][0]).toEqual('  TEST  ')
  847 |"
/home/gabriel/Disk/Research/research-javascript-test-smells/repositories/bootstrap-vue-dev/src/components/form-textarea/form-textarea.spec.js,Duplicate Assert,"{'line': 844, 'column': 4, 'index': 24612}","  842 |     expect(wrapper.emitted('update')).toBeDefined()
  843 |     expect(wrapper.emitted('update').length).toEqual(1)
> 844 |     expect(wrapper.emitted('input')).toBeDefined()
      |    ^ Duplicate Assert
  845 |     expect(wrapper.emitted('input').length).toEqual(3)
  846 |     expect(wrapper.emitted('input')[2][0]).toEqual('  TEST  ')
  847 |"
/home/gabriel/Disk/Research/research-javascript-test-smells/repositories/bootstrap-vue-dev/src/components/form-textarea/form-textarea.spec.js,Duplicate Assert,"{'line': 845, 'column': 4, 'index': 24663}","  843 |     expect(wrapper.emitted('update').length).toEqual(1)
  844 |     expect(wrapper.emitted('input')).toBeDefined()
> 845 |     expect(wrapper.emitted('input').length).toEqual(3)
      |    ^ Duplicate Assert
  846 |     expect(wrapper.emitted('input')[2][0]).toEqual('  TEST  ')
  847 |
  848 |     await wrapper.trigger('input')"
/home/gabriel/Disk/Research/research-javascript-test-smells/repositories/bootstrap-vue-dev/src/components/form-textarea/form-textarea.spec.js,Duplicate Assert,"{'line': 850, 'column': 4, 'index': 24818}","  848 |     await wrapper.trigger('input')
  849 |
> 850 |     expect(wrapper.vm.localValue).toEqual('  TEST  ')
      |    ^ Duplicate Assert
  851 |     // `v-model` value stays the same and update event shouldn't be emitted again
  852 |     expect(wrapper.emitted('update')).toBeDefined()
  853 |     expect(wrapper.emitted('update').length).toEqual(1)"
/home/gabriel/Disk/Research/research-javascript-test-smells/repositories/bootstrap-vue-dev/src/components/form-textarea/form-textarea.spec.js,Duplicate Assert,"{'line': 850, 'column': 4, 'index': 24818}","  848 |     await wrapper.trigger('input')
  849 |
> 850 |     expect(wrapper.vm.localValue).toEqual('  TEST  ')
      |    ^ Duplicate Assert
  851 |     // `v-model` value stays the same and update event shouldn't be emitted again
  852 |     expect(wrapper.emitted('update')).toBeDefined()
  853 |     expect(wrapper.emitted('update').length).toEqual(1)"
/home/gabriel/Disk/Research/research-javascript-test-smells/repositories/bootstrap-vue-dev/src/components/form-textarea/form-textarea.spec.js,Duplicate Assert,"{'line': 852, 'column': 4, 'index': 24954}","  850 |     expect(wrapper.vm.localValue).toEqual('  TEST  ')
  851 |     // `v-model` value stays the same and update event shouldn't be emitted again
> 852 |     expect(wrapper.emitted('update')).toBeDefined()
      |    ^ Duplicate Assert
  853 |     expect(wrapper.emitted('update').length).toEqual(1)
  854 |     expect(wrapper.emitted('input')).toBeDefined()
  855 |     expect(wrapper.emitted('input').length).toEqual(4)"
/home/gabriel/Disk/Research/research-javascript-test-smells/repositories/bootstrap-vue-dev/src/components/form-textarea/form-textarea.spec.js,Duplicate Assert,"{'line': 852, 'column': 4, 'index': 24954}","  850 |     expect(wrapper.vm.localValue).toEqual('  TEST  ')
  851 |     // `v-model` value stays the same and update event shouldn't be emitted again
> 852 |     expect(wrapper.emitted('update')).toBeDefined()
      |    ^ Duplicate Assert
  853 |     expect(wrapper.emitted('update').length).toEqual(1)
  854 |     expect(wrapper.emitted('input')).toBeDefined()
  855 |     expect(wrapper.emitted('input').length).toEqual(4)"
/home/gabriel/Disk/Research/research-javascript-test-smells/repositories/bootstrap-vue-dev/src/components/form-textarea/form-textarea.spec.js,Duplicate Assert,"{'line': 853, 'column': 4, 'index': 25006}","  851 |     // `v-model` value stays the same and update event shouldn't be emitted again
  852 |     expect(wrapper.emitted('update')).toBeDefined()
> 853 |     expect(wrapper.emitted('update').length).toEqual(1)
      |    ^ Duplicate Assert
  854 |     expect(wrapper.emitted('input')).toBeDefined()
  855 |     expect(wrapper.emitted('input').length).toEqual(4)
  856 |     expect(wrapper.emitted('input')[3][0]).toEqual('  TEST  ')"
/home/gabriel/Disk/Research/research-javascript-test-smells/repositories/bootstrap-vue-dev/src/components/form-textarea/form-textarea.spec.js,Duplicate Assert,"{'line': 853, 'column': 4, 'index': 25006}","  851 |     // `v-model` value stays the same and update event shouldn't be emitted again
  852 |     expect(wrapper.emitted('update')).toBeDefined()
> 853 |     expect(wrapper.emitted('update').length).toEqual(1)
      |    ^ Duplicate Assert
  854 |     expect(wrapper.emitted('input')).toBeDefined()
  855 |     expect(wrapper.emitted('input').length).toEqual(4)
  856 |     expect(wrapper.emitted('input')[3][0]).toEqual('  TEST  ')"
/home/gabriel/Disk/Research/research-javascript-test-smells/repositories/bootstrap-vue-dev/src/components/form-textarea/form-textarea.spec.js,Duplicate Assert,"{'line': 854, 'column': 4, 'index': 25062}","  852 |     expect(wrapper.emitted('update')).toBeDefined()
  853 |     expect(wrapper.emitted('update').length).toEqual(1)
> 854 |     expect(wrapper.emitted('input')).toBeDefined()
      |    ^ Duplicate Assert
  855 |     expect(wrapper.emitted('input').length).toEqual(4)
  856 |     expect(wrapper.emitted('input')[3][0]).toEqual('  TEST  ')
  857 |"
/home/gabriel/Disk/Research/research-javascript-test-smells/repositories/bootstrap-vue-dev/src/components/form-textarea/form-textarea.spec.js,Duplicate Assert,"{'line': 854, 'column': 4, 'index': 25062}","  852 |     expect(wrapper.emitted('update')).toBeDefined()
  853 |     expect(wrapper.emitted('update').length).toEqual(1)
> 854 |     expect(wrapper.emitted('input')).toBeDefined()
      |    ^ Duplicate Assert
  855 |     expect(wrapper.emitted('input').length).toEqual(4)
  856 |     expect(wrapper.emitted('input')[3][0]).toEqual('  TEST  ')
  857 |"
/home/gabriel/Disk/Research/research-javascript-test-smells/repositories/bootstrap-vue-dev/src/components/form-textarea/form-textarea.spec.js,Duplicate Assert,"{'line': 855, 'column': 4, 'index': 25113}","  853 |     expect(wrapper.emitted('update').length).toEqual(1)
  854 |     expect(wrapper.emitted('input')).toBeDefined()
> 855 |     expect(wrapper.emitted('input').length).toEqual(4)
      |    ^ Duplicate Assert
  856 |     expect(wrapper.emitted('input')[3][0]).toEqual('  TEST  ')
  857 |
  858 |     await wrapper.trigger('change')"
/home/gabriel/Disk/Research/research-javascript-test-smells/repositories/bootstrap-vue-dev/src/components/form-textarea/form-textarea.spec.js,Duplicate Assert,"{'line': 860, 'column': 4, 'index': 25269}","  858 |     await wrapper.trigger('change')
  859 |
> 860 |     expect(wrapper.vm.localValue).toEqual('  TEST  ')
      |    ^ Duplicate Assert
  861 |     // `v-model` value stays the same and update event shouldn't be emitted again
  862 |     expect(wrapper.emitted('update')).toBeDefined()
  863 |     expect(wrapper.emitted('update').length).toEqual(1)"
/home/gabriel/Disk/Research/research-javascript-test-smells/repositories/bootstrap-vue-dev/src/components/form-textarea/form-textarea.spec.js,Duplicate Assert,"{'line': 860, 'column': 4, 'index': 25269}","  858 |     await wrapper.trigger('change')
  859 |
> 860 |     expect(wrapper.vm.localValue).toEqual('  TEST  ')
      |    ^ Duplicate Assert
  861 |     // `v-model` value stays the same and update event shouldn't be emitted again
  862 |     expect(wrapper.emitted('update')).toBeDefined()
  863 |     expect(wrapper.emitted('update').length).toEqual(1)"
/home/gabriel/Disk/Research/research-javascript-test-smells/repositories/bootstrap-vue-dev/src/components/form-textarea/form-textarea.spec.js,Duplicate Assert,"{'line': 862, 'column': 4, 'index': 25405}","  860 |     expect(wrapper.vm.localValue).toEqual('  TEST  ')
  861 |     // `v-model` value stays the same and update event shouldn't be emitted again
> 862 |     expect(wrapper.emitted('update')).toBeDefined()
      |    ^ Duplicate Assert
  863 |     expect(wrapper.emitted('update').length).toEqual(1)
  864 |     expect(wrapper.emitted('change')).toBeDefined()
  865 |     expect(wrapper.emitted('change').length).toEqual(1)"
/home/gabriel/Disk/Research/research-javascript-test-smells/repositories/bootstrap-vue-dev/src/components/form-textarea/form-textarea.spec.js,Duplicate Assert,"{'line': 862, 'column': 4, 'index': 25405}","  860 |     expect(wrapper.vm.localValue).toEqual('  TEST  ')
  861 |     // `v-model` value stays the same and update event shouldn't be emitted again
> 862 |     expect(wrapper.emitted('update')).toBeDefined()
      |    ^ Duplicate Assert
  863 |     expect(wrapper.emitted('update').length).toEqual(1)
  864 |     expect(wrapper.emitted('change')).toBeDefined()
  865 |     expect(wrapper.emitted('change').length).toEqual(1)"
/home/gabriel/Disk/Research/research-javascript-test-smells/repositories/bootstrap-vue-dev/src/components/form-textarea/form-textarea.spec.js,Duplicate Assert,"{'line': 863, 'column': 4, 'index': 25457}","  861 |     // `v-model` value stays the same and update event shouldn't be emitted again
  862 |     expect(wrapper.emitted('update')).toBeDefined()
> 863 |     expect(wrapper.emitted('update').length).toEqual(1)
      |    ^ Duplicate Assert
  864 |     expect(wrapper.emitted('change')).toBeDefined()
  865 |     expect(wrapper.emitted('change').length).toEqual(1)
  866 |     expect(wrapper.emitted('change')[0][0]).toEqual('  TEST  ')"
/home/gabriel/Disk/Research/research-javascript-test-smells/repositories/bootstrap-vue-dev/src/components/form-textarea/form-textarea.spec.js,Duplicate Assert,"{'line': 863, 'column': 4, 'index': 25457}","  861 |     // `v-model` value stays the same and update event shouldn't be emitted again
  862 |     expect(wrapper.emitted('update')).toBeDefined()
> 863 |     expect(wrapper.emitted('update').length).toEqual(1)
      |    ^ Duplicate Assert
  864 |     expect(wrapper.emitted('change')).toBeDefined()
  865 |     expect(wrapper.emitted('change').length).toEqual(1)
  866 |     expect(wrapper.emitted('change')[0][0]).toEqual('  TEST  ')"
/home/gabriel/Disk/Research/research-javascript-test-smells/repositories/bootstrap-vue-dev/src/components/form-textarea/form-textarea.spec.js,Duplicate Assert,"{'line': 880, 'column': 4, 'index': 25912}","  878 |     })
  879 |
> 880 |     expect(wrapper.vm.localValue).toEqual('')
      |    ^ Duplicate Assert
  881 |
  882 |     wrapper.element.value = 'TEST'
  883 |     await wrapper.trigger('input')"
/home/gabriel/Disk/Research/research-javascript-test-smells/repositories/bootstrap-vue-dev/src/components/form-textarea/form-textarea.spec.js,Duplicate Assert,"{'line': 885, 'column': 4, 'index': 26030}","  883 |     await wrapper.trigger('input')
  884 |
> 885 |     expect(wrapper.vm.localValue).toEqual('TEST')
      |    ^ Duplicate Assert
  886 |     expect(wrapper.emitted('update')).toBeDefined()
  887 |     expect(wrapper.emitted('update').length).toEqual(1)
  888 |     expect(wrapper.emitted('update')[0][0]).toEqual('TEST')"
/home/gabriel/Disk/Research/research-javascript-test-smells/repositories/bootstrap-vue-dev/src/components/form-textarea/form-textarea.spec.js,Duplicate Assert,"{'line': 886, 'column': 4, 'index': 26080}","  884 |
  885 |     expect(wrapper.vm.localValue).toEqual('TEST')
> 886 |     expect(wrapper.emitted('update')).toBeDefined()
      |    ^ Duplicate Assert
  887 |     expect(wrapper.emitted('update').length).toEqual(1)
  888 |     expect(wrapper.emitted('update')[0][0]).toEqual('TEST')
  889 |     expect(typeof wrapper.emitted('update')[0][0]).toEqual('string')"
/home/gabriel/Disk/Research/research-javascript-test-smells/repositories/bootstrap-vue-dev/src/components/form-textarea/form-textarea.spec.js,Duplicate Assert,"{'line': 886, 'column': 4, 'index': 26080}","  884 |
  885 |     expect(wrapper.vm.localValue).toEqual('TEST')
> 886 |     expect(wrapper.emitted('update')).toBeDefined()
      |    ^ Duplicate Assert
  887 |     expect(wrapper.emitted('update').length).toEqual(1)
  888 |     expect(wrapper.emitted('update')[0][0]).toEqual('TEST')
  889 |     expect(typeof wrapper.emitted('update')[0][0]).toEqual('string')"
/home/gabriel/Disk/Research/research-javascript-test-smells/repositories/bootstrap-vue-dev/src/components/form-textarea/form-textarea.spec.js,Duplicate Assert,"{'line': 887, 'column': 4, 'index': 26132}","  885 |     expect(wrapper.vm.localValue).toEqual('TEST')
  886 |     expect(wrapper.emitted('update')).toBeDefined()
> 887 |     expect(wrapper.emitted('update').length).toEqual(1)
      |    ^ Duplicate Assert
  888 |     expect(wrapper.emitted('update')[0][0]).toEqual('TEST')
  889 |     expect(typeof wrapper.emitted('update')[0][0]).toEqual('string')
  890 |     expect(wrapper.emitted('input')).toBeDefined()"
/home/gabriel/Disk/Research/research-javascript-test-smells/repositories/bootstrap-vue-dev/src/components/form-textarea/form-textarea.spec.js,Duplicate Assert,"{'line': 890, 'column': 4, 'index': 26317}","  888 |     expect(wrapper.emitted('update')[0][0]).toEqual('TEST')
  889 |     expect(typeof wrapper.emitted('update')[0][0]).toEqual('string')
> 890 |     expect(wrapper.emitted('input')).toBeDefined()
      |    ^ Duplicate Assert
  891 |     expect(wrapper.emitted('input').length).toEqual(1)
  892 |     expect(wrapper.emitted('input')[0][0]).toEqual('TEST')
  893 |     expect(typeof wrapper.emitted('input')[0][0]).toEqual('string')"
/home/gabriel/Disk/Research/research-javascript-test-smells/repositories/bootstrap-vue-dev/src/components/form-textarea/form-textarea.spec.js,Duplicate Assert,"{'line': 890, 'column': 4, 'index': 26317}","  888 |     expect(wrapper.emitted('update')[0][0]).toEqual('TEST')
  889 |     expect(typeof wrapper.emitted('update')[0][0]).toEqual('string')
> 890 |     expect(wrapper.emitted('input')).toBeDefined()
      |    ^ Duplicate Assert
  891 |     expect(wrapper.emitted('input').length).toEqual(1)
  892 |     expect(wrapper.emitted('input')[0][0]).toEqual('TEST')
  893 |     expect(typeof wrapper.emitted('input')[0][0]).toEqual('string')"
/home/gabriel/Disk/Research/research-javascript-test-smells/repositories/bootstrap-vue-dev/src/components/form-textarea/form-textarea.spec.js,Duplicate Assert,"{'line': 891, 'column': 4, 'index': 26368}","  889 |     expect(typeof wrapper.emitted('update')[0][0]).toEqual('string')
  890 |     expect(wrapper.emitted('input')).toBeDefined()
> 891 |     expect(wrapper.emitted('input').length).toEqual(1)
      |    ^ Duplicate Assert
  892 |     expect(wrapper.emitted('input')[0][0]).toEqual('TEST')
  893 |     expect(typeof wrapper.emitted('input')[0][0]).toEqual('string')
  894 |"
/home/gabriel/Disk/Research/research-javascript-test-smells/repositories/bootstrap-vue-dev/src/components/form-textarea/form-textarea.spec.js,Duplicate Assert,"{'line': 898, 'column': 4, 'index': 26624}","  896 |     await wrapper.trigger('input')
  897 |
> 898 |     expect(wrapper.vm.localValue).toEqual('123.45')
      |    ^ Duplicate Assert
  899 |     expect(wrapper.emitted('update')).toBeDefined()
  900 |     expect(wrapper.emitted('update').length).toEqual(2)
  901 |     expect(wrapper.emitted('update')[1][0]).toEqual(123.45)"
/home/gabriel/Disk/Research/research-javascript-test-smells/repositories/bootstrap-vue-dev/src/components/form-textarea/form-textarea.spec.js,Duplicate Assert,"{'line': 899, 'column': 4, 'index': 26676}","  897 |
  898 |     expect(wrapper.vm.localValue).toEqual('123.45')
> 899 |     expect(wrapper.emitted('update')).toBeDefined()
      |    ^ Duplicate Assert
  900 |     expect(wrapper.emitted('update').length).toEqual(2)
  901 |     expect(wrapper.emitted('update')[1][0]).toEqual(123.45)
  902 |     expect(typeof wrapper.emitted('update')[1][0]).toEqual('number')"
/home/gabriel/Disk/Research/research-javascript-test-smells/repositories/bootstrap-vue-dev/src/components/form-textarea/form-textarea.spec.js,Duplicate Assert,"{'line': 899, 'column': 4, 'index': 26676}","  897 |
  898 |     expect(wrapper.vm.localValue).toEqual('123.45')
> 899 |     expect(wrapper.emitted('update')).toBeDefined()
      |    ^ Duplicate Assert
  900 |     expect(wrapper.emitted('update').length).toEqual(2)
  901 |     expect(wrapper.emitted('update')[1][0]).toEqual(123.45)
  902 |     expect(typeof wrapper.emitted('update')[1][0]).toEqual('number')"
/home/gabriel/Disk/Research/research-javascript-test-smells/repositories/bootstrap-vue-dev/src/components/form-textarea/form-textarea.spec.js,Duplicate Assert,"{'line': 900, 'column': 4, 'index': 26728}","  898 |     expect(wrapper.vm.localValue).toEqual('123.45')
  899 |     expect(wrapper.emitted('update')).toBeDefined()
> 900 |     expect(wrapper.emitted('update').length).toEqual(2)
      |    ^ Duplicate Assert
  901 |     expect(wrapper.emitted('update')[1][0]).toEqual(123.45)
  902 |     expect(typeof wrapper.emitted('update')[1][0]).toEqual('number')
  903 |     expect(wrapper.emitted('input')).toBeDefined()"
/home/gabriel/Disk/Research/research-javascript-test-smells/repositories/bootstrap-vue-dev/src/components/form-textarea/form-textarea.spec.js,Duplicate Assert,"{'line': 900, 'column': 4, 'index': 26728}","  898 |     expect(wrapper.vm.localValue).toEqual('123.45')
  899 |     expect(wrapper.emitted('update')).toBeDefined()
> 900 |     expect(wrapper.emitted('update').length).toEqual(2)
      |    ^ Duplicate Assert
  901 |     expect(wrapper.emitted('update')[1][0]).toEqual(123.45)
  902 |     expect(typeof wrapper.emitted('update')[1][0]).toEqual('number')
  903 |     expect(wrapper.emitted('input')).toBeDefined()"
/home/gabriel/Disk/Research/research-javascript-test-smells/repositories/bootstrap-vue-dev/src/components/form-textarea/form-textarea.spec.js,Duplicate Assert,"{'line': 901, 'column': 4, 'index': 26784}","  899 |     expect(wrapper.emitted('update')).toBeDefined()
  900 |     expect(wrapper.emitted('update').length).toEqual(2)
> 901 |     expect(wrapper.emitted('update')[1][0]).toEqual(123.45)
      |    ^ Duplicate Assert
  902 |     expect(typeof wrapper.emitted('update')[1][0]).toEqual('number')
  903 |     expect(wrapper.emitted('input')).toBeDefined()
  904 |     expect(wrapper.emitted('input').length).toEqual(2)"
/home/gabriel/Disk/Research/research-javascript-test-smells/repositories/bootstrap-vue-dev/src/components/form-textarea/form-textarea.spec.js,Duplicate Assert,"{'line': 901, 'column': 4, 'index': 26784}","  899 |     expect(wrapper.emitted('update')).toBeDefined()
  900 |     expect(wrapper.emitted('update').length).toEqual(2)
> 901 |     expect(wrapper.emitted('update')[1][0]).toEqual(123.45)
      |    ^ Duplicate Assert
  902 |     expect(typeof wrapper.emitted('update')[1][0]).toEqual('number')
  903 |     expect(wrapper.emitted('input')).toBeDefined()
  904 |     expect(wrapper.emitted('input').length).toEqual(2)"
/home/gabriel/Disk/Research/research-javascript-test-smells/repositories/bootstrap-vue-dev/src/components/form-textarea/form-textarea.spec.js,Duplicate Assert,"{'line': 903, 'column': 4, 'index': 26913}","  901 |     expect(wrapper.emitted('update')[1][0]).toEqual(123.45)
  902 |     expect(typeof wrapper.emitted('update')[1][0]).toEqual('number')
> 903 |     expect(wrapper.emitted('input')).toBeDefined()
      |    ^ Duplicate Assert
  904 |     expect(wrapper.emitted('input').length).toEqual(2)
  905 |     expect(wrapper.emitted('input')[1][0]).toEqual('123.45')
  906 |     expect(typeof wrapper.emitted('input')[1][0]).toEqual('string')"
/home/gabriel/Disk/Research/research-javascript-test-smells/repositories/bootstrap-vue-dev/src/components/form-textarea/form-textarea.spec.js,Duplicate Assert,"{'line': 903, 'column': 4, 'index': 26913}","  901 |     expect(wrapper.emitted('update')[1][0]).toEqual(123.45)
  902 |     expect(typeof wrapper.emitted('update')[1][0]).toEqual('number')
> 903 |     expect(wrapper.emitted('input')).toBeDefined()
      |    ^ Duplicate Assert
  904 |     expect(wrapper.emitted('input').length).toEqual(2)
  905 |     expect(wrapper.emitted('input')[1][0]).toEqual('123.45')
  906 |     expect(typeof wrapper.emitted('input')[1][0]).toEqual('string')"
/home/gabriel/Disk/Research/research-javascript-test-smells/repositories/bootstrap-vue-dev/src/components/form-textarea/form-textarea.spec.js,Duplicate Assert,"{'line': 904, 'column': 4, 'index': 26964}","  902 |     expect(typeof wrapper.emitted('update')[1][0]).toEqual('number')
  903 |     expect(wrapper.emitted('input')).toBeDefined()
> 904 |     expect(wrapper.emitted('input').length).toEqual(2)
      |    ^ Duplicate Assert
  905 |     expect(wrapper.emitted('input')[1][0]).toEqual('123.45')
  906 |     expect(typeof wrapper.emitted('input')[1][0]).toEqual('string')
  907 |"
/home/gabriel/Disk/Research/research-javascript-test-smells/repositories/bootstrap-vue-dev/src/components/form-textarea/form-textarea.spec.js,Duplicate Assert,"{'line': 911, 'column': 4, 'index': 27224}","  909 |     await wrapper.trigger('input')
  910 |
> 911 |     expect(wrapper.vm.localValue).toEqual('0123.450')
      |    ^ Duplicate Assert
  912 |     // `v-model` value stays the same and update event shouldn't be emitted again
  913 |     expect(wrapper.emitted('update')).toBeDefined()
  914 |     expect(wrapper.emitted('update').length).toEqual(2)"
/home/gabriel/Disk/Research/research-javascript-test-smells/repositories/bootstrap-vue-dev/src/components/form-textarea/form-textarea.spec.js,Duplicate Assert,"{'line': 913, 'column': 4, 'index': 27360}","  911 |     expect(wrapper.vm.localValue).toEqual('0123.450')
  912 |     // `v-model` value stays the same and update event shouldn't be emitted again
> 913 |     expect(wrapper.emitted('update')).toBeDefined()
      |    ^ Duplicate Assert
  914 |     expect(wrapper.emitted('update').length).toEqual(2)
  915 |     expect(wrapper.emitted('update')[1][0]).toEqual(123.45)
  916 |     expect(wrapper.emitted('input')).toBeDefined()"
/home/gabriel/Disk/Research/research-javascript-test-smells/repositories/bootstrap-vue-dev/src/components/form-textarea/form-textarea.spec.js,Duplicate Assert,"{'line': 913, 'column': 4, 'index': 27360}","  911 |     expect(wrapper.vm.localValue).toEqual('0123.450')
  912 |     // `v-model` value stays the same and update event shouldn't be emitted again
> 913 |     expect(wrapper.emitted('update')).toBeDefined()
      |    ^ Duplicate Assert
  914 |     expect(wrapper.emitted('update').length).toEqual(2)
  915 |     expect(wrapper.emitted('update')[1][0]).toEqual(123.45)
  916 |     expect(wrapper.emitted('input')).toBeDefined()"
/home/gabriel/Disk/Research/research-javascript-test-smells/repositories/bootstrap-vue-dev/src/components/form-textarea/form-textarea.spec.js,Duplicate Assert,"{'line': 914, 'column': 4, 'index': 27412}","  912 |     // `v-model` value stays the same and update event shouldn't be emitted again
  913 |     expect(wrapper.emitted('update')).toBeDefined()
> 914 |     expect(wrapper.emitted('update').length).toEqual(2)
      |    ^ Duplicate Assert
  915 |     expect(wrapper.emitted('update')[1][0]).toEqual(123.45)
  916 |     expect(wrapper.emitted('input')).toBeDefined()
  917 |     expect(wrapper.emitted('input').length).toEqual(3)"
/home/gabriel/Disk/Research/research-javascript-test-smells/repositories/bootstrap-vue-dev/src/components/form-textarea/form-textarea.spec.js,Duplicate Assert,"{'line': 914, 'column': 4, 'index': 27412}","  912 |     // `v-model` value stays the same and update event shouldn't be emitted again
  913 |     expect(wrapper.emitted('update')).toBeDefined()
> 914 |     expect(wrapper.emitted('update').length).toEqual(2)
      |    ^ Duplicate Assert
  915 |     expect(wrapper.emitted('update')[1][0]).toEqual(123.45)
  916 |     expect(wrapper.emitted('input')).toBeDefined()
  917 |     expect(wrapper.emitted('input').length).toEqual(3)"
/home/gabriel/Disk/Research/research-javascript-test-smells/repositories/bootstrap-vue-dev/src/components/form-textarea/form-textarea.spec.js,Duplicate Assert,"{'line': 915, 'column': 4, 'index': 27468}","  913 |     expect(wrapper.emitted('update')).toBeDefined()
  914 |     expect(wrapper.emitted('update').length).toEqual(2)
> 915 |     expect(wrapper.emitted('update')[1][0]).toEqual(123.45)
      |    ^ Duplicate Assert
  916 |     expect(wrapper.emitted('input')).toBeDefined()
  917 |     expect(wrapper.emitted('input').length).toEqual(3)
  918 |     expect(wrapper.emitted('input')[2][0]).toEqual('0123.450')"
/home/gabriel/Disk/Research/research-javascript-test-smells/repositories/bootstrap-vue-dev/src/components/form-textarea/form-textarea.spec.js,Duplicate Assert,"{'line': 915, 'column': 4, 'index': 27468}","  913 |     expect(wrapper.emitted('update')).toBeDefined()
  914 |     expect(wrapper.emitted('update').length).toEqual(2)
> 915 |     expect(wrapper.emitted('update')[1][0]).toEqual(123.45)
      |    ^ Duplicate Assert
  916 |     expect(wrapper.emitted('input')).toBeDefined()
  917 |     expect(wrapper.emitted('input').length).toEqual(3)
  918 |     expect(wrapper.emitted('input')[2][0]).toEqual('0123.450')"
/home/gabriel/Disk/Research/research-javascript-test-smells/repositories/bootstrap-vue-dev/src/components/form-textarea/form-textarea.spec.js,Duplicate Assert,"{'line': 916, 'column': 4, 'index': 27528}","  914 |     expect(wrapper.emitted('update').length).toEqual(2)
  915 |     expect(wrapper.emitted('update')[1][0]).toEqual(123.45)
> 916 |     expect(wrapper.emitted('input')).toBeDefined()
      |    ^ Duplicate Assert
  917 |     expect(wrapper.emitted('input').length).toEqual(3)
  918 |     expect(wrapper.emitted('input')[2][0]).toEqual('0123.450')
  919 |     expect(typeof wrapper.emitted('input')[2][0]).toEqual('string')"
/home/gabriel/Disk/Research/research-javascript-test-smells/repositories/bootstrap-vue-dev/src/components/form-textarea/form-textarea.spec.js,Duplicate Assert,"{'line': 916, 'column': 4, 'index': 27528}","  914 |     expect(wrapper.emitted('update').length).toEqual(2)
  915 |     expect(wrapper.emitted('update')[1][0]).toEqual(123.45)
> 916 |     expect(wrapper.emitted('input')).toBeDefined()
      |    ^ Duplicate Assert
  917 |     expect(wrapper.emitted('input').length).toEqual(3)
  918 |     expect(wrapper.emitted('input')[2][0]).toEqual('0123.450')
  919 |     expect(typeof wrapper.emitted('input')[2][0]).toEqual('string')"
/home/gabriel/Disk/Research/research-javascript-test-smells/repositories/bootstrap-vue-dev/src/components/form-textarea/form-textarea.spec.js,Duplicate Assert,"{'line': 917, 'column': 4, 'index': 27579}","  915 |     expect(wrapper.emitted('update')[1][0]).toEqual(123.45)
  916 |     expect(wrapper.emitted('input')).toBeDefined()
> 917 |     expect(wrapper.emitted('input').length).toEqual(3)
      |    ^ Duplicate Assert
  918 |     expect(wrapper.emitted('input')[2][0]).toEqual('0123.450')
  919 |     expect(typeof wrapper.emitted('input')[2][0]).toEqual('string')
  920 |"
/home/gabriel/Disk/Research/research-javascript-test-smells/repositories/bootstrap-vue-dev/src/components/form-textarea/form-textarea.spec.js,Duplicate Assert,"{'line': 924, 'column': 4, 'index': 27841}","  922 |     await wrapper.trigger('input')
  923 |
> 924 |     expect(wrapper.vm.localValue).toEqual('0123 450')
      |    ^ Duplicate Assert
  925 |     expect(wrapper.emitted('update')).toBeDefined()
  926 |     expect(wrapper.emitted('update').length).toEqual(3)
  927 |     expect(wrapper.emitted('update')[2][0]).toEqual(123)"
/home/gabriel/Disk/Research/research-javascript-test-smells/repositories/bootstrap-vue-dev/src/components/form-textarea/form-textarea.spec.js,Duplicate Assert,"{'line': 925, 'column': 4, 'index': 27895}","  923 |
  924 |     expect(wrapper.vm.localValue).toEqual('0123 450')
> 925 |     expect(wrapper.emitted('update')).toBeDefined()
      |    ^ Duplicate Assert
  926 |     expect(wrapper.emitted('update').length).toEqual(3)
  927 |     expect(wrapper.emitted('update')[2][0]).toEqual(123)
  928 |     expect(typeof wrapper.emitted('update')[2][0]).toEqual('number')"
/home/gabriel/Disk/Research/research-javascript-test-smells/repositories/bootstrap-vue-dev/src/components/form-textarea/form-textarea.spec.js,Duplicate Assert,"{'line': 925, 'column': 4, 'index': 27895}","  923 |
  924 |     expect(wrapper.vm.localValue).toEqual('0123 450')
> 925 |     expect(wrapper.emitted('update')).toBeDefined()
      |    ^ Duplicate Assert
  926 |     expect(wrapper.emitted('update').length).toEqual(3)
  927 |     expect(wrapper.emitted('update')[2][0]).toEqual(123)
  928 |     expect(typeof wrapper.emitted('update')[2][0]).toEqual('number')"
/home/gabriel/Disk/Research/research-javascript-test-smells/repositories/bootstrap-vue-dev/src/components/form-textarea/form-textarea.spec.js,Duplicate Assert,"{'line': 926, 'column': 4, 'index': 27947}","  924 |     expect(wrapper.vm.localValue).toEqual('0123 450')
  925 |     expect(wrapper.emitted('update')).toBeDefined()
> 926 |     expect(wrapper.emitted('update').length).toEqual(3)
      |    ^ Duplicate Assert
  927 |     expect(wrapper.emitted('update')[2][0]).toEqual(123)
  928 |     expect(typeof wrapper.emitted('update')[2][0]).toEqual('number')
  929 |     expect(wrapper.emitted('input')).toBeDefined()"
/home/gabriel/Disk/Research/research-javascript-test-smells/repositories/bootstrap-vue-dev/src/components/form-textarea/form-textarea.spec.js,Duplicate Assert,"{'line': 929, 'column': 4, 'index': 28129}","  927 |     expect(wrapper.emitted('update')[2][0]).toEqual(123)
  928 |     expect(typeof wrapper.emitted('update')[2][0]).toEqual('number')
> 929 |     expect(wrapper.emitted('input')).toBeDefined()
      |    ^ Duplicate Assert
  930 |     expect(wrapper.emitted('input').length).toEqual(4)
  931 |     expect(wrapper.emitted('input')[3][0]).toEqual('0123 450')
  932 |     expect(typeof wrapper.emitted('input')[3][0]).toEqual('string')"
/home/gabriel/Disk/Research/research-javascript-test-smells/repositories/bootstrap-vue-dev/src/components/form-textarea/form-textarea.spec.js,Duplicate Assert,"{'line': 929, 'column': 4, 'index': 28129}","  927 |     expect(wrapper.emitted('update')[2][0]).toEqual(123)
  928 |     expect(typeof wrapper.emitted('update')[2][0]).toEqual('number')
> 929 |     expect(wrapper.emitted('input')).toBeDefined()
      |    ^ Duplicate Assert
  930 |     expect(wrapper.emitted('input').length).toEqual(4)
  931 |     expect(wrapper.emitted('input')[3][0]).toEqual('0123 450')
  932 |     expect(typeof wrapper.emitted('input')[3][0]).toEqual('string')"
/home/gabriel/Disk/Research/research-javascript-test-smells/repositories/bootstrap-vue-dev/src/components/form-textarea/form-textarea.spec.js,Duplicate Assert,"{'line': 930, 'column': 4, 'index': 28180}","  928 |     expect(typeof wrapper.emitted('update')[2][0]).toEqual('number')
  929 |     expect(wrapper.emitted('input')).toBeDefined()
> 930 |     expect(wrapper.emitted('input').length).toEqual(4)
      |    ^ Duplicate Assert
  931 |     expect(wrapper.emitted('input')[3][0]).toEqual('0123 450')
  932 |     expect(typeof wrapper.emitted('input')[3][0]).toEqual('string')
  933 |"
/home/gabriel/Disk/Research/research-javascript-test-smells/repositories/bootstrap-vue-dev/src/components/form-textarea/form-textarea.spec.js,Magic Number,"{'line': 251, 'column': 55, 'index': 6699}","  249 |     await wrapper.trigger('input')
  250 |     expect(wrapper.emitted('input')).toBeDefined()
> 251 |     expect(wrapper.emitted('input')[0].length).toEqual(1)
      |                                                       ^ Magic Number
  252 |     expect(wrapper.emitted('input')[0][0]).toEqual('test')
  253 |
  254 |     wrapper.destroy()"
/home/gabriel/Disk/Research/research-javascript-test-smells/repositories/bootstrap-vue-dev/src/components/form-textarea/form-textarea.spec.js,Magic Number,"{'line': 263, 'column': 56, 'index': 7080}","  261 |     await wrapper.trigger('change')
  262 |     expect(wrapper.emitted('change')).toBeDefined()
> 263 |     expect(wrapper.emitted('change')[0].length).toEqual(1)
      |                                                        ^ Magic Number
  264 |     expect(wrapper.emitted('change')[0][0]).toEqual('test')
  265 |
  266 |     wrapper.destroy()"
/home/gabriel/Disk/Research/research-javascript-test-smells/repositories/bootstrap-vue-dev/src/components/form-textarea/form-textarea.spec.js,Magic Number,"{'line': 275, 'column': 56, 'index': 7458}","  273 |     await wrapper.trigger('input')
  274 |     expect(wrapper.emitted('update')).toBeDefined()
> 275 |     expect(wrapper.emitted('update')[0].length).toEqual(1)
      |                                                        ^ Magic Number
  276 |     expect(wrapper.emitted('update')[0][0]).toEqual('test')
  277 |
  278 |     wrapper.destroy()"
/home/gabriel/Disk/Research/research-javascript-test-smells/repositories/bootstrap-vue-dev/src/components/form-textarea/form-textarea.spec.js,Magic Number,"{'line': 287, 'column': 53, 'index': 7852}","  285 |     await wrapper.trigger('input')
  286 |     expect(wrapper.emitted('update')).toBeDefined()
> 287 |     expect(wrapper.emitted('update').length).toEqual(1)
      |                                                     ^ Magic Number
  288 |     expect(wrapper.emitted('update')[0][0]).toEqual('test')
  289 |
  290 |     await wrapper.trigger('change')"
/home/gabriel/Disk/Research/research-javascript-test-smells/repositories/bootstrap-vue-dev/src/components/form-textarea/form-textarea.spec.js,Magic Number,"{'line': 291, 'column': 53, 'index': 8005}","  289 |
  290 |     await wrapper.trigger('change')
> 291 |     expect(wrapper.emitted('update').length).toEqual(1)
      |                                                     ^ Magic Number
  292 |
  293 |     wrapper.destroy()
  294 |   })"
/home/gabriel/Disk/Research/research-javascript-test-smells/repositories/bootstrap-vue-dev/src/components/form-textarea/form-textarea.spec.js,Magic Number,"{'line': 302, 'column': 53, 'index': 8345}","  300 |     await wrapper.trigger('input')
  301 |     expect(wrapper.emitted('update')).toBeDefined()
> 302 |     expect(wrapper.emitted('update').length).toEqual(1)
      |                                                     ^ Magic Number
  303 |     expect(wrapper.emitted('update')[0][0]).toEqual('test')
  304 |
  305 |     wrapper.element.value = 'TEST'"
/home/gabriel/Disk/Research/research-javascript-test-smells/repositories/bootstrap-vue-dev/src/components/form-textarea/form-textarea.spec.js,Magic Number,"{'line': 307, 'column': 53, 'index': 8533}","  305 |     wrapper.element.value = 'TEST'
  306 |     await wrapper.trigger('change')
> 307 |     expect(wrapper.emitted('update').length).toEqual(2)
      |                                                     ^ Magic Number
  308 |     expect(wrapper.emitted('update')[1][0]).toEqual('TEST')
  309 |
  310 |     wrapper.destroy()"
/home/gabriel/Disk/Research/research-javascript-test-smells/repositories/bootstrap-vue-dev/src/components/form-textarea/form-textarea.spec.js,Magic Number,"{'line': 617, 'column': 53, 'index': 17135}","  615 |     // Update event fires first with formatted value
  616 |     expect(wrapper.emitted('update')).toBeDefined()
> 617 |     expect(wrapper.emitted('update').length).toEqual(1)
      |                                                     ^ Magic Number
  618 |     expect(wrapper.emitted('update')[0][0]).toEqual('test')
  619 |     // Followed by an input event with formatted value
  620 |     expect(wrapper.emitted('input')).toBeDefined()"
/home/gabriel/Disk/Research/research-javascript-test-smells/repositories/bootstrap-vue-dev/src/components/form-textarea/form-textarea.spec.js,Magic Number,"{'line': 621, 'column': 52, 'index': 17356}","  619 |     // Followed by an input event with formatted value
  620 |     expect(wrapper.emitted('input')).toBeDefined()
> 621 |     expect(wrapper.emitted('input').length).toEqual(1)
      |                                                    ^ Magic Number
  622 |     expect(wrapper.emitted('input')[0][0]).toEqual('test')
  623 |     // And no change event
  624 |     expect(wrapper.emitted('change')).toBeUndefined()"
/home/gabriel/Disk/Research/research-javascript-test-smells/repositories/bootstrap-vue-dev/src/components/form-textarea/form-textarea.spec.js,Magic Number,"{'line': 645, 'column': 53, 'index': 18014}","  643 |     // Update event fires first with formatted value
  644 |     expect(wrapper.emitted('update')).toBeDefined()
> 645 |     expect(wrapper.emitted('update').length).toEqual(1)
      |                                                     ^ Magic Number
  646 |     expect(wrapper.emitted('update')[0][0]).toEqual('test')
  647 |     // Followed by a change event with formatted value
  648 |     expect(wrapper.emitted('change')).toBeDefined()"
/home/gabriel/Disk/Research/research-javascript-test-smells/repositories/bootstrap-vue-dev/src/components/form-textarea/form-textarea.spec.js,Magic Number,"{'line': 649, 'column': 53, 'index': 18237}","  647 |     // Followed by a change event with formatted value
  648 |     expect(wrapper.emitted('change')).toBeDefined()
> 649 |     expect(wrapper.emitted('change').length).toEqual(1)
      |                                                     ^ Magic Number
  650 |     expect(wrapper.emitted('change')[0][0]).toEqual('test')
  651 |     // And no input event
  652 |     expect(wrapper.emitted('input')).toBeUndefined()"
/home/gabriel/Disk/Research/research-javascript-test-smells/repositories/bootstrap-vue-dev/src/components/form-textarea/form-textarea.spec.js,Magic Number,"{'line': 673, 'column': 53, 'index': 18876}","  671 |     // Update event fires first
  672 |     expect(wrapper.emitted('update')).toBeDefined()
> 673 |     expect(wrapper.emitted('update').length).toEqual(1)
      |                                                     ^ Magic Number
  674 |     expect(wrapper.emitted('update')[0][0]).toEqual('TEST')
  675 |     // Followed by an input
  676 |     expect(wrapper.emitted('input')).toBeDefined()"
/home/gabriel/Disk/Research/research-javascript-test-smells/repositories/bootstrap-vue-dev/src/components/form-textarea/form-textarea.spec.js,Magic Number,"{'line': 677, 'column': 52, 'index': 19070}","  675 |     // Followed by an input
  676 |     expect(wrapper.emitted('input')).toBeDefined()
> 677 |     expect(wrapper.emitted('input').length).toEqual(1)
      |                                                    ^ Magic Number
  678 |     expect(wrapper.emitted('input')[0][0]).toEqual('TEST')
  679 |     expect(wrapper.vm.localValue).toEqual('TEST')
  680 |"
/home/gabriel/Disk/Research/research-javascript-test-smells/repositories/bootstrap-vue-dev/src/components/form-textarea/form-textarea.spec.js,Magic Number,"{'line': 685, 'column': 53, 'index': 19359}","  683 |     // Update does not fire again
  684 |     expect(wrapper.emitted('update')).toBeDefined()
> 685 |     expect(wrapper.emitted('update').length).toEqual(1)
      |                                                     ^ Magic Number
  686 |     expect(wrapper.emitted('update')[0][0]).toEqual('TEST')
  687 |     // Event change emitted
  688 |     expect(wrapper.emitted('change')).toBeDefined()"
/home/gabriel/Disk/Research/research-javascript-test-smells/repositories/bootstrap-vue-dev/src/components/form-textarea/form-textarea.spec.js,Magic Number,"{'line': 689, 'column': 53, 'index': 19555}","  687 |     // Event change emitted
  688 |     expect(wrapper.emitted('change')).toBeDefined()
> 689 |     expect(wrapper.emitted('change').length).toEqual(1)
      |                                                     ^ Magic Number
  690 |     expect(wrapper.emitted('change')[0][0]).toEqual('TEST')
  691 |     expect(wrapper.vm.localValue).toEqual('TEST')
  692 |"
/home/gabriel/Disk/Research/research-javascript-test-smells/repositories/bootstrap-vue-dev/src/components/form-textarea/form-textarea.spec.js,Magic Number,"{'line': 697, 'column': 53, 'index': 19864}","  695 |     // Update fires before change with formatted value
  696 |     expect(wrapper.emitted('update')).toBeDefined()
> 697 |     expect(wrapper.emitted('update').length).toEqual(2)
      |                                                     ^ Magic Number
  698 |     expect(wrapper.emitted('update')[1][0]).toEqual('test')
  699 |     // Followed by blur event with native event
  700 |     expect(wrapper.emitted('blur')).toBeDefined()"
/home/gabriel/Disk/Research/research-javascript-test-smells/repositories/bootstrap-vue-dev/src/components/form-textarea/form-textarea.spec.js,Magic Number,"{'line': 705, 'column': 52, 'index': 20264}","  703 |
  704 |     // Expected number of events from above sequence
> 705 |     expect(wrapper.emitted('input').length).toEqual(1)
      |                                                    ^ Magic Number
  706 |     expect(wrapper.emitted('change').length).toEqual(1)
  707 |     expect(wrapper.emitted('blur').length).toEqual(1)
  708 |     expect(wrapper.emitted('update').length).toEqual(2)"
/home/gabriel/Disk/Research/research-javascript-test-smells/repositories/bootstrap-vue-dev/src/components/form-textarea/form-textarea.spec.js,Magic Number,"{'line': 706, 'column': 53, 'index': 20320}","  704 |     // Expected number of events from above sequence
  705 |     expect(wrapper.emitted('input').length).toEqual(1)
> 706 |     expect(wrapper.emitted('change').length).toEqual(1)
      |                                                     ^ Magic Number
  707 |     expect(wrapper.emitted('blur').length).toEqual(1)
  708 |     expect(wrapper.emitted('update').length).toEqual(2)
  709 |"
/home/gabriel/Disk/Research/research-javascript-test-smells/repositories/bootstrap-vue-dev/src/components/form-textarea/form-textarea.spec.js,Magic Number,"{'line': 707, 'column': 51, 'index': 20374}","  705 |     expect(wrapper.emitted('input').length).toEqual(1)
  706 |     expect(wrapper.emitted('change').length).toEqual(1)
> 707 |     expect(wrapper.emitted('blur').length).toEqual(1)
      |                                                   ^ Magic Number
  708 |     expect(wrapper.emitted('update').length).toEqual(2)
  709 |
  710 |     wrapper.destroy()"
/home/gabriel/Disk/Research/research-javascript-test-smells/repositories/bootstrap-vue-dev/src/components/form-textarea/form-textarea.spec.js,Magic Number,"{'line': 708, 'column': 53, 'index': 20430}","  706 |     expect(wrapper.emitted('change').length).toEqual(1)
  707 |     expect(wrapper.emitted('blur').length).toEqual(1)
> 708 |     expect(wrapper.emitted('update').length).toEqual(2)
      |                                                     ^ Magic Number
  709 |
  710 |     wrapper.destroy()
  711 |   })"
/home/gabriel/Disk/Research/research-javascript-test-smells/repositories/bootstrap-vue-dev/src/components/form-textarea/form-textarea.spec.js,Magic Number,"{'line': 820, 'column': 53, 'index': 23577}","  818 |     expect(wrapper.vm.localValue).toEqual('TEST')
  819 |     expect(wrapper.emitted('update')).toBeDefined()
> 820 |     expect(wrapper.emitted('update').length).toEqual(1)
      |                                                     ^ Magic Number
  821 |     expect(wrapper.emitted('update')[0][0]).toEqual('TEST')
  822 |     expect(wrapper.emitted('input')).toBeDefined()
  823 |     expect(wrapper.emitted('input').length).toEqual(1)"
/home/gabriel/Disk/Research/research-javascript-test-smells/repositories/bootstrap-vue-dev/src/components/form-textarea/form-textarea.spec.js,Magic Number,"{'line': 823, 'column': 52, 'index': 23743}","  821 |     expect(wrapper.emitted('update')[0][0]).toEqual('TEST')
  822 |     expect(wrapper.emitted('input')).toBeDefined()
> 823 |     expect(wrapper.emitted('input').length).toEqual(1)
      |                                                    ^ Magic Number
  824 |     expect(wrapper.emitted('input')[0][0]).toEqual('TEST')
  825 |
  826 |     wrapper.element.value = 'TEST  '"
/home/gabriel/Disk/Research/research-javascript-test-smells/repositories/bootstrap-vue-dev/src/components/form-textarea/form-textarea.spec.js,Magic Number,"{'line': 832, 'column': 53, 'index': 24118}","  830 |     // `v-model` value stays the same and update event shouldn't be emitted again
  831 |     expect(wrapper.emitted('update')).toBeDefined()
> 832 |     expect(wrapper.emitted('update').length).toEqual(1)
      |                                                     ^ Magic Number
  833 |     expect(wrapper.emitted('input')).toBeDefined()
  834 |     expect(wrapper.emitted('input').length).toEqual(2)
  835 |     expect(wrapper.emitted('input')[1][0]).toEqual('TEST  ')"
/home/gabriel/Disk/Research/research-javascript-test-smells/repositories/bootstrap-vue-dev/src/components/form-textarea/form-textarea.spec.js,Magic Number,"{'line': 834, 'column': 52, 'index': 24224}","  832 |     expect(wrapper.emitted('update').length).toEqual(1)
  833 |     expect(wrapper.emitted('input')).toBeDefined()
> 834 |     expect(wrapper.emitted('input').length).toEqual(2)
      |                                                    ^ Magic Number
  835 |     expect(wrapper.emitted('input')[1][0]).toEqual('TEST  ')
  836 |
  837 |     wrapper.element.value = '  TEST  '"
/home/gabriel/Disk/Research/research-javascript-test-smells/repositories/bootstrap-vue-dev/src/components/form-textarea/form-textarea.spec.js,Magic Number,"{'line': 843, 'column': 53, 'index': 24605}","  841 |     // `v-model` value stays the same and update event shouldn't be emitted again
  842 |     expect(wrapper.emitted('update')).toBeDefined()
> 843 |     expect(wrapper.emitted('update').length).toEqual(1)
      |                                                     ^ Magic Number
  844 |     expect(wrapper.emitted('input')).toBeDefined()
  845 |     expect(wrapper.emitted('input').length).toEqual(3)
  846 |     expect(wrapper.emitted('input')[2][0]).toEqual('  TEST  ')"
/home/gabriel/Disk/Research/research-javascript-test-smells/repositories/bootstrap-vue-dev/src/components/form-textarea/form-textarea.spec.js,Magic Number,"{'line': 845, 'column': 52, 'index': 24711}","  843 |     expect(wrapper.emitted('update').length).toEqual(1)
  844 |     expect(wrapper.emitted('input')).toBeDefined()
> 845 |     expect(wrapper.emitted('input').length).toEqual(3)
      |                                                    ^ Magic Number
  846 |     expect(wrapper.emitted('input')[2][0]).toEqual('  TEST  ')
  847 |
  848 |     await wrapper.trigger('input')"
/home/gabriel/Disk/Research/research-javascript-test-smells/repositories/bootstrap-vue-dev/src/components/form-textarea/form-textarea.spec.js,Magic Number,"{'line': 853, 'column': 53, 'index': 25055}","  851 |     // `v-model` value stays the same and update event shouldn't be emitted again
  852 |     expect(wrapper.emitted('update')).toBeDefined()
> 853 |     expect(wrapper.emitted('update').length).toEqual(1)
      |                                                     ^ Magic Number
  854 |     expect(wrapper.emitted('input')).toBeDefined()
  855 |     expect(wrapper.emitted('input').length).toEqual(4)
  856 |     expect(wrapper.emitted('input')[3][0]).toEqual('  TEST  ')"
/home/gabriel/Disk/Research/research-javascript-test-smells/repositories/bootstrap-vue-dev/src/components/form-textarea/form-textarea.spec.js,Magic Number,"{'line': 855, 'column': 52, 'index': 25161}","  853 |     expect(wrapper.emitted('update').length).toEqual(1)
  854 |     expect(wrapper.emitted('input')).toBeDefined()
> 855 |     expect(wrapper.emitted('input').length).toEqual(4)
      |                                                    ^ Magic Number
  856 |     expect(wrapper.emitted('input')[3][0]).toEqual('  TEST  ')
  857 |
  858 |     await wrapper.trigger('change')"
/home/gabriel/Disk/Research/research-javascript-test-smells/repositories/bootstrap-vue-dev/src/components/form-textarea/form-textarea.spec.js,Magic Number,"{'line': 863, 'column': 53, 'index': 25506}","  861 |     // `v-model` value stays the same and update event shouldn't be emitted again
  862 |     expect(wrapper.emitted('update')).toBeDefined()
> 863 |     expect(wrapper.emitted('update').length).toEqual(1)
      |                                                     ^ Magic Number
  864 |     expect(wrapper.emitted('change')).toBeDefined()
  865 |     expect(wrapper.emitted('change').length).toEqual(1)
  866 |     expect(wrapper.emitted('change')[0][0]).toEqual('  TEST  ')"
/home/gabriel/Disk/Research/research-javascript-test-smells/repositories/bootstrap-vue-dev/src/components/form-textarea/form-textarea.spec.js,Magic Number,"{'line': 865, 'column': 53, 'index': 25614}","  863 |     expect(wrapper.emitted('update').length).toEqual(1)
  864 |     expect(wrapper.emitted('change')).toBeDefined()
> 865 |     expect(wrapper.emitted('change').length).toEqual(1)
      |                                                     ^ Magic Number
  866 |     expect(wrapper.emitted('change')[0][0]).toEqual('  TEST  ')
  867 |
  868 |     wrapper.destroy()"
/home/gabriel/Disk/Research/research-javascript-test-smells/repositories/bootstrap-vue-dev/src/components/form-textarea/form-textarea.spec.js,Magic Number,"{'line': 887, 'column': 53, 'index': 26181}","  885 |     expect(wrapper.vm.localValue).toEqual('TEST')
  886 |     expect(wrapper.emitted('update')).toBeDefined()
> 887 |     expect(wrapper.emitted('update').length).toEqual(1)
      |                                                     ^ Magic Number
  888 |     expect(wrapper.emitted('update')[0][0]).toEqual('TEST')
  889 |     expect(typeof wrapper.emitted('update')[0][0]).toEqual('string')
  890 |     expect(wrapper.emitted('input')).toBeDefined()"
/home/gabriel/Disk/Research/research-javascript-test-smells/repositories/bootstrap-vue-dev/src/components/form-textarea/form-textarea.spec.js,Magic Number,"{'line': 891, 'column': 52, 'index': 26416}","  889 |     expect(typeof wrapper.emitted('update')[0][0]).toEqual('string')
  890 |     expect(wrapper.emitted('input')).toBeDefined()
> 891 |     expect(wrapper.emitted('input').length).toEqual(1)
      |                                                    ^ Magic Number
  892 |     expect(wrapper.emitted('input')[0][0]).toEqual('TEST')
  893 |     expect(typeof wrapper.emitted('input')[0][0]).toEqual('string')
  894 |"
/home/gabriel/Disk/Research/research-javascript-test-smells/repositories/bootstrap-vue-dev/src/components/form-textarea/form-textarea.spec.js,Magic Number,"{'line': 900, 'column': 53, 'index': 26777}","  898 |     expect(wrapper.vm.localValue).toEqual('123.45')
  899 |     expect(wrapper.emitted('update')).toBeDefined()
> 900 |     expect(wrapper.emitted('update').length).toEqual(2)
      |                                                     ^ Magic Number
  901 |     expect(wrapper.emitted('update')[1][0]).toEqual(123.45)
  902 |     expect(typeof wrapper.emitted('update')[1][0]).toEqual('number')
  903 |     expect(wrapper.emitted('input')).toBeDefined()"
/home/gabriel/Disk/Research/research-javascript-test-smells/repositories/bootstrap-vue-dev/src/components/form-textarea/form-textarea.spec.js,Magic Number,"{'line': 901, 'column': 52, 'index': 26832}","  899 |     expect(wrapper.emitted('update')).toBeDefined()
  900 |     expect(wrapper.emitted('update').length).toEqual(2)
> 901 |     expect(wrapper.emitted('update')[1][0]).toEqual(123.45)
      |                                                    ^ Magic Number
  902 |     expect(typeof wrapper.emitted('update')[1][0]).toEqual('number')
  903 |     expect(wrapper.emitted('input')).toBeDefined()
  904 |     expect(wrapper.emitted('input').length).toEqual(2)"
/home/gabriel/Disk/Research/research-javascript-test-smells/repositories/bootstrap-vue-dev/src/components/form-textarea/form-textarea.spec.js,Magic Number,"{'line': 904, 'column': 52, 'index': 27012}","  902 |     expect(typeof wrapper.emitted('update')[1][0]).toEqual('number')
  903 |     expect(wrapper.emitted('input')).toBeDefined()
> 904 |     expect(wrapper.emitted('input').length).toEqual(2)
      |                                                    ^ Magic Number
  905 |     expect(wrapper.emitted('input')[1][0]).toEqual('123.45')
  906 |     expect(typeof wrapper.emitted('input')[1][0]).toEqual('string')
  907 |"
/home/gabriel/Disk/Research/research-javascript-test-smells/repositories/bootstrap-vue-dev/src/components/form-textarea/form-textarea.spec.js,Magic Number,"{'line': 914, 'column': 53, 'index': 27461}","  912 |     // `v-model` value stays the same and update event shouldn't be emitted again
  913 |     expect(wrapper.emitted('update')).toBeDefined()
> 914 |     expect(wrapper.emitted('update').length).toEqual(2)
      |                                                     ^ Magic Number
  915 |     expect(wrapper.emitted('update')[1][0]).toEqual(123.45)
  916 |     expect(wrapper.emitted('input')).toBeDefined()
  917 |     expect(wrapper.emitted('input').length).toEqual(3)"
/home/gabriel/Disk/Research/research-javascript-test-smells/repositories/bootstrap-vue-dev/src/components/form-textarea/form-textarea.spec.js,Magic Number,"{'line': 915, 'column': 52, 'index': 27516}","  913 |     expect(wrapper.emitted('update')).toBeDefined()
  914 |     expect(wrapper.emitted('update').length).toEqual(2)
> 915 |     expect(wrapper.emitted('update')[1][0]).toEqual(123.45)
      |                                                    ^ Magic Number
  916 |     expect(wrapper.emitted('input')).toBeDefined()
  917 |     expect(wrapper.emitted('input').length).toEqual(3)
  918 |     expect(wrapper.emitted('input')[2][0]).toEqual('0123.450')"
/home/gabriel/Disk/Research/research-javascript-test-smells/repositories/bootstrap-vue-dev/src/components/form-textarea/form-textarea.spec.js,Magic Number,"{'line': 917, 'column': 52, 'index': 27627}","  915 |     expect(wrapper.emitted('update')[1][0]).toEqual(123.45)
  916 |     expect(wrapper.emitted('input')).toBeDefined()
> 917 |     expect(wrapper.emitted('input').length).toEqual(3)
      |                                                    ^ Magic Number
  918 |     expect(wrapper.emitted('input')[2][0]).toEqual('0123.450')
  919 |     expect(typeof wrapper.emitted('input')[2][0]).toEqual('string')
  920 |"
/home/gabriel/Disk/Research/research-javascript-test-smells/repositories/bootstrap-vue-dev/src/components/form-textarea/form-textarea.spec.js,Magic Number,"{'line': 926, 'column': 53, 'index': 27996}","  924 |     expect(wrapper.vm.localValue).toEqual('0123 450')
  925 |     expect(wrapper.emitted('update')).toBeDefined()
> 926 |     expect(wrapper.emitted('update').length).toEqual(3)
      |                                                     ^ Magic Number
  927 |     expect(wrapper.emitted('update')[2][0]).toEqual(123)
  928 |     expect(typeof wrapper.emitted('update')[2][0]).toEqual('number')
  929 |     expect(wrapper.emitted('input')).toBeDefined()"
/home/gabriel/Disk/Research/research-javascript-test-smells/repositories/bootstrap-vue-dev/src/components/form-textarea/form-textarea.spec.js,Magic Number,"{'line': 927, 'column': 52, 'index': 28051}","  925 |     expect(wrapper.emitted('update')).toBeDefined()
  926 |     expect(wrapper.emitted('update').length).toEqual(3)
> 927 |     expect(wrapper.emitted('update')[2][0]).toEqual(123)
      |                                                    ^ Magic Number
  928 |     expect(typeof wrapper.emitted('update')[2][0]).toEqual('number')
  929 |     expect(wrapper.emitted('input')).toBeDefined()
  930 |     expect(wrapper.emitted('input').length).toEqual(4)"
/home/gabriel/Disk/Research/research-javascript-test-smells/repositories/bootstrap-vue-dev/src/components/form-textarea/form-textarea.spec.js,Magic Number,"{'line': 930, 'column': 52, 'index': 28228}","  928 |     expect(typeof wrapper.emitted('update')[2][0]).toEqual('number')
  929 |     expect(wrapper.emitted('input')).toBeDefined()
> 930 |     expect(wrapper.emitted('input').length).toEqual(4)
      |                                                    ^ Magic Number
  931 |     expect(wrapper.emitted('input')[3][0]).toEqual('0123 450')
  932 |     expect(typeof wrapper.emitted('input')[3][0]).toEqual('string')
  933 |"
/home/gabriel/Disk/Research/research-javascript-test-smells/repositories/bootstrap-vue-dev/src/components/form-tags/form-tags.spec.js,Duplicate Assert,"{'line': 10, 'column': 4, 'index': 309}","   8 |
   9 |     expect(wrapper.element.tagName).toBe('DIV')
> 10 |     expect(wrapper.classes()).toContain('b-form-tags')
     |    ^ Duplicate Assert
  11 |     expect(wrapper.classes()).toContain('form-control')
  12 |     expect(wrapper.attributes('role')).toBe('group')
  13 |     expect(wrapper.attributes('tabindex')).toBe('-1')"
/home/gabriel/Disk/Research/research-javascript-test-smells/repositories/bootstrap-vue-dev/src/components/form-tags/form-tags.spec.js,Duplicate Assert,"{'line': 11, 'column': 4, 'index': 364}","   9 |     expect(wrapper.element.tagName).toBe('DIV')
  10 |     expect(wrapper.classes()).toContain('b-form-tags')
> 11 |     expect(wrapper.classes()).toContain('form-control')
     |    ^ Duplicate Assert
  12 |     expect(wrapper.attributes('role')).toBe('group')
  13 |     expect(wrapper.attributes('tabindex')).toBe('-1')
  14 |"
/home/gabriel/Disk/Research/research-javascript-test-smells/repositories/bootstrap-vue-dev/src/components/form-tags/form-tags.spec.js,Duplicate Assert,"{'line': 32, 'column': 4, 'index': 931}","  30 |     const $tag0 = $tags.at(0)
  31 |     expect($tag0.attributes('title')).toEqual('apple')
> 32 |     expect($tag0.classes()).toContain('badge')
     |    ^ Duplicate Assert
  33 |     expect($tag0.classes()).toContain('badge-secondary')
  34 |     expect($tag0.text()).toContain('apple')
  35 |     expect($tag0.find('button.close').exists()).toBe(true)"
/home/gabriel/Disk/Research/research-javascript-test-smells/repositories/bootstrap-vue-dev/src/components/form-tags/form-tags.spec.js,Duplicate Assert,"{'line': 33, 'column': 4, 'index': 978}","  31 |     expect($tag0.attributes('title')).toEqual('apple')
  32 |     expect($tag0.classes()).toContain('badge')
> 33 |     expect($tag0.classes()).toContain('badge-secondary')
     |    ^ Duplicate Assert
  34 |     expect($tag0.text()).toContain('apple')
  35 |     expect($tag0.find('button.close').exists()).toBe(true)
  36 |"
/home/gabriel/Disk/Research/research-javascript-test-smells/repositories/bootstrap-vue-dev/src/components/form-tags/form-tags.spec.js,Duplicate Assert,"{'line': 39, 'column': 4, 'index': 1225}","  37 |     const $tag1 = $tags.at(1)
  38 |     expect($tag1.attributes('title')).toEqual('orange')
> 39 |     expect($tag1.classes()).toContain('badge')
     |    ^ Duplicate Assert
  40 |     expect($tag1.classes()).toContain('badge-secondary')
  41 |     expect($tag1.text()).toContain('orange')
  42 |     expect($tag1.find('button.close').exists()).toBe(true)"
/home/gabriel/Disk/Research/research-javascript-test-smells/repositories/bootstrap-vue-dev/src/components/form-tags/form-tags.spec.js,Duplicate Assert,"{'line': 40, 'column': 4, 'index': 1272}","  38 |     expect($tag1.attributes('title')).toEqual('orange')
  39 |     expect($tag1.classes()).toContain('badge')
> 40 |     expect($tag1.classes()).toContain('badge-secondary')
     |    ^ Duplicate Assert
  41 |     expect($tag1.text()).toContain('orange')
  42 |     expect($tag1.find('button.close').exists()).toBe(true)
  43 |"
/home/gabriel/Disk/Research/research-javascript-test-smells/repositories/bootstrap-vue-dev/src/components/form-tags/form-tags.spec.js,Duplicate Assert,"{'line': 135, 'column': 4, 'index': 4089}","  133 |
  134 |     expect(wrapper.element.tagName).toBe('DIV')
> 135 |     expect(wrapper.vm.tags).toEqual(['apple', 'orange'])
      |    ^ Duplicate Assert
  136 |     expect(wrapper.vm.newTag).toEqual('')
  137 |
  138 |     const $input = wrapper.find('input')"
/home/gabriel/Disk/Research/research-javascript-test-smells/repositories/bootstrap-vue-dev/src/components/form-tags/form-tags.spec.js,Duplicate Assert,"{'line': 135, 'column': 4, 'index': 4089}","  133 |
  134 |     expect(wrapper.element.tagName).toBe('DIV')
> 135 |     expect(wrapper.vm.tags).toEqual(['apple', 'orange'])
      |    ^ Duplicate Assert
  136 |     expect(wrapper.vm.newTag).toEqual('')
  137 |
  138 |     const $input = wrapper.find('input')"
/home/gabriel/Disk/Research/research-javascript-test-smells/repositories/bootstrap-vue-dev/src/components/form-tags/form-tags.spec.js,Duplicate Assert,"{'line': 136, 'column': 4, 'index': 4146}","  134 |     expect(wrapper.element.tagName).toBe('DIV')
  135 |     expect(wrapper.vm.tags).toEqual(['apple', 'orange'])
> 136 |     expect(wrapper.vm.newTag).toEqual('')
      |    ^ Duplicate Assert
  137 |
  138 |     const $input = wrapper.find('input')
  139 |     expect($input.exists()).toBe(true)"
/home/gabriel/Disk/Research/research-javascript-test-smells/repositories/bootstrap-vue-dev/src/components/form-tags/form-tags.spec.js,Duplicate Assert,"{'line': 136, 'column': 4, 'index': 4146}","  134 |     expect(wrapper.element.tagName).toBe('DIV')
  135 |     expect(wrapper.vm.tags).toEqual(['apple', 'orange'])
> 136 |     expect(wrapper.vm.newTag).toEqual('')
      |    ^ Duplicate Assert
  137 |
  138 |     const $input = wrapper.find('input')
  139 |     expect($input.exists()).toBe(true)"
/home/gabriel/Disk/Research/research-javascript-test-smells/repositories/bootstrap-vue-dev/src/components/form-tags/form-tags.spec.js,Duplicate Assert,"{'line': 145, 'column': 4, 'index': 4425}","  143 |     $input.element.value = 'pear'
  144 |     await $input.trigger('input')
> 145 |     expect(wrapper.vm.newTag).toEqual('pear')
      |    ^ Duplicate Assert
  146 |     expect(wrapper.vm.tags).toEqual(['apple', 'orange'])
  147 |     await $input.trigger('change')
  148 |     expect(wrapper.vm.newTag).toEqual('pear')"
/home/gabriel/Disk/Research/research-javascript-test-smells/repositories/bootstrap-vue-dev/src/components/form-tags/form-tags.spec.js,Duplicate Assert,"{'line': 145, 'column': 4, 'index': 4425}","  143 |     $input.element.value = 'pear'
  144 |     await $input.trigger('input')
> 145 |     expect(wrapper.vm.newTag).toEqual('pear')
      |    ^ Duplicate Assert
  146 |     expect(wrapper.vm.tags).toEqual(['apple', 'orange'])
  147 |     await $input.trigger('change')
  148 |     expect(wrapper.vm.newTag).toEqual('pear')"
/home/gabriel/Disk/Research/research-javascript-test-smells/repositories/bootstrap-vue-dev/src/components/form-tags/form-tags.spec.js,Duplicate Assert,"{'line': 146, 'column': 4, 'index': 4471}","  144 |     await $input.trigger('input')
  145 |     expect(wrapper.vm.newTag).toEqual('pear')
> 146 |     expect(wrapper.vm.tags).toEqual(['apple', 'orange'])
      |    ^ Duplicate Assert
  147 |     await $input.trigger('change')
  148 |     expect(wrapper.vm.newTag).toEqual('pear')
  149 |     expect(wrapper.vm.tags).toEqual(['apple', 'orange'])"
/home/gabriel/Disk/Research/research-javascript-test-smells/repositories/bootstrap-vue-dev/src/components/form-tags/form-tags.spec.js,Duplicate Assert,"{'line': 146, 'column': 4, 'index': 4471}","  144 |     await $input.trigger('input')
  145 |     expect(wrapper.vm.newTag).toEqual('pear')
> 146 |     expect(wrapper.vm.tags).toEqual(['apple', 'orange'])
      |    ^ Duplicate Assert
  147 |     await $input.trigger('change')
  148 |     expect(wrapper.vm.newTag).toEqual('pear')
  149 |     expect(wrapper.vm.tags).toEqual(['apple', 'orange'])"
/home/gabriel/Disk/Research/research-javascript-test-smells/repositories/bootstrap-vue-dev/src/components/form-tags/form-tags.spec.js,Duplicate Assert,"{'line': 148, 'column': 4, 'index': 4563}","  146 |     expect(wrapper.vm.tags).toEqual(['apple', 'orange'])
  147 |     await $input.trigger('change')
> 148 |     expect(wrapper.vm.newTag).toEqual('pear')
      |    ^ Duplicate Assert
  149 |     expect(wrapper.vm.tags).toEqual(['apple', 'orange'])
  150 |     await wrapper.setProps({ addOnChange: true })
  151 |     await $input.trigger('change')"
/home/gabriel/Disk/Research/research-javascript-test-smells/repositories/bootstrap-vue-dev/src/components/form-tags/form-tags.spec.js,Duplicate Assert,"{'line': 148, 'column': 4, 'index': 4563}","  146 |     expect(wrapper.vm.tags).toEqual(['apple', 'orange'])
  147 |     await $input.trigger('change')
> 148 |     expect(wrapper.vm.newTag).toEqual('pear')
      |    ^ Duplicate Assert
  149 |     expect(wrapper.vm.tags).toEqual(['apple', 'orange'])
  150 |     await wrapper.setProps({ addOnChange: true })
  151 |     await $input.trigger('change')"
/home/gabriel/Disk/Research/research-javascript-test-smells/repositories/bootstrap-vue-dev/src/components/form-tags/form-tags.spec.js,Duplicate Assert,"{'line': 149, 'column': 4, 'index': 4609}","  147 |     await $input.trigger('change')
  148 |     expect(wrapper.vm.newTag).toEqual('pear')
> 149 |     expect(wrapper.vm.tags).toEqual(['apple', 'orange'])
      |    ^ Duplicate Assert
  150 |     await wrapper.setProps({ addOnChange: true })
  151 |     await $input.trigger('change')
  152 |     expect(wrapper.vm.newTag).toEqual('')"
/home/gabriel/Disk/Research/research-javascript-test-smells/repositories/bootstrap-vue-dev/src/components/form-tags/form-tags.spec.js,Duplicate Assert,"{'line': 149, 'column': 4, 'index': 4609}","  147 |     await $input.trigger('change')
  148 |     expect(wrapper.vm.newTag).toEqual('pear')
> 149 |     expect(wrapper.vm.tags).toEqual(['apple', 'orange'])
      |    ^ Duplicate Assert
  150 |     await wrapper.setProps({ addOnChange: true })
  151 |     await $input.trigger('change')
  152 |     expect(wrapper.vm.newTag).toEqual('')"
/home/gabriel/Disk/Research/research-javascript-test-smells/repositories/bootstrap-vue-dev/src/components/form-tags/form-tags.spec.js,Duplicate Assert,"{'line': 152, 'column': 4, 'index': 4751}","  150 |     await wrapper.setProps({ addOnChange: true })
  151 |     await $input.trigger('change')
> 152 |     expect(wrapper.vm.newTag).toEqual('')
      |    ^ Duplicate Assert
  153 |     expect(wrapper.vm.tags).toEqual(['apple', 'orange', 'pear'])
  154 |     await wrapper.setProps({ addOnChange: false })
  155 |"
/home/gabriel/Disk/Research/research-javascript-test-smells/repositories/bootstrap-vue-dev/src/components/form-tags/form-tags.spec.js,Duplicate Assert,"{'line': 152, 'column': 4, 'index': 4751}","  150 |     await wrapper.setProps({ addOnChange: true })
  151 |     await $input.trigger('change')
> 152 |     expect(wrapper.vm.newTag).toEqual('')
      |    ^ Duplicate Assert
  153 |     expect(wrapper.vm.tags).toEqual(['apple', 'orange', 'pear'])
  154 |     await wrapper.setProps({ addOnChange: false })
  155 |"
/home/gabriel/Disk/Research/research-javascript-test-smells/repositories/bootstrap-vue-dev/src/components/form-tags/form-tags.spec.js,Duplicate Assert,"{'line': 153, 'column': 4, 'index': 4793}","  151 |     await $input.trigger('change')
  152 |     expect(wrapper.vm.newTag).toEqual('')
> 153 |     expect(wrapper.vm.tags).toEqual(['apple', 'orange', 'pear'])
      |    ^ Duplicate Assert
  154 |     await wrapper.setProps({ addOnChange: false })
  155 |
  156 |     $input.element.value = 'peach'"
/home/gabriel/Disk/Research/research-javascript-test-smells/repositories/bootstrap-vue-dev/src/components/form-tags/form-tags.spec.js,Duplicate Assert,"{'line': 153, 'column': 4, 'index': 4793}","  151 |     await $input.trigger('change')
  152 |     expect(wrapper.vm.newTag).toEqual('')
> 153 |     expect(wrapper.vm.tags).toEqual(['apple', 'orange', 'pear'])
      |    ^ Duplicate Assert
  154 |     await wrapper.setProps({ addOnChange: false })
  155 |
  156 |     $input.element.value = 'peach'"
/home/gabriel/Disk/Research/research-javascript-test-smells/repositories/bootstrap-vue-dev/src/components/form-tags/form-tags.spec.js,Duplicate Assert,"{'line': 158, 'column': 4, 'index': 4979}","  156 |     $input.element.value = 'peach'
  157 |     await $input.trigger('input')
> 158 |     expect(wrapper.vm.newTag).toEqual('peach')
      |    ^ Duplicate Assert
  159 |     expect(wrapper.vm.tags).toEqual(['apple', 'orange', 'pear'])
  160 |     await $input.trigger('keydown.enter')
  161 |     expect(wrapper.vm.newTag).toEqual('')"
/home/gabriel/Disk/Research/research-javascript-test-smells/repositories/bootstrap-vue-dev/src/components/form-tags/form-tags.spec.js,Duplicate Assert,"{'line': 159, 'column': 4, 'index': 5026}","  157 |     await $input.trigger('input')
  158 |     expect(wrapper.vm.newTag).toEqual('peach')
> 159 |     expect(wrapper.vm.tags).toEqual(['apple', 'orange', 'pear'])
      |    ^ Duplicate Assert
  160 |     await $input.trigger('keydown.enter')
  161 |     expect(wrapper.vm.newTag).toEqual('')
  162 |     expect(wrapper.vm.tags).toEqual(['apple', 'orange', 'pear', 'peach'])"
/home/gabriel/Disk/Research/research-javascript-test-smells/repositories/bootstrap-vue-dev/src/components/form-tags/form-tags.spec.js,Duplicate Assert,"{'line': 159, 'column': 4, 'index': 5026}","  157 |     await $input.trigger('input')
  158 |     expect(wrapper.vm.newTag).toEqual('peach')
> 159 |     expect(wrapper.vm.tags).toEqual(['apple', 'orange', 'pear'])
      |    ^ Duplicate Assert
  160 |     await $input.trigger('keydown.enter')
  161 |     expect(wrapper.vm.newTag).toEqual('')
  162 |     expect(wrapper.vm.tags).toEqual(['apple', 'orange', 'pear', 'peach'])"
/home/gabriel/Disk/Research/research-javascript-test-smells/repositories/bootstrap-vue-dev/src/components/form-tags/form-tags.spec.js,Duplicate Assert,"{'line': 161, 'column': 4, 'index': 5133}","  159 |     expect(wrapper.vm.tags).toEqual(['apple', 'orange', 'pear'])
  160 |     await $input.trigger('keydown.enter')
> 161 |     expect(wrapper.vm.newTag).toEqual('')
      |    ^ Duplicate Assert
  162 |     expect(wrapper.vm.tags).toEqual(['apple', 'orange', 'pear', 'peach'])
  163 |
  164 |     wrapper.destroy()"
/home/gabriel/Disk/Research/research-javascript-test-smells/repositories/bootstrap-vue-dev/src/components/form-tags/form-tags.spec.js,Duplicate Assert,"{'line': 161, 'column': 4, 'index': 5133}","  159 |     expect(wrapper.vm.tags).toEqual(['apple', 'orange', 'pear'])
  160 |     await $input.trigger('keydown.enter')
> 161 |     expect(wrapper.vm.newTag).toEqual('')
      |    ^ Duplicate Assert
  162 |     expect(wrapper.vm.tags).toEqual(['apple', 'orange', 'pear', 'peach'])
  163 |
  164 |     wrapper.destroy()"
/home/gabriel/Disk/Research/research-javascript-test-smells/repositories/bootstrap-vue-dev/src/components/form-tags/form-tags.spec.js,Duplicate Assert,"{'line': 162, 'column': 4, 'index': 5175}","  160 |     await $input.trigger('keydown.enter')
  161 |     expect(wrapper.vm.newTag).toEqual('')
> 162 |     expect(wrapper.vm.tags).toEqual(['apple', 'orange', 'pear', 'peach'])
      |    ^ Duplicate Assert
  163 |
  164 |     wrapper.destroy()
  165 |   })"
/home/gabriel/Disk/Research/research-javascript-test-smells/repositories/bootstrap-vue-dev/src/components/form-tags/form-tags.spec.js,Duplicate Assert,"{'line': 176, 'column': 4, 'index': 5521}","  174 |
  175 |     expect(wrapper.element.tagName).toBe('DIV')
> 176 |     expect(wrapper.vm.tags).toEqual(['apple', 'orange'])
      |    ^ Duplicate Assert
  177 |     expect(wrapper.vm.newTag).toEqual('')
  178 |
  179 |     const $input = wrapper.find('input')"
/home/gabriel/Disk/Research/research-javascript-test-smells/repositories/bootstrap-vue-dev/src/components/form-tags/form-tags.spec.js,Duplicate Assert,"{'line': 176, 'column': 4, 'index': 5521}","  174 |
  175 |     expect(wrapper.element.tagName).toBe('DIV')
> 176 |     expect(wrapper.vm.tags).toEqual(['apple', 'orange'])
      |    ^ Duplicate Assert
  177 |     expect(wrapper.vm.newTag).toEqual('')
  178 |
  179 |     const $input = wrapper.find('input')"
/home/gabriel/Disk/Research/research-javascript-test-smells/repositories/bootstrap-vue-dev/src/components/form-tags/form-tags.spec.js,Duplicate Assert,"{'line': 177, 'column': 4, 'index': 5578}","  175 |     expect(wrapper.element.tagName).toBe('DIV')
  176 |     expect(wrapper.vm.tags).toEqual(['apple', 'orange'])
> 177 |     expect(wrapper.vm.newTag).toEqual('')
      |    ^ Duplicate Assert
  178 |
  179 |     const $input = wrapper.find('input')
  180 |     expect($input.exists()).toBe(true)"
/home/gabriel/Disk/Research/research-javascript-test-smells/repositories/bootstrap-vue-dev/src/components/form-tags/form-tags.spec.js,Duplicate Assert,"{'line': 177, 'column': 4, 'index': 5578}","  175 |     expect(wrapper.element.tagName).toBe('DIV')
  176 |     expect(wrapper.vm.tags).toEqual(['apple', 'orange'])
> 177 |     expect(wrapper.vm.newTag).toEqual('')
      |    ^ Duplicate Assert
  178 |
  179 |     const $input = wrapper.find('input')
  180 |     expect($input.exists()).toBe(true)"
/home/gabriel/Disk/Research/research-javascript-test-smells/repositories/bootstrap-vue-dev/src/components/form-tags/form-tags.spec.js,Duplicate Assert,"{'line': 187, 'column': 4, 'index': 5910}","  185 |     $input.element.value = 'pear'
  186 |     await $input.trigger('input')
> 187 |     expect(wrapper.vm.newTag).toEqual('pear')
      |    ^ Duplicate Assert
  188 |     expect(wrapper.vm.tags).toEqual(['apple', 'orange'])
  189 |     await $input.trigger('change')
  190 |     expect(wrapper.vm.newTag).toEqual('pear')"
/home/gabriel/Disk/Research/research-javascript-test-smells/repositories/bootstrap-vue-dev/src/components/form-tags/form-tags.spec.js,Duplicate Assert,"{'line': 187, 'column': 4, 'index': 5910}","  185 |     $input.element.value = 'pear'
  186 |     await $input.trigger('input')
> 187 |     expect(wrapper.vm.newTag).toEqual('pear')
      |    ^ Duplicate Assert
  188 |     expect(wrapper.vm.tags).toEqual(['apple', 'orange'])
  189 |     await $input.trigger('change')
  190 |     expect(wrapper.vm.newTag).toEqual('pear')"
/home/gabriel/Disk/Research/research-javascript-test-smells/repositories/bootstrap-vue-dev/src/components/form-tags/form-tags.spec.js,Duplicate Assert,"{'line': 188, 'column': 4, 'index': 5956}","  186 |     await $input.trigger('input')
  187 |     expect(wrapper.vm.newTag).toEqual('pear')
> 188 |     expect(wrapper.vm.tags).toEqual(['apple', 'orange'])
      |    ^ Duplicate Assert
  189 |     await $input.trigger('change')
  190 |     expect(wrapper.vm.newTag).toEqual('pear')
  191 |     expect(wrapper.vm.tags).toEqual(['apple', 'orange'])"
/home/gabriel/Disk/Research/research-javascript-test-smells/repositories/bootstrap-vue-dev/src/components/form-tags/form-tags.spec.js,Duplicate Assert,"{'line': 188, 'column': 4, 'index': 5956}","  186 |     await $input.trigger('input')
  187 |     expect(wrapper.vm.newTag).toEqual('pear')
> 188 |     expect(wrapper.vm.tags).toEqual(['apple', 'orange'])
      |    ^ Duplicate Assert
  189 |     await $input.trigger('change')
  190 |     expect(wrapper.vm.newTag).toEqual('pear')
  191 |     expect(wrapper.vm.tags).toEqual(['apple', 'orange'])"
/home/gabriel/Disk/Research/research-javascript-test-smells/repositories/bootstrap-vue-dev/src/components/form-tags/form-tags.spec.js,Duplicate Assert,"{'line': 190, 'column': 4, 'index': 6048}","  188 |     expect(wrapper.vm.tags).toEqual(['apple', 'orange'])
  189 |     await $input.trigger('change')
> 190 |     expect(wrapper.vm.newTag).toEqual('pear')
      |    ^ Duplicate Assert
  191 |     expect(wrapper.vm.tags).toEqual(['apple', 'orange'])
  192 |     await wrapper.setProps({ addOnChange: true })
  193 |     await $input.trigger('change')"
/home/gabriel/Disk/Research/research-javascript-test-smells/repositories/bootstrap-vue-dev/src/components/form-tags/form-tags.spec.js,Duplicate Assert,"{'line': 190, 'column': 4, 'index': 6048}","  188 |     expect(wrapper.vm.tags).toEqual(['apple', 'orange'])
  189 |     await $input.trigger('change')
> 190 |     expect(wrapper.vm.newTag).toEqual('pear')
      |    ^ Duplicate Assert
  191 |     expect(wrapper.vm.tags).toEqual(['apple', 'orange'])
  192 |     await wrapper.setProps({ addOnChange: true })
  193 |     await $input.trigger('change')"
/home/gabriel/Disk/Research/research-javascript-test-smells/repositories/bootstrap-vue-dev/src/components/form-tags/form-tags.spec.js,Duplicate Assert,"{'line': 191, 'column': 4, 'index': 6094}","  189 |     await $input.trigger('change')
  190 |     expect(wrapper.vm.newTag).toEqual('pear')
> 191 |     expect(wrapper.vm.tags).toEqual(['apple', 'orange'])
      |    ^ Duplicate Assert
  192 |     await wrapper.setProps({ addOnChange: true })
  193 |     await $input.trigger('change')
  194 |     expect(wrapper.vm.newTag).toEqual('')"
/home/gabriel/Disk/Research/research-javascript-test-smells/repositories/bootstrap-vue-dev/src/components/form-tags/form-tags.spec.js,Duplicate Assert,"{'line': 191, 'column': 4, 'index': 6094}","  189 |     await $input.trigger('change')
  190 |     expect(wrapper.vm.newTag).toEqual('pear')
> 191 |     expect(wrapper.vm.tags).toEqual(['apple', 'orange'])
      |    ^ Duplicate Assert
  192 |     await wrapper.setProps({ addOnChange: true })
  193 |     await $input.trigger('change')
  194 |     expect(wrapper.vm.newTag).toEqual('')"
/home/gabriel/Disk/Research/research-javascript-test-smells/repositories/bootstrap-vue-dev/src/components/form-tags/form-tags.spec.js,Duplicate Assert,"{'line': 194, 'column': 4, 'index': 6236}","  192 |     await wrapper.setProps({ addOnChange: true })
  193 |     await $input.trigger('change')
> 194 |     expect(wrapper.vm.newTag).toEqual('')
      |    ^ Duplicate Assert
  195 |     expect(wrapper.vm.tags).toEqual(['apple', 'orange', 'pear'])
  196 |     await wrapper.setProps({ addOnChange: false })
  197 |"
/home/gabriel/Disk/Research/research-javascript-test-smells/repositories/bootstrap-vue-dev/src/components/form-tags/form-tags.spec.js,Duplicate Assert,"{'line': 194, 'column': 4, 'index': 6236}","  192 |     await wrapper.setProps({ addOnChange: true })
  193 |     await $input.trigger('change')
> 194 |     expect(wrapper.vm.newTag).toEqual('')
      |    ^ Duplicate Assert
  195 |     expect(wrapper.vm.tags).toEqual(['apple', 'orange', 'pear'])
  196 |     await wrapper.setProps({ addOnChange: false })
  197 |"
/home/gabriel/Disk/Research/research-javascript-test-smells/repositories/bootstrap-vue-dev/src/components/form-tags/form-tags.spec.js,Duplicate Assert,"{'line': 195, 'column': 4, 'index': 6278}","  193 |     await $input.trigger('change')
  194 |     expect(wrapper.vm.newTag).toEqual('')
> 195 |     expect(wrapper.vm.tags).toEqual(['apple', 'orange', 'pear'])
      |    ^ Duplicate Assert
  196 |     await wrapper.setProps({ addOnChange: false })
  197 |
  198 |     wrapper.destroy()"
/home/gabriel/Disk/Research/research-javascript-test-smells/repositories/bootstrap-vue-dev/src/components/form-tags/form-tags.spec.js,Duplicate Assert,"{'line': 231, 'column': 4, 'index': 7212}","  229 |
  230 |     expect(wrapper.element.tagName).toBe('DIV')
> 231 |     expect(wrapper.vm.tags).toEqual(['apple', 'orange', 'pear', 'peach'])
      |    ^ Duplicate Assert
  232 |     expect(wrapper.vm.newTag).toEqual('')
  233 |
  234 |     let $tags = wrapper.findAll('.badge')"
/home/gabriel/Disk/Research/research-javascript-test-smells/repositories/bootstrap-vue-dev/src/components/form-tags/form-tags.spec.js,Duplicate Assert,"{'line': 235, 'column': 4, 'index': 7371}","  233 |
  234 |     let $tags = wrapper.findAll('.badge')
> 235 |     expect($tags.length).toBe(4)
      |    ^ Duplicate Assert
  236 |     expect($tags.at(1).attributes('title')).toEqual('orange')
  237 |
  238 |     const $btn = $tags.at(1).find('button')"
/home/gabriel/Disk/Research/research-javascript-test-smells/repositories/bootstrap-vue-dev/src/components/form-tags/form-tags.spec.js,Duplicate Assert,"{'line': 236, 'column': 4, 'index': 7404}","  234 |     let $tags = wrapper.findAll('.badge')
  235 |     expect($tags.length).toBe(4)
> 236 |     expect($tags.at(1).attributes('title')).toEqual('orange')
      |    ^ Duplicate Assert
  237 |
  238 |     const $btn = $tags.at(1).find('button')
  239 |     expect($btn.exists()).toBe(true)"
/home/gabriel/Disk/Research/research-javascript-test-smells/repositories/bootstrap-vue-dev/src/components/form-tags/form-tags.spec.js,Duplicate Assert,"{'line': 242, 'column': 4, 'index': 7581}","  240 |
  241 |     await $btn.trigger('click')
> 242 |     expect(wrapper.vm.tags).toEqual(['apple', 'pear', 'peach'])
      |    ^ Duplicate Assert
  243 |
  244 |     $tags = wrapper.findAll('.badge')
  245 |     expect($tags.length).toBe(3)"
/home/gabriel/Disk/Research/research-javascript-test-smells/repositories/bootstrap-vue-dev/src/components/form-tags/form-tags.spec.js,Duplicate Assert,"{'line': 245, 'column': 4, 'index': 7684}","  243 |
  244 |     $tags = wrapper.findAll('.badge')
> 245 |     expect($tags.length).toBe(3)
      |    ^ Duplicate Assert
  246 |     expect($tags.at(1).attributes('title')).toEqual('pear')
  247 |
  248 |     wrapper.destroy()"
/home/gabriel/Disk/Research/research-javascript-test-smells/repositories/bootstrap-vue-dev/src/components/form-tags/form-tags.spec.js,Duplicate Assert,"{'line': 246, 'column': 4, 'index': 7717}","  244 |     $tags = wrapper.findAll('.badge')
  245 |     expect($tags.length).toBe(3)
> 246 |     expect($tags.at(1).attributes('title')).toEqual('pear')
      |    ^ Duplicate Assert
  247 |
  248 |     wrapper.destroy()
  249 |   })"
/home/gabriel/Disk/Research/research-javascript-test-smells/repositories/bootstrap-vue-dev/src/components/form-tags/form-tags.spec.js,Duplicate Assert,"{'line': 260, 'column': 4, 'index': 8039}","  258 |
  259 |     expect(wrapper.element.tagName).toBe('DIV')
> 260 |     expect(wrapper.vm.tags).toEqual(['apple', 'orange'])
      |    ^ Duplicate Assert
  261 |     expect(wrapper.vm.newTag).toEqual('')
  262 |
  263 |     const $input = wrapper.find('input')"
/home/gabriel/Disk/Research/research-javascript-test-smells/repositories/bootstrap-vue-dev/src/components/form-tags/form-tags.spec.js,Duplicate Assert,"{'line': 260, 'column': 4, 'index': 8039}","  258 |
  259 |     expect(wrapper.element.tagName).toBe('DIV')
> 260 |     expect(wrapper.vm.tags).toEqual(['apple', 'orange'])
      |    ^ Duplicate Assert
  261 |     expect(wrapper.vm.newTag).toEqual('')
  262 |
  263 |     const $input = wrapper.find('input')"
/home/gabriel/Disk/Research/research-javascript-test-smells/repositories/bootstrap-vue-dev/src/components/form-tags/form-tags.spec.js,Duplicate Assert,"{'line': 261, 'column': 4, 'index': 8096}","  259 |     expect(wrapper.element.tagName).toBe('DIV')
  260 |     expect(wrapper.vm.tags).toEqual(['apple', 'orange'])
> 261 |     expect(wrapper.vm.newTag).toEqual('')
      |    ^ Duplicate Assert
  262 |
  263 |     const $input = wrapper.find('input')
  264 |     expect($input.exists()).toBe(true)"
/home/gabriel/Disk/Research/research-javascript-test-smells/repositories/bootstrap-vue-dev/src/components/form-tags/form-tags.spec.js,Duplicate Assert,"{'line': 261, 'column': 4, 'index': 8096}","  259 |     expect(wrapper.element.tagName).toBe('DIV')
  260 |     expect(wrapper.vm.tags).toEqual(['apple', 'orange'])
> 261 |     expect(wrapper.vm.newTag).toEqual('')
      |    ^ Duplicate Assert
  262 |
  263 |     const $input = wrapper.find('input')
  264 |     expect($input.exists()).toBe(true)"
/home/gabriel/Disk/Research/research-javascript-test-smells/repositories/bootstrap-vue-dev/src/components/form-tags/form-tags.spec.js,Duplicate Assert,"{'line': 269, 'column': 4, 'index': 8330}","  267 |     $input.element.value = 'pear'
  268 |     await $input.trigger('input')
> 269 |     expect(wrapper.vm.newTag).toEqual('pear')
      |    ^ Duplicate Assert
  270 |     expect(wrapper.vm.tags).toEqual(['apple', 'orange'])
  271 |     $input.element.value = 'pear '
  272 |     await $input.trigger('input')"
/home/gabriel/Disk/Research/research-javascript-test-smells/repositories/bootstrap-vue-dev/src/components/form-tags/form-tags.spec.js,Duplicate Assert,"{'line': 270, 'column': 4, 'index': 8376}","  268 |     await $input.trigger('input')
  269 |     expect(wrapper.vm.newTag).toEqual('pear')
> 270 |     expect(wrapper.vm.tags).toEqual(['apple', 'orange'])
      |    ^ Duplicate Assert
  271 |     $input.element.value = 'pear '
  272 |     await $input.trigger('input')
  273 |     expect(wrapper.vm.newTag).toEqual('')"
/home/gabriel/Disk/Research/research-javascript-test-smells/repositories/bootstrap-vue-dev/src/components/form-tags/form-tags.spec.js,Duplicate Assert,"{'line': 270, 'column': 4, 'index': 8376}","  268 |     await $input.trigger('input')
  269 |     expect(wrapper.vm.newTag).toEqual('pear')
> 270 |     expect(wrapper.vm.tags).toEqual(['apple', 'orange'])
      |    ^ Duplicate Assert
  271 |     $input.element.value = 'pear '
  272 |     await $input.trigger('input')
  273 |     expect(wrapper.vm.newTag).toEqual('')"
/home/gabriel/Disk/Research/research-javascript-test-smells/repositories/bootstrap-vue-dev/src/components/form-tags/form-tags.spec.js,Duplicate Assert,"{'line': 273, 'column': 4, 'index': 8502}","  271 |     $input.element.value = 'pear '
  272 |     await $input.trigger('input')
> 273 |     expect(wrapper.vm.newTag).toEqual('')
      |    ^ Duplicate Assert
  274 |     expect(wrapper.vm.tags).toEqual(['apple', 'orange', 'pear'])
  275 |
  276 |     $input.element.value = 'peach;  foo,bar apple pie'"
/home/gabriel/Disk/Research/research-javascript-test-smells/repositories/bootstrap-vue-dev/src/components/form-tags/form-tags.spec.js,Duplicate Assert,"{'line': 273, 'column': 4, 'index': 8502}","  271 |     $input.element.value = 'pear '
  272 |     await $input.trigger('input')
> 273 |     expect(wrapper.vm.newTag).toEqual('')
      |    ^ Duplicate Assert
  274 |     expect(wrapper.vm.tags).toEqual(['apple', 'orange', 'pear'])
  275 |
  276 |     $input.element.value = 'peach;  foo,bar apple pie'"
/home/gabriel/Disk/Research/research-javascript-test-smells/repositories/bootstrap-vue-dev/src/components/form-tags/form-tags.spec.js,Duplicate Assert,"{'line': 274, 'column': 4, 'index': 8544}","  272 |     await $input.trigger('input')
  273 |     expect(wrapper.vm.newTag).toEqual('')
> 274 |     expect(wrapper.vm.tags).toEqual(['apple', 'orange', 'pear'])
      |    ^ Duplicate Assert
  275 |
  276 |     $input.element.value = 'peach;  foo,bar apple pie'
  277 |     await $input.trigger('input')"
/home/gabriel/Disk/Research/research-javascript-test-smells/repositories/bootstrap-vue-dev/src/components/form-tags/form-tags.spec.js,Duplicate Assert,"{'line': 274, 'column': 4, 'index': 8544}","  272 |     await $input.trigger('input')
  273 |     expect(wrapper.vm.newTag).toEqual('')
> 274 |     expect(wrapper.vm.tags).toEqual(['apple', 'orange', 'pear'])
      |    ^ Duplicate Assert
  275 |
  276 |     $input.element.value = 'peach;  foo,bar apple pie'
  277 |     await $input.trigger('input')"
/home/gabriel/Disk/Research/research-javascript-test-smells/repositories/bootstrap-vue-dev/src/components/form-tags/form-tags.spec.js,Duplicate Assert,"{'line': 278, 'column': 4, 'index': 8699}","  276 |     $input.element.value = 'peach;  foo,bar apple pie'
  277 |     await $input.trigger('input')
> 278 |     expect(wrapper.vm.newTag).toEqual('peach;  foo,bar apple pie')
      |    ^ Duplicate Assert
  279 |     expect(wrapper.vm.tags).toEqual(['apple', 'orange', 'pear'])
  280 |
  281 |     $input.element.value = 'peach;  foo,bar apple pie '"
/home/gabriel/Disk/Research/research-javascript-test-smells/repositories/bootstrap-vue-dev/src/components/form-tags/form-tags.spec.js,Duplicate Assert,"{'line': 279, 'column': 4, 'index': 8766}","  277 |     await $input.trigger('input')
  278 |     expect(wrapper.vm.newTag).toEqual('peach;  foo,bar apple pie')
> 279 |     expect(wrapper.vm.tags).toEqual(['apple', 'orange', 'pear'])
      |    ^ Duplicate Assert
  280 |
  281 |     $input.element.value = 'peach;  foo,bar apple pie '
  282 |     await $input.trigger('input')"
/home/gabriel/Disk/Research/research-javascript-test-smells/repositories/bootstrap-vue-dev/src/components/form-tags/form-tags.spec.js,Duplicate Assert,"{'line': 279, 'column': 4, 'index': 8766}","  277 |     await $input.trigger('input')
  278 |     expect(wrapper.vm.newTag).toEqual('peach;  foo,bar apple pie')
> 279 |     expect(wrapper.vm.tags).toEqual(['apple', 'orange', 'pear'])
      |    ^ Duplicate Assert
  280 |
  281 |     $input.element.value = 'peach;  foo,bar apple pie '
  282 |     await $input.trigger('input')"
/home/gabriel/Disk/Research/research-javascript-test-smells/repositories/bootstrap-vue-dev/src/components/form-tags/form-tags.spec.js,Duplicate Assert,"{'line': 283, 'column': 4, 'index': 8922}","  281 |     $input.element.value = 'peach;  foo,bar apple pie '
  282 |     await $input.trigger('input')
> 283 |     expect(wrapper.vm.newTag).toEqual('apple ')
      |    ^ Duplicate Assert
  284 |     expect(wrapper.vm.tags).toEqual(['apple', 'orange', 'pear', 'peach', 'foo', 'bar', 'pie'])
  285 |
  286 |     wrapper.destroy()"
/home/gabriel/Disk/Research/research-javascript-test-smells/repositories/bootstrap-vue-dev/src/components/form-tags/form-tags.spec.js,Duplicate Assert,"{'line': 284, 'column': 4, 'index': 8970}","  282 |     await $input.trigger('input')
  283 |     expect(wrapper.vm.newTag).toEqual('apple ')
> 284 |     expect(wrapper.vm.tags).toEqual(['apple', 'orange', 'pear', 'peach', 'foo', 'bar', 'pie'])
      |    ^ Duplicate Assert
  285 |
  286 |     wrapper.destroy()
  287 |   })"
/home/gabriel/Disk/Research/research-javascript-test-smells/repositories/bootstrap-vue-dev/src/components/form-tags/form-tags.spec.js,Duplicate Assert,"{'line': 299, 'column': 4, 'index': 9358}","  297 |
  298 |     expect(wrapper.element.tagName).toBe('DIV')
> 299 |     expect(wrapper.vm.tags).toEqual(['one', 'two'])
      |    ^ Duplicate Assert
  300 |     expect(wrapper.vm.newTag).toEqual('')
  301 |
  302 |     const $input = wrapper.find('input')"
/home/gabriel/Disk/Research/research-javascript-test-smells/repositories/bootstrap-vue-dev/src/components/form-tags/form-tags.spec.js,Duplicate Assert,"{'line': 299, 'column': 4, 'index': 9358}","  297 |
  298 |     expect(wrapper.element.tagName).toBe('DIV')
> 299 |     expect(wrapper.vm.tags).toEqual(['one', 'two'])
      |    ^ Duplicate Assert
  300 |     expect(wrapper.vm.newTag).toEqual('')
  301 |
  302 |     const $input = wrapper.find('input')"
/home/gabriel/Disk/Research/research-javascript-test-smells/repositories/bootstrap-vue-dev/src/components/form-tags/form-tags.spec.js,Duplicate Assert,"{'line': 300, 'column': 4, 'index': 9410}","  298 |     expect(wrapper.element.tagName).toBe('DIV')
  299 |     expect(wrapper.vm.tags).toEqual(['one', 'two'])
> 300 |     expect(wrapper.vm.newTag).toEqual('')
      |    ^ Duplicate Assert
  301 |
  302 |     const $input = wrapper.find('input')
  303 |     expect($input.exists()).toBe(true)"
/home/gabriel/Disk/Research/research-javascript-test-smells/repositories/bootstrap-vue-dev/src/components/form-tags/form-tags.spec.js,Duplicate Assert,"{'line': 300, 'column': 4, 'index': 9410}","  298 |     expect(wrapper.element.tagName).toBe('DIV')
  299 |     expect(wrapper.vm.tags).toEqual(['one', 'two'])
> 300 |     expect(wrapper.vm.newTag).toEqual('')
      |    ^ Duplicate Assert
  301 |
  302 |     const $input = wrapper.find('input')
  303 |     expect($input.exists()).toBe(true)"
/home/gabriel/Disk/Research/research-javascript-test-smells/repositories/bootstrap-vue-dev/src/components/form-tags/form-tags.spec.js,Duplicate Assert,"{'line': 308, 'column': 4, 'index': 9643}","  306 |     $input.element.value = 'tag'
  307 |     await $input.trigger('input')
> 308 |     expect(wrapper.vm.tags).toEqual(['one', 'two'])
      |    ^ Duplicate Assert
  309 |     expect(wrapper.vm.newTag).toEqual('tag')
  310 |
  311 |     $input.element.value = 'tag '"
/home/gabriel/Disk/Research/research-javascript-test-smells/repositories/bootstrap-vue-dev/src/components/form-tags/form-tags.spec.js,Duplicate Assert,"{'line': 308, 'column': 4, 'index': 9643}","  306 |     $input.element.value = 'tag'
  307 |     await $input.trigger('input')
> 308 |     expect(wrapper.vm.tags).toEqual(['one', 'two'])
      |    ^ Duplicate Assert
  309 |     expect(wrapper.vm.newTag).toEqual('tag')
  310 |
  311 |     $input.element.value = 'tag '"
/home/gabriel/Disk/Research/research-javascript-test-smells/repositories/bootstrap-vue-dev/src/components/form-tags/form-tags.spec.js,Duplicate Assert,"{'line': 309, 'column': 4, 'index': 9695}","  307 |     await $input.trigger('input')
  308 |     expect(wrapper.vm.tags).toEqual(['one', 'two'])
> 309 |     expect(wrapper.vm.newTag).toEqual('tag')
      |    ^ Duplicate Assert
  310 |
  311 |     $input.element.value = 'tag '
  312 |     await $input.trigger('input')"
/home/gabriel/Disk/Research/research-javascript-test-smells/repositories/bootstrap-vue-dev/src/components/form-tags/form-tags.spec.js,Duplicate Assert,"{'line': 313, 'column': 4, 'index': 9809}","  311 |     $input.element.value = 'tag '
  312 |     await $input.trigger('input')
> 313 |     expect(wrapper.vm.tags).toEqual(['one', 'two', 'tag'])
      |    ^ Duplicate Assert
  314 |     expect(wrapper.vm.newTag).toEqual('')
  315 |
  316 |     $input.element.value = 'three four one four '"
/home/gabriel/Disk/Research/research-javascript-test-smells/repositories/bootstrap-vue-dev/src/components/form-tags/form-tags.spec.js,Duplicate Assert,"{'line': 314, 'column': 4, 'index': 9868}","  312 |     await $input.trigger('input')
  313 |     expect(wrapper.vm.tags).toEqual(['one', 'two', 'tag'])
> 314 |     expect(wrapper.vm.newTag).toEqual('')
      |    ^ Duplicate Assert
  315 |
  316 |     $input.element.value = 'three four one four '
  317 |     await $input.trigger('input')"
/home/gabriel/Disk/Research/research-javascript-test-smells/repositories/bootstrap-vue-dev/src/components/form-tags/form-tags.spec.js,Duplicate Assert,"{'line': 314, 'column': 4, 'index': 9868}","  312 |     await $input.trigger('input')
  313 |     expect(wrapper.vm.tags).toEqual(['one', 'two', 'tag'])
> 314 |     expect(wrapper.vm.newTag).toEqual('')
      |    ^ Duplicate Assert
  315 |
  316 |     $input.element.value = 'three four one four '
  317 |     await $input.trigger('input')"
/home/gabriel/Disk/Research/research-javascript-test-smells/repositories/bootstrap-vue-dev/src/components/form-tags/form-tags.spec.js,Duplicate Assert,"{'line': 318, 'column': 4, 'index': 9995}","  316 |     $input.element.value = 'three four one four '
  317 |     await $input.trigger('input')
> 318 |     expect(wrapper.vm.tags).toEqual(['one', 'two', 'tag', 'four'])
      |    ^ Duplicate Assert
  319 |     // No tags(s) were accepted so the input is left as is
  320 |     expect(wrapper.vm.newTag).toEqual('three four one four ')
  321 |"
/home/gabriel/Disk/Research/research-javascript-test-smells/repositories/bootstrap-vue-dev/src/components/form-tags/form-tags.spec.js,Duplicate Assert,"{'line': 318, 'column': 4, 'index': 9995}","  316 |     $input.element.value = 'three four one four '
  317 |     await $input.trigger('input')
> 318 |     expect(wrapper.vm.tags).toEqual(['one', 'two', 'tag', 'four'])
      |    ^ Duplicate Assert
  319 |     // No tags(s) were accepted so the input is left as is
  320 |     expect(wrapper.vm.newTag).toEqual('three four one four ')
  321 |"
/home/gabriel/Disk/Research/research-javascript-test-smells/repositories/bootstrap-vue-dev/src/components/form-tags/form-tags.spec.js,Duplicate Assert,"{'line': 320, 'column': 4, 'index': 10121}","  318 |     expect(wrapper.vm.tags).toEqual(['one', 'two', 'tag', 'four'])
  319 |     // No tags(s) were accepted so the input is left as is
> 320 |     expect(wrapper.vm.newTag).toEqual('three four one four ')
      |    ^ Duplicate Assert
  321 |
  322 |     $input.element.value = ' three '
  323 |     await $input.trigger('input')"
/home/gabriel/Disk/Research/research-javascript-test-smells/repositories/bootstrap-vue-dev/src/components/form-tags/form-tags.spec.js,Duplicate Assert,"{'line': 324, 'column': 4, 'index': 10255}","  322 |     $input.element.value = ' three '
  323 |     await $input.trigger('input')
> 324 |     expect(wrapper.vm.tags).toEqual(['one', 'two', 'tag', 'four'])
      |    ^ Duplicate Assert
  325 |     // No tags(s) were accepted so the input is left as is
  326 |     expect(wrapper.vm.newTag).toEqual(' three ')
  327 |"
/home/gabriel/Disk/Research/research-javascript-test-smells/repositories/bootstrap-vue-dev/src/components/form-tags/form-tags.spec.js,Duplicate Assert,"{'line': 324, 'column': 4, 'index': 10255}","  322 |     $input.element.value = ' three '
  323 |     await $input.trigger('input')
> 324 |     expect(wrapper.vm.tags).toEqual(['one', 'two', 'tag', 'four'])
      |    ^ Duplicate Assert
  325 |     // No tags(s) were accepted so the input is left as is
  326 |     expect(wrapper.vm.newTag).toEqual(' three ')
  327 |"
/home/gabriel/Disk/Research/research-javascript-test-smells/repositories/bootstrap-vue-dev/src/components/form-tags/form-tags.spec.js,Duplicate Assert,"{'line': 326, 'column': 4, 'index': 10381}","  324 |     expect(wrapper.vm.tags).toEqual(['one', 'two', 'tag', 'four'])
  325 |     // No tags(s) were accepted so the input is left as is
> 326 |     expect(wrapper.vm.newTag).toEqual(' three ')
      |    ^ Duplicate Assert
  327 |
  328 |     $input.element.value = ' three seven '
  329 |     await $input.trigger('input')"
/home/gabriel/Disk/Research/research-javascript-test-smells/repositories/bootstrap-vue-dev/src/components/form-tags/form-tags.spec.js,Duplicate Assert,"{'line': 330, 'column': 4, 'index': 10508}","  328 |     $input.element.value = ' three seven '
  329 |     await $input.trigger('input')
> 330 |     expect(wrapper.vm.tags).toEqual(['one', 'two', 'tag', 'four'])
      |    ^ Duplicate Assert
  331 |     // No tags(s) were accepted so the input is left as is
  332 |     expect(wrapper.vm.newTag).toEqual(' three seven ')
  333 |"
/home/gabriel/Disk/Research/research-javascript-test-smells/repositories/bootstrap-vue-dev/src/components/form-tags/form-tags.spec.js,Duplicate Assert,"{'line': 330, 'column': 4, 'index': 10508}","  328 |     $input.element.value = ' three seven '
  329 |     await $input.trigger('input')
> 330 |     expect(wrapper.vm.tags).toEqual(['one', 'two', 'tag', 'four'])
      |    ^ Duplicate Assert
  331 |     // No tags(s) were accepted so the input is left as is
  332 |     expect(wrapper.vm.newTag).toEqual(' three seven ')
  333 |"
/home/gabriel/Disk/Research/research-javascript-test-smells/repositories/bootstrap-vue-dev/src/components/form-tags/form-tags.spec.js,Duplicate Assert,"{'line': 332, 'column': 4, 'index': 10634}","  330 |     expect(wrapper.vm.tags).toEqual(['one', 'two', 'tag', 'four'])
  331 |     // No tags(s) were accepted so the input is left as is
> 332 |     expect(wrapper.vm.newTag).toEqual(' three seven ')
      |    ^ Duplicate Assert
  333 |
  334 |     $input.element.value = ' three cat seven '
  335 |     await $input.trigger('input')"
/home/gabriel/Disk/Research/research-javascript-test-smells/repositories/bootstrap-vue-dev/src/components/form-tags/form-tags.spec.js,Duplicate Assert,"{'line': 336, 'column': 4, 'index': 10771}","  334 |     $input.element.value = ' three cat seven '
  335 |     await $input.trigger('input')
> 336 |     expect(wrapper.vm.tags).toEqual(['one', 'two', 'tag', 'four', 'cat'])
      |    ^ Duplicate Assert
  337 |     // No tags(s) were accepted so the input is left as is
  338 |     expect(wrapper.vm.newTag).toEqual('three seven ')
  339 |"
/home/gabriel/Disk/Research/research-javascript-test-smells/repositories/bootstrap-vue-dev/src/components/form-tags/form-tags.spec.js,Duplicate Assert,"{'line': 336, 'column': 4, 'index': 10771}","  334 |     $input.element.value = ' three cat seven '
  335 |     await $input.trigger('input')
> 336 |     expect(wrapper.vm.tags).toEqual(['one', 'two', 'tag', 'four', 'cat'])
      |    ^ Duplicate Assert
  337 |     // No tags(s) were accepted so the input is left as is
  338 |     expect(wrapper.vm.newTag).toEqual('three seven ')
  339 |"
/home/gabriel/Disk/Research/research-javascript-test-smells/repositories/bootstrap-vue-dev/src/components/form-tags/form-tags.spec.js,Duplicate Assert,"{'line': 338, 'column': 4, 'index': 10904}","  336 |     expect(wrapper.vm.tags).toEqual(['one', 'two', 'tag', 'four', 'cat'])
  337 |     // No tags(s) were accepted so the input is left as is
> 338 |     expect(wrapper.vm.newTag).toEqual('three seven ')
      |    ^ Duplicate Assert
  339 |
  340 |     $input.element.value = '    '
  341 |     await $input.trigger('input')"
/home/gabriel/Disk/Research/research-javascript-test-smells/repositories/bootstrap-vue-dev/src/components/form-tags/form-tags.spec.js,Duplicate Assert,"{'line': 342, 'column': 4, 'index': 11027}","  340 |     $input.element.value = '    '
  341 |     await $input.trigger('input')
> 342 |     expect(wrapper.vm.newTag).toEqual('    ')
      |    ^ Duplicate Assert
  343 |     expect(wrapper.vm.tags).toEqual(['one', 'two', 'tag', 'four', 'cat'])
  344 |
  345 |     wrapper.destroy()"
/home/gabriel/Disk/Research/research-javascript-test-smells/repositories/bootstrap-vue-dev/src/components/form-tags/form-tags.spec.js,Duplicate Assert,"{'line': 343, 'column': 4, 'index': 11073}","  341 |     await $input.trigger('input')
  342 |     expect(wrapper.vm.newTag).toEqual('    ')
> 343 |     expect(wrapper.vm.tags).toEqual(['one', 'two', 'tag', 'four', 'cat'])
      |    ^ Duplicate Assert
  344 |
  345 |     wrapper.destroy()
  346 |   })"
/home/gabriel/Disk/Research/research-javascript-test-smells/repositories/bootstrap-vue-dev/src/components/form-tags/form-tags.spec.js,Duplicate Assert,"{'line': 343, 'column': 4, 'index': 11073}","  341 |     await $input.trigger('input')
  342 |     expect(wrapper.vm.newTag).toEqual('    ')
> 343 |     expect(wrapper.vm.tags).toEqual(['one', 'two', 'tag', 'four', 'cat'])
      |    ^ Duplicate Assert
  344 |
  345 |     wrapper.destroy()
  346 |   })"
/home/gabriel/Disk/Research/research-javascript-test-smells/repositories/bootstrap-vue-dev/src/components/form-tags/form-tags.spec.js,Duplicate Assert,"{'line': 359, 'column': 4, 'index': 11486}","  357 |
  358 |     expect(wrapper.element.tagName).toBe('DIV')
> 359 |     expect(wrapper.vm.tags).toEqual(['one', 'two'])
      |    ^ Duplicate Assert
  360 |     expect(wrapper.vm.newTag).toEqual('')
  361 |     expect(wrapper.vm.duplicateTags).toEqual([])
  362 |     expect(wrapper.vm.invalidTags).toEqual([])"
/home/gabriel/Disk/Research/research-javascript-test-smells/repositories/bootstrap-vue-dev/src/components/form-tags/form-tags.spec.js,Duplicate Assert,"{'line': 359, 'column': 4, 'index': 11486}","  357 |
  358 |     expect(wrapper.element.tagName).toBe('DIV')
> 359 |     expect(wrapper.vm.tags).toEqual(['one', 'two'])
      |    ^ Duplicate Assert
  360 |     expect(wrapper.vm.newTag).toEqual('')
  361 |     expect(wrapper.vm.duplicateTags).toEqual([])
  362 |     expect(wrapper.vm.invalidTags).toEqual([])"
/home/gabriel/Disk/Research/research-javascript-test-smells/repositories/bootstrap-vue-dev/src/components/form-tags/form-tags.spec.js,Duplicate Assert,"{'line': 360, 'column': 4, 'index': 11538}","  358 |     expect(wrapper.element.tagName).toBe('DIV')
  359 |     expect(wrapper.vm.tags).toEqual(['one', 'two'])
> 360 |     expect(wrapper.vm.newTag).toEqual('')
      |    ^ Duplicate Assert
  361 |     expect(wrapper.vm.duplicateTags).toEqual([])
  362 |     expect(wrapper.vm.invalidTags).toEqual([])
  363 |     expect(wrapper.emitted('tag-state')).toBeUndefined()"
/home/gabriel/Disk/Research/research-javascript-test-smells/repositories/bootstrap-vue-dev/src/components/form-tags/form-tags.spec.js,Duplicate Assert,"{'line': 360, 'column': 4, 'index': 11538}","  358 |     expect(wrapper.element.tagName).toBe('DIV')
  359 |     expect(wrapper.vm.tags).toEqual(['one', 'two'])
> 360 |     expect(wrapper.vm.newTag).toEqual('')
      |    ^ Duplicate Assert
  361 |     expect(wrapper.vm.duplicateTags).toEqual([])
  362 |     expect(wrapper.vm.invalidTags).toEqual([])
  363 |     expect(wrapper.emitted('tag-state')).toBeUndefined()"
/home/gabriel/Disk/Research/research-javascript-test-smells/repositories/bootstrap-vue-dev/src/components/form-tags/form-tags.spec.js,Duplicate Assert,"{'line': 361, 'column': 4, 'index': 11580}","  359 |     expect(wrapper.vm.tags).toEqual(['one', 'two'])
  360 |     expect(wrapper.vm.newTag).toEqual('')
> 361 |     expect(wrapper.vm.duplicateTags).toEqual([])
      |    ^ Duplicate Assert
  362 |     expect(wrapper.vm.invalidTags).toEqual([])
  363 |     expect(wrapper.emitted('tag-state')).toBeUndefined()
  364 |     expect(wrapper.find('.invalid-feedback').exists()).toBe(false)"
/home/gabriel/Disk/Research/research-javascript-test-smells/repositories/bootstrap-vue-dev/src/components/form-tags/form-tags.spec.js,Duplicate Assert,"{'line': 361, 'column': 4, 'index': 11580}","  359 |     expect(wrapper.vm.tags).toEqual(['one', 'two'])
  360 |     expect(wrapper.vm.newTag).toEqual('')
> 361 |     expect(wrapper.vm.duplicateTags).toEqual([])
      |    ^ Duplicate Assert
  362 |     expect(wrapper.vm.invalidTags).toEqual([])
  363 |     expect(wrapper.emitted('tag-state')).toBeUndefined()
  364 |     expect(wrapper.find('.invalid-feedback').exists()).toBe(false)"
/home/gabriel/Disk/Research/research-javascript-test-smells/repositories/bootstrap-vue-dev/src/components/form-tags/form-tags.spec.js,Duplicate Assert,"{'line': 362, 'column': 4, 'index': 11629}","  360 |     expect(wrapper.vm.newTag).toEqual('')
  361 |     expect(wrapper.vm.duplicateTags).toEqual([])
> 362 |     expect(wrapper.vm.invalidTags).toEqual([])
      |    ^ Duplicate Assert
  363 |     expect(wrapper.emitted('tag-state')).toBeUndefined()
  364 |     expect(wrapper.find('.invalid-feedback').exists()).toBe(false)
  365 |     expect(wrapper.find('.form-text').exists()).toBe(false)"
/home/gabriel/Disk/Research/research-javascript-test-smells/repositories/bootstrap-vue-dev/src/components/form-tags/form-tags.spec.js,Duplicate Assert,"{'line': 362, 'column': 4, 'index': 11629}","  360 |     expect(wrapper.vm.newTag).toEqual('')
  361 |     expect(wrapper.vm.duplicateTags).toEqual([])
> 362 |     expect(wrapper.vm.invalidTags).toEqual([])
      |    ^ Duplicate Assert
  363 |     expect(wrapper.emitted('tag-state')).toBeUndefined()
  364 |     expect(wrapper.find('.invalid-feedback').exists()).toBe(false)
  365 |     expect(wrapper.find('.form-text').exists()).toBe(false)"
/home/gabriel/Disk/Research/research-javascript-test-smells/repositories/bootstrap-vue-dev/src/components/form-tags/form-tags.spec.js,Duplicate Assert,"{'line': 363, 'column': 4, 'index': 11676}","  361 |     expect(wrapper.vm.duplicateTags).toEqual([])
  362 |     expect(wrapper.vm.invalidTags).toEqual([])
> 363 |     expect(wrapper.emitted('tag-state')).toBeUndefined()
      |    ^ Duplicate Assert
  364 |     expect(wrapper.find('.invalid-feedback').exists()).toBe(false)
  365 |     expect(wrapper.find('.form-text').exists()).toBe(false)
  366 |"
/home/gabriel/Disk/Research/research-javascript-test-smells/repositories/bootstrap-vue-dev/src/components/form-tags/form-tags.spec.js,Duplicate Assert,"{'line': 364, 'column': 4, 'index': 11733}","  362 |     expect(wrapper.vm.invalidTags).toEqual([])
  363 |     expect(wrapper.emitted('tag-state')).toBeUndefined()
> 364 |     expect(wrapper.find('.invalid-feedback').exists()).toBe(false)
      |    ^ Duplicate Assert
  365 |     expect(wrapper.find('.form-text').exists()).toBe(false)
  366 |
  367 |     const $input = wrapper.find('input')"
/home/gabriel/Disk/Research/research-javascript-test-smells/repositories/bootstrap-vue-dev/src/components/form-tags/form-tags.spec.js,Duplicate Assert,"{'line': 364, 'column': 4, 'index': 11733}","  362 |     expect(wrapper.vm.invalidTags).toEqual([])
  363 |     expect(wrapper.emitted('tag-state')).toBeUndefined()
> 364 |     expect(wrapper.find('.invalid-feedback').exists()).toBe(false)
      |    ^ Duplicate Assert
  365 |     expect(wrapper.find('.form-text').exists()).toBe(false)
  366 |
  367 |     const $input = wrapper.find('input')"
/home/gabriel/Disk/Research/research-javascript-test-smells/repositories/bootstrap-vue-dev/src/components/form-tags/form-tags.spec.js,Duplicate Assert,"{'line': 365, 'column': 4, 'index': 11800}","  363 |     expect(wrapper.emitted('tag-state')).toBeUndefined()
  364 |     expect(wrapper.find('.invalid-feedback').exists()).toBe(false)
> 365 |     expect(wrapper.find('.form-text').exists()).toBe(false)
      |    ^ Duplicate Assert
  366 |
  367 |     const $input = wrapper.find('input')
  368 |     expect($input.exists()).toBe(true)"
/home/gabriel/Disk/Research/research-javascript-test-smells/repositories/bootstrap-vue-dev/src/components/form-tags/form-tags.spec.js,Duplicate Assert,"{'line': 365, 'column': 4, 'index': 11800}","  363 |     expect(wrapper.emitted('tag-state')).toBeUndefined()
  364 |     expect(wrapper.find('.invalid-feedback').exists()).toBe(false)
> 365 |     expect(wrapper.find('.form-text').exists()).toBe(false)
      |    ^ Duplicate Assert
  366 |
  367 |     const $input = wrapper.find('input')
  368 |     expect($input.exists()).toBe(true)"
/home/gabriel/Disk/Research/research-javascript-test-smells/repositories/bootstrap-vue-dev/src/components/form-tags/form-tags.spec.js,Duplicate Assert,"{'line': 373, 'column': 4, 'index': 12051}","  371 |     $input.element.value = 'tag'
  372 |     await $input.trigger('input')
> 373 |     expect(wrapper.vm.tags).toEqual(['one', 'two'])
      |    ^ Duplicate Assert
  374 |     expect(wrapper.vm.newTag).toEqual('tag')
  375 |     expect(wrapper.vm.duplicateTags).toEqual([])
  376 |     expect(wrapper.vm.invalidTags).toEqual([])"
/home/gabriel/Disk/Research/research-javascript-test-smells/repositories/bootstrap-vue-dev/src/components/form-tags/form-tags.spec.js,Duplicate Assert,"{'line': 373, 'column': 4, 'index': 12051}","  371 |     $input.element.value = 'tag'
  372 |     await $input.trigger('input')
> 373 |     expect(wrapper.vm.tags).toEqual(['one', 'two'])
      |    ^ Duplicate Assert
  374 |     expect(wrapper.vm.newTag).toEqual('tag')
  375 |     expect(wrapper.vm.duplicateTags).toEqual([])
  376 |     expect(wrapper.vm.invalidTags).toEqual([])"
/home/gabriel/Disk/Research/research-javascript-test-smells/repositories/bootstrap-vue-dev/src/components/form-tags/form-tags.spec.js,Duplicate Assert,"{'line': 374, 'column': 4, 'index': 12103}","  372 |     await $input.trigger('input')
  373 |     expect(wrapper.vm.tags).toEqual(['one', 'two'])
> 374 |     expect(wrapper.vm.newTag).toEqual('tag')
      |    ^ Duplicate Assert
  375 |     expect(wrapper.vm.duplicateTags).toEqual([])
  376 |     expect(wrapper.vm.invalidTags).toEqual([])
  377 |     expect(wrapper.emitted('tag-state')).toBeDefined()"
/home/gabriel/Disk/Research/research-javascript-test-smells/repositories/bootstrap-vue-dev/src/components/form-tags/form-tags.spec.js,Duplicate Assert,"{'line': 375, 'column': 4, 'index': 12148}","  373 |     expect(wrapper.vm.tags).toEqual(['one', 'two'])
  374 |     expect(wrapper.vm.newTag).toEqual('tag')
> 375 |     expect(wrapper.vm.duplicateTags).toEqual([])
      |    ^ Duplicate Assert
  376 |     expect(wrapper.vm.invalidTags).toEqual([])
  377 |     expect(wrapper.emitted('tag-state')).toBeDefined()
  378 |     expect(wrapper.emitted('tag-state').length).toBe(1)"
/home/gabriel/Disk/Research/research-javascript-test-smells/repositories/bootstrap-vue-dev/src/components/form-tags/form-tags.spec.js,Duplicate Assert,"{'line': 375, 'column': 4, 'index': 12148}","  373 |     expect(wrapper.vm.tags).toEqual(['one', 'two'])
  374 |     expect(wrapper.vm.newTag).toEqual('tag')
> 375 |     expect(wrapper.vm.duplicateTags).toEqual([])
      |    ^ Duplicate Assert
  376 |     expect(wrapper.vm.invalidTags).toEqual([])
  377 |     expect(wrapper.emitted('tag-state')).toBeDefined()
  378 |     expect(wrapper.emitted('tag-state').length).toBe(1)"
/home/gabriel/Disk/Research/research-javascript-test-smells/repositories/bootstrap-vue-dev/src/components/form-tags/form-tags.spec.js,Duplicate Assert,"{'line': 376, 'column': 4, 'index': 12197}","  374 |     expect(wrapper.vm.newTag).toEqual('tag')
  375 |     expect(wrapper.vm.duplicateTags).toEqual([])
> 376 |     expect(wrapper.vm.invalidTags).toEqual([])
      |    ^ Duplicate Assert
  377 |     expect(wrapper.emitted('tag-state')).toBeDefined()
  378 |     expect(wrapper.emitted('tag-state').length).toBe(1)
  379 |     // Valid tags"
/home/gabriel/Disk/Research/research-javascript-test-smells/repositories/bootstrap-vue-dev/src/components/form-tags/form-tags.spec.js,Duplicate Assert,"{'line': 376, 'column': 4, 'index': 12197}","  374 |     expect(wrapper.vm.newTag).toEqual('tag')
  375 |     expect(wrapper.vm.duplicateTags).toEqual([])
> 376 |     expect(wrapper.vm.invalidTags).toEqual([])
      |    ^ Duplicate Assert
  377 |     expect(wrapper.emitted('tag-state')).toBeDefined()
  378 |     expect(wrapper.emitted('tag-state').length).toBe(1)
  379 |     // Valid tags"
/home/gabriel/Disk/Research/research-javascript-test-smells/repositories/bootstrap-vue-dev/src/components/form-tags/form-tags.spec.js,Duplicate Assert,"{'line': 377, 'column': 4, 'index': 12244}","  375 |     expect(wrapper.vm.duplicateTags).toEqual([])
  376 |     expect(wrapper.vm.invalidTags).toEqual([])
> 377 |     expect(wrapper.emitted('tag-state')).toBeDefined()
      |    ^ Duplicate Assert
  378 |     expect(wrapper.emitted('tag-state').length).toBe(1)
  379 |     // Valid tags
  380 |     expect(wrapper.emitted('tag-state')[0][0]).toEqual(['tag'])"
/home/gabriel/Disk/Research/research-javascript-test-smells/repositories/bootstrap-vue-dev/src/components/form-tags/form-tags.spec.js,Duplicate Assert,"{'line': 377, 'column': 4, 'index': 12244}","  375 |     expect(wrapper.vm.duplicateTags).toEqual([])
  376 |     expect(wrapper.vm.invalidTags).toEqual([])
> 377 |     expect(wrapper.emitted('tag-state')).toBeDefined()
      |    ^ Duplicate Assert
  378 |     expect(wrapper.emitted('tag-state').length).toBe(1)
  379 |     // Valid tags
  380 |     expect(wrapper.emitted('tag-state')[0][0]).toEqual(['tag'])"
/home/gabriel/Disk/Research/research-javascript-test-smells/repositories/bootstrap-vue-dev/src/components/form-tags/form-tags.spec.js,Duplicate Assert,"{'line': 378, 'column': 4, 'index': 12299}","  376 |     expect(wrapper.vm.invalidTags).toEqual([])
  377 |     expect(wrapper.emitted('tag-state')).toBeDefined()
> 378 |     expect(wrapper.emitted('tag-state').length).toBe(1)
      |    ^ Duplicate Assert
  379 |     // Valid tags
  380 |     expect(wrapper.emitted('tag-state')[0][0]).toEqual(['tag'])
  381 |     // Invalid tags"
/home/gabriel/Disk/Research/research-javascript-test-smells/repositories/bootstrap-vue-dev/src/components/form-tags/form-tags.spec.js,Duplicate Assert,"{'line': 378, 'column': 4, 'index': 12299}","  376 |     expect(wrapper.vm.invalidTags).toEqual([])
  377 |     expect(wrapper.emitted('tag-state')).toBeDefined()
> 378 |     expect(wrapper.emitted('tag-state').length).toBe(1)
      |    ^ Duplicate Assert
  379 |     // Valid tags
  380 |     expect(wrapper.emitted('tag-state')[0][0]).toEqual(['tag'])
  381 |     // Invalid tags"
/home/gabriel/Disk/Research/research-javascript-test-smells/repositories/bootstrap-vue-dev/src/components/form-tags/form-tags.spec.js,Duplicate Assert,"{'line': 385, 'column': 4, 'index': 12597}","  383 |     // Duplicate tags
  384 |     expect(wrapper.emitted('tag-state')[0][2]).toEqual([])
> 385 |     expect(wrapper.find('.invalid-feedback').exists()).toBe(false)
      |    ^ Duplicate Assert
  386 |     expect(wrapper.find('.form-text').exists()).toBe(false)
  387 |
  388 |     $input.element.value = 'tag '"
/home/gabriel/Disk/Research/research-javascript-test-smells/repositories/bootstrap-vue-dev/src/components/form-tags/form-tags.spec.js,Duplicate Assert,"{'line': 385, 'column': 4, 'index': 12597}","  383 |     // Duplicate tags
  384 |     expect(wrapper.emitted('tag-state')[0][2]).toEqual([])
> 385 |     expect(wrapper.find('.invalid-feedback').exists()).toBe(false)
      |    ^ Duplicate Assert
  386 |     expect(wrapper.find('.form-text').exists()).toBe(false)
  387 |
  388 |     $input.element.value = 'tag '"
/home/gabriel/Disk/Research/research-javascript-test-smells/repositories/bootstrap-vue-dev/src/components/form-tags/form-tags.spec.js,Duplicate Assert,"{'line': 386, 'column': 4, 'index': 12664}","  384 |     expect(wrapper.emitted('tag-state')[0][2]).toEqual([])
  385 |     expect(wrapper.find('.invalid-feedback').exists()).toBe(false)
> 386 |     expect(wrapper.find('.form-text').exists()).toBe(false)
      |    ^ Duplicate Assert
  387 |
  388 |     $input.element.value = 'tag '
  389 |     await $input.trigger('input')"
/home/gabriel/Disk/Research/research-javascript-test-smells/repositories/bootstrap-vue-dev/src/components/form-tags/form-tags.spec.js,Duplicate Assert,"{'line': 386, 'column': 4, 'index': 12664}","  384 |     expect(wrapper.emitted('tag-state')[0][2]).toEqual([])
  385 |     expect(wrapper.find('.invalid-feedback').exists()).toBe(false)
> 386 |     expect(wrapper.find('.form-text').exists()).toBe(false)
      |    ^ Duplicate Assert
  387 |
  388 |     $input.element.value = 'tag '
  389 |     await $input.trigger('input')"
/home/gabriel/Disk/Research/research-javascript-test-smells/repositories/bootstrap-vue-dev/src/components/form-tags/form-tags.spec.js,Duplicate Assert,"{'line': 390, 'column': 4, 'index': 12793}","  388 |     $input.element.value = 'tag '
  389 |     await $input.trigger('input')
> 390 |     expect(wrapper.vm.tags).toEqual(['one', 'two', 'tag'])
      |    ^ Duplicate Assert
  391 |     expect(wrapper.vm.newTag).toEqual('')
  392 |     expect(wrapper.vm.duplicateTags).toEqual([])
  393 |     expect(wrapper.vm.invalidTags).toEqual([])"
/home/gabriel/Disk/Research/research-javascript-test-smells/repositories/bootstrap-vue-dev/src/components/form-tags/form-tags.spec.js,Duplicate Assert,"{'line': 390, 'column': 4, 'index': 12793}","  388 |     $input.element.value = 'tag '
  389 |     await $input.trigger('input')
> 390 |     expect(wrapper.vm.tags).toEqual(['one', 'two', 'tag'])
      |    ^ Duplicate Assert
  391 |     expect(wrapper.vm.newTag).toEqual('')
  392 |     expect(wrapper.vm.duplicateTags).toEqual([])
  393 |     expect(wrapper.vm.invalidTags).toEqual([])"
/home/gabriel/Disk/Research/research-javascript-test-smells/repositories/bootstrap-vue-dev/src/components/form-tags/form-tags.spec.js,Duplicate Assert,"{'line': 391, 'column': 4, 'index': 12852}","  389 |     await $input.trigger('input')
  390 |     expect(wrapper.vm.tags).toEqual(['one', 'two', 'tag'])
> 391 |     expect(wrapper.vm.newTag).toEqual('')
      |    ^ Duplicate Assert
  392 |     expect(wrapper.vm.duplicateTags).toEqual([])
  393 |     expect(wrapper.vm.invalidTags).toEqual([])
  394 |     expect(wrapper.emitted('tag-state')).toBeDefined()"
/home/gabriel/Disk/Research/research-javascript-test-smells/repositories/bootstrap-vue-dev/src/components/form-tags/form-tags.spec.js,Duplicate Assert,"{'line': 391, 'column': 4, 'index': 12852}","  389 |     await $input.trigger('input')
  390 |     expect(wrapper.vm.tags).toEqual(['one', 'two', 'tag'])
> 391 |     expect(wrapper.vm.newTag).toEqual('')
      |    ^ Duplicate Assert
  392 |     expect(wrapper.vm.duplicateTags).toEqual([])
  393 |     expect(wrapper.vm.invalidTags).toEqual([])
  394 |     expect(wrapper.emitted('tag-state')).toBeDefined()"
/home/gabriel/Disk/Research/research-javascript-test-smells/repositories/bootstrap-vue-dev/src/components/form-tags/form-tags.spec.js,Duplicate Assert,"{'line': 392, 'column': 4, 'index': 12894}","  390 |     expect(wrapper.vm.tags).toEqual(['one', 'two', 'tag'])
  391 |     expect(wrapper.vm.newTag).toEqual('')
> 392 |     expect(wrapper.vm.duplicateTags).toEqual([])
      |    ^ Duplicate Assert
  393 |     expect(wrapper.vm.invalidTags).toEqual([])
  394 |     expect(wrapper.emitted('tag-state')).toBeDefined()
  395 |     // No changes to tagsState data, so no emit"
/home/gabriel/Disk/Research/research-javascript-test-smells/repositories/bootstrap-vue-dev/src/components/form-tags/form-tags.spec.js,Duplicate Assert,"{'line': 392, 'column': 4, 'index': 12894}","  390 |     expect(wrapper.vm.tags).toEqual(['one', 'two', 'tag'])
  391 |     expect(wrapper.vm.newTag).toEqual('')
> 392 |     expect(wrapper.vm.duplicateTags).toEqual([])
      |    ^ Duplicate Assert
  393 |     expect(wrapper.vm.invalidTags).toEqual([])
  394 |     expect(wrapper.emitted('tag-state')).toBeDefined()
  395 |     // No changes to tagsState data, so no emit"
/home/gabriel/Disk/Research/research-javascript-test-smells/repositories/bootstrap-vue-dev/src/components/form-tags/form-tags.spec.js,Duplicate Assert,"{'line': 393, 'column': 4, 'index': 12943}","  391 |     expect(wrapper.vm.newTag).toEqual('')
  392 |     expect(wrapper.vm.duplicateTags).toEqual([])
> 393 |     expect(wrapper.vm.invalidTags).toEqual([])
      |    ^ Duplicate Assert
  394 |     expect(wrapper.emitted('tag-state')).toBeDefined()
  395 |     // No changes to tagsState data, so no emit
  396 |     expect(wrapper.emitted('tag-state').length).toBe(1)"
/home/gabriel/Disk/Research/research-javascript-test-smells/repositories/bootstrap-vue-dev/src/components/form-tags/form-tags.spec.js,Duplicate Assert,"{'line': 393, 'column': 4, 'index': 12943}","  391 |     expect(wrapper.vm.newTag).toEqual('')
  392 |     expect(wrapper.vm.duplicateTags).toEqual([])
> 393 |     expect(wrapper.vm.invalidTags).toEqual([])
      |    ^ Duplicate Assert
  394 |     expect(wrapper.emitted('tag-state')).toBeDefined()
  395 |     // No changes to tagsState data, so no emit
  396 |     expect(wrapper.emitted('tag-state').length).toBe(1)"
/home/gabriel/Disk/Research/research-javascript-test-smells/repositories/bootstrap-vue-dev/src/components/form-tags/form-tags.spec.js,Duplicate Assert,"{'line': 394, 'column': 4, 'index': 12990}","  392 |     expect(wrapper.vm.duplicateTags).toEqual([])
  393 |     expect(wrapper.vm.invalidTags).toEqual([])
> 394 |     expect(wrapper.emitted('tag-state')).toBeDefined()
      |    ^ Duplicate Assert
  395 |     // No changes to tagsState data, so no emit
  396 |     expect(wrapper.emitted('tag-state').length).toBe(1)
  397 |     expect(wrapper.find('.invalid-feedback').exists()).toBe(false)"
/home/gabriel/Disk/Research/research-javascript-test-smells/repositories/bootstrap-vue-dev/src/components/form-tags/form-tags.spec.js,Duplicate Assert,"{'line': 394, 'column': 4, 'index': 12990}","  392 |     expect(wrapper.vm.duplicateTags).toEqual([])
  393 |     expect(wrapper.vm.invalidTags).toEqual([])
> 394 |     expect(wrapper.emitted('tag-state')).toBeDefined()
      |    ^ Duplicate Assert
  395 |     // No changes to tagsState data, so no emit
  396 |     expect(wrapper.emitted('tag-state').length).toBe(1)
  397 |     expect(wrapper.find('.invalid-feedback').exists()).toBe(false)"
/home/gabriel/Disk/Research/research-javascript-test-smells/repositories/bootstrap-vue-dev/src/components/form-tags/form-tags.spec.js,Duplicate Assert,"{'line': 396, 'column': 4, 'index': 13093}","  394 |     expect(wrapper.emitted('tag-state')).toBeDefined()
  395 |     // No changes to tagsState data, so no emit
> 396 |     expect(wrapper.emitted('tag-state').length).toBe(1)
      |    ^ Duplicate Assert
  397 |     expect(wrapper.find('.invalid-feedback').exists()).toBe(false)
  398 |     expect(wrapper.find('.form-text').exists()).toBe(false)
  399 |"
/home/gabriel/Disk/Research/research-javascript-test-smells/repositories/bootstrap-vue-dev/src/components/form-tags/form-tags.spec.js,Duplicate Assert,"{'line': 396, 'column': 4, 'index': 13093}","  394 |     expect(wrapper.emitted('tag-state')).toBeDefined()
  395 |     // No changes to tagsState data, so no emit
> 396 |     expect(wrapper.emitted('tag-state').length).toBe(1)
      |    ^ Duplicate Assert
  397 |     expect(wrapper.find('.invalid-feedback').exists()).toBe(false)
  398 |     expect(wrapper.find('.form-text').exists()).toBe(false)
  399 |"
/home/gabriel/Disk/Research/research-javascript-test-smells/repositories/bootstrap-vue-dev/src/components/form-tags/form-tags.spec.js,Duplicate Assert,"{'line': 397, 'column': 4, 'index': 13149}","  395 |     // No changes to tagsState data, so no emit
  396 |     expect(wrapper.emitted('tag-state').length).toBe(1)
> 397 |     expect(wrapper.find('.invalid-feedback').exists()).toBe(false)
      |    ^ Duplicate Assert
  398 |     expect(wrapper.find('.form-text').exists()).toBe(false)
  399 |
  400 |     // Emulate a user typing the word `three` (but not finished)"
/home/gabriel/Disk/Research/research-javascript-test-smells/repositories/bootstrap-vue-dev/src/components/form-tags/form-tags.spec.js,Duplicate Assert,"{'line': 397, 'column': 4, 'index': 13149}","  395 |     // No changes to tagsState data, so no emit
  396 |     expect(wrapper.emitted('tag-state').length).toBe(1)
> 397 |     expect(wrapper.find('.invalid-feedback').exists()).toBe(false)
      |    ^ Duplicate Assert
  398 |     expect(wrapper.find('.form-text').exists()).toBe(false)
  399 |
  400 |     // Emulate a user typing the word `three` (but not finished)"
/home/gabriel/Disk/Research/research-javascript-test-smells/repositories/bootstrap-vue-dev/src/components/form-tags/form-tags.spec.js,Duplicate Assert,"{'line': 398, 'column': 4, 'index': 13216}","  396 |     expect(wrapper.emitted('tag-state').length).toBe(1)
  397 |     expect(wrapper.find('.invalid-feedback').exists()).toBe(false)
> 398 |     expect(wrapper.find('.form-text').exists()).toBe(false)
      |    ^ Duplicate Assert
  399 |
  400 |     // Emulate a user typing the word `three` (but not finished)
  401 |     $input.element.value = 'thr'"
/home/gabriel/Disk/Research/research-javascript-test-smells/repositories/bootstrap-vue-dev/src/components/form-tags/form-tags.spec.js,Duplicate Assert,"{'line': 398, 'column': 4, 'index': 13216}","  396 |     expect(wrapper.emitted('tag-state').length).toBe(1)
  397 |     expect(wrapper.find('.invalid-feedback').exists()).toBe(false)
> 398 |     expect(wrapper.find('.form-text').exists()).toBe(false)
      |    ^ Duplicate Assert
  399 |
  400 |     // Emulate a user typing the word `three` (but not finished)
  401 |     $input.element.value = 'thr'"
/home/gabriel/Disk/Research/research-javascript-test-smells/repositories/bootstrap-vue-dev/src/components/form-tags/form-tags.spec.js,Duplicate Assert,"{'line': 403, 'column': 4, 'index': 13409}","  401 |     $input.element.value = 'thr'
  402 |     await $input.trigger('input')
> 403 |     expect(wrapper.vm.tags).toEqual(['one', 'two', 'tag'])
      |    ^ Duplicate Assert
  404 |     // Invalid tags are left in the input
  405 |     expect(wrapper.vm.newTag).toEqual('thr')
  406 |     expect(wrapper.vm.duplicateTags).toEqual([])"
/home/gabriel/Disk/Research/research-javascript-test-smells/repositories/bootstrap-vue-dev/src/components/form-tags/form-tags.spec.js,Duplicate Assert,"{'line': 403, 'column': 4, 'index': 13409}","  401 |     $input.element.value = 'thr'
  402 |     await $input.trigger('input')
> 403 |     expect(wrapper.vm.tags).toEqual(['one', 'two', 'tag'])
      |    ^ Duplicate Assert
  404 |     // Invalid tags are left in the input
  405 |     expect(wrapper.vm.newTag).toEqual('thr')
  406 |     expect(wrapper.vm.duplicateTags).toEqual([])"
/home/gabriel/Disk/Research/research-javascript-test-smells/repositories/bootstrap-vue-dev/src/components/form-tags/form-tags.spec.js,Duplicate Assert,"{'line': 405, 'column': 4, 'index': 13510}","  403 |     expect(wrapper.vm.tags).toEqual(['one', 'two', 'tag'])
  404 |     // Invalid tags are left in the input
> 405 |     expect(wrapper.vm.newTag).toEqual('thr')
      |    ^ Duplicate Assert
  406 |     expect(wrapper.vm.duplicateTags).toEqual([])
  407 |     expect(wrapper.vm.invalidTags).toEqual([])
  408 |     expect(wrapper.emitted('tag-state').length).toBe(2)"
/home/gabriel/Disk/Research/research-javascript-test-smells/repositories/bootstrap-vue-dev/src/components/form-tags/form-tags.spec.js,Duplicate Assert,"{'line': 406, 'column': 4, 'index': 13555}","  404 |     // Invalid tags are left in the input
  405 |     expect(wrapper.vm.newTag).toEqual('thr')
> 406 |     expect(wrapper.vm.duplicateTags).toEqual([])
      |    ^ Duplicate Assert
  407 |     expect(wrapper.vm.invalidTags).toEqual([])
  408 |     expect(wrapper.emitted('tag-state').length).toBe(2)
  409 |     // Valid tags"
/home/gabriel/Disk/Research/research-javascript-test-smells/repositories/bootstrap-vue-dev/src/components/form-tags/form-tags.spec.js,Duplicate Assert,"{'line': 406, 'column': 4, 'index': 13555}","  404 |     // Invalid tags are left in the input
  405 |     expect(wrapper.vm.newTag).toEqual('thr')
> 406 |     expect(wrapper.vm.duplicateTags).toEqual([])
      |    ^ Duplicate Assert
  407 |     expect(wrapper.vm.invalidTags).toEqual([])
  408 |     expect(wrapper.emitted('tag-state').length).toBe(2)
  409 |     // Valid tags"
/home/gabriel/Disk/Research/research-javascript-test-smells/repositories/bootstrap-vue-dev/src/components/form-tags/form-tags.spec.js,Duplicate Assert,"{'line': 407, 'column': 4, 'index': 13604}","  405 |     expect(wrapper.vm.newTag).toEqual('thr')
  406 |     expect(wrapper.vm.duplicateTags).toEqual([])
> 407 |     expect(wrapper.vm.invalidTags).toEqual([])
      |    ^ Duplicate Assert
  408 |     expect(wrapper.emitted('tag-state').length).toBe(2)
  409 |     // Valid tags
  410 |     expect(wrapper.emitted('tag-state')[1][0]).toEqual(['thr'])"
/home/gabriel/Disk/Research/research-javascript-test-smells/repositories/bootstrap-vue-dev/src/components/form-tags/form-tags.spec.js,Duplicate Assert,"{'line': 407, 'column': 4, 'index': 13604}","  405 |     expect(wrapper.vm.newTag).toEqual('thr')
  406 |     expect(wrapper.vm.duplicateTags).toEqual([])
> 407 |     expect(wrapper.vm.invalidTags).toEqual([])
      |    ^ Duplicate Assert
  408 |     expect(wrapper.emitted('tag-state').length).toBe(2)
  409 |     // Valid tags
  410 |     expect(wrapper.emitted('tag-state')[1][0]).toEqual(['thr'])"
/home/gabriel/Disk/Research/research-javascript-test-smells/repositories/bootstrap-vue-dev/src/components/form-tags/form-tags.spec.js,Duplicate Assert,"{'line': 408, 'column': 4, 'index': 13651}","  406 |     expect(wrapper.vm.duplicateTags).toEqual([])
  407 |     expect(wrapper.vm.invalidTags).toEqual([])
> 408 |     expect(wrapper.emitted('tag-state').length).toBe(2)
      |    ^ Duplicate Assert
  409 |     // Valid tags
  410 |     expect(wrapper.emitted('tag-state')[1][0]).toEqual(['thr'])
  411 |     // Invalid tags"
/home/gabriel/Disk/Research/research-javascript-test-smells/repositories/bootstrap-vue-dev/src/components/form-tags/form-tags.spec.js,Duplicate Assert,"{'line': 415, 'column': 4, 'index': 13949}","  413 |     // Duplicate tags
  414 |     expect(wrapper.emitted('tag-state')[1][2]).toEqual([])
> 415 |     expect(wrapper.find('.invalid-feedback').exists()).toBe(false)
      |    ^ Duplicate Assert
  416 |     expect(wrapper.find('.form-text').exists()).toBe(false)
  417 |     // Add next character
  418 |     $input.element.value = 'thre'"
/home/gabriel/Disk/Research/research-javascript-test-smells/repositories/bootstrap-vue-dev/src/components/form-tags/form-tags.spec.js,Duplicate Assert,"{'line': 415, 'column': 4, 'index': 13949}","  413 |     // Duplicate tags
  414 |     expect(wrapper.emitted('tag-state')[1][2]).toEqual([])
> 415 |     expect(wrapper.find('.invalid-feedback').exists()).toBe(false)
      |    ^ Duplicate Assert
  416 |     expect(wrapper.find('.form-text').exists()).toBe(false)
  417 |     // Add next character
  418 |     $input.element.value = 'thre'"
/home/gabriel/Disk/Research/research-javascript-test-smells/repositories/bootstrap-vue-dev/src/components/form-tags/form-tags.spec.js,Duplicate Assert,"{'line': 416, 'column': 4, 'index': 14016}","  414 |     expect(wrapper.emitted('tag-state')[1][2]).toEqual([])
  415 |     expect(wrapper.find('.invalid-feedback').exists()).toBe(false)
> 416 |     expect(wrapper.find('.form-text').exists()).toBe(false)
      |    ^ Duplicate Assert
  417 |     // Add next character
  418 |     $input.element.value = 'thre'
  419 |     await $input.trigger('input')"
/home/gabriel/Disk/Research/research-javascript-test-smells/repositories/bootstrap-vue-dev/src/components/form-tags/form-tags.spec.js,Duplicate Assert,"{'line': 416, 'column': 4, 'index': 14016}","  414 |     expect(wrapper.emitted('tag-state')[1][2]).toEqual([])
  415 |     expect(wrapper.find('.invalid-feedback').exists()).toBe(false)
> 416 |     expect(wrapper.find('.form-text').exists()).toBe(false)
      |    ^ Duplicate Assert
  417 |     // Add next character
  418 |     $input.element.value = 'thre'
  419 |     await $input.trigger('input')"
/home/gabriel/Disk/Research/research-javascript-test-smells/repositories/bootstrap-vue-dev/src/components/form-tags/form-tags.spec.js,Duplicate Assert,"{'line': 420, 'column': 4, 'index': 14170}","  418 |     $input.element.value = 'thre'
  419 |     await $input.trigger('input')
> 420 |     expect(wrapper.vm.tags).toEqual(['one', 'two', 'tag'])
      |    ^ Duplicate Assert
  421 |     // Invalid tags are left in the input
  422 |     expect(wrapper.vm.newTag).toEqual('thre')
  423 |     expect(wrapper.vm.duplicateTags).toEqual([])"
/home/gabriel/Disk/Research/research-javascript-test-smells/repositories/bootstrap-vue-dev/src/components/form-tags/form-tags.spec.js,Duplicate Assert,"{'line': 420, 'column': 4, 'index': 14170}","  418 |     $input.element.value = 'thre'
  419 |     await $input.trigger('input')
> 420 |     expect(wrapper.vm.tags).toEqual(['one', 'two', 'tag'])
      |    ^ Duplicate Assert
  421 |     // Invalid tags are left in the input
  422 |     expect(wrapper.vm.newTag).toEqual('thre')
  423 |     expect(wrapper.vm.duplicateTags).toEqual([])"
/home/gabriel/Disk/Research/research-javascript-test-smells/repositories/bootstrap-vue-dev/src/components/form-tags/form-tags.spec.js,Duplicate Assert,"{'line': 422, 'column': 4, 'index': 14271}","  420 |     expect(wrapper.vm.tags).toEqual(['one', 'two', 'tag'])
  421 |     // Invalid tags are left in the input
> 422 |     expect(wrapper.vm.newTag).toEqual('thre')
      |    ^ Duplicate Assert
  423 |     expect(wrapper.vm.duplicateTags).toEqual([])
  424 |     expect(wrapper.vm.invalidTags).toEqual([])
  425 |     expect(wrapper.emitted('tag-state').length).toBe(3)"
/home/gabriel/Disk/Research/research-javascript-test-smells/repositories/bootstrap-vue-dev/src/components/form-tags/form-tags.spec.js,Duplicate Assert,"{'line': 423, 'column': 4, 'index': 14317}","  421 |     // Invalid tags are left in the input
  422 |     expect(wrapper.vm.newTag).toEqual('thre')
> 423 |     expect(wrapper.vm.duplicateTags).toEqual([])
      |    ^ Duplicate Assert
  424 |     expect(wrapper.vm.invalidTags).toEqual([])
  425 |     expect(wrapper.emitted('tag-state').length).toBe(3)
  426 |     // Valid tags"
/home/gabriel/Disk/Research/research-javascript-test-smells/repositories/bootstrap-vue-dev/src/components/form-tags/form-tags.spec.js,Duplicate Assert,"{'line': 423, 'column': 4, 'index': 14317}","  421 |     // Invalid tags are left in the input
  422 |     expect(wrapper.vm.newTag).toEqual('thre')
> 423 |     expect(wrapper.vm.duplicateTags).toEqual([])
      |    ^ Duplicate Assert
  424 |     expect(wrapper.vm.invalidTags).toEqual([])
  425 |     expect(wrapper.emitted('tag-state').length).toBe(3)
  426 |     // Valid tags"
/home/gabriel/Disk/Research/research-javascript-test-smells/repositories/bootstrap-vue-dev/src/components/form-tags/form-tags.spec.js,Duplicate Assert,"{'line': 424, 'column': 4, 'index': 14366}","  422 |     expect(wrapper.vm.newTag).toEqual('thre')
  423 |     expect(wrapper.vm.duplicateTags).toEqual([])
> 424 |     expect(wrapper.vm.invalidTags).toEqual([])
      |    ^ Duplicate Assert
  425 |     expect(wrapper.emitted('tag-state').length).toBe(3)
  426 |     // Valid tags
  427 |     expect(wrapper.emitted('tag-state')[2][0]).toEqual(['thre'])"
/home/gabriel/Disk/Research/research-javascript-test-smells/repositories/bootstrap-vue-dev/src/components/form-tags/form-tags.spec.js,Duplicate Assert,"{'line': 424, 'column': 4, 'index': 14366}","  422 |     expect(wrapper.vm.newTag).toEqual('thre')
  423 |     expect(wrapper.vm.duplicateTags).toEqual([])
> 424 |     expect(wrapper.vm.invalidTags).toEqual([])
      |    ^ Duplicate Assert
  425 |     expect(wrapper.emitted('tag-state').length).toBe(3)
  426 |     // Valid tags
  427 |     expect(wrapper.emitted('tag-state')[2][0]).toEqual(['thre'])"
/home/gabriel/Disk/Research/research-javascript-test-smells/repositories/bootstrap-vue-dev/src/components/form-tags/form-tags.spec.js,Duplicate Assert,"{'line': 425, 'column': 4, 'index': 14413}","  423 |     expect(wrapper.vm.duplicateTags).toEqual([])
  424 |     expect(wrapper.vm.invalidTags).toEqual([])
> 425 |     expect(wrapper.emitted('tag-state').length).toBe(3)
      |    ^ Duplicate Assert
  426 |     // Valid tags
  427 |     expect(wrapper.emitted('tag-state')[2][0]).toEqual(['thre'])
  428 |     // Invalid tags"
/home/gabriel/Disk/Research/research-javascript-test-smells/repositories/bootstrap-vue-dev/src/components/form-tags/form-tags.spec.js,Duplicate Assert,"{'line': 432, 'column': 4, 'index': 14712}","  430 |     // Duplicate tags
  431 |     expect(wrapper.emitted('tag-state')[2][2]).toEqual([])
> 432 |     expect(wrapper.find('.invalid-feedback').exists()).toBe(false)
      |    ^ Duplicate Assert
  433 |     expect(wrapper.find('.form-text').exists()).toBe(false)
  434 |     // Add next character
  435 |     $input.element.value = 'three'"
/home/gabriel/Disk/Research/research-javascript-test-smells/repositories/bootstrap-vue-dev/src/components/form-tags/form-tags.spec.js,Duplicate Assert,"{'line': 432, 'column': 4, 'index': 14712}","  430 |     // Duplicate tags
  431 |     expect(wrapper.emitted('tag-state')[2][2]).toEqual([])
> 432 |     expect(wrapper.find('.invalid-feedback').exists()).toBe(false)
      |    ^ Duplicate Assert
  433 |     expect(wrapper.find('.form-text').exists()).toBe(false)
  434 |     // Add next character
  435 |     $input.element.value = 'three'"
/home/gabriel/Disk/Research/research-javascript-test-smells/repositories/bootstrap-vue-dev/src/components/form-tags/form-tags.spec.js,Duplicate Assert,"{'line': 433, 'column': 4, 'index': 14779}","  431 |     expect(wrapper.emitted('tag-state')[2][2]).toEqual([])
  432 |     expect(wrapper.find('.invalid-feedback').exists()).toBe(false)
> 433 |     expect(wrapper.find('.form-text').exists()).toBe(false)
      |    ^ Duplicate Assert
  434 |     // Add next character
  435 |     $input.element.value = 'three'
  436 |     await $input.trigger('input')"
/home/gabriel/Disk/Research/research-javascript-test-smells/repositories/bootstrap-vue-dev/src/components/form-tags/form-tags.spec.js,Duplicate Assert,"{'line': 433, 'column': 4, 'index': 14779}","  431 |     expect(wrapper.emitted('tag-state')[2][2]).toEqual([])
  432 |     expect(wrapper.find('.invalid-feedback').exists()).toBe(false)
> 433 |     expect(wrapper.find('.form-text').exists()).toBe(false)
      |    ^ Duplicate Assert
  434 |     // Add next character
  435 |     $input.element.value = 'three'
  436 |     await $input.trigger('input')"
/home/gabriel/Disk/Research/research-javascript-test-smells/repositories/bootstrap-vue-dev/src/components/form-tags/form-tags.spec.js,Duplicate Assert,"{'line': 437, 'column': 4, 'index': 14934}","  435 |     $input.element.value = 'three'
  436 |     await $input.trigger('input')
> 437 |     expect(wrapper.vm.tags).toEqual(['one', 'two', 'tag'])
      |    ^ Duplicate Assert
  438 |     // No tags(s) were accepted so the input is left as is
  439 |     expect(wrapper.vm.newTag).toEqual('three')
  440 |     expect(wrapper.vm.duplicateTags).toEqual([])"
/home/gabriel/Disk/Research/research-javascript-test-smells/repositories/bootstrap-vue-dev/src/components/form-tags/form-tags.spec.js,Duplicate Assert,"{'line': 437, 'column': 4, 'index': 14934}","  435 |     $input.element.value = 'three'
  436 |     await $input.trigger('input')
> 437 |     expect(wrapper.vm.tags).toEqual(['one', 'two', 'tag'])
      |    ^ Duplicate Assert
  438 |     // No tags(s) were accepted so the input is left as is
  439 |     expect(wrapper.vm.newTag).toEqual('three')
  440 |     expect(wrapper.vm.duplicateTags).toEqual([])"
/home/gabriel/Disk/Research/research-javascript-test-smells/repositories/bootstrap-vue-dev/src/components/form-tags/form-tags.spec.js,Duplicate Assert,"{'line': 439, 'column': 4, 'index': 15052}","  437 |     expect(wrapper.vm.tags).toEqual(['one', 'two', 'tag'])
  438 |     // No tags(s) were accepted so the input is left as is
> 439 |     expect(wrapper.vm.newTag).toEqual('three')
      |    ^ Duplicate Assert
  440 |     expect(wrapper.vm.duplicateTags).toEqual([])
  441 |     expect(wrapper.vm.invalidTags).toEqual(['three'])
  442 |     expect(wrapper.emitted('tag-state').length).toBe(4)"
/home/gabriel/Disk/Research/research-javascript-test-smells/repositories/bootstrap-vue-dev/src/components/form-tags/form-tags.spec.js,Duplicate Assert,"{'line': 440, 'column': 4, 'index': 15099}","  438 |     // No tags(s) were accepted so the input is left as is
  439 |     expect(wrapper.vm.newTag).toEqual('three')
> 440 |     expect(wrapper.vm.duplicateTags).toEqual([])
      |    ^ Duplicate Assert
  441 |     expect(wrapper.vm.invalidTags).toEqual(['three'])
  442 |     expect(wrapper.emitted('tag-state').length).toBe(4)
  443 |     // Valid tags"
/home/gabriel/Disk/Research/research-javascript-test-smells/repositories/bootstrap-vue-dev/src/components/form-tags/form-tags.spec.js,Duplicate Assert,"{'line': 440, 'column': 4, 'index': 15099}","  438 |     // No tags(s) were accepted so the input is left as is
  439 |     expect(wrapper.vm.newTag).toEqual('three')
> 440 |     expect(wrapper.vm.duplicateTags).toEqual([])
      |    ^ Duplicate Assert
  441 |     expect(wrapper.vm.invalidTags).toEqual(['three'])
  442 |     expect(wrapper.emitted('tag-state').length).toBe(4)
  443 |     // Valid tags"
/home/gabriel/Disk/Research/research-javascript-test-smells/repositories/bootstrap-vue-dev/src/components/form-tags/form-tags.spec.js,Duplicate Assert,"{'line': 441, 'column': 4, 'index': 15148}","  439 |     expect(wrapper.vm.newTag).toEqual('three')
  440 |     expect(wrapper.vm.duplicateTags).toEqual([])
> 441 |     expect(wrapper.vm.invalidTags).toEqual(['three'])
      |    ^ Duplicate Assert
  442 |     expect(wrapper.emitted('tag-state').length).toBe(4)
  443 |     // Valid tags
  444 |     expect(wrapper.emitted('tag-state')[3][0]).toEqual([])"
/home/gabriel/Disk/Research/research-javascript-test-smells/repositories/bootstrap-vue-dev/src/components/form-tags/form-tags.spec.js,Duplicate Assert,"{'line': 441, 'column': 4, 'index': 15148}","  439 |     expect(wrapper.vm.newTag).toEqual('three')
  440 |     expect(wrapper.vm.duplicateTags).toEqual([])
> 441 |     expect(wrapper.vm.invalidTags).toEqual(['three'])
      |    ^ Duplicate Assert
  442 |     expect(wrapper.emitted('tag-state').length).toBe(4)
  443 |     // Valid tags
  444 |     expect(wrapper.emitted('tag-state')[3][0]).toEqual([])"
/home/gabriel/Disk/Research/research-javascript-test-smells/repositories/bootstrap-vue-dev/src/components/form-tags/form-tags.spec.js,Duplicate Assert,"{'line': 442, 'column': 4, 'index': 15202}","  440 |     expect(wrapper.vm.duplicateTags).toEqual([])
  441 |     expect(wrapper.vm.invalidTags).toEqual(['three'])
> 442 |     expect(wrapper.emitted('tag-state').length).toBe(4)
      |    ^ Duplicate Assert
  443 |     // Valid tags
  444 |     expect(wrapper.emitted('tag-state')[3][0]).toEqual([])
  445 |     // Invalid tags"
/home/gabriel/Disk/Research/research-javascript-test-smells/repositories/bootstrap-vue-dev/src/components/form-tags/form-tags.spec.js,Duplicate Assert,"{'line': 442, 'column': 4, 'index': 15202}","  440 |     expect(wrapper.vm.duplicateTags).toEqual([])
  441 |     expect(wrapper.vm.invalidTags).toEqual(['three'])
> 442 |     expect(wrapper.emitted('tag-state').length).toBe(4)
      |    ^ Duplicate Assert
  443 |     // Valid tags
  444 |     expect(wrapper.emitted('tag-state')[3][0]).toEqual([])
  445 |     // Invalid tags"
/home/gabriel/Disk/Research/research-javascript-test-smells/repositories/bootstrap-vue-dev/src/components/form-tags/form-tags.spec.js,Duplicate Assert,"{'line': 449, 'column': 4, 'index': 15502}","  447 |     // Duplicate tags
  448 |     expect(wrapper.emitted('tag-state')[3][2]).toEqual([])
> 449 |     expect(wrapper.find('.invalid-feedback').exists()).toBe(true)
      |    ^ Duplicate Assert
  450 |     expect(wrapper.find('.invalid-feedback').attributes('aria-live')).toEqual('assertive')
  451 |     expect(wrapper.find('.invalid-feedback').attributes('aria-atomic')).toEqual('true')
  452 |     expect(wrapper.find('.form-text').exists()).toBe(false)"
/home/gabriel/Disk/Research/research-javascript-test-smells/repositories/bootstrap-vue-dev/src/components/form-tags/form-tags.spec.js,Duplicate Assert,"{'line': 449, 'column': 4, 'index': 15502}","  447 |     // Duplicate tags
  448 |     expect(wrapper.emitted('tag-state')[3][2]).toEqual([])
> 449 |     expect(wrapper.find('.invalid-feedback').exists()).toBe(true)
      |    ^ Duplicate Assert
  450 |     expect(wrapper.find('.invalid-feedback').attributes('aria-live')).toEqual('assertive')
  451 |     expect(wrapper.find('.invalid-feedback').attributes('aria-atomic')).toEqual('true')
  452 |     expect(wrapper.find('.form-text').exists()).toBe(false)"
/home/gabriel/Disk/Research/research-javascript-test-smells/repositories/bootstrap-vue-dev/src/components/form-tags/form-tags.spec.js,Duplicate Assert,"{'line': 450, 'column': 4, 'index': 15568}","  448 |     expect(wrapper.emitted('tag-state')[3][2]).toEqual([])
  449 |     expect(wrapper.find('.invalid-feedback').exists()).toBe(true)
> 450 |     expect(wrapper.find('.invalid-feedback').attributes('aria-live')).toEqual('assertive')
      |    ^ Duplicate Assert
  451 |     expect(wrapper.find('.invalid-feedback').attributes('aria-atomic')).toEqual('true')
  452 |     expect(wrapper.find('.form-text').exists()).toBe(false)
  453 |     // Add next character"
/home/gabriel/Disk/Research/research-javascript-test-smells/repositories/bootstrap-vue-dev/src/components/form-tags/form-tags.spec.js,Duplicate Assert,"{'line': 451, 'column': 4, 'index': 15659}","  449 |     expect(wrapper.find('.invalid-feedback').exists()).toBe(true)
  450 |     expect(wrapper.find('.invalid-feedback').attributes('aria-live')).toEqual('assertive')
> 451 |     expect(wrapper.find('.invalid-feedback').attributes('aria-atomic')).toEqual('true')
      |    ^ Duplicate Assert
  452 |     expect(wrapper.find('.form-text').exists()).toBe(false)
  453 |     // Add next character
  454 |     $input.element.value = 'three '"
/home/gabriel/Disk/Research/research-javascript-test-smells/repositories/bootstrap-vue-dev/src/components/form-tags/form-tags.spec.js,Duplicate Assert,"{'line': 451, 'column': 4, 'index': 15659}","  449 |     expect(wrapper.find('.invalid-feedback').exists()).toBe(true)
  450 |     expect(wrapper.find('.invalid-feedback').attributes('aria-live')).toEqual('assertive')
> 451 |     expect(wrapper.find('.invalid-feedback').attributes('aria-atomic')).toEqual('true')
      |    ^ Duplicate Assert
  452 |     expect(wrapper.find('.form-text').exists()).toBe(false)
  453 |     // Add next character
  454 |     $input.element.value = 'three '"
/home/gabriel/Disk/Research/research-javascript-test-smells/repositories/bootstrap-vue-dev/src/components/form-tags/form-tags.spec.js,Duplicate Assert,"{'line': 452, 'column': 4, 'index': 15747}","  450 |     expect(wrapper.find('.invalid-feedback').attributes('aria-live')).toEqual('assertive')
  451 |     expect(wrapper.find('.invalid-feedback').attributes('aria-atomic')).toEqual('true')
> 452 |     expect(wrapper.find('.form-text').exists()).toBe(false)
      |    ^ Duplicate Assert
  453 |     // Add next character
  454 |     $input.element.value = 'three '
  455 |     await $input.trigger('input')"
/home/gabriel/Disk/Research/research-javascript-test-smells/repositories/bootstrap-vue-dev/src/components/form-tags/form-tags.spec.js,Duplicate Assert,"{'line': 452, 'column': 4, 'index': 15747}","  450 |     expect(wrapper.find('.invalid-feedback').attributes('aria-live')).toEqual('assertive')
  451 |     expect(wrapper.find('.invalid-feedback').attributes('aria-atomic')).toEqual('true')
> 452 |     expect(wrapper.find('.form-text').exists()).toBe(false)
      |    ^ Duplicate Assert
  453 |     // Add next character
  454 |     $input.element.value = 'three '
  455 |     await $input.trigger('input')"
/home/gabriel/Disk/Research/research-javascript-test-smells/repositories/bootstrap-vue-dev/src/components/form-tags/form-tags.spec.js,Duplicate Assert,"{'line': 456, 'column': 4, 'index': 15903}","  454 |     $input.element.value = 'three '
  455 |     await $input.trigger('input')
> 456 |     expect(wrapper.vm.tags).toEqual(['one', 'two', 'tag'])
      |    ^ Duplicate Assert
  457 |     // No tags(s) were accepted so the input is left as is
  458 |     expect(wrapper.vm.newTag).toEqual('three ')
  459 |     expect(wrapper.vm.duplicateTags).toEqual([])"
/home/gabriel/Disk/Research/research-javascript-test-smells/repositories/bootstrap-vue-dev/src/components/form-tags/form-tags.spec.js,Duplicate Assert,"{'line': 456, 'column': 4, 'index': 15903}","  454 |     $input.element.value = 'three '
  455 |     await $input.trigger('input')
> 456 |     expect(wrapper.vm.tags).toEqual(['one', 'two', 'tag'])
      |    ^ Duplicate Assert
  457 |     // No tags(s) were accepted so the input is left as is
  458 |     expect(wrapper.vm.newTag).toEqual('three ')
  459 |     expect(wrapper.vm.duplicateTags).toEqual([])"
/home/gabriel/Disk/Research/research-javascript-test-smells/repositories/bootstrap-vue-dev/src/components/form-tags/form-tags.spec.js,Duplicate Assert,"{'line': 458, 'column': 4, 'index': 16021}","  456 |     expect(wrapper.vm.tags).toEqual(['one', 'two', 'tag'])
  457 |     // No tags(s) were accepted so the input is left as is
> 458 |     expect(wrapper.vm.newTag).toEqual('three ')
      |    ^ Duplicate Assert
  459 |     expect(wrapper.vm.duplicateTags).toEqual([])
  460 |     expect(wrapper.vm.invalidTags).toEqual(['three'])
  461 |     // State hasn't changed, so event not emitted"
/home/gabriel/Disk/Research/research-javascript-test-smells/repositories/bootstrap-vue-dev/src/components/form-tags/form-tags.spec.js,Duplicate Assert,"{'line': 459, 'column': 4, 'index': 16069}","  457 |     // No tags(s) were accepted so the input is left as is
  458 |     expect(wrapper.vm.newTag).toEqual('three ')
> 459 |     expect(wrapper.vm.duplicateTags).toEqual([])
      |    ^ Duplicate Assert
  460 |     expect(wrapper.vm.invalidTags).toEqual(['three'])
  461 |     // State hasn't changed, so event not emitted
  462 |     expect(wrapper.emitted('tag-state').length).toBe(4)"
/home/gabriel/Disk/Research/research-javascript-test-smells/repositories/bootstrap-vue-dev/src/components/form-tags/form-tags.spec.js,Duplicate Assert,"{'line': 459, 'column': 4, 'index': 16069}","  457 |     // No tags(s) were accepted so the input is left as is
  458 |     expect(wrapper.vm.newTag).toEqual('three ')
> 459 |     expect(wrapper.vm.duplicateTags).toEqual([])
      |    ^ Duplicate Assert
  460 |     expect(wrapper.vm.invalidTags).toEqual(['three'])
  461 |     // State hasn't changed, so event not emitted
  462 |     expect(wrapper.emitted('tag-state').length).toBe(4)"
/home/gabriel/Disk/Research/research-javascript-test-smells/repositories/bootstrap-vue-dev/src/components/form-tags/form-tags.spec.js,Duplicate Assert,"{'line': 460, 'column': 4, 'index': 16118}","  458 |     expect(wrapper.vm.newTag).toEqual('three ')
  459 |     expect(wrapper.vm.duplicateTags).toEqual([])
> 460 |     expect(wrapper.vm.invalidTags).toEqual(['three'])
      |    ^ Duplicate Assert
  461 |     // State hasn't changed, so event not emitted
  462 |     expect(wrapper.emitted('tag-state').length).toBe(4)
  463 |"
/home/gabriel/Disk/Research/research-javascript-test-smells/repositories/bootstrap-vue-dev/src/components/form-tags/form-tags.spec.js,Duplicate Assert,"{'line': 460, 'column': 4, 'index': 16118}","  458 |     expect(wrapper.vm.newTag).toEqual('three ')
  459 |     expect(wrapper.vm.duplicateTags).toEqual([])
> 460 |     expect(wrapper.vm.invalidTags).toEqual(['three'])
      |    ^ Duplicate Assert
  461 |     // State hasn't changed, so event not emitted
  462 |     expect(wrapper.emitted('tag-state').length).toBe(4)
  463 |"
/home/gabriel/Disk/Research/research-javascript-test-smells/repositories/bootstrap-vue-dev/src/components/form-tags/form-tags.spec.js,Duplicate Assert,"{'line': 462, 'column': 4, 'index': 16222}","  460 |     expect(wrapper.vm.invalidTags).toEqual(['three'])
  461 |     // State hasn't changed, so event not emitted
> 462 |     expect(wrapper.emitted('tag-state').length).toBe(4)
      |    ^ Duplicate Assert
  463 |
  464 |     $input.element.value = 'two'
  465 |     await $input.trigger('input')"
/home/gabriel/Disk/Research/research-javascript-test-smells/repositories/bootstrap-vue-dev/src/components/form-tags/form-tags.spec.js,Duplicate Assert,"{'line': 462, 'column': 4, 'index': 16222}","  460 |     expect(wrapper.vm.invalidTags).toEqual(['three'])
  461 |     // State hasn't changed, so event not emitted
> 462 |     expect(wrapper.emitted('tag-state').length).toBe(4)
      |    ^ Duplicate Assert
  463 |
  464 |     $input.element.value = 'two'
  465 |     await $input.trigger('input')"
/home/gabriel/Disk/Research/research-javascript-test-smells/repositories/bootstrap-vue-dev/src/components/form-tags/form-tags.spec.js,Duplicate Assert,"{'line': 466, 'column': 4, 'index': 16346}","  464 |     $input.element.value = 'two'
  465 |     await $input.trigger('input')
> 466 |     expect(wrapper.vm.tags).toEqual(['one', 'two', 'tag'])
      |    ^ Duplicate Assert
  467 |     // No tags(s) were accepted so the input is left as is
  468 |     expect(wrapper.vm.newTag).toEqual('two')
  469 |     expect(wrapper.vm.duplicateTags).toEqual(['two'])"
/home/gabriel/Disk/Research/research-javascript-test-smells/repositories/bootstrap-vue-dev/src/components/form-tags/form-tags.spec.js,Duplicate Assert,"{'line': 466, 'column': 4, 'index': 16346}","  464 |     $input.element.value = 'two'
  465 |     await $input.trigger('input')
> 466 |     expect(wrapper.vm.tags).toEqual(['one', 'two', 'tag'])
      |    ^ Duplicate Assert
  467 |     // No tags(s) were accepted so the input is left as is
  468 |     expect(wrapper.vm.newTag).toEqual('two')
  469 |     expect(wrapper.vm.duplicateTags).toEqual(['two'])"
/home/gabriel/Disk/Research/research-javascript-test-smells/repositories/bootstrap-vue-dev/src/components/form-tags/form-tags.spec.js,Duplicate Assert,"{'line': 468, 'column': 4, 'index': 16464}","  466 |     expect(wrapper.vm.tags).toEqual(['one', 'two', 'tag'])
  467 |     // No tags(s) were accepted so the input is left as is
> 468 |     expect(wrapper.vm.newTag).toEqual('two')
      |    ^ Duplicate Assert
  469 |     expect(wrapper.vm.duplicateTags).toEqual(['two'])
  470 |     expect(wrapper.vm.invalidTags).toEqual([])
  471 |     expect(wrapper.emitted('tag-state').length).toBe(5)"
/home/gabriel/Disk/Research/research-javascript-test-smells/repositories/bootstrap-vue-dev/src/components/form-tags/form-tags.spec.js,Duplicate Assert,"{'line': 469, 'column': 4, 'index': 16509}","  467 |     // No tags(s) were accepted so the input is left as is
  468 |     expect(wrapper.vm.newTag).toEqual('two')
> 469 |     expect(wrapper.vm.duplicateTags).toEqual(['two'])
      |    ^ Duplicate Assert
  470 |     expect(wrapper.vm.invalidTags).toEqual([])
  471 |     expect(wrapper.emitted('tag-state').length).toBe(5)
  472 |     // Valid tags"
/home/gabriel/Disk/Research/research-javascript-test-smells/repositories/bootstrap-vue-dev/src/components/form-tags/form-tags.spec.js,Duplicate Assert,"{'line': 470, 'column': 4, 'index': 16563}","  468 |     expect(wrapper.vm.newTag).toEqual('two')
  469 |     expect(wrapper.vm.duplicateTags).toEqual(['two'])
> 470 |     expect(wrapper.vm.invalidTags).toEqual([])
      |    ^ Duplicate Assert
  471 |     expect(wrapper.emitted('tag-state').length).toBe(5)
  472 |     // Valid tags
  473 |     expect(wrapper.emitted('tag-state')[4][0]).toEqual([])"
/home/gabriel/Disk/Research/research-javascript-test-smells/repositories/bootstrap-vue-dev/src/components/form-tags/form-tags.spec.js,Duplicate Assert,"{'line': 470, 'column': 4, 'index': 16563}","  468 |     expect(wrapper.vm.newTag).toEqual('two')
  469 |     expect(wrapper.vm.duplicateTags).toEqual(['two'])
> 470 |     expect(wrapper.vm.invalidTags).toEqual([])
      |    ^ Duplicate Assert
  471 |     expect(wrapper.emitted('tag-state').length).toBe(5)
  472 |     // Valid tags
  473 |     expect(wrapper.emitted('tag-state')[4][0]).toEqual([])"
/home/gabriel/Disk/Research/research-javascript-test-smells/repositories/bootstrap-vue-dev/src/components/form-tags/form-tags.spec.js,Duplicate Assert,"{'line': 471, 'column': 4, 'index': 16610}","  469 |     expect(wrapper.vm.duplicateTags).toEqual(['two'])
  470 |     expect(wrapper.vm.invalidTags).toEqual([])
> 471 |     expect(wrapper.emitted('tag-state').length).toBe(5)
      |    ^ Duplicate Assert
  472 |     // Valid tags
  473 |     expect(wrapper.emitted('tag-state')[4][0]).toEqual([])
  474 |     // Invalid tags"
/home/gabriel/Disk/Research/research-javascript-test-smells/repositories/bootstrap-vue-dev/src/components/form-tags/form-tags.spec.js,Duplicate Assert,"{'line': 478, 'column': 4, 'index': 16908}","  476 |     // Duplicate tags
  477 |     expect(wrapper.emitted('tag-state')[4][2]).toEqual(['two'])
> 478 |     expect(wrapper.find('.invalid-feedback').exists()).toBe(false)
      |    ^ Duplicate Assert
  479 |     expect(wrapper.find('.form-text').exists()).toBe(true)
  480 |
  481 |     $input.element.value = ' three two '"
/home/gabriel/Disk/Research/research-javascript-test-smells/repositories/bootstrap-vue-dev/src/components/form-tags/form-tags.spec.js,Duplicate Assert,"{'line': 478, 'column': 4, 'index': 16908}","  476 |     // Duplicate tags
  477 |     expect(wrapper.emitted('tag-state')[4][2]).toEqual(['two'])
> 478 |     expect(wrapper.find('.invalid-feedback').exists()).toBe(false)
      |    ^ Duplicate Assert
  479 |     expect(wrapper.find('.form-text').exists()).toBe(true)
  480 |
  481 |     $input.element.value = ' three two '"
/home/gabriel/Disk/Research/research-javascript-test-smells/repositories/bootstrap-vue-dev/src/components/form-tags/form-tags.spec.js,Duplicate Assert,"{'line': 479, 'column': 4, 'index': 16975}","  477 |     expect(wrapper.emitted('tag-state')[4][2]).toEqual(['two'])
  478 |     expect(wrapper.find('.invalid-feedback').exists()).toBe(false)
> 479 |     expect(wrapper.find('.form-text').exists()).toBe(true)
      |    ^ Duplicate Assert
  480 |
  481 |     $input.element.value = ' three two '
  482 |     await $input.trigger('input')"
/home/gabriel/Disk/Research/research-javascript-test-smells/repositories/bootstrap-vue-dev/src/components/form-tags/form-tags.spec.js,Duplicate Assert,"{'line': 479, 'column': 4, 'index': 16975}","  477 |     expect(wrapper.emitted('tag-state')[4][2]).toEqual(['two'])
  478 |     expect(wrapper.find('.invalid-feedback').exists()).toBe(false)
> 479 |     expect(wrapper.find('.form-text').exists()).toBe(true)
      |    ^ Duplicate Assert
  480 |
  481 |     $input.element.value = ' three two '
  482 |     await $input.trigger('input')"
/home/gabriel/Disk/Research/research-javascript-test-smells/repositories/bootstrap-vue-dev/src/components/form-tags/form-tags.spec.js,Duplicate Assert,"{'line': 484, 'column': 4, 'index': 17169}","  482 |     await $input.trigger('input')
  483 |     await wrapper.setProps({ feedbackAriaLive: 'polite' })
> 484 |     expect(wrapper.vm.tags).toEqual(['one', 'two', 'tag'])
      |    ^ Duplicate Assert
  485 |     // No tags(s) were accepted so the input is left as is
  486 |     expect(wrapper.vm.newTag).toEqual(' three two ')
  487 |     expect(wrapper.emitted('tag-state').length).toBe(6)"
/home/gabriel/Disk/Research/research-javascript-test-smells/repositories/bootstrap-vue-dev/src/components/form-tags/form-tags.spec.js,Duplicate Assert,"{'line': 484, 'column': 4, 'index': 17169}","  482 |     await $input.trigger('input')
  483 |     await wrapper.setProps({ feedbackAriaLive: 'polite' })
> 484 |     expect(wrapper.vm.tags).toEqual(['one', 'two', 'tag'])
      |    ^ Duplicate Assert
  485 |     // No tags(s) were accepted so the input is left as is
  486 |     expect(wrapper.vm.newTag).toEqual(' three two ')
  487 |     expect(wrapper.emitted('tag-state').length).toBe(6)"
/home/gabriel/Disk/Research/research-javascript-test-smells/repositories/bootstrap-vue-dev/src/components/form-tags/form-tags.spec.js,Duplicate Assert,"{'line': 486, 'column': 4, 'index': 17287}","  484 |     expect(wrapper.vm.tags).toEqual(['one', 'two', 'tag'])
  485 |     // No tags(s) were accepted so the input is left as is
> 486 |     expect(wrapper.vm.newTag).toEqual(' three two ')
      |    ^ Duplicate Assert
  487 |     expect(wrapper.emitted('tag-state').length).toBe(6)
  488 |     // Tags added
  489 |     expect(wrapper.emitted('tag-state')[5][0]).toEqual([])"
/home/gabriel/Disk/Research/research-javascript-test-smells/repositories/bootstrap-vue-dev/src/components/form-tags/form-tags.spec.js,Duplicate Assert,"{'line': 486, 'column': 4, 'index': 17287}","  484 |     expect(wrapper.vm.tags).toEqual(['one', 'two', 'tag'])
  485 |     // No tags(s) were accepted so the input is left as is
> 486 |     expect(wrapper.vm.newTag).toEqual(' three two ')
      |    ^ Duplicate Assert
  487 |     expect(wrapper.emitted('tag-state').length).toBe(6)
  488 |     // Tags added
  489 |     expect(wrapper.emitted('tag-state')[5][0]).toEqual([])"
/home/gabriel/Disk/Research/research-javascript-test-smells/repositories/bootstrap-vue-dev/src/components/form-tags/form-tags.spec.js,Duplicate Assert,"{'line': 487, 'column': 4, 'index': 17340}","  485 |     // No tags(s) were accepted so the input is left as is
  486 |     expect(wrapper.vm.newTag).toEqual(' three two ')
> 487 |     expect(wrapper.emitted('tag-state').length).toBe(6)
      |    ^ Duplicate Assert
  488 |     // Tags added
  489 |     expect(wrapper.emitted('tag-state')[5][0]).toEqual([])
  490 |     // Invalid tag"
/home/gabriel/Disk/Research/research-javascript-test-smells/repositories/bootstrap-vue-dev/src/components/form-tags/form-tags.spec.js,Duplicate Assert,"{'line': 487, 'column': 4, 'index': 17340}","  485 |     // No tags(s) were accepted so the input is left as is
  486 |     expect(wrapper.vm.newTag).toEqual(' three two ')
> 487 |     expect(wrapper.emitted('tag-state').length).toBe(6)
      |    ^ Duplicate Assert
  488 |     // Tags added
  489 |     expect(wrapper.emitted('tag-state')[5][0]).toEqual([])
  490 |     // Invalid tag"
/home/gabriel/Disk/Research/research-javascript-test-smells/repositories/bootstrap-vue-dev/src/components/form-tags/form-tags.spec.js,Duplicate Assert,"{'line': 494, 'column': 4, 'index': 17644}","  492 |     // Duplicate tags
  493 |     expect(wrapper.emitted('tag-state')[5][2]).toEqual(['two'])
> 494 |     expect(wrapper.find('.invalid-feedback').exists()).toBe(true)
      |    ^ Duplicate Assert
  495 |     expect(wrapper.find('.invalid-feedback').attributes('aria-live')).toEqual('polite')
  496 |     expect(wrapper.find('.invalid-feedback').attributes('aria-atomic')).toEqual('true')
  497 |     expect(wrapper.find('.form-text').exists()).toBe(true)"
/home/gabriel/Disk/Research/research-javascript-test-smells/repositories/bootstrap-vue-dev/src/components/form-tags/form-tags.spec.js,Duplicate Assert,"{'line': 494, 'column': 4, 'index': 17644}","  492 |     // Duplicate tags
  493 |     expect(wrapper.emitted('tag-state')[5][2]).toEqual(['two'])
> 494 |     expect(wrapper.find('.invalid-feedback').exists()).toBe(true)
      |    ^ Duplicate Assert
  495 |     expect(wrapper.find('.invalid-feedback').attributes('aria-live')).toEqual('polite')
  496 |     expect(wrapper.find('.invalid-feedback').attributes('aria-atomic')).toEqual('true')
  497 |     expect(wrapper.find('.form-text').exists()).toBe(true)"
/home/gabriel/Disk/Research/research-javascript-test-smells/repositories/bootstrap-vue-dev/src/components/form-tags/form-tags.spec.js,Duplicate Assert,"{'line': 495, 'column': 4, 'index': 17710}","  493 |     expect(wrapper.emitted('tag-state')[5][2]).toEqual(['two'])
  494 |     expect(wrapper.find('.invalid-feedback').exists()).toBe(true)
> 495 |     expect(wrapper.find('.invalid-feedback').attributes('aria-live')).toEqual('polite')
      |    ^ Duplicate Assert
  496 |     expect(wrapper.find('.invalid-feedback').attributes('aria-atomic')).toEqual('true')
  497 |     expect(wrapper.find('.form-text').exists()).toBe(true)
  498 |     await $input.trigger('input')"
/home/gabriel/Disk/Research/research-javascript-test-smells/repositories/bootstrap-vue-dev/src/components/form-tags/form-tags.spec.js,Duplicate Assert,"{'line': 496, 'column': 4, 'index': 17798}","  494 |     expect(wrapper.find('.invalid-feedback').exists()).toBe(true)
  495 |     expect(wrapper.find('.invalid-feedback').attributes('aria-live')).toEqual('polite')
> 496 |     expect(wrapper.find('.invalid-feedback').attributes('aria-atomic')).toEqual('true')
      |    ^ Duplicate Assert
  497 |     expect(wrapper.find('.form-text').exists()).toBe(true)
  498 |     await $input.trigger('input')
  499 |     await wrapper.setProps({ feedbackAriaLive: null })"
/home/gabriel/Disk/Research/research-javascript-test-smells/repositories/bootstrap-vue-dev/src/components/form-tags/form-tags.spec.js,Duplicate Assert,"{'line': 496, 'column': 4, 'index': 17798}","  494 |     expect(wrapper.find('.invalid-feedback').exists()).toBe(true)
  495 |     expect(wrapper.find('.invalid-feedback').attributes('aria-live')).toEqual('polite')
> 496 |     expect(wrapper.find('.invalid-feedback').attributes('aria-atomic')).toEqual('true')
      |    ^ Duplicate Assert
  497 |     expect(wrapper.find('.form-text').exists()).toBe(true)
  498 |     await $input.trigger('input')
  499 |     await wrapper.setProps({ feedbackAriaLive: null })"
/home/gabriel/Disk/Research/research-javascript-test-smells/repositories/bootstrap-vue-dev/src/components/form-tags/form-tags.spec.js,Duplicate Assert,"{'line': 497, 'column': 4, 'index': 17886}","  495 |     expect(wrapper.find('.invalid-feedback').attributes('aria-live')).toEqual('polite')
  496 |     expect(wrapper.find('.invalid-feedback').attributes('aria-atomic')).toEqual('true')
> 497 |     expect(wrapper.find('.form-text').exists()).toBe(true)
      |    ^ Duplicate Assert
  498 |     await $input.trigger('input')
  499 |     await wrapper.setProps({ feedbackAriaLive: null })
  500 |     expect(wrapper.vm.tags).toEqual(['one', 'two', 'tag'])"
/home/gabriel/Disk/Research/research-javascript-test-smells/repositories/bootstrap-vue-dev/src/components/form-tags/form-tags.spec.js,Duplicate Assert,"{'line': 497, 'column': 4, 'index': 17886}","  495 |     expect(wrapper.find('.invalid-feedback').attributes('aria-live')).toEqual('polite')
  496 |     expect(wrapper.find('.invalid-feedback').attributes('aria-atomic')).toEqual('true')
> 497 |     expect(wrapper.find('.form-text').exists()).toBe(true)
      |    ^ Duplicate Assert
  498 |     await $input.trigger('input')
  499 |     await wrapper.setProps({ feedbackAriaLive: null })
  500 |     expect(wrapper.vm.tags).toEqual(['one', 'two', 'tag'])"
/home/gabriel/Disk/Research/research-javascript-test-smells/repositories/bootstrap-vue-dev/src/components/form-tags/form-tags.spec.js,Duplicate Assert,"{'line': 500, 'column': 4, 'index': 18034}","  498 |     await $input.trigger('input')
  499 |     await wrapper.setProps({ feedbackAriaLive: null })
> 500 |     expect(wrapper.vm.tags).toEqual(['one', 'two', 'tag'])
      |    ^ Duplicate Assert
  501 |     // No tags(s) were accepted so the input is left as is
  502 |     expect(wrapper.vm.newTag).toEqual(' three two ')
  503 |     expect(wrapper.emitted('tag-state').length).toBe(6)"
/home/gabriel/Disk/Research/research-javascript-test-smells/repositories/bootstrap-vue-dev/src/components/form-tags/form-tags.spec.js,Duplicate Assert,"{'line': 500, 'column': 4, 'index': 18034}","  498 |     await $input.trigger('input')
  499 |     await wrapper.setProps({ feedbackAriaLive: null })
> 500 |     expect(wrapper.vm.tags).toEqual(['one', 'two', 'tag'])
      |    ^ Duplicate Assert
  501 |     // No tags(s) were accepted so the input is left as is
  502 |     expect(wrapper.vm.newTag).toEqual(' three two ')
  503 |     expect(wrapper.emitted('tag-state').length).toBe(6)"
/home/gabriel/Disk/Research/research-javascript-test-smells/repositories/bootstrap-vue-dev/src/components/form-tags/form-tags.spec.js,Duplicate Assert,"{'line': 502, 'column': 4, 'index': 18152}","  500 |     expect(wrapper.vm.tags).toEqual(['one', 'two', 'tag'])
  501 |     // No tags(s) were accepted so the input is left as is
> 502 |     expect(wrapper.vm.newTag).toEqual(' three two ')
      |    ^ Duplicate Assert
  503 |     expect(wrapper.emitted('tag-state').length).toBe(6)
  504 |     expect(wrapper.find('.invalid-feedback').exists()).toBe(true)
  505 |     expect(wrapper.find('.invalid-feedback').attributes('aria-live')).toBeUndefined()"
/home/gabriel/Disk/Research/research-javascript-test-smells/repositories/bootstrap-vue-dev/src/components/form-tags/form-tags.spec.js,Duplicate Assert,"{'line': 502, 'column': 4, 'index': 18152}","  500 |     expect(wrapper.vm.tags).toEqual(['one', 'two', 'tag'])
  501 |     // No tags(s) were accepted so the input is left as is
> 502 |     expect(wrapper.vm.newTag).toEqual(' three two ')
      |    ^ Duplicate Assert
  503 |     expect(wrapper.emitted('tag-state').length).toBe(6)
  504 |     expect(wrapper.find('.invalid-feedback').exists()).toBe(true)
  505 |     expect(wrapper.find('.invalid-feedback').attributes('aria-live')).toBeUndefined()"
/home/gabriel/Disk/Research/research-javascript-test-smells/repositories/bootstrap-vue-dev/src/components/form-tags/form-tags.spec.js,Duplicate Assert,"{'line': 503, 'column': 4, 'index': 18205}","  501 |     // No tags(s) were accepted so the input is left as is
  502 |     expect(wrapper.vm.newTag).toEqual(' three two ')
> 503 |     expect(wrapper.emitted('tag-state').length).toBe(6)
      |    ^ Duplicate Assert
  504 |     expect(wrapper.find('.invalid-feedback').exists()).toBe(true)
  505 |     expect(wrapper.find('.invalid-feedback').attributes('aria-live')).toBeUndefined()
  506 |     expect(wrapper.find('.invalid-feedback').attributes('aria-atomic')).toBeUndefined()"
/home/gabriel/Disk/Research/research-javascript-test-smells/repositories/bootstrap-vue-dev/src/components/form-tags/form-tags.spec.js,Duplicate Assert,"{'line': 503, 'column': 4, 'index': 18205}","  501 |     // No tags(s) were accepted so the input is left as is
  502 |     expect(wrapper.vm.newTag).toEqual(' three two ')
> 503 |     expect(wrapper.emitted('tag-state').length).toBe(6)
      |    ^ Duplicate Assert
  504 |     expect(wrapper.find('.invalid-feedback').exists()).toBe(true)
  505 |     expect(wrapper.find('.invalid-feedback').attributes('aria-live')).toBeUndefined()
  506 |     expect(wrapper.find('.invalid-feedback').attributes('aria-atomic')).toBeUndefined()"
/home/gabriel/Disk/Research/research-javascript-test-smells/repositories/bootstrap-vue-dev/src/components/form-tags/form-tags.spec.js,Duplicate Assert,"{'line': 504, 'column': 4, 'index': 18261}","  502 |     expect(wrapper.vm.newTag).toEqual(' three two ')
  503 |     expect(wrapper.emitted('tag-state').length).toBe(6)
> 504 |     expect(wrapper.find('.invalid-feedback').exists()).toBe(true)
      |    ^ Duplicate Assert
  505 |     expect(wrapper.find('.invalid-feedback').attributes('aria-live')).toBeUndefined()
  506 |     expect(wrapper.find('.invalid-feedback').attributes('aria-atomic')).toBeUndefined()
  507 |     expect(wrapper.find('.form-text').exists()).toBe(true)"
/home/gabriel/Disk/Research/research-javascript-test-smells/repositories/bootstrap-vue-dev/src/components/form-tags/form-tags.spec.js,Duplicate Assert,"{'line': 504, 'column': 4, 'index': 18261}","  502 |     expect(wrapper.vm.newTag).toEqual(' three two ')
  503 |     expect(wrapper.emitted('tag-state').length).toBe(6)
> 504 |     expect(wrapper.find('.invalid-feedback').exists()).toBe(true)
      |    ^ Duplicate Assert
  505 |     expect(wrapper.find('.invalid-feedback').attributes('aria-live')).toBeUndefined()
  506 |     expect(wrapper.find('.invalid-feedback').attributes('aria-atomic')).toBeUndefined()
  507 |     expect(wrapper.find('.form-text').exists()).toBe(true)"
/home/gabriel/Disk/Research/research-javascript-test-smells/repositories/bootstrap-vue-dev/src/components/form-tags/form-tags.spec.js,Duplicate Assert,"{'line': 505, 'column': 4, 'index': 18327}","  503 |     expect(wrapper.emitted('tag-state').length).toBe(6)
  504 |     expect(wrapper.find('.invalid-feedback').exists()).toBe(true)
> 505 |     expect(wrapper.find('.invalid-feedback').attributes('aria-live')).toBeUndefined()
      |    ^ Duplicate Assert
  506 |     expect(wrapper.find('.invalid-feedback').attributes('aria-atomic')).toBeUndefined()
  507 |     expect(wrapper.find('.form-text').exists()).toBe(true)
  508 |"
/home/gabriel/Disk/Research/research-javascript-test-smells/repositories/bootstrap-vue-dev/src/components/form-tags/form-tags.spec.js,Duplicate Assert,"{'line': 506, 'column': 4, 'index': 18413}","  504 |     expect(wrapper.find('.invalid-feedback').exists()).toBe(true)
  505 |     expect(wrapper.find('.invalid-feedback').attributes('aria-live')).toBeUndefined()
> 506 |     expect(wrapper.find('.invalid-feedback').attributes('aria-atomic')).toBeUndefined()
      |    ^ Duplicate Assert
  507 |     expect(wrapper.find('.form-text').exists()).toBe(true)
  508 |
  509 |     $input.element.value = '    '"
/home/gabriel/Disk/Research/research-javascript-test-smells/repositories/bootstrap-vue-dev/src/components/form-tags/form-tags.spec.js,Duplicate Assert,"{'line': 507, 'column': 4, 'index': 18501}","  505 |     expect(wrapper.find('.invalid-feedback').attributes('aria-live')).toBeUndefined()
  506 |     expect(wrapper.find('.invalid-feedback').attributes('aria-atomic')).toBeUndefined()
> 507 |     expect(wrapper.find('.form-text').exists()).toBe(true)
      |    ^ Duplicate Assert
  508 |
  509 |     $input.element.value = '    '
  510 |     await $input.trigger('input')"
/home/gabriel/Disk/Research/research-javascript-test-smells/repositories/bootstrap-vue-dev/src/components/form-tags/form-tags.spec.js,Duplicate Assert,"{'line': 507, 'column': 4, 'index': 18501}","  505 |     expect(wrapper.find('.invalid-feedback').attributes('aria-live')).toBeUndefined()
  506 |     expect(wrapper.find('.invalid-feedback').attributes('aria-atomic')).toBeUndefined()
> 507 |     expect(wrapper.find('.form-text').exists()).toBe(true)
      |    ^ Duplicate Assert
  508 |
  509 |     $input.element.value = '    '
  510 |     await $input.trigger('input')"
/home/gabriel/Disk/Research/research-javascript-test-smells/repositories/bootstrap-vue-dev/src/components/form-tags/form-tags.spec.js,Duplicate Assert,"{'line': 511, 'column': 4, 'index': 18629}","  509 |     $input.element.value = '    '
  510 |     await $input.trigger('input')
> 511 |     expect(wrapper.vm.newTag).toEqual('    ')
      |    ^ Duplicate Assert
  512 |     expect(wrapper.vm.tags).toEqual(['one', 'two', 'tag'])
  513 |     expect(wrapper.emitted('tag-state').length).toBe(7)
  514 |     expect(wrapper.vm.duplicateTags).toEqual([])"
/home/gabriel/Disk/Research/research-javascript-test-smells/repositories/bootstrap-vue-dev/src/components/form-tags/form-tags.spec.js,Duplicate Assert,"{'line': 512, 'column': 4, 'index': 18675}","  510 |     await $input.trigger('input')
  511 |     expect(wrapper.vm.newTag).toEqual('    ')
> 512 |     expect(wrapper.vm.tags).toEqual(['one', 'two', 'tag'])
      |    ^ Duplicate Assert
  513 |     expect(wrapper.emitted('tag-state').length).toBe(7)
  514 |     expect(wrapper.vm.duplicateTags).toEqual([])
  515 |     expect(wrapper.vm.invalidTags).toEqual([])"
/home/gabriel/Disk/Research/research-javascript-test-smells/repositories/bootstrap-vue-dev/src/components/form-tags/form-tags.spec.js,Duplicate Assert,"{'line': 512, 'column': 4, 'index': 18675}","  510 |     await $input.trigger('input')
  511 |     expect(wrapper.vm.newTag).toEqual('    ')
> 512 |     expect(wrapper.vm.tags).toEqual(['one', 'two', 'tag'])
      |    ^ Duplicate Assert
  513 |     expect(wrapper.emitted('tag-state').length).toBe(7)
  514 |     expect(wrapper.vm.duplicateTags).toEqual([])
  515 |     expect(wrapper.vm.invalidTags).toEqual([])"
/home/gabriel/Disk/Research/research-javascript-test-smells/repositories/bootstrap-vue-dev/src/components/form-tags/form-tags.spec.js,Duplicate Assert,"{'line': 513, 'column': 4, 'index': 18734}","  511 |     expect(wrapper.vm.newTag).toEqual('    ')
  512 |     expect(wrapper.vm.tags).toEqual(['one', 'two', 'tag'])
> 513 |     expect(wrapper.emitted('tag-state').length).toBe(7)
      |    ^ Duplicate Assert
  514 |     expect(wrapper.vm.duplicateTags).toEqual([])
  515 |     expect(wrapper.vm.invalidTags).toEqual([])
  516 |     // Tags added"
/home/gabriel/Disk/Research/research-javascript-test-smells/repositories/bootstrap-vue-dev/src/components/form-tags/form-tags.spec.js,Duplicate Assert,"{'line': 514, 'column': 4, 'index': 18790}","  512 |     expect(wrapper.vm.tags).toEqual(['one', 'two', 'tag'])
  513 |     expect(wrapper.emitted('tag-state').length).toBe(7)
> 514 |     expect(wrapper.vm.duplicateTags).toEqual([])
      |    ^ Duplicate Assert
  515 |     expect(wrapper.vm.invalidTags).toEqual([])
  516 |     // Tags added
  517 |     expect(wrapper.emitted('tag-state')[6][0]).toEqual([])"
/home/gabriel/Disk/Research/research-javascript-test-smells/repositories/bootstrap-vue-dev/src/components/form-tags/form-tags.spec.js,Duplicate Assert,"{'line': 514, 'column': 4, 'index': 18790}","  512 |     expect(wrapper.vm.tags).toEqual(['one', 'two', 'tag'])
  513 |     expect(wrapper.emitted('tag-state').length).toBe(7)
> 514 |     expect(wrapper.vm.duplicateTags).toEqual([])
      |    ^ Duplicate Assert
  515 |     expect(wrapper.vm.invalidTags).toEqual([])
  516 |     // Tags added
  517 |     expect(wrapper.emitted('tag-state')[6][0]).toEqual([])"
/home/gabriel/Disk/Research/research-javascript-test-smells/repositories/bootstrap-vue-dev/src/components/form-tags/form-tags.spec.js,Duplicate Assert,"{'line': 515, 'column': 4, 'index': 18839}","  513 |     expect(wrapper.emitted('tag-state').length).toBe(7)
  514 |     expect(wrapper.vm.duplicateTags).toEqual([])
> 515 |     expect(wrapper.vm.invalidTags).toEqual([])
      |    ^ Duplicate Assert
  516 |     // Tags added
  517 |     expect(wrapper.emitted('tag-state')[6][0]).toEqual([])
  518 |     // Invalid tag"
/home/gabriel/Disk/Research/research-javascript-test-smells/repositories/bootstrap-vue-dev/src/components/form-tags/form-tags.spec.js,Duplicate Assert,"{'line': 515, 'column': 4, 'index': 18839}","  513 |     expect(wrapper.emitted('tag-state').length).toBe(7)
  514 |     expect(wrapper.vm.duplicateTags).toEqual([])
> 515 |     expect(wrapper.vm.invalidTags).toEqual([])
      |    ^ Duplicate Assert
  516 |     // Tags added
  517 |     expect(wrapper.emitted('tag-state')[6][0]).toEqual([])
  518 |     // Invalid tag"
/home/gabriel/Disk/Research/research-javascript-test-smells/repositories/bootstrap-vue-dev/src/components/form-tags/form-tags.spec.js,Duplicate Assert,"{'line': 522, 'column': 4, 'index': 19122}","  520 |     // Duplicate tags
  521 |     expect(wrapper.emitted('tag-state')[6][2]).toEqual([])
> 522 |     expect(wrapper.find('.invalid-feedback').exists()).toBe(false)
      |    ^ Duplicate Assert
  523 |     expect(wrapper.find('.form-text').exists()).toBe(false)
  524 |
  525 |     wrapper.destroy()"
/home/gabriel/Disk/Research/research-javascript-test-smells/repositories/bootstrap-vue-dev/src/components/form-tags/form-tags.spec.js,Duplicate Assert,"{'line': 522, 'column': 4, 'index': 19122}","  520 |     // Duplicate tags
  521 |     expect(wrapper.emitted('tag-state')[6][2]).toEqual([])
> 522 |     expect(wrapper.find('.invalid-feedback').exists()).toBe(false)
      |    ^ Duplicate Assert
  523 |     expect(wrapper.find('.form-text').exists()).toBe(false)
  524 |
  525 |     wrapper.destroy()"
/home/gabriel/Disk/Research/research-javascript-test-smells/repositories/bootstrap-vue-dev/src/components/form-tags/form-tags.spec.js,Duplicate Assert,"{'line': 523, 'column': 4, 'index': 19189}","  521 |     expect(wrapper.emitted('tag-state')[6][2]).toEqual([])
  522 |     expect(wrapper.find('.invalid-feedback').exists()).toBe(false)
> 523 |     expect(wrapper.find('.form-text').exists()).toBe(false)
      |    ^ Duplicate Assert
  524 |
  525 |     wrapper.destroy()
  526 |   })"
/home/gabriel/Disk/Research/research-javascript-test-smells/repositories/bootstrap-vue-dev/src/components/form-tags/form-tags.spec.js,Duplicate Assert,"{'line': 523, 'column': 4, 'index': 19189}","  521 |     expect(wrapper.emitted('tag-state')[6][2]).toEqual([])
  522 |     expect(wrapper.find('.invalid-feedback').exists()).toBe(false)
> 523 |     expect(wrapper.find('.form-text').exists()).toBe(false)
      |    ^ Duplicate Assert
  524 |
  525 |     wrapper.destroy()
  526 |   })"
/home/gabriel/Disk/Research/research-javascript-test-smells/repositories/bootstrap-vue-dev/src/components/form-tags/form-tags.spec.js,Duplicate Assert,"{'line': 536, 'column': 4, 'index': 19495}","  534 |
  535 |     expect(wrapper.element.tagName).toBe('DIV')
> 536 |     expect(wrapper.vm.tags).toEqual(['apple', 'orange'])
      |    ^ Duplicate Assert
  537 |     expect(wrapper.vm.newTag).toEqual('')
  538 |
  539 |     const $input = wrapper.find('input')"
/home/gabriel/Disk/Research/research-javascript-test-smells/repositories/bootstrap-vue-dev/src/components/form-tags/form-tags.spec.js,Duplicate Assert,"{'line': 536, 'column': 4, 'index': 19495}","  534 |
  535 |     expect(wrapper.element.tagName).toBe('DIV')
> 536 |     expect(wrapper.vm.tags).toEqual(['apple', 'orange'])
      |    ^ Duplicate Assert
  537 |     expect(wrapper.vm.newTag).toEqual('')
  538 |
  539 |     const $input = wrapper.find('input')"
/home/gabriel/Disk/Research/research-javascript-test-smells/repositories/bootstrap-vue-dev/src/components/form-tags/form-tags.spec.js,Duplicate Assert,"{'line': 537, 'column': 4, 'index': 19552}","  535 |     expect(wrapper.element.tagName).toBe('DIV')
  536 |     expect(wrapper.vm.tags).toEqual(['apple', 'orange'])
> 537 |     expect(wrapper.vm.newTag).toEqual('')
      |    ^ Duplicate Assert
  538 |
  539 |     const $input = wrapper.find('input')
  540 |     expect($input.exists()).toBe(true)"
/home/gabriel/Disk/Research/research-javascript-test-smells/repositories/bootstrap-vue-dev/src/components/form-tags/form-tags.spec.js,Duplicate Assert,"{'line': 537, 'column': 4, 'index': 19552}","  535 |     expect(wrapper.element.tagName).toBe('DIV')
  536 |     expect(wrapper.vm.tags).toEqual(['apple', 'orange'])
> 537 |     expect(wrapper.vm.newTag).toEqual('')
      |    ^ Duplicate Assert
  538 |
  539 |     const $input = wrapper.find('input')
  540 |     expect($input.exists()).toBe(true)"
/home/gabriel/Disk/Research/research-javascript-test-smells/repositories/bootstrap-vue-dev/src/components/form-tags/form-tags.spec.js,Duplicate Assert,"{'line': 545, 'column': 4, 'index': 19820}","  543 |     const $button = wrapper.find('button.b-form-tags-button')
  544 |     expect($button.exists()).toBe(true)
> 545 |     expect($button.classes()).toContain('invisible')
      |    ^ Duplicate Assert
  546 |
  547 |     $input.element.value = 'pear'
  548 |     await $input.trigger('input')"
/home/gabriel/Disk/Research/research-javascript-test-smells/repositories/bootstrap-vue-dev/src/components/form-tags/form-tags.spec.js,Duplicate Assert,"{'line': 545, 'column': 4, 'index': 19820}","  543 |     const $button = wrapper.find('button.b-form-tags-button')
  544 |     expect($button.exists()).toBe(true)
> 545 |     expect($button.classes()).toContain('invisible')
      |    ^ Duplicate Assert
  546 |
  547 |     $input.element.value = 'pear'
  548 |     await $input.trigger('input')"
/home/gabriel/Disk/Research/research-javascript-test-smells/repositories/bootstrap-vue-dev/src/components/form-tags/form-tags.spec.js,Duplicate Assert,"{'line': 549, 'column': 4, 'index': 19942}","  547 |     $input.element.value = 'pear'
  548 |     await $input.trigger('input')
> 549 |     expect(wrapper.vm.newTag).toEqual('pear')
      |    ^ Duplicate Assert
  550 |     expect(wrapper.vm.tags).toEqual(['apple', 'orange'])
  551 |     expect($button.classes()).not.toContain('invisible')
  552 |"
/home/gabriel/Disk/Research/research-javascript-test-smells/repositories/bootstrap-vue-dev/src/components/form-tags/form-tags.spec.js,Duplicate Assert,"{'line': 550, 'column': 4, 'index': 19988}","  548 |     await $input.trigger('input')
  549 |     expect(wrapper.vm.newTag).toEqual('pear')
> 550 |     expect(wrapper.vm.tags).toEqual(['apple', 'orange'])
      |    ^ Duplicate Assert
  551 |     expect($button.classes()).not.toContain('invisible')
  552 |
  553 |     await $button.trigger('click')"
/home/gabriel/Disk/Research/research-javascript-test-smells/repositories/bootstrap-vue-dev/src/components/form-tags/form-tags.spec.js,Duplicate Assert,"{'line': 550, 'column': 4, 'index': 19988}","  548 |     await $input.trigger('input')
  549 |     expect(wrapper.vm.newTag).toEqual('pear')
> 550 |     expect(wrapper.vm.tags).toEqual(['apple', 'orange'])
      |    ^ Duplicate Assert
  551 |     expect($button.classes()).not.toContain('invisible')
  552 |
  553 |     await $button.trigger('click')"
/home/gabriel/Disk/Research/research-javascript-test-smells/repositories/bootstrap-vue-dev/src/components/form-tags/form-tags.spec.js,Duplicate Assert,"{'line': 551, 'column': 4, 'index': 20045}","  549 |     expect(wrapper.vm.newTag).toEqual('pear')
  550 |     expect(wrapper.vm.tags).toEqual(['apple', 'orange'])
> 551 |     expect($button.classes()).not.toContain('invisible')
      |    ^ Duplicate Assert
  552 |
  553 |     await $button.trigger('click')
  554 |     expect($button.classes()).toContain('invisible')"
/home/gabriel/Disk/Research/research-javascript-test-smells/repositories/bootstrap-vue-dev/src/components/form-tags/form-tags.spec.js,Duplicate Assert,"{'line': 554, 'column': 4, 'index': 20138}","  552 |
  553 |     await $button.trigger('click')
> 554 |     expect($button.classes()).toContain('invisible')
      |    ^ Duplicate Assert
  555 |     expect(wrapper.vm.newTag).toEqual('')
  556 |     expect(wrapper.vm.tags).toEqual(['apple', 'orange', 'pear'])
  557 |"
/home/gabriel/Disk/Research/research-javascript-test-smells/repositories/bootstrap-vue-dev/src/components/form-tags/form-tags.spec.js,Duplicate Assert,"{'line': 554, 'column': 4, 'index': 20138}","  552 |
  553 |     await $button.trigger('click')
> 554 |     expect($button.classes()).toContain('invisible')
      |    ^ Duplicate Assert
  555 |     expect(wrapper.vm.newTag).toEqual('')
  556 |     expect(wrapper.vm.tags).toEqual(['apple', 'orange', 'pear'])
  557 |"
/home/gabriel/Disk/Research/research-javascript-test-smells/repositories/bootstrap-vue-dev/src/components/form-tags/form-tags.spec.js,Duplicate Assert,"{'line': 555, 'column': 4, 'index': 20191}","  553 |     await $button.trigger('click')
  554 |     expect($button.classes()).toContain('invisible')
> 555 |     expect(wrapper.vm.newTag).toEqual('')
      |    ^ Duplicate Assert
  556 |     expect(wrapper.vm.tags).toEqual(['apple', 'orange', 'pear'])
  557 |
  558 |     wrapper.destroy()"
/home/gabriel/Disk/Research/research-javascript-test-smells/repositories/bootstrap-vue-dev/src/components/form-tags/form-tags.spec.js,Duplicate Assert,"{'line': 555, 'column': 4, 'index': 20191}","  553 |     await $button.trigger('click')
  554 |     expect($button.classes()).toContain('invisible')
> 555 |     expect(wrapper.vm.newTag).toEqual('')
      |    ^ Duplicate Assert
  556 |     expect(wrapper.vm.tags).toEqual(['apple', 'orange', 'pear'])
  557 |
  558 |     wrapper.destroy()"
/home/gabriel/Disk/Research/research-javascript-test-smells/repositories/bootstrap-vue-dev/src/components/form-tags/form-tags.spec.js,Duplicate Assert,"{'line': 556, 'column': 4, 'index': 20233}","  554 |     expect($button.classes()).toContain('invisible')
  555 |     expect(wrapper.vm.newTag).toEqual('')
> 556 |     expect(wrapper.vm.tags).toEqual(['apple', 'orange', 'pear'])
      |    ^ Duplicate Assert
  557 |
  558 |     wrapper.destroy()
  559 |   })"
/home/gabriel/Disk/Research/research-javascript-test-smells/repositories/bootstrap-vue-dev/src/components/form-tags/form-tags.spec.js,Duplicate Assert,"{'line': 571, 'column': 4, 'index': 20594}","  569 |
  570 |     expect(wrapper.element.tagName).toBe('DIV')
> 571 |     expect(wrapper.vm.tags).toEqual(['one', 'two'])
      |    ^ Duplicate Assert
  572 |     expect(wrapper.vm.newTag).toEqual('')
  573 |
  574 |     const $input = wrapper.find('input')"
/home/gabriel/Disk/Research/research-javascript-test-smells/repositories/bootstrap-vue-dev/src/components/form-tags/form-tags.spec.js,Duplicate Assert,"{'line': 571, 'column': 4, 'index': 20594}","  569 |
  570 |     expect(wrapper.element.tagName).toBe('DIV')
> 571 |     expect(wrapper.vm.tags).toEqual(['one', 'two'])
      |    ^ Duplicate Assert
  572 |     expect(wrapper.vm.newTag).toEqual('')
  573 |
  574 |     const $input = wrapper.find('input')"
/home/gabriel/Disk/Research/research-javascript-test-smells/repositories/bootstrap-vue-dev/src/components/form-tags/form-tags.spec.js,Duplicate Assert,"{'line': 572, 'column': 4, 'index': 20646}","  570 |     expect(wrapper.element.tagName).toBe('DIV')
  571 |     expect(wrapper.vm.tags).toEqual(['one', 'two'])
> 572 |     expect(wrapper.vm.newTag).toEqual('')
      |    ^ Duplicate Assert
  573 |
  574 |     const $input = wrapper.find('input')
  575 |     expect($input.exists()).toBe(true)"
/home/gabriel/Disk/Research/research-javascript-test-smells/repositories/bootstrap-vue-dev/src/components/form-tags/form-tags.spec.js,Duplicate Assert,"{'line': 572, 'column': 4, 'index': 20646}","  570 |     expect(wrapper.element.tagName).toBe('DIV')
  571 |     expect(wrapper.vm.tags).toEqual(['one', 'two'])
> 572 |     expect(wrapper.vm.newTag).toEqual('')
      |    ^ Duplicate Assert
  573 |
  574 |     const $input = wrapper.find('input')
  575 |     expect($input.exists()).toBe(true)"
/home/gabriel/Disk/Research/research-javascript-test-smells/repositories/bootstrap-vue-dev/src/components/form-tags/form-tags.spec.js,Duplicate Assert,"{'line': 582, 'column': 4, 'index': 20961}","  580 |     await $input.trigger('input')
  581 |     await $input.trigger('change')
> 582 |     expect(wrapper.vm.newTag).toEqual('three')
      |    ^ Duplicate Assert
  583 |     expect(wrapper.vm.tags).toEqual(['one', 'two'])
  584 |     expect(wrapper.vm.tagsState.invalid).toContain('three')
  585 |"
/home/gabriel/Disk/Research/research-javascript-test-smells/repositories/bootstrap-vue-dev/src/components/form-tags/form-tags.spec.js,Duplicate Assert,"{'line': 583, 'column': 4, 'index': 21008}","  581 |     await $input.trigger('change')
  582 |     expect(wrapper.vm.newTag).toEqual('three')
> 583 |     expect(wrapper.vm.tags).toEqual(['one', 'two'])
      |    ^ Duplicate Assert
  584 |     expect(wrapper.vm.tagsState.invalid).toContain('three')
  585 |
  586 |     const $tags = wrapper.findAll('.badge')"
/home/gabriel/Disk/Research/research-javascript-test-smells/repositories/bootstrap-vue-dev/src/components/form-tags/form-tags.spec.js,Duplicate Assert,"{'line': 583, 'column': 4, 'index': 21008}","  581 |     await $input.trigger('change')
  582 |     expect(wrapper.vm.newTag).toEqual('three')
> 583 |     expect(wrapper.vm.tags).toEqual(['one', 'two'])
      |    ^ Duplicate Assert
  584 |     expect(wrapper.vm.tagsState.invalid).toContain('three')
  585 |
  586 |     const $tags = wrapper.findAll('.badge')"
/home/gabriel/Disk/Research/research-javascript-test-smells/repositories/bootstrap-vue-dev/src/components/form-tags/form-tags.spec.js,Duplicate Assert,"{'line': 584, 'column': 4, 'index': 21060}","  582 |     expect(wrapper.vm.newTag).toEqual('three')
  583 |     expect(wrapper.vm.tags).toEqual(['one', 'two'])
> 584 |     expect(wrapper.vm.tagsState.invalid).toContain('three')
      |    ^ Duplicate Assert
  585 |
  586 |     const $tags = wrapper.findAll('.badge')
  587 |     expect($tags.length).toBe(2)"
/home/gabriel/Disk/Research/research-javascript-test-smells/repositories/bootstrap-vue-dev/src/components/form-tags/form-tags.spec.js,Duplicate Assert,"{'line': 592, 'column': 4, 'index': 21273}","  590 |       .find('button')
  591 |       .trigger('click')
> 592 |     expect(wrapper.vm.tags).toEqual(['one'])
      |    ^ Duplicate Assert
  593 |     expect(wrapper.vm.removedTags).toContain('two')
  594 |
  595 |     wrapper.vm.reset()"
/home/gabriel/Disk/Research/research-javascript-test-smells/repositories/bootstrap-vue-dev/src/components/form-tags/form-tags.spec.js,Duplicate Assert,"{'line': 593, 'column': 4, 'index': 21318}","  591 |       .trigger('click')
  592 |     expect(wrapper.vm.tags).toEqual(['one'])
> 593 |     expect(wrapper.vm.removedTags).toContain('two')
      |    ^ Duplicate Assert
  594 |
  595 |     wrapper.vm.reset()
  596 |     await waitNT(wrapper.vm)"
/home/gabriel/Disk/Research/research-javascript-test-smells/repositories/bootstrap-vue-dev/src/components/form-tags/form-tags.spec.js,Duplicate Assert,"{'line': 598, 'column': 4, 'index': 21424}","  596 |     await waitNT(wrapper.vm)
  597 |
> 598 |     expect(wrapper.vm.newTag).toEqual('')
      |    ^ Duplicate Assert
  599 |     expect(wrapper.vm.tags).toEqual([])
  600 |     expect(wrapper.vm.removedTags).toEqual([])
  601 |     expect(wrapper.vm.tagsState.invalid).toEqual([])"
/home/gabriel/Disk/Research/research-javascript-test-smells/repositories/bootstrap-vue-dev/src/components/form-tags/form-tags.spec.js,Duplicate Assert,"{'line': 598, 'column': 4, 'index': 21424}","  596 |     await waitNT(wrapper.vm)
  597 |
> 598 |     expect(wrapper.vm.newTag).toEqual('')
      |    ^ Duplicate Assert
  599 |     expect(wrapper.vm.tags).toEqual([])
  600 |     expect(wrapper.vm.removedTags).toEqual([])
  601 |     expect(wrapper.vm.tagsState.invalid).toEqual([])"
/home/gabriel/Disk/Research/research-javascript-test-smells/repositories/bootstrap-vue-dev/src/components/form-tags/form-tags.spec.js,Duplicate Assert,"{'line': 599, 'column': 4, 'index': 21466}","  597 |
  598 |     expect(wrapper.vm.newTag).toEqual('')
> 599 |     expect(wrapper.vm.tags).toEqual([])
      |    ^ Duplicate Assert
  600 |     expect(wrapper.vm.removedTags).toEqual([])
  601 |     expect(wrapper.vm.tagsState.invalid).toEqual([])
  602 |"
/home/gabriel/Disk/Research/research-javascript-test-smells/repositories/bootstrap-vue-dev/src/components/form-tags/form-tags.spec.js,Duplicate Assert,"{'line': 600, 'column': 4, 'index': 21506}","  598 |     expect(wrapper.vm.newTag).toEqual('')
  599 |     expect(wrapper.vm.tags).toEqual([])
> 600 |     expect(wrapper.vm.removedTags).toEqual([])
      |    ^ Duplicate Assert
  601 |     expect(wrapper.vm.tagsState.invalid).toEqual([])
  602 |
  603 |     wrapper.destroy()"
/home/gabriel/Disk/Research/research-javascript-test-smells/repositories/bootstrap-vue-dev/src/components/form-tags/form-tags.spec.js,Duplicate Assert,"{'line': 601, 'column': 4, 'index': 21553}","  599 |     expect(wrapper.vm.tags).toEqual([])
  600 |     expect(wrapper.vm.removedTags).toEqual([])
> 601 |     expect(wrapper.vm.tagsState.invalid).toEqual([])
      |    ^ Duplicate Assert
  602 |
  603 |     wrapper.destroy()
  604 |   })"
/home/gabriel/Disk/Research/research-javascript-test-smells/repositories/bootstrap-vue-dev/src/components/form-tags/form-tags.spec.js,Duplicate Assert,"{'line': 616, 'column': 4, 'index': 21906}","  614 |
  615 |     expect(wrapper.element.tagName).toBe('DIV')
> 616 |     expect(wrapper.vm.tags).toEqual(['one', 'two'])
      |    ^ Duplicate Assert
  617 |     expect(wrapper.vm.newTag).toEqual('')
  618 |
  619 |     const $input = wrapper.find('input')"
/home/gabriel/Disk/Research/research-javascript-test-smells/repositories/bootstrap-vue-dev/src/components/form-tags/form-tags.spec.js,Duplicate Assert,"{'line': 616, 'column': 4, 'index': 21906}","  614 |
  615 |     expect(wrapper.element.tagName).toBe('DIV')
> 616 |     expect(wrapper.vm.tags).toEqual(['one', 'two'])
      |    ^ Duplicate Assert
  617 |     expect(wrapper.vm.newTag).toEqual('')
  618 |
  619 |     const $input = wrapper.find('input')"
/home/gabriel/Disk/Research/research-javascript-test-smells/repositories/bootstrap-vue-dev/src/components/form-tags/form-tags.spec.js,Duplicate Assert,"{'line': 617, 'column': 4, 'index': 21958}","  615 |     expect(wrapper.element.tagName).toBe('DIV')
  616 |     expect(wrapper.vm.tags).toEqual(['one', 'two'])
> 617 |     expect(wrapper.vm.newTag).toEqual('')
      |    ^ Duplicate Assert
  618 |
  619 |     const $input = wrapper.find('input')
  620 |     expect($input.exists()).toBe(true)"
/home/gabriel/Disk/Research/research-javascript-test-smells/repositories/bootstrap-vue-dev/src/components/form-tags/form-tags.spec.js,Duplicate Assert,"{'line': 617, 'column': 4, 'index': 21958}","  615 |     expect(wrapper.element.tagName).toBe('DIV')
  616 |     expect(wrapper.vm.tags).toEqual(['one', 'two'])
> 617 |     expect(wrapper.vm.newTag).toEqual('')
      |    ^ Duplicate Assert
  618 |
  619 |     const $input = wrapper.find('input')
  620 |     expect($input.exists()).toBe(true)"
/home/gabriel/Disk/Research/research-javascript-test-smells/repositories/bootstrap-vue-dev/src/components/form-tags/form-tags.spec.js,Duplicate Assert,"{'line': 627, 'column': 4, 'index': 22273}","  625 |     await $input.trigger('input')
  626 |     await $input.trigger('change')
> 627 |     expect(wrapper.vm.newTag).toEqual('three')
      |    ^ Duplicate Assert
  628 |     expect(wrapper.vm.tags).toEqual(['one', 'two'])
  629 |     expect(wrapper.vm.tagsState.invalid).toContain('three')
  630 |"
/home/gabriel/Disk/Research/research-javascript-test-smells/repositories/bootstrap-vue-dev/src/components/form-tags/form-tags.spec.js,Duplicate Assert,"{'line': 628, 'column': 4, 'index': 22320}","  626 |     await $input.trigger('change')
  627 |     expect(wrapper.vm.newTag).toEqual('three')
> 628 |     expect(wrapper.vm.tags).toEqual(['one', 'two'])
      |    ^ Duplicate Assert
  629 |     expect(wrapper.vm.tagsState.invalid).toContain('three')
  630 |
  631 |     const $tags = wrapper.findAll('.badge')"
/home/gabriel/Disk/Research/research-javascript-test-smells/repositories/bootstrap-vue-dev/src/components/form-tags/form-tags.spec.js,Duplicate Assert,"{'line': 628, 'column': 4, 'index': 22320}","  626 |     await $input.trigger('change')
  627 |     expect(wrapper.vm.newTag).toEqual('three')
> 628 |     expect(wrapper.vm.tags).toEqual(['one', 'two'])
      |    ^ Duplicate Assert
  629 |     expect(wrapper.vm.tagsState.invalid).toContain('three')
  630 |
  631 |     const $tags = wrapper.findAll('.badge')"
/home/gabriel/Disk/Research/research-javascript-test-smells/repositories/bootstrap-vue-dev/src/components/form-tags/form-tags.spec.js,Duplicate Assert,"{'line': 629, 'column': 4, 'index': 22372}","  627 |     expect(wrapper.vm.newTag).toEqual('three')
  628 |     expect(wrapper.vm.tags).toEqual(['one', 'two'])
> 629 |     expect(wrapper.vm.tagsState.invalid).toContain('three')
      |    ^ Duplicate Assert
  630 |
  631 |     const $tags = wrapper.findAll('.badge')
  632 |     expect($tags.length).toBe(2)"
/home/gabriel/Disk/Research/research-javascript-test-smells/repositories/bootstrap-vue-dev/src/components/form-tags/form-tags.spec.js,Duplicate Assert,"{'line': 637, 'column': 4, 'index': 22585}","  635 |       .find('button')
  636 |       .trigger('click')
> 637 |     expect(wrapper.vm.tags).toEqual(['one'])
      |    ^ Duplicate Assert
  638 |     expect(wrapper.vm.removedTags).toContain('two')
  639 |
  640 |     await $input.trigger('reset')"
/home/gabriel/Disk/Research/research-javascript-test-smells/repositories/bootstrap-vue-dev/src/components/form-tags/form-tags.spec.js,Duplicate Assert,"{'line': 638, 'column': 4, 'index': 22630}","  636 |       .trigger('click')
  637 |     expect(wrapper.vm.tags).toEqual(['one'])
> 638 |     expect(wrapper.vm.removedTags).toContain('two')
      |    ^ Duplicate Assert
  639 |
  640 |     await $input.trigger('reset')
  641 |     await waitNT(wrapper.vm)"
/home/gabriel/Disk/Research/research-javascript-test-smells/repositories/bootstrap-vue-dev/src/components/form-tags/form-tags.spec.js,Duplicate Assert,"{'line': 643, 'column': 4, 'index': 22747}","  641 |     await waitNT(wrapper.vm)
  642 |
> 643 |     expect(wrapper.vm.newTag).toEqual('')
      |    ^ Duplicate Assert
  644 |     expect(wrapper.vm.tags).toEqual([])
  645 |     expect(wrapper.vm.removedTags).toEqual([])
  646 |     expect(wrapper.vm.tagsState.invalid).toEqual([])"
/home/gabriel/Disk/Research/research-javascript-test-smells/repositories/bootstrap-vue-dev/src/components/form-tags/form-tags.spec.js,Duplicate Assert,"{'line': 643, 'column': 4, 'index': 22747}","  641 |     await waitNT(wrapper.vm)
  642 |
> 643 |     expect(wrapper.vm.newTag).toEqual('')
      |    ^ Duplicate Assert
  644 |     expect(wrapper.vm.tags).toEqual([])
  645 |     expect(wrapper.vm.removedTags).toEqual([])
  646 |     expect(wrapper.vm.tagsState.invalid).toEqual([])"
/home/gabriel/Disk/Research/research-javascript-test-smells/repositories/bootstrap-vue-dev/src/components/form-tags/form-tags.spec.js,Duplicate Assert,"{'line': 644, 'column': 4, 'index': 22789}","  642 |
  643 |     expect(wrapper.vm.newTag).toEqual('')
> 644 |     expect(wrapper.vm.tags).toEqual([])
      |    ^ Duplicate Assert
  645 |     expect(wrapper.vm.removedTags).toEqual([])
  646 |     expect(wrapper.vm.tagsState.invalid).toEqual([])
  647 |"
/home/gabriel/Disk/Research/research-javascript-test-smells/repositories/bootstrap-vue-dev/src/components/form-tags/form-tags.spec.js,Duplicate Assert,"{'line': 645, 'column': 4, 'index': 22829}","  643 |     expect(wrapper.vm.newTag).toEqual('')
  644 |     expect(wrapper.vm.tags).toEqual([])
> 645 |     expect(wrapper.vm.removedTags).toEqual([])
      |    ^ Duplicate Assert
  646 |     expect(wrapper.vm.tagsState.invalid).toEqual([])
  647 |
  648 |     wrapper.destroy()"
/home/gabriel/Disk/Research/research-javascript-test-smells/repositories/bootstrap-vue-dev/src/components/form-tags/form-tags.spec.js,Duplicate Assert,"{'line': 646, 'column': 4, 'index': 22876}","  644 |     expect(wrapper.vm.tags).toEqual([])
  645 |     expect(wrapper.vm.removedTags).toEqual([])
> 646 |     expect(wrapper.vm.tagsState.invalid).toEqual([])
      |    ^ Duplicate Assert
  647 |
  648 |     wrapper.destroy()
  649 |   })"
/home/gabriel/Disk/Research/research-javascript-test-smells/repositories/bootstrap-vue-dev/src/components/form-tags/form-tags.spec.js,Duplicate Assert,"{'line': 674, 'column': 4, 'index': 23565}","  672 |     expect(formTags.exists()).toBe(true)
  673 |     expect(formTags.element.tagName).toBe('DIV')
> 674 |     expect(formTags.vm.tags).toEqual(['one', 'two'])
      |    ^ Duplicate Assert
  675 |     expect(formTags.vm.newTag).toEqual('')
  676 |
  677 |     const $input = formTags.find('input')"
/home/gabriel/Disk/Research/research-javascript-test-smells/repositories/bootstrap-vue-dev/src/components/form-tags/form-tags.spec.js,Duplicate Assert,"{'line': 674, 'column': 4, 'index': 23565}","  672 |     expect(formTags.exists()).toBe(true)
  673 |     expect(formTags.element.tagName).toBe('DIV')
> 674 |     expect(formTags.vm.tags).toEqual(['one', 'two'])
      |    ^ Duplicate Assert
  675 |     expect(formTags.vm.newTag).toEqual('')
  676 |
  677 |     const $input = formTags.find('input')"
/home/gabriel/Disk/Research/research-javascript-test-smells/repositories/bootstrap-vue-dev/src/components/form-tags/form-tags.spec.js,Duplicate Assert,"{'line': 675, 'column': 4, 'index': 23618}","  673 |     expect(formTags.element.tagName).toBe('DIV')
  674 |     expect(formTags.vm.tags).toEqual(['one', 'two'])
> 675 |     expect(formTags.vm.newTag).toEqual('')
      |    ^ Duplicate Assert
  676 |
  677 |     const $input = formTags.find('input')
  678 |     expect($input.exists()).toBe(true)"
/home/gabriel/Disk/Research/research-javascript-test-smells/repositories/bootstrap-vue-dev/src/components/form-tags/form-tags.spec.js,Duplicate Assert,"{'line': 675, 'column': 4, 'index': 23618}","  673 |     expect(formTags.element.tagName).toBe('DIV')
  674 |     expect(formTags.vm.tags).toEqual(['one', 'two'])
> 675 |     expect(formTags.vm.newTag).toEqual('')
      |    ^ Duplicate Assert
  676 |
  677 |     const $input = formTags.find('input')
  678 |     expect($input.exists()).toBe(true)"
/home/gabriel/Disk/Research/research-javascript-test-smells/repositories/bootstrap-vue-dev/src/components/form-tags/form-tags.spec.js,Duplicate Assert,"{'line': 685, 'column': 4, 'index': 23935}","  683 |     await $input.trigger('input')
  684 |     await $input.trigger('change')
> 685 |     expect(formTags.vm.newTag).toEqual('three')
      |    ^ Duplicate Assert
  686 |     expect(formTags.vm.tags).toEqual(['one', 'two'])
  687 |     expect(formTags.vm.tagsState.invalid).toContain('three')
  688 |"
/home/gabriel/Disk/Research/research-javascript-test-smells/repositories/bootstrap-vue-dev/src/components/form-tags/form-tags.spec.js,Duplicate Assert,"{'line': 686, 'column': 4, 'index': 23983}","  684 |     await $input.trigger('change')
  685 |     expect(formTags.vm.newTag).toEqual('three')
> 686 |     expect(formTags.vm.tags).toEqual(['one', 'two'])
      |    ^ Duplicate Assert
  687 |     expect(formTags.vm.tagsState.invalid).toContain('three')
  688 |
  689 |     const $tags = formTags.findAll('.badge')"
/home/gabriel/Disk/Research/research-javascript-test-smells/repositories/bootstrap-vue-dev/src/components/form-tags/form-tags.spec.js,Duplicate Assert,"{'line': 686, 'column': 4, 'index': 23983}","  684 |     await $input.trigger('change')
  685 |     expect(formTags.vm.newTag).toEqual('three')
> 686 |     expect(formTags.vm.tags).toEqual(['one', 'two'])
      |    ^ Duplicate Assert
  687 |     expect(formTags.vm.tagsState.invalid).toContain('three')
  688 |
  689 |     const $tags = formTags.findAll('.badge')"
/home/gabriel/Disk/Research/research-javascript-test-smells/repositories/bootstrap-vue-dev/src/components/form-tags/form-tags.spec.js,Duplicate Assert,"{'line': 687, 'column': 4, 'index': 24036}","  685 |     expect(formTags.vm.newTag).toEqual('three')
  686 |     expect(formTags.vm.tags).toEqual(['one', 'two'])
> 687 |     expect(formTags.vm.tagsState.invalid).toContain('three')
      |    ^ Duplicate Assert
  688 |
  689 |     const $tags = formTags.findAll('.badge')
  690 |     expect($tags.length).toBe(2)"
/home/gabriel/Disk/Research/research-javascript-test-smells/repositories/bootstrap-vue-dev/src/components/form-tags/form-tags.spec.js,Duplicate Assert,"{'line': 695, 'column': 4, 'index': 24251}","  693 |       .find('button')
  694 |       .trigger('click')
> 695 |     expect(formTags.vm.tags).toEqual(['one'])
      |    ^ Duplicate Assert
  696 |     expect(formTags.vm.removedTags).toContain('two')
  697 |
  698 |     // Trigger form's native reset event"
/home/gabriel/Disk/Research/research-javascript-test-smells/repositories/bootstrap-vue-dev/src/components/form-tags/form-tags.spec.js,Duplicate Assert,"{'line': 696, 'column': 4, 'index': 24297}","  694 |       .trigger('click')
  695 |     expect(formTags.vm.tags).toEqual(['one'])
> 696 |     expect(formTags.vm.removedTags).toContain('two')
      |    ^ Duplicate Assert
  697 |
  698 |     // Trigger form's native reset event
  699 |     wrapper.find('form').trigger('reset')"
/home/gabriel/Disk/Research/research-javascript-test-smells/repositories/bootstrap-vue-dev/src/components/form-tags/form-tags.spec.js,Duplicate Assert,"{'line': 702, 'column': 4, 'index': 24465}","  700 |     await waitNT(formTags.vm)
  701 |
> 702 |     expect(formTags.vm.newTag).toEqual('')
      |    ^ Duplicate Assert
  703 |     expect(formTags.vm.tags).toEqual([])
  704 |     expect(formTags.vm.removedTags).toEqual([])
  705 |     expect(formTags.vm.tagsState.invalid).toEqual([])"
/home/gabriel/Disk/Research/research-javascript-test-smells/repositories/bootstrap-vue-dev/src/components/form-tags/form-tags.spec.js,Duplicate Assert,"{'line': 702, 'column': 4, 'index': 24465}","  700 |     await waitNT(formTags.vm)
  701 |
> 702 |     expect(formTags.vm.newTag).toEqual('')
      |    ^ Duplicate Assert
  703 |     expect(formTags.vm.tags).toEqual([])
  704 |     expect(formTags.vm.removedTags).toEqual([])
  705 |     expect(formTags.vm.tagsState.invalid).toEqual([])"
/home/gabriel/Disk/Research/research-javascript-test-smells/repositories/bootstrap-vue-dev/src/components/form-tags/form-tags.spec.js,Duplicate Assert,"{'line': 703, 'column': 4, 'index': 24508}","  701 |
  702 |     expect(formTags.vm.newTag).toEqual('')
> 703 |     expect(formTags.vm.tags).toEqual([])
      |    ^ Duplicate Assert
  704 |     expect(formTags.vm.removedTags).toEqual([])
  705 |     expect(formTags.vm.tagsState.invalid).toEqual([])
  706 |"
/home/gabriel/Disk/Research/research-javascript-test-smells/repositories/bootstrap-vue-dev/src/components/form-tags/form-tags.spec.js,Duplicate Assert,"{'line': 704, 'column': 4, 'index': 24549}","  702 |     expect(formTags.vm.newTag).toEqual('')
  703 |     expect(formTags.vm.tags).toEqual([])
> 704 |     expect(formTags.vm.removedTags).toEqual([])
      |    ^ Duplicate Assert
  705 |     expect(formTags.vm.tagsState.invalid).toEqual([])
  706 |
  707 |     wrapper.destroy()"
/home/gabriel/Disk/Research/research-javascript-test-smells/repositories/bootstrap-vue-dev/src/components/form-tags/form-tags.spec.js,Duplicate Assert,"{'line': 705, 'column': 4, 'index': 24597}","  703 |     expect(formTags.vm.tags).toEqual([])
  704 |     expect(formTags.vm.removedTags).toEqual([])
> 705 |     expect(formTags.vm.tagsState.invalid).toEqual([])
      |    ^ Duplicate Assert
  706 |
  707 |     wrapper.destroy()
  708 |   })"
/home/gabriel/Disk/Research/research-javascript-test-smells/repositories/bootstrap-vue-dev/src/components/form-tags/form-tags.spec.js,Duplicate Assert,"{'line': 724, 'column': 4, 'index': 25078}","  722 |     expect(wrapper.vm.tags).toEqual(['apple', 'orange'])
  723 |     expect(wrapper.vm.newTag).toEqual('')
> 724 |     expect(wrapper.classes()).not.toContain('focus')
      |    ^ Duplicate Assert
  725 |
  726 |     const $input = wrapper.find('input')
  727 |     expect($input.exists()).toBe(true)"
/home/gabriel/Disk/Research/research-javascript-test-smells/repositories/bootstrap-vue-dev/src/components/form-tags/form-tags.spec.js,Duplicate Assert,"{'line': 724, 'column': 4, 'index': 25078}","  722 |     expect(wrapper.vm.tags).toEqual(['apple', 'orange'])
  723 |     expect(wrapper.vm.newTag).toEqual('')
> 724 |     expect(wrapper.classes()).not.toContain('focus')
      |    ^ Duplicate Assert
  725 |
  726 |     const $input = wrapper.find('input')
  727 |     expect($input.exists()).toBe(true)"
/home/gabriel/Disk/Research/research-javascript-test-smells/repositories/bootstrap-vue-dev/src/components/form-tags/form-tags.spec.js,Duplicate Assert,"{'line': 729, 'column': 4, 'index': 25254}","  727 |     expect($input.exists()).toBe(true)
  728 |     expect($input.element.value).toBe('')
> 729 |     expect(document.activeElement).not.toBe($input.element)
      |    ^ Duplicate Assert
  730 |
  731 |     await wrapper.trigger('click')
  732 |     expect(document.activeElement).toBe($input.element)"
/home/gabriel/Disk/Research/research-javascript-test-smells/repositories/bootstrap-vue-dev/src/components/form-tags/form-tags.spec.js,Duplicate Assert,"{'line': 729, 'column': 4, 'index': 25254}","  727 |     expect($input.exists()).toBe(true)
  728 |     expect($input.element.value).toBe('')
> 729 |     expect(document.activeElement).not.toBe($input.element)
      |    ^ Duplicate Assert
  730 |
  731 |     await wrapper.trigger('click')
  732 |     expect(document.activeElement).toBe($input.element)"
/home/gabriel/Disk/Research/research-javascript-test-smells/repositories/bootstrap-vue-dev/src/components/form-tags/form-tags.spec.js,Duplicate Assert,"{'line': 732, 'column': 4, 'index': 25350}","  730 |
  731 |     await wrapper.trigger('click')
> 732 |     expect(document.activeElement).toBe($input.element)
      |    ^ Duplicate Assert
  733 |     await $input.trigger('focusin')
  734 |     expect(wrapper.classes()).toContain('focus')
  735 |"
/home/gabriel/Disk/Research/research-javascript-test-smells/repositories/bootstrap-vue-dev/src/components/form-tags/form-tags.spec.js,Duplicate Assert,"{'line': 732, 'column': 4, 'index': 25350}","  730 |
  731 |     await wrapper.trigger('click')
> 732 |     expect(document.activeElement).toBe($input.element)
      |    ^ Duplicate Assert
  733 |     await $input.trigger('focusin')
  734 |     expect(wrapper.classes()).toContain('focus')
  735 |"
/home/gabriel/Disk/Research/research-javascript-test-smells/repositories/bootstrap-vue-dev/src/components/form-tags/form-tags.spec.js,Duplicate Assert,"{'line': 734, 'column': 4, 'index': 25442}","  732 |     expect(document.activeElement).toBe($input.element)
  733 |     await $input.trigger('focusin')
> 734 |     expect(wrapper.classes()).toContain('focus')
      |    ^ Duplicate Assert
  735 |
  736 |     $input.element.blur()
  737 |     await waitNT(wrapper.vm)"
/home/gabriel/Disk/Research/research-javascript-test-smells/repositories/bootstrap-vue-dev/src/components/form-tags/form-tags.spec.js,Duplicate Assert,"{'line': 734, 'column': 4, 'index': 25442}","  732 |     expect(document.activeElement).toBe($input.element)
  733 |     await $input.trigger('focusin')
> 734 |     expect(wrapper.classes()).toContain('focus')
      |    ^ Duplicate Assert
  735 |
  736 |     $input.element.blur()
  737 |     await waitNT(wrapper.vm)"
/home/gabriel/Disk/Research/research-javascript-test-smells/repositories/bootstrap-vue-dev/src/components/form-tags/form-tags.spec.js,Duplicate Assert,"{'line': 739, 'column': 4, 'index': 25567}","  737 |     await waitNT(wrapper.vm)
  738 |     await waitRAF()
> 739 |     expect(document.activeElement).not.toBe($input.element)
      |    ^ Duplicate Assert
  740 |     await $input.trigger('focusout')
  741 |     expect(wrapper.classes()).not.toContain('focus')
  742 |"
/home/gabriel/Disk/Research/research-javascript-test-smells/repositories/bootstrap-vue-dev/src/components/form-tags/form-tags.spec.js,Duplicate Assert,"{'line': 739, 'column': 4, 'index': 25567}","  737 |     await waitNT(wrapper.vm)
  738 |     await waitRAF()
> 739 |     expect(document.activeElement).not.toBe($input.element)
      |    ^ Duplicate Assert
  740 |     await $input.trigger('focusout')
  741 |     expect(wrapper.classes()).not.toContain('focus')
  742 |"
/home/gabriel/Disk/Research/research-javascript-test-smells/repositories/bootstrap-vue-dev/src/components/form-tags/form-tags.spec.js,Duplicate Assert,"{'line': 741, 'column': 4, 'index': 25664}","  739 |     expect(document.activeElement).not.toBe($input.element)
  740 |     await $input.trigger('focusout')
> 741 |     expect(wrapper.classes()).not.toContain('focus')
      |    ^ Duplicate Assert
  742 |
  743 |     wrapper.vm.focus()
  744 |     await waitNT(wrapper.vm)"
/home/gabriel/Disk/Research/research-javascript-test-smells/repositories/bootstrap-vue-dev/src/components/form-tags/form-tags.spec.js,Duplicate Assert,"{'line': 741, 'column': 4, 'index': 25664}","  739 |     expect(document.activeElement).not.toBe($input.element)
  740 |     await $input.trigger('focusout')
> 741 |     expect(wrapper.classes()).not.toContain('focus')
      |    ^ Duplicate Assert
  742 |
  743 |     wrapper.vm.focus()
  744 |     await waitNT(wrapper.vm)"
/home/gabriel/Disk/Research/research-javascript-test-smells/repositories/bootstrap-vue-dev/src/components/form-tags/form-tags.spec.js,Duplicate Assert,"{'line': 746, 'column': 4, 'index': 25790}","  744 |     await waitNT(wrapper.vm)
  745 |     await waitRAF()
> 746 |     expect(document.activeElement).toBe($input.element)
      |    ^ Duplicate Assert
  747 |     await $input.trigger('focusin')
  748 |     expect(wrapper.classes()).toContain('focus')
  749 |"
/home/gabriel/Disk/Research/research-javascript-test-smells/repositories/bootstrap-vue-dev/src/components/form-tags/form-tags.spec.js,Duplicate Assert,"{'line': 746, 'column': 4, 'index': 25790}","  744 |     await waitNT(wrapper.vm)
  745 |     await waitRAF()
> 746 |     expect(document.activeElement).toBe($input.element)
      |    ^ Duplicate Assert
  747 |     await $input.trigger('focusin')
  748 |     expect(wrapper.classes()).toContain('focus')
  749 |"
/home/gabriel/Disk/Research/research-javascript-test-smells/repositories/bootstrap-vue-dev/src/components/form-tags/form-tags.spec.js,Duplicate Assert,"{'line': 748, 'column': 4, 'index': 25882}","  746 |     expect(document.activeElement).toBe($input.element)
  747 |     await $input.trigger('focusin')
> 748 |     expect(wrapper.classes()).toContain('focus')
      |    ^ Duplicate Assert
  749 |
  750 |     wrapper.vm.blur()
  751 |     await waitNT(wrapper.vm)"
/home/gabriel/Disk/Research/research-javascript-test-smells/repositories/bootstrap-vue-dev/src/components/form-tags/form-tags.spec.js,Duplicate Assert,"{'line': 748, 'column': 4, 'index': 25882}","  746 |     expect(document.activeElement).toBe($input.element)
  747 |     await $input.trigger('focusin')
> 748 |     expect(wrapper.classes()).toContain('focus')
      |    ^ Duplicate Assert
  749 |
  750 |     wrapper.vm.blur()
  751 |     await waitNT(wrapper.vm)"
/home/gabriel/Disk/Research/research-javascript-test-smells/repositories/bootstrap-vue-dev/src/components/form-tags/form-tags.spec.js,Duplicate Assert,"{'line': 753, 'column': 4, 'index': 26003}","  751 |     await waitNT(wrapper.vm)
  752 |     await waitRAF()
> 753 |     expect(document.activeElement).not.toBe($input.element)
      |    ^ Duplicate Assert
  754 |     await $input.trigger('focusout')
  755 |     expect(wrapper.classes()).not.toContain('focus')
  756 |"
/home/gabriel/Disk/Research/research-javascript-test-smells/repositories/bootstrap-vue-dev/src/components/form-tags/form-tags.spec.js,Duplicate Assert,"{'line': 753, 'column': 4, 'index': 26003}","  751 |     await waitNT(wrapper.vm)
  752 |     await waitRAF()
> 753 |     expect(document.activeElement).not.toBe($input.element)
      |    ^ Duplicate Assert
  754 |     await $input.trigger('focusout')
  755 |     expect(wrapper.classes()).not.toContain('focus')
  756 |"
/home/gabriel/Disk/Research/research-javascript-test-smells/repositories/bootstrap-vue-dev/src/components/form-tags/form-tags.spec.js,Duplicate Assert,"{'line': 755, 'column': 4, 'index': 26100}","  753 |     expect(document.activeElement).not.toBe($input.element)
  754 |     await $input.trigger('focusout')
> 755 |     expect(wrapper.classes()).not.toContain('focus')
      |    ^ Duplicate Assert
  756 |
  757 |     wrapper.destroy()
  758 |   })"
/home/gabriel/Disk/Research/research-javascript-test-smells/repositories/bootstrap-vue-dev/src/components/form-tags/form-tags.spec.js,Duplicate Assert,"{'line': 755, 'column': 4, 'index': 26100}","  753 |     expect(document.activeElement).not.toBe($input.element)
  754 |     await $input.trigger('focusout')
> 755 |     expect(wrapper.classes()).not.toContain('focus')
      |    ^ Duplicate Assert
  756 |
  757 |     wrapper.destroy()
  758 |   })"
/home/gabriel/Disk/Research/research-javascript-test-smells/repositories/bootstrap-vue-dev/src/components/form-tags/form-tags.spec.js,Duplicate Assert,"{'line': 775, 'column': 4, 'index': 26582}","  773 |     expect(wrapper.vm.tags).toEqual(['apple', 'orange'])
  774 |     expect(wrapper.vm.newTag).toEqual('')
> 775 |     expect(wrapper.classes()).toContain('focus')
      |    ^ Duplicate Assert
  776 |
  777 |     const $input = wrapper.find('input')
  778 |     expect($input.exists()).toBe(true)"
/home/gabriel/Disk/Research/research-javascript-test-smells/repositories/bootstrap-vue-dev/src/components/form-tags/form-tags.spec.js,Duplicate Assert,"{'line': 780, 'column': 4, 'index': 26754}","  778 |     expect($input.exists()).toBe(true)
  779 |     expect($input.element.value).toBe('')
> 780 |     expect(document.activeElement).toBe($input.element)
      |    ^ Duplicate Assert
  781 |
  782 |     wrapper.vm.blur()
  783 |     await waitNT(wrapper.vm)"
/home/gabriel/Disk/Research/research-javascript-test-smells/repositories/bootstrap-vue-dev/src/components/form-tags/form-tags.spec.js,Duplicate Assert,"{'line': 785, 'column': 4, 'index': 26882}","  783 |     await waitNT(wrapper.vm)
  784 |     await waitRAF()
> 785 |     expect(wrapper.classes()).not.toContain('focus')
      |    ^ Duplicate Assert
  786 |     expect(document.activeElement).not.toBe($input.element)
  787 |
  788 |     wrapper.destroy()"
/home/gabriel/Disk/Research/research-javascript-test-smells/repositories/bootstrap-vue-dev/src/components/form-tags/form-tags.spec.js,Duplicate Assert,"{'line': 786, 'column': 4, 'index': 26935}","  784 |     await waitRAF()
  785 |     expect(wrapper.classes()).not.toContain('focus')
> 786 |     expect(document.activeElement).not.toBe($input.element)
      |    ^ Duplicate Assert
  787 |
  788 |     wrapper.destroy()
  789 |   })"
/home/gabriel/Disk/Research/research-javascript-test-smells/repositories/bootstrap-vue-dev/src/components/form-tags/form-tags.spec.js,Duplicate Assert,"{'line': 800, 'column': 4, 'index': 27240}","  798 |
  799 |     expect(wrapper.element.tagName).toBe('DIV')
> 800 |     expect(wrapper.vm.tags).toEqual(['apple', 'orange'])
      |    ^ Duplicate Assert
  801 |     expect(wrapper.vm.newTag).toEqual('')
  802 |
  803 |     const $input = wrapper.find('input')"
/home/gabriel/Disk/Research/research-javascript-test-smells/repositories/bootstrap-vue-dev/src/components/form-tags/form-tags.spec.js,Duplicate Assert,"{'line': 800, 'column': 4, 'index': 27240}","  798 |
  799 |     expect(wrapper.element.tagName).toBe('DIV')
> 800 |     expect(wrapper.vm.tags).toEqual(['apple', 'orange'])
      |    ^ Duplicate Assert
  801 |     expect(wrapper.vm.newTag).toEqual('')
  802 |
  803 |     const $input = wrapper.find('input')"
/home/gabriel/Disk/Research/research-javascript-test-smells/repositories/bootstrap-vue-dev/src/components/form-tags/form-tags.spec.js,Duplicate Assert,"{'line': 801, 'column': 4, 'index': 27297}","  799 |     expect(wrapper.element.tagName).toBe('DIV')
  800 |     expect(wrapper.vm.tags).toEqual(['apple', 'orange'])
> 801 |     expect(wrapper.vm.newTag).toEqual('')
      |    ^ Duplicate Assert
  802 |
  803 |     const $input = wrapper.find('input')
  804 |     expect($input.exists()).toBe(true)"
/home/gabriel/Disk/Research/research-javascript-test-smells/repositories/bootstrap-vue-dev/src/components/form-tags/form-tags.spec.js,Duplicate Assert,"{'line': 801, 'column': 4, 'index': 27297}","  799 |     expect(wrapper.element.tagName).toBe('DIV')
  800 |     expect(wrapper.vm.tags).toEqual(['apple', 'orange'])
> 801 |     expect(wrapper.vm.newTag).toEqual('')
      |    ^ Duplicate Assert
  802 |
  803 |     const $input = wrapper.find('input')
  804 |     expect($input.exists()).toBe(true)"
/home/gabriel/Disk/Research/research-javascript-test-smells/repositories/bootstrap-vue-dev/src/components/form-tags/form-tags.spec.js,Duplicate Assert,"{'line': 809, 'column': 4, 'index': 27565}","  807 |     const $button = wrapper.find('button.b-form-tags-button')
  808 |     expect($button.exists()).toBe(true)
> 809 |     expect($button.classes()).toContain('invisible')
      |    ^ Duplicate Assert
  810 |
  811 |     expect(wrapper.find('small.form-text').exists()).toBe(false)
  812 |"
/home/gabriel/Disk/Research/research-javascript-test-smells/repositories/bootstrap-vue-dev/src/components/form-tags/form-tags.spec.js,Duplicate Assert,"{'line': 809, 'column': 4, 'index': 27565}","  807 |     const $button = wrapper.find('button.b-form-tags-button')
  808 |     expect($button.exists()).toBe(true)
> 809 |     expect($button.classes()).toContain('invisible')
      |    ^ Duplicate Assert
  810 |
  811 |     expect(wrapper.find('small.form-text').exists()).toBe(false)
  812 |"
/home/gabriel/Disk/Research/research-javascript-test-smells/repositories/bootstrap-vue-dev/src/components/form-tags/form-tags.spec.js,Duplicate Assert,"{'line': 816, 'column': 4, 'index': 27772}","  814 |     $input.element.value = 'pear'
  815 |     await $input.trigger('input')
> 816 |     expect(wrapper.vm.newTag).toEqual('pear')
      |    ^ Duplicate Assert
  817 |     expect(wrapper.vm.tags).toEqual(['apple', 'orange'])
  818 |     expect($button.classes()).not.toContain('invisible')
  819 |"
/home/gabriel/Disk/Research/research-javascript-test-smells/repositories/bootstrap-vue-dev/src/components/form-tags/form-tags.spec.js,Duplicate Assert,"{'line': 817, 'column': 4, 'index': 27818}","  815 |     await $input.trigger('input')
  816 |     expect(wrapper.vm.newTag).toEqual('pear')
> 817 |     expect(wrapper.vm.tags).toEqual(['apple', 'orange'])
      |    ^ Duplicate Assert
  818 |     expect($button.classes()).not.toContain('invisible')
  819 |
  820 |     await $button.trigger('click')"
/home/gabriel/Disk/Research/research-javascript-test-smells/repositories/bootstrap-vue-dev/src/components/form-tags/form-tags.spec.js,Duplicate Assert,"{'line': 817, 'column': 4, 'index': 27818}","  815 |     await $input.trigger('input')
  816 |     expect(wrapper.vm.newTag).toEqual('pear')
> 817 |     expect(wrapper.vm.tags).toEqual(['apple', 'orange'])
      |    ^ Duplicate Assert
  818 |     expect($button.classes()).not.toContain('invisible')
  819 |
  820 |     await $button.trigger('click')"
/home/gabriel/Disk/Research/research-javascript-test-smells/repositories/bootstrap-vue-dev/src/components/form-tags/form-tags.spec.js,Duplicate Assert,"{'line': 818, 'column': 4, 'index': 27875}","  816 |     expect(wrapper.vm.newTag).toEqual('pear')
  817 |     expect(wrapper.vm.tags).toEqual(['apple', 'orange'])
> 818 |     expect($button.classes()).not.toContain('invisible')
      |    ^ Duplicate Assert
  819 |
  820 |     await $button.trigger('click')
  821 |     expect($button.classes()).toContain('invisible')"
/home/gabriel/Disk/Research/research-javascript-test-smells/repositories/bootstrap-vue-dev/src/components/form-tags/form-tags.spec.js,Duplicate Assert,"{'line': 818, 'column': 4, 'index': 27875}","  816 |     expect(wrapper.vm.newTag).toEqual('pear')
  817 |     expect(wrapper.vm.tags).toEqual(['apple', 'orange'])
> 818 |     expect($button.classes()).not.toContain('invisible')
      |    ^ Duplicate Assert
  819 |
  820 |     await $button.trigger('click')
  821 |     expect($button.classes()).toContain('invisible')"
/home/gabriel/Disk/Research/research-javascript-test-smells/repositories/bootstrap-vue-dev/src/components/form-tags/form-tags.spec.js,Duplicate Assert,"{'line': 821, 'column': 4, 'index': 27968}","  819 |
  820 |     await $button.trigger('click')
> 821 |     expect($button.classes()).toContain('invisible')
      |    ^ Duplicate Assert
  822 |     expect(wrapper.vm.newTag).toEqual('')
  823 |     expect(wrapper.vm.tags).toEqual(['apple', 'orange', 'pear'])
  824 |"
/home/gabriel/Disk/Research/research-javascript-test-smells/repositories/bootstrap-vue-dev/src/components/form-tags/form-tags.spec.js,Duplicate Assert,"{'line': 821, 'column': 4, 'index': 27968}","  819 |
  820 |     await $button.trigger('click')
> 821 |     expect($button.classes()).toContain('invisible')
      |    ^ Duplicate Assert
  822 |     expect(wrapper.vm.newTag).toEqual('')
  823 |     expect(wrapper.vm.tags).toEqual(['apple', 'orange', 'pear'])
  824 |"
/home/gabriel/Disk/Research/research-javascript-test-smells/repositories/bootstrap-vue-dev/src/components/form-tags/form-tags.spec.js,Duplicate Assert,"{'line': 822, 'column': 4, 'index': 28021}","  820 |     await $button.trigger('click')
  821 |     expect($button.classes()).toContain('invisible')
> 822 |     expect(wrapper.vm.newTag).toEqual('')
      |    ^ Duplicate Assert
  823 |     expect(wrapper.vm.tags).toEqual(['apple', 'orange', 'pear'])
  824 |
  825 |     const $feedback = wrapper.find('small.form-text')"
/home/gabriel/Disk/Research/research-javascript-test-smells/repositories/bootstrap-vue-dev/src/components/form-tags/form-tags.spec.js,Duplicate Assert,"{'line': 822, 'column': 4, 'index': 28021}","  820 |     await $button.trigger('click')
  821 |     expect($button.classes()).toContain('invisible')
> 822 |     expect(wrapper.vm.newTag).toEqual('')
      |    ^ Duplicate Assert
  823 |     expect(wrapper.vm.tags).toEqual(['apple', 'orange', 'pear'])
  824 |
  825 |     const $feedback = wrapper.find('small.form-text')"
/home/gabriel/Disk/Research/research-javascript-test-smells/repositories/bootstrap-vue-dev/src/components/form-tags/form-tags.spec.js,Duplicate Assert,"{'line': 823, 'column': 4, 'index': 28063}","  821 |     expect($button.classes()).toContain('invisible')
  822 |     expect(wrapper.vm.newTag).toEqual('')
> 823 |     expect(wrapper.vm.tags).toEqual(['apple', 'orange', 'pear'])
      |    ^ Duplicate Assert
  824 |
  825 |     const $feedback = wrapper.find('small.form-text')
  826 |     expect($feedback.exists()).toBe(true)"
/home/gabriel/Disk/Research/research-javascript-test-smells/repositories/bootstrap-vue-dev/src/components/form-tags/form-tags.spec.js,Duplicate Assert,"{'line': 823, 'column': 4, 'index': 28063}","  821 |     expect($button.classes()).toContain('invisible')
  822 |     expect(wrapper.vm.newTag).toEqual('')
> 823 |     expect(wrapper.vm.tags).toEqual(['apple', 'orange', 'pear'])
      |    ^ Duplicate Assert
  824 |
  825 |     const $feedback = wrapper.find('small.form-text')
  826 |     expect($feedback.exists()).toBe(true)"
/home/gabriel/Disk/Research/research-javascript-test-smells/repositories/bootstrap-vue-dev/src/components/form-tags/form-tags.spec.js,Duplicate Assert,"{'line': 826, 'column': 4, 'index': 28183}","  824 |
  825 |     const $feedback = wrapper.find('small.form-text')
> 826 |     expect($feedback.exists()).toBe(true)
      |    ^ Duplicate Assert
  827 |     expect($feedback.text()).toContain('Tag limit reached')
  828 |
  829 |     // Attempt to add new tag"
/home/gabriel/Disk/Research/research-javascript-test-smells/repositories/bootstrap-vue-dev/src/components/form-tags/form-tags.spec.js,Duplicate Assert,"{'line': 826, 'column': 4, 'index': 28183}","  824 |
  825 |     const $feedback = wrapper.find('small.form-text')
> 826 |     expect($feedback.exists()).toBe(true)
      |    ^ Duplicate Assert
  827 |     expect($feedback.text()).toContain('Tag limit reached')
  828 |
  829 |     // Attempt to add new tag"
/home/gabriel/Disk/Research/research-javascript-test-smells/repositories/bootstrap-vue-dev/src/components/form-tags/form-tags.spec.js,Duplicate Assert,"{'line': 827, 'column': 4, 'index': 28225}","  825 |     const $feedback = wrapper.find('small.form-text')
  826 |     expect($feedback.exists()).toBe(true)
> 827 |     expect($feedback.text()).toContain('Tag limit reached')
      |    ^ Duplicate Assert
  828 |
  829 |     // Attempt to add new tag
  830 |     $input.element.value = 'lemon'"
/home/gabriel/Disk/Research/research-javascript-test-smells/repositories/bootstrap-vue-dev/src/components/form-tags/form-tags.spec.js,Duplicate Assert,"{'line': 827, 'column': 4, 'index': 28225}","  825 |     const $feedback = wrapper.find('small.form-text')
  826 |     expect($feedback.exists()).toBe(true)
> 827 |     expect($feedback.text()).toContain('Tag limit reached')
      |    ^ Duplicate Assert
  828 |
  829 |     // Attempt to add new tag
  830 |     $input.element.value = 'lemon'"
/home/gabriel/Disk/Research/research-javascript-test-smells/repositories/bootstrap-vue-dev/src/components/form-tags/form-tags.spec.js,Duplicate Assert,"{'line': 832, 'column': 4, 'index': 28385}","  830 |     $input.element.value = 'lemon'
  831 |     await $input.trigger('input')
> 832 |     expect(wrapper.vm.newTag).toEqual('lemon')
      |    ^ Duplicate Assert
  833 |     expect(wrapper.vm.tags).toEqual(['apple', 'orange', 'pear'])
  834 |     expect($button.classes()).not.toContain('invisible')
  835 |"
/home/gabriel/Disk/Research/research-javascript-test-smells/repositories/bootstrap-vue-dev/src/components/form-tags/form-tags.spec.js,Duplicate Assert,"{'line': 832, 'column': 4, 'index': 28385}","  830 |     $input.element.value = 'lemon'
  831 |     await $input.trigger('input')
> 832 |     expect(wrapper.vm.newTag).toEqual('lemon')
      |    ^ Duplicate Assert
  833 |     expect(wrapper.vm.tags).toEqual(['apple', 'orange', 'pear'])
  834 |     expect($button.classes()).not.toContain('invisible')
  835 |"
/home/gabriel/Disk/Research/research-javascript-test-smells/repositories/bootstrap-vue-dev/src/components/form-tags/form-tags.spec.js,Duplicate Assert,"{'line': 833, 'column': 4, 'index': 28432}","  831 |     await $input.trigger('input')
  832 |     expect(wrapper.vm.newTag).toEqual('lemon')
> 833 |     expect(wrapper.vm.tags).toEqual(['apple', 'orange', 'pear'])
      |    ^ Duplicate Assert
  834 |     expect($button.classes()).not.toContain('invisible')
  835 |
  836 |     await $button.trigger('click')"
/home/gabriel/Disk/Research/research-javascript-test-smells/repositories/bootstrap-vue-dev/src/components/form-tags/form-tags.spec.js,Duplicate Assert,"{'line': 833, 'column': 4, 'index': 28432}","  831 |     await $input.trigger('input')
  832 |     expect(wrapper.vm.newTag).toEqual('lemon')
> 833 |     expect(wrapper.vm.tags).toEqual(['apple', 'orange', 'pear'])
      |    ^ Duplicate Assert
  834 |     expect($button.classes()).not.toContain('invisible')
  835 |
  836 |     await $button.trigger('click')"
/home/gabriel/Disk/Research/research-javascript-test-smells/repositories/bootstrap-vue-dev/src/components/form-tags/form-tags.spec.js,Duplicate Assert,"{'line': 834, 'column': 4, 'index': 28497}","  832 |     expect(wrapper.vm.newTag).toEqual('lemon')
  833 |     expect(wrapper.vm.tags).toEqual(['apple', 'orange', 'pear'])
> 834 |     expect($button.classes()).not.toContain('invisible')
      |    ^ Duplicate Assert
  835 |
  836 |     await $button.trigger('click')
  837 |     expect($button.classes()).not.toContain('invisible')"
/home/gabriel/Disk/Research/research-javascript-test-smells/repositories/bootstrap-vue-dev/src/components/form-tags/form-tags.spec.js,Duplicate Assert,"{'line': 834, 'column': 4, 'index': 28497}","  832 |     expect(wrapper.vm.newTag).toEqual('lemon')
  833 |     expect(wrapper.vm.tags).toEqual(['apple', 'orange', 'pear'])
> 834 |     expect($button.classes()).not.toContain('invisible')
      |    ^ Duplicate Assert
  835 |
  836 |     await $button.trigger('click')
  837 |     expect($button.classes()).not.toContain('invisible')"
/home/gabriel/Disk/Research/research-javascript-test-smells/repositories/bootstrap-vue-dev/src/components/form-tags/form-tags.spec.js,Duplicate Assert,"{'line': 837, 'column': 4, 'index': 28590}","  835 |
  836 |     await $button.trigger('click')
> 837 |     expect($button.classes()).not.toContain('invisible')
      |    ^ Duplicate Assert
  838 |     expect(wrapper.vm.newTag).toEqual('lemon')
  839 |     expect(wrapper.vm.tags).toEqual(['apple', 'orange', 'pear'])
  840 |     expect($feedback.exists()).toBe(true)"
/home/gabriel/Disk/Research/research-javascript-test-smells/repositories/bootstrap-vue-dev/src/components/form-tags/form-tags.spec.js,Duplicate Assert,"{'line': 837, 'column': 4, 'index': 28590}","  835 |
  836 |     await $button.trigger('click')
> 837 |     expect($button.classes()).not.toContain('invisible')
      |    ^ Duplicate Assert
  838 |     expect(wrapper.vm.newTag).toEqual('lemon')
  839 |     expect(wrapper.vm.tags).toEqual(['apple', 'orange', 'pear'])
  840 |     expect($feedback.exists()).toBe(true)"
/home/gabriel/Disk/Research/research-javascript-test-smells/repositories/bootstrap-vue-dev/src/components/form-tags/form-tags.spec.js,Duplicate Assert,"{'line': 838, 'column': 4, 'index': 28647}","  836 |     await $button.trigger('click')
  837 |     expect($button.classes()).not.toContain('invisible')
> 838 |     expect(wrapper.vm.newTag).toEqual('lemon')
      |    ^ Duplicate Assert
  839 |     expect(wrapper.vm.tags).toEqual(['apple', 'orange', 'pear'])
  840 |     expect($feedback.exists()).toBe(true)
  841 |     expect($feedback.text()).toContain('Tag limit reached')"
/home/gabriel/Disk/Research/research-javascript-test-smells/repositories/bootstrap-vue-dev/src/components/form-tags/form-tags.spec.js,Duplicate Assert,"{'line': 838, 'column': 4, 'index': 28647}","  836 |     await $button.trigger('click')
  837 |     expect($button.classes()).not.toContain('invisible')
> 838 |     expect(wrapper.vm.newTag).toEqual('lemon')
      |    ^ Duplicate Assert
  839 |     expect(wrapper.vm.tags).toEqual(['apple', 'orange', 'pear'])
  840 |     expect($feedback.exists()).toBe(true)
  841 |     expect($feedback.text()).toContain('Tag limit reached')"
/home/gabriel/Disk/Research/research-javascript-test-smells/repositories/bootstrap-vue-dev/src/components/form-tags/form-tags.spec.js,Duplicate Assert,"{'line': 839, 'column': 4, 'index': 28694}","  837 |     expect($button.classes()).not.toContain('invisible')
  838 |     expect(wrapper.vm.newTag).toEqual('lemon')
> 839 |     expect(wrapper.vm.tags).toEqual(['apple', 'orange', 'pear'])
      |    ^ Duplicate Assert
  840 |     expect($feedback.exists()).toBe(true)
  841 |     expect($feedback.text()).toContain('Tag limit reached')
  842 |"
/home/gabriel/Disk/Research/research-javascript-test-smells/repositories/bootstrap-vue-dev/src/components/form-tags/form-tags.spec.js,Duplicate Assert,"{'line': 839, 'column': 4, 'index': 28694}","  837 |     expect($button.classes()).not.toContain('invisible')
  838 |     expect(wrapper.vm.newTag).toEqual('lemon')
> 839 |     expect(wrapper.vm.tags).toEqual(['apple', 'orange', 'pear'])
      |    ^ Duplicate Assert
  840 |     expect($feedback.exists()).toBe(true)
  841 |     expect($feedback.text()).toContain('Tag limit reached')
  842 |"
/home/gabriel/Disk/Research/research-javascript-test-smells/repositories/bootstrap-vue-dev/src/components/form-tags/form-tags.spec.js,Duplicate Assert,"{'line': 840, 'column': 4, 'index': 28759}","  838 |     expect(wrapper.vm.newTag).toEqual('lemon')
  839 |     expect(wrapper.vm.tags).toEqual(['apple', 'orange', 'pear'])
> 840 |     expect($feedback.exists()).toBe(true)
      |    ^ Duplicate Assert
  841 |     expect($feedback.text()).toContain('Tag limit reached')
  842 |
  843 |     wrapper.destroy()"
/home/gabriel/Disk/Research/research-javascript-test-smells/repositories/bootstrap-vue-dev/src/components/form-tags/form-tags.spec.js,Duplicate Assert,"{'line': 840, 'column': 4, 'index': 28759}","  838 |     expect(wrapper.vm.newTag).toEqual('lemon')
  839 |     expect(wrapper.vm.tags).toEqual(['apple', 'orange', 'pear'])
> 840 |     expect($feedback.exists()).toBe(true)
      |    ^ Duplicate Assert
  841 |     expect($feedback.text()).toContain('Tag limit reached')
  842 |
  843 |     wrapper.destroy()"
/home/gabriel/Disk/Research/research-javascript-test-smells/repositories/bootstrap-vue-dev/src/components/form-tags/form-tags.spec.js,Duplicate Assert,"{'line': 841, 'column': 4, 'index': 28801}","  839 |     expect(wrapper.vm.tags).toEqual(['apple', 'orange', 'pear'])
  840 |     expect($feedback.exists()).toBe(true)
> 841 |     expect($feedback.text()).toContain('Tag limit reached')
      |    ^ Duplicate Assert
  842 |
  843 |     wrapper.destroy()
  844 |   })"
/home/gabriel/Disk/Research/research-javascript-test-smells/repositories/bootstrap-vue-dev/src/components/form-tags/form-tags.spec.js,Duplicate Assert,"{'line': 841, 'column': 4, 'index': 28801}","  839 |     expect(wrapper.vm.tags).toEqual(['apple', 'orange', 'pear'])
  840 |     expect($feedback.exists()).toBe(true)
> 841 |     expect($feedback.text()).toContain('Tag limit reached')
      |    ^ Duplicate Assert
  842 |
  843 |     wrapper.destroy()
  844 |   })"
/home/gabriel/Disk/Research/research-javascript-test-smells/repositories/bootstrap-vue-dev/src/components/form-tags/form-tags.spec.js,Duplicate Assert,"{'line': 860, 'column': 4, 'index': 29243}","  858 |     })
  859 |
> 860 |     expect(onFocus).not.toHaveBeenCalled()
      |    ^ Duplicate Assert
  861 |     expect(onBlur).not.toHaveBeenCalled()
  862 |
  863 |     const $input = wrapper.find('input')"
/home/gabriel/Disk/Research/research-javascript-test-smells/repositories/bootstrap-vue-dev/src/components/form-tags/form-tags.spec.js,Duplicate Assert,"{'line': 861, 'column': 4, 'index': 29286}","  859 |
  860 |     expect(onFocus).not.toHaveBeenCalled()
> 861 |     expect(onBlur).not.toHaveBeenCalled()
      |    ^ Duplicate Assert
  862 |
  863 |     const $input = wrapper.find('input')
  864 |     expect(typeof wrapper.vm.$listeners.focus).toBe('function')"
/home/gabriel/Disk/Research/research-javascript-test-smells/repositories/bootstrap-vue-dev/src/components/form-tags/form-tags.spec.js,Duplicate Assert,"{'line': 861, 'column': 4, 'index': 29286}","  859 |
  860 |     expect(onFocus).not.toHaveBeenCalled()
> 861 |     expect(onBlur).not.toHaveBeenCalled()
      |    ^ Duplicate Assert
  862 |
  863 |     const $input = wrapper.find('input')
  864 |     expect(typeof wrapper.vm.$listeners.focus).toBe('function')"
/home/gabriel/Disk/Research/research-javascript-test-smells/repositories/bootstrap-vue-dev/src/components/form-tags/form-tags.spec.js,Duplicate Assert,"{'line': 872, 'column': 4, 'index': 29544}","  870 |     await waitRAF()
  871 |
> 872 |     expect(onFocus).toHaveBeenCalled()
      |    ^ Duplicate Assert
  873 |     expect(onBlur).not.toHaveBeenCalled()
  874 |
  875 |     $input.trigger('blur')"
/home/gabriel/Disk/Research/research-javascript-test-smells/repositories/bootstrap-vue-dev/src/components/form-tags/form-tags.spec.js,Duplicate Assert,"{'line': 873, 'column': 4, 'index': 29583}","  871 |
  872 |     expect(onFocus).toHaveBeenCalled()
> 873 |     expect(onBlur).not.toHaveBeenCalled()
      |    ^ Duplicate Assert
  874 |
  875 |     $input.trigger('blur')
  876 |     $input.trigger('focusout')"
/home/gabriel/Disk/Research/research-javascript-test-smells/repositories/bootstrap-vue-dev/src/components/form-tags/form-tags.spec.js,Duplicate Assert,"{'line': 873, 'column': 4, 'index': 29583}","  871 |
  872 |     expect(onFocus).toHaveBeenCalled()
> 873 |     expect(onBlur).not.toHaveBeenCalled()
      |    ^ Duplicate Assert
  874 |
  875 |     $input.trigger('blur')
  876 |     $input.trigger('focusout')"
/home/gabriel/Disk/Research/research-javascript-test-smells/repositories/bootstrap-vue-dev/src/components/form-tags/form-tags.spec.js,Duplicate Assert,"{'line': 880, 'column': 4, 'index': 29734}","  878 |     await waitRAF()
  879 |
> 880 |     expect(onBlur).toHaveBeenCalled()
      |    ^ Duplicate Assert
  881 |
  882 |     wrapper.destroy()
  883 |   })"
/home/gabriel/Disk/Research/research-javascript-test-smells/repositories/bootstrap-vue-dev/src/components/form-tags/form-tags.spec.js,Duplicate Assert,"{'line': 898, 'column': 4, 'index': 30137}","  896 |     })
  897 |
> 898 |     expect(onFocusIn).not.toHaveBeenCalled()
      |    ^ Duplicate Assert
  899 |     expect(onFocusOut).not.toHaveBeenCalled()
  900 |
  901 |     const $input = wrapper.find('input')"
/home/gabriel/Disk/Research/research-javascript-test-smells/repositories/bootstrap-vue-dev/src/components/form-tags/form-tags.spec.js,Duplicate Assert,"{'line': 899, 'column': 4, 'index': 30182}","  897 |
  898 |     expect(onFocusIn).not.toHaveBeenCalled()
> 899 |     expect(onFocusOut).not.toHaveBeenCalled()
      |    ^ Duplicate Assert
  900 |
  901 |     const $input = wrapper.find('input')
  902 |     const $tag = wrapper.find('.b-form-tag')"
/home/gabriel/Disk/Research/research-javascript-test-smells/repositories/bootstrap-vue-dev/src/components/form-tags/form-tags.spec.js,Duplicate Assert,"{'line': 899, 'column': 4, 'index': 30182}","  897 |
  898 |     expect(onFocusIn).not.toHaveBeenCalled()
> 899 |     expect(onFocusOut).not.toHaveBeenCalled()
      |    ^ Duplicate Assert
  900 |
  901 |     const $input = wrapper.find('input')
  902 |     const $tag = wrapper.find('.b-form-tag')"
/home/gabriel/Disk/Research/research-javascript-test-smells/repositories/bootstrap-vue-dev/src/components/form-tags/form-tags.spec.js,Duplicate Assert,"{'line': 909, 'column': 4, 'index': 30397}","  907 |     await waitRAF()
  908 |
> 909 |     expect(onFocusIn).toHaveBeenCalledTimes(1)
      |    ^ Duplicate Assert
  910 |     expect(onFocusOut).not.toHaveBeenCalled()
  911 |
  912 |     $tag.trigger('focusin')"
/home/gabriel/Disk/Research/research-javascript-test-smells/repositories/bootstrap-vue-dev/src/components/form-tags/form-tags.spec.js,Duplicate Assert,"{'line': 910, 'column': 4, 'index': 30444}","  908 |
  909 |     expect(onFocusIn).toHaveBeenCalledTimes(1)
> 910 |     expect(onFocusOut).not.toHaveBeenCalled()
      |    ^ Duplicate Assert
  911 |
  912 |     $tag.trigger('focusin')
  913 |     $input.trigger('focusout')"
/home/gabriel/Disk/Research/research-javascript-test-smells/repositories/bootstrap-vue-dev/src/components/form-tags/form-tags.spec.js,Duplicate Assert,"{'line': 910, 'column': 4, 'index': 30444}","  908 |
  909 |     expect(onFocusIn).toHaveBeenCalledTimes(1)
> 910 |     expect(onFocusOut).not.toHaveBeenCalled()
      |    ^ Duplicate Assert
  911 |
  912 |     $tag.trigger('focusin')
  913 |     $input.trigger('focusout')"
/home/gabriel/Disk/Research/research-javascript-test-smells/repositories/bootstrap-vue-dev/src/components/form-tags/form-tags.spec.js,Duplicate Assert,"{'line': 917, 'column': 4, 'index': 30600}","  915 |     await waitRAF()
  916 |
> 917 |     expect(onFocusIn).toHaveBeenCalledTimes(2)
      |    ^ Duplicate Assert
  918 |     expect(onFocusOut).toHaveBeenCalledTimes(1)
  919 |   })
  920 | })"
/home/gabriel/Disk/Research/research-javascript-test-smells/repositories/bootstrap-vue-dev/src/components/form-tags/form-tags.spec.js,Duplicate Assert,"{'line': 918, 'column': 4, 'index': 30647}","  916 |
  917 |     expect(onFocusIn).toHaveBeenCalledTimes(2)
> 918 |     expect(onFocusOut).toHaveBeenCalledTimes(1)
      |    ^ Duplicate Assert
  919 |   })
  920 | })
  921 |"
/home/gabriel/Disk/Research/research-javascript-test-smells/repositories/bootstrap-vue-dev/src/components/form-tags/form-tags.spec.js,Magic Number,"{'line': 28, 'column': 30, 'index': 838}","  26 |
  27 |     const $tags = wrapper.findAll('.b-form-tag')
> 28 |     expect($tags.length).toBe(2)
     |                              ^ Magic Number
  29 |
  30 |     const $tag0 = $tags.at(0)
  31 |     expect($tag0.attributes('title')).toEqual('apple')"
/home/gabriel/Disk/Research/research-javascript-test-smells/repositories/bootstrap-vue-dev/src/components/form-tags/form-tags.spec.js,Magic Number,"{'line': 118, 'column': 32, 'index': 3597}","  116 |     await wrapper.setProps({ value: ['apple', 'orange'] })
  117 |     $hidden = wrapper.findAll('input[type=hidden]')
> 118 |     expect($hidden.length).toBe(2)
      |                                ^ Magic Number
  119 |     expect($hidden.at(0).attributes('value')).toEqual('apple')
  120 |     expect($hidden.at(0).attributes('name')).toEqual('foo')
  121 |     expect($hidden.at(1).attributes('value')).toEqual('orange')"
/home/gabriel/Disk/Research/research-javascript-test-smells/repositories/bootstrap-vue-dev/src/components/form-tags/form-tags.spec.js,Magic Number,"{'line': 212, 'column': 30, 'index': 6766}","  210 |
  211 |     const $tags = wrapper.findAll('.b-form-tag')
> 212 |     expect($tags.length).toBe(2)
      |                              ^ Magic Number
  213 |
  214 |     const $tag0 = $tags.at(0)
  215 |     expect($tag0.find('button').exists()).toBe(false)"
/home/gabriel/Disk/Research/research-javascript-test-smells/repositories/bootstrap-vue-dev/src/components/form-tags/form-tags.spec.js,Magic Number,"{'line': 235, 'column': 30, 'index': 7397}","  233 |
  234 |     let $tags = wrapper.findAll('.badge')
> 235 |     expect($tags.length).toBe(4)
      |                              ^ Magic Number
  236 |     expect($tags.at(1).attributes('title')).toEqual('orange')
  237 |
  238 |     const $btn = $tags.at(1).find('button')"
/home/gabriel/Disk/Research/research-javascript-test-smells/repositories/bootstrap-vue-dev/src/components/form-tags/form-tags.spec.js,Magic Number,"{'line': 245, 'column': 30, 'index': 7710}","  243 |
  244 |     $tags = wrapper.findAll('.badge')
> 245 |     expect($tags.length).toBe(3)
      |                              ^ Magic Number
  246 |     expect($tags.at(1).attributes('title')).toEqual('pear')
  247 |
  248 |     wrapper.destroy()"
/home/gabriel/Disk/Research/research-javascript-test-smells/repositories/bootstrap-vue-dev/src/components/form-tags/form-tags.spec.js,Magic Number,"{'line': 378, 'column': 53, 'index': 12348}","  376 |     expect(wrapper.vm.invalidTags).toEqual([])
  377 |     expect(wrapper.emitted('tag-state')).toBeDefined()
> 378 |     expect(wrapper.emitted('tag-state').length).toBe(1)
      |                                                     ^ Magic Number
  379 |     // Valid tags
  380 |     expect(wrapper.emitted('tag-state')[0][0]).toEqual(['tag'])
  381 |     // Invalid tags"
/home/gabriel/Disk/Research/research-javascript-test-smells/repositories/bootstrap-vue-dev/src/components/form-tags/form-tags.spec.js,Magic Number,"{'line': 396, 'column': 53, 'index': 13142}","  394 |     expect(wrapper.emitted('tag-state')).toBeDefined()
  395 |     // No changes to tagsState data, so no emit
> 396 |     expect(wrapper.emitted('tag-state').length).toBe(1)
      |                                                     ^ Magic Number
  397 |     expect(wrapper.find('.invalid-feedback').exists()).toBe(false)
  398 |     expect(wrapper.find('.form-text').exists()).toBe(false)
  399 |"
/home/gabriel/Disk/Research/research-javascript-test-smells/repositories/bootstrap-vue-dev/src/components/form-tags/form-tags.spec.js,Magic Number,"{'line': 408, 'column': 53, 'index': 13700}","  406 |     expect(wrapper.vm.duplicateTags).toEqual([])
  407 |     expect(wrapper.vm.invalidTags).toEqual([])
> 408 |     expect(wrapper.emitted('tag-state').length).toBe(2)
      |                                                     ^ Magic Number
  409 |     // Valid tags
  410 |     expect(wrapper.emitted('tag-state')[1][0]).toEqual(['thr'])
  411 |     // Invalid tags"
/home/gabriel/Disk/Research/research-javascript-test-smells/repositories/bootstrap-vue-dev/src/components/form-tags/form-tags.spec.js,Magic Number,"{'line': 425, 'column': 53, 'index': 14462}","  423 |     expect(wrapper.vm.duplicateTags).toEqual([])
  424 |     expect(wrapper.vm.invalidTags).toEqual([])
> 425 |     expect(wrapper.emitted('tag-state').length).toBe(3)
      |                                                     ^ Magic Number
  426 |     // Valid tags
  427 |     expect(wrapper.emitted('tag-state')[2][0]).toEqual(['thre'])
  428 |     // Invalid tags"
/home/gabriel/Disk/Research/research-javascript-test-smells/repositories/bootstrap-vue-dev/src/components/form-tags/form-tags.spec.js,Magic Number,"{'line': 442, 'column': 53, 'index': 15251}","  440 |     expect(wrapper.vm.duplicateTags).toEqual([])
  441 |     expect(wrapper.vm.invalidTags).toEqual(['three'])
> 442 |     expect(wrapper.emitted('tag-state').length).toBe(4)
      |                                                     ^ Magic Number
  443 |     // Valid tags
  444 |     expect(wrapper.emitted('tag-state')[3][0]).toEqual([])
  445 |     // Invalid tags"
/home/gabriel/Disk/Research/research-javascript-test-smells/repositories/bootstrap-vue-dev/src/components/form-tags/form-tags.spec.js,Magic Number,"{'line': 462, 'column': 53, 'index': 16271}","  460 |     expect(wrapper.vm.invalidTags).toEqual(['three'])
  461 |     // State hasn't changed, so event not emitted
> 462 |     expect(wrapper.emitted('tag-state').length).toBe(4)
      |                                                     ^ Magic Number
  463 |
  464 |     $input.element.value = 'two'
  465 |     await $input.trigger('input')"
/home/gabriel/Disk/Research/research-javascript-test-smells/repositories/bootstrap-vue-dev/src/components/form-tags/form-tags.spec.js,Magic Number,"{'line': 471, 'column': 53, 'index': 16659}","  469 |     expect(wrapper.vm.duplicateTags).toEqual(['two'])
  470 |     expect(wrapper.vm.invalidTags).toEqual([])
> 471 |     expect(wrapper.emitted('tag-state').length).toBe(5)
      |                                                     ^ Magic Number
  472 |     // Valid tags
  473 |     expect(wrapper.emitted('tag-state')[4][0]).toEqual([])
  474 |     // Invalid tags"
/home/gabriel/Disk/Research/research-javascript-test-smells/repositories/bootstrap-vue-dev/src/components/form-tags/form-tags.spec.js,Magic Number,"{'line': 487, 'column': 53, 'index': 17389}","  485 |     // No tags(s) were accepted so the input is left as is
  486 |     expect(wrapper.vm.newTag).toEqual(' three two ')
> 487 |     expect(wrapper.emitted('tag-state').length).toBe(6)
      |                                                     ^ Magic Number
  488 |     // Tags added
  489 |     expect(wrapper.emitted('tag-state')[5][0]).toEqual([])
  490 |     // Invalid tag"
/home/gabriel/Disk/Research/research-javascript-test-smells/repositories/bootstrap-vue-dev/src/components/form-tags/form-tags.spec.js,Magic Number,"{'line': 503, 'column': 53, 'index': 18254}","  501 |     // No tags(s) were accepted so the input is left as is
  502 |     expect(wrapper.vm.newTag).toEqual(' three two ')
> 503 |     expect(wrapper.emitted('tag-state').length).toBe(6)
      |                                                     ^ Magic Number
  504 |     expect(wrapper.find('.invalid-feedback').exists()).toBe(true)
  505 |     expect(wrapper.find('.invalid-feedback').attributes('aria-live')).toBeUndefined()
  506 |     expect(wrapper.find('.invalid-feedback').attributes('aria-atomic')).toBeUndefined()"
/home/gabriel/Disk/Research/research-javascript-test-smells/repositories/bootstrap-vue-dev/src/components/form-tags/form-tags.spec.js,Magic Number,"{'line': 513, 'column': 53, 'index': 18783}","  511 |     expect(wrapper.vm.newTag).toEqual('    ')
  512 |     expect(wrapper.vm.tags).toEqual(['one', 'two', 'tag'])
> 513 |     expect(wrapper.emitted('tag-state').length).toBe(7)
      |                                                     ^ Magic Number
  514 |     expect(wrapper.vm.duplicateTags).toEqual([])
  515 |     expect(wrapper.vm.invalidTags).toEqual([])
  516 |     // Tags added"
/home/gabriel/Disk/Research/research-javascript-test-smells/repositories/bootstrap-vue-dev/src/components/form-tags/form-tags.spec.js,Magic Number,"{'line': 587, 'column': 30, 'index': 21191}","  585 |
  586 |     const $tags = wrapper.findAll('.badge')
> 587 |     expect($tags.length).toBe(2)
      |                              ^ Magic Number
  588 |     await $tags
  589 |       .at(1)
  590 |       .find('button')"
/home/gabriel/Disk/Research/research-javascript-test-smells/repositories/bootstrap-vue-dev/src/components/form-tags/form-tags.spec.js,Magic Number,"{'line': 632, 'column': 30, 'index': 22503}","  630 |
  631 |     const $tags = wrapper.findAll('.badge')
> 632 |     expect($tags.length).toBe(2)
      |                              ^ Magic Number
  633 |     await $tags
  634 |       .at(1)
  635 |       .find('button')"
/home/gabriel/Disk/Research/research-javascript-test-smells/repositories/bootstrap-vue-dev/src/components/form-tags/form-tags.spec.js,Magic Number,"{'line': 690, 'column': 30, 'index': 24169}","  688 |
  689 |     const $tags = formTags.findAll('.badge')
> 690 |     expect($tags.length).toBe(2)
      |                              ^ Magic Number
  691 |     await $tags
  692 |       .at(1)
  693 |       .find('button')"
/home/gabriel/Disk/Research/research-javascript-test-smells/repositories/bootstrap-vue-dev/src/components/form-tags/form-tag.spec.js,Duplicate Assert,"{'line': 13, 'column': 4, 'index': 303}","  11 |
  12 |     expect(wrapper.element.tagName).toBe('SPAN')
> 13 |     expect(wrapper.classes()).toContain('b-form-tag')
     |    ^ Duplicate Assert
  14 |     expect(wrapper.classes()).toContain('badge')
  15 |     expect(wrapper.classes()).toContain('badge-secondary')
  16 |     expect(wrapper.attributes('title')).toBe('foobar')"
/home/gabriel/Disk/Research/research-javascript-test-smells/repositories/bootstrap-vue-dev/src/components/form-tags/form-tag.spec.js,Duplicate Assert,"{'line': 14, 'column': 4, 'index': 357}","  12 |     expect(wrapper.element.tagName).toBe('SPAN')
  13 |     expect(wrapper.classes()).toContain('b-form-tag')
> 14 |     expect(wrapper.classes()).toContain('badge')
     |    ^ Duplicate Assert
  15 |     expect(wrapper.classes()).toContain('badge-secondary')
  16 |     expect(wrapper.attributes('title')).toBe('foobar')
  17 |     expect(wrapper.text()).toContain('foobar')"
/home/gabriel/Disk/Research/research-javascript-test-smells/repositories/bootstrap-vue-dev/src/components/form-tags/form-tag.spec.js,Duplicate Assert,"{'line': 15, 'column': 4, 'index': 406}","  13 |     expect(wrapper.classes()).toContain('b-form-tag')
  14 |     expect(wrapper.classes()).toContain('badge')
> 15 |     expect(wrapper.classes()).toContain('badge-secondary')
     |    ^ Duplicate Assert
  16 |     expect(wrapper.attributes('title')).toBe('foobar')
  17 |     expect(wrapper.text()).toContain('foobar')
  18 |"
/home/gabriel/Disk/Research/research-javascript-test-smells/repositories/bootstrap-vue-dev/src/components/form-tags/form-tag.spec.js,Duplicate Assert,"{'line': 21, 'column': 4, 'index': 651}","  19 |     const $button = wrapper.find('button')
  20 |     expect($button.exists()).toBe(true)
> 21 |     expect($button.classes()).toContain('close')
     |    ^ Duplicate Assert
  22 |     expect($button.classes()).toContain('b-form-tag-remove')
  23 |     expect($button.attributes('aria-label')).toBe('Remove tag')
  24 |"
/home/gabriel/Disk/Research/research-javascript-test-smells/repositories/bootstrap-vue-dev/src/components/form-tags/form-tag.spec.js,Duplicate Assert,"{'line': 22, 'column': 4, 'index': 700}","  20 |     expect($button.exists()).toBe(true)
  21 |     expect($button.classes()).toContain('close')
> 22 |     expect($button.classes()).toContain('b-form-tag-remove')
     |    ^ Duplicate Assert
  23 |     expect($button.attributes('aria-label')).toBe('Remove tag')
  24 |
  25 |     wrapper.destroy()"
/home/gabriel/Disk/Research/research-javascript-test-smells/repositories/bootstrap-vue-dev/src/components/form-tags/form-tag.spec.js,Duplicate Assert,"{'line': 37, 'column': 4, 'index': 1067}","  35 |
  36 |     expect(wrapper.element.tagName).toBe('LI')
> 37 |     expect(wrapper.classes()).toContain('b-form-tag')
     |    ^ Duplicate Assert
  38 |     expect(wrapper.classes()).toContain('badge')
  39 |     expect(wrapper.classes()).toContain('badge-secondary')
  40 |     expect(wrapper.attributes('title')).toBe('foobar')"
/home/gabriel/Disk/Research/research-javascript-test-smells/repositories/bootstrap-vue-dev/src/components/form-tags/form-tag.spec.js,Duplicate Assert,"{'line': 38, 'column': 4, 'index': 1121}","  36 |     expect(wrapper.element.tagName).toBe('LI')
  37 |     expect(wrapper.classes()).toContain('b-form-tag')
> 38 |     expect(wrapper.classes()).toContain('badge')
     |    ^ Duplicate Assert
  39 |     expect(wrapper.classes()).toContain('badge-secondary')
  40 |     expect(wrapper.attributes('title')).toBe('foobar')
  41 |     expect(wrapper.text()).toContain('foobar')"
/home/gabriel/Disk/Research/research-javascript-test-smells/repositories/bootstrap-vue-dev/src/components/form-tags/form-tag.spec.js,Duplicate Assert,"{'line': 39, 'column': 4, 'index': 1170}","  37 |     expect(wrapper.classes()).toContain('b-form-tag')
  38 |     expect(wrapper.classes()).toContain('badge')
> 39 |     expect(wrapper.classes()).toContain('badge-secondary')
     |    ^ Duplicate Assert
  40 |     expect(wrapper.attributes('title')).toBe('foobar')
  41 |     expect(wrapper.text()).toContain('foobar')
  42 |"
/home/gabriel/Disk/Research/research-javascript-test-smells/repositories/bootstrap-vue-dev/src/components/form-tags/form-tag.spec.js,Duplicate Assert,"{'line': 60, 'column': 4, 'index': 1701}","  58 |     expect(wrapper.element.tagName).toBe('SPAN')
  59 |     expect(wrapper.attributes('title')).toBe('foo')
> 60 |     expect(wrapper.text()).toContain('bar')
     |    ^ Duplicate Assert
  61 |     expect(wrapper.text()).not.toContain('foo')
  62 |
  63 |     expect(wrapper.find('button').exists()).toBe(true)"
/home/gabriel/Disk/Research/research-javascript-test-smells/repositories/bootstrap-vue-dev/src/components/form-tags/form-tag.spec.js,Duplicate Assert,"{'line': 61, 'column': 4, 'index': 1745}","  59 |     expect(wrapper.attributes('title')).toBe('foo')
  60 |     expect(wrapper.text()).toContain('bar')
> 61 |     expect(wrapper.text()).not.toContain('foo')
     |    ^ Duplicate Assert
  62 |
  63 |     expect(wrapper.find('button').exists()).toBe(true)
  64 |"
/home/gabriel/Disk/Research/research-javascript-test-smells/repositories/bootstrap-vue-dev/src/components/form-tags/form-tag.spec.js,Duplicate Assert,"{'line': 77, 'column': 4, 'index': 2100}","  75 |
  76 |     expect(wrapper.element.tagName).toBe('SPAN')
> 77 |     expect(wrapper.classes()).toContain('b-form-tag')
     |    ^ Duplicate Assert
  78 |     expect(wrapper.classes()).toContain('badge')
  79 |     expect(wrapper.classes()).toContain('badge-pill')
  80 |     expect(wrapper.classes()).toContain('badge-secondary')"
/home/gabriel/Disk/Research/research-javascript-test-smells/repositories/bootstrap-vue-dev/src/components/form-tags/form-tag.spec.js,Duplicate Assert,"{'line': 78, 'column': 4, 'index': 2154}","  76 |     expect(wrapper.element.tagName).toBe('SPAN')
  77 |     expect(wrapper.classes()).toContain('b-form-tag')
> 78 |     expect(wrapper.classes()).toContain('badge')
     |    ^ Duplicate Assert
  79 |     expect(wrapper.classes()).toContain('badge-pill')
  80 |     expect(wrapper.classes()).toContain('badge-secondary')
  81 |     expect(wrapper.attributes('title')).toBe('foo')"
/home/gabriel/Disk/Research/research-javascript-test-smells/repositories/bootstrap-vue-dev/src/components/form-tags/form-tag.spec.js,Duplicate Assert,"{'line': 79, 'column': 4, 'index': 2203}","  77 |     expect(wrapper.classes()).toContain('b-form-tag')
  78 |     expect(wrapper.classes()).toContain('badge')
> 79 |     expect(wrapper.classes()).toContain('badge-pill')
     |    ^ Duplicate Assert
  80 |     expect(wrapper.classes()).toContain('badge-secondary')
  81 |     expect(wrapper.attributes('title')).toBe('foo')
  82 |     expect(wrapper.text()).toContain('foo')"
/home/gabriel/Disk/Research/research-javascript-test-smells/repositories/bootstrap-vue-dev/src/components/form-tags/form-tag.spec.js,Duplicate Assert,"{'line': 80, 'column': 4, 'index': 2257}","  78 |     expect(wrapper.classes()).toContain('badge')
  79 |     expect(wrapper.classes()).toContain('badge-pill')
> 80 |     expect(wrapper.classes()).toContain('badge-secondary')
     |    ^ Duplicate Assert
  81 |     expect(wrapper.attributes('title')).toBe('foo')
  82 |     expect(wrapper.text()).toContain('foo')
  83 |"
/home/gabriel/Disk/Research/research-javascript-test-smells/repositories/bootstrap-vue-dev/src/components/form-tags/form-tag.spec.js,Duplicate Assert,"{'line': 98, 'column': 4, 'index': 2732}","   96 |
   97 |     expect(wrapper.element.tagName).toBe('SPAN')
>  98 |     expect(wrapper.classes()).toContain('b-form-tag')
      |    ^ Duplicate Assert
   99 |     expect(wrapper.classes()).toContain('badge')
  100 |     expect(wrapper.classes()).toContain('badge-danger')
  101 |     expect(wrapper.attributes('title')).toBe('foo')"
/home/gabriel/Disk/Research/research-javascript-test-smells/repositories/bootstrap-vue-dev/src/components/form-tags/form-tag.spec.js,Duplicate Assert,"{'line': 99, 'column': 4, 'index': 2786}","   97 |     expect(wrapper.element.tagName).toBe('SPAN')
   98 |     expect(wrapper.classes()).toContain('b-form-tag')
>  99 |     expect(wrapper.classes()).toContain('badge')
      |    ^ Duplicate Assert
  100 |     expect(wrapper.classes()).toContain('badge-danger')
  101 |     expect(wrapper.attributes('title')).toBe('foo')
  102 |     expect(wrapper.text()).toContain('foo')"
/home/gabriel/Disk/Research/research-javascript-test-smells/repositories/bootstrap-vue-dev/src/components/form-tags/form-tag.spec.js,Duplicate Assert,"{'line': 100, 'column': 4, 'index': 2835}","   98 |     expect(wrapper.classes()).toContain('b-form-tag')
   99 |     expect(wrapper.classes()).toContain('badge')
> 100 |     expect(wrapper.classes()).toContain('badge-danger')
      |    ^ Duplicate Assert
  101 |     expect(wrapper.attributes('title')).toBe('foo')
  102 |     expect(wrapper.text()).toContain('foo')
  103 |"
/home/gabriel/Disk/Research/research-javascript-test-smells/repositories/bootstrap-vue-dev/src/components/form-tags/form-tag.spec.js,Duplicate Assert,"{'line': 123, 'column': 4, 'index': 3468}","  121 |     expect($button.exists()).toBe(true)
  122 |
> 123 |     expect(wrapper.emitted('remove')).toBeUndefined()
      |    ^ Duplicate Assert
  124 |
  125 |     await $button.trigger('click')
  126 |     expect(wrapper.emitted('remove')).toBeDefined()"
/home/gabriel/Disk/Research/research-javascript-test-smells/repositories/bootstrap-vue-dev/src/components/form-tags/form-tag.spec.js,Duplicate Assert,"{'line': 126, 'column': 4, 'index': 3558}","  124 |
  125 |     await $button.trigger('click')
> 126 |     expect(wrapper.emitted('remove')).toBeDefined()
      |    ^ Duplicate Assert
  127 |     expect(wrapper.emitted('remove').length).toBe(1)
  128 |
  129 |     wrapper.destroy()"
/home/gabriel/Disk/Research/research-javascript-test-smells/repositories/bootstrap-vue-dev/src/components/form-tags/form-tag.spec.js,Magic Number,"{'line': 127, 'column': 50, 'index': 3656}","  125 |     await $button.trigger('click')
  126 |     expect(wrapper.emitted('remove')).toBeDefined()
> 127 |     expect(wrapper.emitted('remove').length).toBe(1)
      |                                                  ^ Magic Number
  128 |
  129 |     wrapper.destroy()
  130 |   })"
/home/gabriel/Disk/Research/research-javascript-test-smells/repositories/bootstrap-vue-dev/src/components/form-spinbutton/form-spinbutton.spec.js,Duplicate Assert,"{'line': 12, 'column': 4, 'index': 371}","  10 |     await waitRAF()
  11 |
> 12 |     expect(wrapper.classes()).toContain('b-form-spinbutton')
     |    ^ Duplicate Assert
  13 |     expect(wrapper.classes()).toContain('form-control')
  14 |     expect(wrapper.classes()).toContain('d-flex')
  15 |     expect(wrapper.classes()).not.toContain('d-inline-flex')"
/home/gabriel/Disk/Research/research-javascript-test-smells/repositories/bootstrap-vue-dev/src/components/form-spinbutton/form-spinbutton.spec.js,Duplicate Assert,"{'line': 13, 'column': 4, 'index': 432}","  11 |
  12 |     expect(wrapper.classes()).toContain('b-form-spinbutton')
> 13 |     expect(wrapper.classes()).toContain('form-control')
     |    ^ Duplicate Assert
  14 |     expect(wrapper.classes()).toContain('d-flex')
  15 |     expect(wrapper.classes()).not.toContain('d-inline-flex')
  16 |     expect(wrapper.classes()).not.toContain('flex-column')"
/home/gabriel/Disk/Research/research-javascript-test-smells/repositories/bootstrap-vue-dev/src/components/form-spinbutton/form-spinbutton.spec.js,Duplicate Assert,"{'line': 14, 'column': 4, 'index': 488}","  12 |     expect(wrapper.classes()).toContain('b-form-spinbutton')
  13 |     expect(wrapper.classes()).toContain('form-control')
> 14 |     expect(wrapper.classes()).toContain('d-flex')
     |    ^ Duplicate Assert
  15 |     expect(wrapper.classes()).not.toContain('d-inline-flex')
  16 |     expect(wrapper.classes()).not.toContain('flex-column')
  17 |     expect(wrapper.classes()).toContain('align-items-stretch')"
/home/gabriel/Disk/Research/research-javascript-test-smells/repositories/bootstrap-vue-dev/src/components/form-spinbutton/form-spinbutton.spec.js,Duplicate Assert,"{'line': 15, 'column': 4, 'index': 538}","  13 |     expect(wrapper.classes()).toContain('form-control')
  14 |     expect(wrapper.classes()).toContain('d-flex')
> 15 |     expect(wrapper.classes()).not.toContain('d-inline-flex')
     |    ^ Duplicate Assert
  16 |     expect(wrapper.classes()).not.toContain('flex-column')
  17 |     expect(wrapper.classes()).toContain('align-items-stretch')
  18 |     expect(wrapper.attributes('role')).toEqual('group')"
/home/gabriel/Disk/Research/research-javascript-test-smells/repositories/bootstrap-vue-dev/src/components/form-spinbutton/form-spinbutton.spec.js,Duplicate Assert,"{'line': 16, 'column': 4, 'index': 599}","  14 |     expect(wrapper.classes()).toContain('d-flex')
  15 |     expect(wrapper.classes()).not.toContain('d-inline-flex')
> 16 |     expect(wrapper.classes()).not.toContain('flex-column')
     |    ^ Duplicate Assert
  17 |     expect(wrapper.classes()).toContain('align-items-stretch')
  18 |     expect(wrapper.attributes('role')).toEqual('group')
  19 |     expect(wrapper.attributes('tabindex')).toEqual('-1')"
/home/gabriel/Disk/Research/research-javascript-test-smells/repositories/bootstrap-vue-dev/src/components/form-spinbutton/form-spinbutton.spec.js,Duplicate Assert,"{'line': 17, 'column': 4, 'index': 658}","  15 |     expect(wrapper.classes()).not.toContain('d-inline-flex')
  16 |     expect(wrapper.classes()).not.toContain('flex-column')
> 17 |     expect(wrapper.classes()).toContain('align-items-stretch')
     |    ^ Duplicate Assert
  18 |     expect(wrapper.attributes('role')).toEqual('group')
  19 |     expect(wrapper.attributes('tabindex')).toEqual('-1')
  20 |"
/home/gabriel/Disk/Research/research-javascript-test-smells/repositories/bootstrap-vue-dev/src/components/form-spinbutton/form-spinbutton.spec.js,Duplicate Assert,"{'line': 46, 'column': 4, 'index': 2137}","  44 |     expect($output.element.hasAttribute('aria-valuenow')).toBe(false)
  45 |     expect($output.element.hasAttribute('aria-valuetext')).toBe(false)
> 46 |     expect($output.text()).toEqual('')
     |    ^ Duplicate Assert
  47 |
  48 |     await wrapper.setProps({
  49 |       placeholder: 'foobar'"
/home/gabriel/Disk/Research/research-javascript-test-smells/repositories/bootstrap-vue-dev/src/components/form-spinbutton/form-spinbutton.spec.js,Duplicate Assert,"{'line': 52, 'column': 4, 'index': 2270}","  50 |     })
  51 |     await waitNT(wrapper.vm)
> 52 |     expect($output.text()).toEqual('foobar')
     |    ^ Duplicate Assert
  53 |
  54 |     wrapper.destroy()
  55 |   })"
/home/gabriel/Disk/Research/research-javascript-test-smells/repositories/bootstrap-vue-dev/src/components/form-spinbutton/form-spinbutton.spec.js,Duplicate Assert,"{'line': 69, 'column': 4, 'index': 2620}","  67 |     await waitRAF()
  68 |
> 69 |     expect(wrapper.classes()).toContain('b-form-spinbutton')
     |    ^ Duplicate Assert
  70 |     expect(wrapper.classes()).toContain('form-control')
  71 |     expect(wrapper.classes()).toContain('d-flex')
  72 |     expect(wrapper.classes()).not.toContain('d-inline-flex')"
/home/gabriel/Disk/Research/research-javascript-test-smells/repositories/bootstrap-vue-dev/src/components/form-spinbutton/form-spinbutton.spec.js,Duplicate Assert,"{'line': 70, 'column': 4, 'index': 2681}","  68 |
  69 |     expect(wrapper.classes()).toContain('b-form-spinbutton')
> 70 |     expect(wrapper.classes()).toContain('form-control')
     |    ^ Duplicate Assert
  71 |     expect(wrapper.classes()).toContain('d-flex')
  72 |     expect(wrapper.classes()).not.toContain('d-inline-flex')
  73 |     expect(wrapper.classes()).not.toContain('flex-column')"
/home/gabriel/Disk/Research/research-javascript-test-smells/repositories/bootstrap-vue-dev/src/components/form-spinbutton/form-spinbutton.spec.js,Duplicate Assert,"{'line': 71, 'column': 4, 'index': 2737}","  69 |     expect(wrapper.classes()).toContain('b-form-spinbutton')
  70 |     expect(wrapper.classes()).toContain('form-control')
> 71 |     expect(wrapper.classes()).toContain('d-flex')
     |    ^ Duplicate Assert
  72 |     expect(wrapper.classes()).not.toContain('d-inline-flex')
  73 |     expect(wrapper.classes()).not.toContain('flex-column')
  74 |     expect(wrapper.classes()).toContain('align-items-stretch')"
/home/gabriel/Disk/Research/research-javascript-test-smells/repositories/bootstrap-vue-dev/src/components/form-spinbutton/form-spinbutton.spec.js,Duplicate Assert,"{'line': 72, 'column': 4, 'index': 2787}","  70 |     expect(wrapper.classes()).toContain('form-control')
  71 |     expect(wrapper.classes()).toContain('d-flex')
> 72 |     expect(wrapper.classes()).not.toContain('d-inline-flex')
     |    ^ Duplicate Assert
  73 |     expect(wrapper.classes()).not.toContain('flex-column')
  74 |     expect(wrapper.classes()).toContain('align-items-stretch')
  75 |     expect(wrapper.attributes('role')).toEqual('group')"
/home/gabriel/Disk/Research/research-javascript-test-smells/repositories/bootstrap-vue-dev/src/components/form-spinbutton/form-spinbutton.spec.js,Duplicate Assert,"{'line': 73, 'column': 4, 'index': 2848}","  71 |     expect(wrapper.classes()).toContain('d-flex')
  72 |     expect(wrapper.classes()).not.toContain('d-inline-flex')
> 73 |     expect(wrapper.classes()).not.toContain('flex-column')
     |    ^ Duplicate Assert
  74 |     expect(wrapper.classes()).toContain('align-items-stretch')
  75 |     expect(wrapper.attributes('role')).toEqual('group')
  76 |     expect(wrapper.attributes('tabindex')).toEqual('-1')"
/home/gabriel/Disk/Research/research-javascript-test-smells/repositories/bootstrap-vue-dev/src/components/form-spinbutton/form-spinbutton.spec.js,Duplicate Assert,"{'line': 74, 'column': 4, 'index': 2907}","  72 |     expect(wrapper.classes()).not.toContain('d-inline-flex')
  73 |     expect(wrapper.classes()).not.toContain('flex-column')
> 74 |     expect(wrapper.classes()).toContain('align-items-stretch')
     |    ^ Duplicate Assert
  75 |     expect(wrapper.attributes('role')).toEqual('group')
  76 |     expect(wrapper.attributes('tabindex')).toEqual('-1')
  77 |"
/home/gabriel/Disk/Research/research-javascript-test-smells/repositories/bootstrap-vue-dev/src/components/form-spinbutton/form-spinbutton.spec.js,Duplicate Assert,"{'line': 98, 'column': 4, 'index': 4062}","   96 |     expect($output.attributes('tabindex')).toEqual('0')
   97 |     expect($output.attributes('aria-live')).toEqual('off')
>  98 |     expect($output.attributes('aria-valuemin')).toEqual('0')
      |    ^ Duplicate Assert
   99 |     expect($output.attributes('aria-valuemax')).toEqual('10')
  100 |     expect($output.attributes('aria-valuenow')).toEqual('5')
  101 |     expect($output.attributes('aria-valuetext')).toEqual('5')"
/home/gabriel/Disk/Research/research-javascript-test-smells/repositories/bootstrap-vue-dev/src/components/form-spinbutton/form-spinbutton.spec.js,Duplicate Assert,"{'line': 98, 'column': 4, 'index': 4062}","   96 |     expect($output.attributes('tabindex')).toEqual('0')
   97 |     expect($output.attributes('aria-live')).toEqual('off')
>  98 |     expect($output.attributes('aria-valuemin')).toEqual('0')
      |    ^ Duplicate Assert
   99 |     expect($output.attributes('aria-valuemax')).toEqual('10')
  100 |     expect($output.attributes('aria-valuenow')).toEqual('5')
  101 |     expect($output.attributes('aria-valuetext')).toEqual('5')"
/home/gabriel/Disk/Research/research-javascript-test-smells/repositories/bootstrap-vue-dev/src/components/form-spinbutton/form-spinbutton.spec.js,Duplicate Assert,"{'line': 99, 'column': 4, 'index': 4123}","   97 |     expect($output.attributes('aria-live')).toEqual('off')
   98 |     expect($output.attributes('aria-valuemin')).toEqual('0')
>  99 |     expect($output.attributes('aria-valuemax')).toEqual('10')
      |    ^ Duplicate Assert
  100 |     expect($output.attributes('aria-valuenow')).toEqual('5')
  101 |     expect($output.attributes('aria-valuetext')).toEqual('5')
  102 |"
/home/gabriel/Disk/Research/research-javascript-test-smells/repositories/bootstrap-vue-dev/src/components/form-spinbutton/form-spinbutton.spec.js,Duplicate Assert,"{'line': 99, 'column': 4, 'index': 4123}","   97 |     expect($output.attributes('aria-live')).toEqual('off')
   98 |     expect($output.attributes('aria-valuemin')).toEqual('0')
>  99 |     expect($output.attributes('aria-valuemax')).toEqual('10')
      |    ^ Duplicate Assert
  100 |     expect($output.attributes('aria-valuenow')).toEqual('5')
  101 |     expect($output.attributes('aria-valuetext')).toEqual('5')
  102 |"
/home/gabriel/Disk/Research/research-javascript-test-smells/repositories/bootstrap-vue-dev/src/components/form-spinbutton/form-spinbutton.spec.js,Duplicate Assert,"{'line': 100, 'column': 4, 'index': 4185}","   98 |     expect($output.attributes('aria-valuemin')).toEqual('0')
   99 |     expect($output.attributes('aria-valuemax')).toEqual('10')
> 100 |     expect($output.attributes('aria-valuenow')).toEqual('5')
      |    ^ Duplicate Assert
  101 |     expect($output.attributes('aria-valuetext')).toEqual('5')
  102 |
  103 |     await wrapper.setProps({"
/home/gabriel/Disk/Research/research-javascript-test-smells/repositories/bootstrap-vue-dev/src/components/form-spinbutton/form-spinbutton.spec.js,Duplicate Assert,"{'line': 101, 'column': 4, 'index': 4246}","   99 |     expect($output.attributes('aria-valuemax')).toEqual('10')
  100 |     expect($output.attributes('aria-valuenow')).toEqual('5')
> 101 |     expect($output.attributes('aria-valuetext')).toEqual('5')
      |    ^ Duplicate Assert
  102 |
  103 |     await wrapper.setProps({
  104 |       value: 8"
/home/gabriel/Disk/Research/research-javascript-test-smells/repositories/bootstrap-vue-dev/src/components/form-spinbutton/form-spinbutton.spec.js,Duplicate Assert,"{'line': 108, 'column': 4, 'index': 4390}","  106 |     await waitNT(wrapper.vm)
  107 |
> 108 |     expect($output.attributes('aria-valuemin')).toEqual('0')
      |    ^ Duplicate Assert
  109 |     expect($output.attributes('aria-valuemax')).toEqual('10')
  110 |     expect($output.attributes('aria-valuenow')).toEqual('8')
  111 |     expect($output.attributes('aria-valuetext')).toEqual('8')"
/home/gabriel/Disk/Research/research-javascript-test-smells/repositories/bootstrap-vue-dev/src/components/form-spinbutton/form-spinbutton.spec.js,Duplicate Assert,"{'line': 108, 'column': 4, 'index': 4390}","  106 |     await waitNT(wrapper.vm)
  107 |
> 108 |     expect($output.attributes('aria-valuemin')).toEqual('0')
      |    ^ Duplicate Assert
  109 |     expect($output.attributes('aria-valuemax')).toEqual('10')
  110 |     expect($output.attributes('aria-valuenow')).toEqual('8')
  111 |     expect($output.attributes('aria-valuetext')).toEqual('8')"
/home/gabriel/Disk/Research/research-javascript-test-smells/repositories/bootstrap-vue-dev/src/components/form-spinbutton/form-spinbutton.spec.js,Duplicate Assert,"{'line': 109, 'column': 4, 'index': 4451}","  107 |
  108 |     expect($output.attributes('aria-valuemin')).toEqual('0')
> 109 |     expect($output.attributes('aria-valuemax')).toEqual('10')
      |    ^ Duplicate Assert
  110 |     expect($output.attributes('aria-valuenow')).toEqual('8')
  111 |     expect($output.attributes('aria-valuetext')).toEqual('8')
  112 |"
/home/gabriel/Disk/Research/research-javascript-test-smells/repositories/bootstrap-vue-dev/src/components/form-spinbutton/form-spinbutton.spec.js,Duplicate Assert,"{'line': 109, 'column': 4, 'index': 4451}","  107 |
  108 |     expect($output.attributes('aria-valuemin')).toEqual('0')
> 109 |     expect($output.attributes('aria-valuemax')).toEqual('10')
      |    ^ Duplicate Assert
  110 |     expect($output.attributes('aria-valuenow')).toEqual('8')
  111 |     expect($output.attributes('aria-valuetext')).toEqual('8')
  112 |"
/home/gabriel/Disk/Research/research-javascript-test-smells/repositories/bootstrap-vue-dev/src/components/form-spinbutton/form-spinbutton.spec.js,Duplicate Assert,"{'line': 110, 'column': 4, 'index': 4513}","  108 |     expect($output.attributes('aria-valuemin')).toEqual('0')
  109 |     expect($output.attributes('aria-valuemax')).toEqual('10')
> 110 |     expect($output.attributes('aria-valuenow')).toEqual('8')
      |    ^ Duplicate Assert
  111 |     expect($output.attributes('aria-valuetext')).toEqual('8')
  112 |
  113 |     wrapper.destroy()"
/home/gabriel/Disk/Research/research-javascript-test-smells/repositories/bootstrap-vue-dev/src/components/form-spinbutton/form-spinbutton.spec.js,Duplicate Assert,"{'line': 111, 'column': 4, 'index': 4574}","  109 |     expect($output.attributes('aria-valuemax')).toEqual('10')
  110 |     expect($output.attributes('aria-valuenow')).toEqual('8')
> 111 |     expect($output.attributes('aria-valuetext')).toEqual('8')
      |    ^ Duplicate Assert
  112 |
  113 |     wrapper.destroy()
  114 |   })"
/home/gabriel/Disk/Research/research-javascript-test-smells/repositories/bootstrap-vue-dev/src/components/form-spinbutton/form-spinbutton.spec.js,Duplicate Assert,"{'line': 126, 'column': 4, 'index': 4918}","  124 |     await waitRAF()
  125 |
> 126 |     expect(wrapper.classes()).toContain('b-form-spinbutton')
      |    ^ Duplicate Assert
  127 |     expect(wrapper.classes()).toContain('form-control')
  128 |     expect(wrapper.classes()).toContain('d-inline-flex')
  129 |     expect(wrapper.classes()).not.toContain('d-flex')"
/home/gabriel/Disk/Research/research-javascript-test-smells/repositories/bootstrap-vue-dev/src/components/form-spinbutton/form-spinbutton.spec.js,Duplicate Assert,"{'line': 127, 'column': 4, 'index': 4979}","  125 |
  126 |     expect(wrapper.classes()).toContain('b-form-spinbutton')
> 127 |     expect(wrapper.classes()).toContain('form-control')
      |    ^ Duplicate Assert
  128 |     expect(wrapper.classes()).toContain('d-inline-flex')
  129 |     expect(wrapper.classes()).not.toContain('d-flex')
  130 |     expect(wrapper.classes()).not.toContain('flex-column')"
/home/gabriel/Disk/Research/research-javascript-test-smells/repositories/bootstrap-vue-dev/src/components/form-spinbutton/form-spinbutton.spec.js,Duplicate Assert,"{'line': 128, 'column': 4, 'index': 5035}","  126 |     expect(wrapper.classes()).toContain('b-form-spinbutton')
  127 |     expect(wrapper.classes()).toContain('form-control')
> 128 |     expect(wrapper.classes()).toContain('d-inline-flex')
      |    ^ Duplicate Assert
  129 |     expect(wrapper.classes()).not.toContain('d-flex')
  130 |     expect(wrapper.classes()).not.toContain('flex-column')
  131 |     expect(wrapper.classes()).toContain('align-items-stretch')"
/home/gabriel/Disk/Research/research-javascript-test-smells/repositories/bootstrap-vue-dev/src/components/form-spinbutton/form-spinbutton.spec.js,Duplicate Assert,"{'line': 129, 'column': 4, 'index': 5092}","  127 |     expect(wrapper.classes()).toContain('form-control')
  128 |     expect(wrapper.classes()).toContain('d-inline-flex')
> 129 |     expect(wrapper.classes()).not.toContain('d-flex')
      |    ^ Duplicate Assert
  130 |     expect(wrapper.classes()).not.toContain('flex-column')
  131 |     expect(wrapper.classes()).toContain('align-items-stretch')
  132 |     expect(wrapper.attributes('role')).toEqual('group')"
/home/gabriel/Disk/Research/research-javascript-test-smells/repositories/bootstrap-vue-dev/src/components/form-spinbutton/form-spinbutton.spec.js,Duplicate Assert,"{'line': 130, 'column': 4, 'index': 5146}","  128 |     expect(wrapper.classes()).toContain('d-inline-flex')
  129 |     expect(wrapper.classes()).not.toContain('d-flex')
> 130 |     expect(wrapper.classes()).not.toContain('flex-column')
      |    ^ Duplicate Assert
  131 |     expect(wrapper.classes()).toContain('align-items-stretch')
  132 |     expect(wrapper.attributes('role')).toEqual('group')
  133 |     expect(wrapper.attributes('tabindex')).toEqual('-1')"
/home/gabriel/Disk/Research/research-javascript-test-smells/repositories/bootstrap-vue-dev/src/components/form-spinbutton/form-spinbutton.spec.js,Duplicate Assert,"{'line': 131, 'column': 4, 'index': 5205}","  129 |     expect(wrapper.classes()).not.toContain('d-flex')
  130 |     expect(wrapper.classes()).not.toContain('flex-column')
> 131 |     expect(wrapper.classes()).toContain('align-items-stretch')
      |    ^ Duplicate Assert
  132 |     expect(wrapper.attributes('role')).toEqual('group')
  133 |     expect(wrapper.attributes('tabindex')).toEqual('-1')
  134 |"
/home/gabriel/Disk/Research/research-javascript-test-smells/repositories/bootstrap-vue-dev/src/components/form-spinbutton/form-spinbutton.spec.js,Duplicate Assert,"{'line': 174, 'column': 4, 'index': 6970}","  172 |     await waitRAF()
  173 |
> 174 |     expect(wrapper.classes()).toContain('b-form-spinbutton')
      |    ^ Duplicate Assert
  175 |     expect(wrapper.classes()).toContain('form-control')
  176 |     expect(wrapper.classes()).toContain('d-inline-flex')
  177 |     expect(wrapper.classes()).not.toContain('d-flex')"
/home/gabriel/Disk/Research/research-javascript-test-smells/repositories/bootstrap-vue-dev/src/components/form-spinbutton/form-spinbutton.spec.js,Duplicate Assert,"{'line': 175, 'column': 4, 'index': 7031}","  173 |
  174 |     expect(wrapper.classes()).toContain('b-form-spinbutton')
> 175 |     expect(wrapper.classes()).toContain('form-control')
      |    ^ Duplicate Assert
  176 |     expect(wrapper.classes()).toContain('d-inline-flex')
  177 |     expect(wrapper.classes()).not.toContain('d-flex')
  178 |     expect(wrapper.classes()).toContain('flex-column')"
/home/gabriel/Disk/Research/research-javascript-test-smells/repositories/bootstrap-vue-dev/src/components/form-spinbutton/form-spinbutton.spec.js,Duplicate Assert,"{'line': 176, 'column': 4, 'index': 7087}","  174 |     expect(wrapper.classes()).toContain('b-form-spinbutton')
  175 |     expect(wrapper.classes()).toContain('form-control')
> 176 |     expect(wrapper.classes()).toContain('d-inline-flex')
      |    ^ Duplicate Assert
  177 |     expect(wrapper.classes()).not.toContain('d-flex')
  178 |     expect(wrapper.classes()).toContain('flex-column')
  179 |     expect(wrapper.classes()).not.toContain('align-items-stretch')"
/home/gabriel/Disk/Research/research-javascript-test-smells/repositories/bootstrap-vue-dev/src/components/form-spinbutton/form-spinbutton.spec.js,Duplicate Assert,"{'line': 177, 'column': 4, 'index': 7144}","  175 |     expect(wrapper.classes()).toContain('form-control')
  176 |     expect(wrapper.classes()).toContain('d-inline-flex')
> 177 |     expect(wrapper.classes()).not.toContain('d-flex')
      |    ^ Duplicate Assert
  178 |     expect(wrapper.classes()).toContain('flex-column')
  179 |     expect(wrapper.classes()).not.toContain('align-items-stretch')
  180 |     expect(wrapper.attributes('role')).toEqual('group')"
/home/gabriel/Disk/Research/research-javascript-test-smells/repositories/bootstrap-vue-dev/src/components/form-spinbutton/form-spinbutton.spec.js,Duplicate Assert,"{'line': 178, 'column': 4, 'index': 7198}","  176 |     expect(wrapper.classes()).toContain('d-inline-flex')
  177 |     expect(wrapper.classes()).not.toContain('d-flex')
> 178 |     expect(wrapper.classes()).toContain('flex-column')
      |    ^ Duplicate Assert
  179 |     expect(wrapper.classes()).not.toContain('align-items-stretch')
  180 |     expect(wrapper.attributes('role')).toEqual('group')
  181 |     expect(wrapper.attributes('tabindex')).toEqual('-1')"
/home/gabriel/Disk/Research/research-javascript-test-smells/repositories/bootstrap-vue-dev/src/components/form-spinbutton/form-spinbutton.spec.js,Duplicate Assert,"{'line': 179, 'column': 4, 'index': 7253}","  177 |     expect(wrapper.classes()).not.toContain('d-flex')
  178 |     expect(wrapper.classes()).toContain('flex-column')
> 179 |     expect(wrapper.classes()).not.toContain('align-items-stretch')
      |    ^ Duplicate Assert
  180 |     expect(wrapper.attributes('role')).toEqual('group')
  181 |     expect(wrapper.attributes('tabindex')).toEqual('-1')
  182 |"
/home/gabriel/Disk/Research/research-javascript-test-smells/repositories/bootstrap-vue-dev/src/components/form-spinbutton/form-spinbutton.spec.js,Duplicate Assert,"{'line': 223, 'column': 4, 'index': 9032}","  221 |     await waitRAF()
  222 |
> 223 |     expect(wrapper.classes()).toContain('form-control')
      |    ^ Duplicate Assert
  224 |     expect(wrapper.classes()).toContain('b-form-spinbutton')
  225 |
  226 |     const $hidden = wrapper.find('input[type=""hidden""]')"
/home/gabriel/Disk/Research/research-javascript-test-smells/repositories/bootstrap-vue-dev/src/components/form-spinbutton/form-spinbutton.spec.js,Duplicate Assert,"{'line': 224, 'column': 4, 'index': 9088}","  222 |
  223 |     expect(wrapper.classes()).toContain('form-control')
> 224 |     expect(wrapper.classes()).toContain('b-form-spinbutton')
      |    ^ Duplicate Assert
  225 |
  226 |     const $hidden = wrapper.find('input[type=""hidden""]')
  227 |     expect($hidden.exists()).toBe(true)"
/home/gabriel/Disk/Research/research-javascript-test-smells/repositories/bootstrap-vue-dev/src/components/form-spinbutton/form-spinbutton.spec.js,Duplicate Assert,"{'line': 228, 'column': 4, 'index': 9247}","  226 |     const $hidden = wrapper.find('input[type=""hidden""]')
  227 |     expect($hidden.exists()).toBe(true)
> 228 |     expect($hidden.attributes('name')).toBe('foobar')
      |    ^ Duplicate Assert
  229 |     expect($hidden.attributes('value')).toBe('')
  230 |
  231 |     await wrapper.setProps({"
/home/gabriel/Disk/Research/research-javascript-test-smells/repositories/bootstrap-vue-dev/src/components/form-spinbutton/form-spinbutton.spec.js,Duplicate Assert,"{'line': 228, 'column': 4, 'index': 9247}","  226 |     const $hidden = wrapper.find('input[type=""hidden""]')
  227 |     expect($hidden.exists()).toBe(true)
> 228 |     expect($hidden.attributes('name')).toBe('foobar')
      |    ^ Duplicate Assert
  229 |     expect($hidden.attributes('value')).toBe('')
  230 |
  231 |     await wrapper.setProps({"
/home/gabriel/Disk/Research/research-javascript-test-smells/repositories/bootstrap-vue-dev/src/components/form-spinbutton/form-spinbutton.spec.js,Duplicate Assert,"{'line': 229, 'column': 4, 'index': 9301}","  227 |     expect($hidden.exists()).toBe(true)
  228 |     expect($hidden.attributes('name')).toBe('foobar')
> 229 |     expect($hidden.attributes('value')).toBe('')
      |    ^ Duplicate Assert
  230 |
  231 |     await wrapper.setProps({
  232 |       value: 50"
/home/gabriel/Disk/Research/research-javascript-test-smells/repositories/bootstrap-vue-dev/src/components/form-spinbutton/form-spinbutton.spec.js,Duplicate Assert,"{'line': 236, 'column': 4, 'index': 9452}","  234 |     await waitNT(wrapper.vm)
  235 |     await waitRAF()
> 236 |     expect($hidden.attributes('name')).toBe('foobar')
      |    ^ Duplicate Assert
  237 |     expect($hidden.attributes('value')).toBe('50')
  238 |
  239 |     wrapper.destroy()"
/home/gabriel/Disk/Research/research-javascript-test-smells/repositories/bootstrap-vue-dev/src/components/form-spinbutton/form-spinbutton.spec.js,Duplicate Assert,"{'line': 236, 'column': 4, 'index': 9452}","  234 |     await waitNT(wrapper.vm)
  235 |     await waitRAF()
> 236 |     expect($hidden.attributes('name')).toBe('foobar')
      |    ^ Duplicate Assert
  237 |     expect($hidden.attributes('value')).toBe('50')
  238 |
  239 |     wrapper.destroy()"
/home/gabriel/Disk/Research/research-javascript-test-smells/repositories/bootstrap-vue-dev/src/components/form-spinbutton/form-spinbutton.spec.js,Duplicate Assert,"{'line': 237, 'column': 4, 'index': 9506}","  235 |     await waitRAF()
  236 |     expect($hidden.attributes('name')).toBe('foobar')
> 237 |     expect($hidden.attributes('value')).toBe('50')
      |    ^ Duplicate Assert
  238 |
  239 |     wrapper.destroy()
  240 |   })"
/home/gabriel/Disk/Research/research-javascript-test-smells/repositories/bootstrap-vue-dev/src/components/form-spinbutton/form-spinbutton.spec.js,Duplicate Assert,"{'line': 255, 'column': 4, 'index': 10060}","  253 |     expect($output.attributes('tabindex')).toEqual('0')
  254 |     expect($output.attributes('aria-live')).toEqual('off')
> 255 |     expect($output.attributes('aria-valuemin')).toEqual('1')
      |    ^ Duplicate Assert
  256 |     expect($output.attributes('aria-valuemax')).toEqual('100')
  257 |     // These two attribute should not exist on the element
  258 |     expect($output.element.hasAttribute('aria-valuenow')).toBe(false)"
/home/gabriel/Disk/Research/research-javascript-test-smells/repositories/bootstrap-vue-dev/src/components/form-spinbutton/form-spinbutton.spec.js,Duplicate Assert,"{'line': 255, 'column': 4, 'index': 10060}","  253 |     expect($output.attributes('tabindex')).toEqual('0')
  254 |     expect($output.attributes('aria-live')).toEqual('off')
> 255 |     expect($output.attributes('aria-valuemin')).toEqual('1')
      |    ^ Duplicate Assert
  256 |     expect($output.attributes('aria-valuemax')).toEqual('100')
  257 |     // These two attribute should not exist on the element
  258 |     expect($output.element.hasAttribute('aria-valuenow')).toBe(false)"
/home/gabriel/Disk/Research/research-javascript-test-smells/repositories/bootstrap-vue-dev/src/components/form-spinbutton/form-spinbutton.spec.js,Duplicate Assert,"{'line': 256, 'column': 4, 'index': 10121}","  254 |     expect($output.attributes('aria-live')).toEqual('off')
  255 |     expect($output.attributes('aria-valuemin')).toEqual('1')
> 256 |     expect($output.attributes('aria-valuemax')).toEqual('100')
      |    ^ Duplicate Assert
  257 |     // These two attribute should not exist on the element
  258 |     expect($output.element.hasAttribute('aria-valuenow')).toBe(false)
  259 |     expect($output.element.hasAttribute('aria-valuetext')).toBe(false)"
/home/gabriel/Disk/Research/research-javascript-test-smells/repositories/bootstrap-vue-dev/src/components/form-spinbutton/form-spinbutton.spec.js,Duplicate Assert,"{'line': 256, 'column': 4, 'index': 10121}","  254 |     expect($output.attributes('aria-live')).toEqual('off')
  255 |     expect($output.attributes('aria-valuemin')).toEqual('1')
> 256 |     expect($output.attributes('aria-valuemax')).toEqual('100')
      |    ^ Duplicate Assert
  257 |     // These two attribute should not exist on the element
  258 |     expect($output.element.hasAttribute('aria-valuenow')).toBe(false)
  259 |     expect($output.element.hasAttribute('aria-valuetext')).toBe(false)"
/home/gabriel/Disk/Research/research-javascript-test-smells/repositories/bootstrap-vue-dev/src/components/form-spinbutton/form-spinbutton.spec.js,Duplicate Assert,"{'line': 268, 'column': 4, 'index': 10682}","  266 |     await $decrement.trigger('mousedown')
  267 |     await $decrement.trigger('mouseup')
> 268 |     expect($output.attributes('aria-valuemin')).toEqual('1')
      |    ^ Duplicate Assert
  269 |     expect($output.attributes('aria-valuemax')).toEqual('100')
  270 |     expect($output.attributes('aria-valuenow')).toEqual('1')
  271 |     expect($output.attributes('aria-valuetext')).toEqual('1')"
/home/gabriel/Disk/Research/research-javascript-test-smells/repositories/bootstrap-vue-dev/src/components/form-spinbutton/form-spinbutton.spec.js,Duplicate Assert,"{'line': 268, 'column': 4, 'index': 10682}","  266 |     await $decrement.trigger('mousedown')
  267 |     await $decrement.trigger('mouseup')
> 268 |     expect($output.attributes('aria-valuemin')).toEqual('1')
      |    ^ Duplicate Assert
  269 |     expect($output.attributes('aria-valuemax')).toEqual('100')
  270 |     expect($output.attributes('aria-valuenow')).toEqual('1')
  271 |     expect($output.attributes('aria-valuetext')).toEqual('1')"
/home/gabriel/Disk/Research/research-javascript-test-smells/repositories/bootstrap-vue-dev/src/components/form-spinbutton/form-spinbutton.spec.js,Duplicate Assert,"{'line': 269, 'column': 4, 'index': 10743}","  267 |     await $decrement.trigger('mouseup')
  268 |     expect($output.attributes('aria-valuemin')).toEqual('1')
> 269 |     expect($output.attributes('aria-valuemax')).toEqual('100')
      |    ^ Duplicate Assert
  270 |     expect($output.attributes('aria-valuenow')).toEqual('1')
  271 |     expect($output.attributes('aria-valuetext')).toEqual('1')
  272 |"
/home/gabriel/Disk/Research/research-javascript-test-smells/repositories/bootstrap-vue-dev/src/components/form-spinbutton/form-spinbutton.spec.js,Duplicate Assert,"{'line': 269, 'column': 4, 'index': 10743}","  267 |     await $decrement.trigger('mouseup')
  268 |     expect($output.attributes('aria-valuemin')).toEqual('1')
> 269 |     expect($output.attributes('aria-valuemax')).toEqual('100')
      |    ^ Duplicate Assert
  270 |     expect($output.attributes('aria-valuenow')).toEqual('1')
  271 |     expect($output.attributes('aria-valuetext')).toEqual('1')
  272 |"
/home/gabriel/Disk/Research/research-javascript-test-smells/repositories/bootstrap-vue-dev/src/components/form-spinbutton/form-spinbutton.spec.js,Duplicate Assert,"{'line': 270, 'column': 4, 'index': 10806}","  268 |     expect($output.attributes('aria-valuemin')).toEqual('1')
  269 |     expect($output.attributes('aria-valuemax')).toEqual('100')
> 270 |     expect($output.attributes('aria-valuenow')).toEqual('1')
      |    ^ Duplicate Assert
  271 |     expect($output.attributes('aria-valuetext')).toEqual('1')
  272 |
  273 |     await $increment.trigger('mousedown')"
/home/gabriel/Disk/Research/research-javascript-test-smells/repositories/bootstrap-vue-dev/src/components/form-spinbutton/form-spinbutton.spec.js,Duplicate Assert,"{'line': 270, 'column': 4, 'index': 10806}","  268 |     expect($output.attributes('aria-valuemin')).toEqual('1')
  269 |     expect($output.attributes('aria-valuemax')).toEqual('100')
> 270 |     expect($output.attributes('aria-valuenow')).toEqual('1')
      |    ^ Duplicate Assert
  271 |     expect($output.attributes('aria-valuetext')).toEqual('1')
  272 |
  273 |     await $increment.trigger('mousedown')"
/home/gabriel/Disk/Research/research-javascript-test-smells/repositories/bootstrap-vue-dev/src/components/form-spinbutton/form-spinbutton.spec.js,Duplicate Assert,"{'line': 271, 'column': 4, 'index': 10867}","  269 |     expect($output.attributes('aria-valuemax')).toEqual('100')
  270 |     expect($output.attributes('aria-valuenow')).toEqual('1')
> 271 |     expect($output.attributes('aria-valuetext')).toEqual('1')
      |    ^ Duplicate Assert
  272 |
  273 |     await $increment.trigger('mousedown')
  274 |     await $increment.trigger('mouseup')"
/home/gabriel/Disk/Research/research-javascript-test-smells/repositories/bootstrap-vue-dev/src/components/form-spinbutton/form-spinbutton.spec.js,Duplicate Assert,"{'line': 271, 'column': 4, 'index': 10867}","  269 |     expect($output.attributes('aria-valuemax')).toEqual('100')
  270 |     expect($output.attributes('aria-valuenow')).toEqual('1')
> 271 |     expect($output.attributes('aria-valuetext')).toEqual('1')
      |    ^ Duplicate Assert
  272 |
  273 |     await $increment.trigger('mousedown')
  274 |     await $increment.trigger('mouseup')"
/home/gabriel/Disk/Research/research-javascript-test-smells/repositories/bootstrap-vue-dev/src/components/form-spinbutton/form-spinbutton.spec.js,Duplicate Assert,"{'line': 275, 'column': 4, 'index': 11012}","  273 |     await $increment.trigger('mousedown')
  274 |     await $increment.trigger('mouseup')
> 275 |     expect($output.attributes('aria-valuemin')).toEqual('1')
      |    ^ Duplicate Assert
  276 |     expect($output.attributes('aria-valuemax')).toEqual('100')
  277 |     expect($output.attributes('aria-valuenow')).toEqual('2')
  278 |     expect($output.attributes('aria-valuetext')).toEqual('2')"
/home/gabriel/Disk/Research/research-javascript-test-smells/repositories/bootstrap-vue-dev/src/components/form-spinbutton/form-spinbutton.spec.js,Duplicate Assert,"{'line': 275, 'column': 4, 'index': 11012}","  273 |     await $increment.trigger('mousedown')
  274 |     await $increment.trigger('mouseup')
> 275 |     expect($output.attributes('aria-valuemin')).toEqual('1')
      |    ^ Duplicate Assert
  276 |     expect($output.attributes('aria-valuemax')).toEqual('100')
  277 |     expect($output.attributes('aria-valuenow')).toEqual('2')
  278 |     expect($output.attributes('aria-valuetext')).toEqual('2')"
/home/gabriel/Disk/Research/research-javascript-test-smells/repositories/bootstrap-vue-dev/src/components/form-spinbutton/form-spinbutton.spec.js,Duplicate Assert,"{'line': 276, 'column': 4, 'index': 11073}","  274 |     await $increment.trigger('mouseup')
  275 |     expect($output.attributes('aria-valuemin')).toEqual('1')
> 276 |     expect($output.attributes('aria-valuemax')).toEqual('100')
      |    ^ Duplicate Assert
  277 |     expect($output.attributes('aria-valuenow')).toEqual('2')
  278 |     expect($output.attributes('aria-valuetext')).toEqual('2')
  279 |"
/home/gabriel/Disk/Research/research-javascript-test-smells/repositories/bootstrap-vue-dev/src/components/form-spinbutton/form-spinbutton.spec.js,Duplicate Assert,"{'line': 276, 'column': 4, 'index': 11073}","  274 |     await $increment.trigger('mouseup')
  275 |     expect($output.attributes('aria-valuemin')).toEqual('1')
> 276 |     expect($output.attributes('aria-valuemax')).toEqual('100')
      |    ^ Duplicate Assert
  277 |     expect($output.attributes('aria-valuenow')).toEqual('2')
  278 |     expect($output.attributes('aria-valuetext')).toEqual('2')
  279 |"
/home/gabriel/Disk/Research/research-javascript-test-smells/repositories/bootstrap-vue-dev/src/components/form-spinbutton/form-spinbutton.spec.js,Duplicate Assert,"{'line': 277, 'column': 4, 'index': 11136}","  275 |     expect($output.attributes('aria-valuemin')).toEqual('1')
  276 |     expect($output.attributes('aria-valuemax')).toEqual('100')
> 277 |     expect($output.attributes('aria-valuenow')).toEqual('2')
      |    ^ Duplicate Assert
  278 |     expect($output.attributes('aria-valuetext')).toEqual('2')
  279 |
  280 |     await $increment.trigger('mousedown')"
/home/gabriel/Disk/Research/research-javascript-test-smells/repositories/bootstrap-vue-dev/src/components/form-spinbutton/form-spinbutton.spec.js,Duplicate Assert,"{'line': 277, 'column': 4, 'index': 11136}","  275 |     expect($output.attributes('aria-valuemin')).toEqual('1')
  276 |     expect($output.attributes('aria-valuemax')).toEqual('100')
> 277 |     expect($output.attributes('aria-valuenow')).toEqual('2')
      |    ^ Duplicate Assert
  278 |     expect($output.attributes('aria-valuetext')).toEqual('2')
  279 |
  280 |     await $increment.trigger('mousedown')"
/home/gabriel/Disk/Research/research-javascript-test-smells/repositories/bootstrap-vue-dev/src/components/form-spinbutton/form-spinbutton.spec.js,Duplicate Assert,"{'line': 278, 'column': 4, 'index': 11197}","  276 |     expect($output.attributes('aria-valuemax')).toEqual('100')
  277 |     expect($output.attributes('aria-valuenow')).toEqual('2')
> 278 |     expect($output.attributes('aria-valuetext')).toEqual('2')
      |    ^ Duplicate Assert
  279 |
  280 |     await $increment.trigger('mousedown')
  281 |     await $increment.trigger('mouseup')"
/home/gabriel/Disk/Research/research-javascript-test-smells/repositories/bootstrap-vue-dev/src/components/form-spinbutton/form-spinbutton.spec.js,Duplicate Assert,"{'line': 278, 'column': 4, 'index': 11197}","  276 |     expect($output.attributes('aria-valuemax')).toEqual('100')
  277 |     expect($output.attributes('aria-valuenow')).toEqual('2')
> 278 |     expect($output.attributes('aria-valuetext')).toEqual('2')
      |    ^ Duplicate Assert
  279 |
  280 |     await $increment.trigger('mousedown')
  281 |     await $increment.trigger('mouseup')"
/home/gabriel/Disk/Research/research-javascript-test-smells/repositories/bootstrap-vue-dev/src/components/form-spinbutton/form-spinbutton.spec.js,Duplicate Assert,"{'line': 282, 'column': 4, 'index': 11342}","  280 |     await $increment.trigger('mousedown')
  281 |     await $increment.trigger('mouseup')
> 282 |     expect($output.attributes('aria-valuemin')).toEqual('1')
      |    ^ Duplicate Assert
  283 |     expect($output.attributes('aria-valuemax')).toEqual('100')
  284 |     expect($output.attributes('aria-valuenow')).toEqual('3')
  285 |     expect($output.attributes('aria-valuetext')).toEqual('3')"
/home/gabriel/Disk/Research/research-javascript-test-smells/repositories/bootstrap-vue-dev/src/components/form-spinbutton/form-spinbutton.spec.js,Duplicate Assert,"{'line': 282, 'column': 4, 'index': 11342}","  280 |     await $increment.trigger('mousedown')
  281 |     await $increment.trigger('mouseup')
> 282 |     expect($output.attributes('aria-valuemin')).toEqual('1')
      |    ^ Duplicate Assert
  283 |     expect($output.attributes('aria-valuemax')).toEqual('100')
  284 |     expect($output.attributes('aria-valuenow')).toEqual('3')
  285 |     expect($output.attributes('aria-valuetext')).toEqual('3')"
/home/gabriel/Disk/Research/research-javascript-test-smells/repositories/bootstrap-vue-dev/src/components/form-spinbutton/form-spinbutton.spec.js,Duplicate Assert,"{'line': 283, 'column': 4, 'index': 11403}","  281 |     await $increment.trigger('mouseup')
  282 |     expect($output.attributes('aria-valuemin')).toEqual('1')
> 283 |     expect($output.attributes('aria-valuemax')).toEqual('100')
      |    ^ Duplicate Assert
  284 |     expect($output.attributes('aria-valuenow')).toEqual('3')
  285 |     expect($output.attributes('aria-valuetext')).toEqual('3')
  286 |"
/home/gabriel/Disk/Research/research-javascript-test-smells/repositories/bootstrap-vue-dev/src/components/form-spinbutton/form-spinbutton.spec.js,Duplicate Assert,"{'line': 283, 'column': 4, 'index': 11403}","  281 |     await $increment.trigger('mouseup')
  282 |     expect($output.attributes('aria-valuemin')).toEqual('1')
> 283 |     expect($output.attributes('aria-valuemax')).toEqual('100')
      |    ^ Duplicate Assert
  284 |     expect($output.attributes('aria-valuenow')).toEqual('3')
  285 |     expect($output.attributes('aria-valuetext')).toEqual('3')
  286 |"
/home/gabriel/Disk/Research/research-javascript-test-smells/repositories/bootstrap-vue-dev/src/components/form-spinbutton/form-spinbutton.spec.js,Duplicate Assert,"{'line': 284, 'column': 4, 'index': 11466}","  282 |     expect($output.attributes('aria-valuemin')).toEqual('1')
  283 |     expect($output.attributes('aria-valuemax')).toEqual('100')
> 284 |     expect($output.attributes('aria-valuenow')).toEqual('3')
      |    ^ Duplicate Assert
  285 |     expect($output.attributes('aria-valuetext')).toEqual('3')
  286 |
  287 |     await $decrement.trigger('mousedown')"
/home/gabriel/Disk/Research/research-javascript-test-smells/repositories/bootstrap-vue-dev/src/components/form-spinbutton/form-spinbutton.spec.js,Duplicate Assert,"{'line': 285, 'column': 4, 'index': 11527}","  283 |     expect($output.attributes('aria-valuemax')).toEqual('100')
  284 |     expect($output.attributes('aria-valuenow')).toEqual('3')
> 285 |     expect($output.attributes('aria-valuetext')).toEqual('3')
      |    ^ Duplicate Assert
  286 |
  287 |     await $decrement.trigger('mousedown')
  288 |     await $decrement.trigger('mouseup')"
/home/gabriel/Disk/Research/research-javascript-test-smells/repositories/bootstrap-vue-dev/src/components/form-spinbutton/form-spinbutton.spec.js,Duplicate Assert,"{'line': 289, 'column': 4, 'index': 11672}","  287 |     await $decrement.trigger('mousedown')
  288 |     await $decrement.trigger('mouseup')
> 289 |     expect($output.attributes('aria-valuemin')).toEqual('1')
      |    ^ Duplicate Assert
  290 |     expect($output.attributes('aria-valuemax')).toEqual('100')
  291 |     expect($output.attributes('aria-valuenow')).toEqual('2')
  292 |     expect($output.attributes('aria-valuetext')).toEqual('2')"
/home/gabriel/Disk/Research/research-javascript-test-smells/repositories/bootstrap-vue-dev/src/components/form-spinbutton/form-spinbutton.spec.js,Duplicate Assert,"{'line': 289, 'column': 4, 'index': 11672}","  287 |     await $decrement.trigger('mousedown')
  288 |     await $decrement.trigger('mouseup')
> 289 |     expect($output.attributes('aria-valuemin')).toEqual('1')
      |    ^ Duplicate Assert
  290 |     expect($output.attributes('aria-valuemax')).toEqual('100')
  291 |     expect($output.attributes('aria-valuenow')).toEqual('2')
  292 |     expect($output.attributes('aria-valuetext')).toEqual('2')"
/home/gabriel/Disk/Research/research-javascript-test-smells/repositories/bootstrap-vue-dev/src/components/form-spinbutton/form-spinbutton.spec.js,Duplicate Assert,"{'line': 290, 'column': 4, 'index': 11733}","  288 |     await $decrement.trigger('mouseup')
  289 |     expect($output.attributes('aria-valuemin')).toEqual('1')
> 290 |     expect($output.attributes('aria-valuemax')).toEqual('100')
      |    ^ Duplicate Assert
  291 |     expect($output.attributes('aria-valuenow')).toEqual('2')
  292 |     expect($output.attributes('aria-valuetext')).toEqual('2')
  293 |"
/home/gabriel/Disk/Research/research-javascript-test-smells/repositories/bootstrap-vue-dev/src/components/form-spinbutton/form-spinbutton.spec.js,Duplicate Assert,"{'line': 290, 'column': 4, 'index': 11733}","  288 |     await $decrement.trigger('mouseup')
  289 |     expect($output.attributes('aria-valuemin')).toEqual('1')
> 290 |     expect($output.attributes('aria-valuemax')).toEqual('100')
      |    ^ Duplicate Assert
  291 |     expect($output.attributes('aria-valuenow')).toEqual('2')
  292 |     expect($output.attributes('aria-valuetext')).toEqual('2')
  293 |"
/home/gabriel/Disk/Research/research-javascript-test-smells/repositories/bootstrap-vue-dev/src/components/form-spinbutton/form-spinbutton.spec.js,Duplicate Assert,"{'line': 291, 'column': 4, 'index': 11796}","  289 |     expect($output.attributes('aria-valuemin')).toEqual('1')
  290 |     expect($output.attributes('aria-valuemax')).toEqual('100')
> 291 |     expect($output.attributes('aria-valuenow')).toEqual('2')
      |    ^ Duplicate Assert
  292 |     expect($output.attributes('aria-valuetext')).toEqual('2')
  293 |
  294 |     await $decrement.trigger('mousedown')"
/home/gabriel/Disk/Research/research-javascript-test-smells/repositories/bootstrap-vue-dev/src/components/form-spinbutton/form-spinbutton.spec.js,Duplicate Assert,"{'line': 291, 'column': 4, 'index': 11796}","  289 |     expect($output.attributes('aria-valuemin')).toEqual('1')
  290 |     expect($output.attributes('aria-valuemax')).toEqual('100')
> 291 |     expect($output.attributes('aria-valuenow')).toEqual('2')
      |    ^ Duplicate Assert
  292 |     expect($output.attributes('aria-valuetext')).toEqual('2')
  293 |
  294 |     await $decrement.trigger('mousedown')"
/home/gabriel/Disk/Research/research-javascript-test-smells/repositories/bootstrap-vue-dev/src/components/form-spinbutton/form-spinbutton.spec.js,Duplicate Assert,"{'line': 292, 'column': 4, 'index': 11857}","  290 |     expect($output.attributes('aria-valuemax')).toEqual('100')
  291 |     expect($output.attributes('aria-valuenow')).toEqual('2')
> 292 |     expect($output.attributes('aria-valuetext')).toEqual('2')
      |    ^ Duplicate Assert
  293 |
  294 |     await $decrement.trigger('mousedown')
  295 |     await $decrement.trigger('mouseup')"
/home/gabriel/Disk/Research/research-javascript-test-smells/repositories/bootstrap-vue-dev/src/components/form-spinbutton/form-spinbutton.spec.js,Duplicate Assert,"{'line': 292, 'column': 4, 'index': 11857}","  290 |     expect($output.attributes('aria-valuemax')).toEqual('100')
  291 |     expect($output.attributes('aria-valuenow')).toEqual('2')
> 292 |     expect($output.attributes('aria-valuetext')).toEqual('2')
      |    ^ Duplicate Assert
  293 |
  294 |     await $decrement.trigger('mousedown')
  295 |     await $decrement.trigger('mouseup')"
/home/gabriel/Disk/Research/research-javascript-test-smells/repositories/bootstrap-vue-dev/src/components/form-spinbutton/form-spinbutton.spec.js,Duplicate Assert,"{'line': 296, 'column': 4, 'index': 12002}","  294 |     await $decrement.trigger('mousedown')
  295 |     await $decrement.trigger('mouseup')
> 296 |     expect($output.attributes('aria-valuemin')).toEqual('1')
      |    ^ Duplicate Assert
  297 |     expect($output.attributes('aria-valuemax')).toEqual('100')
  298 |     expect($output.attributes('aria-valuenow')).toEqual('1')
  299 |     expect($output.attributes('aria-valuetext')).toEqual('1')"
/home/gabriel/Disk/Research/research-javascript-test-smells/repositories/bootstrap-vue-dev/src/components/form-spinbutton/form-spinbutton.spec.js,Duplicate Assert,"{'line': 296, 'column': 4, 'index': 12002}","  294 |     await $decrement.trigger('mousedown')
  295 |     await $decrement.trigger('mouseup')
> 296 |     expect($output.attributes('aria-valuemin')).toEqual('1')
      |    ^ Duplicate Assert
  297 |     expect($output.attributes('aria-valuemax')).toEqual('100')
  298 |     expect($output.attributes('aria-valuenow')).toEqual('1')
  299 |     expect($output.attributes('aria-valuetext')).toEqual('1')"
/home/gabriel/Disk/Research/research-javascript-test-smells/repositories/bootstrap-vue-dev/src/components/form-spinbutton/form-spinbutton.spec.js,Duplicate Assert,"{'line': 297, 'column': 4, 'index': 12063}","  295 |     await $decrement.trigger('mouseup')
  296 |     expect($output.attributes('aria-valuemin')).toEqual('1')
> 297 |     expect($output.attributes('aria-valuemax')).toEqual('100')
      |    ^ Duplicate Assert
  298 |     expect($output.attributes('aria-valuenow')).toEqual('1')
  299 |     expect($output.attributes('aria-valuetext')).toEqual('1')
  300 |"
/home/gabriel/Disk/Research/research-javascript-test-smells/repositories/bootstrap-vue-dev/src/components/form-spinbutton/form-spinbutton.spec.js,Duplicate Assert,"{'line': 297, 'column': 4, 'index': 12063}","  295 |     await $decrement.trigger('mouseup')
  296 |     expect($output.attributes('aria-valuemin')).toEqual('1')
> 297 |     expect($output.attributes('aria-valuemax')).toEqual('100')
      |    ^ Duplicate Assert
  298 |     expect($output.attributes('aria-valuenow')).toEqual('1')
  299 |     expect($output.attributes('aria-valuetext')).toEqual('1')
  300 |"
/home/gabriel/Disk/Research/research-javascript-test-smells/repositories/bootstrap-vue-dev/src/components/form-spinbutton/form-spinbutton.spec.js,Duplicate Assert,"{'line': 298, 'column': 4, 'index': 12126}","  296 |     expect($output.attributes('aria-valuemin')).toEqual('1')
  297 |     expect($output.attributes('aria-valuemax')).toEqual('100')
> 298 |     expect($output.attributes('aria-valuenow')).toEqual('1')
      |    ^ Duplicate Assert
  299 |     expect($output.attributes('aria-valuetext')).toEqual('1')
  300 |
  301 |     await $decrement.trigger('mousedown')"
/home/gabriel/Disk/Research/research-javascript-test-smells/repositories/bootstrap-vue-dev/src/components/form-spinbutton/form-spinbutton.spec.js,Duplicate Assert,"{'line': 298, 'column': 4, 'index': 12126}","  296 |     expect($output.attributes('aria-valuemin')).toEqual('1')
  297 |     expect($output.attributes('aria-valuemax')).toEqual('100')
> 298 |     expect($output.attributes('aria-valuenow')).toEqual('1')
      |    ^ Duplicate Assert
  299 |     expect($output.attributes('aria-valuetext')).toEqual('1')
  300 |
  301 |     await $decrement.trigger('mousedown')"
/home/gabriel/Disk/Research/research-javascript-test-smells/repositories/bootstrap-vue-dev/src/components/form-spinbutton/form-spinbutton.spec.js,Duplicate Assert,"{'line': 299, 'column': 4, 'index': 12187}","  297 |     expect($output.attributes('aria-valuemax')).toEqual('100')
  298 |     expect($output.attributes('aria-valuenow')).toEqual('1')
> 299 |     expect($output.attributes('aria-valuetext')).toEqual('1')
      |    ^ Duplicate Assert
  300 |
  301 |     await $decrement.trigger('mousedown')
  302 |     await $decrement.trigger('mouseup')"
/home/gabriel/Disk/Research/research-javascript-test-smells/repositories/bootstrap-vue-dev/src/components/form-spinbutton/form-spinbutton.spec.js,Duplicate Assert,"{'line': 299, 'column': 4, 'index': 12187}","  297 |     expect($output.attributes('aria-valuemax')).toEqual('100')
  298 |     expect($output.attributes('aria-valuenow')).toEqual('1')
> 299 |     expect($output.attributes('aria-valuetext')).toEqual('1')
      |    ^ Duplicate Assert
  300 |
  301 |     await $decrement.trigger('mousedown')
  302 |     await $decrement.trigger('mouseup')"
/home/gabriel/Disk/Research/research-javascript-test-smells/repositories/bootstrap-vue-dev/src/components/form-spinbutton/form-spinbutton.spec.js,Duplicate Assert,"{'line': 303, 'column': 4, 'index': 12332}","  301 |     await $decrement.trigger('mousedown')
  302 |     await $decrement.trigger('mouseup')
> 303 |     expect($output.attributes('aria-valuemin')).toEqual('1')
      |    ^ Duplicate Assert
  304 |     expect($output.attributes('aria-valuemax')).toEqual('100')
  305 |     // `wrap` is off so it should not change to `1`
  306 |     expect($output.attributes('aria-valuenow')).toEqual('1')"
/home/gabriel/Disk/Research/research-javascript-test-smells/repositories/bootstrap-vue-dev/src/components/form-spinbutton/form-spinbutton.spec.js,Duplicate Assert,"{'line': 303, 'column': 4, 'index': 12332}","  301 |     await $decrement.trigger('mousedown')
  302 |     await $decrement.trigger('mouseup')
> 303 |     expect($output.attributes('aria-valuemin')).toEqual('1')
      |    ^ Duplicate Assert
  304 |     expect($output.attributes('aria-valuemax')).toEqual('100')
  305 |     // `wrap` is off so it should not change to `1`
  306 |     expect($output.attributes('aria-valuenow')).toEqual('1')"
/home/gabriel/Disk/Research/research-javascript-test-smells/repositories/bootstrap-vue-dev/src/components/form-spinbutton/form-spinbutton.spec.js,Duplicate Assert,"{'line': 304, 'column': 4, 'index': 12393}","  302 |     await $decrement.trigger('mouseup')
  303 |     expect($output.attributes('aria-valuemin')).toEqual('1')
> 304 |     expect($output.attributes('aria-valuemax')).toEqual('100')
      |    ^ Duplicate Assert
  305 |     // `wrap` is off so it should not change to `1`
  306 |     expect($output.attributes('aria-valuenow')).toEqual('1')
  307 |     expect($output.attributes('aria-valuetext')).toEqual('1')"
/home/gabriel/Disk/Research/research-javascript-test-smells/repositories/bootstrap-vue-dev/src/components/form-spinbutton/form-spinbutton.spec.js,Duplicate Assert,"{'line': 304, 'column': 4, 'index': 12393}","  302 |     await $decrement.trigger('mouseup')
  303 |     expect($output.attributes('aria-valuemin')).toEqual('1')
> 304 |     expect($output.attributes('aria-valuemax')).toEqual('100')
      |    ^ Duplicate Assert
  305 |     // `wrap` is off so it should not change to `1`
  306 |     expect($output.attributes('aria-valuenow')).toEqual('1')
  307 |     expect($output.attributes('aria-valuetext')).toEqual('1')"
/home/gabriel/Disk/Research/research-javascript-test-smells/repositories/bootstrap-vue-dev/src/components/form-spinbutton/form-spinbutton.spec.js,Duplicate Assert,"{'line': 306, 'column': 4, 'index': 12508}","  304 |     expect($output.attributes('aria-valuemax')).toEqual('100')
  305 |     // `wrap` is off so it should not change to `1`
> 306 |     expect($output.attributes('aria-valuenow')).toEqual('1')
      |    ^ Duplicate Assert
  307 |     expect($output.attributes('aria-valuetext')).toEqual('1')
  308 |
  309 |     await wrapper.setProps({ wrap: true })"
/home/gabriel/Disk/Research/research-javascript-test-smells/repositories/bootstrap-vue-dev/src/components/form-spinbutton/form-spinbutton.spec.js,Duplicate Assert,"{'line': 306, 'column': 4, 'index': 12508}","  304 |     expect($output.attributes('aria-valuemax')).toEqual('100')
  305 |     // `wrap` is off so it should not change to `1`
> 306 |     expect($output.attributes('aria-valuenow')).toEqual('1')
      |    ^ Duplicate Assert
  307 |     expect($output.attributes('aria-valuetext')).toEqual('1')
  308 |
  309 |     await wrapper.setProps({ wrap: true })"
/home/gabriel/Disk/Research/research-javascript-test-smells/repositories/bootstrap-vue-dev/src/components/form-spinbutton/form-spinbutton.spec.js,Duplicate Assert,"{'line': 307, 'column': 4, 'index': 12569}","  305 |     // `wrap` is off so it should not change to `1`
  306 |     expect($output.attributes('aria-valuenow')).toEqual('1')
> 307 |     expect($output.attributes('aria-valuetext')).toEqual('1')
      |    ^ Duplicate Assert
  308 |
  309 |     await wrapper.setProps({ wrap: true })
  310 |     await $decrement.trigger('mousedown')"
/home/gabriel/Disk/Research/research-javascript-test-smells/repositories/bootstrap-vue-dev/src/components/form-spinbutton/form-spinbutton.spec.js,Duplicate Assert,"{'line': 307, 'column': 4, 'index': 12569}","  305 |     // `wrap` is off so it should not change to `1`
  306 |     expect($output.attributes('aria-valuenow')).toEqual('1')
> 307 |     expect($output.attributes('aria-valuetext')).toEqual('1')
      |    ^ Duplicate Assert
  308 |
  309 |     await wrapper.setProps({ wrap: true })
  310 |     await $decrement.trigger('mousedown')"
/home/gabriel/Disk/Research/research-javascript-test-smells/repositories/bootstrap-vue-dev/src/components/form-spinbutton/form-spinbutton.spec.js,Duplicate Assert,"{'line': 312, 'column': 4, 'index': 12757}","  310 |     await $decrement.trigger('mousedown')
  311 |     await $decrement.trigger('mouseup')
> 312 |     expect($output.attributes('aria-valuemin')).toEqual('1')
      |    ^ Duplicate Assert
  313 |     expect($output.attributes('aria-valuemax')).toEqual('100')
  314 |     // wrap is on so it should change to 100
  315 |     expect($output.attributes('aria-valuenow')).toEqual('100')"
/home/gabriel/Disk/Research/research-javascript-test-smells/repositories/bootstrap-vue-dev/src/components/form-spinbutton/form-spinbutton.spec.js,Duplicate Assert,"{'line': 312, 'column': 4, 'index': 12757}","  310 |     await $decrement.trigger('mousedown')
  311 |     await $decrement.trigger('mouseup')
> 312 |     expect($output.attributes('aria-valuemin')).toEqual('1')
      |    ^ Duplicate Assert
  313 |     expect($output.attributes('aria-valuemax')).toEqual('100')
  314 |     // wrap is on so it should change to 100
  315 |     expect($output.attributes('aria-valuenow')).toEqual('100')"
/home/gabriel/Disk/Research/research-javascript-test-smells/repositories/bootstrap-vue-dev/src/components/form-spinbutton/form-spinbutton.spec.js,Duplicate Assert,"{'line': 313, 'column': 4, 'index': 12818}","  311 |     await $decrement.trigger('mouseup')
  312 |     expect($output.attributes('aria-valuemin')).toEqual('1')
> 313 |     expect($output.attributes('aria-valuemax')).toEqual('100')
      |    ^ Duplicate Assert
  314 |     // wrap is on so it should change to 100
  315 |     expect($output.attributes('aria-valuenow')).toEqual('100')
  316 |     expect($output.attributes('aria-valuetext')).toEqual('100')"
/home/gabriel/Disk/Research/research-javascript-test-smells/repositories/bootstrap-vue-dev/src/components/form-spinbutton/form-spinbutton.spec.js,Duplicate Assert,"{'line': 313, 'column': 4, 'index': 12818}","  311 |     await $decrement.trigger('mouseup')
  312 |     expect($output.attributes('aria-valuemin')).toEqual('1')
> 313 |     expect($output.attributes('aria-valuemax')).toEqual('100')
      |    ^ Duplicate Assert
  314 |     // wrap is on so it should change to 100
  315 |     expect($output.attributes('aria-valuenow')).toEqual('100')
  316 |     expect($output.attributes('aria-valuetext')).toEqual('100')"
/home/gabriel/Disk/Research/research-javascript-test-smells/repositories/bootstrap-vue-dev/src/components/form-spinbutton/form-spinbutton.spec.js,Duplicate Assert,"{'line': 315, 'column': 4, 'index': 12926}","  313 |     expect($output.attributes('aria-valuemax')).toEqual('100')
  314 |     // wrap is on so it should change to 100
> 315 |     expect($output.attributes('aria-valuenow')).toEqual('100')
      |    ^ Duplicate Assert
  316 |     expect($output.attributes('aria-valuetext')).toEqual('100')
  317 |
  318 |     await $increment.trigger('mousedown')"
/home/gabriel/Disk/Research/research-javascript-test-smells/repositories/bootstrap-vue-dev/src/components/form-spinbutton/form-spinbutton.spec.js,Duplicate Assert,"{'line': 316, 'column': 4, 'index': 12989}","  314 |     // wrap is on so it should change to 100
  315 |     expect($output.attributes('aria-valuenow')).toEqual('100')
> 316 |     expect($output.attributes('aria-valuetext')).toEqual('100')
      |    ^ Duplicate Assert
  317 |
  318 |     await $increment.trigger('mousedown')
  319 |     await $increment.trigger('mouseup')"
/home/gabriel/Disk/Research/research-javascript-test-smells/repositories/bootstrap-vue-dev/src/components/form-spinbutton/form-spinbutton.spec.js,Duplicate Assert,"{'line': 320, 'column': 4, 'index': 13136}","  318 |     await $increment.trigger('mousedown')
  319 |     await $increment.trigger('mouseup')
> 320 |     expect($output.attributes('aria-valuemin')).toEqual('1')
      |    ^ Duplicate Assert
  321 |     expect($output.attributes('aria-valuemax')).toEqual('100')
  322 |     // wrap is on so it should change to 1
  323 |     expect($output.attributes('aria-valuenow')).toEqual('1')"
/home/gabriel/Disk/Research/research-javascript-test-smells/repositories/bootstrap-vue-dev/src/components/form-spinbutton/form-spinbutton.spec.js,Duplicate Assert,"{'line': 320, 'column': 4, 'index': 13136}","  318 |     await $increment.trigger('mousedown')
  319 |     await $increment.trigger('mouseup')
> 320 |     expect($output.attributes('aria-valuemin')).toEqual('1')
      |    ^ Duplicate Assert
  321 |     expect($output.attributes('aria-valuemax')).toEqual('100')
  322 |     // wrap is on so it should change to 1
  323 |     expect($output.attributes('aria-valuenow')).toEqual('1')"
/home/gabriel/Disk/Research/research-javascript-test-smells/repositories/bootstrap-vue-dev/src/components/form-spinbutton/form-spinbutton.spec.js,Duplicate Assert,"{'line': 321, 'column': 4, 'index': 13197}","  319 |     await $increment.trigger('mouseup')
  320 |     expect($output.attributes('aria-valuemin')).toEqual('1')
> 321 |     expect($output.attributes('aria-valuemax')).toEqual('100')
      |    ^ Duplicate Assert
  322 |     // wrap is on so it should change to 1
  323 |     expect($output.attributes('aria-valuenow')).toEqual('1')
  324 |     expect($output.attributes('aria-valuetext')).toEqual('1')"
/home/gabriel/Disk/Research/research-javascript-test-smells/repositories/bootstrap-vue-dev/src/components/form-spinbutton/form-spinbutton.spec.js,Duplicate Assert,"{'line': 321, 'column': 4, 'index': 13197}","  319 |     await $increment.trigger('mouseup')
  320 |     expect($output.attributes('aria-valuemin')).toEqual('1')
> 321 |     expect($output.attributes('aria-valuemax')).toEqual('100')
      |    ^ Duplicate Assert
  322 |     // wrap is on so it should change to 1
  323 |     expect($output.attributes('aria-valuenow')).toEqual('1')
  324 |     expect($output.attributes('aria-valuetext')).toEqual('1')"
/home/gabriel/Disk/Research/research-javascript-test-smells/repositories/bootstrap-vue-dev/src/components/form-spinbutton/form-spinbutton.spec.js,Duplicate Assert,"{'line': 323, 'column': 4, 'index': 13303}","  321 |     expect($output.attributes('aria-valuemax')).toEqual('100')
  322 |     // wrap is on so it should change to 1
> 323 |     expect($output.attributes('aria-valuenow')).toEqual('1')
      |    ^ Duplicate Assert
  324 |     expect($output.attributes('aria-valuetext')).toEqual('1')
  325 |
  326 |     await wrapper.setProps({ disabled: true })"
/home/gabriel/Disk/Research/research-javascript-test-smells/repositories/bootstrap-vue-dev/src/components/form-spinbutton/form-spinbutton.spec.js,Duplicate Assert,"{'line': 323, 'column': 4, 'index': 13303}","  321 |     expect($output.attributes('aria-valuemax')).toEqual('100')
  322 |     // wrap is on so it should change to 1
> 323 |     expect($output.attributes('aria-valuenow')).toEqual('1')
      |    ^ Duplicate Assert
  324 |     expect($output.attributes('aria-valuetext')).toEqual('1')
  325 |
  326 |     await wrapper.setProps({ disabled: true })"
/home/gabriel/Disk/Research/research-javascript-test-smells/repositories/bootstrap-vue-dev/src/components/form-spinbutton/form-spinbutton.spec.js,Duplicate Assert,"{'line': 324, 'column': 4, 'index': 13364}","  322 |     // wrap is on so it should change to 1
  323 |     expect($output.attributes('aria-valuenow')).toEqual('1')
> 324 |     expect($output.attributes('aria-valuetext')).toEqual('1')
      |    ^ Duplicate Assert
  325 |
  326 |     await wrapper.setProps({ disabled: true })
  327 |     await $increment.trigger('mousedown')"
/home/gabriel/Disk/Research/research-javascript-test-smells/repositories/bootstrap-vue-dev/src/components/form-spinbutton/form-spinbutton.spec.js,Duplicate Assert,"{'line': 324, 'column': 4, 'index': 13364}","  322 |     // wrap is on so it should change to 1
  323 |     expect($output.attributes('aria-valuenow')).toEqual('1')
> 324 |     expect($output.attributes('aria-valuetext')).toEqual('1')
      |    ^ Duplicate Assert
  325 |
  326 |     await wrapper.setProps({ disabled: true })
  327 |     await $increment.trigger('mousedown')"
/home/gabriel/Disk/Research/research-javascript-test-smells/repositories/bootstrap-vue-dev/src/components/form-spinbutton/form-spinbutton.spec.js,Duplicate Assert,"{'line': 329, 'column': 4, 'index': 13556}","  327 |     await $increment.trigger('mousedown')
  328 |     await $increment.trigger('mouseup')
> 329 |     expect($output.attributes('aria-valuemin')).toEqual('1')
      |    ^ Duplicate Assert
  330 |     expect($output.attributes('aria-valuemax')).toEqual('100')
  331 |     // Disabled so should not change
  332 |     expect($output.attributes('aria-valuenow')).toEqual('1')"
/home/gabriel/Disk/Research/research-javascript-test-smells/repositories/bootstrap-vue-dev/src/components/form-spinbutton/form-spinbutton.spec.js,Duplicate Assert,"{'line': 329, 'column': 4, 'index': 13556}","  327 |     await $increment.trigger('mousedown')
  328 |     await $increment.trigger('mouseup')
> 329 |     expect($output.attributes('aria-valuemin')).toEqual('1')
      |    ^ Duplicate Assert
  330 |     expect($output.attributes('aria-valuemax')).toEqual('100')
  331 |     // Disabled so should not change
  332 |     expect($output.attributes('aria-valuenow')).toEqual('1')"
/home/gabriel/Disk/Research/research-javascript-test-smells/repositories/bootstrap-vue-dev/src/components/form-spinbutton/form-spinbutton.spec.js,Duplicate Assert,"{'line': 330, 'column': 4, 'index': 13617}","  328 |     await $increment.trigger('mouseup')
  329 |     expect($output.attributes('aria-valuemin')).toEqual('1')
> 330 |     expect($output.attributes('aria-valuemax')).toEqual('100')
      |    ^ Duplicate Assert
  331 |     // Disabled so should not change
  332 |     expect($output.attributes('aria-valuenow')).toEqual('1')
  333 |     expect($output.attributes('aria-valuetext')).toEqual('1')"
/home/gabriel/Disk/Research/research-javascript-test-smells/repositories/bootstrap-vue-dev/src/components/form-spinbutton/form-spinbutton.spec.js,Duplicate Assert,"{'line': 330, 'column': 4, 'index': 13617}","  328 |     await $increment.trigger('mouseup')
  329 |     expect($output.attributes('aria-valuemin')).toEqual('1')
> 330 |     expect($output.attributes('aria-valuemax')).toEqual('100')
      |    ^ Duplicate Assert
  331 |     // Disabled so should not change
  332 |     expect($output.attributes('aria-valuenow')).toEqual('1')
  333 |     expect($output.attributes('aria-valuetext')).toEqual('1')"
/home/gabriel/Disk/Research/research-javascript-test-smells/repositories/bootstrap-vue-dev/src/components/form-spinbutton/form-spinbutton.spec.js,Duplicate Assert,"{'line': 332, 'column': 4, 'index': 13717}","  330 |     expect($output.attributes('aria-valuemax')).toEqual('100')
  331 |     // Disabled so should not change
> 332 |     expect($output.attributes('aria-valuenow')).toEqual('1')
      |    ^ Duplicate Assert
  333 |     expect($output.attributes('aria-valuetext')).toEqual('1')
  334 |
  335 |     await $decrement.trigger('mousedown')"
/home/gabriel/Disk/Research/research-javascript-test-smells/repositories/bootstrap-vue-dev/src/components/form-spinbutton/form-spinbutton.spec.js,Duplicate Assert,"{'line': 332, 'column': 4, 'index': 13717}","  330 |     expect($output.attributes('aria-valuemax')).toEqual('100')
  331 |     // Disabled so should not change
> 332 |     expect($output.attributes('aria-valuenow')).toEqual('1')
      |    ^ Duplicate Assert
  333 |     expect($output.attributes('aria-valuetext')).toEqual('1')
  334 |
  335 |     await $decrement.trigger('mousedown')"
/home/gabriel/Disk/Research/research-javascript-test-smells/repositories/bootstrap-vue-dev/src/components/form-spinbutton/form-spinbutton.spec.js,Duplicate Assert,"{'line': 333, 'column': 4, 'index': 13778}","  331 |     // Disabled so should not change
  332 |     expect($output.attributes('aria-valuenow')).toEqual('1')
> 333 |     expect($output.attributes('aria-valuetext')).toEqual('1')
      |    ^ Duplicate Assert
  334 |
  335 |     await $decrement.trigger('mousedown')
  336 |     await $decrement.trigger('mouseup')"
/home/gabriel/Disk/Research/research-javascript-test-smells/repositories/bootstrap-vue-dev/src/components/form-spinbutton/form-spinbutton.spec.js,Duplicate Assert,"{'line': 333, 'column': 4, 'index': 13778}","  331 |     // Disabled so should not change
  332 |     expect($output.attributes('aria-valuenow')).toEqual('1')
> 333 |     expect($output.attributes('aria-valuetext')).toEqual('1')
      |    ^ Duplicate Assert
  334 |
  335 |     await $decrement.trigger('mousedown')
  336 |     await $decrement.trigger('mouseup')"
/home/gabriel/Disk/Research/research-javascript-test-smells/repositories/bootstrap-vue-dev/src/components/form-spinbutton/form-spinbutton.spec.js,Duplicate Assert,"{'line': 337, 'column': 4, 'index': 13923}","  335 |     await $decrement.trigger('mousedown')
  336 |     await $decrement.trigger('mouseup')
> 337 |     expect($output.attributes('aria-valuemin')).toEqual('1')
      |    ^ Duplicate Assert
  338 |     expect($output.attributes('aria-valuemax')).toEqual('100')
  339 |     // Disabled so should not change
  340 |     expect($output.attributes('aria-valuenow')).toEqual('1')"
/home/gabriel/Disk/Research/research-javascript-test-smells/repositories/bootstrap-vue-dev/src/components/form-spinbutton/form-spinbutton.spec.js,Duplicate Assert,"{'line': 337, 'column': 4, 'index': 13923}","  335 |     await $decrement.trigger('mousedown')
  336 |     await $decrement.trigger('mouseup')
> 337 |     expect($output.attributes('aria-valuemin')).toEqual('1')
      |    ^ Duplicate Assert
  338 |     expect($output.attributes('aria-valuemax')).toEqual('100')
  339 |     // Disabled so should not change
  340 |     expect($output.attributes('aria-valuenow')).toEqual('1')"
/home/gabriel/Disk/Research/research-javascript-test-smells/repositories/bootstrap-vue-dev/src/components/form-spinbutton/form-spinbutton.spec.js,Duplicate Assert,"{'line': 338, 'column': 4, 'index': 13984}","  336 |     await $decrement.trigger('mouseup')
  337 |     expect($output.attributes('aria-valuemin')).toEqual('1')
> 338 |     expect($output.attributes('aria-valuemax')).toEqual('100')
      |    ^ Duplicate Assert
  339 |     // Disabled so should not change
  340 |     expect($output.attributes('aria-valuenow')).toEqual('1')
  341 |     expect($output.attributes('aria-valuetext')).toEqual('1')"
/home/gabriel/Disk/Research/research-javascript-test-smells/repositories/bootstrap-vue-dev/src/components/form-spinbutton/form-spinbutton.spec.js,Duplicate Assert,"{'line': 338, 'column': 4, 'index': 13984}","  336 |     await $decrement.trigger('mouseup')
  337 |     expect($output.attributes('aria-valuemin')).toEqual('1')
> 338 |     expect($output.attributes('aria-valuemax')).toEqual('100')
      |    ^ Duplicate Assert
  339 |     // Disabled so should not change
  340 |     expect($output.attributes('aria-valuenow')).toEqual('1')
  341 |     expect($output.attributes('aria-valuetext')).toEqual('1')"
/home/gabriel/Disk/Research/research-javascript-test-smells/repositories/bootstrap-vue-dev/src/components/form-spinbutton/form-spinbutton.spec.js,Duplicate Assert,"{'line': 340, 'column': 4, 'index': 14084}","  338 |     expect($output.attributes('aria-valuemax')).toEqual('100')
  339 |     // Disabled so should not change
> 340 |     expect($output.attributes('aria-valuenow')).toEqual('1')
      |    ^ Duplicate Assert
  341 |     expect($output.attributes('aria-valuetext')).toEqual('1')
  342 |
  343 |     await wrapper.setProps({"
/home/gabriel/Disk/Research/research-javascript-test-smells/repositories/bootstrap-vue-dev/src/components/form-spinbutton/form-spinbutton.spec.js,Duplicate Assert,"{'line': 340, 'column': 4, 'index': 14084}","  338 |     expect($output.attributes('aria-valuemax')).toEqual('100')
  339 |     // Disabled so should not change
> 340 |     expect($output.attributes('aria-valuenow')).toEqual('1')
      |    ^ Duplicate Assert
  341 |     expect($output.attributes('aria-valuetext')).toEqual('1')
  342 |
  343 |     await wrapper.setProps({"
/home/gabriel/Disk/Research/research-javascript-test-smells/repositories/bootstrap-vue-dev/src/components/form-spinbutton/form-spinbutton.spec.js,Duplicate Assert,"{'line': 341, 'column': 4, 'index': 14145}","  339 |     // Disabled so should not change
  340 |     expect($output.attributes('aria-valuenow')).toEqual('1')
> 341 |     expect($output.attributes('aria-valuetext')).toEqual('1')
      |    ^ Duplicate Assert
  342 |
  343 |     await wrapper.setProps({
  344 |       disabled: false,"
/home/gabriel/Disk/Research/research-javascript-test-smells/repositories/bootstrap-vue-dev/src/components/form-spinbutton/form-spinbutton.spec.js,Duplicate Assert,"{'line': 341, 'column': 4, 'index': 14145}","  339 |     // Disabled so should not change
  340 |     expect($output.attributes('aria-valuenow')).toEqual('1')
> 341 |     expect($output.attributes('aria-valuetext')).toEqual('1')
      |    ^ Duplicate Assert
  342 |
  343 |     await wrapper.setProps({
  344 |       disabled: false,"
/home/gabriel/Disk/Research/research-javascript-test-smells/repositories/bootstrap-vue-dev/src/components/form-spinbutton/form-spinbutton.spec.js,Duplicate Assert,"{'line': 349, 'column': 4, 'index': 14370}","  347 |     await $increment.trigger('mousedown')
  348 |     await $increment.trigger('mouseup')
> 349 |     expect($output.attributes('aria-valuemin')).toEqual('1')
      |    ^ Duplicate Assert
  350 |     expect($output.attributes('aria-valuemax')).toEqual('100')
  351 |     // Readonly so should not change
  352 |     expect($output.attributes('aria-valuenow')).toEqual('1')"
/home/gabriel/Disk/Research/research-javascript-test-smells/repositories/bootstrap-vue-dev/src/components/form-spinbutton/form-spinbutton.spec.js,Duplicate Assert,"{'line': 349, 'column': 4, 'index': 14370}","  347 |     await $increment.trigger('mousedown')
  348 |     await $increment.trigger('mouseup')
> 349 |     expect($output.attributes('aria-valuemin')).toEqual('1')
      |    ^ Duplicate Assert
  350 |     expect($output.attributes('aria-valuemax')).toEqual('100')
  351 |     // Readonly so should not change
  352 |     expect($output.attributes('aria-valuenow')).toEqual('1')"
/home/gabriel/Disk/Research/research-javascript-test-smells/repositories/bootstrap-vue-dev/src/components/form-spinbutton/form-spinbutton.spec.js,Duplicate Assert,"{'line': 350, 'column': 4, 'index': 14431}","  348 |     await $increment.trigger('mouseup')
  349 |     expect($output.attributes('aria-valuemin')).toEqual('1')
> 350 |     expect($output.attributes('aria-valuemax')).toEqual('100')
      |    ^ Duplicate Assert
  351 |     // Readonly so should not change
  352 |     expect($output.attributes('aria-valuenow')).toEqual('1')
  353 |     expect($output.attributes('aria-valuetext')).toEqual('1')"
/home/gabriel/Disk/Research/research-javascript-test-smells/repositories/bootstrap-vue-dev/src/components/form-spinbutton/form-spinbutton.spec.js,Duplicate Assert,"{'line': 350, 'column': 4, 'index': 14431}","  348 |     await $increment.trigger('mouseup')
  349 |     expect($output.attributes('aria-valuemin')).toEqual('1')
> 350 |     expect($output.attributes('aria-valuemax')).toEqual('100')
      |    ^ Duplicate Assert
  351 |     // Readonly so should not change
  352 |     expect($output.attributes('aria-valuenow')).toEqual('1')
  353 |     expect($output.attributes('aria-valuetext')).toEqual('1')"
/home/gabriel/Disk/Research/research-javascript-test-smells/repositories/bootstrap-vue-dev/src/components/form-spinbutton/form-spinbutton.spec.js,Duplicate Assert,"{'line': 352, 'column': 4, 'index': 14531}","  350 |     expect($output.attributes('aria-valuemax')).toEqual('100')
  351 |     // Readonly so should not change
> 352 |     expect($output.attributes('aria-valuenow')).toEqual('1')
      |    ^ Duplicate Assert
  353 |     expect($output.attributes('aria-valuetext')).toEqual('1')
  354 |
  355 |     await $decrement.trigger('mousedown')"
/home/gabriel/Disk/Research/research-javascript-test-smells/repositories/bootstrap-vue-dev/src/components/form-spinbutton/form-spinbutton.spec.js,Duplicate Assert,"{'line': 352, 'column': 4, 'index': 14531}","  350 |     expect($output.attributes('aria-valuemax')).toEqual('100')
  351 |     // Readonly so should not change
> 352 |     expect($output.attributes('aria-valuenow')).toEqual('1')
      |    ^ Duplicate Assert
  353 |     expect($output.attributes('aria-valuetext')).toEqual('1')
  354 |
  355 |     await $decrement.trigger('mousedown')"
/home/gabriel/Disk/Research/research-javascript-test-smells/repositories/bootstrap-vue-dev/src/components/form-spinbutton/form-spinbutton.spec.js,Duplicate Assert,"{'line': 353, 'column': 4, 'index': 14592}","  351 |     // Readonly so should not change
  352 |     expect($output.attributes('aria-valuenow')).toEqual('1')
> 353 |     expect($output.attributes('aria-valuetext')).toEqual('1')
      |    ^ Duplicate Assert
  354 |
  355 |     await $decrement.trigger('mousedown')
  356 |     await $decrement.trigger('mouseup')"
/home/gabriel/Disk/Research/research-javascript-test-smells/repositories/bootstrap-vue-dev/src/components/form-spinbutton/form-spinbutton.spec.js,Duplicate Assert,"{'line': 353, 'column': 4, 'index': 14592}","  351 |     // Readonly so should not change
  352 |     expect($output.attributes('aria-valuenow')).toEqual('1')
> 353 |     expect($output.attributes('aria-valuetext')).toEqual('1')
      |    ^ Duplicate Assert
  354 |
  355 |     await $decrement.trigger('mousedown')
  356 |     await $decrement.trigger('mouseup')"
/home/gabriel/Disk/Research/research-javascript-test-smells/repositories/bootstrap-vue-dev/src/components/form-spinbutton/form-spinbutton.spec.js,Duplicate Assert,"{'line': 357, 'column': 4, 'index': 14737}","  355 |     await $decrement.trigger('mousedown')
  356 |     await $decrement.trigger('mouseup')
> 357 |     expect($output.attributes('aria-valuemin')).toEqual('1')
      |    ^ Duplicate Assert
  358 |     expect($output.attributes('aria-valuemax')).toEqual('100')
  359 |     // Readonly so should not change
  360 |     expect($output.attributes('aria-valuenow')).toEqual('1')"
/home/gabriel/Disk/Research/research-javascript-test-smells/repositories/bootstrap-vue-dev/src/components/form-spinbutton/form-spinbutton.spec.js,Duplicate Assert,"{'line': 357, 'column': 4, 'index': 14737}","  355 |     await $decrement.trigger('mousedown')
  356 |     await $decrement.trigger('mouseup')
> 357 |     expect($output.attributes('aria-valuemin')).toEqual('1')
      |    ^ Duplicate Assert
  358 |     expect($output.attributes('aria-valuemax')).toEqual('100')
  359 |     // Readonly so should not change
  360 |     expect($output.attributes('aria-valuenow')).toEqual('1')"
/home/gabriel/Disk/Research/research-javascript-test-smells/repositories/bootstrap-vue-dev/src/components/form-spinbutton/form-spinbutton.spec.js,Duplicate Assert,"{'line': 358, 'column': 4, 'index': 14798}","  356 |     await $decrement.trigger('mouseup')
  357 |     expect($output.attributes('aria-valuemin')).toEqual('1')
> 358 |     expect($output.attributes('aria-valuemax')).toEqual('100')
      |    ^ Duplicate Assert
  359 |     // Readonly so should not change
  360 |     expect($output.attributes('aria-valuenow')).toEqual('1')
  361 |     expect($output.attributes('aria-valuetext')).toEqual('1')"
/home/gabriel/Disk/Research/research-javascript-test-smells/repositories/bootstrap-vue-dev/src/components/form-spinbutton/form-spinbutton.spec.js,Duplicate Assert,"{'line': 358, 'column': 4, 'index': 14798}","  356 |     await $decrement.trigger('mouseup')
  357 |     expect($output.attributes('aria-valuemin')).toEqual('1')
> 358 |     expect($output.attributes('aria-valuemax')).toEqual('100')
      |    ^ Duplicate Assert
  359 |     // Readonly so should not change
  360 |     expect($output.attributes('aria-valuenow')).toEqual('1')
  361 |     expect($output.attributes('aria-valuetext')).toEqual('1')"
/home/gabriel/Disk/Research/research-javascript-test-smells/repositories/bootstrap-vue-dev/src/components/form-spinbutton/form-spinbutton.spec.js,Duplicate Assert,"{'line': 360, 'column': 4, 'index': 14898}","  358 |     expect($output.attributes('aria-valuemax')).toEqual('100')
  359 |     // Readonly so should not change
> 360 |     expect($output.attributes('aria-valuenow')).toEqual('1')
      |    ^ Duplicate Assert
  361 |     expect($output.attributes('aria-valuetext')).toEqual('1')
  362 |
  363 |     await wrapper.setProps({"
/home/gabriel/Disk/Research/research-javascript-test-smells/repositories/bootstrap-vue-dev/src/components/form-spinbutton/form-spinbutton.spec.js,Duplicate Assert,"{'line': 360, 'column': 4, 'index': 14898}","  358 |     expect($output.attributes('aria-valuemax')).toEqual('100')
  359 |     // Readonly so should not change
> 360 |     expect($output.attributes('aria-valuenow')).toEqual('1')
      |    ^ Duplicate Assert
  361 |     expect($output.attributes('aria-valuetext')).toEqual('1')
  362 |
  363 |     await wrapper.setProps({"
/home/gabriel/Disk/Research/research-javascript-test-smells/repositories/bootstrap-vue-dev/src/components/form-spinbutton/form-spinbutton.spec.js,Duplicate Assert,"{'line': 361, 'column': 4, 'index': 14959}","  359 |     // Readonly so should not change
  360 |     expect($output.attributes('aria-valuenow')).toEqual('1')
> 361 |     expect($output.attributes('aria-valuetext')).toEqual('1')
      |    ^ Duplicate Assert
  362 |
  363 |     await wrapper.setProps({
  364 |       disabled: false,"
/home/gabriel/Disk/Research/research-javascript-test-smells/repositories/bootstrap-vue-dev/src/components/form-spinbutton/form-spinbutton.spec.js,Duplicate Assert,"{'line': 361, 'column': 4, 'index': 14959}","  359 |     // Readonly so should not change
  360 |     expect($output.attributes('aria-valuenow')).toEqual('1')
> 361 |     expect($output.attributes('aria-valuetext')).toEqual('1')
      |    ^ Duplicate Assert
  362 |
  363 |     await wrapper.setProps({
  364 |       disabled: false,"
/home/gabriel/Disk/Research/research-javascript-test-smells/repositories/bootstrap-vue-dev/src/components/form-spinbutton/form-spinbutton.spec.js,Duplicate Assert,"{'line': 370, 'column': 4, 'index': 15227}","  368 |     await $increment.trigger('touchstart')
  369 |     await $increment.trigger('touchend')
> 370 |     expect($output.attributes('aria-valuemin')).toEqual('1')
      |    ^ Duplicate Assert
  371 |     expect($output.attributes('aria-valuemax')).toEqual('100')
  372 |     expect($output.attributes('aria-valuenow')).toEqual('2')
  373 |     expect($output.attributes('aria-valuetext')).toEqual('2')"
/home/gabriel/Disk/Research/research-javascript-test-smells/repositories/bootstrap-vue-dev/src/components/form-spinbutton/form-spinbutton.spec.js,Duplicate Assert,"{'line': 370, 'column': 4, 'index': 15227}","  368 |     await $increment.trigger('touchstart')
  369 |     await $increment.trigger('touchend')
> 370 |     expect($output.attributes('aria-valuemin')).toEqual('1')
      |    ^ Duplicate Assert
  371 |     expect($output.attributes('aria-valuemax')).toEqual('100')
  372 |     expect($output.attributes('aria-valuenow')).toEqual('2')
  373 |     expect($output.attributes('aria-valuetext')).toEqual('2')"
/home/gabriel/Disk/Research/research-javascript-test-smells/repositories/bootstrap-vue-dev/src/components/form-spinbutton/form-spinbutton.spec.js,Duplicate Assert,"{'line': 371, 'column': 4, 'index': 15288}","  369 |     await $increment.trigger('touchend')
  370 |     expect($output.attributes('aria-valuemin')).toEqual('1')
> 371 |     expect($output.attributes('aria-valuemax')).toEqual('100')
      |    ^ Duplicate Assert
  372 |     expect($output.attributes('aria-valuenow')).toEqual('2')
  373 |     expect($output.attributes('aria-valuetext')).toEqual('2')
  374 |"
/home/gabriel/Disk/Research/research-javascript-test-smells/repositories/bootstrap-vue-dev/src/components/form-spinbutton/form-spinbutton.spec.js,Duplicate Assert,"{'line': 371, 'column': 4, 'index': 15288}","  369 |     await $increment.trigger('touchend')
  370 |     expect($output.attributes('aria-valuemin')).toEqual('1')
> 371 |     expect($output.attributes('aria-valuemax')).toEqual('100')
      |    ^ Duplicate Assert
  372 |     expect($output.attributes('aria-valuenow')).toEqual('2')
  373 |     expect($output.attributes('aria-valuetext')).toEqual('2')
  374 |"
/home/gabriel/Disk/Research/research-javascript-test-smells/repositories/bootstrap-vue-dev/src/components/form-spinbutton/form-spinbutton.spec.js,Duplicate Assert,"{'line': 372, 'column': 4, 'index': 15351}","  370 |     expect($output.attributes('aria-valuemin')).toEqual('1')
  371 |     expect($output.attributes('aria-valuemax')).toEqual('100')
> 372 |     expect($output.attributes('aria-valuenow')).toEqual('2')
      |    ^ Duplicate Assert
  373 |     expect($output.attributes('aria-valuetext')).toEqual('2')
  374 |
  375 |     await $decrement.trigger('touchstart')"
/home/gabriel/Disk/Research/research-javascript-test-smells/repositories/bootstrap-vue-dev/src/components/form-spinbutton/form-spinbutton.spec.js,Duplicate Assert,"{'line': 372, 'column': 4, 'index': 15351}","  370 |     expect($output.attributes('aria-valuemin')).toEqual('1')
  371 |     expect($output.attributes('aria-valuemax')).toEqual('100')
> 372 |     expect($output.attributes('aria-valuenow')).toEqual('2')
      |    ^ Duplicate Assert
  373 |     expect($output.attributes('aria-valuetext')).toEqual('2')
  374 |
  375 |     await $decrement.trigger('touchstart')"
/home/gabriel/Disk/Research/research-javascript-test-smells/repositories/bootstrap-vue-dev/src/components/form-spinbutton/form-spinbutton.spec.js,Duplicate Assert,"{'line': 373, 'column': 4, 'index': 15412}","  371 |     expect($output.attributes('aria-valuemax')).toEqual('100')
  372 |     expect($output.attributes('aria-valuenow')).toEqual('2')
> 373 |     expect($output.attributes('aria-valuetext')).toEqual('2')
      |    ^ Duplicate Assert
  374 |
  375 |     await $decrement.trigger('touchstart')
  376 |     await $decrement.trigger('touchend')"
/home/gabriel/Disk/Research/research-javascript-test-smells/repositories/bootstrap-vue-dev/src/components/form-spinbutton/form-spinbutton.spec.js,Duplicate Assert,"{'line': 373, 'column': 4, 'index': 15412}","  371 |     expect($output.attributes('aria-valuemax')).toEqual('100')
  372 |     expect($output.attributes('aria-valuenow')).toEqual('2')
> 373 |     expect($output.attributes('aria-valuetext')).toEqual('2')
      |    ^ Duplicate Assert
  374 |
  375 |     await $decrement.trigger('touchstart')
  376 |     await $decrement.trigger('touchend')"
/home/gabriel/Disk/Research/research-javascript-test-smells/repositories/bootstrap-vue-dev/src/components/form-spinbutton/form-spinbutton.spec.js,Duplicate Assert,"{'line': 377, 'column': 4, 'index': 15559}","  375 |     await $decrement.trigger('touchstart')
  376 |     await $decrement.trigger('touchend')
> 377 |     expect($output.attributes('aria-valuemin')).toEqual('1')
      |    ^ Duplicate Assert
  378 |     expect($output.attributes('aria-valuemax')).toEqual('100')
  379 |     expect($output.attributes('aria-valuenow')).toEqual('1')
  380 |     expect($output.attributes('aria-valuetext')).toEqual('1')"
/home/gabriel/Disk/Research/research-javascript-test-smells/repositories/bootstrap-vue-dev/src/components/form-spinbutton/form-spinbutton.spec.js,Duplicate Assert,"{'line': 377, 'column': 4, 'index': 15559}","  375 |     await $decrement.trigger('touchstart')
  376 |     await $decrement.trigger('touchend')
> 377 |     expect($output.attributes('aria-valuemin')).toEqual('1')
      |    ^ Duplicate Assert
  378 |     expect($output.attributes('aria-valuemax')).toEqual('100')
  379 |     expect($output.attributes('aria-valuenow')).toEqual('1')
  380 |     expect($output.attributes('aria-valuetext')).toEqual('1')"
/home/gabriel/Disk/Research/research-javascript-test-smells/repositories/bootstrap-vue-dev/src/components/form-spinbutton/form-spinbutton.spec.js,Duplicate Assert,"{'line': 378, 'column': 4, 'index': 15620}","  376 |     await $decrement.trigger('touchend')
  377 |     expect($output.attributes('aria-valuemin')).toEqual('1')
> 378 |     expect($output.attributes('aria-valuemax')).toEqual('100')
      |    ^ Duplicate Assert
  379 |     expect($output.attributes('aria-valuenow')).toEqual('1')
  380 |     expect($output.attributes('aria-valuetext')).toEqual('1')
  381 |"
/home/gabriel/Disk/Research/research-javascript-test-smells/repositories/bootstrap-vue-dev/src/components/form-spinbutton/form-spinbutton.spec.js,Duplicate Assert,"{'line': 378, 'column': 4, 'index': 15620}","  376 |     await $decrement.trigger('touchend')
  377 |     expect($output.attributes('aria-valuemin')).toEqual('1')
> 378 |     expect($output.attributes('aria-valuemax')).toEqual('100')
      |    ^ Duplicate Assert
  379 |     expect($output.attributes('aria-valuenow')).toEqual('1')
  380 |     expect($output.attributes('aria-valuetext')).toEqual('1')
  381 |"
/home/gabriel/Disk/Research/research-javascript-test-smells/repositories/bootstrap-vue-dev/src/components/form-spinbutton/form-spinbutton.spec.js,Duplicate Assert,"{'line': 379, 'column': 4, 'index': 15683}","  377 |     expect($output.attributes('aria-valuemin')).toEqual('1')
  378 |     expect($output.attributes('aria-valuemax')).toEqual('100')
> 379 |     expect($output.attributes('aria-valuenow')).toEqual('1')
      |    ^ Duplicate Assert
  380 |     expect($output.attributes('aria-valuetext')).toEqual('1')
  381 |
  382 |     wrapper.destroy()"
/home/gabriel/Disk/Research/research-javascript-test-smells/repositories/bootstrap-vue-dev/src/components/form-spinbutton/form-spinbutton.spec.js,Duplicate Assert,"{'line': 379, 'column': 4, 'index': 15683}","  377 |     expect($output.attributes('aria-valuemin')).toEqual('1')
  378 |     expect($output.attributes('aria-valuemax')).toEqual('100')
> 379 |     expect($output.attributes('aria-valuenow')).toEqual('1')
      |    ^ Duplicate Assert
  380 |     expect($output.attributes('aria-valuetext')).toEqual('1')
  381 |
  382 |     wrapper.destroy()"
/home/gabriel/Disk/Research/research-javascript-test-smells/repositories/bootstrap-vue-dev/src/components/form-spinbutton/form-spinbutton.spec.js,Duplicate Assert,"{'line': 380, 'column': 4, 'index': 15744}","  378 |     expect($output.attributes('aria-valuemax')).toEqual('100')
  379 |     expect($output.attributes('aria-valuenow')).toEqual('1')
> 380 |     expect($output.attributes('aria-valuetext')).toEqual('1')
      |    ^ Duplicate Assert
  381 |
  382 |     wrapper.destroy()
  383 |   })"
/home/gabriel/Disk/Research/research-javascript-test-smells/repositories/bootstrap-vue-dev/src/components/form-spinbutton/form-spinbutton.spec.js,Duplicate Assert,"{'line': 380, 'column': 4, 'index': 15744}","  378 |     expect($output.attributes('aria-valuemax')).toEqual('100')
  379 |     expect($output.attributes('aria-valuenow')).toEqual('1')
> 380 |     expect($output.attributes('aria-valuetext')).toEqual('1')
      |    ^ Duplicate Assert
  381 |
  382 |     wrapper.destroy()
  383 |   })"
/home/gabriel/Disk/Research/research-javascript-test-smells/repositories/bootstrap-vue-dev/src/components/form-spinbutton/form-spinbutton.spec.js,Duplicate Assert,"{'line': 398, 'column': 4, 'index': 16314}","  396 |     expect($output.attributes('tabindex')).toEqual('0')
  397 |     expect($output.attributes('aria-live')).toEqual('off')
> 398 |     expect($output.attributes('aria-valuemin')).toEqual('1')
      |    ^ Duplicate Assert
  399 |     expect($output.attributes('aria-valuemax')).toEqual('100')
  400 |     // These two attribute should not exist on the element
  401 |     expect($output.element.hasAttribute('aria-valuenow')).toBe(false)"
/home/gabriel/Disk/Research/research-javascript-test-smells/repositories/bootstrap-vue-dev/src/components/form-spinbutton/form-spinbutton.spec.js,Duplicate Assert,"{'line': 398, 'column': 4, 'index': 16314}","  396 |     expect($output.attributes('tabindex')).toEqual('0')
  397 |     expect($output.attributes('aria-live')).toEqual('off')
> 398 |     expect($output.attributes('aria-valuemin')).toEqual('1')
      |    ^ Duplicate Assert
  399 |     expect($output.attributes('aria-valuemax')).toEqual('100')
  400 |     // These two attribute should not exist on the element
  401 |     expect($output.element.hasAttribute('aria-valuenow')).toBe(false)"
/home/gabriel/Disk/Research/research-javascript-test-smells/repositories/bootstrap-vue-dev/src/components/form-spinbutton/form-spinbutton.spec.js,Duplicate Assert,"{'line': 399, 'column': 4, 'index': 16375}","  397 |     expect($output.attributes('aria-live')).toEqual('off')
  398 |     expect($output.attributes('aria-valuemin')).toEqual('1')
> 399 |     expect($output.attributes('aria-valuemax')).toEqual('100')
      |    ^ Duplicate Assert
  400 |     // These two attribute should not exist on the element
  401 |     expect($output.element.hasAttribute('aria-valuenow')).toBe(false)
  402 |     expect($output.element.hasAttribute('aria-valuetext')).toBe(false)"
/home/gabriel/Disk/Research/research-javascript-test-smells/repositories/bootstrap-vue-dev/src/components/form-spinbutton/form-spinbutton.spec.js,Duplicate Assert,"{'line': 399, 'column': 4, 'index': 16375}","  397 |     expect($output.attributes('aria-live')).toEqual('off')
  398 |     expect($output.attributes('aria-valuemin')).toEqual('1')
> 399 |     expect($output.attributes('aria-valuemax')).toEqual('100')
      |    ^ Duplicate Assert
  400 |     // These two attribute should not exist on the element
  401 |     expect($output.element.hasAttribute('aria-valuenow')).toBe(false)
  402 |     expect($output.element.hasAttribute('aria-valuetext')).toBe(false)"
/home/gabriel/Disk/Research/research-javascript-test-smells/repositories/bootstrap-vue-dev/src/components/form-spinbutton/form-spinbutton.spec.js,Duplicate Assert,"{'line': 406, 'column': 4, 'index': 16717}","  404 |     await wrapper.trigger('keydown.up')
  405 |     await wrapper.trigger('keyup.up')
> 406 |     expect($output.attributes('aria-valuemin')).toEqual('1')
      |    ^ Duplicate Assert
  407 |     expect($output.attributes('aria-valuemax')).toEqual('100')
  408 |     expect($output.attributes('aria-valuenow')).toEqual('1')
  409 |     expect($output.attributes('aria-valuetext')).toEqual('1')"
/home/gabriel/Disk/Research/research-javascript-test-smells/repositories/bootstrap-vue-dev/src/components/form-spinbutton/form-spinbutton.spec.js,Duplicate Assert,"{'line': 406, 'column': 4, 'index': 16717}","  404 |     await wrapper.trigger('keydown.up')
  405 |     await wrapper.trigger('keyup.up')
> 406 |     expect($output.attributes('aria-valuemin')).toEqual('1')
      |    ^ Duplicate Assert
  407 |     expect($output.attributes('aria-valuemax')).toEqual('100')
  408 |     expect($output.attributes('aria-valuenow')).toEqual('1')
  409 |     expect($output.attributes('aria-valuetext')).toEqual('1')"
/home/gabriel/Disk/Research/research-javascript-test-smells/repositories/bootstrap-vue-dev/src/components/form-spinbutton/form-spinbutton.spec.js,Duplicate Assert,"{'line': 407, 'column': 4, 'index': 16778}","  405 |     await wrapper.trigger('keyup.up')
  406 |     expect($output.attributes('aria-valuemin')).toEqual('1')
> 407 |     expect($output.attributes('aria-valuemax')).toEqual('100')
      |    ^ Duplicate Assert
  408 |     expect($output.attributes('aria-valuenow')).toEqual('1')
  409 |     expect($output.attributes('aria-valuetext')).toEqual('1')
  410 |"
/home/gabriel/Disk/Research/research-javascript-test-smells/repositories/bootstrap-vue-dev/src/components/form-spinbutton/form-spinbutton.spec.js,Duplicate Assert,"{'line': 407, 'column': 4, 'index': 16778}","  405 |     await wrapper.trigger('keyup.up')
  406 |     expect($output.attributes('aria-valuemin')).toEqual('1')
> 407 |     expect($output.attributes('aria-valuemax')).toEqual('100')
      |    ^ Duplicate Assert
  408 |     expect($output.attributes('aria-valuenow')).toEqual('1')
  409 |     expect($output.attributes('aria-valuetext')).toEqual('1')
  410 |"
/home/gabriel/Disk/Research/research-javascript-test-smells/repositories/bootstrap-vue-dev/src/components/form-spinbutton/form-spinbutton.spec.js,Duplicate Assert,"{'line': 408, 'column': 4, 'index': 16841}","  406 |     expect($output.attributes('aria-valuemin')).toEqual('1')
  407 |     expect($output.attributes('aria-valuemax')).toEqual('100')
> 408 |     expect($output.attributes('aria-valuenow')).toEqual('1')
      |    ^ Duplicate Assert
  409 |     expect($output.attributes('aria-valuetext')).toEqual('1')
  410 |
  411 |     await wrapper.trigger('keydown.up')"
/home/gabriel/Disk/Research/research-javascript-test-smells/repositories/bootstrap-vue-dev/src/components/form-spinbutton/form-spinbutton.spec.js,Duplicate Assert,"{'line': 408, 'column': 4, 'index': 16841}","  406 |     expect($output.attributes('aria-valuemin')).toEqual('1')
  407 |     expect($output.attributes('aria-valuemax')).toEqual('100')
> 408 |     expect($output.attributes('aria-valuenow')).toEqual('1')
      |    ^ Duplicate Assert
  409 |     expect($output.attributes('aria-valuetext')).toEqual('1')
  410 |
  411 |     await wrapper.trigger('keydown.up')"
/home/gabriel/Disk/Research/research-javascript-test-smells/repositories/bootstrap-vue-dev/src/components/form-spinbutton/form-spinbutton.spec.js,Duplicate Assert,"{'line': 409, 'column': 4, 'index': 16902}","  407 |     expect($output.attributes('aria-valuemax')).toEqual('100')
  408 |     expect($output.attributes('aria-valuenow')).toEqual('1')
> 409 |     expect($output.attributes('aria-valuetext')).toEqual('1')
      |    ^ Duplicate Assert
  410 |
  411 |     await wrapper.trigger('keydown.up')
  412 |     await wrapper.trigger('keyup.up')"
/home/gabriel/Disk/Research/research-javascript-test-smells/repositories/bootstrap-vue-dev/src/components/form-spinbutton/form-spinbutton.spec.js,Duplicate Assert,"{'line': 409, 'column': 4, 'index': 16902}","  407 |     expect($output.attributes('aria-valuemax')).toEqual('100')
  408 |     expect($output.attributes('aria-valuenow')).toEqual('1')
> 409 |     expect($output.attributes('aria-valuetext')).toEqual('1')
      |    ^ Duplicate Assert
  410 |
  411 |     await wrapper.trigger('keydown.up')
  412 |     await wrapper.trigger('keyup.up')"
/home/gabriel/Disk/Research/research-javascript-test-smells/repositories/bootstrap-vue-dev/src/components/form-spinbutton/form-spinbutton.spec.js,Duplicate Assert,"{'line': 413, 'column': 4, 'index': 17043}","  411 |     await wrapper.trigger('keydown.up')
  412 |     await wrapper.trigger('keyup.up')
> 413 |     expect($output.attributes('aria-valuemin')).toEqual('1')
      |    ^ Duplicate Assert
  414 |     expect($output.attributes('aria-valuemax')).toEqual('100')
  415 |     expect($output.attributes('aria-valuenow')).toEqual('2')
  416 |     expect($output.attributes('aria-valuetext')).toEqual('2')"
/home/gabriel/Disk/Research/research-javascript-test-smells/repositories/bootstrap-vue-dev/src/components/form-spinbutton/form-spinbutton.spec.js,Duplicate Assert,"{'line': 413, 'column': 4, 'index': 17043}","  411 |     await wrapper.trigger('keydown.up')
  412 |     await wrapper.trigger('keyup.up')
> 413 |     expect($output.attributes('aria-valuemin')).toEqual('1')
      |    ^ Duplicate Assert
  414 |     expect($output.attributes('aria-valuemax')).toEqual('100')
  415 |     expect($output.attributes('aria-valuenow')).toEqual('2')
  416 |     expect($output.attributes('aria-valuetext')).toEqual('2')"
/home/gabriel/Disk/Research/research-javascript-test-smells/repositories/bootstrap-vue-dev/src/components/form-spinbutton/form-spinbutton.spec.js,Duplicate Assert,"{'line': 414, 'column': 4, 'index': 17104}","  412 |     await wrapper.trigger('keyup.up')
  413 |     expect($output.attributes('aria-valuemin')).toEqual('1')
> 414 |     expect($output.attributes('aria-valuemax')).toEqual('100')
      |    ^ Duplicate Assert
  415 |     expect($output.attributes('aria-valuenow')).toEqual('2')
  416 |     expect($output.attributes('aria-valuetext')).toEqual('2')
  417 |"
/home/gabriel/Disk/Research/research-javascript-test-smells/repositories/bootstrap-vue-dev/src/components/form-spinbutton/form-spinbutton.spec.js,Duplicate Assert,"{'line': 414, 'column': 4, 'index': 17104}","  412 |     await wrapper.trigger('keyup.up')
  413 |     expect($output.attributes('aria-valuemin')).toEqual('1')
> 414 |     expect($output.attributes('aria-valuemax')).toEqual('100')
      |    ^ Duplicate Assert
  415 |     expect($output.attributes('aria-valuenow')).toEqual('2')
  416 |     expect($output.attributes('aria-valuetext')).toEqual('2')
  417 |"
/home/gabriel/Disk/Research/research-javascript-test-smells/repositories/bootstrap-vue-dev/src/components/form-spinbutton/form-spinbutton.spec.js,Duplicate Assert,"{'line': 415, 'column': 4, 'index': 17167}","  413 |     expect($output.attributes('aria-valuemin')).toEqual('1')
  414 |     expect($output.attributes('aria-valuemax')).toEqual('100')
> 415 |     expect($output.attributes('aria-valuenow')).toEqual('2')
      |    ^ Duplicate Assert
  416 |     expect($output.attributes('aria-valuetext')).toEqual('2')
  417 |
  418 |     await wrapper.trigger('keydown.end')"
/home/gabriel/Disk/Research/research-javascript-test-smells/repositories/bootstrap-vue-dev/src/components/form-spinbutton/form-spinbutton.spec.js,Duplicate Assert,"{'line': 416, 'column': 4, 'index': 17228}","  414 |     expect($output.attributes('aria-valuemax')).toEqual('100')
  415 |     expect($output.attributes('aria-valuenow')).toEqual('2')
> 416 |     expect($output.attributes('aria-valuetext')).toEqual('2')
      |    ^ Duplicate Assert
  417 |
  418 |     await wrapper.trigger('keydown.end')
  419 |     await wrapper.trigger('keyup.end')"
/home/gabriel/Disk/Research/research-javascript-test-smells/repositories/bootstrap-vue-dev/src/components/form-spinbutton/form-spinbutton.spec.js,Duplicate Assert,"{'line': 420, 'column': 4, 'index': 17371}","  418 |     await wrapper.trigger('keydown.end')
  419 |     await wrapper.trigger('keyup.end')
> 420 |     expect($output.attributes('aria-valuemin')).toEqual('1')
      |    ^ Duplicate Assert
  421 |     expect($output.attributes('aria-valuemax')).toEqual('100')
  422 |     expect($output.attributes('aria-valuenow')).toEqual('100')
  423 |     expect($output.attributes('aria-valuetext')).toEqual('100')"
/home/gabriel/Disk/Research/research-javascript-test-smells/repositories/bootstrap-vue-dev/src/components/form-spinbutton/form-spinbutton.spec.js,Duplicate Assert,"{'line': 420, 'column': 4, 'index': 17371}","  418 |     await wrapper.trigger('keydown.end')
  419 |     await wrapper.trigger('keyup.end')
> 420 |     expect($output.attributes('aria-valuemin')).toEqual('1')
      |    ^ Duplicate Assert
  421 |     expect($output.attributes('aria-valuemax')).toEqual('100')
  422 |     expect($output.attributes('aria-valuenow')).toEqual('100')
  423 |     expect($output.attributes('aria-valuetext')).toEqual('100')"
/home/gabriel/Disk/Research/research-javascript-test-smells/repositories/bootstrap-vue-dev/src/components/form-spinbutton/form-spinbutton.spec.js,Duplicate Assert,"{'line': 421, 'column': 4, 'index': 17432}","  419 |     await wrapper.trigger('keyup.end')
  420 |     expect($output.attributes('aria-valuemin')).toEqual('1')
> 421 |     expect($output.attributes('aria-valuemax')).toEqual('100')
      |    ^ Duplicate Assert
  422 |     expect($output.attributes('aria-valuenow')).toEqual('100')
  423 |     expect($output.attributes('aria-valuetext')).toEqual('100')
  424 |"
/home/gabriel/Disk/Research/research-javascript-test-smells/repositories/bootstrap-vue-dev/src/components/form-spinbutton/form-spinbutton.spec.js,Duplicate Assert,"{'line': 421, 'column': 4, 'index': 17432}","  419 |     await wrapper.trigger('keyup.end')
  420 |     expect($output.attributes('aria-valuemin')).toEqual('1')
> 421 |     expect($output.attributes('aria-valuemax')).toEqual('100')
      |    ^ Duplicate Assert
  422 |     expect($output.attributes('aria-valuenow')).toEqual('100')
  423 |     expect($output.attributes('aria-valuetext')).toEqual('100')
  424 |"
/home/gabriel/Disk/Research/research-javascript-test-smells/repositories/bootstrap-vue-dev/src/components/form-spinbutton/form-spinbutton.spec.js,Duplicate Assert,"{'line': 422, 'column': 4, 'index': 17495}","  420 |     expect($output.attributes('aria-valuemin')).toEqual('1')
  421 |     expect($output.attributes('aria-valuemax')).toEqual('100')
> 422 |     expect($output.attributes('aria-valuenow')).toEqual('100')
      |    ^ Duplicate Assert
  423 |     expect($output.attributes('aria-valuetext')).toEqual('100')
  424 |
  425 |     await wrapper.trigger('keydown.up')"
/home/gabriel/Disk/Research/research-javascript-test-smells/repositories/bootstrap-vue-dev/src/components/form-spinbutton/form-spinbutton.spec.js,Duplicate Assert,"{'line': 422, 'column': 4, 'index': 17495}","  420 |     expect($output.attributes('aria-valuemin')).toEqual('1')
  421 |     expect($output.attributes('aria-valuemax')).toEqual('100')
> 422 |     expect($output.attributes('aria-valuenow')).toEqual('100')
      |    ^ Duplicate Assert
  423 |     expect($output.attributes('aria-valuetext')).toEqual('100')
  424 |
  425 |     await wrapper.trigger('keydown.up')"
/home/gabriel/Disk/Research/research-javascript-test-smells/repositories/bootstrap-vue-dev/src/components/form-spinbutton/form-spinbutton.spec.js,Duplicate Assert,"{'line': 423, 'column': 4, 'index': 17558}","  421 |     expect($output.attributes('aria-valuemax')).toEqual('100')
  422 |     expect($output.attributes('aria-valuenow')).toEqual('100')
> 423 |     expect($output.attributes('aria-valuetext')).toEqual('100')
      |    ^ Duplicate Assert
  424 |
  425 |     await wrapper.trigger('keydown.up')
  426 |     await wrapper.trigger('keyup.up')"
/home/gabriel/Disk/Research/research-javascript-test-smells/repositories/bootstrap-vue-dev/src/components/form-spinbutton/form-spinbutton.spec.js,Duplicate Assert,"{'line': 423, 'column': 4, 'index': 17558}","  421 |     expect($output.attributes('aria-valuemax')).toEqual('100')
  422 |     expect($output.attributes('aria-valuenow')).toEqual('100')
> 423 |     expect($output.attributes('aria-valuetext')).toEqual('100')
      |    ^ Duplicate Assert
  424 |
  425 |     await wrapper.trigger('keydown.up')
  426 |     await wrapper.trigger('keyup.up')"
/home/gabriel/Disk/Research/research-javascript-test-smells/repositories/bootstrap-vue-dev/src/components/form-spinbutton/form-spinbutton.spec.js,Duplicate Assert,"{'line': 427, 'column': 4, 'index': 17701}","  425 |     await wrapper.trigger('keydown.up')
  426 |     await wrapper.trigger('keyup.up')
> 427 |     expect($output.attributes('aria-valuemin')).toEqual('1')
      |    ^ Duplicate Assert
  428 |     expect($output.attributes('aria-valuemax')).toEqual('100')
  429 |     // `wrap` is off so it should not change to `1`
  430 |     expect($output.attributes('aria-valuenow')).toEqual('100')"
/home/gabriel/Disk/Research/research-javascript-test-smells/repositories/bootstrap-vue-dev/src/components/form-spinbutton/form-spinbutton.spec.js,Duplicate Assert,"{'line': 427, 'column': 4, 'index': 17701}","  425 |     await wrapper.trigger('keydown.up')
  426 |     await wrapper.trigger('keyup.up')
> 427 |     expect($output.attributes('aria-valuemin')).toEqual('1')
      |    ^ Duplicate Assert
  428 |     expect($output.attributes('aria-valuemax')).toEqual('100')
  429 |     // `wrap` is off so it should not change to `1`
  430 |     expect($output.attributes('aria-valuenow')).toEqual('100')"
/home/gabriel/Disk/Research/research-javascript-test-smells/repositories/bootstrap-vue-dev/src/components/form-spinbutton/form-spinbutton.spec.js,Duplicate Assert,"{'line': 428, 'column': 4, 'index': 17762}","  426 |     await wrapper.trigger('keyup.up')
  427 |     expect($output.attributes('aria-valuemin')).toEqual('1')
> 428 |     expect($output.attributes('aria-valuemax')).toEqual('100')
      |    ^ Duplicate Assert
  429 |     // `wrap` is off so it should not change to `1`
  430 |     expect($output.attributes('aria-valuenow')).toEqual('100')
  431 |     expect($output.attributes('aria-valuetext')).toEqual('100')"
/home/gabriel/Disk/Research/research-javascript-test-smells/repositories/bootstrap-vue-dev/src/components/form-spinbutton/form-spinbutton.spec.js,Duplicate Assert,"{'line': 428, 'column': 4, 'index': 17762}","  426 |     await wrapper.trigger('keyup.up')
  427 |     expect($output.attributes('aria-valuemin')).toEqual('1')
> 428 |     expect($output.attributes('aria-valuemax')).toEqual('100')
      |    ^ Duplicate Assert
  429 |     // `wrap` is off so it should not change to `1`
  430 |     expect($output.attributes('aria-valuenow')).toEqual('100')
  431 |     expect($output.attributes('aria-valuetext')).toEqual('100')"
/home/gabriel/Disk/Research/research-javascript-test-smells/repositories/bootstrap-vue-dev/src/components/form-spinbutton/form-spinbutton.spec.js,Duplicate Assert,"{'line': 430, 'column': 4, 'index': 17877}","  428 |     expect($output.attributes('aria-valuemax')).toEqual('100')
  429 |     // `wrap` is off so it should not change to `1`
> 430 |     expect($output.attributes('aria-valuenow')).toEqual('100')
      |    ^ Duplicate Assert
  431 |     expect($output.attributes('aria-valuetext')).toEqual('100')
  432 |
  433 |     await wrapper.trigger('keydown.down')"
/home/gabriel/Disk/Research/research-javascript-test-smells/repositories/bootstrap-vue-dev/src/components/form-spinbutton/form-spinbutton.spec.js,Duplicate Assert,"{'line': 430, 'column': 4, 'index': 17877}","  428 |     expect($output.attributes('aria-valuemax')).toEqual('100')
  429 |     // `wrap` is off so it should not change to `1`
> 430 |     expect($output.attributes('aria-valuenow')).toEqual('100')
      |    ^ Duplicate Assert
  431 |     expect($output.attributes('aria-valuetext')).toEqual('100')
  432 |
  433 |     await wrapper.trigger('keydown.down')"
/home/gabriel/Disk/Research/research-javascript-test-smells/repositories/bootstrap-vue-dev/src/components/form-spinbutton/form-spinbutton.spec.js,Duplicate Assert,"{'line': 431, 'column': 4, 'index': 17940}","  429 |     // `wrap` is off so it should not change to `1`
  430 |     expect($output.attributes('aria-valuenow')).toEqual('100')
> 431 |     expect($output.attributes('aria-valuetext')).toEqual('100')
      |    ^ Duplicate Assert
  432 |
  433 |     await wrapper.trigger('keydown.down')
  434 |     await wrapper.trigger('keyup.down')"
/home/gabriel/Disk/Research/research-javascript-test-smells/repositories/bootstrap-vue-dev/src/components/form-spinbutton/form-spinbutton.spec.js,Duplicate Assert,"{'line': 431, 'column': 4, 'index': 17940}","  429 |     // `wrap` is off so it should not change to `1`
  430 |     expect($output.attributes('aria-valuenow')).toEqual('100')
> 431 |     expect($output.attributes('aria-valuetext')).toEqual('100')
      |    ^ Duplicate Assert
  432 |
  433 |     await wrapper.trigger('keydown.down')
  434 |     await wrapper.trigger('keyup.down')"
/home/gabriel/Disk/Research/research-javascript-test-smells/repositories/bootstrap-vue-dev/src/components/form-spinbutton/form-spinbutton.spec.js,Duplicate Assert,"{'line': 435, 'column': 4, 'index': 18087}","  433 |     await wrapper.trigger('keydown.down')
  434 |     await wrapper.trigger('keyup.down')
> 435 |     expect($output.attributes('aria-valuemin')).toEqual('1')
      |    ^ Duplicate Assert
  436 |     expect($output.attributes('aria-valuemax')).toEqual('100')
  437 |     expect($output.attributes('aria-valuenow')).toEqual('99')
  438 |     expect($output.attributes('aria-valuetext')).toEqual('99')"
/home/gabriel/Disk/Research/research-javascript-test-smells/repositories/bootstrap-vue-dev/src/components/form-spinbutton/form-spinbutton.spec.js,Duplicate Assert,"{'line': 435, 'column': 4, 'index': 18087}","  433 |     await wrapper.trigger('keydown.down')
  434 |     await wrapper.trigger('keyup.down')
> 435 |     expect($output.attributes('aria-valuemin')).toEqual('1')
      |    ^ Duplicate Assert
  436 |     expect($output.attributes('aria-valuemax')).toEqual('100')
  437 |     expect($output.attributes('aria-valuenow')).toEqual('99')
  438 |     expect($output.attributes('aria-valuetext')).toEqual('99')"
/home/gabriel/Disk/Research/research-javascript-test-smells/repositories/bootstrap-vue-dev/src/components/form-spinbutton/form-spinbutton.spec.js,Duplicate Assert,"{'line': 436, 'column': 4, 'index': 18148}","  434 |     await wrapper.trigger('keyup.down')
  435 |     expect($output.attributes('aria-valuemin')).toEqual('1')
> 436 |     expect($output.attributes('aria-valuemax')).toEqual('100')
      |    ^ Duplicate Assert
  437 |     expect($output.attributes('aria-valuenow')).toEqual('99')
  438 |     expect($output.attributes('aria-valuetext')).toEqual('99')
  439 |"
/home/gabriel/Disk/Research/research-javascript-test-smells/repositories/bootstrap-vue-dev/src/components/form-spinbutton/form-spinbutton.spec.js,Duplicate Assert,"{'line': 436, 'column': 4, 'index': 18148}","  434 |     await wrapper.trigger('keyup.down')
  435 |     expect($output.attributes('aria-valuemin')).toEqual('1')
> 436 |     expect($output.attributes('aria-valuemax')).toEqual('100')
      |    ^ Duplicate Assert
  437 |     expect($output.attributes('aria-valuenow')).toEqual('99')
  438 |     expect($output.attributes('aria-valuetext')).toEqual('99')
  439 |"
/home/gabriel/Disk/Research/research-javascript-test-smells/repositories/bootstrap-vue-dev/src/components/form-spinbutton/form-spinbutton.spec.js,Duplicate Assert,"{'line': 437, 'column': 4, 'index': 18211}","  435 |     expect($output.attributes('aria-valuemin')).toEqual('1')
  436 |     expect($output.attributes('aria-valuemax')).toEqual('100')
> 437 |     expect($output.attributes('aria-valuenow')).toEqual('99')
      |    ^ Duplicate Assert
  438 |     expect($output.attributes('aria-valuetext')).toEqual('99')
  439 |
  440 |     await wrapper.trigger('keydown.down')"
/home/gabriel/Disk/Research/research-javascript-test-smells/repositories/bootstrap-vue-dev/src/components/form-spinbutton/form-spinbutton.spec.js,Duplicate Assert,"{'line': 438, 'column': 4, 'index': 18273}","  436 |     expect($output.attributes('aria-valuemax')).toEqual('100')
  437 |     expect($output.attributes('aria-valuenow')).toEqual('99')
> 438 |     expect($output.attributes('aria-valuetext')).toEqual('99')
      |    ^ Duplicate Assert
  439 |
  440 |     await wrapper.trigger('keydown.down')
  441 |     await wrapper.trigger('keyup.down')"
/home/gabriel/Disk/Research/research-javascript-test-smells/repositories/bootstrap-vue-dev/src/components/form-spinbutton/form-spinbutton.spec.js,Duplicate Assert,"{'line': 442, 'column': 4, 'index': 18419}","  440 |     await wrapper.trigger('keydown.down')
  441 |     await wrapper.trigger('keyup.down')
> 442 |     expect($output.attributes('aria-valuemin')).toEqual('1')
      |    ^ Duplicate Assert
  443 |     expect($output.attributes('aria-valuemax')).toEqual('100')
  444 |     expect($output.attributes('aria-valuenow')).toEqual('98')
  445 |     expect($output.attributes('aria-valuetext')).toEqual('98')"
/home/gabriel/Disk/Research/research-javascript-test-smells/repositories/bootstrap-vue-dev/src/components/form-spinbutton/form-spinbutton.spec.js,Duplicate Assert,"{'line': 442, 'column': 4, 'index': 18419}","  440 |     await wrapper.trigger('keydown.down')
  441 |     await wrapper.trigger('keyup.down')
> 442 |     expect($output.attributes('aria-valuemin')).toEqual('1')
      |    ^ Duplicate Assert
  443 |     expect($output.attributes('aria-valuemax')).toEqual('100')
  444 |     expect($output.attributes('aria-valuenow')).toEqual('98')
  445 |     expect($output.attributes('aria-valuetext')).toEqual('98')"
/home/gabriel/Disk/Research/research-javascript-test-smells/repositories/bootstrap-vue-dev/src/components/form-spinbutton/form-spinbutton.spec.js,Duplicate Assert,"{'line': 443, 'column': 4, 'index': 18480}","  441 |     await wrapper.trigger('keyup.down')
  442 |     expect($output.attributes('aria-valuemin')).toEqual('1')
> 443 |     expect($output.attributes('aria-valuemax')).toEqual('100')
      |    ^ Duplicate Assert
  444 |     expect($output.attributes('aria-valuenow')).toEqual('98')
  445 |     expect($output.attributes('aria-valuetext')).toEqual('98')
  446 |"
/home/gabriel/Disk/Research/research-javascript-test-smells/repositories/bootstrap-vue-dev/src/components/form-spinbutton/form-spinbutton.spec.js,Duplicate Assert,"{'line': 443, 'column': 4, 'index': 18480}","  441 |     await wrapper.trigger('keyup.down')
  442 |     expect($output.attributes('aria-valuemin')).toEqual('1')
> 443 |     expect($output.attributes('aria-valuemax')).toEqual('100')
      |    ^ Duplicate Assert
  444 |     expect($output.attributes('aria-valuenow')).toEqual('98')
  445 |     expect($output.attributes('aria-valuetext')).toEqual('98')
  446 |"
/home/gabriel/Disk/Research/research-javascript-test-smells/repositories/bootstrap-vue-dev/src/components/form-spinbutton/form-spinbutton.spec.js,Duplicate Assert,"{'line': 444, 'column': 4, 'index': 18543}","  442 |     expect($output.attributes('aria-valuemin')).toEqual('1')
  443 |     expect($output.attributes('aria-valuemax')).toEqual('100')
> 444 |     expect($output.attributes('aria-valuenow')).toEqual('98')
      |    ^ Duplicate Assert
  445 |     expect($output.attributes('aria-valuetext')).toEqual('98')
  446 |
  447 |     await wrapper.trigger('keydown.home')"
/home/gabriel/Disk/Research/research-javascript-test-smells/repositories/bootstrap-vue-dev/src/components/form-spinbutton/form-spinbutton.spec.js,Duplicate Assert,"{'line': 445, 'column': 4, 'index': 18605}","  443 |     expect($output.attributes('aria-valuemax')).toEqual('100')
  444 |     expect($output.attributes('aria-valuenow')).toEqual('98')
> 445 |     expect($output.attributes('aria-valuetext')).toEqual('98')
      |    ^ Duplicate Assert
  446 |
  447 |     await wrapper.trigger('keydown.home')
  448 |     await wrapper.trigger('keyup.home')"
/home/gabriel/Disk/Research/research-javascript-test-smells/repositories/bootstrap-vue-dev/src/components/form-spinbutton/form-spinbutton.spec.js,Duplicate Assert,"{'line': 449, 'column': 4, 'index': 18751}","  447 |     await wrapper.trigger('keydown.home')
  448 |     await wrapper.trigger('keyup.home')
> 449 |     expect($output.attributes('aria-valuemin')).toEqual('1')
      |    ^ Duplicate Assert
  450 |     expect($output.attributes('aria-valuemax')).toEqual('100')
  451 |     expect($output.attributes('aria-valuenow')).toEqual('1')
  452 |     expect($output.attributes('aria-valuetext')).toEqual('1')"
/home/gabriel/Disk/Research/research-javascript-test-smells/repositories/bootstrap-vue-dev/src/components/form-spinbutton/form-spinbutton.spec.js,Duplicate Assert,"{'line': 449, 'column': 4, 'index': 18751}","  447 |     await wrapper.trigger('keydown.home')
  448 |     await wrapper.trigger('keyup.home')
> 449 |     expect($output.attributes('aria-valuemin')).toEqual('1')
      |    ^ Duplicate Assert
  450 |     expect($output.attributes('aria-valuemax')).toEqual('100')
  451 |     expect($output.attributes('aria-valuenow')).toEqual('1')
  452 |     expect($output.attributes('aria-valuetext')).toEqual('1')"
/home/gabriel/Disk/Research/research-javascript-test-smells/repositories/bootstrap-vue-dev/src/components/form-spinbutton/form-spinbutton.spec.js,Duplicate Assert,"{'line': 450, 'column': 4, 'index': 18812}","  448 |     await wrapper.trigger('keyup.home')
  449 |     expect($output.attributes('aria-valuemin')).toEqual('1')
> 450 |     expect($output.attributes('aria-valuemax')).toEqual('100')
      |    ^ Duplicate Assert
  451 |     expect($output.attributes('aria-valuenow')).toEqual('1')
  452 |     expect($output.attributes('aria-valuetext')).toEqual('1')
  453 |"
/home/gabriel/Disk/Research/research-javascript-test-smells/repositories/bootstrap-vue-dev/src/components/form-spinbutton/form-spinbutton.spec.js,Duplicate Assert,"{'line': 450, 'column': 4, 'index': 18812}","  448 |     await wrapper.trigger('keyup.home')
  449 |     expect($output.attributes('aria-valuemin')).toEqual('1')
> 450 |     expect($output.attributes('aria-valuemax')).toEqual('100')
      |    ^ Duplicate Assert
  451 |     expect($output.attributes('aria-valuenow')).toEqual('1')
  452 |     expect($output.attributes('aria-valuetext')).toEqual('1')
  453 |"
/home/gabriel/Disk/Research/research-javascript-test-smells/repositories/bootstrap-vue-dev/src/components/form-spinbutton/form-spinbutton.spec.js,Duplicate Assert,"{'line': 451, 'column': 4, 'index': 18875}","  449 |     expect($output.attributes('aria-valuemin')).toEqual('1')
  450 |     expect($output.attributes('aria-valuemax')).toEqual('100')
> 451 |     expect($output.attributes('aria-valuenow')).toEqual('1')
      |    ^ Duplicate Assert
  452 |     expect($output.attributes('aria-valuetext')).toEqual('1')
  453 |
  454 |     await wrapper.trigger('keydown.down')"
/home/gabriel/Disk/Research/research-javascript-test-smells/repositories/bootstrap-vue-dev/src/components/form-spinbutton/form-spinbutton.spec.js,Duplicate Assert,"{'line': 451, 'column': 4, 'index': 18875}","  449 |     expect($output.attributes('aria-valuemin')).toEqual('1')
  450 |     expect($output.attributes('aria-valuemax')).toEqual('100')
> 451 |     expect($output.attributes('aria-valuenow')).toEqual('1')
      |    ^ Duplicate Assert
  452 |     expect($output.attributes('aria-valuetext')).toEqual('1')
  453 |
  454 |     await wrapper.trigger('keydown.down')"
/home/gabriel/Disk/Research/research-javascript-test-smells/repositories/bootstrap-vue-dev/src/components/form-spinbutton/form-spinbutton.spec.js,Duplicate Assert,"{'line': 452, 'column': 4, 'index': 18936}","  450 |     expect($output.attributes('aria-valuemax')).toEqual('100')
  451 |     expect($output.attributes('aria-valuenow')).toEqual('1')
> 452 |     expect($output.attributes('aria-valuetext')).toEqual('1')
      |    ^ Duplicate Assert
  453 |
  454 |     await wrapper.trigger('keydown.down')
  455 |     await wrapper.trigger('keyup.down')"
/home/gabriel/Disk/Research/research-javascript-test-smells/repositories/bootstrap-vue-dev/src/components/form-spinbutton/form-spinbutton.spec.js,Duplicate Assert,"{'line': 452, 'column': 4, 'index': 18936}","  450 |     expect($output.attributes('aria-valuemax')).toEqual('100')
  451 |     expect($output.attributes('aria-valuenow')).toEqual('1')
> 452 |     expect($output.attributes('aria-valuetext')).toEqual('1')
      |    ^ Duplicate Assert
  453 |
  454 |     await wrapper.trigger('keydown.down')
  455 |     await wrapper.trigger('keyup.down')"
/home/gabriel/Disk/Research/research-javascript-test-smells/repositories/bootstrap-vue-dev/src/components/form-spinbutton/form-spinbutton.spec.js,Duplicate Assert,"{'line': 456, 'column': 4, 'index': 19081}","  454 |     await wrapper.trigger('keydown.down')
  455 |     await wrapper.trigger('keyup.down')
> 456 |     expect($output.attributes('aria-valuemin')).toEqual('1')
      |    ^ Duplicate Assert
  457 |     expect($output.attributes('aria-valuemax')).toEqual('100')
  458 |     // `wrap` is off so it should not change to `1`
  459 |     expect($output.attributes('aria-valuenow')).toEqual('1')"
/home/gabriel/Disk/Research/research-javascript-test-smells/repositories/bootstrap-vue-dev/src/components/form-spinbutton/form-spinbutton.spec.js,Duplicate Assert,"{'line': 456, 'column': 4, 'index': 19081}","  454 |     await wrapper.trigger('keydown.down')
  455 |     await wrapper.trigger('keyup.down')
> 456 |     expect($output.attributes('aria-valuemin')).toEqual('1')
      |    ^ Duplicate Assert
  457 |     expect($output.attributes('aria-valuemax')).toEqual('100')
  458 |     // `wrap` is off so it should not change to `1`
  459 |     expect($output.attributes('aria-valuenow')).toEqual('1')"
/home/gabriel/Disk/Research/research-javascript-test-smells/repositories/bootstrap-vue-dev/src/components/form-spinbutton/form-spinbutton.spec.js,Duplicate Assert,"{'line': 457, 'column': 4, 'index': 19142}","  455 |     await wrapper.trigger('keyup.down')
  456 |     expect($output.attributes('aria-valuemin')).toEqual('1')
> 457 |     expect($output.attributes('aria-valuemax')).toEqual('100')
      |    ^ Duplicate Assert
  458 |     // `wrap` is off so it should not change to `1`
  459 |     expect($output.attributes('aria-valuenow')).toEqual('1')
  460 |     expect($output.attributes('aria-valuetext')).toEqual('1')"
/home/gabriel/Disk/Research/research-javascript-test-smells/repositories/bootstrap-vue-dev/src/components/form-spinbutton/form-spinbutton.spec.js,Duplicate Assert,"{'line': 457, 'column': 4, 'index': 19142}","  455 |     await wrapper.trigger('keyup.down')
  456 |     expect($output.attributes('aria-valuemin')).toEqual('1')
> 457 |     expect($output.attributes('aria-valuemax')).toEqual('100')
      |    ^ Duplicate Assert
  458 |     // `wrap` is off so it should not change to `1`
  459 |     expect($output.attributes('aria-valuenow')).toEqual('1')
  460 |     expect($output.attributes('aria-valuetext')).toEqual('1')"
/home/gabriel/Disk/Research/research-javascript-test-smells/repositories/bootstrap-vue-dev/src/components/form-spinbutton/form-spinbutton.spec.js,Duplicate Assert,"{'line': 459, 'column': 4, 'index': 19257}","  457 |     expect($output.attributes('aria-valuemax')).toEqual('100')
  458 |     // `wrap` is off so it should not change to `1`
> 459 |     expect($output.attributes('aria-valuenow')).toEqual('1')
      |    ^ Duplicate Assert
  460 |     expect($output.attributes('aria-valuetext')).toEqual('1')
  461 |
  462 |     await wrapper.trigger('keydown.pageup')"
/home/gabriel/Disk/Research/research-javascript-test-smells/repositories/bootstrap-vue-dev/src/components/form-spinbutton/form-spinbutton.spec.js,Duplicate Assert,"{'line': 459, 'column': 4, 'index': 19257}","  457 |     expect($output.attributes('aria-valuemax')).toEqual('100')
  458 |     // `wrap` is off so it should not change to `1`
> 459 |     expect($output.attributes('aria-valuenow')).toEqual('1')
      |    ^ Duplicate Assert
  460 |     expect($output.attributes('aria-valuetext')).toEqual('1')
  461 |
  462 |     await wrapper.trigger('keydown.pageup')"
/home/gabriel/Disk/Research/research-javascript-test-smells/repositories/bootstrap-vue-dev/src/components/form-spinbutton/form-spinbutton.spec.js,Duplicate Assert,"{'line': 460, 'column': 4, 'index': 19318}","  458 |     // `wrap` is off so it should not change to `1`
  459 |     expect($output.attributes('aria-valuenow')).toEqual('1')
> 460 |     expect($output.attributes('aria-valuetext')).toEqual('1')
      |    ^ Duplicate Assert
  461 |
  462 |     await wrapper.trigger('keydown.pageup')
  463 |     await wrapper.trigger('keyup.pageup')"
/home/gabriel/Disk/Research/research-javascript-test-smells/repositories/bootstrap-vue-dev/src/components/form-spinbutton/form-spinbutton.spec.js,Duplicate Assert,"{'line': 460, 'column': 4, 'index': 19318}","  458 |     // `wrap` is off so it should not change to `1`
  459 |     expect($output.attributes('aria-valuenow')).toEqual('1')
> 460 |     expect($output.attributes('aria-valuetext')).toEqual('1')
      |    ^ Duplicate Assert
  461 |
  462 |     await wrapper.trigger('keydown.pageup')
  463 |     await wrapper.trigger('keyup.pageup')"
/home/gabriel/Disk/Research/research-javascript-test-smells/repositories/bootstrap-vue-dev/src/components/form-spinbutton/form-spinbutton.spec.js,Duplicate Assert,"{'line': 464, 'column': 4, 'index': 19467}","  462 |     await wrapper.trigger('keydown.pageup')
  463 |     await wrapper.trigger('keyup.pageup')
> 464 |     expect($output.attributes('aria-valuemin')).toEqual('1')
      |    ^ Duplicate Assert
  465 |     expect($output.attributes('aria-valuemax')).toEqual('100')
  466 |     // Default jump is `4`
  467 |     expect($output.attributes('aria-valuenow')).toEqual('5')"
/home/gabriel/Disk/Research/research-javascript-test-smells/repositories/bootstrap-vue-dev/src/components/form-spinbutton/form-spinbutton.spec.js,Duplicate Assert,"{'line': 464, 'column': 4, 'index': 19467}","  462 |     await wrapper.trigger('keydown.pageup')
  463 |     await wrapper.trigger('keyup.pageup')
> 464 |     expect($output.attributes('aria-valuemin')).toEqual('1')
      |    ^ Duplicate Assert
  465 |     expect($output.attributes('aria-valuemax')).toEqual('100')
  466 |     // Default jump is `4`
  467 |     expect($output.attributes('aria-valuenow')).toEqual('5')"
/home/gabriel/Disk/Research/research-javascript-test-smells/repositories/bootstrap-vue-dev/src/components/form-spinbutton/form-spinbutton.spec.js,Duplicate Assert,"{'line': 465, 'column': 4, 'index': 19528}","  463 |     await wrapper.trigger('keyup.pageup')
  464 |     expect($output.attributes('aria-valuemin')).toEqual('1')
> 465 |     expect($output.attributes('aria-valuemax')).toEqual('100')
      |    ^ Duplicate Assert
  466 |     // Default jump is `4`
  467 |     expect($output.attributes('aria-valuenow')).toEqual('5')
  468 |     expect($output.attributes('aria-valuetext')).toEqual('5')"
/home/gabriel/Disk/Research/research-javascript-test-smells/repositories/bootstrap-vue-dev/src/components/form-spinbutton/form-spinbutton.spec.js,Duplicate Assert,"{'line': 465, 'column': 4, 'index': 19528}","  463 |     await wrapper.trigger('keyup.pageup')
  464 |     expect($output.attributes('aria-valuemin')).toEqual('1')
> 465 |     expect($output.attributes('aria-valuemax')).toEqual('100')
      |    ^ Duplicate Assert
  466 |     // Default jump is `4`
  467 |     expect($output.attributes('aria-valuenow')).toEqual('5')
  468 |     expect($output.attributes('aria-valuetext')).toEqual('5')"
/home/gabriel/Disk/Research/research-javascript-test-smells/repositories/bootstrap-vue-dev/src/components/form-spinbutton/form-spinbutton.spec.js,Duplicate Assert,"{'line': 467, 'column': 4, 'index': 19618}","  465 |     expect($output.attributes('aria-valuemax')).toEqual('100')
  466 |     // Default jump is `4`
> 467 |     expect($output.attributes('aria-valuenow')).toEqual('5')
      |    ^ Duplicate Assert
  468 |     expect($output.attributes('aria-valuetext')).toEqual('5')
  469 |
  470 |     await wrapper.trigger('keydown.pageup')"
/home/gabriel/Disk/Research/research-javascript-test-smells/repositories/bootstrap-vue-dev/src/components/form-spinbutton/form-spinbutton.spec.js,Duplicate Assert,"{'line': 467, 'column': 4, 'index': 19618}","  465 |     expect($output.attributes('aria-valuemax')).toEqual('100')
  466 |     // Default jump is `4`
> 467 |     expect($output.attributes('aria-valuenow')).toEqual('5')
      |    ^ Duplicate Assert
  468 |     expect($output.attributes('aria-valuetext')).toEqual('5')
  469 |
  470 |     await wrapper.trigger('keydown.pageup')"
/home/gabriel/Disk/Research/research-javascript-test-smells/repositories/bootstrap-vue-dev/src/components/form-spinbutton/form-spinbutton.spec.js,Duplicate Assert,"{'line': 468, 'column': 4, 'index': 19679}","  466 |     // Default jump is `4`
  467 |     expect($output.attributes('aria-valuenow')).toEqual('5')
> 468 |     expect($output.attributes('aria-valuetext')).toEqual('5')
      |    ^ Duplicate Assert
  469 |
  470 |     await wrapper.trigger('keydown.pageup')
  471 |     await wrapper.trigger('keyup.pageup')"
/home/gabriel/Disk/Research/research-javascript-test-smells/repositories/bootstrap-vue-dev/src/components/form-spinbutton/form-spinbutton.spec.js,Duplicate Assert,"{'line': 468, 'column': 4, 'index': 19679}","  466 |     // Default jump is `4`
  467 |     expect($output.attributes('aria-valuenow')).toEqual('5')
> 468 |     expect($output.attributes('aria-valuetext')).toEqual('5')
      |    ^ Duplicate Assert
  469 |
  470 |     await wrapper.trigger('keydown.pageup')
  471 |     await wrapper.trigger('keyup.pageup')"
/home/gabriel/Disk/Research/research-javascript-test-smells/repositories/bootstrap-vue-dev/src/components/form-spinbutton/form-spinbutton.spec.js,Duplicate Assert,"{'line': 472, 'column': 4, 'index': 19828}","  470 |     await wrapper.trigger('keydown.pageup')
  471 |     await wrapper.trigger('keyup.pageup')
> 472 |     expect($output.attributes('aria-valuemin')).toEqual('1')
      |    ^ Duplicate Assert
  473 |     expect($output.attributes('aria-valuemax')).toEqual('100')
  474 |     // Default jump is `4`
  475 |     expect($output.attributes('aria-valuenow')).toEqual('9')"
/home/gabriel/Disk/Research/research-javascript-test-smells/repositories/bootstrap-vue-dev/src/components/form-spinbutton/form-spinbutton.spec.js,Duplicate Assert,"{'line': 472, 'column': 4, 'index': 19828}","  470 |     await wrapper.trigger('keydown.pageup')
  471 |     await wrapper.trigger('keyup.pageup')
> 472 |     expect($output.attributes('aria-valuemin')).toEqual('1')
      |    ^ Duplicate Assert
  473 |     expect($output.attributes('aria-valuemax')).toEqual('100')
  474 |     // Default jump is `4`
  475 |     expect($output.attributes('aria-valuenow')).toEqual('9')"
/home/gabriel/Disk/Research/research-javascript-test-smells/repositories/bootstrap-vue-dev/src/components/form-spinbutton/form-spinbutton.spec.js,Duplicate Assert,"{'line': 473, 'column': 4, 'index': 19889}","  471 |     await wrapper.trigger('keyup.pageup')
  472 |     expect($output.attributes('aria-valuemin')).toEqual('1')
> 473 |     expect($output.attributes('aria-valuemax')).toEqual('100')
      |    ^ Duplicate Assert
  474 |     // Default jump is `4`
  475 |     expect($output.attributes('aria-valuenow')).toEqual('9')
  476 |     expect($output.attributes('aria-valuetext')).toEqual('9')"
/home/gabriel/Disk/Research/research-javascript-test-smells/repositories/bootstrap-vue-dev/src/components/form-spinbutton/form-spinbutton.spec.js,Duplicate Assert,"{'line': 473, 'column': 4, 'index': 19889}","  471 |     await wrapper.trigger('keyup.pageup')
  472 |     expect($output.attributes('aria-valuemin')).toEqual('1')
> 473 |     expect($output.attributes('aria-valuemax')).toEqual('100')
      |    ^ Duplicate Assert
  474 |     // Default jump is `4`
  475 |     expect($output.attributes('aria-valuenow')).toEqual('9')
  476 |     expect($output.attributes('aria-valuetext')).toEqual('9')"
/home/gabriel/Disk/Research/research-javascript-test-smells/repositories/bootstrap-vue-dev/src/components/form-spinbutton/form-spinbutton.spec.js,Duplicate Assert,"{'line': 475, 'column': 4, 'index': 19979}","  473 |     expect($output.attributes('aria-valuemax')).toEqual('100')
  474 |     // Default jump is `4`
> 475 |     expect($output.attributes('aria-valuenow')).toEqual('9')
      |    ^ Duplicate Assert
  476 |     expect($output.attributes('aria-valuetext')).toEqual('9')
  477 |
  478 |     await wrapper.trigger('keydown.pagedown')"
/home/gabriel/Disk/Research/research-javascript-test-smells/repositories/bootstrap-vue-dev/src/components/form-spinbutton/form-spinbutton.spec.js,Duplicate Assert,"{'line': 476, 'column': 4, 'index': 20040}","  474 |     // Default jump is `4`
  475 |     expect($output.attributes('aria-valuenow')).toEqual('9')
> 476 |     expect($output.attributes('aria-valuetext')).toEqual('9')
      |    ^ Duplicate Assert
  477 |
  478 |     await wrapper.trigger('keydown.pagedown')
  479 |     await wrapper.trigger('keyup.pagedown')"
/home/gabriel/Disk/Research/research-javascript-test-smells/repositories/bootstrap-vue-dev/src/components/form-spinbutton/form-spinbutton.spec.js,Duplicate Assert,"{'line': 480, 'column': 4, 'index': 20193}","  478 |     await wrapper.trigger('keydown.pagedown')
  479 |     await wrapper.trigger('keyup.pagedown')
> 480 |     expect($output.attributes('aria-valuemin')).toEqual('1')
      |    ^ Duplicate Assert
  481 |     expect($output.attributes('aria-valuemax')).toEqual('100')
  482 |     // Default jump is `4`
  483 |     expect($output.attributes('aria-valuenow')).toEqual('5')"
/home/gabriel/Disk/Research/research-javascript-test-smells/repositories/bootstrap-vue-dev/src/components/form-spinbutton/form-spinbutton.spec.js,Duplicate Assert,"{'line': 480, 'column': 4, 'index': 20193}","  478 |     await wrapper.trigger('keydown.pagedown')
  479 |     await wrapper.trigger('keyup.pagedown')
> 480 |     expect($output.attributes('aria-valuemin')).toEqual('1')
      |    ^ Duplicate Assert
  481 |     expect($output.attributes('aria-valuemax')).toEqual('100')
  482 |     // Default jump is `4`
  483 |     expect($output.attributes('aria-valuenow')).toEqual('5')"
/home/gabriel/Disk/Research/research-javascript-test-smells/repositories/bootstrap-vue-dev/src/components/form-spinbutton/form-spinbutton.spec.js,Duplicate Assert,"{'line': 481, 'column': 4, 'index': 20254}","  479 |     await wrapper.trigger('keyup.pagedown')
  480 |     expect($output.attributes('aria-valuemin')).toEqual('1')
> 481 |     expect($output.attributes('aria-valuemax')).toEqual('100')
      |    ^ Duplicate Assert
  482 |     // Default jump is `4`
  483 |     expect($output.attributes('aria-valuenow')).toEqual('5')
  484 |     expect($output.attributes('aria-valuetext')).toEqual('5')"
/home/gabriel/Disk/Research/research-javascript-test-smells/repositories/bootstrap-vue-dev/src/components/form-spinbutton/form-spinbutton.spec.js,Duplicate Assert,"{'line': 481, 'column': 4, 'index': 20254}","  479 |     await wrapper.trigger('keyup.pagedown')
  480 |     expect($output.attributes('aria-valuemin')).toEqual('1')
> 481 |     expect($output.attributes('aria-valuemax')).toEqual('100')
      |    ^ Duplicate Assert
  482 |     // Default jump is `4`
  483 |     expect($output.attributes('aria-valuenow')).toEqual('5')
  484 |     expect($output.attributes('aria-valuetext')).toEqual('5')"
/home/gabriel/Disk/Research/research-javascript-test-smells/repositories/bootstrap-vue-dev/src/components/form-spinbutton/form-spinbutton.spec.js,Duplicate Assert,"{'line': 483, 'column': 4, 'index': 20344}","  481 |     expect($output.attributes('aria-valuemax')).toEqual('100')
  482 |     // Default jump is `4`
> 483 |     expect($output.attributes('aria-valuenow')).toEqual('5')
      |    ^ Duplicate Assert
  484 |     expect($output.attributes('aria-valuetext')).toEqual('5')
  485 |
  486 |     wrapper.destroy()"
/home/gabriel/Disk/Research/research-javascript-test-smells/repositories/bootstrap-vue-dev/src/components/form-spinbutton/form-spinbutton.spec.js,Duplicate Assert,"{'line': 483, 'column': 4, 'index': 20344}","  481 |     expect($output.attributes('aria-valuemax')).toEqual('100')
  482 |     // Default jump is `4`
> 483 |     expect($output.attributes('aria-valuenow')).toEqual('5')
      |    ^ Duplicate Assert
  484 |     expect($output.attributes('aria-valuetext')).toEqual('5')
  485 |
  486 |     wrapper.destroy()"
/home/gabriel/Disk/Research/research-javascript-test-smells/repositories/bootstrap-vue-dev/src/components/form-spinbutton/form-spinbutton.spec.js,Duplicate Assert,"{'line': 484, 'column': 4, 'index': 20405}","  482 |     // Default jump is `4`
  483 |     expect($output.attributes('aria-valuenow')).toEqual('5')
> 484 |     expect($output.attributes('aria-valuetext')).toEqual('5')
      |    ^ Duplicate Assert
  485 |
  486 |     wrapper.destroy()
  487 |   })"
/home/gabriel/Disk/Research/research-javascript-test-smells/repositories/bootstrap-vue-dev/src/components/form-spinbutton/form-spinbutton.spec.js,Duplicate Assert,"{'line': 484, 'column': 4, 'index': 20405}","  482 |     // Default jump is `4`
  483 |     expect($output.attributes('aria-valuenow')).toEqual('5')
> 484 |     expect($output.attributes('aria-valuetext')).toEqual('5')
      |    ^ Duplicate Assert
  485 |
  486 |     wrapper.destroy()
  487 |   })"
/home/gabriel/Disk/Research/research-javascript-test-smells/repositories/bootstrap-vue-dev/src/components/form-spinbutton/form-spinbutton.spec.js,Duplicate Assert,"{'line': 511, 'column': 4, 'index': 21209}","  509 |     expect($output.attributes('aria-valuemin')).toEqual('1')
  510 |     expect($output.attributes('aria-valuemax')).toEqual('100')
> 511 |     expect($output.attributes('aria-valuenow')).toEqual('1')
      |    ^ Duplicate Assert
  512 |     expect($output.attributes('aria-valuetext')).toEqual('1')
  513 |
  514 |     expect(wrapper.emitted('input')).toBeUndefined()"
/home/gabriel/Disk/Research/research-javascript-test-smells/repositories/bootstrap-vue-dev/src/components/form-spinbutton/form-spinbutton.spec.js,Duplicate Assert,"{'line': 512, 'column': 4, 'index': 21270}","  510 |     expect($output.attributes('aria-valuemax')).toEqual('100')
  511 |     expect($output.attributes('aria-valuenow')).toEqual('1')
> 512 |     expect($output.attributes('aria-valuetext')).toEqual('1')
      |    ^ Duplicate Assert
  513 |
  514 |     expect(wrapper.emitted('input')).toBeUndefined()
  515 |     expect(wrapper.emitted('change')).toBeUndefined()"
/home/gabriel/Disk/Research/research-javascript-test-smells/repositories/bootstrap-vue-dev/src/components/form-spinbutton/form-spinbutton.spec.js,Duplicate Assert,"{'line': 514, 'column': 4, 'index': 21333}","  512 |     expect($output.attributes('aria-valuetext')).toEqual('1')
  513 |
> 514 |     expect(wrapper.emitted('input')).toBeUndefined()
      |    ^ Duplicate Assert
  515 |     expect(wrapper.emitted('change')).toBeUndefined()
  516 |
  517 |     await wrapper.trigger('keydown.up')"
/home/gabriel/Disk/Research/research-javascript-test-smells/repositories/bootstrap-vue-dev/src/components/form-spinbutton/form-spinbutton.spec.js,Duplicate Assert,"{'line': 515, 'column': 4, 'index': 21386}","  513 |
  514 |     expect(wrapper.emitted('input')).toBeUndefined()
> 515 |     expect(wrapper.emitted('change')).toBeUndefined()
      |    ^ Duplicate Assert
  516 |
  517 |     await wrapper.trigger('keydown.up')
  518 |     expect($output.attributes('aria-valuenow')).toEqual('2')"
/home/gabriel/Disk/Research/research-javascript-test-smells/repositories/bootstrap-vue-dev/src/components/form-spinbutton/form-spinbutton.spec.js,Duplicate Assert,"{'line': 515, 'column': 4, 'index': 21386}","  513 |
  514 |     expect(wrapper.emitted('input')).toBeUndefined()
> 515 |     expect(wrapper.emitted('change')).toBeUndefined()
      |    ^ Duplicate Assert
  516 |
  517 |     await wrapper.trigger('keydown.up')
  518 |     expect($output.attributes('aria-valuenow')).toEqual('2')"
/home/gabriel/Disk/Research/research-javascript-test-smells/repositories/bootstrap-vue-dev/src/components/form-spinbutton/form-spinbutton.spec.js,Duplicate Assert,"{'line': 518, 'column': 4, 'index': 21481}","  516 |
  517 |     await wrapper.trigger('keydown.up')
> 518 |     expect($output.attributes('aria-valuenow')).toEqual('2')
      |    ^ Duplicate Assert
  519 |     expect($output.attributes('aria-valuetext')).toEqual('2')
  520 |     expect(wrapper.emitted('input')).toBeDefined()
  521 |     expect(wrapper.emitted('input').length).toBe(1)"
/home/gabriel/Disk/Research/research-javascript-test-smells/repositories/bootstrap-vue-dev/src/components/form-spinbutton/form-spinbutton.spec.js,Duplicate Assert,"{'line': 518, 'column': 4, 'index': 21481}","  516 |
  517 |     await wrapper.trigger('keydown.up')
> 518 |     expect($output.attributes('aria-valuenow')).toEqual('2')
      |    ^ Duplicate Assert
  519 |     expect($output.attributes('aria-valuetext')).toEqual('2')
  520 |     expect(wrapper.emitted('input')).toBeDefined()
  521 |     expect(wrapper.emitted('input').length).toBe(1)"
/home/gabriel/Disk/Research/research-javascript-test-smells/repositories/bootstrap-vue-dev/src/components/form-spinbutton/form-spinbutton.spec.js,Duplicate Assert,"{'line': 519, 'column': 4, 'index': 21542}","  517 |     await wrapper.trigger('keydown.up')
  518 |     expect($output.attributes('aria-valuenow')).toEqual('2')
> 519 |     expect($output.attributes('aria-valuetext')).toEqual('2')
      |    ^ Duplicate Assert
  520 |     expect(wrapper.emitted('input')).toBeDefined()
  521 |     expect(wrapper.emitted('input').length).toBe(1)
  522 |     expect(wrapper.emitted('change')).toBeUndefined()"
/home/gabriel/Disk/Research/research-javascript-test-smells/repositories/bootstrap-vue-dev/src/components/form-spinbutton/form-spinbutton.spec.js,Duplicate Assert,"{'line': 519, 'column': 4, 'index': 21542}","  517 |     await wrapper.trigger('keydown.up')
  518 |     expect($output.attributes('aria-valuenow')).toEqual('2')
> 519 |     expect($output.attributes('aria-valuetext')).toEqual('2')
      |    ^ Duplicate Assert
  520 |     expect(wrapper.emitted('input')).toBeDefined()
  521 |     expect(wrapper.emitted('input').length).toBe(1)
  522 |     expect(wrapper.emitted('change')).toBeUndefined()"
/home/gabriel/Disk/Research/research-javascript-test-smells/repositories/bootstrap-vue-dev/src/components/form-spinbutton/form-spinbutton.spec.js,Duplicate Assert,"{'line': 520, 'column': 4, 'index': 21604}","  518 |     expect($output.attributes('aria-valuenow')).toEqual('2')
  519 |     expect($output.attributes('aria-valuetext')).toEqual('2')
> 520 |     expect(wrapper.emitted('input')).toBeDefined()
      |    ^ Duplicate Assert
  521 |     expect(wrapper.emitted('input').length).toBe(1)
  522 |     expect(wrapper.emitted('change')).toBeUndefined()
  523 |"
/home/gabriel/Disk/Research/research-javascript-test-smells/repositories/bootstrap-vue-dev/src/components/form-spinbutton/form-spinbutton.spec.js,Duplicate Assert,"{'line': 521, 'column': 4, 'index': 21655}","  519 |     expect($output.attributes('aria-valuetext')).toEqual('2')
  520 |     expect(wrapper.emitted('input')).toBeDefined()
> 521 |     expect(wrapper.emitted('input').length).toBe(1)
      |    ^ Duplicate Assert
  522 |     expect(wrapper.emitted('change')).toBeUndefined()
  523 |
  524 |     // Advance past delay time"
/home/gabriel/Disk/Research/research-javascript-test-smells/repositories/bootstrap-vue-dev/src/components/form-spinbutton/form-spinbutton.spec.js,Duplicate Assert,"{'line': 521, 'column': 4, 'index': 21655}","  519 |     expect($output.attributes('aria-valuetext')).toEqual('2')
  520 |     expect(wrapper.emitted('input')).toBeDefined()
> 521 |     expect(wrapper.emitted('input').length).toBe(1)
      |    ^ Duplicate Assert
  522 |     expect(wrapper.emitted('change')).toBeUndefined()
  523 |
  524 |     // Advance past delay time"
/home/gabriel/Disk/Research/research-javascript-test-smells/repositories/bootstrap-vue-dev/src/components/form-spinbutton/form-spinbutton.spec.js,Duplicate Assert,"{'line': 522, 'column': 4, 'index': 21707}","  520 |     expect(wrapper.emitted('input')).toBeDefined()
  521 |     expect(wrapper.emitted('input').length).toBe(1)
> 522 |     expect(wrapper.emitted('change')).toBeUndefined()
      |    ^ Duplicate Assert
  523 |
  524 |     // Advance past delay time
  525 |     jest.runOnlyPendingTimers()"
/home/gabriel/Disk/Research/research-javascript-test-smells/repositories/bootstrap-vue-dev/src/components/form-spinbutton/form-spinbutton.spec.js,Duplicate Assert,"{'line': 522, 'column': 4, 'index': 21707}","  520 |     expect(wrapper.emitted('input')).toBeDefined()
  521 |     expect(wrapper.emitted('input').length).toBe(1)
> 522 |     expect(wrapper.emitted('change')).toBeUndefined()
      |    ^ Duplicate Assert
  523 |
  524 |     // Advance past delay time
  525 |     jest.runOnlyPendingTimers()"
/home/gabriel/Disk/Research/research-javascript-test-smells/repositories/bootstrap-vue-dev/src/components/form-spinbutton/form-spinbutton.spec.js,Duplicate Assert,"{'line': 529, 'column': 4, 'index': 21924}","  527 |     await waitRAF()
  528 |     // Now we have to wait for interval to happen
> 529 |     expect($output.attributes('aria-valuenow')).toEqual('2')
      |    ^ Duplicate Assert
  530 |     expect($output.attributes('aria-valuetext')).toEqual('2')
  531 |     expect(wrapper.emitted('input').length).toBe(1)
  532 |     expect(wrapper.emitted('change')).toBeUndefined()"
/home/gabriel/Disk/Research/research-javascript-test-smells/repositories/bootstrap-vue-dev/src/components/form-spinbutton/form-spinbutton.spec.js,Duplicate Assert,"{'line': 529, 'column': 4, 'index': 21924}","  527 |     await waitRAF()
  528 |     // Now we have to wait for interval to happen
> 529 |     expect($output.attributes('aria-valuenow')).toEqual('2')
      |    ^ Duplicate Assert
  530 |     expect($output.attributes('aria-valuetext')).toEqual('2')
  531 |     expect(wrapper.emitted('input').length).toBe(1)
  532 |     expect(wrapper.emitted('change')).toBeUndefined()"
/home/gabriel/Disk/Research/research-javascript-test-smells/repositories/bootstrap-vue-dev/src/components/form-spinbutton/form-spinbutton.spec.js,Duplicate Assert,"{'line': 530, 'column': 4, 'index': 21985}","  528 |     // Now we have to wait for interval to happen
  529 |     expect($output.attributes('aria-valuenow')).toEqual('2')
> 530 |     expect($output.attributes('aria-valuetext')).toEqual('2')
      |    ^ Duplicate Assert
  531 |     expect(wrapper.emitted('input').length).toBe(1)
  532 |     expect(wrapper.emitted('change')).toBeUndefined()
  533 |"
/home/gabriel/Disk/Research/research-javascript-test-smells/repositories/bootstrap-vue-dev/src/components/form-spinbutton/form-spinbutton.spec.js,Duplicate Assert,"{'line': 530, 'column': 4, 'index': 21985}","  528 |     // Now we have to wait for interval to happen
  529 |     expect($output.attributes('aria-valuenow')).toEqual('2')
> 530 |     expect($output.attributes('aria-valuetext')).toEqual('2')
      |    ^ Duplicate Assert
  531 |     expect(wrapper.emitted('input').length).toBe(1)
  532 |     expect(wrapper.emitted('change')).toBeUndefined()
  533 |"
/home/gabriel/Disk/Research/research-javascript-test-smells/repositories/bootstrap-vue-dev/src/components/form-spinbutton/form-spinbutton.spec.js,Duplicate Assert,"{'line': 531, 'column': 4, 'index': 22047}","  529 |     expect($output.attributes('aria-valuenow')).toEqual('2')
  530 |     expect($output.attributes('aria-valuetext')).toEqual('2')
> 531 |     expect(wrapper.emitted('input').length).toBe(1)
      |    ^ Duplicate Assert
  532 |     expect(wrapper.emitted('change')).toBeUndefined()
  533 |
  534 |     // Advance past interval time"
/home/gabriel/Disk/Research/research-javascript-test-smells/repositories/bootstrap-vue-dev/src/components/form-spinbutton/form-spinbutton.spec.js,Duplicate Assert,"{'line': 531, 'column': 4, 'index': 22047}","  529 |     expect($output.attributes('aria-valuenow')).toEqual('2')
  530 |     expect($output.attributes('aria-valuetext')).toEqual('2')
> 531 |     expect(wrapper.emitted('input').length).toBe(1)
      |    ^ Duplicate Assert
  532 |     expect(wrapper.emitted('change')).toBeUndefined()
  533 |
  534 |     // Advance past interval time"
/home/gabriel/Disk/Research/research-javascript-test-smells/repositories/bootstrap-vue-dev/src/components/form-spinbutton/form-spinbutton.spec.js,Duplicate Assert,"{'line': 532, 'column': 4, 'index': 22099}","  530 |     expect($output.attributes('aria-valuetext')).toEqual('2')
  531 |     expect(wrapper.emitted('input').length).toBe(1)
> 532 |     expect(wrapper.emitted('change')).toBeUndefined()
      |    ^ Duplicate Assert
  533 |
  534 |     // Advance past interval time
  535 |     // Repeat #1"
/home/gabriel/Disk/Research/research-javascript-test-smells/repositories/bootstrap-vue-dev/src/components/form-spinbutton/form-spinbutton.spec.js,Duplicate Assert,"{'line': 532, 'column': 4, 'index': 22099}","  530 |     expect($output.attributes('aria-valuetext')).toEqual('2')
  531 |     expect(wrapper.emitted('input').length).toBe(1)
> 532 |     expect(wrapper.emitted('change')).toBeUndefined()
      |    ^ Duplicate Assert
  533 |
  534 |     // Advance past interval time
  535 |     // Repeat #1"
/home/gabriel/Disk/Research/research-javascript-test-smells/repositories/bootstrap-vue-dev/src/components/form-spinbutton/form-spinbutton.spec.js,Duplicate Assert,"{'line': 539, 'column': 4, 'index': 22286}","  537 |     await waitNT(wrapper.vm)
  538 |     await waitRAF()
> 539 |     expect($output.attributes('aria-valuenow')).toEqual('3')
      |    ^ Duplicate Assert
  540 |     expect($output.attributes('aria-valuetext')).toEqual('3')
  541 |     expect(wrapper.emitted('input').length).toBe(2)
  542 |     expect(wrapper.emitted('change')).toBeUndefined()"
/home/gabriel/Disk/Research/research-javascript-test-smells/repositories/bootstrap-vue-dev/src/components/form-spinbutton/form-spinbutton.spec.js,Duplicate Assert,"{'line': 540, 'column': 4, 'index': 22347}","  538 |     await waitRAF()
  539 |     expect($output.attributes('aria-valuenow')).toEqual('3')
> 540 |     expect($output.attributes('aria-valuetext')).toEqual('3')
      |    ^ Duplicate Assert
  541 |     expect(wrapper.emitted('input').length).toBe(2)
  542 |     expect(wrapper.emitted('change')).toBeUndefined()
  543 |"
/home/gabriel/Disk/Research/research-javascript-test-smells/repositories/bootstrap-vue-dev/src/components/form-spinbutton/form-spinbutton.spec.js,Duplicate Assert,"{'line': 541, 'column': 4, 'index': 22409}","  539 |     expect($output.attributes('aria-valuenow')).toEqual('3')
  540 |     expect($output.attributes('aria-valuetext')).toEqual('3')
> 541 |     expect(wrapper.emitted('input').length).toBe(2)
      |    ^ Duplicate Assert
  542 |     expect(wrapper.emitted('change')).toBeUndefined()
  543 |
  544 |     // Repeat #2"
/home/gabriel/Disk/Research/research-javascript-test-smells/repositories/bootstrap-vue-dev/src/components/form-spinbutton/form-spinbutton.spec.js,Duplicate Assert,"{'line': 542, 'column': 4, 'index': 22461}","  540 |     expect($output.attributes('aria-valuetext')).toEqual('3')
  541 |     expect(wrapper.emitted('input').length).toBe(2)
> 542 |     expect(wrapper.emitted('change')).toBeUndefined()
      |    ^ Duplicate Assert
  543 |
  544 |     // Repeat #2
  545 |     jest.runOnlyPendingTimers()"
/home/gabriel/Disk/Research/research-javascript-test-smells/repositories/bootstrap-vue-dev/src/components/form-spinbutton/form-spinbutton.spec.js,Duplicate Assert,"{'line': 542, 'column': 4, 'index': 22461}","  540 |     expect($output.attributes('aria-valuetext')).toEqual('3')
  541 |     expect(wrapper.emitted('input').length).toBe(2)
> 542 |     expect(wrapper.emitted('change')).toBeUndefined()
      |    ^ Duplicate Assert
  543 |
  544 |     // Repeat #2
  545 |     jest.runOnlyPendingTimers()"
/home/gabriel/Disk/Research/research-javascript-test-smells/repositories/bootstrap-vue-dev/src/components/form-spinbutton/form-spinbutton.spec.js,Duplicate Assert,"{'line': 548, 'column': 4, 'index': 22614}","  546 |     await waitNT(wrapper.vm)
  547 |     await waitRAF()
> 548 |     expect($output.attributes('aria-valuenow')).toEqual('4')
      |    ^ Duplicate Assert
  549 |     expect($output.attributes('aria-valuetext')).toEqual('4')
  550 |     expect(wrapper.emitted('input').length).toBe(3)
  551 |     expect(wrapper.emitted('change')).toBeUndefined()"
/home/gabriel/Disk/Research/research-javascript-test-smells/repositories/bootstrap-vue-dev/src/components/form-spinbutton/form-spinbutton.spec.js,Duplicate Assert,"{'line': 549, 'column': 4, 'index': 22675}","  547 |     await waitRAF()
  548 |     expect($output.attributes('aria-valuenow')).toEqual('4')
> 549 |     expect($output.attributes('aria-valuetext')).toEqual('4')
      |    ^ Duplicate Assert
  550 |     expect(wrapper.emitted('input').length).toBe(3)
  551 |     expect(wrapper.emitted('change')).toBeUndefined()
  552 |"
/home/gabriel/Disk/Research/research-javascript-test-smells/repositories/bootstrap-vue-dev/src/components/form-spinbutton/form-spinbutton.spec.js,Duplicate Assert,"{'line': 550, 'column': 4, 'index': 22737}","  548 |     expect($output.attributes('aria-valuenow')).toEqual('4')
  549 |     expect($output.attributes('aria-valuetext')).toEqual('4')
> 550 |     expect(wrapper.emitted('input').length).toBe(3)
      |    ^ Duplicate Assert
  551 |     expect(wrapper.emitted('change')).toBeUndefined()
  552 |
  553 |     // Repeat #3"
/home/gabriel/Disk/Research/research-javascript-test-smells/repositories/bootstrap-vue-dev/src/components/form-spinbutton/form-spinbutton.spec.js,Duplicate Assert,"{'line': 551, 'column': 4, 'index': 22789}","  549 |     expect($output.attributes('aria-valuetext')).toEqual('4')
  550 |     expect(wrapper.emitted('input').length).toBe(3)
> 551 |     expect(wrapper.emitted('change')).toBeUndefined()
      |    ^ Duplicate Assert
  552 |
  553 |     // Repeat #3
  554 |     jest.runOnlyPendingTimers()"
/home/gabriel/Disk/Research/research-javascript-test-smells/repositories/bootstrap-vue-dev/src/components/form-spinbutton/form-spinbutton.spec.js,Duplicate Assert,"{'line': 551, 'column': 4, 'index': 22789}","  549 |     expect($output.attributes('aria-valuetext')).toEqual('4')
  550 |     expect(wrapper.emitted('input').length).toBe(3)
> 551 |     expect(wrapper.emitted('change')).toBeUndefined()
      |    ^ Duplicate Assert
  552 |
  553 |     // Repeat #3
  554 |     jest.runOnlyPendingTimers()"
/home/gabriel/Disk/Research/research-javascript-test-smells/repositories/bootstrap-vue-dev/src/components/form-spinbutton/form-spinbutton.spec.js,Duplicate Assert,"{'line': 557, 'column': 4, 'index': 22942}","  555 |     await waitNT(wrapper.vm)
  556 |     await waitRAF()
> 557 |     expect($output.attributes('aria-valuenow')).toEqual('5')
      |    ^ Duplicate Assert
  558 |     expect($output.attributes('aria-valuetext')).toEqual('5')
  559 |     expect(wrapper.emitted('input').length).toBe(4)
  560 |     expect(wrapper.emitted('change')).toBeUndefined()"
/home/gabriel/Disk/Research/research-javascript-test-smells/repositories/bootstrap-vue-dev/src/components/form-spinbutton/form-spinbutton.spec.js,Duplicate Assert,"{'line': 558, 'column': 4, 'index': 23003}","  556 |     await waitRAF()
  557 |     expect($output.attributes('aria-valuenow')).toEqual('5')
> 558 |     expect($output.attributes('aria-valuetext')).toEqual('5')
      |    ^ Duplicate Assert
  559 |     expect(wrapper.emitted('input').length).toBe(4)
  560 |     expect(wrapper.emitted('change')).toBeUndefined()
  561 |"
/home/gabriel/Disk/Research/research-javascript-test-smells/repositories/bootstrap-vue-dev/src/components/form-spinbutton/form-spinbutton.spec.js,Duplicate Assert,"{'line': 559, 'column': 4, 'index': 23065}","  557 |     expect($output.attributes('aria-valuenow')).toEqual('5')
  558 |     expect($output.attributes('aria-valuetext')).toEqual('5')
> 559 |     expect(wrapper.emitted('input').length).toBe(4)
      |    ^ Duplicate Assert
  560 |     expect(wrapper.emitted('change')).toBeUndefined()
  561 |
  562 |     // Repeat #4"
/home/gabriel/Disk/Research/research-javascript-test-smells/repositories/bootstrap-vue-dev/src/components/form-spinbutton/form-spinbutton.spec.js,Duplicate Assert,"{'line': 560, 'column': 4, 'index': 23117}","  558 |     expect($output.attributes('aria-valuetext')).toEqual('5')
  559 |     expect(wrapper.emitted('input').length).toBe(4)
> 560 |     expect(wrapper.emitted('change')).toBeUndefined()
      |    ^ Duplicate Assert
  561 |
  562 |     // Repeat #4
  563 |     jest.runOnlyPendingTimers()"
/home/gabriel/Disk/Research/research-javascript-test-smells/repositories/bootstrap-vue-dev/src/components/form-spinbutton/form-spinbutton.spec.js,Duplicate Assert,"{'line': 560, 'column': 4, 'index': 23117}","  558 |     expect($output.attributes('aria-valuetext')).toEqual('5')
  559 |     expect(wrapper.emitted('input').length).toBe(4)
> 560 |     expect(wrapper.emitted('change')).toBeUndefined()
      |    ^ Duplicate Assert
  561 |
  562 |     // Repeat #4
  563 |     jest.runOnlyPendingTimers()"
/home/gabriel/Disk/Research/research-javascript-test-smells/repositories/bootstrap-vue-dev/src/components/form-spinbutton/form-spinbutton.spec.js,Duplicate Assert,"{'line': 566, 'column': 4, 'index': 23270}","  564 |     await waitNT(wrapper.vm)
  565 |     await waitRAF()
> 566 |     expect($output.attributes('aria-valuenow')).toEqual('6')
      |    ^ Duplicate Assert
  567 |     expect($output.attributes('aria-valuetext')).toEqual('6')
  568 |     expect(wrapper.emitted('input').length).toBe(5)
  569 |     expect(wrapper.emitted('change')).toBeUndefined()"
/home/gabriel/Disk/Research/research-javascript-test-smells/repositories/bootstrap-vue-dev/src/components/form-spinbutton/form-spinbutton.spec.js,Duplicate Assert,"{'line': 567, 'column': 4, 'index': 23331}","  565 |     await waitRAF()
  566 |     expect($output.attributes('aria-valuenow')).toEqual('6')
> 567 |     expect($output.attributes('aria-valuetext')).toEqual('6')
      |    ^ Duplicate Assert
  568 |     expect(wrapper.emitted('input').length).toBe(5)
  569 |     expect(wrapper.emitted('change')).toBeUndefined()
  570 |"
/home/gabriel/Disk/Research/research-javascript-test-smells/repositories/bootstrap-vue-dev/src/components/form-spinbutton/form-spinbutton.spec.js,Duplicate Assert,"{'line': 568, 'column': 4, 'index': 23393}","  566 |     expect($output.attributes('aria-valuenow')).toEqual('6')
  567 |     expect($output.attributes('aria-valuetext')).toEqual('6')
> 568 |     expect(wrapper.emitted('input').length).toBe(5)
      |    ^ Duplicate Assert
  569 |     expect(wrapper.emitted('change')).toBeUndefined()
  570 |
  571 |     // Repeat #5"
/home/gabriel/Disk/Research/research-javascript-test-smells/repositories/bootstrap-vue-dev/src/components/form-spinbutton/form-spinbutton.spec.js,Duplicate Assert,"{'line': 569, 'column': 4, 'index': 23445}","  567 |     expect($output.attributes('aria-valuetext')).toEqual('6')
  568 |     expect(wrapper.emitted('input').length).toBe(5)
> 569 |     expect(wrapper.emitted('change')).toBeUndefined()
      |    ^ Duplicate Assert
  570 |
  571 |     // Repeat #5
  572 |     jest.runOnlyPendingTimers()"
/home/gabriel/Disk/Research/research-javascript-test-smells/repositories/bootstrap-vue-dev/src/components/form-spinbutton/form-spinbutton.spec.js,Duplicate Assert,"{'line': 569, 'column': 4, 'index': 23445}","  567 |     expect($output.attributes('aria-valuetext')).toEqual('6')
  568 |     expect(wrapper.emitted('input').length).toBe(5)
> 569 |     expect(wrapper.emitted('change')).toBeUndefined()
      |    ^ Duplicate Assert
  570 |
  571 |     // Repeat #5
  572 |     jest.runOnlyPendingTimers()"
/home/gabriel/Disk/Research/research-javascript-test-smells/repositories/bootstrap-vue-dev/src/components/form-spinbutton/form-spinbutton.spec.js,Duplicate Assert,"{'line': 575, 'column': 4, 'index': 23598}","  573 |     await waitNT(wrapper.vm)
  574 |     await waitRAF()
> 575 |     expect($output.attributes('aria-valuenow')).toEqual('7')
      |    ^ Duplicate Assert
  576 |     expect($output.attributes('aria-valuetext')).toEqual('7')
  577 |     expect(wrapper.emitted('input').length).toBe(6)
  578 |     expect(wrapper.emitted('change')).toBeUndefined()"
/home/gabriel/Disk/Research/research-javascript-test-smells/repositories/bootstrap-vue-dev/src/components/form-spinbutton/form-spinbutton.spec.js,Duplicate Assert,"{'line': 576, 'column': 4, 'index': 23659}","  574 |     await waitRAF()
  575 |     expect($output.attributes('aria-valuenow')).toEqual('7')
> 576 |     expect($output.attributes('aria-valuetext')).toEqual('7')
      |    ^ Duplicate Assert
  577 |     expect(wrapper.emitted('input').length).toBe(6)
  578 |     expect(wrapper.emitted('change')).toBeUndefined()
  579 |"
/home/gabriel/Disk/Research/research-javascript-test-smells/repositories/bootstrap-vue-dev/src/components/form-spinbutton/form-spinbutton.spec.js,Duplicate Assert,"{'line': 577, 'column': 4, 'index': 23721}","  575 |     expect($output.attributes('aria-valuenow')).toEqual('7')
  576 |     expect($output.attributes('aria-valuetext')).toEqual('7')
> 577 |     expect(wrapper.emitted('input').length).toBe(6)
      |    ^ Duplicate Assert
  578 |     expect(wrapper.emitted('change')).toBeUndefined()
  579 |
  580 |     // Repeat #6"
/home/gabriel/Disk/Research/research-javascript-test-smells/repositories/bootstrap-vue-dev/src/components/form-spinbutton/form-spinbutton.spec.js,Duplicate Assert,"{'line': 578, 'column': 4, 'index': 23773}","  576 |     expect($output.attributes('aria-valuetext')).toEqual('7')
  577 |     expect(wrapper.emitted('input').length).toBe(6)
> 578 |     expect(wrapper.emitted('change')).toBeUndefined()
      |    ^ Duplicate Assert
  579 |
  580 |     // Repeat #6
  581 |     jest.runOnlyPendingTimers()"
/home/gabriel/Disk/Research/research-javascript-test-smells/repositories/bootstrap-vue-dev/src/components/form-spinbutton/form-spinbutton.spec.js,Duplicate Assert,"{'line': 578, 'column': 4, 'index': 23773}","  576 |     expect($output.attributes('aria-valuetext')).toEqual('7')
  577 |     expect(wrapper.emitted('input').length).toBe(6)
> 578 |     expect(wrapper.emitted('change')).toBeUndefined()
      |    ^ Duplicate Assert
  579 |
  580 |     // Repeat #6
  581 |     jest.runOnlyPendingTimers()"
/home/gabriel/Disk/Research/research-javascript-test-smells/repositories/bootstrap-vue-dev/src/components/form-spinbutton/form-spinbutton.spec.js,Duplicate Assert,"{'line': 584, 'column': 4, 'index': 23926}","  582 |     await waitNT(wrapper.vm)
  583 |     await waitRAF()
> 584 |     expect($output.attributes('aria-valuenow')).toEqual('8')
      |    ^ Duplicate Assert
  585 |     expect($output.attributes('aria-valuetext')).toEqual('8')
  586 |     expect(wrapper.emitted('input').length).toBe(7)
  587 |     expect(wrapper.emitted('change')).toBeUndefined()"
/home/gabriel/Disk/Research/research-javascript-test-smells/repositories/bootstrap-vue-dev/src/components/form-spinbutton/form-spinbutton.spec.js,Duplicate Assert,"{'line': 585, 'column': 4, 'index': 23987}","  583 |     await waitRAF()
  584 |     expect($output.attributes('aria-valuenow')).toEqual('8')
> 585 |     expect($output.attributes('aria-valuetext')).toEqual('8')
      |    ^ Duplicate Assert
  586 |     expect(wrapper.emitted('input').length).toBe(7)
  587 |     expect(wrapper.emitted('change')).toBeUndefined()
  588 |"
/home/gabriel/Disk/Research/research-javascript-test-smells/repositories/bootstrap-vue-dev/src/components/form-spinbutton/form-spinbutton.spec.js,Duplicate Assert,"{'line': 586, 'column': 4, 'index': 24049}","  584 |     expect($output.attributes('aria-valuenow')).toEqual('8')
  585 |     expect($output.attributes('aria-valuetext')).toEqual('8')
> 586 |     expect(wrapper.emitted('input').length).toBe(7)
      |    ^ Duplicate Assert
  587 |     expect(wrapper.emitted('change')).toBeUndefined()
  588 |
  589 |     // Repeat #7"
/home/gabriel/Disk/Research/research-javascript-test-smells/repositories/bootstrap-vue-dev/src/components/form-spinbutton/form-spinbutton.spec.js,Duplicate Assert,"{'line': 587, 'column': 4, 'index': 24101}","  585 |     expect($output.attributes('aria-valuetext')).toEqual('8')
  586 |     expect(wrapper.emitted('input').length).toBe(7)
> 587 |     expect(wrapper.emitted('change')).toBeUndefined()
      |    ^ Duplicate Assert
  588 |
  589 |     // Repeat #7
  590 |     jest.runOnlyPendingTimers()"
/home/gabriel/Disk/Research/research-javascript-test-smells/repositories/bootstrap-vue-dev/src/components/form-spinbutton/form-spinbutton.spec.js,Duplicate Assert,"{'line': 587, 'column': 4, 'index': 24101}","  585 |     expect($output.attributes('aria-valuetext')).toEqual('8')
  586 |     expect(wrapper.emitted('input').length).toBe(7)
> 587 |     expect(wrapper.emitted('change')).toBeUndefined()
      |    ^ Duplicate Assert
  588 |
  589 |     // Repeat #7
  590 |     jest.runOnlyPendingTimers()"
/home/gabriel/Disk/Research/research-javascript-test-smells/repositories/bootstrap-vue-dev/src/components/form-spinbutton/form-spinbutton.spec.js,Duplicate Assert,"{'line': 593, 'column': 4, 'index': 24254}","  591 |     await waitNT(wrapper.vm)
  592 |     await waitRAF()
> 593 |     expect($output.attributes('aria-valuenow')).toEqual('9')
      |    ^ Duplicate Assert
  594 |     expect($output.attributes('aria-valuetext')).toEqual('9')
  595 |     expect(wrapper.emitted('input').length).toBe(8)
  596 |     expect(wrapper.emitted('change')).toBeUndefined()"
/home/gabriel/Disk/Research/research-javascript-test-smells/repositories/bootstrap-vue-dev/src/components/form-spinbutton/form-spinbutton.spec.js,Duplicate Assert,"{'line': 594, 'column': 4, 'index': 24315}","  592 |     await waitRAF()
  593 |     expect($output.attributes('aria-valuenow')).toEqual('9')
> 594 |     expect($output.attributes('aria-valuetext')).toEqual('9')
      |    ^ Duplicate Assert
  595 |     expect(wrapper.emitted('input').length).toBe(8)
  596 |     expect(wrapper.emitted('change')).toBeUndefined()
  597 |"
/home/gabriel/Disk/Research/research-javascript-test-smells/repositories/bootstrap-vue-dev/src/components/form-spinbutton/form-spinbutton.spec.js,Duplicate Assert,"{'line': 595, 'column': 4, 'index': 24377}","  593 |     expect($output.attributes('aria-valuenow')).toEqual('9')
  594 |     expect($output.attributes('aria-valuetext')).toEqual('9')
> 595 |     expect(wrapper.emitted('input').length).toBe(8)
      |    ^ Duplicate Assert
  596 |     expect(wrapper.emitted('change')).toBeUndefined()
  597 |
  598 |     // Repeat #8"
/home/gabriel/Disk/Research/research-javascript-test-smells/repositories/bootstrap-vue-dev/src/components/form-spinbutton/form-spinbutton.spec.js,Duplicate Assert,"{'line': 596, 'column': 4, 'index': 24429}","  594 |     expect($output.attributes('aria-valuetext')).toEqual('9')
  595 |     expect(wrapper.emitted('input').length).toBe(8)
> 596 |     expect(wrapper.emitted('change')).toBeUndefined()
      |    ^ Duplicate Assert
  597 |
  598 |     // Repeat #8
  599 |     jest.runOnlyPendingTimers()"
/home/gabriel/Disk/Research/research-javascript-test-smells/repositories/bootstrap-vue-dev/src/components/form-spinbutton/form-spinbutton.spec.js,Duplicate Assert,"{'line': 596, 'column': 4, 'index': 24429}","  594 |     expect($output.attributes('aria-valuetext')).toEqual('9')
  595 |     expect(wrapper.emitted('input').length).toBe(8)
> 596 |     expect(wrapper.emitted('change')).toBeUndefined()
      |    ^ Duplicate Assert
  597 |
  598 |     // Repeat #8
  599 |     jest.runOnlyPendingTimers()"
/home/gabriel/Disk/Research/research-javascript-test-smells/repositories/bootstrap-vue-dev/src/components/form-spinbutton/form-spinbutton.spec.js,Duplicate Assert,"{'line': 602, 'column': 4, 'index': 24582}","  600 |     await waitNT(wrapper.vm)
  601 |     await waitRAF()
> 602 |     expect($output.attributes('aria-valuenow')).toEqual('10')
      |    ^ Duplicate Assert
  603 |     expect($output.attributes('aria-valuetext')).toEqual('10')
  604 |     expect(wrapper.emitted('input').length).toBe(9)
  605 |     expect(wrapper.emitted('change')).toBeUndefined()"
/home/gabriel/Disk/Research/research-javascript-test-smells/repositories/bootstrap-vue-dev/src/components/form-spinbutton/form-spinbutton.spec.js,Duplicate Assert,"{'line': 603, 'column': 4, 'index': 24644}","  601 |     await waitRAF()
  602 |     expect($output.attributes('aria-valuenow')).toEqual('10')
> 603 |     expect($output.attributes('aria-valuetext')).toEqual('10')
      |    ^ Duplicate Assert
  604 |     expect(wrapper.emitted('input').length).toBe(9)
  605 |     expect(wrapper.emitted('change')).toBeUndefined()
  606 |"
/home/gabriel/Disk/Research/research-javascript-test-smells/repositories/bootstrap-vue-dev/src/components/form-spinbutton/form-spinbutton.spec.js,Duplicate Assert,"{'line': 604, 'column': 4, 'index': 24707}","  602 |     expect($output.attributes('aria-valuenow')).toEqual('10')
  603 |     expect($output.attributes('aria-valuetext')).toEqual('10')
> 604 |     expect(wrapper.emitted('input').length).toBe(9)
      |    ^ Duplicate Assert
  605 |     expect(wrapper.emitted('change')).toBeUndefined()
  606 |
  607 |     // Repeat #9"
/home/gabriel/Disk/Research/research-javascript-test-smells/repositories/bootstrap-vue-dev/src/components/form-spinbutton/form-spinbutton.spec.js,Duplicate Assert,"{'line': 605, 'column': 4, 'index': 24759}","  603 |     expect($output.attributes('aria-valuetext')).toEqual('10')
  604 |     expect(wrapper.emitted('input').length).toBe(9)
> 605 |     expect(wrapper.emitted('change')).toBeUndefined()
      |    ^ Duplicate Assert
  606 |
  607 |     // Repeat #9
  608 |     jest.runOnlyPendingTimers()"
/home/gabriel/Disk/Research/research-javascript-test-smells/repositories/bootstrap-vue-dev/src/components/form-spinbutton/form-spinbutton.spec.js,Duplicate Assert,"{'line': 605, 'column': 4, 'index': 24759}","  603 |     expect($output.attributes('aria-valuetext')).toEqual('10')
  604 |     expect(wrapper.emitted('input').length).toBe(9)
> 605 |     expect(wrapper.emitted('change')).toBeUndefined()
      |    ^ Duplicate Assert
  606 |
  607 |     // Repeat #9
  608 |     jest.runOnlyPendingTimers()"
/home/gabriel/Disk/Research/research-javascript-test-smells/repositories/bootstrap-vue-dev/src/components/form-spinbutton/form-spinbutton.spec.js,Duplicate Assert,"{'line': 611, 'column': 4, 'index': 24912}","  609 |     await waitNT(wrapper.vm)
  610 |     await waitRAF()
> 611 |     expect($output.attributes('aria-valuenow')).toEqual('11')
      |    ^ Duplicate Assert
  612 |     expect($output.attributes('aria-valuetext')).toEqual('11')
  613 |     expect(wrapper.emitted('input').length).toBe(10)
  614 |     expect(wrapper.emitted('change')).toBeUndefined()"
/home/gabriel/Disk/Research/research-javascript-test-smells/repositories/bootstrap-vue-dev/src/components/form-spinbutton/form-spinbutton.spec.js,Duplicate Assert,"{'line': 612, 'column': 4, 'index': 24974}","  610 |     await waitRAF()
  611 |     expect($output.attributes('aria-valuenow')).toEqual('11')
> 612 |     expect($output.attributes('aria-valuetext')).toEqual('11')
      |    ^ Duplicate Assert
  613 |     expect(wrapper.emitted('input').length).toBe(10)
  614 |     expect(wrapper.emitted('change')).toBeUndefined()
  615 |"
/home/gabriel/Disk/Research/research-javascript-test-smells/repositories/bootstrap-vue-dev/src/components/form-spinbutton/form-spinbutton.spec.js,Duplicate Assert,"{'line': 613, 'column': 4, 'index': 25037}","  611 |     expect($output.attributes('aria-valuenow')).toEqual('11')
  612 |     expect($output.attributes('aria-valuetext')).toEqual('11')
> 613 |     expect(wrapper.emitted('input').length).toBe(10)
      |    ^ Duplicate Assert
  614 |     expect(wrapper.emitted('change')).toBeUndefined()
  615 |
  616 |     // Repeat #10"
/home/gabriel/Disk/Research/research-javascript-test-smells/repositories/bootstrap-vue-dev/src/components/form-spinbutton/form-spinbutton.spec.js,Duplicate Assert,"{'line': 614, 'column': 4, 'index': 25090}","  612 |     expect($output.attributes('aria-valuetext')).toEqual('11')
  613 |     expect(wrapper.emitted('input').length).toBe(10)
> 614 |     expect(wrapper.emitted('change')).toBeUndefined()
      |    ^ Duplicate Assert
  615 |
  616 |     // Repeat #10
  617 |     jest.runOnlyPendingTimers()"
/home/gabriel/Disk/Research/research-javascript-test-smells/repositories/bootstrap-vue-dev/src/components/form-spinbutton/form-spinbutton.spec.js,Duplicate Assert,"{'line': 614, 'column': 4, 'index': 25090}","  612 |     expect($output.attributes('aria-valuetext')).toEqual('11')
  613 |     expect(wrapper.emitted('input').length).toBe(10)
> 614 |     expect(wrapper.emitted('change')).toBeUndefined()
      |    ^ Duplicate Assert
  615 |
  616 |     // Repeat #10
  617 |     jest.runOnlyPendingTimers()"
/home/gabriel/Disk/Research/research-javascript-test-smells/repositories/bootstrap-vue-dev/src/components/form-spinbutton/form-spinbutton.spec.js,Duplicate Assert,"{'line': 620, 'column': 4, 'index': 25244}","  618 |     await waitNT(wrapper.vm)
  619 |     await waitRAF()
> 620 |     expect($output.attributes('aria-valuenow')).toEqual('12')
      |    ^ Duplicate Assert
  621 |     expect($output.attributes('aria-valuetext')).toEqual('12')
  622 |     expect(wrapper.emitted('input').length).toBe(11)
  623 |     expect(wrapper.emitted('change')).toBeUndefined()"
/home/gabriel/Disk/Research/research-javascript-test-smells/repositories/bootstrap-vue-dev/src/components/form-spinbutton/form-spinbutton.spec.js,Duplicate Assert,"{'line': 621, 'column': 4, 'index': 25306}","  619 |     await waitRAF()
  620 |     expect($output.attributes('aria-valuenow')).toEqual('12')
> 621 |     expect($output.attributes('aria-valuetext')).toEqual('12')
      |    ^ Duplicate Assert
  622 |     expect(wrapper.emitted('input').length).toBe(11)
  623 |     expect(wrapper.emitted('change')).toBeUndefined()
  624 |"
/home/gabriel/Disk/Research/research-javascript-test-smells/repositories/bootstrap-vue-dev/src/components/form-spinbutton/form-spinbutton.spec.js,Duplicate Assert,"{'line': 622, 'column': 4, 'index': 25369}","  620 |     expect($output.attributes('aria-valuenow')).toEqual('12')
  621 |     expect($output.attributes('aria-valuetext')).toEqual('12')
> 622 |     expect(wrapper.emitted('input').length).toBe(11)
      |    ^ Duplicate Assert
  623 |     expect(wrapper.emitted('change')).toBeUndefined()
  624 |
  625 |     // Repeat #11 - Multiplier kicks in"
/home/gabriel/Disk/Research/research-javascript-test-smells/repositories/bootstrap-vue-dev/src/components/form-spinbutton/form-spinbutton.spec.js,Duplicate Assert,"{'line': 623, 'column': 4, 'index': 25422}","  621 |     expect($output.attributes('aria-valuetext')).toEqual('12')
  622 |     expect(wrapper.emitted('input').length).toBe(11)
> 623 |     expect(wrapper.emitted('change')).toBeUndefined()
      |    ^ Duplicate Assert
  624 |
  625 |     // Repeat #11 - Multiplier kicks in
  626 |     jest.runOnlyPendingTimers()"
/home/gabriel/Disk/Research/research-javascript-test-smells/repositories/bootstrap-vue-dev/src/components/form-spinbutton/form-spinbutton.spec.js,Duplicate Assert,"{'line': 623, 'column': 4, 'index': 25422}","  621 |     expect($output.attributes('aria-valuetext')).toEqual('12')
  622 |     expect(wrapper.emitted('input').length).toBe(11)
> 623 |     expect(wrapper.emitted('change')).toBeUndefined()
      |    ^ Duplicate Assert
  624 |
  625 |     // Repeat #11 - Multiplier kicks in
  626 |     jest.runOnlyPendingTimers()"
/home/gabriel/Disk/Research/research-javascript-test-smells/repositories/bootstrap-vue-dev/src/components/form-spinbutton/form-spinbutton.spec.js,Duplicate Assert,"{'line': 632, 'column': 4, 'index': 25831}","  630 |     // nearest multiple of step (relative to the min value, which is `1` in this test)
  631 |     // If min was set to `0`, then this would have been `16`
> 632 |     expect($output.attributes('aria-valuenow')).toEqual('17')
      |    ^ Duplicate Assert
  633 |     expect($output.attributes('aria-valuetext')).toEqual('17')
  634 |     expect(wrapper.emitted('input').length).toBe(12)
  635 |     expect(wrapper.emitted('change')).toBeUndefined()"
/home/gabriel/Disk/Research/research-javascript-test-smells/repositories/bootstrap-vue-dev/src/components/form-spinbutton/form-spinbutton.spec.js,Duplicate Assert,"{'line': 633, 'column': 4, 'index': 25893}","  631 |     // If min was set to `0`, then this would have been `16`
  632 |     expect($output.attributes('aria-valuenow')).toEqual('17')
> 633 |     expect($output.attributes('aria-valuetext')).toEqual('17')
      |    ^ Duplicate Assert
  634 |     expect(wrapper.emitted('input').length).toBe(12)
  635 |     expect(wrapper.emitted('change')).toBeUndefined()
  636 |"
/home/gabriel/Disk/Research/research-javascript-test-smells/repositories/bootstrap-vue-dev/src/components/form-spinbutton/form-spinbutton.spec.js,Duplicate Assert,"{'line': 634, 'column': 4, 'index': 25956}","  632 |     expect($output.attributes('aria-valuenow')).toEqual('17')
  633 |     expect($output.attributes('aria-valuetext')).toEqual('17')
> 634 |     expect(wrapper.emitted('input').length).toBe(12)
      |    ^ Duplicate Assert
  635 |     expect(wrapper.emitted('change')).toBeUndefined()
  636 |
  637 |     // Repeat #12"
/home/gabriel/Disk/Research/research-javascript-test-smells/repositories/bootstrap-vue-dev/src/components/form-spinbutton/form-spinbutton.spec.js,Duplicate Assert,"{'line': 635, 'column': 4, 'index': 26009}","  633 |     expect($output.attributes('aria-valuetext')).toEqual('17')
  634 |     expect(wrapper.emitted('input').length).toBe(12)
> 635 |     expect(wrapper.emitted('change')).toBeUndefined()
      |    ^ Duplicate Assert
  636 |
  637 |     // Repeat #12
  638 |     jest.runOnlyPendingTimers()"
/home/gabriel/Disk/Research/research-javascript-test-smells/repositories/bootstrap-vue-dev/src/components/form-spinbutton/form-spinbutton.spec.js,Duplicate Assert,"{'line': 635, 'column': 4, 'index': 26009}","  633 |     expect($output.attributes('aria-valuetext')).toEqual('17')
  634 |     expect(wrapper.emitted('input').length).toBe(12)
> 635 |     expect(wrapper.emitted('change')).toBeUndefined()
      |    ^ Duplicate Assert
  636 |
  637 |     // Repeat #12
  638 |     jest.runOnlyPendingTimers()"
/home/gabriel/Disk/Research/research-javascript-test-smells/repositories/bootstrap-vue-dev/src/components/form-spinbutton/form-spinbutton.spec.js,Duplicate Assert,"{'line': 641, 'column': 4, 'index': 26163}","  639 |     await waitNT(wrapper.vm)
  640 |     await waitRAF()
> 641 |     expect($output.attributes('aria-valuenow')).toEqual('21')
      |    ^ Duplicate Assert
  642 |     expect($output.attributes('aria-valuetext')).toEqual('21')
  643 |     expect(wrapper.emitted('input').length).toBe(13)
  644 |     expect(wrapper.emitted('change')).toBeUndefined()"
/home/gabriel/Disk/Research/research-javascript-test-smells/repositories/bootstrap-vue-dev/src/components/form-spinbutton/form-spinbutton.spec.js,Duplicate Assert,"{'line': 641, 'column': 4, 'index': 26163}","  639 |     await waitNT(wrapper.vm)
  640 |     await waitRAF()
> 641 |     expect($output.attributes('aria-valuenow')).toEqual('21')
      |    ^ Duplicate Assert
  642 |     expect($output.attributes('aria-valuetext')).toEqual('21')
  643 |     expect(wrapper.emitted('input').length).toBe(13)
  644 |     expect(wrapper.emitted('change')).toBeUndefined()"
/home/gabriel/Disk/Research/research-javascript-test-smells/repositories/bootstrap-vue-dev/src/components/form-spinbutton/form-spinbutton.spec.js,Duplicate Assert,"{'line': 642, 'column': 4, 'index': 26225}","  640 |     await waitRAF()
  641 |     expect($output.attributes('aria-valuenow')).toEqual('21')
> 642 |     expect($output.attributes('aria-valuetext')).toEqual('21')
      |    ^ Duplicate Assert
  643 |     expect(wrapper.emitted('input').length).toBe(13)
  644 |     expect(wrapper.emitted('change')).toBeUndefined()
  645 |"
/home/gabriel/Disk/Research/research-javascript-test-smells/repositories/bootstrap-vue-dev/src/components/form-spinbutton/form-spinbutton.spec.js,Duplicate Assert,"{'line': 642, 'column': 4, 'index': 26225}","  640 |     await waitRAF()
  641 |     expect($output.attributes('aria-valuenow')).toEqual('21')
> 642 |     expect($output.attributes('aria-valuetext')).toEqual('21')
      |    ^ Duplicate Assert
  643 |     expect(wrapper.emitted('input').length).toBe(13)
  644 |     expect(wrapper.emitted('change')).toBeUndefined()
  645 |"
/home/gabriel/Disk/Research/research-javascript-test-smells/repositories/bootstrap-vue-dev/src/components/form-spinbutton/form-spinbutton.spec.js,Duplicate Assert,"{'line': 643, 'column': 4, 'index': 26288}","  641 |     expect($output.attributes('aria-valuenow')).toEqual('21')
  642 |     expect($output.attributes('aria-valuetext')).toEqual('21')
> 643 |     expect(wrapper.emitted('input').length).toBe(13)
      |    ^ Duplicate Assert
  644 |     expect(wrapper.emitted('change')).toBeUndefined()
  645 |
  646 |     // Un-press key"
/home/gabriel/Disk/Research/research-javascript-test-smells/repositories/bootstrap-vue-dev/src/components/form-spinbutton/form-spinbutton.spec.js,Duplicate Assert,"{'line': 643, 'column': 4, 'index': 26288}","  641 |     expect($output.attributes('aria-valuenow')).toEqual('21')
  642 |     expect($output.attributes('aria-valuetext')).toEqual('21')
> 643 |     expect(wrapper.emitted('input').length).toBe(13)
      |    ^ Duplicate Assert
  644 |     expect(wrapper.emitted('change')).toBeUndefined()
  645 |
  646 |     // Un-press key"
/home/gabriel/Disk/Research/research-javascript-test-smells/repositories/bootstrap-vue-dev/src/components/form-spinbutton/form-spinbutton.spec.js,Duplicate Assert,"{'line': 644, 'column': 4, 'index': 26341}","  642 |     expect($output.attributes('aria-valuetext')).toEqual('21')
  643 |     expect(wrapper.emitted('input').length).toBe(13)
> 644 |     expect(wrapper.emitted('change')).toBeUndefined()
      |    ^ Duplicate Assert
  645 |
  646 |     // Un-press key
  647 |     await wrapper.trigger('keyup.up')"
/home/gabriel/Disk/Research/research-javascript-test-smells/repositories/bootstrap-vue-dev/src/components/form-spinbutton/form-spinbutton.spec.js,Duplicate Assert,"{'line': 644, 'column': 4, 'index': 26341}","  642 |     expect($output.attributes('aria-valuetext')).toEqual('21')
  643 |     expect(wrapper.emitted('input').length).toBe(13)
> 644 |     expect(wrapper.emitted('change')).toBeUndefined()
      |    ^ Duplicate Assert
  645 |
  646 |     // Un-press key
  647 |     await wrapper.trigger('keyup.up')"
/home/gabriel/Disk/Research/research-javascript-test-smells/repositories/bootstrap-vue-dev/src/components/form-spinbutton/form-spinbutton.spec.js,Duplicate Assert,"{'line': 648, 'column': 4, 'index': 26454}","  646 |     // Un-press key
  647 |     await wrapper.trigger('keyup.up')
> 648 |     expect($output.attributes('aria-valuenow')).toEqual('21')
      |    ^ Duplicate Assert
  649 |     expect($output.attributes('aria-valuetext')).toEqual('21')
  650 |     expect(wrapper.emitted('input').length).toBe(13)
  651 |     expect(wrapper.emitted('change')).toBeDefined()"
/home/gabriel/Disk/Research/research-javascript-test-smells/repositories/bootstrap-vue-dev/src/components/form-spinbutton/form-spinbutton.spec.js,Duplicate Assert,"{'line': 648, 'column': 4, 'index': 26454}","  646 |     // Un-press key
  647 |     await wrapper.trigger('keyup.up')
> 648 |     expect($output.attributes('aria-valuenow')).toEqual('21')
      |    ^ Duplicate Assert
  649 |     expect($output.attributes('aria-valuetext')).toEqual('21')
  650 |     expect(wrapper.emitted('input').length).toBe(13)
  651 |     expect(wrapper.emitted('change')).toBeDefined()"
/home/gabriel/Disk/Research/research-javascript-test-smells/repositories/bootstrap-vue-dev/src/components/form-spinbutton/form-spinbutton.spec.js,Duplicate Assert,"{'line': 649, 'column': 4, 'index': 26516}","  647 |     await wrapper.trigger('keyup.up')
  648 |     expect($output.attributes('aria-valuenow')).toEqual('21')
> 649 |     expect($output.attributes('aria-valuetext')).toEqual('21')
      |    ^ Duplicate Assert
  650 |     expect(wrapper.emitted('input').length).toBe(13)
  651 |     expect(wrapper.emitted('change')).toBeDefined()
  652 |     expect(wrapper.emitted('change').length).toBe(1)"
/home/gabriel/Disk/Research/research-javascript-test-smells/repositories/bootstrap-vue-dev/src/components/form-spinbutton/form-spinbutton.spec.js,Duplicate Assert,"{'line': 649, 'column': 4, 'index': 26516}","  647 |     await wrapper.trigger('keyup.up')
  648 |     expect($output.attributes('aria-valuenow')).toEqual('21')
> 649 |     expect($output.attributes('aria-valuetext')).toEqual('21')
      |    ^ Duplicate Assert
  650 |     expect(wrapper.emitted('input').length).toBe(13)
  651 |     expect(wrapper.emitted('change')).toBeDefined()
  652 |     expect(wrapper.emitted('change').length).toBe(1)"
/home/gabriel/Disk/Research/research-javascript-test-smells/repositories/bootstrap-vue-dev/src/components/form-spinbutton/form-spinbutton.spec.js,Duplicate Assert,"{'line': 650, 'column': 4, 'index': 26579}","  648 |     expect($output.attributes('aria-valuenow')).toEqual('21')
  649 |     expect($output.attributes('aria-valuetext')).toEqual('21')
> 650 |     expect(wrapper.emitted('input').length).toBe(13)
      |    ^ Duplicate Assert
  651 |     expect(wrapper.emitted('change')).toBeDefined()
  652 |     expect(wrapper.emitted('change').length).toBe(1)
  653 |"
/home/gabriel/Disk/Research/research-javascript-test-smells/repositories/bootstrap-vue-dev/src/components/form-spinbutton/form-spinbutton.spec.js,Duplicate Assert,"{'line': 650, 'column': 4, 'index': 26579}","  648 |     expect($output.attributes('aria-valuenow')).toEqual('21')
  649 |     expect($output.attributes('aria-valuetext')).toEqual('21')
> 650 |     expect(wrapper.emitted('input').length).toBe(13)
      |    ^ Duplicate Assert
  651 |     expect(wrapper.emitted('change')).toBeDefined()
  652 |     expect(wrapper.emitted('change').length).toBe(1)
  653 |"
/home/gabriel/Disk/Research/research-javascript-test-smells/repositories/bootstrap-vue-dev/src/components/form-spinbutton/form-spinbutton.spec.js,Duplicate Assert,"{'line': 651, 'column': 4, 'index': 26632}","  649 |     expect($output.attributes('aria-valuetext')).toEqual('21')
  650 |     expect(wrapper.emitted('input').length).toBe(13)
> 651 |     expect(wrapper.emitted('change')).toBeDefined()
      |    ^ Duplicate Assert
  652 |     expect(wrapper.emitted('change').length).toBe(1)
  653 |
  654 |     wrapper.destroy()"
/home/gabriel/Disk/Research/research-javascript-test-smells/repositories/bootstrap-vue-dev/src/components/form-spinbutton/form-spinbutton.spec.js,Duplicate Assert,"{'line': 665, 'column': 4, 'index': 26987}","  663 |     await waitRAF()
  664 |
> 665 |     expect(wrapper.classes()).toContain('b-form-spinbutton')
      |    ^ Duplicate Assert
  666 |     expect(wrapper.classes()).toContain('form-control')
  667 |     expect(wrapper.classes()).toContain('d-flex')
  668 |     expect(wrapper.classes()).toContain('align-items-stretch')"
/home/gabriel/Disk/Research/research-javascript-test-smells/repositories/bootstrap-vue-dev/src/components/form-spinbutton/form-spinbutton.spec.js,Duplicate Assert,"{'line': 666, 'column': 4, 'index': 27048}","  664 |
  665 |     expect(wrapper.classes()).toContain('b-form-spinbutton')
> 666 |     expect(wrapper.classes()).toContain('form-control')
      |    ^ Duplicate Assert
  667 |     expect(wrapper.classes()).toContain('d-flex')
  668 |     expect(wrapper.classes()).toContain('align-items-stretch')
  669 |     expect(wrapper.classes()).not.toContain('d-inline-flex')"
/home/gabriel/Disk/Research/research-javascript-test-smells/repositories/bootstrap-vue-dev/src/components/form-spinbutton/form-spinbutton.spec.js,Duplicate Assert,"{'line': 667, 'column': 4, 'index': 27104}","  665 |     expect(wrapper.classes()).toContain('b-form-spinbutton')
  666 |     expect(wrapper.classes()).toContain('form-control')
> 667 |     expect(wrapper.classes()).toContain('d-flex')
      |    ^ Duplicate Assert
  668 |     expect(wrapper.classes()).toContain('align-items-stretch')
  669 |     expect(wrapper.classes()).not.toContain('d-inline-flex')
  670 |     expect(wrapper.classes()).not.toContain('flex-column')"
/home/gabriel/Disk/Research/research-javascript-test-smells/repositories/bootstrap-vue-dev/src/components/form-spinbutton/form-spinbutton.spec.js,Duplicate Assert,"{'line': 668, 'column': 4, 'index': 27154}","  666 |     expect(wrapper.classes()).toContain('form-control')
  667 |     expect(wrapper.classes()).toContain('d-flex')
> 668 |     expect(wrapper.classes()).toContain('align-items-stretch')
      |    ^ Duplicate Assert
  669 |     expect(wrapper.classes()).not.toContain('d-inline-flex')
  670 |     expect(wrapper.classes()).not.toContain('flex-column')
  671 |     expect(wrapper.classes()).not.toContain('focus')"
/home/gabriel/Disk/Research/research-javascript-test-smells/repositories/bootstrap-vue-dev/src/components/form-spinbutton/form-spinbutton.spec.js,Duplicate Assert,"{'line': 669, 'column': 4, 'index': 27217}","  667 |     expect(wrapper.classes()).toContain('d-flex')
  668 |     expect(wrapper.classes()).toContain('align-items-stretch')
> 669 |     expect(wrapper.classes()).not.toContain('d-inline-flex')
      |    ^ Duplicate Assert
  670 |     expect(wrapper.classes()).not.toContain('flex-column')
  671 |     expect(wrapper.classes()).not.toContain('focus')
  672 |     expect(wrapper.attributes('role')).toEqual('group')"
/home/gabriel/Disk/Research/research-javascript-test-smells/repositories/bootstrap-vue-dev/src/components/form-spinbutton/form-spinbutton.spec.js,Duplicate Assert,"{'line': 670, 'column': 4, 'index': 27278}","  668 |     expect(wrapper.classes()).toContain('align-items-stretch')
  669 |     expect(wrapper.classes()).not.toContain('d-inline-flex')
> 670 |     expect(wrapper.classes()).not.toContain('flex-column')
      |    ^ Duplicate Assert
  671 |     expect(wrapper.classes()).not.toContain('focus')
  672 |     expect(wrapper.attributes('role')).toEqual('group')
  673 |     expect(wrapper.attributes('tabindex')).toEqual('-1')"
/home/gabriel/Disk/Research/research-javascript-test-smells/repositories/bootstrap-vue-dev/src/components/form-spinbutton/form-spinbutton.spec.js,Duplicate Assert,"{'line': 671, 'column': 4, 'index': 27337}","  669 |     expect(wrapper.classes()).not.toContain('d-inline-flex')
  670 |     expect(wrapper.classes()).not.toContain('flex-column')
> 671 |     expect(wrapper.classes()).not.toContain('focus')
      |    ^ Duplicate Assert
  672 |     expect(wrapper.attributes('role')).toEqual('group')
  673 |     expect(wrapper.attributes('tabindex')).toEqual('-1')
  674 |"
/home/gabriel/Disk/Research/research-javascript-test-smells/repositories/bootstrap-vue-dev/src/components/form-spinbutton/form-spinbutton.spec.js,Duplicate Assert,"{'line': 671, 'column': 4, 'index': 27337}","  669 |     expect(wrapper.classes()).not.toContain('d-inline-flex')
  670 |     expect(wrapper.classes()).not.toContain('flex-column')
> 671 |     expect(wrapper.classes()).not.toContain('focus')
      |    ^ Duplicate Assert
  672 |     expect(wrapper.attributes('role')).toEqual('group')
  673 |     expect(wrapper.attributes('tabindex')).toEqual('-1')
  674 |"
/home/gabriel/Disk/Research/research-javascript-test-smells/repositories/bootstrap-vue-dev/src/components/form-spinbutton/form-spinbutton.spec.js,Duplicate Assert,"{'line': 686, 'column': 4, 'index': 28088}","  684 |     expect($output.element.hasAttribute('aria-valuetext')).toBe(false)
  685 |
> 686 |     expect(document.activeElement).not.toBe($output.element)
      |    ^ Duplicate Assert
  687 |
  688 |     $output.element.focus()
  689 |     await waitNT(wrapper.vm)"
/home/gabriel/Disk/Research/research-javascript-test-smells/repositories/bootstrap-vue-dev/src/components/form-spinbutton/form-spinbutton.spec.js,Duplicate Assert,"{'line': 686, 'column': 4, 'index': 28088}","  684 |     expect($output.element.hasAttribute('aria-valuetext')).toBe(false)
  685 |
> 686 |     expect(document.activeElement).not.toBe($output.element)
      |    ^ Duplicate Assert
  687 |
  688 |     $output.element.focus()
  689 |     await waitNT(wrapper.vm)"
/home/gabriel/Disk/Research/research-javascript-test-smells/repositories/bootstrap-vue-dev/src/components/form-spinbutton/form-spinbutton.spec.js,Duplicate Assert,"{'line': 690, 'column': 4, 'index': 28207}","  688 |     $output.element.focus()
  689 |     await waitNT(wrapper.vm)
> 690 |     expect(wrapper.classes()).toContain('focus')
      |    ^ Duplicate Assert
  691 |     expect(document.activeElement).toBe($output.element)
  692 |
  693 |     $output.element.blur()"
/home/gabriel/Disk/Research/research-javascript-test-smells/repositories/bootstrap-vue-dev/src/components/form-spinbutton/form-spinbutton.spec.js,Duplicate Assert,"{'line': 690, 'column': 4, 'index': 28207}","  688 |     $output.element.focus()
  689 |     await waitNT(wrapper.vm)
> 690 |     expect(wrapper.classes()).toContain('focus')
      |    ^ Duplicate Assert
  691 |     expect(document.activeElement).toBe($output.element)
  692 |
  693 |     $output.element.blur()"
/home/gabriel/Disk/Research/research-javascript-test-smells/repositories/bootstrap-vue-dev/src/components/form-spinbutton/form-spinbutton.spec.js,Duplicate Assert,"{'line': 691, 'column': 4, 'index': 28256}","  689 |     await waitNT(wrapper.vm)
  690 |     expect(wrapper.classes()).toContain('focus')
> 691 |     expect(document.activeElement).toBe($output.element)
      |    ^ Duplicate Assert
  692 |
  693 |     $output.element.blur()
  694 |     await waitNT(wrapper.vm)"
/home/gabriel/Disk/Research/research-javascript-test-smells/repositories/bootstrap-vue-dev/src/components/form-spinbutton/form-spinbutton.spec.js,Duplicate Assert,"{'line': 691, 'column': 4, 'index': 28256}","  689 |     await waitNT(wrapper.vm)
  690 |     expect(wrapper.classes()).toContain('focus')
> 691 |     expect(document.activeElement).toBe($output.element)
      |    ^ Duplicate Assert
  692 |
  693 |     $output.element.blur()
  694 |     await waitNT(wrapper.vm)"
/home/gabriel/Disk/Research/research-javascript-test-smells/repositories/bootstrap-vue-dev/src/components/form-spinbutton/form-spinbutton.spec.js,Duplicate Assert,"{'line': 695, 'column': 4, 'index': 28370}","  693 |     $output.element.blur()
  694 |     await waitNT(wrapper.vm)
> 695 |     expect(wrapper.classes()).not.toContain('focus')
      |    ^ Duplicate Assert
  696 |     expect(document.activeElement).not.toBe($output.element)
  697 |
  698 |     wrapper.vm.focus()"
/home/gabriel/Disk/Research/research-javascript-test-smells/repositories/bootstrap-vue-dev/src/components/form-spinbutton/form-spinbutton.spec.js,Duplicate Assert,"{'line': 695, 'column': 4, 'index': 28370}","  693 |     $output.element.blur()
  694 |     await waitNT(wrapper.vm)
> 695 |     expect(wrapper.classes()).not.toContain('focus')
      |    ^ Duplicate Assert
  696 |     expect(document.activeElement).not.toBe($output.element)
  697 |
  698 |     wrapper.vm.focus()"
/home/gabriel/Disk/Research/research-javascript-test-smells/repositories/bootstrap-vue-dev/src/components/form-spinbutton/form-spinbutton.spec.js,Duplicate Assert,"{'line': 696, 'column': 4, 'index': 28423}","  694 |     await waitNT(wrapper.vm)
  695 |     expect(wrapper.classes()).not.toContain('focus')
> 696 |     expect(document.activeElement).not.toBe($output.element)
      |    ^ Duplicate Assert
  697 |
  698 |     wrapper.vm.focus()
  699 |     await waitNT(wrapper.vm)"
/home/gabriel/Disk/Research/research-javascript-test-smells/repositories/bootstrap-vue-dev/src/components/form-spinbutton/form-spinbutton.spec.js,Duplicate Assert,"{'line': 696, 'column': 4, 'index': 28423}","  694 |     await waitNT(wrapper.vm)
  695 |     expect(wrapper.classes()).not.toContain('focus')
> 696 |     expect(document.activeElement).not.toBe($output.element)
      |    ^ Duplicate Assert
  697 |
  698 |     wrapper.vm.focus()
  699 |     await waitNT(wrapper.vm)"
/home/gabriel/Disk/Research/research-javascript-test-smells/repositories/bootstrap-vue-dev/src/components/form-spinbutton/form-spinbutton.spec.js,Duplicate Assert,"{'line': 700, 'column': 4, 'index': 28537}","  698 |     wrapper.vm.focus()
  699 |     await waitNT(wrapper.vm)
> 700 |     expect(wrapper.classes()).toContain('focus')
      |    ^ Duplicate Assert
  701 |     expect(document.activeElement).toBe($output.element)
  702 |
  703 |     wrapper.vm.blur()"
/home/gabriel/Disk/Research/research-javascript-test-smells/repositories/bootstrap-vue-dev/src/components/form-spinbutton/form-spinbutton.spec.js,Duplicate Assert,"{'line': 700, 'column': 4, 'index': 28537}","  698 |     wrapper.vm.focus()
  699 |     await waitNT(wrapper.vm)
> 700 |     expect(wrapper.classes()).toContain('focus')
      |    ^ Duplicate Assert
  701 |     expect(document.activeElement).toBe($output.element)
  702 |
  703 |     wrapper.vm.blur()"
/home/gabriel/Disk/Research/research-javascript-test-smells/repositories/bootstrap-vue-dev/src/components/form-spinbutton/form-spinbutton.spec.js,Duplicate Assert,"{'line': 701, 'column': 4, 'index': 28586}","  699 |     await waitNT(wrapper.vm)
  700 |     expect(wrapper.classes()).toContain('focus')
> 701 |     expect(document.activeElement).toBe($output.element)
      |    ^ Duplicate Assert
  702 |
  703 |     wrapper.vm.blur()
  704 |     await waitNT(wrapper.vm)"
/home/gabriel/Disk/Research/research-javascript-test-smells/repositories/bootstrap-vue-dev/src/components/form-spinbutton/form-spinbutton.spec.js,Duplicate Assert,"{'line': 701, 'column': 4, 'index': 28586}","  699 |     await waitNT(wrapper.vm)
  700 |     expect(wrapper.classes()).toContain('focus')
> 701 |     expect(document.activeElement).toBe($output.element)
      |    ^ Duplicate Assert
  702 |
  703 |     wrapper.vm.blur()
  704 |     await waitNT(wrapper.vm)"
/home/gabriel/Disk/Research/research-javascript-test-smells/repositories/bootstrap-vue-dev/src/components/form-spinbutton/form-spinbutton.spec.js,Duplicate Assert,"{'line': 705, 'column': 4, 'index': 28695}","  703 |     wrapper.vm.blur()
  704 |     await waitNT(wrapper.vm)
> 705 |     expect(wrapper.classes()).not.toContain('focus')
      |    ^ Duplicate Assert
  706 |     expect(document.activeElement).not.toBe($output.element)
  707 |
  708 |     await wrapper.setProps({"
/home/gabriel/Disk/Research/research-javascript-test-smells/repositories/bootstrap-vue-dev/src/components/form-spinbutton/form-spinbutton.spec.js,Duplicate Assert,"{'line': 705, 'column': 4, 'index': 28695}","  703 |     wrapper.vm.blur()
  704 |     await waitNT(wrapper.vm)
> 705 |     expect(wrapper.classes()).not.toContain('focus')
      |    ^ Duplicate Assert
  706 |     expect(document.activeElement).not.toBe($output.element)
  707 |
  708 |     await wrapper.setProps({"
/home/gabriel/Disk/Research/research-javascript-test-smells/repositories/bootstrap-vue-dev/src/components/form-spinbutton/form-spinbutton.spec.js,Duplicate Assert,"{'line': 706, 'column': 4, 'index': 28748}","  704 |     await waitNT(wrapper.vm)
  705 |     expect(wrapper.classes()).not.toContain('focus')
> 706 |     expect(document.activeElement).not.toBe($output.element)
      |    ^ Duplicate Assert
  707 |
  708 |     await wrapper.setProps({
  709 |       disabled: true"
/home/gabriel/Disk/Research/research-javascript-test-smells/repositories/bootstrap-vue-dev/src/components/form-spinbutton/form-spinbutton.spec.js,Duplicate Assert,"{'line': 706, 'column': 4, 'index': 28748}","  704 |     await waitNT(wrapper.vm)
  705 |     expect(wrapper.classes()).not.toContain('focus')
> 706 |     expect(document.activeElement).not.toBe($output.element)
      |    ^ Duplicate Assert
  707 |
  708 |     await wrapper.setProps({
  709 |       disabled: true"
/home/gabriel/Disk/Research/research-javascript-test-smells/repositories/bootstrap-vue-dev/src/components/form-spinbutton/form-spinbutton.spec.js,Duplicate Assert,"{'line': 715, 'column': 4, 'index': 28949}","  713 |     wrapper.vm.focus()
  714 |     await waitNT(wrapper.vm)
> 715 |     expect(wrapper.classes()).not.toContain('focus')
      |    ^ Duplicate Assert
  716 |     expect(document.activeElement).not.toBe($output.element)
  717 |
  718 |     try {"
/home/gabriel/Disk/Research/research-javascript-test-smells/repositories/bootstrap-vue-dev/src/components/form-spinbutton/form-spinbutton.spec.js,Duplicate Assert,"{'line': 715, 'column': 4, 'index': 28949}","  713 |     wrapper.vm.focus()
  714 |     await waitNT(wrapper.vm)
> 715 |     expect(wrapper.classes()).not.toContain('focus')
      |    ^ Duplicate Assert
  716 |     expect(document.activeElement).not.toBe($output.element)
  717 |
  718 |     try {"
/home/gabriel/Disk/Research/research-javascript-test-smells/repositories/bootstrap-vue-dev/src/components/form-spinbutton/form-spinbutton.spec.js,Duplicate Assert,"{'line': 716, 'column': 4, 'index': 29002}","  714 |     await waitNT(wrapper.vm)
  715 |     expect(wrapper.classes()).not.toContain('focus')
> 716 |     expect(document.activeElement).not.toBe($output.element)
      |    ^ Duplicate Assert
  717 |
  718 |     try {
  719 |       $output.element.focus()"
/home/gabriel/Disk/Research/research-javascript-test-smells/repositories/bootstrap-vue-dev/src/components/form-spinbutton/form-spinbutton.spec.js,Duplicate Assert,"{'line': 716, 'column': 4, 'index': 29002}","  714 |     await waitNT(wrapper.vm)
  715 |     expect(wrapper.classes()).not.toContain('focus')
> 716 |     expect(document.activeElement).not.toBe($output.element)
      |    ^ Duplicate Assert
  717 |
  718 |     try {
  719 |       $output.element.focus()"
/home/gabriel/Disk/Research/research-javascript-test-smells/repositories/bootstrap-vue-dev/src/components/form-spinbutton/form-spinbutton.spec.js,Duplicate Assert,"{'line': 722, 'column': 4, 'index': 29148}","  720 |     } catch {}
  721 |     await waitNT(wrapper.vm)
> 722 |     expect(wrapper.classes()).not.toContain('focus')
      |    ^ Duplicate Assert
  723 |     expect(document.activeElement).not.toBe($output.element)
  724 |
  725 |     await $output.trigger('focus')"
/home/gabriel/Disk/Research/research-javascript-test-smells/repositories/bootstrap-vue-dev/src/components/form-spinbutton/form-spinbutton.spec.js,Duplicate Assert,"{'line': 722, 'column': 4, 'index': 29148}","  720 |     } catch {}
  721 |     await waitNT(wrapper.vm)
> 722 |     expect(wrapper.classes()).not.toContain('focus')
      |    ^ Duplicate Assert
  723 |     expect(document.activeElement).not.toBe($output.element)
  724 |
  725 |     await $output.trigger('focus')"
/home/gabriel/Disk/Research/research-javascript-test-smells/repositories/bootstrap-vue-dev/src/components/form-spinbutton/form-spinbutton.spec.js,Duplicate Assert,"{'line': 723, 'column': 4, 'index': 29201}","  721 |     await waitNT(wrapper.vm)
  722 |     expect(wrapper.classes()).not.toContain('focus')
> 723 |     expect(document.activeElement).not.toBe($output.element)
      |    ^ Duplicate Assert
  724 |
  725 |     await $output.trigger('focus')
  726 |     expect(wrapper.classes()).not.toContain('focus')"
/home/gabriel/Disk/Research/research-javascript-test-smells/repositories/bootstrap-vue-dev/src/components/form-spinbutton/form-spinbutton.spec.js,Duplicate Assert,"{'line': 723, 'column': 4, 'index': 29201}","  721 |     await waitNT(wrapper.vm)
  722 |     expect(wrapper.classes()).not.toContain('focus')
> 723 |     expect(document.activeElement).not.toBe($output.element)
      |    ^ Duplicate Assert
  724 |
  725 |     await $output.trigger('focus')
  726 |     expect(wrapper.classes()).not.toContain('focus')"
/home/gabriel/Disk/Research/research-javascript-test-smells/repositories/bootstrap-vue-dev/src/components/form-spinbutton/form-spinbutton.spec.js,Duplicate Assert,"{'line': 726, 'column': 4, 'index': 29298}","  724 |
  725 |     await $output.trigger('focus')
> 726 |     expect(wrapper.classes()).not.toContain('focus')
      |    ^ Duplicate Assert
  727 |     expect(document.activeElement).not.toBe($output.element)
  728 |
  729 |     wrapper.destroy()"
/home/gabriel/Disk/Research/research-javascript-test-smells/repositories/bootstrap-vue-dev/src/components/form-spinbutton/form-spinbutton.spec.js,Duplicate Assert,"{'line': 726, 'column': 4, 'index': 29298}","  724 |
  725 |     await $output.trigger('focus')
> 726 |     expect(wrapper.classes()).not.toContain('focus')
      |    ^ Duplicate Assert
  727 |     expect(document.activeElement).not.toBe($output.element)
  728 |
  729 |     wrapper.destroy()"
/home/gabriel/Disk/Research/research-javascript-test-smells/repositories/bootstrap-vue-dev/src/components/form-spinbutton/form-spinbutton.spec.js,Duplicate Assert,"{'line': 727, 'column': 4, 'index': 29351}","  725 |     await $output.trigger('focus')
  726 |     expect(wrapper.classes()).not.toContain('focus')
> 727 |     expect(document.activeElement).not.toBe($output.element)
      |    ^ Duplicate Assert
  728 |
  729 |     wrapper.destroy()
  730 |   })"
/home/gabriel/Disk/Research/research-javascript-test-smells/repositories/bootstrap-vue-dev/src/components/form-spinbutton/form-spinbutton.spec.js,Duplicate Assert,"{'line': 727, 'column': 4, 'index': 29351}","  725 |     await $output.trigger('focus')
  726 |     expect(wrapper.classes()).not.toContain('focus')
> 727 |     expect(document.activeElement).not.toBe($output.element)
      |    ^ Duplicate Assert
  728 |
  729 |     wrapper.destroy()
  730 |   })"
/home/gabriel/Disk/Research/research-javascript-test-smells/repositories/bootstrap-vue-dev/src/components/form-spinbutton/form-spinbutton.spec.js,Exception Handling,"{'line': 718, 'column': 4, 'index': 29064}","  716 |     expect(document.activeElement).not.toBe($output.element)
  717 |
> 718 |     try {
      |    ^ Exception Handling
  719 |       $output.element.focus()
  720 |     } catch {}
  721 |     await waitNT(wrapper.vm)"
/home/gabriel/Disk/Research/research-javascript-test-smells/repositories/bootstrap-vue-dev/src/components/form-spinbutton/form-spinbutton.spec.js,Magic Number,"{'line': 22, 'column': 66, 'index': 952}","  20 |
  21 |     // Should have 3 child elements (btn, output, btn)
> 22 |     expect(wrapper.findAll('.b-form-spinbutton > *').length).toBe(3)
     |                                                                  ^ Magic Number
  23 |
  24 |     const $decrement = wrapper.find('[aria-label=""Decrement""]')
  25 |     expect($decrement.exists()).toBe(true)"
/home/gabriel/Disk/Research/research-javascript-test-smells/repositories/bootstrap-vue-dev/src/components/form-spinbutton/form-spinbutton.spec.js,Magic Number,"{'line': 79, 'column': 66, 'index': 3201}","  77 |
  78 |     // Should have 3 child elements (btn, output, btn)
> 79 |     expect(wrapper.findAll('.b-form-spinbutton > *').length).toBe(3)
     |                                                                  ^ Magic Number
  80 |
  81 |     const $decrement = wrapper.find('[aria-label=""Decrement""]')
  82 |     expect($decrement.exists()).toBe(true)"
/home/gabriel/Disk/Research/research-javascript-test-smells/repositories/bootstrap-vue-dev/src/components/form-spinbutton/form-spinbutton.spec.js,Magic Number,"{'line': 136, 'column': 66, 'index': 5499}","  134 |
  135 |     // Should have 3 child elements (btn, output, btn)
> 136 |     expect(wrapper.findAll('.b-form-spinbutton > *').length).toBe(3)
      |                                                                  ^ Magic Number
  137 |
  138 |     const $decrement = wrapper.find('[aria-label=""Decrement""]')
  139 |     expect($decrement.exists()).toBe(true)"
/home/gabriel/Disk/Research/research-javascript-test-smells/repositories/bootstrap-vue-dev/src/components/form-spinbutton/form-spinbutton.spec.js,Magic Number,"{'line': 184, 'column': 66, 'index': 7551}","  182 |
  183 |     // Should have 3 child elements (btn, output, btn)
> 184 |     expect(wrapper.findAll('.b-form-spinbutton > *').length).toBe(3)
      |                                                                  ^ Magic Number
  185 |
  186 |     const $decrement = wrapper.find('[aria-label=""Decrement""]')
  187 |     expect($decrement.exists()).toBe(true)"
/home/gabriel/Disk/Research/research-javascript-test-smells/repositories/bootstrap-vue-dev/src/components/form-spinbutton/form-spinbutton.spec.js,Magic Number,"{'line': 521, 'column': 49, 'index': 21700}","  519 |     expect($output.attributes('aria-valuetext')).toEqual('2')
  520 |     expect(wrapper.emitted('input')).toBeDefined()
> 521 |     expect(wrapper.emitted('input').length).toBe(1)
      |                                                 ^ Magic Number
  522 |     expect(wrapper.emitted('change')).toBeUndefined()
  523 |
  524 |     // Advance past delay time"
/home/gabriel/Disk/Research/research-javascript-test-smells/repositories/bootstrap-vue-dev/src/components/form-spinbutton/form-spinbutton.spec.js,Magic Number,"{'line': 531, 'column': 49, 'index': 22092}","  529 |     expect($output.attributes('aria-valuenow')).toEqual('2')
  530 |     expect($output.attributes('aria-valuetext')).toEqual('2')
> 531 |     expect(wrapper.emitted('input').length).toBe(1)
      |                                                 ^ Magic Number
  532 |     expect(wrapper.emitted('change')).toBeUndefined()
  533 |
  534 |     // Advance past interval time"
/home/gabriel/Disk/Research/research-javascript-test-smells/repositories/bootstrap-vue-dev/src/components/form-spinbutton/form-spinbutton.spec.js,Magic Number,"{'line': 541, 'column': 49, 'index': 22454}","  539 |     expect($output.attributes('aria-valuenow')).toEqual('3')
  540 |     expect($output.attributes('aria-valuetext')).toEqual('3')
> 541 |     expect(wrapper.emitted('input').length).toBe(2)
      |                                                 ^ Magic Number
  542 |     expect(wrapper.emitted('change')).toBeUndefined()
  543 |
  544 |     // Repeat #2"
/home/gabriel/Disk/Research/research-javascript-test-smells/repositories/bootstrap-vue-dev/src/components/form-spinbutton/form-spinbutton.spec.js,Magic Number,"{'line': 550, 'column': 49, 'index': 22782}","  548 |     expect($output.attributes('aria-valuenow')).toEqual('4')
  549 |     expect($output.attributes('aria-valuetext')).toEqual('4')
> 550 |     expect(wrapper.emitted('input').length).toBe(3)
      |                                                 ^ Magic Number
  551 |     expect(wrapper.emitted('change')).toBeUndefined()
  552 |
  553 |     // Repeat #3"
/home/gabriel/Disk/Research/research-javascript-test-smells/repositories/bootstrap-vue-dev/src/components/form-spinbutton/form-spinbutton.spec.js,Magic Number,"{'line': 559, 'column': 49, 'index': 23110}","  557 |     expect($output.attributes('aria-valuenow')).toEqual('5')
  558 |     expect($output.attributes('aria-valuetext')).toEqual('5')
> 559 |     expect(wrapper.emitted('input').length).toBe(4)
      |                                                 ^ Magic Number
  560 |     expect(wrapper.emitted('change')).toBeUndefined()
  561 |
  562 |     // Repeat #4"
/home/gabriel/Disk/Research/research-javascript-test-smells/repositories/bootstrap-vue-dev/src/components/form-spinbutton/form-spinbutton.spec.js,Magic Number,"{'line': 568, 'column': 49, 'index': 23438}","  566 |     expect($output.attributes('aria-valuenow')).toEqual('6')
  567 |     expect($output.attributes('aria-valuetext')).toEqual('6')
> 568 |     expect(wrapper.emitted('input').length).toBe(5)
      |                                                 ^ Magic Number
  569 |     expect(wrapper.emitted('change')).toBeUndefined()
  570 |
  571 |     // Repeat #5"
/home/gabriel/Disk/Research/research-javascript-test-smells/repositories/bootstrap-vue-dev/src/components/form-spinbutton/form-spinbutton.spec.js,Magic Number,"{'line': 577, 'column': 49, 'index': 23766}","  575 |     expect($output.attributes('aria-valuenow')).toEqual('7')
  576 |     expect($output.attributes('aria-valuetext')).toEqual('7')
> 577 |     expect(wrapper.emitted('input').length).toBe(6)
      |                                                 ^ Magic Number
  578 |     expect(wrapper.emitted('change')).toBeUndefined()
  579 |
  580 |     // Repeat #6"
/home/gabriel/Disk/Research/research-javascript-test-smells/repositories/bootstrap-vue-dev/src/components/form-spinbutton/form-spinbutton.spec.js,Magic Number,"{'line': 586, 'column': 49, 'index': 24094}","  584 |     expect($output.attributes('aria-valuenow')).toEqual('8')
  585 |     expect($output.attributes('aria-valuetext')).toEqual('8')
> 586 |     expect(wrapper.emitted('input').length).toBe(7)
      |                                                 ^ Magic Number
  587 |     expect(wrapper.emitted('change')).toBeUndefined()
  588 |
  589 |     // Repeat #7"
/home/gabriel/Disk/Research/research-javascript-test-smells/repositories/bootstrap-vue-dev/src/components/form-spinbutton/form-spinbutton.spec.js,Magic Number,"{'line': 595, 'column': 49, 'index': 24422}","  593 |     expect($output.attributes('aria-valuenow')).toEqual('9')
  594 |     expect($output.attributes('aria-valuetext')).toEqual('9')
> 595 |     expect(wrapper.emitted('input').length).toBe(8)
      |                                                 ^ Magic Number
  596 |     expect(wrapper.emitted('change')).toBeUndefined()
  597 |
  598 |     // Repeat #8"
/home/gabriel/Disk/Research/research-javascript-test-smells/repositories/bootstrap-vue-dev/src/components/form-spinbutton/form-spinbutton.spec.js,Magic Number,"{'line': 604, 'column': 49, 'index': 24752}","  602 |     expect($output.attributes('aria-valuenow')).toEqual('10')
  603 |     expect($output.attributes('aria-valuetext')).toEqual('10')
> 604 |     expect(wrapper.emitted('input').length).toBe(9)
      |                                                 ^ Magic Number
  605 |     expect(wrapper.emitted('change')).toBeUndefined()
  606 |
  607 |     // Repeat #9"
/home/gabriel/Disk/Research/research-javascript-test-smells/repositories/bootstrap-vue-dev/src/components/form-spinbutton/form-spinbutton.spec.js,Magic Number,"{'line': 613, 'column': 49, 'index': 25082}","  611 |     expect($output.attributes('aria-valuenow')).toEqual('11')
  612 |     expect($output.attributes('aria-valuetext')).toEqual('11')
> 613 |     expect(wrapper.emitted('input').length).toBe(10)
      |                                                 ^ Magic Number
  614 |     expect(wrapper.emitted('change')).toBeUndefined()
  615 |
  616 |     // Repeat #10"
/home/gabriel/Disk/Research/research-javascript-test-smells/repositories/bootstrap-vue-dev/src/components/form-spinbutton/form-spinbutton.spec.js,Magic Number,"{'line': 622, 'column': 49, 'index': 25414}","  620 |     expect($output.attributes('aria-valuenow')).toEqual('12')
  621 |     expect($output.attributes('aria-valuetext')).toEqual('12')
> 622 |     expect(wrapper.emitted('input').length).toBe(11)
      |                                                 ^ Magic Number
  623 |     expect(wrapper.emitted('change')).toBeUndefined()
  624 |
  625 |     // Repeat #11 - Multiplier kicks in"
/home/gabriel/Disk/Research/research-javascript-test-smells/repositories/bootstrap-vue-dev/src/components/form-spinbutton/form-spinbutton.spec.js,Magic Number,"{'line': 634, 'column': 49, 'index': 26001}","  632 |     expect($output.attributes('aria-valuenow')).toEqual('17')
  633 |     expect($output.attributes('aria-valuetext')).toEqual('17')
> 634 |     expect(wrapper.emitted('input').length).toBe(12)
      |                                                 ^ Magic Number
  635 |     expect(wrapper.emitted('change')).toBeUndefined()
  636 |
  637 |     // Repeat #12"
/home/gabriel/Disk/Research/research-javascript-test-smells/repositories/bootstrap-vue-dev/src/components/form-spinbutton/form-spinbutton.spec.js,Magic Number,"{'line': 643, 'column': 49, 'index': 26333}","  641 |     expect($output.attributes('aria-valuenow')).toEqual('21')
  642 |     expect($output.attributes('aria-valuetext')).toEqual('21')
> 643 |     expect(wrapper.emitted('input').length).toBe(13)
      |                                                 ^ Magic Number
  644 |     expect(wrapper.emitted('change')).toBeUndefined()
  645 |
  646 |     // Un-press key"
/home/gabriel/Disk/Research/research-javascript-test-smells/repositories/bootstrap-vue-dev/src/components/form-spinbutton/form-spinbutton.spec.js,Magic Number,"{'line': 650, 'column': 49, 'index': 26624}","  648 |     expect($output.attributes('aria-valuenow')).toEqual('21')
  649 |     expect($output.attributes('aria-valuetext')).toEqual('21')
> 650 |     expect(wrapper.emitted('input').length).toBe(13)
      |                                                 ^ Magic Number
  651 |     expect(wrapper.emitted('change')).toBeDefined()
  652 |     expect(wrapper.emitted('change').length).toBe(1)
  653 |"
/home/gabriel/Disk/Research/research-javascript-test-smells/repositories/bootstrap-vue-dev/src/components/form-spinbutton/form-spinbutton.spec.js,Magic Number,"{'line': 652, 'column': 50, 'index': 26730}","  650 |     expect(wrapper.emitted('input').length).toBe(13)
  651 |     expect(wrapper.emitted('change')).toBeDefined()
> 652 |     expect(wrapper.emitted('change').length).toBe(1)
      |                                                  ^ Magic Number
  653 |
  654 |     wrapper.destroy()
  655 |   })"
/home/gabriel/Disk/Research/research-javascript-test-smells/repositories/bootstrap-vue-dev/src/components/form-select/form-select.spec.js,Duplicate Assert,"{'line': 63, 'column': 4, 'index': 1564}","  61 |       }
  62 |     })
> 63 |     expect(wrapper.attributes('form')).toBeDefined()
     |    ^ Duplicate Assert
  64 |     expect(wrapper.attributes('form')).toBe('foobar')
  65 |
  66 |     wrapper.destroy()"
/home/gabriel/Disk/Research/research-javascript-test-smells/repositories/bootstrap-vue-dev/src/components/form-select/form-select.spec.js,Duplicate Assert,"{'line': 64, 'column': 4, 'index': 1617}","  62 |     })
  63 |     expect(wrapper.attributes('form')).toBeDefined()
> 64 |     expect(wrapper.attributes('form')).toBe('foobar')
     |    ^ Duplicate Assert
  65 |
  66 |     wrapper.destroy()
  67 |   })"
/home/gabriel/Disk/Research/research-javascript-test-smells/repositories/bootstrap-vue-dev/src/components/form-select/form-select.spec.js,Duplicate Assert,"{'line': 87, 'column': 4, 'index': 2119}","  85 |       }
  86 |     })
> 87 |     expect(wrapper.attributes('size')).toBeDefined()
     |    ^ Duplicate Assert
  88 |     expect(wrapper.attributes('size')).toBe('4')
  89 |     expect(wrapper.attributes('multiple')).toBeUndefined()
  90 |"
/home/gabriel/Disk/Research/research-javascript-test-smells/repositories/bootstrap-vue-dev/src/components/form-select/form-select.spec.js,Duplicate Assert,"{'line': 88, 'column': 4, 'index': 2172}","  86 |     })
  87 |     expect(wrapper.attributes('size')).toBeDefined()
> 88 |     expect(wrapper.attributes('size')).toBe('4')
     |    ^ Duplicate Assert
  89 |     expect(wrapper.attributes('multiple')).toBeUndefined()
  90 |
  91 |     wrapper.destroy()"
/home/gabriel/Disk/Research/research-javascript-test-smells/repositories/bootstrap-vue-dev/src/components/form-select/form-select.spec.js,Duplicate Assert,"{'line': 108, 'column': 4, 'index': 2698}","  106 |       }
  107 |     })
> 108 |     expect(wrapper.attributes('id')).toBeDefined()
      |    ^ Duplicate Assert
  109 |     expect(wrapper.attributes('id')).toBe('foobar')
  110 |
  111 |     wrapper.destroy()"
/home/gabriel/Disk/Research/research-javascript-test-smells/repositories/bootstrap-vue-dev/src/components/form-select/form-select.spec.js,Duplicate Assert,"{'line': 109, 'column': 4, 'index': 2749}","  107 |     })
  108 |     expect(wrapper.attributes('id')).toBeDefined()
> 109 |     expect(wrapper.attributes('id')).toBe('foobar')
      |    ^ Duplicate Assert
  110 |
  111 |     wrapper.destroy()
  112 |   })"
/home/gabriel/Disk/Research/research-javascript-test-smells/repositories/bootstrap-vue-dev/src/components/form-select/form-select.spec.js,Duplicate Assert,"{'line': 127, 'column': 4, 'index': 3163}","  125 |       }
  126 |     })
> 127 |     expect(wrapper.attributes('size')).toBeDefined()
      |    ^ Duplicate Assert
  128 |     expect(wrapper.attributes('size')).toBe('0')
  129 |
  130 |     wrapper.destroy()"
/home/gabriel/Disk/Research/research-javascript-test-smells/repositories/bootstrap-vue-dev/src/components/form-select/form-select.spec.js,Duplicate Assert,"{'line': 128, 'column': 4, 'index': 3216}","  126 |     })
  127 |     expect(wrapper.attributes('size')).toBeDefined()
> 128 |     expect(wrapper.attributes('size')).toBe('0')
      |    ^ Duplicate Assert
  129 |
  130 |     wrapper.destroy()
  131 |   })"
/home/gabriel/Disk/Research/research-javascript-test-smells/repositories/bootstrap-vue-dev/src/components/form-select/form-select.spec.js,Duplicate Assert,"{'line': 139, 'column': 4, 'index': 3466}","  137 |       }
  138 |     })
> 139 |     expect(wrapper.classes()).toContain('custom-select-sm')
      |    ^ Duplicate Assert
  140 |     expect(wrapper.classes()).toContain('custom-select')
  141 |     expect(wrapper.classes().length).toBe(2)
  142 |"
/home/gabriel/Disk/Research/research-javascript-test-smells/repositories/bootstrap-vue-dev/src/components/form-select/form-select.spec.js,Duplicate Assert,"{'line': 140, 'column': 4, 'index': 3526}","  138 |     })
  139 |     expect(wrapper.classes()).toContain('custom-select-sm')
> 140 |     expect(wrapper.classes()).toContain('custom-select')
      |    ^ Duplicate Assert
  141 |     expect(wrapper.classes().length).toBe(2)
  142 |
  143 |     wrapper.destroy()"
/home/gabriel/Disk/Research/research-javascript-test-smells/repositories/bootstrap-vue-dev/src/components/form-select/form-select.spec.js,Duplicate Assert,"{'line': 152, 'column': 4, 'index': 3829}","  150 |       }
  151 |     })
> 152 |     expect(wrapper.classes()).toContain('custom-select-lg')
      |    ^ Duplicate Assert
  153 |     expect(wrapper.classes()).toContain('custom-select')
  154 |     expect(wrapper.classes().length).toBe(2)
  155 |"
/home/gabriel/Disk/Research/research-javascript-test-smells/repositories/bootstrap-vue-dev/src/components/form-select/form-select.spec.js,Duplicate Assert,"{'line': 153, 'column': 4, 'index': 3889}","  151 |     })
  152 |     expect(wrapper.classes()).toContain('custom-select-lg')
> 153 |     expect(wrapper.classes()).toContain('custom-select')
      |    ^ Duplicate Assert
  154 |     expect(wrapper.classes().length).toBe(2)
  155 |
  156 |     wrapper.destroy()"
/home/gabriel/Disk/Research/research-javascript-test-smells/repositories/bootstrap-vue-dev/src/components/form-select/form-select.spec.js,Duplicate Assert,"{'line': 165, 'column': 4, 'index': 4195}","  163 |       }
  164 |     })
> 165 |     expect(wrapper.classes()).toContain('custom-select-foo')
      |    ^ Duplicate Assert
  166 |     expect(wrapper.classes()).toContain('custom-select')
  167 |     expect(wrapper.classes().length).toBe(2)
  168 |"
/home/gabriel/Disk/Research/research-javascript-test-smells/repositories/bootstrap-vue-dev/src/components/form-select/form-select.spec.js,Duplicate Assert,"{'line': 166, 'column': 4, 'index': 4256}","  164 |     })
  165 |     expect(wrapper.classes()).toContain('custom-select-foo')
> 166 |     expect(wrapper.classes()).toContain('custom-select')
      |    ^ Duplicate Assert
  167 |     expect(wrapper.classes().length).toBe(2)
  168 |
  169 |     wrapper.destroy()"
/home/gabriel/Disk/Research/research-javascript-test-smells/repositories/bootstrap-vue-dev/src/components/form-select/form-select.spec.js,Duplicate Assert,"{'line': 179, 'column': 4, 'index': 4632}","  177 |     })
  178 |     expect(wrapper.attributes('aria-invalid')).toBe('true')
> 179 |     expect(wrapper.classes()).toContain('is-invalid')
      |    ^ Duplicate Assert
  180 |     expect(wrapper.classes()).toContain('custom-select')
  181 |     expect(wrapper.classes().length).toBe(2)
  182 |"
/home/gabriel/Disk/Research/research-javascript-test-smells/repositories/bootstrap-vue-dev/src/components/form-select/form-select.spec.js,Duplicate Assert,"{'line': 180, 'column': 4, 'index': 4686}","  178 |     expect(wrapper.attributes('aria-invalid')).toBe('true')
  179 |     expect(wrapper.classes()).toContain('is-invalid')
> 180 |     expect(wrapper.classes()).toContain('custom-select')
      |    ^ Duplicate Assert
  181 |     expect(wrapper.classes().length).toBe(2)
  182 |
  183 |     wrapper.destroy()"
/home/gabriel/Disk/Research/research-javascript-test-smells/repositories/bootstrap-vue-dev/src/components/form-select/form-select.spec.js,Duplicate Assert,"{'line': 193, 'column': 4, 'index': 5032}","  191 |     })
  192 |     expect(wrapper.attributes('aria-invalid')).toBeUndefined()
> 193 |     expect(wrapper.classes()).toContain('is-valid')
      |    ^ Duplicate Assert
  194 |     expect(wrapper.classes()).toContain('custom-select')
  195 |     expect(wrapper.classes().length).toBe(2)
  196 |"
/home/gabriel/Disk/Research/research-javascript-test-smells/repositories/bootstrap-vue-dev/src/components/form-select/form-select.spec.js,Duplicate Assert,"{'line': 194, 'column': 4, 'index': 5084}","  192 |     expect(wrapper.attributes('aria-invalid')).toBeUndefined()
  193 |     expect(wrapper.classes()).toContain('is-valid')
> 194 |     expect(wrapper.classes()).toContain('custom-select')
      |    ^ Duplicate Assert
  195 |     expect(wrapper.classes().length).toBe(2)
  196 |
  197 |     wrapper.destroy()"
/home/gabriel/Disk/Research/research-javascript-test-smells/repositories/bootstrap-vue-dev/src/components/form-select/form-select.spec.js,Duplicate Assert,"{'line': 246, 'column': 4, 'index': 6479}","  244 |       }
  245 |     })
> 246 |     expect(wrapper.classes()).toContain('form-control-lg')
      |    ^ Duplicate Assert
  247 |     expect(wrapper.classes()).toContain('form-control')
  248 |     expect(wrapper.classes().length).toBe(2)
  249 |"
/home/gabriel/Disk/Research/research-javascript-test-smells/repositories/bootstrap-vue-dev/src/components/form-select/form-select.spec.js,Duplicate Assert,"{'line': 247, 'column': 4, 'index': 6538}","  245 |     })
  246 |     expect(wrapper.classes()).toContain('form-control-lg')
> 247 |     expect(wrapper.classes()).toContain('form-control')
      |    ^ Duplicate Assert
  248 |     expect(wrapper.classes().length).toBe(2)
  249 |
  250 |     wrapper.destroy()"
/home/gabriel/Disk/Research/research-javascript-test-smells/repositories/bootstrap-vue-dev/src/components/form-select/form-select.spec.js,Duplicate Assert,"{'line': 260, 'column': 4, 'index': 6859}","  258 |       }
  259 |     })
> 260 |     expect(wrapper.classes()).toContain('form-control-sm')
      |    ^ Duplicate Assert
  261 |     expect(wrapper.classes()).toContain('form-control')
  262 |     expect(wrapper.classes().length).toBe(2)
  263 |"
/home/gabriel/Disk/Research/research-javascript-test-smells/repositories/bootstrap-vue-dev/src/components/form-select/form-select.spec.js,Duplicate Assert,"{'line': 261, 'column': 4, 'index': 6918}","  259 |     })
  260 |     expect(wrapper.classes()).toContain('form-control-sm')
> 261 |     expect(wrapper.classes()).toContain('form-control')
      |    ^ Duplicate Assert
  262 |     expect(wrapper.classes().length).toBe(2)
  263 |
  264 |     wrapper.destroy()"
/home/gabriel/Disk/Research/research-javascript-test-smells/repositories/bootstrap-vue-dev/src/components/form-select/form-select.spec.js,Duplicate Assert,"{'line': 274, 'column': 4, 'index': 7242}","  272 |       }
  273 |     })
> 274 |     expect(wrapper.classes()).toContain('form-control-foo')
      |    ^ Duplicate Assert
  275 |     expect(wrapper.classes()).toContain('form-control')
  276 |     expect(wrapper.classes().length).toBe(2)
  277 |"
/home/gabriel/Disk/Research/research-javascript-test-smells/repositories/bootstrap-vue-dev/src/components/form-select/form-select.spec.js,Duplicate Assert,"{'line': 275, 'column': 4, 'index': 7302}","  273 |     })
  274 |     expect(wrapper.classes()).toContain('form-control-foo')
> 275 |     expect(wrapper.classes()).toContain('form-control')
      |    ^ Duplicate Assert
  276 |     expect(wrapper.classes().length).toBe(2)
  277 |
  278 |     wrapper.destroy()"
/home/gabriel/Disk/Research/research-javascript-test-smells/repositories/bootstrap-vue-dev/src/components/form-select/form-select.spec.js,Duplicate Assert,"{'line': 286, 'column': 4, 'index': 7565}","  284 |     })
  285 |
> 286 |     expect(document.activeElement).not.toBe(wrapper.element)
      |    ^ Duplicate Assert
  287 |
  288 |     wrapper.vm.focus()
  289 |     await waitNT(wrapper.vm)"
/home/gabriel/Disk/Research/research-javascript-test-smells/repositories/bootstrap-vue-dev/src/components/form-select/form-select.spec.js,Duplicate Assert,"{'line': 286, 'column': 4, 'index': 7565}","  284 |     })
  285 |
> 286 |     expect(document.activeElement).not.toBe(wrapper.element)
      |    ^ Duplicate Assert
  287 |
  288 |     wrapper.vm.focus()
  289 |     await waitNT(wrapper.vm)"
/home/gabriel/Disk/Research/research-javascript-test-smells/repositories/bootstrap-vue-dev/src/components/form-select/form-select.spec.js,Duplicate Assert,"{'line': 291, 'column': 4, 'index': 7680}","  289 |     await waitNT(wrapper.vm)
  290 |
> 291 |     expect(document.activeElement).toBe(wrapper.element)
      |    ^ Duplicate Assert
  292 |
  293 |     wrapper.vm.blur()
  294 |     await waitNT(wrapper.vm)"
/home/gabriel/Disk/Research/research-javascript-test-smells/repositories/bootstrap-vue-dev/src/components/form-select/form-select.spec.js,Duplicate Assert,"{'line': 296, 'column': 4, 'index': 7790}","  294 |     await waitNT(wrapper.vm)
  295 |
> 296 |     expect(document.activeElement).not.toBe(wrapper.element)
      |    ^ Duplicate Assert
  297 |
  298 |     wrapper.destroy()
  299 |   })"
/home/gabriel/Disk/Research/research-javascript-test-smells/repositories/bootstrap-vue-dev/src/components/form-select/form-select.spec.js,Duplicate Assert,"{'line': 296, 'column': 4, 'index': 7790}","  294 |     await waitNT(wrapper.vm)
  295 |
> 296 |     expect(document.activeElement).not.toBe(wrapper.element)
      |    ^ Duplicate Assert
  297 |
  298 |     wrapper.destroy()
  299 |   })"
/home/gabriel/Disk/Research/research-javascript-test-smells/repositories/bootstrap-vue-dev/src/components/form-select/form-select.spec.js,Duplicate Assert,"{'line': 531, 'column': 4, 'index': 15995}","  529 |     expect($options.length).toBe(3)
  530 |
> 531 |     expect(wrapper.emitted('input')).toBeUndefined()
      |    ^ Duplicate Assert
  532 |     expect(wrapper.emitted('change')).toBeUndefined()
  533 |
  534 |     // select 3rd option"
/home/gabriel/Disk/Research/research-javascript-test-smells/repositories/bootstrap-vue-dev/src/components/form-select/form-select.spec.js,Duplicate Assert,"{'line': 532, 'column': 4, 'index': 16048}","  530 |
  531 |     expect(wrapper.emitted('input')).toBeUndefined()
> 532 |     expect(wrapper.emitted('change')).toBeUndefined()
      |    ^ Duplicate Assert
  533 |
  534 |     // select 3rd option
  535 |     $options.at(2).setSelected()"
/home/gabriel/Disk/Research/research-javascript-test-smells/repositories/bootstrap-vue-dev/src/components/form-select/form-select.spec.js,Duplicate Assert,"{'line': 538, 'column': 4, 'index': 16191}","  536 |     await waitNT(wrapper.vm)
  537 |
> 538 |     expect(wrapper.emitted('input')).toBeDefined()
      |    ^ Duplicate Assert
  539 |     expect(wrapper.emitted('change')).toBeDefined()
  540 |     expect(wrapper.emitted('input')[0][0]).toBe('three')
  541 |     expect(wrapper.emitted('change')[0][0]).toBe('three')"
/home/gabriel/Disk/Research/research-javascript-test-smells/repositories/bootstrap-vue-dev/src/components/form-select/form-select.spec.js,Duplicate Assert,"{'line': 539, 'column': 4, 'index': 16242}","  537 |
  538 |     expect(wrapper.emitted('input')).toBeDefined()
> 539 |     expect(wrapper.emitted('change')).toBeDefined()
      |    ^ Duplicate Assert
  540 |     expect(wrapper.emitted('input')[0][0]).toBe('three')
  541 |     expect(wrapper.emitted('change')[0][0]).toBe('three')
  542 |"
/home/gabriel/Disk/Research/research-javascript-test-smells/repositories/bootstrap-vue-dev/src/components/form-select/form-select.spec.js,Duplicate Assert,"{'line': 588, 'column': 4, 'index': 17546}","  586 |     expect($options.length).toBe(3)
  587 |
> 588 |     expect(wrapper.emitted('input')).toBeUndefined()
      |    ^ Duplicate Assert
  589 |     expect(wrapper.emitted('change')).toBeUndefined()
  590 |
  591 |     // Select 3rd option"
/home/gabriel/Disk/Research/research-javascript-test-smells/repositories/bootstrap-vue-dev/src/components/form-select/form-select.spec.js,Duplicate Assert,"{'line': 589, 'column': 4, 'index': 17599}","  587 |
  588 |     expect(wrapper.emitted('input')).toBeUndefined()
> 589 |     expect(wrapper.emitted('change')).toBeUndefined()
      |    ^ Duplicate Assert
  590 |
  591 |     // Select 3rd option
  592 |     $options.at(2).setSelected()"
/home/gabriel/Disk/Research/research-javascript-test-smells/repositories/bootstrap-vue-dev/src/components/form-select/form-select.spec.js,Duplicate Assert,"{'line': 595, 'column': 4, 'index': 17742}","  593 |     await waitNT(wrapper.vm)
  594 |
> 595 |     expect(wrapper.emitted('input')).toBeDefined()
      |    ^ Duplicate Assert
  596 |     expect(wrapper.emitted('change')).toBeDefined()
  597 |     expect(wrapper.emitted('input')[0][0]).toEqual({ c: 3 })
  598 |     expect(wrapper.emitted('change')[0][0]).toEqual({ c: 3 })"
/home/gabriel/Disk/Research/research-javascript-test-smells/repositories/bootstrap-vue-dev/src/components/form-select/form-select.spec.js,Duplicate Assert,"{'line': 596, 'column': 4, 'index': 17793}","  594 |
  595 |     expect(wrapper.emitted('input')).toBeDefined()
> 596 |     expect(wrapper.emitted('change')).toBeDefined()
      |    ^ Duplicate Assert
  597 |     expect(wrapper.emitted('input')[0][0]).toEqual({ c: 3 })
  598 |     expect(wrapper.emitted('change')[0][0]).toEqual({ c: 3 })
  599 |"
/home/gabriel/Disk/Research/research-javascript-test-smells/repositories/bootstrap-vue-dev/src/components/form-select/form-select.spec.js,Duplicate Assert,"{'line': 615, 'column': 4, 'index': 18339}","  613 |     expect($options.length).toBe(3)
  614 |
> 615 |     expect(wrapper.emitted('input')).toBeUndefined()
      |    ^ Duplicate Assert
  616 |     expect(wrapper.emitted('change')).toBeUndefined()
  617 |
  618 |     // Select 2nd and 3rd option"
/home/gabriel/Disk/Research/research-javascript-test-smells/repositories/bootstrap-vue-dev/src/components/form-select/form-select.spec.js,Duplicate Assert,"{'line': 616, 'column': 4, 'index': 18392}","  614 |
  615 |     expect(wrapper.emitted('input')).toBeUndefined()
> 616 |     expect(wrapper.emitted('change')).toBeUndefined()
      |    ^ Duplicate Assert
  617 |
  618 |     // Select 2nd and 3rd option
  619 |     $options.at(1).element.selected = true"
/home/gabriel/Disk/Research/research-javascript-test-smells/repositories/bootstrap-vue-dev/src/components/form-select/form-select.spec.js,Duplicate Assert,"{'line': 622, 'column': 4, 'index': 18602}","  620 |     $options.at(2).element.selected = true
  621 |     await wrapper.trigger('change')
> 622 |     expect(wrapper.emitted('input')).toBeDefined()
      |    ^ Duplicate Assert
  623 |     expect(wrapper.emitted('change')).toBeDefined()
  624 |     expect(wrapper.emitted('input')[0][0]).toEqual(['two', 'three'])
  625 |     expect(wrapper.emitted('change')[0][0]).toEqual(['two', 'three'])"
/home/gabriel/Disk/Research/research-javascript-test-smells/repositories/bootstrap-vue-dev/src/components/form-select/form-select.spec.js,Duplicate Assert,"{'line': 623, 'column': 4, 'index': 18653}","  621 |     await wrapper.trigger('change')
  622 |     expect(wrapper.emitted('input')).toBeDefined()
> 623 |     expect(wrapper.emitted('change')).toBeDefined()
      |    ^ Duplicate Assert
  624 |     expect(wrapper.emitted('input')[0][0]).toEqual(['two', 'three'])
  625 |     expect(wrapper.emitted('change')[0][0]).toEqual(['two', 'three'])
  626 |"
/home/gabriel/Disk/Research/research-javascript-test-smells/repositories/bootstrap-vue-dev/src/components/form-select/form-select.spec.js,Duplicate Assert,"{'line': 646, 'column': 4, 'index': 19356}","  644 |     expect($options.length).toBe(3)
  645 |
> 646 |     expect(wrapper.emitted('input')).toBeUndefined()
      |    ^ Duplicate Assert
  647 |     expect(wrapper.emitted('change')).toBeUndefined()
  648 |
  649 |     // Select 2nd and 3rd option"
/home/gabriel/Disk/Research/research-javascript-test-smells/repositories/bootstrap-vue-dev/src/components/form-select/form-select.spec.js,Duplicate Assert,"{'line': 647, 'column': 4, 'index': 19409}","  645 |
  646 |     expect(wrapper.emitted('input')).toBeUndefined()
> 647 |     expect(wrapper.emitted('change')).toBeUndefined()
      |    ^ Duplicate Assert
  648 |
  649 |     // Select 2nd and 3rd option
  650 |     $options.at(1).element.selected = true"
/home/gabriel/Disk/Research/research-javascript-test-smells/repositories/bootstrap-vue-dev/src/components/form-select/form-select.spec.js,Duplicate Assert,"{'line': 653, 'column': 4, 'index': 19619}","  651 |     $options.at(2).element.selected = true
  652 |     await wrapper.trigger('change')
> 653 |     expect(wrapper.emitted('input')).toBeDefined()
      |    ^ Duplicate Assert
  654 |     expect(wrapper.emitted('change')).toBeDefined()
  655 |     expect(wrapper.emitted('input')[0][0]).toEqual([{ b: 2 }, { c: 3 }])
  656 |     expect(wrapper.emitted('change')[0][0]).toEqual([{ b: 2 }, { c: 3 }])"
/home/gabriel/Disk/Research/research-javascript-test-smells/repositories/bootstrap-vue-dev/src/components/form-select/form-select.spec.js,Duplicate Assert,"{'line': 654, 'column': 4, 'index': 19670}","  652 |     await wrapper.trigger('change')
  653 |     expect(wrapper.emitted('input')).toBeDefined()
> 654 |     expect(wrapper.emitted('change')).toBeDefined()
      |    ^ Duplicate Assert
  655 |     expect(wrapper.emitted('input')[0][0]).toEqual([{ b: 2 }, { c: 3 }])
  656 |     expect(wrapper.emitted('change')[0][0]).toEqual([{ b: 2 }, { c: 3 }])
  657 |"
/home/gabriel/Disk/Research/research-javascript-test-smells/repositories/bootstrap-vue-dev/src/components/form-select/form-select.spec.js,Magic Number,"{'line': 20, 'column': 42, 'index': 578}","  18 |     const wrapper = mount(BFormSelect)
  19 |     expect(wrapper.classes()).toContain('custom-select')
> 20 |     expect(wrapper.classes().length).toBe(1)
     |                                          ^ Magic Number
  21 |
  22 |     wrapper.destroy()
  23 |   })"
/home/gabriel/Disk/Research/research-javascript-test-smells/repositories/bootstrap-vue-dev/src/components/form-select/form-select.spec.js,Magic Number,"{'line': 141, 'column': 42, 'index': 3621}","  139 |     expect(wrapper.classes()).toContain('custom-select-sm')
  140 |     expect(wrapper.classes()).toContain('custom-select')
> 141 |     expect(wrapper.classes().length).toBe(2)
      |                                          ^ Magic Number
  142 |
  143 |     wrapper.destroy()
  144 |   })"
/home/gabriel/Disk/Research/research-javascript-test-smells/repositories/bootstrap-vue-dev/src/components/form-select/form-select.spec.js,Magic Number,"{'line': 154, 'column': 42, 'index': 3984}","  152 |     expect(wrapper.classes()).toContain('custom-select-lg')
  153 |     expect(wrapper.classes()).toContain('custom-select')
> 154 |     expect(wrapper.classes().length).toBe(2)
      |                                          ^ Magic Number
  155 |
  156 |     wrapper.destroy()
  157 |   })"
/home/gabriel/Disk/Research/research-javascript-test-smells/repositories/bootstrap-vue-dev/src/components/form-select/form-select.spec.js,Magic Number,"{'line': 167, 'column': 42, 'index': 4351}","  165 |     expect(wrapper.classes()).toContain('custom-select-foo')
  166 |     expect(wrapper.classes()).toContain('custom-select')
> 167 |     expect(wrapper.classes().length).toBe(2)
      |                                          ^ Magic Number
  168 |
  169 |     wrapper.destroy()
  170 |   })"
/home/gabriel/Disk/Research/research-javascript-test-smells/repositories/bootstrap-vue-dev/src/components/form-select/form-select.spec.js,Magic Number,"{'line': 181, 'column': 42, 'index': 4781}","  179 |     expect(wrapper.classes()).toContain('is-invalid')
  180 |     expect(wrapper.classes()).toContain('custom-select')
> 181 |     expect(wrapper.classes().length).toBe(2)
      |                                          ^ Magic Number
  182 |
  183 |     wrapper.destroy()
  184 |   })"
/home/gabriel/Disk/Research/research-javascript-test-smells/repositories/bootstrap-vue-dev/src/components/form-select/form-select.spec.js,Magic Number,"{'line': 195, 'column': 42, 'index': 5179}","  193 |     expect(wrapper.classes()).toContain('is-valid')
  194 |     expect(wrapper.classes()).toContain('custom-select')
> 195 |     expect(wrapper.classes().length).toBe(2)
      |                                          ^ Magic Number
  196 |
  197 |     wrapper.destroy()
  198 |   })"
/home/gabriel/Disk/Research/research-javascript-test-smells/repositories/bootstrap-vue-dev/src/components/form-select/form-select.spec.js,Magic Number,"{'line': 208, 'column': 42, 'index': 5549}","  206 |     expect(wrapper.attributes('aria-invalid')).toBe('true')
  207 |     expect(wrapper.classes()).toContain('custom-select')
> 208 |     expect(wrapper.classes().length).toBe(1)
      |                                          ^ Magic Number
  209 |
  210 |     wrapper.destroy()
  211 |   })"
/home/gabriel/Disk/Research/research-javascript-test-smells/repositories/bootstrap-vue-dev/src/components/form-select/form-select.spec.js,Magic Number,"{'line': 221, 'column': 42, 'index': 5915}","  219 |     expect(wrapper.attributes('aria-invalid')).toBe('true')
  220 |     expect(wrapper.classes()).toContain('custom-select')
> 221 |     expect(wrapper.classes().length).toBe(1)
      |                                          ^ Magic Number
  222 |
  223 |     wrapper.destroy()
  224 |   })"
/home/gabriel/Disk/Research/research-javascript-test-smells/repositories/bootstrap-vue-dev/src/components/form-select/form-select.spec.js,Magic Number,"{'line': 233, 'column': 42, 'index': 6201}","  231 |     })
  232 |     expect(wrapper.classes()).toContain('form-control')
> 233 |     expect(wrapper.classes().length).toBe(1)
      |                                          ^ Magic Number
  234 |     expect(wrapper.element.tagName).toBe('SELECT')
  235 |
  236 |     wrapper.destroy()"
/home/gabriel/Disk/Research/research-javascript-test-smells/repositories/bootstrap-vue-dev/src/components/form-select/form-select.spec.js,Magic Number,"{'line': 248, 'column': 42, 'index': 6632}","  246 |     expect(wrapper.classes()).toContain('form-control-lg')
  247 |     expect(wrapper.classes()).toContain('form-control')
> 248 |     expect(wrapper.classes().length).toBe(2)
      |                                          ^ Magic Number
  249 |
  250 |     wrapper.destroy()
  251 |   })"
/home/gabriel/Disk/Research/research-javascript-test-smells/repositories/bootstrap-vue-dev/src/components/form-select/form-select.spec.js,Magic Number,"{'line': 262, 'column': 42, 'index': 7012}","  260 |     expect(wrapper.classes()).toContain('form-control-sm')
  261 |     expect(wrapper.classes()).toContain('form-control')
> 262 |     expect(wrapper.classes().length).toBe(2)
      |                                          ^ Magic Number
  263 |
  264 |     wrapper.destroy()
  265 |   })"
/home/gabriel/Disk/Research/research-javascript-test-smells/repositories/bootstrap-vue-dev/src/components/form-select/form-select.spec.js,Magic Number,"{'line': 276, 'column': 42, 'index': 7396}","  274 |     expect(wrapper.classes()).toContain('form-control-foo')
  275 |     expect(wrapper.classes()).toContain('form-control')
> 276 |     expect(wrapper.classes().length).toBe(2)
      |                                          ^ Magic Number
  277 |
  278 |     wrapper.destroy()
  279 |   })"
/home/gabriel/Disk/Research/research-javascript-test-smells/repositories/bootstrap-vue-dev/src/components/form-select/form-select.spec.js,Magic Number,"{'line': 308, 'column': 33, 'index': 8140}","  306 |     })
  307 |     const $options = wrapper.findAll('option')
> 308 |     expect($options.length).toBe(3)
      |                                 ^ Magic Number
  309 |     expect($options.at(0).text()).toBe('one')
  310 |     expect($options.at(1).text()).toBe('two')
  311 |     expect($options.at(2).text()).toBe('three')"
/home/gabriel/Disk/Research/research-javascript-test-smells/repositories/bootstrap-vue-dev/src/components/form-select/form-select.spec.js,Magic Number,"{'line': 332, 'column': 33, 'index': 8960}","  330 |
  331 |     const $options = wrapper.findAll('option')
> 332 |     expect($options.length).toBe(3)
      |                                 ^ Magic Number
  333 |     expect($options.at(0).text()).toBe('one')
  334 |     expect($options.at(1).text()).toBe('two')
  335 |     expect($options.at(2).text()).toBe('three')"
/home/gabriel/Disk/Research/research-javascript-test-smells/repositories/bootstrap-vue-dev/src/components/form-select/form-select.spec.js,Magic Number,"{'line': 365, 'column': 33, 'index': 10197}","  363 |
  364 |     const $options = wrapper.findAll('option')
> 365 |     expect($options.length).toBe(3)
      |                                 ^ Magic Number
  366 |     expect($options.at(0).text()).toBe('1,50 €')
  367 |     expect($options.at(1).text()).toBe('5,00 €')
  368 |     expect($options.at(2).text()).toBe('50,75 €')"
/home/gabriel/Disk/Research/research-javascript-test-smells/repositories/bootstrap-vue-dev/src/components/form-select/form-select.spec.js,Magic Number,"{'line': 414, 'column': 32, 'index': 11619}","  412 |
  413 |     const $groups = wrapper.findAll('optgroup')
> 414 |     expect($groups.length).toBe(2)
      |                                ^ Magic Number
  415 |     expect($groups.at(0).attributes('label')).toBe('group one')
  416 |     expect($groups.at(1).attributes('label')).toBe('group two')
  417 |     expect($groups.at(0).findAll('option').length).toBe(2)"
/home/gabriel/Disk/Research/research-javascript-test-smells/repositories/bootstrap-vue-dev/src/components/form-select/form-select.spec.js,Magic Number,"{'line': 417, 'column': 56, 'index': 11806}","  415 |     expect($groups.at(0).attributes('label')).toBe('group one')
  416 |     expect($groups.at(1).attributes('label')).toBe('group two')
> 417 |     expect($groups.at(0).findAll('option').length).toBe(2)
      |                                                        ^ Magic Number
  418 |     expect($groups.at(1).findAll('option').length).toBe(2)
  419 |
  420 |     const $options = wrapper.findAll('option')"
/home/gabriel/Disk/Research/research-javascript-test-smells/repositories/bootstrap-vue-dev/src/components/form-select/form-select.spec.js,Magic Number,"{'line': 418, 'column': 56, 'index': 11865}","  416 |     expect($groups.at(1).attributes('label')).toBe('group two')
  417 |     expect($groups.at(0).findAll('option').length).toBe(2)
> 418 |     expect($groups.at(1).findAll('option').length).toBe(2)
      |                                                        ^ Magic Number
  419 |
  420 |     const $options = wrapper.findAll('option')
  421 |     expect($options.length).toBe(4)"
/home/gabriel/Disk/Research/research-javascript-test-smells/repositories/bootstrap-vue-dev/src/components/form-select/form-select.spec.js,Magic Number,"{'line': 421, 'column': 33, 'index': 11949}","  419 |
  420 |     const $options = wrapper.findAll('option')
> 421 |     expect($options.length).toBe(4)
      |                                 ^ Magic Number
  422 |     expect($options.at(0).text()).toBe('one')
  423 |     expect($options.at(1).text()).toBe('two')
  424 |     expect($options.at(2).text()).toBe('three')"
/home/gabriel/Disk/Research/research-javascript-test-smells/repositories/bootstrap-vue-dev/src/components/form-select/form-select.spec.js,Magic Number,"{'line': 453, 'column': 32, 'index': 13166}","  451 |
  452 |     const $groups = wrapper.findAll('optgroup')
> 453 |     expect($groups.length).toBe(1)
      |                                ^ Magic Number
  454 |     expect($groups.at(0).attributes('label')).toBe('group')
  455 |     expect($groups.at(0).findAll('option').length).toBe(2)
  456 |"
/home/gabriel/Disk/Research/research-javascript-test-smells/repositories/bootstrap-vue-dev/src/components/form-select/form-select.spec.js,Magic Number,"{'line': 455, 'column': 56, 'index': 13285}","  453 |     expect($groups.length).toBe(1)
  454 |     expect($groups.at(0).attributes('label')).toBe('group')
> 455 |     expect($groups.at(0).findAll('option').length).toBe(2)
      |                                                        ^ Magic Number
  456 |
  457 |     const $options = wrapper.findAll('option')
  458 |     expect($options.length).toBe(4)"
/home/gabriel/Disk/Research/research-javascript-test-smells/repositories/bootstrap-vue-dev/src/components/form-select/form-select.spec.js,Magic Number,"{'line': 458, 'column': 33, 'index': 13369}","  456 |
  457 |     const $options = wrapper.findAll('option')
> 458 |     expect($options.length).toBe(4)
      |                                 ^ Magic Number
  459 |     expect($options.at(0).text()).toBe('one')
  460 |     expect($options.at(1).text()).toBe('two')
  461 |     expect($options.at(2).text()).toBe('three')"
/home/gabriel/Disk/Research/research-javascript-test-smells/repositories/bootstrap-vue-dev/src/components/form-select/form-select.spec.js,Magic Number,"{'line': 484, 'column': 33, 'index': 14480}","  482 |
  483 |     const $options = wrapper.findAll('option')
> 484 |     expect($options.length).toBe(3)
      |                                 ^ Magic Number
  485 |     expect($options.at(0).text()).toBe('1')
  486 |     expect($options.at(1).text()).toBe('Two')
  487 |     expect($options.at(2).text()).toBe('three')"
/home/gabriel/Disk/Research/research-javascript-test-smells/repositories/bootstrap-vue-dev/src/components/form-select/form-select.spec.js,Magic Number,"{'line': 511, 'column': 33, 'index': 15374}","  509 |
  510 |     const $options = wrapper.findAll('option')
> 511 |     expect($options.length).toBe(3)
      |                                 ^ Magic Number
  512 |     expect($options.at(0).text()).toBe('one')
  513 |     expect($options.at(1).text()).toBe('two')
  514 |     expect($options.at(2).text()).toBe('three')"
/home/gabriel/Disk/Research/research-javascript-test-smells/repositories/bootstrap-vue-dev/src/components/form-select/form-select.spec.js,Magic Number,"{'line': 529, 'column': 33, 'index': 15987}","  527 |     })
  528 |     const $options = wrapper.findAll('option')
> 529 |     expect($options.length).toBe(3)
      |                                 ^ Magic Number
  530 |
  531 |     expect(wrapper.emitted('input')).toBeUndefined()
  532 |     expect(wrapper.emitted('change')).toBeUndefined()"
/home/gabriel/Disk/Research/research-javascript-test-smells/repositories/bootstrap-vue-dev/src/components/form-select/form-select.spec.js,Magic Number,"{'line': 554, 'column': 33, 'index': 16758}","  552 |     })
  553 |     const $options = wrapper.findAll('option')
> 554 |     expect($options.length).toBe(3)
      |                                 ^ Magic Number
  555 |
  556 |     expect($options.at(0).element.selected).toBe(true)
  557 |"
/home/gabriel/Disk/Research/research-javascript-test-smells/repositories/bootstrap-vue-dev/src/components/form-select/form-select.spec.js,Magic Number,"{'line': 586, 'column': 33, 'index': 17538}","  584 |     })
  585 |     const $options = wrapper.findAll('option')
> 586 |     expect($options.length).toBe(3)
      |                                 ^ Magic Number
  587 |
  588 |     expect(wrapper.emitted('input')).toBeUndefined()
  589 |     expect(wrapper.emitted('change')).toBeUndefined()"
/home/gabriel/Disk/Research/research-javascript-test-smells/repositories/bootstrap-vue-dev/src/components/form-select/form-select.spec.js,Magic Number,"{'line': 613, 'column': 33, 'index': 18331}","  611 |     })
  612 |     const $options = wrapper.findAll('option')
> 613 |     expect($options.length).toBe(3)
      |                                 ^ Magic Number
  614 |
  615 |     expect(wrapper.emitted('input')).toBeUndefined()
  616 |     expect(wrapper.emitted('change')).toBeUndefined()"
/home/gabriel/Disk/Research/research-javascript-test-smells/repositories/bootstrap-vue-dev/src/components/form-select/form-select.spec.js,Magic Number,"{'line': 644, 'column': 33, 'index': 19348}","  642 |     })
  643 |     const $options = wrapper.findAll('option')
> 644 |     expect($options.length).toBe(3)
      |                                 ^ Magic Number
  645 |
  646 |     expect(wrapper.emitted('input')).toBeUndefined()
  647 |     expect(wrapper.emitted('change')).toBeUndefined()"
/home/gabriel/Disk/Research/research-javascript-test-smells/repositories/bootstrap-vue-dev/src/components/form-select/form-select-option.spec.js,Duplicate Assert,"{'line': 13, 'column': 4, 'index': 348}","  11 |
  12 |     expect(wrapper.element.tagName).toBe('OPTION')
> 13 |     expect(wrapper.attributes('value')).toBeDefined()
     |    ^ Duplicate Assert
  14 |     expect(wrapper.attributes('value')).toEqual('foo')
  15 |     expect(wrapper.text()).toEqual('')
  16 |"
/home/gabriel/Disk/Research/research-javascript-test-smells/repositories/bootstrap-vue-dev/src/components/form-select/form-select-option.spec.js,Duplicate Assert,"{'line': 14, 'column': 4, 'index': 402}","  12 |     expect(wrapper.element.tagName).toBe('OPTION')
  13 |     expect(wrapper.attributes('value')).toBeDefined()
> 14 |     expect(wrapper.attributes('value')).toEqual('foo')
     |    ^ Duplicate Assert
  15 |     expect(wrapper.text()).toEqual('')
  16 |
  17 |     wrapper.destroy()"
/home/gabriel/Disk/Research/research-javascript-test-smells/repositories/bootstrap-vue-dev/src/components/form-select/form-select-option.spec.js,Duplicate Assert,"{'line': 31, 'column': 4, 'index': 780}","  29 |
  30 |     expect(wrapper.element.tagName).toBe('OPTION')
> 31 |     expect(wrapper.attributes('value')).toBeDefined()
     |    ^ Duplicate Assert
  32 |     expect(wrapper.attributes('value')).toEqual('foo')
  33 |     expect(wrapper.text()).toEqual('foobar')
  34 |"
/home/gabriel/Disk/Research/research-javascript-test-smells/repositories/bootstrap-vue-dev/src/components/form-select/form-select-option.spec.js,Duplicate Assert,"{'line': 32, 'column': 4, 'index': 834}","  30 |     expect(wrapper.element.tagName).toBe('OPTION')
  31 |     expect(wrapper.attributes('value')).toBeDefined()
> 32 |     expect(wrapper.attributes('value')).toEqual('foo')
     |    ^ Duplicate Assert
  33 |     expect(wrapper.text()).toEqual('foobar')
  34 |
  35 |     wrapper.destroy()"
/home/gabriel/Disk/Research/research-javascript-test-smells/repositories/bootstrap-vue-dev/src/components/form-select/form-select-option.spec.js,Duplicate Assert,"{'line': 49, 'column': 4, 'index': 1231}","  47 |
  48 |     expect(wrapper.element.tagName).toBe('OPTION')
> 49 |     expect(wrapper.attributes('value')).toBeDefined()
     |    ^ Duplicate Assert
  50 |     expect(wrapper.attributes('value')).toEqual('foo')
  51 |
  52 |     const $bold = wrapper.find('b')"
/home/gabriel/Disk/Research/research-javascript-test-smells/repositories/bootstrap-vue-dev/src/components/form-select/form-select-option.spec.js,Duplicate Assert,"{'line': 50, 'column': 4, 'index': 1285}","  48 |     expect(wrapper.element.tagName).toBe('OPTION')
  49 |     expect(wrapper.attributes('value')).toBeDefined()
> 50 |     expect(wrapper.attributes('value')).toEqual('foo')
     |    ^ Duplicate Assert
  51 |
  52 |     const $bold = wrapper.find('b')
  53 |     expect($bold.text()).toEqual('Bold')"
/home/gabriel/Disk/Research/research-javascript-test-smells/repositories/bootstrap-vue-dev/src/components/form-select/form-select-option.spec.js,Duplicate Assert,"{'line': 67, 'column': 4, 'index': 1697}","  65 |
  66 |     expect(wrapper.element.tagName).toBe('OPTION')
> 67 |     expect(wrapper.attributes('value')).toBeDefined()
     |    ^ Duplicate Assert
  68 |     expect(wrapper.attributes('value')).toEqual('foo')
  69 |     expect(wrapper.attributes('disabled')).toBeDefined()
  70 |     expect(wrapper.attributes('disabled')).toEqual('disabled')"
/home/gabriel/Disk/Research/research-javascript-test-smells/repositories/bootstrap-vue-dev/src/components/form-select/form-select-option.spec.js,Duplicate Assert,"{'line': 68, 'column': 4, 'index': 1751}","  66 |     expect(wrapper.element.tagName).toBe('OPTION')
  67 |     expect(wrapper.attributes('value')).toBeDefined()
> 68 |     expect(wrapper.attributes('value')).toEqual('foo')
     |    ^ Duplicate Assert
  69 |     expect(wrapper.attributes('disabled')).toBeDefined()
  70 |     expect(wrapper.attributes('disabled')).toEqual('disabled')
  71 |     expect(wrapper.text()).toEqual('')"
/home/gabriel/Disk/Research/research-javascript-test-smells/repositories/bootstrap-vue-dev/src/components/form-select/form-select-option.spec.js,Duplicate Assert,"{'line': 69, 'column': 4, 'index': 1806}","  67 |     expect(wrapper.attributes('value')).toBeDefined()
  68 |     expect(wrapper.attributes('value')).toEqual('foo')
> 69 |     expect(wrapper.attributes('disabled')).toBeDefined()
     |    ^ Duplicate Assert
  70 |     expect(wrapper.attributes('disabled')).toEqual('disabled')
  71 |     expect(wrapper.text()).toEqual('')
  72 |"
/home/gabriel/Disk/Research/research-javascript-test-smells/repositories/bootstrap-vue-dev/src/components/form-select/form-select-option.spec.js,Duplicate Assert,"{'line': 70, 'column': 4, 'index': 1863}","  68 |     expect(wrapper.attributes('value')).toEqual('foo')
  69 |     expect(wrapper.attributes('disabled')).toBeDefined()
> 70 |     expect(wrapper.attributes('disabled')).toEqual('disabled')
     |    ^ Duplicate Assert
  71 |     expect(wrapper.text()).toEqual('')
  72 |
  73 |     wrapper.destroy()"
/home/gabriel/Disk/Research/research-javascript-test-smells/repositories/bootstrap-vue-dev/src/components/form-select/form-select-option-group.spec.js,Duplicate Assert,"{'line': 17, 'column': 4, 'index': 426}","  15 |
  16 |     expect(wrapper.element.tagName).toBe('OPTGROUP')
> 17 |     expect(wrapper.attributes('label')).toBeDefined()
     |    ^ Duplicate Assert
  18 |     expect(wrapper.attributes('label')).toEqual('foo')
  19 |     expect(wrapper.text()).toEqual('')
  20 |"
/home/gabriel/Disk/Research/research-javascript-test-smells/repositories/bootstrap-vue-dev/src/components/form-select/form-select-option-group.spec.js,Duplicate Assert,"{'line': 18, 'column': 4, 'index': 480}","  16 |     expect(wrapper.element.tagName).toBe('OPTGROUP')
  17 |     expect(wrapper.attributes('label')).toBeDefined()
> 18 |     expect(wrapper.attributes('label')).toEqual('foo')
     |    ^ Duplicate Assert
  19 |     expect(wrapper.text()).toEqual('')
  20 |
  21 |     wrapper.destroy()"
/home/gabriel/Disk/Research/research-javascript-test-smells/repositories/bootstrap-vue-dev/src/components/form-select/form-select-option-group.spec.js,Duplicate Assert,"{'line': 33, 'column': 4, 'index': 874}","  31 |
  32 |     expect(wrapper.element.tagName).toBe('OPTGROUP')
> 33 |     expect(wrapper.attributes('label')).toBeDefined()
     |    ^ Duplicate Assert
  34 |     expect(wrapper.attributes('label')).toEqual('foo')
  35 |
  36 |     const $options = wrapper.findAll('option')"
/home/gabriel/Disk/Research/research-javascript-test-smells/repositories/bootstrap-vue-dev/src/components/form-select/form-select-option-group.spec.js,Duplicate Assert,"{'line': 34, 'column': 4, 'index': 928}","  32 |     expect(wrapper.element.tagName).toBe('OPTGROUP')
  33 |     expect(wrapper.attributes('label')).toBeDefined()
> 34 |     expect(wrapper.attributes('label')).toEqual('foo')
     |    ^ Duplicate Assert
  35 |
  36 |     const $options = wrapper.findAll('option')
  37 |     expect($options.length).toBe(3)"
/home/gabriel/Disk/Research/research-javascript-test-smells/repositories/bootstrap-vue-dev/src/components/form-select/form-select-option-group.spec.js,Duplicate Assert,"{'line': 62, 'column': 4, 'index': 1890}","  60 |
  61 |     expect(wrapper.element.tagName).toBe('OPTGROUP')
> 62 |     expect(wrapper.attributes('label')).toBeDefined()
     |    ^ Duplicate Assert
  63 |     expect(wrapper.attributes('label')).toEqual('foo')
  64 |
  65 |     const $options = wrapper.findAll('option')"
/home/gabriel/Disk/Research/research-javascript-test-smells/repositories/bootstrap-vue-dev/src/components/form-select/form-select-option-group.spec.js,Duplicate Assert,"{'line': 63, 'column': 4, 'index': 1944}","  61 |     expect(wrapper.element.tagName).toBe('OPTGROUP')
  62 |     expect(wrapper.attributes('label')).toBeDefined()
> 63 |     expect(wrapper.attributes('label')).toEqual('foo')
     |    ^ Duplicate Assert
  64 |
  65 |     const $options = wrapper.findAll('option')
  66 |     expect($options.length).toBe(3)"
/home/gabriel/Disk/Research/research-javascript-test-smells/repositories/bootstrap-vue-dev/src/components/form-select/form-select-option-group.spec.js,Duplicate Assert,"{'line': 90, 'column': 4, 'index': 3024}","  88 |
  89 |     expect(wrapper.element.tagName).toBe('OPTGROUP')
> 90 |     expect(wrapper.attributes('label')).toBeDefined()
     |    ^ Duplicate Assert
  91 |     expect(wrapper.attributes('label')).toEqual('foo')
  92 |
  93 |     const $options = wrapper.findAll('option')"
/home/gabriel/Disk/Research/research-javascript-test-smells/repositories/bootstrap-vue-dev/src/components/form-select/form-select-option-group.spec.js,Duplicate Assert,"{'line': 91, 'column': 4, 'index': 3078}","  89 |     expect(wrapper.element.tagName).toBe('OPTGROUP')
  90 |     expect(wrapper.attributes('label')).toBeDefined()
> 91 |     expect(wrapper.attributes('label')).toEqual('foo')
     |    ^ Duplicate Assert
  92 |
  93 |     const $options = wrapper.findAll('option')
  94 |     expect($options.length).toBe(3)"
/home/gabriel/Disk/Research/research-javascript-test-smells/repositories/bootstrap-vue-dev/src/components/form-select/form-select-option-group.spec.js,Duplicate Assert,"{'line': 124, 'column': 4, 'index': 4152}","  122 |
  123 |     expect(wrapper.element.tagName).toBe('OPTGROUP')
> 124 |     expect(wrapper.attributes('label')).toBeDefined()
      |    ^ Duplicate Assert
  125 |     expect(wrapper.attributes('label')).toEqual('foo')
  126 |
  127 |     const $options = wrapper.findAll('option')"
/home/gabriel/Disk/Research/research-javascript-test-smells/repositories/bootstrap-vue-dev/src/components/form-select/form-select-option-group.spec.js,Duplicate Assert,"{'line': 125, 'column': 4, 'index': 4206}","  123 |     expect(wrapper.element.tagName).toBe('OPTGROUP')
  124 |     expect(wrapper.attributes('label')).toBeDefined()
> 125 |     expect(wrapper.attributes('label')).toEqual('foo')
      |    ^ Duplicate Assert
  126 |
  127 |     const $options = wrapper.findAll('option')
  128 |     expect($options.length).toBe(3)"
/home/gabriel/Disk/Research/research-javascript-test-smells/repositories/bootstrap-vue-dev/src/components/form-select/form-select-option-group.spec.js,Magic Number,"{'line': 37, 'column': 33, 'index': 1060}","  35 |
  36 |     const $options = wrapper.findAll('option')
> 37 |     expect($options.length).toBe(3)
     |                                 ^ Magic Number
  38 |     expect($options.at(0).text()).toBe('one')
  39 |     expect($options.at(1).text()).toBe('two')
  40 |     expect($options.at(2).text()).toBe('three')"
/home/gabriel/Disk/Research/research-javascript-test-smells/repositories/bootstrap-vue-dev/src/components/form-select/form-select-option-group.spec.js,Magic Number,"{'line': 66, 'column': 33, 'index': 2076}","  64 |
  65 |     const $options = wrapper.findAll('option')
> 66 |     expect($options.length).toBe(3)
     |                                 ^ Magic Number
  67 |     expect($options.at(0).text()).toBe('one')
  68 |     expect($options.at(1).text()).toBe('two')
  69 |     expect($options.at(2).text()).toBe('three')"
/home/gabriel/Disk/Research/research-javascript-test-smells/repositories/bootstrap-vue-dev/src/components/form-select/form-select-option-group.spec.js,Magic Number,"{'line': 94, 'column': 33, 'index': 3210}","  92 |
  93 |     const $options = wrapper.findAll('option')
> 94 |     expect($options.length).toBe(3)
     |                                 ^ Magic Number
  95 |     expect($options.at(0).text()).toBe('1')
  96 |     expect($options.at(1).text()).toBe('Two')
  97 |     expect($options.at(2).text()).toBe('three')"
/home/gabriel/Disk/Research/research-javascript-test-smells/repositories/bootstrap-vue-dev/src/components/form-select/form-select-option-group.spec.js,Magic Number,"{'line': 128, 'column': 33, 'index': 4338}","  126 |
  127 |     const $options = wrapper.findAll('option')
> 128 |     expect($options.length).toBe(3)
      |                                 ^ Magic Number
  129 |     expect($options.at(0).text()).toBe('one')
  130 |     expect($options.at(1).text()).toBe('two')
  131 |     expect($options.at(2).text()).toBe('three')"
/home/gabriel/Disk/Research/research-javascript-test-smells/repositories/bootstrap-vue-dev/src/components/form-rating/form-rating.spec.js,Duplicate Assert,"{'line': 14, 'column': 4, 'index': 379}","  12 |     expect(wrapper.element.tagName).toBe('OUTPUT')
  13 |
> 14 |     expect(wrapper.classes()).toContain('b-rating')
     |    ^ Duplicate Assert
  15 |     expect(wrapper.classes()).toContain('d-flex')
  16 |     expect(wrapper.classes()).toContain('form-control')
  17 |"
/home/gabriel/Disk/Research/research-javascript-test-smells/repositories/bootstrap-vue-dev/src/components/form-rating/form-rating.spec.js,Duplicate Assert,"{'line': 15, 'column': 4, 'index': 431}","  13 |
  14 |     expect(wrapper.classes()).toContain('b-rating')
> 15 |     expect(wrapper.classes()).toContain('d-flex')
     |    ^ Duplicate Assert
  16 |     expect(wrapper.classes()).toContain('form-control')
  17 |
  18 |     expect(wrapper.classes()).not.toContain('d-inline-flex')"
/home/gabriel/Disk/Research/research-javascript-test-smells/repositories/bootstrap-vue-dev/src/components/form-rating/form-rating.spec.js,Duplicate Assert,"{'line': 16, 'column': 4, 'index': 481}","  14 |     expect(wrapper.classes()).toContain('b-rating')
  15 |     expect(wrapper.classes()).toContain('d-flex')
> 16 |     expect(wrapper.classes()).toContain('form-control')
     |    ^ Duplicate Assert
  17 |
  18 |     expect(wrapper.classes()).not.toContain('d-inline-flex')
  19 |     expect(wrapper.classes()).not.toContain('form-control-lg')"
/home/gabriel/Disk/Research/research-javascript-test-smells/repositories/bootstrap-vue-dev/src/components/form-rating/form-rating.spec.js,Duplicate Assert,"{'line': 18, 'column': 4, 'index': 538}","  16 |     expect(wrapper.classes()).toContain('form-control')
  17 |
> 18 |     expect(wrapper.classes()).not.toContain('d-inline-flex')
     |    ^ Duplicate Assert
  19 |     expect(wrapper.classes()).not.toContain('form-control-lg')
  20 |     expect(wrapper.classes()).not.toContain('form-control-sm')
  21 |     expect(wrapper.classes()).not.toContain('border-0')"
/home/gabriel/Disk/Research/research-javascript-test-smells/repositories/bootstrap-vue-dev/src/components/form-rating/form-rating.spec.js,Duplicate Assert,"{'line': 19, 'column': 4, 'index': 599}","  17 |
  18 |     expect(wrapper.classes()).not.toContain('d-inline-flex')
> 19 |     expect(wrapper.classes()).not.toContain('form-control-lg')
     |    ^ Duplicate Assert
  20 |     expect(wrapper.classes()).not.toContain('form-control-sm')
  21 |     expect(wrapper.classes()).not.toContain('border-0')
  22 |     expect(wrapper.classes()).not.toContain('disabled')"
/home/gabriel/Disk/Research/research-javascript-test-smells/repositories/bootstrap-vue-dev/src/components/form-rating/form-rating.spec.js,Duplicate Assert,"{'line': 20, 'column': 4, 'index': 662}","  18 |     expect(wrapper.classes()).not.toContain('d-inline-flex')
  19 |     expect(wrapper.classes()).not.toContain('form-control-lg')
> 20 |     expect(wrapper.classes()).not.toContain('form-control-sm')
     |    ^ Duplicate Assert
  21 |     expect(wrapper.classes()).not.toContain('border-0')
  22 |     expect(wrapper.classes()).not.toContain('disabled')
  23 |     expect(wrapper.classes()).not.toContain('readonly')"
/home/gabriel/Disk/Research/research-javascript-test-smells/repositories/bootstrap-vue-dev/src/components/form-rating/form-rating.spec.js,Duplicate Assert,"{'line': 21, 'column': 4, 'index': 725}","  19 |     expect(wrapper.classes()).not.toContain('form-control-lg')
  20 |     expect(wrapper.classes()).not.toContain('form-control-sm')
> 21 |     expect(wrapper.classes()).not.toContain('border-0')
     |    ^ Duplicate Assert
  22 |     expect(wrapper.classes()).not.toContain('disabled')
  23 |     expect(wrapper.classes()).not.toContain('readonly')
  24 |"
/home/gabriel/Disk/Research/research-javascript-test-smells/repositories/bootstrap-vue-dev/src/components/form-rating/form-rating.spec.js,Duplicate Assert,"{'line': 22, 'column': 4, 'index': 781}","  20 |     expect(wrapper.classes()).not.toContain('form-control-sm')
  21 |     expect(wrapper.classes()).not.toContain('border-0')
> 22 |     expect(wrapper.classes()).not.toContain('disabled')
     |    ^ Duplicate Assert
  23 |     expect(wrapper.classes()).not.toContain('readonly')
  24 |
  25 |     expect(wrapper.attributes('id')).not.toBe('')"
/home/gabriel/Disk/Research/research-javascript-test-smells/repositories/bootstrap-vue-dev/src/components/form-rating/form-rating.spec.js,Duplicate Assert,"{'line': 23, 'column': 4, 'index': 837}","  21 |     expect(wrapper.classes()).not.toContain('border-0')
  22 |     expect(wrapper.classes()).not.toContain('disabled')
> 23 |     expect(wrapper.classes()).not.toContain('readonly')
     |    ^ Duplicate Assert
  24 |
  25 |     expect(wrapper.attributes('id')).not.toBe('')
  26 |     expect(wrapper.attributes('role')).toEqual('slider')"
/home/gabriel/Disk/Research/research-javascript-test-smells/repositories/bootstrap-vue-dev/src/components/form-rating/form-rating.spec.js,Duplicate Assert,"{'line': 123, 'column': 4, 'index': 4029}","  121 |     expect(wrapper.vm).toBeDefined()
  122 |     await waitNT(wrapper.vm)
> 123 |     expect(wrapper.emitted('change')).toBeUndefined()
      |    ^ Duplicate Assert
  124 |
  125 |     expect(wrapper.vm.localValue).toBe(1)
  126 |     const $stars = wrapper.findAll('.b-rating-star')"
/home/gabriel/Disk/Research/research-javascript-test-smells/repositories/bootstrap-vue-dev/src/components/form-rating/form-rating.spec.js,Duplicate Assert,"{'line': 123, 'column': 4, 'index': 4029}","  121 |     expect(wrapper.vm).toBeDefined()
  122 |     await waitNT(wrapper.vm)
> 123 |     expect(wrapper.emitted('change')).toBeUndefined()
      |    ^ Duplicate Assert
  124 |
  125 |     expect(wrapper.vm.localValue).toBe(1)
  126 |     const $stars = wrapper.findAll('.b-rating-star')"
/home/gabriel/Disk/Research/research-javascript-test-smells/repositories/bootstrap-vue-dev/src/components/form-rating/form-rating.spec.js,Duplicate Assert,"{'line': 125, 'column': 4, 'index': 4084}","  123 |     expect(wrapper.emitted('change')).toBeUndefined()
  124 |
> 125 |     expect(wrapper.vm.localValue).toBe(1)
      |    ^ Duplicate Assert
  126 |     const $stars = wrapper.findAll('.b-rating-star')
  127 |     expect($stars.length).toBe(5)
  128 |     expect("
/home/gabriel/Disk/Research/research-javascript-test-smells/repositories/bootstrap-vue-dev/src/components/form-rating/form-rating.spec.js,Duplicate Assert,"{'line': 125, 'column': 4, 'index': 4084}","  123 |     expect(wrapper.emitted('change')).toBeUndefined()
  124 |
> 125 |     expect(wrapper.vm.localValue).toBe(1)
      |    ^ Duplicate Assert
  126 |     const $stars = wrapper.findAll('.b-rating-star')
  127 |     expect($stars.length).toBe(5)
  128 |     expect("
/home/gabriel/Disk/Research/research-javascript-test-smells/repositories/bootstrap-vue-dev/src/components/form-rating/form-rating.spec.js,Duplicate Assert,"{'line': 128, 'column': 4, 'index': 4213}","  126 |     const $stars = wrapper.findAll('.b-rating-star')
  127 |     expect($stars.length).toBe(5)
> 128 |     expect(
      |    ^ Duplicate Assert
  129 |       $stars
  130 |         .at(0)
  131 |         .find('.b-rating-star-full')"
/home/gabriel/Disk/Research/research-javascript-test-smells/repositories/bootstrap-vue-dev/src/components/form-rating/form-rating.spec.js,Duplicate Assert,"{'line': 128, 'column': 4, 'index': 4213}","  126 |     const $stars = wrapper.findAll('.b-rating-star')
  127 |     expect($stars.length).toBe(5)
> 128 |     expect(
      |    ^ Duplicate Assert
  129 |       $stars
  130 |         .at(0)
  131 |         .find('.b-rating-star-full')"
/home/gabriel/Disk/Research/research-javascript-test-smells/repositories/bootstrap-vue-dev/src/components/form-rating/form-rating.spec.js,Duplicate Assert,"{'line': 134, 'column': 4, 'index': 4325}","  132 |         .exists()
  133 |     ).toBe(true)
> 134 |     expect(
      |    ^ Duplicate Assert
  135 |       $stars
  136 |         .at(1)
  137 |         .find('.b-rating-star-empty')"
/home/gabriel/Disk/Research/research-javascript-test-smells/repositories/bootstrap-vue-dev/src/components/form-rating/form-rating.spec.js,Duplicate Assert,"{'line': 134, 'column': 4, 'index': 4325}","  132 |         .exists()
  133 |     ).toBe(true)
> 134 |     expect(
      |    ^ Duplicate Assert
  135 |       $stars
  136 |         .at(1)
  137 |         .find('.b-rating-star-empty')"
/home/gabriel/Disk/Research/research-javascript-test-smells/repositories/bootstrap-vue-dev/src/components/form-rating/form-rating.spec.js,Duplicate Assert,"{'line': 140, 'column': 4, 'index': 4438}","  138 |         .exists()
  139 |     ).toBe(true)
> 140 |     expect(
      |    ^ Duplicate Assert
  141 |       $stars
  142 |         .at(2)
  143 |         .find('.b-rating-star-empty')"
/home/gabriel/Disk/Research/research-javascript-test-smells/repositories/bootstrap-vue-dev/src/components/form-rating/form-rating.spec.js,Duplicate Assert,"{'line': 140, 'column': 4, 'index': 4438}","  138 |         .exists()
  139 |     ).toBe(true)
> 140 |     expect(
      |    ^ Duplicate Assert
  141 |       $stars
  142 |         .at(2)
  143 |         .find('.b-rating-star-empty')"
/home/gabriel/Disk/Research/research-javascript-test-smells/repositories/bootstrap-vue-dev/src/components/form-rating/form-rating.spec.js,Duplicate Assert,"{'line': 146, 'column': 4, 'index': 4551}","  144 |         .exists()
  145 |     ).toBe(true)
> 146 |     expect(
      |    ^ Duplicate Assert
  147 |       $stars
  148 |         .at(3)
  149 |         .find('.b-rating-star-empty')"
/home/gabriel/Disk/Research/research-javascript-test-smells/repositories/bootstrap-vue-dev/src/components/form-rating/form-rating.spec.js,Duplicate Assert,"{'line': 146, 'column': 4, 'index': 4551}","  144 |         .exists()
  145 |     ).toBe(true)
> 146 |     expect(
      |    ^ Duplicate Assert
  147 |       $stars
  148 |         .at(3)
  149 |         .find('.b-rating-star-empty')"
/home/gabriel/Disk/Research/research-javascript-test-smells/repositories/bootstrap-vue-dev/src/components/form-rating/form-rating.spec.js,Duplicate Assert,"{'line': 152, 'column': 4, 'index': 4664}","  150 |         .exists()
  151 |     ).toBe(true)
> 152 |     expect(
      |    ^ Duplicate Assert
  153 |       $stars
  154 |         .at(4)
  155 |         .find('.b-rating-star-empty')"
/home/gabriel/Disk/Research/research-javascript-test-smells/repositories/bootstrap-vue-dev/src/components/form-rating/form-rating.spec.js,Duplicate Assert,"{'line': 152, 'column': 4, 'index': 4664}","  150 |         .exists()
  151 |     ).toBe(true)
> 152 |     expect(
      |    ^ Duplicate Assert
  153 |       $stars
  154 |         .at(4)
  155 |         .find('.b-rating-star-empty')"
/home/gabriel/Disk/Research/research-javascript-test-smells/repositories/bootstrap-vue-dev/src/components/form-rating/form-rating.spec.js,Duplicate Assert,"{'line': 163, 'column': 4, 'index': 4860}","  161 |     })
  162 |     await waitNT(wrapper.vm)
> 163 |     expect(wrapper.emitted('change')).toBeUndefined()
      |    ^ Duplicate Assert
  164 |
  165 |     expect(wrapper.vm.localValue).toBe(3.5)
  166 |     expect("
/home/gabriel/Disk/Research/research-javascript-test-smells/repositories/bootstrap-vue-dev/src/components/form-rating/form-rating.spec.js,Duplicate Assert,"{'line': 163, 'column': 4, 'index': 4860}","  161 |     })
  162 |     await waitNT(wrapper.vm)
> 163 |     expect(wrapper.emitted('change')).toBeUndefined()
      |    ^ Duplicate Assert
  164 |
  165 |     expect(wrapper.vm.localValue).toBe(3.5)
  166 |     expect("
/home/gabriel/Disk/Research/research-javascript-test-smells/repositories/bootstrap-vue-dev/src/components/form-rating/form-rating.spec.js,Duplicate Assert,"{'line': 165, 'column': 4, 'index': 4915}","  163 |     expect(wrapper.emitted('change')).toBeUndefined()
  164 |
> 165 |     expect(wrapper.vm.localValue).toBe(3.5)
      |    ^ Duplicate Assert
  166 |     expect(
  167 |       $stars
  168 |         .at(0)"
/home/gabriel/Disk/Research/research-javascript-test-smells/repositories/bootstrap-vue-dev/src/components/form-rating/form-rating.spec.js,Duplicate Assert,"{'line': 166, 'column': 4, 'index': 4959}","  164 |
  165 |     expect(wrapper.vm.localValue).toBe(3.5)
> 166 |     expect(
      |    ^ Duplicate Assert
  167 |       $stars
  168 |         .at(0)
  169 |         .find('.b-rating-star-full')"
/home/gabriel/Disk/Research/research-javascript-test-smells/repositories/bootstrap-vue-dev/src/components/form-rating/form-rating.spec.js,Duplicate Assert,"{'line': 166, 'column': 4, 'index': 4959}","  164 |
  165 |     expect(wrapper.vm.localValue).toBe(3.5)
> 166 |     expect(
      |    ^ Duplicate Assert
  167 |       $stars
  168 |         .at(0)
  169 |         .find('.b-rating-star-full')"
/home/gabriel/Disk/Research/research-javascript-test-smells/repositories/bootstrap-vue-dev/src/components/form-rating/form-rating.spec.js,Duplicate Assert,"{'line': 172, 'column': 4, 'index': 5071}","  170 |         .exists()
  171 |     ).toBe(true)
> 172 |     expect(
      |    ^ Duplicate Assert
  173 |       $stars
  174 |         .at(1)
  175 |         .find('.b-rating-star-full')"
/home/gabriel/Disk/Research/research-javascript-test-smells/repositories/bootstrap-vue-dev/src/components/form-rating/form-rating.spec.js,Duplicate Assert,"{'line': 172, 'column': 4, 'index': 5071}","  170 |         .exists()
  171 |     ).toBe(true)
> 172 |     expect(
      |    ^ Duplicate Assert
  173 |       $stars
  174 |         .at(1)
  175 |         .find('.b-rating-star-full')"
/home/gabriel/Disk/Research/research-javascript-test-smells/repositories/bootstrap-vue-dev/src/components/form-rating/form-rating.spec.js,Duplicate Assert,"{'line': 178, 'column': 4, 'index': 5183}","  176 |         .exists()
  177 |     ).toBe(true)
> 178 |     expect(
      |    ^ Duplicate Assert
  179 |       $stars
  180 |         .at(2)
  181 |         .find('.b-rating-star-full')"
/home/gabriel/Disk/Research/research-javascript-test-smells/repositories/bootstrap-vue-dev/src/components/form-rating/form-rating.spec.js,Duplicate Assert,"{'line': 178, 'column': 4, 'index': 5183}","  176 |         .exists()
  177 |     ).toBe(true)
> 178 |     expect(
      |    ^ Duplicate Assert
  179 |       $stars
  180 |         .at(2)
  181 |         .find('.b-rating-star-full')"
/home/gabriel/Disk/Research/research-javascript-test-smells/repositories/bootstrap-vue-dev/src/components/form-rating/form-rating.spec.js,Duplicate Assert,"{'line': 190, 'column': 4, 'index': 5407}","  188 |         .exists()
  189 |     ).toBe(true)
> 190 |     expect(
      |    ^ Duplicate Assert
  191 |       $stars
  192 |         .at(4)
  193 |         .find('.b-rating-star-empty')"
/home/gabriel/Disk/Research/research-javascript-test-smells/repositories/bootstrap-vue-dev/src/components/form-rating/form-rating.spec.js,Duplicate Assert,"{'line': 190, 'column': 4, 'index': 5407}","  188 |         .exists()
  189 |     ).toBe(true)
> 190 |     expect(
      |    ^ Duplicate Assert
  191 |       $stars
  192 |         .at(4)
  193 |         .find('.b-rating-star-empty')"
/home/gabriel/Disk/Research/research-javascript-test-smells/repositories/bootstrap-vue-dev/src/components/form-rating/form-rating.spec.js,Duplicate Assert,"{'line': 201, 'column': 4, 'index': 5601}","  199 |     })
  200 |     await waitNT(wrapper.vm)
> 201 |     expect(wrapper.emitted('change')).toBeUndefined()
      |    ^ Duplicate Assert
  202 |
  203 |     expect(wrapper.vm.localValue).toBe(1)
  204 |     expect("
/home/gabriel/Disk/Research/research-javascript-test-smells/repositories/bootstrap-vue-dev/src/components/form-rating/form-rating.spec.js,Duplicate Assert,"{'line': 201, 'column': 4, 'index': 5601}","  199 |     })
  200 |     await waitNT(wrapper.vm)
> 201 |     expect(wrapper.emitted('change')).toBeUndefined()
      |    ^ Duplicate Assert
  202 |
  203 |     expect(wrapper.vm.localValue).toBe(1)
  204 |     expect("
/home/gabriel/Disk/Research/research-javascript-test-smells/repositories/bootstrap-vue-dev/src/components/form-rating/form-rating.spec.js,Duplicate Assert,"{'line': 203, 'column': 4, 'index': 5656}","  201 |     expect(wrapper.emitted('change')).toBeUndefined()
  202 |
> 203 |     expect(wrapper.vm.localValue).toBe(1)
      |    ^ Duplicate Assert
  204 |     expect(
  205 |       $stars
  206 |         .at(0)"
/home/gabriel/Disk/Research/research-javascript-test-smells/repositories/bootstrap-vue-dev/src/components/form-rating/form-rating.spec.js,Duplicate Assert,"{'line': 203, 'column': 4, 'index': 5656}","  201 |     expect(wrapper.emitted('change')).toBeUndefined()
  202 |
> 203 |     expect(wrapper.vm.localValue).toBe(1)
      |    ^ Duplicate Assert
  204 |     expect(
  205 |       $stars
  206 |         .at(0)"
/home/gabriel/Disk/Research/research-javascript-test-smells/repositories/bootstrap-vue-dev/src/components/form-rating/form-rating.spec.js,Duplicate Assert,"{'line': 204, 'column': 4, 'index': 5698}","  202 |
  203 |     expect(wrapper.vm.localValue).toBe(1)
> 204 |     expect(
      |    ^ Duplicate Assert
  205 |       $stars
  206 |         .at(0)
  207 |         .find('.b-rating-star-full')"
/home/gabriel/Disk/Research/research-javascript-test-smells/repositories/bootstrap-vue-dev/src/components/form-rating/form-rating.spec.js,Duplicate Assert,"{'line': 204, 'column': 4, 'index': 5698}","  202 |
  203 |     expect(wrapper.vm.localValue).toBe(1)
> 204 |     expect(
      |    ^ Duplicate Assert
  205 |       $stars
  206 |         .at(0)
  207 |         .find('.b-rating-star-full')"
/home/gabriel/Disk/Research/research-javascript-test-smells/repositories/bootstrap-vue-dev/src/components/form-rating/form-rating.spec.js,Duplicate Assert,"{'line': 210, 'column': 4, 'index': 5810}","  208 |         .exists()
  209 |     ).toBe(true)
> 210 |     expect(
      |    ^ Duplicate Assert
  211 |       $stars
  212 |         .at(1)
  213 |         .find('.b-rating-star-empty')"
/home/gabriel/Disk/Research/research-javascript-test-smells/repositories/bootstrap-vue-dev/src/components/form-rating/form-rating.spec.js,Duplicate Assert,"{'line': 210, 'column': 4, 'index': 5810}","  208 |         .exists()
  209 |     ).toBe(true)
> 210 |     expect(
      |    ^ Duplicate Assert
  211 |       $stars
  212 |         .at(1)
  213 |         .find('.b-rating-star-empty')"
/home/gabriel/Disk/Research/research-javascript-test-smells/repositories/bootstrap-vue-dev/src/components/form-rating/form-rating.spec.js,Duplicate Assert,"{'line': 216, 'column': 4, 'index': 5923}","  214 |         .exists()
  215 |     ).toBe(true)
> 216 |     expect(
      |    ^ Duplicate Assert
  217 |       $stars
  218 |         .at(2)
  219 |         .find('.b-rating-star-empty')"
/home/gabriel/Disk/Research/research-javascript-test-smells/repositories/bootstrap-vue-dev/src/components/form-rating/form-rating.spec.js,Duplicate Assert,"{'line': 216, 'column': 4, 'index': 5923}","  214 |         .exists()
  215 |     ).toBe(true)
> 216 |     expect(
      |    ^ Duplicate Assert
  217 |       $stars
  218 |         .at(2)
  219 |         .find('.b-rating-star-empty')"
/home/gabriel/Disk/Research/research-javascript-test-smells/repositories/bootstrap-vue-dev/src/components/form-rating/form-rating.spec.js,Duplicate Assert,"{'line': 222, 'column': 4, 'index': 6036}","  220 |         .exists()
  221 |     ).toBe(true)
> 222 |     expect(
      |    ^ Duplicate Assert
  223 |       $stars
  224 |         .at(3)
  225 |         .find('.b-rating-star-empty')"
/home/gabriel/Disk/Research/research-javascript-test-smells/repositories/bootstrap-vue-dev/src/components/form-rating/form-rating.spec.js,Duplicate Assert,"{'line': 222, 'column': 4, 'index': 6036}","  220 |         .exists()
  221 |     ).toBe(true)
> 222 |     expect(
      |    ^ Duplicate Assert
  223 |       $stars
  224 |         .at(3)
  225 |         .find('.b-rating-star-empty')"
/home/gabriel/Disk/Research/research-javascript-test-smells/repositories/bootstrap-vue-dev/src/components/form-rating/form-rating.spec.js,Duplicate Assert,"{'line': 228, 'column': 4, 'index': 6149}","  226 |         .exists()
  227 |     ).toBe(true)
> 228 |     expect(
      |    ^ Duplicate Assert
  229 |       $stars
  230 |         .at(4)
  231 |         .find('.b-rating-star-empty')"
/home/gabriel/Disk/Research/research-javascript-test-smells/repositories/bootstrap-vue-dev/src/components/form-rating/form-rating.spec.js,Duplicate Assert,"{'line': 228, 'column': 4, 'index': 6149}","  226 |         .exists()
  227 |     ).toBe(true)
> 228 |     expect(
      |    ^ Duplicate Assert
  229 |       $stars
  230 |         .at(4)
  231 |         .find('.b-rating-star-empty')"
/home/gabriel/Disk/Research/research-javascript-test-smells/repositories/bootstrap-vue-dev/src/components/form-rating/form-rating.spec.js,Duplicate Assert,"{'line': 237, 'column': 4, 'index': 6325}","  235 |     // Click 5th star
  236 |     await $stars.at(4).trigger('click')
> 237 |     expect(wrapper.emitted('change')).toBeDefined()
      |    ^ Duplicate Assert
  238 |     expect(wrapper.emitted('change').length).toBe(1)
  239 |     expect(wrapper.emitted('change')[0][0]).toBe(5)
  240 |     expect(wrapper.vm.localValue).toBe(5)"
/home/gabriel/Disk/Research/research-javascript-test-smells/repositories/bootstrap-vue-dev/src/components/form-rating/form-rating.spec.js,Duplicate Assert,"{'line': 238, 'column': 4, 'index': 6377}","  236 |     await $stars.at(4).trigger('click')
  237 |     expect(wrapper.emitted('change')).toBeDefined()
> 238 |     expect(wrapper.emitted('change').length).toBe(1)
      |    ^ Duplicate Assert
  239 |     expect(wrapper.emitted('change')[0][0]).toBe(5)
  240 |     expect(wrapper.vm.localValue).toBe(5)
  241 |     expect("
/home/gabriel/Disk/Research/research-javascript-test-smells/repositories/bootstrap-vue-dev/src/components/form-rating/form-rating.spec.js,Duplicate Assert,"{'line': 240, 'column': 4, 'index': 6482}","  238 |     expect(wrapper.emitted('change').length).toBe(1)
  239 |     expect(wrapper.emitted('change')[0][0]).toBe(5)
> 240 |     expect(wrapper.vm.localValue).toBe(5)
      |    ^ Duplicate Assert
  241 |     expect(
  242 |       $stars
  243 |         .at(0)"
/home/gabriel/Disk/Research/research-javascript-test-smells/repositories/bootstrap-vue-dev/src/components/form-rating/form-rating.spec.js,Duplicate Assert,"{'line': 241, 'column': 4, 'index': 6524}","  239 |     expect(wrapper.emitted('change')[0][0]).toBe(5)
  240 |     expect(wrapper.vm.localValue).toBe(5)
> 241 |     expect(
      |    ^ Duplicate Assert
  242 |       $stars
  243 |         .at(0)
  244 |         .find('.b-rating-star-full')"
/home/gabriel/Disk/Research/research-javascript-test-smells/repositories/bootstrap-vue-dev/src/components/form-rating/form-rating.spec.js,Duplicate Assert,"{'line': 241, 'column': 4, 'index': 6524}","  239 |     expect(wrapper.emitted('change')[0][0]).toBe(5)
  240 |     expect(wrapper.vm.localValue).toBe(5)
> 241 |     expect(
      |    ^ Duplicate Assert
  242 |       $stars
  243 |         .at(0)
  244 |         .find('.b-rating-star-full')"
/home/gabriel/Disk/Research/research-javascript-test-smells/repositories/bootstrap-vue-dev/src/components/form-rating/form-rating.spec.js,Duplicate Assert,"{'line': 247, 'column': 4, 'index': 6636}","  245 |         .exists()
  246 |     ).toBe(true)
> 247 |     expect(
      |    ^ Duplicate Assert
  248 |       $stars
  249 |         .at(1)
  250 |         .find('.b-rating-star-full')"
/home/gabriel/Disk/Research/research-javascript-test-smells/repositories/bootstrap-vue-dev/src/components/form-rating/form-rating.spec.js,Duplicate Assert,"{'line': 247, 'column': 4, 'index': 6636}","  245 |         .exists()
  246 |     ).toBe(true)
> 247 |     expect(
      |    ^ Duplicate Assert
  248 |       $stars
  249 |         .at(1)
  250 |         .find('.b-rating-star-full')"
/home/gabriel/Disk/Research/research-javascript-test-smells/repositories/bootstrap-vue-dev/src/components/form-rating/form-rating.spec.js,Duplicate Assert,"{'line': 253, 'column': 4, 'index': 6748}","  251 |         .exists()
  252 |     ).toBe(true)
> 253 |     expect(
      |    ^ Duplicate Assert
  254 |       $stars
  255 |         .at(2)
  256 |         .find('.b-rating-star-full')"
/home/gabriel/Disk/Research/research-javascript-test-smells/repositories/bootstrap-vue-dev/src/components/form-rating/form-rating.spec.js,Duplicate Assert,"{'line': 253, 'column': 4, 'index': 6748}","  251 |         .exists()
  252 |     ).toBe(true)
> 253 |     expect(
      |    ^ Duplicate Assert
  254 |       $stars
  255 |         .at(2)
  256 |         .find('.b-rating-star-full')"
/home/gabriel/Disk/Research/research-javascript-test-smells/repositories/bootstrap-vue-dev/src/components/form-rating/form-rating.spec.js,Duplicate Assert,"{'line': 274, 'column': 4, 'index': 7147}","  272 |     // Click 2nd star
  273 |     await $stars.at(1).trigger('click')
> 274 |     expect(wrapper.emitted('change').length).toBe(2)
      |    ^ Duplicate Assert
  275 |     expect(wrapper.emitted('change')[1][0]).toBe(2)
  276 |     expect(wrapper.vm.localValue).toBe(2)
  277 |     expect("
/home/gabriel/Disk/Research/research-javascript-test-smells/repositories/bootstrap-vue-dev/src/components/form-rating/form-rating.spec.js,Duplicate Assert,"{'line': 276, 'column': 4, 'index': 7252}","  274 |     expect(wrapper.emitted('change').length).toBe(2)
  275 |     expect(wrapper.emitted('change')[1][0]).toBe(2)
> 276 |     expect(wrapper.vm.localValue).toBe(2)
      |    ^ Duplicate Assert
  277 |     expect(
  278 |       $stars
  279 |         .at(0)"
/home/gabriel/Disk/Research/research-javascript-test-smells/repositories/bootstrap-vue-dev/src/components/form-rating/form-rating.spec.js,Duplicate Assert,"{'line': 277, 'column': 4, 'index': 7294}","  275 |     expect(wrapper.emitted('change')[1][0]).toBe(2)
  276 |     expect(wrapper.vm.localValue).toBe(2)
> 277 |     expect(
      |    ^ Duplicate Assert
  278 |       $stars
  279 |         .at(0)
  280 |         .find('.b-rating-star-full')"
/home/gabriel/Disk/Research/research-javascript-test-smells/repositories/bootstrap-vue-dev/src/components/form-rating/form-rating.spec.js,Duplicate Assert,"{'line': 277, 'column': 4, 'index': 7294}","  275 |     expect(wrapper.emitted('change')[1][0]).toBe(2)
  276 |     expect(wrapper.vm.localValue).toBe(2)
> 277 |     expect(
      |    ^ Duplicate Assert
  278 |       $stars
  279 |         .at(0)
  280 |         .find('.b-rating-star-full')"
/home/gabriel/Disk/Research/research-javascript-test-smells/repositories/bootstrap-vue-dev/src/components/form-rating/form-rating.spec.js,Duplicate Assert,"{'line': 283, 'column': 4, 'index': 7406}","  281 |         .exists()
  282 |     ).toBe(true)
> 283 |     expect(
      |    ^ Duplicate Assert
  284 |       $stars
  285 |         .at(1)
  286 |         .find('.b-rating-star-full')"
/home/gabriel/Disk/Research/research-javascript-test-smells/repositories/bootstrap-vue-dev/src/components/form-rating/form-rating.spec.js,Duplicate Assert,"{'line': 283, 'column': 4, 'index': 7406}","  281 |         .exists()
  282 |     ).toBe(true)
> 283 |     expect(
      |    ^ Duplicate Assert
  284 |       $stars
  285 |         .at(1)
  286 |         .find('.b-rating-star-full')"
/home/gabriel/Disk/Research/research-javascript-test-smells/repositories/bootstrap-vue-dev/src/components/form-rating/form-rating.spec.js,Duplicate Assert,"{'line': 289, 'column': 4, 'index': 7518}","  287 |         .exists()
  288 |     ).toBe(true)
> 289 |     expect(
      |    ^ Duplicate Assert
  290 |       $stars
  291 |         .at(2)
  292 |         .find('.b-rating-star-empty')"
/home/gabriel/Disk/Research/research-javascript-test-smells/repositories/bootstrap-vue-dev/src/components/form-rating/form-rating.spec.js,Duplicate Assert,"{'line': 289, 'column': 4, 'index': 7518}","  287 |         .exists()
  288 |     ).toBe(true)
> 289 |     expect(
      |    ^ Duplicate Assert
  290 |       $stars
  291 |         .at(2)
  292 |         .find('.b-rating-star-empty')"
/home/gabriel/Disk/Research/research-javascript-test-smells/repositories/bootstrap-vue-dev/src/components/form-rating/form-rating.spec.js,Duplicate Assert,"{'line': 295, 'column': 4, 'index': 7631}","  293 |         .exists()
  294 |     ).toBe(true)
> 295 |     expect(
      |    ^ Duplicate Assert
  296 |       $stars
  297 |         .at(3)
  298 |         .find('.b-rating-star-empty')"
/home/gabriel/Disk/Research/research-javascript-test-smells/repositories/bootstrap-vue-dev/src/components/form-rating/form-rating.spec.js,Duplicate Assert,"{'line': 295, 'column': 4, 'index': 7631}","  293 |         .exists()
  294 |     ).toBe(true)
> 295 |     expect(
      |    ^ Duplicate Assert
  296 |       $stars
  297 |         .at(3)
  298 |         .find('.b-rating-star-empty')"
/home/gabriel/Disk/Research/research-javascript-test-smells/repositories/bootstrap-vue-dev/src/components/form-rating/form-rating.spec.js,Duplicate Assert,"{'line': 301, 'column': 4, 'index': 7744}","  299 |         .exists()
  300 |     ).toBe(true)
> 301 |     expect(
      |    ^ Duplicate Assert
  302 |       $stars
  303 |         .at(4)
  304 |         .find('.b-rating-star-empty')"
/home/gabriel/Disk/Research/research-javascript-test-smells/repositories/bootstrap-vue-dev/src/components/form-rating/form-rating.spec.js,Duplicate Assert,"{'line': 301, 'column': 4, 'index': 7744}","  299 |         .exists()
  300 |     ).toBe(true)
> 301 |     expect(
      |    ^ Duplicate Assert
  302 |       $stars
  303 |         .at(4)
  304 |         .find('.b-rating-star-empty')"
/home/gabriel/Disk/Research/research-javascript-test-smells/repositories/bootstrap-vue-dev/src/components/form-rating/form-rating.spec.js,Duplicate Assert,"{'line': 330, 'column': 4, 'index': 8515}","  328 |     const $clear = wrapper.find('.b-rating-star-clear')
  329 |     expect($clear.exists()).toBe(true)
> 330 |     expect(wrapper.emitted('change')).toBeUndefined()
      |    ^ Duplicate Assert
  331 |
  332 |     await $clear.trigger('click')
  333 |     expect(wrapper.emitted('change')).toBeDefined()"
/home/gabriel/Disk/Research/research-javascript-test-smells/repositories/bootstrap-vue-dev/src/components/form-rating/form-rating.spec.js,Duplicate Assert,"{'line': 333, 'column': 4, 'index': 8604}","  331 |
  332 |     await $clear.trigger('click')
> 333 |     expect(wrapper.emitted('change')).toBeDefined()
      |    ^ Duplicate Assert
  334 |     expect(wrapper.emitted('change').length).toBe(1)
  335 |     expect(wrapper.emitted('change')[0][0]).toEqual(null)
  336 |"
/home/gabriel/Disk/Research/research-javascript-test-smells/repositories/bootstrap-vue-dev/src/components/form-rating/form-rating.spec.js,Duplicate Assert,"{'line': 358, 'column': 4, 'index': 9279}","  356 |     const $value = wrapper.find('.b-rating-value')
  357 |     expect($value.exists()).toBe(true)
> 358 |     expect($value.text()).toEqual('3.50')
      |    ^ Duplicate Assert
  359 |
  360 |     await wrapper.setProps({
  361 |       value: null"
/home/gabriel/Disk/Research/research-javascript-test-smells/repositories/bootstrap-vue-dev/src/components/form-rating/form-rating.spec.js,Duplicate Assert,"{'line': 365, 'column': 4, 'index': 9406}","  363 |     await waitNT(wrapper.vm)
  364 |
> 365 |     expect($value.text()).toEqual('')
      |    ^ Duplicate Assert
  366 |
  367 |     await wrapper.setProps({
  368 |       value: '1.236'"
/home/gabriel/Disk/Research/research-javascript-test-smells/repositories/bootstrap-vue-dev/src/components/form-rating/form-rating.spec.js,Duplicate Assert,"{'line': 372, 'column': 4, 'index': 9532}","  370 |     await waitNT(wrapper.vm)
  371 |
> 372 |     expect($value.text()).toEqual('1.24')
      |    ^ Duplicate Assert
  373 |
  374 |     wrapper.destroy()
  375 |   })"
/home/gabriel/Disk/Research/research-javascript-test-smells/repositories/bootstrap-vue-dev/src/components/form-rating/form-rating.spec.js,Duplicate Assert,"{'line': 396, 'column': 4, 'index': 10139}","  394 |     const $value = wrapper.find('.b-rating-value')
  395 |     expect($value.exists()).toBe(true)
> 396 |     expect($value.text()).toEqual('3.50/5')
      |    ^ Duplicate Assert
  397 |
  398 |     await wrapper.setProps({
  399 |       value: null"
/home/gabriel/Disk/Research/research-javascript-test-smells/repositories/bootstrap-vue-dev/src/components/form-rating/form-rating.spec.js,Duplicate Assert,"{'line': 403, 'column': 4, 'index': 10268}","  401 |     await waitNT(wrapper.vm)
  402 |
> 403 |     expect($value.text()).toEqual('-/5')
      |    ^ Duplicate Assert
  404 |
  405 |     await wrapper.setProps({
  406 |       value: '1.236'"
/home/gabriel/Disk/Research/research-javascript-test-smells/repositories/bootstrap-vue-dev/src/components/form-rating/form-rating.spec.js,Duplicate Assert,"{'line': 410, 'column': 4, 'index': 10397}","  408 |     await waitNT(wrapper.vm)
  409 |
> 410 |     expect($value.text()).toEqual('1.24/5')
      |    ^ Duplicate Assert
  411 |
  412 |     wrapper.destroy()
  413 |   })"
/home/gabriel/Disk/Research/research-javascript-test-smells/repositories/bootstrap-vue-dev/src/components/form-rating/form-rating.spec.js,Duplicate Assert,"{'line': 432, 'column': 4, 'index': 10892}","  430 |     const $output = wrapper.find('output')
  431 |     expect($output.exists()).toBe(true)
> 432 |     expect(document.activeElement).not.toEqual($output.element)
      |    ^ Duplicate Assert
  433 |     expect(wrapper.vm.hasFocus).toBe(false)
  434 |
  435 |     wrapper.vm.focus()"
/home/gabriel/Disk/Research/research-javascript-test-smells/repositories/bootstrap-vue-dev/src/components/form-rating/form-rating.spec.js,Duplicate Assert,"{'line': 432, 'column': 4, 'index': 10892}","  430 |     const $output = wrapper.find('output')
  431 |     expect($output.exists()).toBe(true)
> 432 |     expect(document.activeElement).not.toEqual($output.element)
      |    ^ Duplicate Assert
  433 |     expect(wrapper.vm.hasFocus).toBe(false)
  434 |
  435 |     wrapper.vm.focus()"
/home/gabriel/Disk/Research/research-javascript-test-smells/repositories/bootstrap-vue-dev/src/components/form-rating/form-rating.spec.js,Duplicate Assert,"{'line': 433, 'column': 4, 'index': 10956}","  431 |     expect($output.exists()).toBe(true)
  432 |     expect(document.activeElement).not.toEqual($output.element)
> 433 |     expect(wrapper.vm.hasFocus).toBe(false)
      |    ^ Duplicate Assert
  434 |
  435 |     wrapper.vm.focus()
  436 |     await waitNT(wrapper.vm)"
/home/gabriel/Disk/Research/research-javascript-test-smells/repositories/bootstrap-vue-dev/src/components/form-rating/form-rating.spec.js,Duplicate Assert,"{'line': 433, 'column': 4, 'index': 10956}","  431 |     expect($output.exists()).toBe(true)
  432 |     expect(document.activeElement).not.toEqual($output.element)
> 433 |     expect(wrapper.vm.hasFocus).toBe(false)
      |    ^ Duplicate Assert
  434 |
  435 |     wrapper.vm.focus()
  436 |     await waitNT(wrapper.vm)"
/home/gabriel/Disk/Research/research-javascript-test-smells/repositories/bootstrap-vue-dev/src/components/form-rating/form-rating.spec.js,Duplicate Assert,"{'line': 437, 'column': 4, 'index': 11053}","  435 |     wrapper.vm.focus()
  436 |     await waitNT(wrapper.vm)
> 437 |     expect(document.activeElement).toEqual($output.element)
      |    ^ Duplicate Assert
  438 |     expect(wrapper.vm.hasFocus).toBe(true)
  439 |
  440 |     wrapper.vm.blur()"
/home/gabriel/Disk/Research/research-javascript-test-smells/repositories/bootstrap-vue-dev/src/components/form-rating/form-rating.spec.js,Duplicate Assert,"{'line': 438, 'column': 4, 'index': 11113}","  436 |     await waitNT(wrapper.vm)
  437 |     expect(document.activeElement).toEqual($output.element)
> 438 |     expect(wrapper.vm.hasFocus).toBe(true)
      |    ^ Duplicate Assert
  439 |
  440 |     wrapper.vm.blur()
  441 |     await waitNT(wrapper.vm)"
/home/gabriel/Disk/Research/research-javascript-test-smells/repositories/bootstrap-vue-dev/src/components/form-rating/form-rating.spec.js,Duplicate Assert,"{'line': 438, 'column': 4, 'index': 11113}","  436 |     await waitNT(wrapper.vm)
  437 |     expect(document.activeElement).toEqual($output.element)
> 438 |     expect(wrapper.vm.hasFocus).toBe(true)
      |    ^ Duplicate Assert
  439 |
  440 |     wrapper.vm.blur()
  441 |     await waitNT(wrapper.vm)"
/home/gabriel/Disk/Research/research-javascript-test-smells/repositories/bootstrap-vue-dev/src/components/form-rating/form-rating.spec.js,Duplicate Assert,"{'line': 442, 'column': 4, 'index': 11208}","  440 |     wrapper.vm.blur()
  441 |     await waitNT(wrapper.vm)
> 442 |     expect(document.activeElement).not.toEqual($output.element)
      |    ^ Duplicate Assert
  443 |     expect(wrapper.vm.hasFocus).toBe(false)
  444 |
  445 |     await $output.trigger('focus')"
/home/gabriel/Disk/Research/research-javascript-test-smells/repositories/bootstrap-vue-dev/src/components/form-rating/form-rating.spec.js,Duplicate Assert,"{'line': 442, 'column': 4, 'index': 11208}","  440 |     wrapper.vm.blur()
  441 |     await waitNT(wrapper.vm)
> 442 |     expect(document.activeElement).not.toEqual($output.element)
      |    ^ Duplicate Assert
  443 |     expect(wrapper.vm.hasFocus).toBe(false)
  444 |
  445 |     await $output.trigger('focus')"
/home/gabriel/Disk/Research/research-javascript-test-smells/repositories/bootstrap-vue-dev/src/components/form-rating/form-rating.spec.js,Duplicate Assert,"{'line': 443, 'column': 4, 'index': 11272}","  441 |     await waitNT(wrapper.vm)
  442 |     expect(document.activeElement).not.toEqual($output.element)
> 443 |     expect(wrapper.vm.hasFocus).toBe(false)
      |    ^ Duplicate Assert
  444 |
  445 |     await $output.trigger('focus')
  446 |     expect(wrapper.vm.hasFocus).toBe(true)"
/home/gabriel/Disk/Research/research-javascript-test-smells/repositories/bootstrap-vue-dev/src/components/form-rating/form-rating.spec.js,Duplicate Assert,"{'line': 443, 'column': 4, 'index': 11272}","  441 |     await waitNT(wrapper.vm)
  442 |     expect(document.activeElement).not.toEqual($output.element)
> 443 |     expect(wrapper.vm.hasFocus).toBe(false)
      |    ^ Duplicate Assert
  444 |
  445 |     await $output.trigger('focus')
  446 |     expect(wrapper.vm.hasFocus).toBe(true)"
/home/gabriel/Disk/Research/research-javascript-test-smells/repositories/bootstrap-vue-dev/src/components/form-rating/form-rating.spec.js,Duplicate Assert,"{'line': 446, 'column': 4, 'index': 11352}","  444 |
  445 |     await $output.trigger('focus')
> 446 |     expect(wrapper.vm.hasFocus).toBe(true)
      |    ^ Duplicate Assert
  447 |
  448 |     await $output.trigger('blur')
  449 |     expect(wrapper.vm.hasFocus).toBe(false)"
/home/gabriel/Disk/Research/research-javascript-test-smells/repositories/bootstrap-vue-dev/src/components/form-rating/form-rating.spec.js,Duplicate Assert,"{'line': 446, 'column': 4, 'index': 11352}","  444 |
  445 |     await $output.trigger('focus')
> 446 |     expect(wrapper.vm.hasFocus).toBe(true)
      |    ^ Duplicate Assert
  447 |
  448 |     await $output.trigger('blur')
  449 |     expect(wrapper.vm.hasFocus).toBe(false)"
/home/gabriel/Disk/Research/research-javascript-test-smells/repositories/bootstrap-vue-dev/src/components/form-rating/form-rating.spec.js,Duplicate Assert,"{'line': 449, 'column': 4, 'index': 11430}","  447 |
  448 |     await $output.trigger('blur')
> 449 |     expect(wrapper.vm.hasFocus).toBe(false)
      |    ^ Duplicate Assert
  450 |
  451 |     wrapper.vm.blur()
  452 |     await waitNT(wrapper.vm)"
/home/gabriel/Disk/Research/research-javascript-test-smells/repositories/bootstrap-vue-dev/src/components/form-rating/form-rating.spec.js,Duplicate Assert,"{'line': 449, 'column': 4, 'index': 11430}","  447 |
  448 |     await $output.trigger('blur')
> 449 |     expect(wrapper.vm.hasFocus).toBe(false)
      |    ^ Duplicate Assert
  450 |
  451 |     wrapper.vm.blur()
  452 |     await waitNT(wrapper.vm)"
/home/gabriel/Disk/Research/research-javascript-test-smells/repositories/bootstrap-vue-dev/src/components/form-rating/form-rating.spec.js,Duplicate Assert,"{'line': 455, 'column': 4, 'index': 11578}","  453 |     wrapper.vm.focus()
  454 |     await waitNT(wrapper.vm)
> 455 |     expect(wrapper.vm.hasFocus).toBe(true)
      |    ^ Duplicate Assert
  456 |
  457 |     await wrapper.setProps({ disabled: true })
  458 |     wrapper.vm.focus()"
/home/gabriel/Disk/Research/research-javascript-test-smells/repositories/bootstrap-vue-dev/src/components/form-rating/form-rating.spec.js,Duplicate Assert,"{'line': 455, 'column': 4, 'index': 11578}","  453 |     wrapper.vm.focus()
  454 |     await waitNT(wrapper.vm)
> 455 |     expect(wrapper.vm.hasFocus).toBe(true)
      |    ^ Duplicate Assert
  456 |
  457 |     await wrapper.setProps({ disabled: true })
  458 |     wrapper.vm.focus()"
/home/gabriel/Disk/Research/research-javascript-test-smells/repositories/bootstrap-vue-dev/src/components/form-rating/form-rating.spec.js,Duplicate Assert,"{'line': 460, 'column': 4, 'index': 11721}","  458 |     wrapper.vm.focus()
  459 |     await waitNT(wrapper.vm)
> 460 |     expect(wrapper.vm.hasFocus).toBe(false)
      |    ^ Duplicate Assert
  461 |
  462 |     wrapper.destroy()
  463 |   })"
/home/gabriel/Disk/Research/research-javascript-test-smells/repositories/bootstrap-vue-dev/src/components/form-rating/form-rating.spec.js,Duplicate Assert,"{'line': 460, 'column': 4, 'index': 11721}","  458 |     wrapper.vm.focus()
  459 |     await waitNT(wrapper.vm)
> 460 |     expect(wrapper.vm.hasFocus).toBe(false)
      |    ^ Duplicate Assert
  461 |
  462 |     wrapper.destroy()
  463 |   })"
/home/gabriel/Disk/Research/research-javascript-test-smells/repositories/bootstrap-vue-dev/src/components/form-rating/form-rating.spec.js,Duplicate Assert,"{'line': 479, 'column': 4, 'index': 12142}","  477 |     const $value = wrapper.find('.b-rating-value')
  478 |     expect($value.exists()).toBe(true)
> 479 |     expect($value.text()).toEqual('')
      |    ^ Duplicate Assert
  480 |
  481 |     await wrapper.trigger('keydown.right')
  482 |     expect($value.text()).toEqual('1')"
/home/gabriel/Disk/Research/research-javascript-test-smells/repositories/bootstrap-vue-dev/src/components/form-rating/form-rating.spec.js,Duplicate Assert,"{'line': 479, 'column': 4, 'index': 12142}","  477 |     const $value = wrapper.find('.b-rating-value')
  478 |     expect($value.exists()).toBe(true)
> 479 |     expect($value.text()).toEqual('')
      |    ^ Duplicate Assert
  480 |
  481 |     await wrapper.trigger('keydown.right')
  482 |     expect($value.text()).toEqual('1')"
/home/gabriel/Disk/Research/research-javascript-test-smells/repositories/bootstrap-vue-dev/src/components/form-rating/form-rating.spec.js,Duplicate Assert,"{'line': 482, 'column': 4, 'index': 12224}","  480 |
  481 |     await wrapper.trigger('keydown.right')
> 482 |     expect($value.text()).toEqual('1')
      |    ^ Duplicate Assert
  483 |
  484 |     await wrapper.trigger('keydown.right')
  485 |     expect($value.text()).toEqual('2')"
/home/gabriel/Disk/Research/research-javascript-test-smells/repositories/bootstrap-vue-dev/src/components/form-rating/form-rating.spec.js,Duplicate Assert,"{'line': 482, 'column': 4, 'index': 12224}","  480 |
  481 |     await wrapper.trigger('keydown.right')
> 482 |     expect($value.text()).toEqual('1')
      |    ^ Duplicate Assert
  483 |
  484 |     await wrapper.trigger('keydown.right')
  485 |     expect($value.text()).toEqual('2')"
/home/gabriel/Disk/Research/research-javascript-test-smells/repositories/bootstrap-vue-dev/src/components/form-rating/form-rating.spec.js,Duplicate Assert,"{'line': 485, 'column': 4, 'index': 12307}","  483 |
  484 |     await wrapper.trigger('keydown.right')
> 485 |     expect($value.text()).toEqual('2')
      |    ^ Duplicate Assert
  486 |
  487 |     await wrapper.trigger('keydown.up')
  488 |     expect($value.text()).toEqual('3')"
/home/gabriel/Disk/Research/research-javascript-test-smells/repositories/bootstrap-vue-dev/src/components/form-rating/form-rating.spec.js,Duplicate Assert,"{'line': 485, 'column': 4, 'index': 12307}","  483 |
  484 |     await wrapper.trigger('keydown.right')
> 485 |     expect($value.text()).toEqual('2')
      |    ^ Duplicate Assert
  486 |
  487 |     await wrapper.trigger('keydown.up')
  488 |     expect($value.text()).toEqual('3')"
/home/gabriel/Disk/Research/research-javascript-test-smells/repositories/bootstrap-vue-dev/src/components/form-rating/form-rating.spec.js,Duplicate Assert,"{'line': 488, 'column': 4, 'index': 12387}","  486 |
  487 |     await wrapper.trigger('keydown.up')
> 488 |     expect($value.text()).toEqual('3')
      |    ^ Duplicate Assert
  489 |
  490 |     await wrapper.trigger('keydown.up')
  491 |     expect($value.text()).toEqual('4')"
/home/gabriel/Disk/Research/research-javascript-test-smells/repositories/bootstrap-vue-dev/src/components/form-rating/form-rating.spec.js,Duplicate Assert,"{'line': 488, 'column': 4, 'index': 12387}","  486 |
  487 |     await wrapper.trigger('keydown.up')
> 488 |     expect($value.text()).toEqual('3')
      |    ^ Duplicate Assert
  489 |
  490 |     await wrapper.trigger('keydown.up')
  491 |     expect($value.text()).toEqual('4')"
/home/gabriel/Disk/Research/research-javascript-test-smells/repositories/bootstrap-vue-dev/src/components/form-rating/form-rating.spec.js,Duplicate Assert,"{'line': 491, 'column': 4, 'index': 12467}","  489 |
  490 |     await wrapper.trigger('keydown.up')
> 491 |     expect($value.text()).toEqual('4')
      |    ^ Duplicate Assert
  492 |
  493 |     await wrapper.trigger('keydown.right')
  494 |     expect($value.text()).toEqual('5')"
/home/gabriel/Disk/Research/research-javascript-test-smells/repositories/bootstrap-vue-dev/src/components/form-rating/form-rating.spec.js,Duplicate Assert,"{'line': 491, 'column': 4, 'index': 12467}","  489 |
  490 |     await wrapper.trigger('keydown.up')
> 491 |     expect($value.text()).toEqual('4')
      |    ^ Duplicate Assert
  492 |
  493 |     await wrapper.trigger('keydown.right')
  494 |     expect($value.text()).toEqual('5')"
/home/gabriel/Disk/Research/research-javascript-test-smells/repositories/bootstrap-vue-dev/src/components/form-rating/form-rating.spec.js,Duplicate Assert,"{'line': 494, 'column': 4, 'index': 12550}","  492 |
  493 |     await wrapper.trigger('keydown.right')
> 494 |     expect($value.text()).toEqual('5')
      |    ^ Duplicate Assert
  495 |
  496 |     await wrapper.trigger('keydown.right')
  497 |     expect($value.text()).toEqual('5')"
/home/gabriel/Disk/Research/research-javascript-test-smells/repositories/bootstrap-vue-dev/src/components/form-rating/form-rating.spec.js,Duplicate Assert,"{'line': 494, 'column': 4, 'index': 12550}","  492 |
  493 |     await wrapper.trigger('keydown.right')
> 494 |     expect($value.text()).toEqual('5')
      |    ^ Duplicate Assert
  495 |
  496 |     await wrapper.trigger('keydown.right')
  497 |     expect($value.text()).toEqual('5')"
/home/gabriel/Disk/Research/research-javascript-test-smells/repositories/bootstrap-vue-dev/src/components/form-rating/form-rating.spec.js,Duplicate Assert,"{'line': 497, 'column': 4, 'index': 12633}","  495 |
  496 |     await wrapper.trigger('keydown.right')
> 497 |     expect($value.text()).toEqual('5')
      |    ^ Duplicate Assert
  498 |
  499 |     await wrapper.trigger('keydown.left')
  500 |     expect($value.text()).toEqual('4')"
/home/gabriel/Disk/Research/research-javascript-test-smells/repositories/bootstrap-vue-dev/src/components/form-rating/form-rating.spec.js,Duplicate Assert,"{'line': 497, 'column': 4, 'index': 12633}","  495 |
  496 |     await wrapper.trigger('keydown.right')
> 497 |     expect($value.text()).toEqual('5')
      |    ^ Duplicate Assert
  498 |
  499 |     await wrapper.trigger('keydown.left')
  500 |     expect($value.text()).toEqual('4')"
/home/gabriel/Disk/Research/research-javascript-test-smells/repositories/bootstrap-vue-dev/src/components/form-rating/form-rating.spec.js,Duplicate Assert,"{'line': 500, 'column': 4, 'index': 12715}","  498 |
  499 |     await wrapper.trigger('keydown.left')
> 500 |     expect($value.text()).toEqual('4')
      |    ^ Duplicate Assert
  501 |
  502 |     await wrapper.trigger('keydown.left')
  503 |     expect($value.text()).toEqual('3')"
/home/gabriel/Disk/Research/research-javascript-test-smells/repositories/bootstrap-vue-dev/src/components/form-rating/form-rating.spec.js,Duplicate Assert,"{'line': 500, 'column': 4, 'index': 12715}","  498 |
  499 |     await wrapper.trigger('keydown.left')
> 500 |     expect($value.text()).toEqual('4')
      |    ^ Duplicate Assert
  501 |
  502 |     await wrapper.trigger('keydown.left')
  503 |     expect($value.text()).toEqual('3')"
/home/gabriel/Disk/Research/research-javascript-test-smells/repositories/bootstrap-vue-dev/src/components/form-rating/form-rating.spec.js,Duplicate Assert,"{'line': 503, 'column': 4, 'index': 12797}","  501 |
  502 |     await wrapper.trigger('keydown.left')
> 503 |     expect($value.text()).toEqual('3')
      |    ^ Duplicate Assert
  504 |
  505 |     await wrapper.trigger('keydown.down')
  506 |     expect($value.text()).toEqual('2')"
/home/gabriel/Disk/Research/research-javascript-test-smells/repositories/bootstrap-vue-dev/src/components/form-rating/form-rating.spec.js,Duplicate Assert,"{'line': 503, 'column': 4, 'index': 12797}","  501 |
  502 |     await wrapper.trigger('keydown.left')
> 503 |     expect($value.text()).toEqual('3')
      |    ^ Duplicate Assert
  504 |
  505 |     await wrapper.trigger('keydown.down')
  506 |     expect($value.text()).toEqual('2')"
/home/gabriel/Disk/Research/research-javascript-test-smells/repositories/bootstrap-vue-dev/src/components/form-rating/form-rating.spec.js,Duplicate Assert,"{'line': 506, 'column': 4, 'index': 12879}","  504 |
  505 |     await wrapper.trigger('keydown.down')
> 506 |     expect($value.text()).toEqual('2')
      |    ^ Duplicate Assert
  507 |
  508 |     await wrapper.trigger('keydown.down')
  509 |     expect($value.text()).toEqual('1')"
/home/gabriel/Disk/Research/research-javascript-test-smells/repositories/bootstrap-vue-dev/src/components/form-rating/form-rating.spec.js,Duplicate Assert,"{'line': 506, 'column': 4, 'index': 12879}","  504 |
  505 |     await wrapper.trigger('keydown.down')
> 506 |     expect($value.text()).toEqual('2')
      |    ^ Duplicate Assert
  507 |
  508 |     await wrapper.trigger('keydown.down')
  509 |     expect($value.text()).toEqual('1')"
/home/gabriel/Disk/Research/research-javascript-test-smells/repositories/bootstrap-vue-dev/src/components/form-rating/form-rating.spec.js,Duplicate Assert,"{'line': 509, 'column': 4, 'index': 12961}","  507 |
  508 |     await wrapper.trigger('keydown.down')
> 509 |     expect($value.text()).toEqual('1')
      |    ^ Duplicate Assert
  510 |
  511 |     await wrapper.trigger('keydown.left')
  512 |     expect($value.text()).toEqual('1')"
/home/gabriel/Disk/Research/research-javascript-test-smells/repositories/bootstrap-vue-dev/src/components/form-rating/form-rating.spec.js,Duplicate Assert,"{'line': 509, 'column': 4, 'index': 12961}","  507 |
  508 |     await wrapper.trigger('keydown.down')
> 509 |     expect($value.text()).toEqual('1')
      |    ^ Duplicate Assert
  510 |
  511 |     await wrapper.trigger('keydown.left')
  512 |     expect($value.text()).toEqual('1')"
/home/gabriel/Disk/Research/research-javascript-test-smells/repositories/bootstrap-vue-dev/src/components/form-rating/form-rating.spec.js,Duplicate Assert,"{'line': 512, 'column': 4, 'index': 13043}","  510 |
  511 |     await wrapper.trigger('keydown.left')
> 512 |     expect($value.text()).toEqual('1')
      |    ^ Duplicate Assert
  513 |
  514 |     await wrapper.setProps({ readonly: true })
  515 |     expect($value.text()).toEqual('1')"
/home/gabriel/Disk/Research/research-javascript-test-smells/repositories/bootstrap-vue-dev/src/components/form-rating/form-rating.spec.js,Duplicate Assert,"{'line': 512, 'column': 4, 'index': 13043}","  510 |
  511 |     await wrapper.trigger('keydown.left')
> 512 |     expect($value.text()).toEqual('1')
      |    ^ Duplicate Assert
  513 |
  514 |     await wrapper.setProps({ readonly: true })
  515 |     expect($value.text()).toEqual('1')"
/home/gabriel/Disk/Research/research-javascript-test-smells/repositories/bootstrap-vue-dev/src/components/form-rating/form-rating.spec.js,Duplicate Assert,"{'line': 515, 'column': 4, 'index': 13130}","  513 |
  514 |     await wrapper.setProps({ readonly: true })
> 515 |     expect($value.text()).toEqual('1')
      |    ^ Duplicate Assert
  516 |
  517 |     await wrapper.trigger('keydown.right')
  518 |     expect($value.text()).toEqual('1')"
/home/gabriel/Disk/Research/research-javascript-test-smells/repositories/bootstrap-vue-dev/src/components/form-rating/form-rating.spec.js,Duplicate Assert,"{'line': 515, 'column': 4, 'index': 13130}","  513 |
  514 |     await wrapper.setProps({ readonly: true })
> 515 |     expect($value.text()).toEqual('1')
      |    ^ Duplicate Assert
  516 |
  517 |     await wrapper.trigger('keydown.right')
  518 |     expect($value.text()).toEqual('1')"
/home/gabriel/Disk/Research/research-javascript-test-smells/repositories/bootstrap-vue-dev/src/components/form-rating/form-rating.spec.js,Duplicate Assert,"{'line': 518, 'column': 4, 'index': 13213}","  516 |
  517 |     await wrapper.trigger('keydown.right')
> 518 |     expect($value.text()).toEqual('1')
      |    ^ Duplicate Assert
  519 |
  520 |     await wrapper.setProps({
  521 |       readonly: false,"
/home/gabriel/Disk/Research/research-javascript-test-smells/repositories/bootstrap-vue-dev/src/components/form-rating/form-rating.spec.js,Duplicate Assert,"{'line': 518, 'column': 4, 'index': 13213}","  516 |
  517 |     await wrapper.trigger('keydown.right')
> 518 |     expect($value.text()).toEqual('1')
      |    ^ Duplicate Assert
  519 |
  520 |     await wrapper.setProps({
  521 |       readonly: false,"
/home/gabriel/Disk/Research/research-javascript-test-smells/repositories/bootstrap-vue-dev/src/components/form-rating/form-rating.spec.js,Duplicate Assert,"{'line': 524, 'column': 4, 'index': 13333}","  522 |       disabled: true
  523 |     })
> 524 |     expect($value.text()).toEqual('1')
      |    ^ Duplicate Assert
  525 |
  526 |     await wrapper.trigger('keydown.right')
  527 |     expect($value.text()).toEqual('1')"
/home/gabriel/Disk/Research/research-javascript-test-smells/repositories/bootstrap-vue-dev/src/components/form-rating/form-rating.spec.js,Duplicate Assert,"{'line': 524, 'column': 4, 'index': 13333}","  522 |       disabled: true
  523 |     })
> 524 |     expect($value.text()).toEqual('1')
      |    ^ Duplicate Assert
  525 |
  526 |     await wrapper.trigger('keydown.right')
  527 |     expect($value.text()).toEqual('1')"
/home/gabriel/Disk/Research/research-javascript-test-smells/repositories/bootstrap-vue-dev/src/components/form-rating/form-rating.spec.js,Duplicate Assert,"{'line': 527, 'column': 4, 'index': 13416}","  525 |
  526 |     await wrapper.trigger('keydown.right')
> 527 |     expect($value.text()).toEqual('1')
      |    ^ Duplicate Assert
  528 |
  529 |     await wrapper.setProps({
  530 |       readonly: false,"
/home/gabriel/Disk/Research/research-javascript-test-smells/repositories/bootstrap-vue-dev/src/components/form-rating/form-rating.spec.js,Duplicate Assert,"{'line': 527, 'column': 4, 'index': 13416}","  525 |
  526 |     await wrapper.trigger('keydown.right')
> 527 |     expect($value.text()).toEqual('1')
      |    ^ Duplicate Assert
  528 |
  529 |     await wrapper.setProps({
  530 |       readonly: false,"
/home/gabriel/Disk/Research/research-javascript-test-smells/repositories/bootstrap-vue-dev/src/components/form-rating/form-rating.spec.js,Duplicate Assert,"{'line': 534, 'column': 4, 'index': 13560}","  532 |       showClear: true
  533 |     })
> 534 |     expect($value.text()).toEqual('1')
      |    ^ Duplicate Assert
  535 |
  536 |     await wrapper.trigger('keydown.left')
  537 |     expect($value.text()).toEqual('')"
/home/gabriel/Disk/Research/research-javascript-test-smells/repositories/bootstrap-vue-dev/src/components/form-rating/form-rating.spec.js,Duplicate Assert,"{'line': 534, 'column': 4, 'index': 13560}","  532 |       showClear: true
  533 |     })
> 534 |     expect($value.text()).toEqual('1')
      |    ^ Duplicate Assert
  535 |
  536 |     await wrapper.trigger('keydown.left')
  537 |     expect($value.text()).toEqual('')"
/home/gabriel/Disk/Research/research-javascript-test-smells/repositories/bootstrap-vue-dev/src/components/form-rating/form-rating.spec.js,Duplicate Assert,"{'line': 537, 'column': 4, 'index': 13642}","  535 |
  536 |     await wrapper.trigger('keydown.left')
> 537 |     expect($value.text()).toEqual('')
      |    ^ Duplicate Assert
  538 |
  539 |     await wrapper.trigger('keydown.right')
  540 |     expect($value.text()).toEqual('1')"
/home/gabriel/Disk/Research/research-javascript-test-smells/repositories/bootstrap-vue-dev/src/components/form-rating/form-rating.spec.js,Duplicate Assert,"{'line': 537, 'column': 4, 'index': 13642}","  535 |
  536 |     await wrapper.trigger('keydown.left')
> 537 |     expect($value.text()).toEqual('')
      |    ^ Duplicate Assert
  538 |
  539 |     await wrapper.trigger('keydown.right')
  540 |     expect($value.text()).toEqual('1')"
/home/gabriel/Disk/Research/research-javascript-test-smells/repositories/bootstrap-vue-dev/src/components/form-rating/form-rating.spec.js,Duplicate Assert,"{'line': 540, 'column': 4, 'index': 13724}","  538 |
  539 |     await wrapper.trigger('keydown.right')
> 540 |     expect($value.text()).toEqual('1')
      |    ^ Duplicate Assert
  541 |
  542 |     wrapper.destroy()
  543 |   })"
/home/gabriel/Disk/Research/research-javascript-test-smells/repositories/bootstrap-vue-dev/src/components/form-rating/form-rating.spec.js,Duplicate Assert,"{'line': 540, 'column': 4, 'index': 13724}","  538 |
  539 |     await wrapper.trigger('keydown.right')
> 540 |     expect($value.text()).toEqual('1')
      |    ^ Duplicate Assert
  541 |
  542 |     wrapper.destroy()
  543 |   })"
/home/gabriel/Disk/Research/research-javascript-test-smells/repositories/bootstrap-vue-dev/src/components/form-rating/form-rating.spec.js,Magic Number,"{'line': 32, 'column': 31, 'index': 1263}","  30 |
  31 |     const $stars = wrapper.findAll('.b-rating-star')
> 32 |     expect($stars.length).toBe(5)
     |                               ^ Magic Number
  33 |     expect($stars.wrappers.every(s => s.find('.flex-grow-1'))).toBe(true)
  34 |     // Since value is `null` all stars will be empty
  35 |     expect($stars.wrappers.every(s => s.find('.b-rating-star-empty'))).toBe(true)"
/home/gabriel/Disk/Research/research-javascript-test-smells/repositories/bootstrap-vue-dev/src/components/form-rating/form-rating.spec.js,Magic Number,"{'line': 63, 'column': 31, 'index': 2218}","  61 |
  62 |     const $stars = wrapper.findAll('.b-rating-star')
> 63 |     expect($stars.length).toBe(5)
     |                               ^ Magic Number
  64 |     expect($stars.wrappers.every(s => s.find('.flex-grow-1').exists())).toBe(true)
  65 |     expect($stars.wrappers.every(s => s.find('.b-rating-star-empty').exists())).toBe(true)
  66 |"
/home/gabriel/Disk/Research/research-javascript-test-smells/repositories/bootstrap-vue-dev/src/components/form-rating/form-rating.spec.js,Magic Number,"{'line': 68, 'column': 31, 'index': 2473}","  66 |
  67 |     const $icons = wrapper.findAll('.b-icon')
> 68 |     expect($icons.length).toBe(5)
     |                               ^ Magic Number
  69 |     expect($icons.wrappers.every(i => i.element.matches('.bi-star'))).toBe(true)
  70 |     expect($icons.wrappers.every(i => i.element.matches('.text-primary'))).toBe(true)
  71 |     expect($icons.wrappers.every(i => i.find('.text-warning').exists())).toBe(false)"
/home/gabriel/Disk/Research/research-javascript-test-smells/repositories/bootstrap-vue-dev/src/components/form-rating/form-rating.spec.js,Magic Number,"{'line': 87, 'column': 31, 'index': 3071}","  85 |
  86 |     const $stars = wrapper.findAll('.b-rating-star')
> 87 |     expect($stars.length).toBe(10)
     |                               ^ Magic Number
  88 |     expect($stars.wrappers.every(s => s.find('.flex-grow-1').exists())).toBe(true)
  89 |     expect($stars.wrappers.every(s => s.find('.b-rating-star-empty').exists())).toBe(true)
  90 |"
/home/gabriel/Disk/Research/research-javascript-test-smells/repositories/bootstrap-vue-dev/src/components/form-rating/form-rating.spec.js,Magic Number,"{'line': 125, 'column': 39, 'index': 4119}","  123 |     expect(wrapper.emitted('change')).toBeUndefined()
  124 |
> 125 |     expect(wrapper.vm.localValue).toBe(1)
      |                                       ^ Magic Number
  126 |     const $stars = wrapper.findAll('.b-rating-star')
  127 |     expect($stars.length).toBe(5)
  128 |     expect("
/home/gabriel/Disk/Research/research-javascript-test-smells/repositories/bootstrap-vue-dev/src/components/form-rating/form-rating.spec.js,Magic Number,"{'line': 127, 'column': 31, 'index': 4206}","  125 |     expect(wrapper.vm.localValue).toBe(1)
  126 |     const $stars = wrapper.findAll('.b-rating-star')
> 127 |     expect($stars.length).toBe(5)
      |                               ^ Magic Number
  128 |     expect(
  129 |       $stars
  130 |         .at(0)"
/home/gabriel/Disk/Research/research-javascript-test-smells/repositories/bootstrap-vue-dev/src/components/form-rating/form-rating.spec.js,Magic Number,"{'line': 165, 'column': 39, 'index': 4950}","  163 |     expect(wrapper.emitted('change')).toBeUndefined()
  164 |
> 165 |     expect(wrapper.vm.localValue).toBe(3.5)
      |                                       ^ Magic Number
  166 |     expect(
  167 |       $stars
  168 |         .at(0)"
/home/gabriel/Disk/Research/research-javascript-test-smells/repositories/bootstrap-vue-dev/src/components/form-rating/form-rating.spec.js,Magic Number,"{'line': 203, 'column': 39, 'index': 5691}","  201 |     expect(wrapper.emitted('change')).toBeUndefined()
  202 |
> 203 |     expect(wrapper.vm.localValue).toBe(1)
      |                                       ^ Magic Number
  204 |     expect(
  205 |       $stars
  206 |         .at(0)"
/home/gabriel/Disk/Research/research-javascript-test-smells/repositories/bootstrap-vue-dev/src/components/form-rating/form-rating.spec.js,Magic Number,"{'line': 238, 'column': 50, 'index': 6423}","  236 |     await $stars.at(4).trigger('click')
  237 |     expect(wrapper.emitted('change')).toBeDefined()
> 238 |     expect(wrapper.emitted('change').length).toBe(1)
      |                                                  ^ Magic Number
  239 |     expect(wrapper.emitted('change')[0][0]).toBe(5)
  240 |     expect(wrapper.vm.localValue).toBe(5)
  241 |     expect("
/home/gabriel/Disk/Research/research-javascript-test-smells/repositories/bootstrap-vue-dev/src/components/form-rating/form-rating.spec.js,Magic Number,"{'line': 239, 'column': 49, 'index': 6475}","  237 |     expect(wrapper.emitted('change')).toBeDefined()
  238 |     expect(wrapper.emitted('change').length).toBe(1)
> 239 |     expect(wrapper.emitted('change')[0][0]).toBe(5)
      |                                                 ^ Magic Number
  240 |     expect(wrapper.vm.localValue).toBe(5)
  241 |     expect(
  242 |       $stars"
/home/gabriel/Disk/Research/research-javascript-test-smells/repositories/bootstrap-vue-dev/src/components/form-rating/form-rating.spec.js,Magic Number,"{'line': 240, 'column': 39, 'index': 6517}","  238 |     expect(wrapper.emitted('change').length).toBe(1)
  239 |     expect(wrapper.emitted('change')[0][0]).toBe(5)
> 240 |     expect(wrapper.vm.localValue).toBe(5)
      |                                       ^ Magic Number
  241 |     expect(
  242 |       $stars
  243 |         .at(0)"
/home/gabriel/Disk/Research/research-javascript-test-smells/repositories/bootstrap-vue-dev/src/components/form-rating/form-rating.spec.js,Magic Number,"{'line': 274, 'column': 50, 'index': 7193}","  272 |     // Click 2nd star
  273 |     await $stars.at(1).trigger('click')
> 274 |     expect(wrapper.emitted('change').length).toBe(2)
      |                                                  ^ Magic Number
  275 |     expect(wrapper.emitted('change')[1][0]).toBe(2)
  276 |     expect(wrapper.vm.localValue).toBe(2)
  277 |     expect("
/home/gabriel/Disk/Research/research-javascript-test-smells/repositories/bootstrap-vue-dev/src/components/form-rating/form-rating.spec.js,Magic Number,"{'line': 275, 'column': 49, 'index': 7245}","  273 |     await $stars.at(1).trigger('click')
  274 |     expect(wrapper.emitted('change').length).toBe(2)
> 275 |     expect(wrapper.emitted('change')[1][0]).toBe(2)
      |                                                 ^ Magic Number
  276 |     expect(wrapper.vm.localValue).toBe(2)
  277 |     expect(
  278 |       $stars"
/home/gabriel/Disk/Research/research-javascript-test-smells/repositories/bootstrap-vue-dev/src/components/form-rating/form-rating.spec.js,Magic Number,"{'line': 276, 'column': 39, 'index': 7287}","  274 |     expect(wrapper.emitted('change').length).toBe(2)
  275 |     expect(wrapper.emitted('change')[1][0]).toBe(2)
> 276 |     expect(wrapper.vm.localValue).toBe(2)
      |                                       ^ Magic Number
  277 |     expect(
  278 |       $stars
  279 |         .at(0)"
/home/gabriel/Disk/Research/research-javascript-test-smells/repositories/bootstrap-vue-dev/src/components/form-rating/form-rating.spec.js,Magic Number,"{'line': 324, 'column': 31, 'index': 8259}","  322 |     const $stars = wrapper.findAll('.b-rating-star')
  323 |     // The clear button is a ""star""
> 324 |     expect($stars.length).toBe(6)
      |                               ^ Magic Number
  325 |     expect($stars.at(0).element.matches('.b-rating-star-clear')).toBe(true)
  326 |     expect($stars.at(1).element.matches('.b-rating-star-clear')).toBe(false)
  327 |"
/home/gabriel/Disk/Research/research-javascript-test-smells/repositories/bootstrap-vue-dev/src/components/form-rating/form-rating.spec.js,Magic Number,"{'line': 334, 'column': 50, 'index': 8702}","  332 |     await $clear.trigger('click')
  333 |     expect(wrapper.emitted('change')).toBeDefined()
> 334 |     expect(wrapper.emitted('change').length).toBe(1)
      |                                                  ^ Magic Number
  335 |     expect(wrapper.emitted('change')[0][0]).toEqual(null)
  336 |
  337 |     wrapper.destroy()"
/home/gabriel/Disk/Research/research-javascript-test-smells/repositories/bootstrap-vue-dev/src/components/form-rating/form-rating.spec.js,Magic Number,"{'line': 354, 'column': 31, 'index': 9181}","  352 |
  353 |     const $stars = wrapper.findAll('.b-rating-star')
> 354 |     expect($stars.length).toBe(5)
      |                               ^ Magic Number
  355 |
  356 |     const $value = wrapper.find('.b-rating-value')
  357 |     expect($value.exists()).toBe(true)"
/home/gabriel/Disk/Research/research-javascript-test-smells/repositories/bootstrap-vue-dev/src/components/form-rating/form-rating.spec.js,Magic Number,"{'line': 392, 'column': 31, 'index': 10041}","  390 |
  391 |     const $stars = wrapper.findAll('.b-rating-star')
> 392 |     expect($stars.length).toBe(5)
      |                               ^ Magic Number
  393 |
  394 |     const $value = wrapper.find('.b-rating-value')
  395 |     expect($value.exists()).toBe(true)"
/home/gabriel/Disk/Research/research-javascript-test-smells/repositories/bootstrap-vue-dev/src/components/form-radio/form-radio.spec.js,Duplicate Assert,"{'line': 39, 'column': 4, 'index': 1061}","  37 |     })
  38 |     expect(wrapper.classes().length).toEqual(2)
> 39 |     expect(wrapper.classes()).toContain('custom-control')
     |    ^ Duplicate Assert
  40 |     expect(wrapper.classes()).toContain('custom-radio')
  41 |
  42 |     wrapper.destroy()"
/home/gabriel/Disk/Research/research-javascript-test-smells/repositories/bootstrap-vue-dev/src/components/form-radio/form-radio.spec.js,Duplicate Assert,"{'line': 40, 'column': 4, 'index': 1119}","  38 |     expect(wrapper.classes().length).toEqual(2)
  39 |     expect(wrapper.classes()).toContain('custom-control')
> 40 |     expect(wrapper.classes()).toContain('custom-radio')
     |    ^ Duplicate Assert
  41 |
  42 |     wrapper.destroy()
  43 |   })"
/home/gabriel/Disk/Research/research-javascript-test-smells/repositories/bootstrap-vue-dev/src/components/form-radio/form-radio.spec.js,Duplicate Assert,"{'line': 56, 'column': 4, 'index': 1459}","  54 |     })
  55 |     const input = wrapper.find('input')
> 56 |     expect(input.attributes('type')).toBeDefined()
     |    ^ Duplicate Assert
  57 |     expect(input.attributes('type')).toEqual('radio')
  58 |
  59 |     wrapper.destroy()"
/home/gabriel/Disk/Research/research-javascript-test-smells/repositories/bootstrap-vue-dev/src/components/form-radio/form-radio.spec.js,Duplicate Assert,"{'line': 57, 'column': 4, 'index': 1510}","  55 |     const input = wrapper.find('input')
  56 |     expect(input.attributes('type')).toBeDefined()
> 57 |     expect(input.attributes('type')).toEqual('radio')
     |    ^ Duplicate Assert
  58 |
  59 |     wrapper.destroy()
  60 |   })"
/home/gabriel/Disk/Research/research-javascript-test-smells/repositories/bootstrap-vue-dev/src/components/form-radio/form-radio.spec.js,Duplicate Assert,"{'line': 224, 'column': 4, 'index': 5330}","  222 |     })
  223 |     const input = wrapper.find('input')
> 224 |     expect(input.attributes('name')).toBeDefined()
      |    ^ Duplicate Assert
  225 |     expect(input.attributes('name')).toEqual('test')
  226 |
  227 |     wrapper.destroy()"
/home/gabriel/Disk/Research/research-javascript-test-smells/repositories/bootstrap-vue-dev/src/components/form-radio/form-radio.spec.js,Duplicate Assert,"{'line': 225, 'column': 4, 'index': 5381}","  223 |     const input = wrapper.find('input')
  224 |     expect(input.attributes('name')).toBeDefined()
> 225 |     expect(input.attributes('name')).toEqual('test')
      |    ^ Duplicate Assert
  226 |
  227 |     wrapper.destroy()
  228 |   })"
/home/gabriel/Disk/Research/research-javascript-test-smells/repositories/bootstrap-vue-dev/src/components/form-radio/form-radio.spec.js,Duplicate Assert,"{'line': 258, 'column': 4, 'index': 6105}","  256 |     })
  257 |     const input = wrapper.find('input')
> 258 |     expect(input.attributes('form')).toBeDefined()
      |    ^ Duplicate Assert
  259 |     expect(input.attributes('form')).toEqual('test')
  260 |
  261 |     wrapper.destroy()"
/home/gabriel/Disk/Research/research-javascript-test-smells/repositories/bootstrap-vue-dev/src/components/form-radio/form-radio.spec.js,Duplicate Assert,"{'line': 259, 'column': 4, 'index': 6156}","  257 |     const input = wrapper.find('input')
  258 |     expect(input.attributes('form')).toBeDefined()
> 259 |     expect(input.attributes('form')).toEqual('test')
      |    ^ Duplicate Assert
  260 |
  261 |     wrapper.destroy()
  262 |   })"
/home/gabriel/Disk/Research/research-javascript-test-smells/repositories/bootstrap-vue-dev/src/components/form-radio/form-radio.spec.js,Duplicate Assert,"{'line': 272, 'column': 4, 'index': 6463}","  270 |     })
  271 |     const input = wrapper.find('input')
> 272 |     expect(input.attributes('foo')).toBeDefined()
      |    ^ Duplicate Assert
  273 |     expect(input.attributes('foo')).toEqual('bar')
  274 |
  275 |     wrapper.destroy()"
/home/gabriel/Disk/Research/research-javascript-test-smells/repositories/bootstrap-vue-dev/src/components/form-radio/form-radio.spec.js,Duplicate Assert,"{'line': 273, 'column': 4, 'index': 6513}","  271 |     const input = wrapper.find('input')
  272 |     expect(input.attributes('foo')).toBeDefined()
> 273 |     expect(input.attributes('foo')).toEqual('bar')
      |    ^ Duplicate Assert
  274 |
  275 |     wrapper.destroy()
  276 |   })"
/home/gabriel/Disk/Research/research-javascript-test-smells/repositories/bootstrap-vue-dev/src/components/form-radio/form-radio.spec.js,Duplicate Assert,"{'line': 290, 'column': 4, 'index': 6911}","  288 |     })
  289 |     expect(wrapper.classes().length).toEqual(3)
> 290 |     expect(wrapper.classes()).toContain('custom-radio')
      |    ^ Duplicate Assert
  291 |     expect(wrapper.classes()).toContain('custom-control')
  292 |     expect(wrapper.classes()).toContain('custom-control-inline')
  293 |"
/home/gabriel/Disk/Research/research-javascript-test-smells/repositories/bootstrap-vue-dev/src/components/form-radio/form-radio.spec.js,Duplicate Assert,"{'line': 291, 'column': 4, 'index': 6967}","  289 |     expect(wrapper.classes().length).toEqual(3)
  290 |     expect(wrapper.classes()).toContain('custom-radio')
> 291 |     expect(wrapper.classes()).toContain('custom-control')
      |    ^ Duplicate Assert
  292 |     expect(wrapper.classes()).toContain('custom-control-inline')
  293 |
  294 |     wrapper.destroy()"
/home/gabriel/Disk/Research/research-javascript-test-smells/repositories/bootstrap-vue-dev/src/components/form-radio/form-radio.spec.js,Duplicate Assert,"{'line': 292, 'column': 4, 'index': 7025}","  290 |     expect(wrapper.classes()).toContain('custom-radio')
  291 |     expect(wrapper.classes()).toContain('custom-control')
> 292 |     expect(wrapper.classes()).toContain('custom-control-inline')
      |    ^ Duplicate Assert
  293 |
  294 |     wrapper.destroy()
  295 |   })"
/home/gabriel/Disk/Research/research-javascript-test-smells/repositories/bootstrap-vue-dev/src/components/form-radio/form-radio.spec.js,Duplicate Assert,"{'line': 309, 'column': 4, 'index': 7428}","  307 |     const input = wrapper.find('input')
  308 |     expect(input).toBeDefined()
> 309 |     expect(input.classes()).not.toContain('is-invalid')
      |    ^ Duplicate Assert
  310 |     expect(input.classes()).not.toContain('is-valid')
  311 |
  312 |     wrapper.destroy()"
/home/gabriel/Disk/Research/research-javascript-test-smells/repositories/bootstrap-vue-dev/src/components/form-radio/form-radio.spec.js,Duplicate Assert,"{'line': 310, 'column': 4, 'index': 7484}","  308 |     expect(input).toBeDefined()
  309 |     expect(input.classes()).not.toContain('is-invalid')
> 310 |     expect(input.classes()).not.toContain('is-valid')
      |    ^ Duplicate Assert
  311 |
  312 |     wrapper.destroy()
  313 |   })"
/home/gabriel/Disk/Research/research-javascript-test-smells/repositories/bootstrap-vue-dev/src/components/form-radio/form-radio.spec.js,Duplicate Assert,"{'line': 328, 'column': 4, 'index': 7902}","  326 |     const input = wrapper.find('input')
  327 |     expect(input).toBeDefined()
> 328 |     expect(input.classes()).not.toContain('is-invalid')
      |    ^ Duplicate Assert
  329 |     expect(input.classes()).not.toContain('is-valid')
  330 |
  331 |     wrapper.destroy()"
/home/gabriel/Disk/Research/research-javascript-test-smells/repositories/bootstrap-vue-dev/src/components/form-radio/form-radio.spec.js,Duplicate Assert,"{'line': 329, 'column': 4, 'index': 7958}","  327 |     expect(input).toBeDefined()
  328 |     expect(input.classes()).not.toContain('is-invalid')
> 329 |     expect(input.classes()).not.toContain('is-valid')
      |    ^ Duplicate Assert
  330 |
  331 |     wrapper.destroy()
  332 |   })"
/home/gabriel/Disk/Research/research-javascript-test-smells/repositories/bootstrap-vue-dev/src/components/form-radio/form-radio.spec.js,Duplicate Assert,"{'line': 347, 'column': 4, 'index': 8380}","  345 |     const input = wrapper.find('input')
  346 |     expect(input).toBeDefined()
> 347 |     expect(input.classes()).not.toContain('is-invalid')
      |    ^ Duplicate Assert
  348 |     expect(input.classes()).toContain('is-valid')
  349 |
  350 |     wrapper.destroy()"
/home/gabriel/Disk/Research/research-javascript-test-smells/repositories/bootstrap-vue-dev/src/components/form-radio/form-radio.spec.js,Duplicate Assert,"{'line': 348, 'column': 4, 'index': 8436}","  346 |     expect(input).toBeDefined()
  347 |     expect(input.classes()).not.toContain('is-invalid')
> 348 |     expect(input.classes()).toContain('is-valid')
      |    ^ Duplicate Assert
  349 |
  350 |     wrapper.destroy()
  351 |   })"
/home/gabriel/Disk/Research/research-javascript-test-smells/repositories/bootstrap-vue-dev/src/components/form-radio/form-radio.spec.js,Duplicate Assert,"{'line': 366, 'column': 4, 'index': 8858}","  364 |     const input = wrapper.find('input')
  365 |     expect(input).toBeDefined()
> 366 |     expect(input.classes()).toContain('is-invalid')
      |    ^ Duplicate Assert
  367 |     expect(input.classes()).not.toContain('is-valid')
  368 |
  369 |     wrapper.destroy()"
/home/gabriel/Disk/Research/research-javascript-test-smells/repositories/bootstrap-vue-dev/src/components/form-radio/form-radio.spec.js,Duplicate Assert,"{'line': 367, 'column': 4, 'index': 8910}","  365 |     expect(input).toBeDefined()
  366 |     expect(input.classes()).toContain('is-invalid')
> 367 |     expect(input.classes()).not.toContain('is-valid')
      |    ^ Duplicate Assert
  368 |
  369 |     wrapper.destroy()
  370 |   })"
/home/gabriel/Disk/Research/research-javascript-test-smells/repositories/bootstrap-vue-dev/src/components/form-radio/form-radio.spec.js,Duplicate Assert,"{'line': 424, 'column': 4, 'index': 10223}","  422 |     })
  423 |     const input = wrapper.find('input')
> 424 |     expect(input.attributes('type')).toBeDefined()
      |    ^ Duplicate Assert
  425 |     expect(input.attributes('type')).toEqual('radio')
  426 |
  427 |     wrapper.destroy()"
/home/gabriel/Disk/Research/research-javascript-test-smells/repositories/bootstrap-vue-dev/src/components/form-radio/form-radio.spec.js,Duplicate Assert,"{'line': 425, 'column': 4, 'index': 10274}","  423 |     const input = wrapper.find('input')
  424 |     expect(input.attributes('type')).toBeDefined()
> 425 |     expect(input.attributes('type')).toEqual('radio')
      |    ^ Duplicate Assert
  426 |
  427 |     wrapper.destroy()
  428 |   })"
/home/gabriel/Disk/Research/research-javascript-test-smells/repositories/bootstrap-vue-dev/src/components/form-radio/form-radio.spec.js,Duplicate Assert,"{'line': 496, 'column': 4, 'index': 11882}","  494 |     const input = wrapper.find('input')
  495 |     expect(input).toBeDefined()
> 496 |     expect(input.classes()).not.toContain('is-invalid')
      |    ^ Duplicate Assert
  497 |     expect(input.classes()).not.toContain('is-valid')
  498 |
  499 |     wrapper.destroy()"
/home/gabriel/Disk/Research/research-javascript-test-smells/repositories/bootstrap-vue-dev/src/components/form-radio/form-radio.spec.js,Duplicate Assert,"{'line': 497, 'column': 4, 'index': 11938}","  495 |     expect(input).toBeDefined()
  496 |     expect(input.classes()).not.toContain('is-invalid')
> 497 |     expect(input.classes()).not.toContain('is-valid')
      |    ^ Duplicate Assert
  498 |
  499 |     wrapper.destroy()
  500 |   })"
/home/gabriel/Disk/Research/research-javascript-test-smells/repositories/bootstrap-vue-dev/src/components/form-radio/form-radio.spec.js,Duplicate Assert,"{'line': 516, 'column': 4, 'index': 12375}","  514 |     const input = wrapper.find('input')
  515 |     expect(input).toBeDefined()
> 516 |     expect(input.classes()).not.toContain('is-invalid')
      |    ^ Duplicate Assert
  517 |     expect(input.classes()).not.toContain('is-valid')
  518 |
  519 |     wrapper.destroy()"
/home/gabriel/Disk/Research/research-javascript-test-smells/repositories/bootstrap-vue-dev/src/components/form-radio/form-radio.spec.js,Duplicate Assert,"{'line': 517, 'column': 4, 'index': 12431}","  515 |     expect(input).toBeDefined()
  516 |     expect(input.classes()).not.toContain('is-invalid')
> 517 |     expect(input.classes()).not.toContain('is-valid')
      |    ^ Duplicate Assert
  518 |
  519 |     wrapper.destroy()
  520 |   })"
/home/gabriel/Disk/Research/research-javascript-test-smells/repositories/bootstrap-vue-dev/src/components/form-radio/form-radio.spec.js,Duplicate Assert,"{'line': 536, 'column': 4, 'index': 12872}","  534 |     const input = wrapper.find('input')
  535 |     expect(input).toBeDefined()
> 536 |     expect(input.classes()).not.toContain('is-invalid')
      |    ^ Duplicate Assert
  537 |     expect(input.classes()).toContain('is-valid')
  538 |
  539 |     wrapper.destroy()"
/home/gabriel/Disk/Research/research-javascript-test-smells/repositories/bootstrap-vue-dev/src/components/form-radio/form-radio.spec.js,Duplicate Assert,"{'line': 537, 'column': 4, 'index': 12928}","  535 |     expect(input).toBeDefined()
  536 |     expect(input.classes()).not.toContain('is-invalid')
> 537 |     expect(input.classes()).toContain('is-valid')
      |    ^ Duplicate Assert
  538 |
  539 |     wrapper.destroy()
  540 |   })"
/home/gabriel/Disk/Research/research-javascript-test-smells/repositories/bootstrap-vue-dev/src/components/form-radio/form-radio.spec.js,Duplicate Assert,"{'line': 556, 'column': 4, 'index': 13369}","  554 |     const input = wrapper.find('input')
  555 |     expect(input).toBeDefined()
> 556 |     expect(input.classes()).toContain('is-invalid')
      |    ^ Duplicate Assert
  557 |     expect(input.classes()).not.toContain('is-valid')
  558 |
  559 |     wrapper.destroy()"
/home/gabriel/Disk/Research/research-javascript-test-smells/repositories/bootstrap-vue-dev/src/components/form-radio/form-radio.spec.js,Duplicate Assert,"{'line': 557, 'column': 4, 'index': 13421}","  555 |     expect(input).toBeDefined()
  556 |     expect(input.classes()).toContain('is-invalid')
> 557 |     expect(input.classes()).not.toContain('is-valid')
      |    ^ Duplicate Assert
  558 |
  559 |     wrapper.destroy()
  560 |   })"
/home/gabriel/Disk/Research/research-javascript-test-smells/repositories/bootstrap-vue-dev/src/components/form-radio/form-radio.spec.js,Duplicate Assert,"{'line': 599, 'column': 4, 'index': 14512}","  597 |     })
  598 |     expect(wrapper.classes().length).toEqual(2)
> 599 |     expect(wrapper.classes()).toContain('btn-group-toggle')
      |    ^ Duplicate Assert
  600 |     expect(wrapper.classes()).toContain('d-inline-block')
  601 |
  602 |     wrapper.destroy()"
/home/gabriel/Disk/Research/research-javascript-test-smells/repositories/bootstrap-vue-dev/src/components/form-radio/form-radio.spec.js,Duplicate Assert,"{'line': 600, 'column': 4, 'index': 14572}","  598 |     expect(wrapper.classes().length).toEqual(2)
  599 |     expect(wrapper.classes()).toContain('btn-group-toggle')
> 600 |     expect(wrapper.classes()).toContain('d-inline-block')
      |    ^ Duplicate Assert
  601 |
  602 |     wrapper.destroy()
  603 |   })"
/home/gabriel/Disk/Research/research-javascript-test-smells/repositories/bootstrap-vue-dev/src/components/form-radio/form-radio.spec.js,Duplicate Assert,"{'line': 619, 'column': 4, 'index': 15059}","  617 |     expect(label).toBeDefined()
  618 |     expect(label.classes().length).toEqual(2)
> 619 |     expect(label.classes()).not.toContain('active')
      |    ^ Duplicate Assert
  620 |     expect(label.classes()).not.toContain('focus')
  621 |     expect(label.classes()).toContain('btn')
  622 |     expect(label.classes()).toContain('btn-secondary')"
/home/gabriel/Disk/Research/research-javascript-test-smells/repositories/bootstrap-vue-dev/src/components/form-radio/form-radio.spec.js,Duplicate Assert,"{'line': 620, 'column': 4, 'index': 15111}","  618 |     expect(label.classes().length).toEqual(2)
  619 |     expect(label.classes()).not.toContain('active')
> 620 |     expect(label.classes()).not.toContain('focus')
      |    ^ Duplicate Assert
  621 |     expect(label.classes()).toContain('btn')
  622 |     expect(label.classes()).toContain('btn-secondary')
  623 |"
/home/gabriel/Disk/Research/research-javascript-test-smells/repositories/bootstrap-vue-dev/src/components/form-radio/form-radio.spec.js,Duplicate Assert,"{'line': 621, 'column': 4, 'index': 15162}","  619 |     expect(label.classes()).not.toContain('active')
  620 |     expect(label.classes()).not.toContain('focus')
> 621 |     expect(label.classes()).toContain('btn')
      |    ^ Duplicate Assert
  622 |     expect(label.classes()).toContain('btn-secondary')
  623 |
  624 |     wrapper.destroy()"
/home/gabriel/Disk/Research/research-javascript-test-smells/repositories/bootstrap-vue-dev/src/components/form-radio/form-radio.spec.js,Duplicate Assert,"{'line': 622, 'column': 4, 'index': 15207}","  620 |     expect(label.classes()).not.toContain('focus')
  621 |     expect(label.classes()).toContain('btn')
> 622 |     expect(label.classes()).toContain('btn-secondary')
      |    ^ Duplicate Assert
  623 |
  624 |     wrapper.destroy()
  625 |   })"
/home/gabriel/Disk/Research/research-javascript-test-smells/repositories/bootstrap-vue-dev/src/components/form-radio/form-radio.spec.js,Duplicate Assert,"{'line': 641, 'column': 4, 'index': 15709}","  639 |     expect(label).toBeDefined()
  640 |     expect(label.classes().length).toEqual(3)
> 641 |     expect(label.classes()).not.toContain('focus')
      |    ^ Duplicate Assert
  642 |     expect(label.classes()).toContain('btn')
  643 |     expect(label.classes()).toContain('btn-secondary')
  644 |     expect(label.classes()).toContain('active')"
/home/gabriel/Disk/Research/research-javascript-test-smells/repositories/bootstrap-vue-dev/src/components/form-radio/form-radio.spec.js,Duplicate Assert,"{'line': 642, 'column': 4, 'index': 15760}","  640 |     expect(label.classes().length).toEqual(3)
  641 |     expect(label.classes()).not.toContain('focus')
> 642 |     expect(label.classes()).toContain('btn')
      |    ^ Duplicate Assert
  643 |     expect(label.classes()).toContain('btn-secondary')
  644 |     expect(label.classes()).toContain('active')
  645 |"
/home/gabriel/Disk/Research/research-javascript-test-smells/repositories/bootstrap-vue-dev/src/components/form-radio/form-radio.spec.js,Duplicate Assert,"{'line': 643, 'column': 4, 'index': 15805}","  641 |     expect(label.classes()).not.toContain('focus')
  642 |     expect(label.classes()).toContain('btn')
> 643 |     expect(label.classes()).toContain('btn-secondary')
      |    ^ Duplicate Assert
  644 |     expect(label.classes()).toContain('active')
  645 |
  646 |     wrapper.destroy()"
/home/gabriel/Disk/Research/research-javascript-test-smells/repositories/bootstrap-vue-dev/src/components/form-radio/form-radio.spec.js,Duplicate Assert,"{'line': 644, 'column': 4, 'index': 15860}","  642 |     expect(label.classes()).toContain('btn')
  643 |     expect(label.classes()).toContain('btn-secondary')
> 644 |     expect(label.classes()).toContain('active')
      |    ^ Duplicate Assert
  645 |
  646 |     wrapper.destroy()
  647 |   })"
/home/gabriel/Disk/Research/research-javascript-test-smells/repositories/bootstrap-vue-dev/src/components/form-radio/form-radio.spec.js,Duplicate Assert,"{'line': 664, 'column': 4, 'index': 16354}","  662 |     const input = wrapper.find('input')
  663 |     expect(input).toBeDefined()
> 664 |     expect(label.classes().length).toEqual(2)
      |    ^ Duplicate Assert
  665 |     expect(label.classes()).not.toContain('focus')
  666 |     expect(label.classes()).not.toContain('active')
  667 |     expect(label.classes()).toContain('btn')"
/home/gabriel/Disk/Research/research-javascript-test-smells/repositories/bootstrap-vue-dev/src/components/form-radio/form-radio.spec.js,Duplicate Assert,"{'line': 665, 'column': 4, 'index': 16400}","  663 |     expect(input).toBeDefined()
  664 |     expect(label.classes().length).toEqual(2)
> 665 |     expect(label.classes()).not.toContain('focus')
      |    ^ Duplicate Assert
  666 |     expect(label.classes()).not.toContain('active')
  667 |     expect(label.classes()).toContain('btn')
  668 |     expect(label.classes()).toContain('btn-secondary')"
/home/gabriel/Disk/Research/research-javascript-test-smells/repositories/bootstrap-vue-dev/src/components/form-radio/form-radio.spec.js,Duplicate Assert,"{'line': 666, 'column': 4, 'index': 16451}","  664 |     expect(label.classes().length).toEqual(2)
  665 |     expect(label.classes()).not.toContain('focus')
> 666 |     expect(label.classes()).not.toContain('active')
      |    ^ Duplicate Assert
  667 |     expect(label.classes()).toContain('btn')
  668 |     expect(label.classes()).toContain('btn-secondary')
  669 |     await input.setChecked(true)"
/home/gabriel/Disk/Research/research-javascript-test-smells/repositories/bootstrap-vue-dev/src/components/form-radio/form-radio.spec.js,Duplicate Assert,"{'line': 667, 'column': 4, 'index': 16503}","  665 |     expect(label.classes()).not.toContain('focus')
  666 |     expect(label.classes()).not.toContain('active')
> 667 |     expect(label.classes()).toContain('btn')
      |    ^ Duplicate Assert
  668 |     expect(label.classes()).toContain('btn-secondary')
  669 |     await input.setChecked(true)
  670 |     expect(label.classes().length).toEqual(3)"
/home/gabriel/Disk/Research/research-javascript-test-smells/repositories/bootstrap-vue-dev/src/components/form-radio/form-radio.spec.js,Duplicate Assert,"{'line': 667, 'column': 4, 'index': 16503}","  665 |     expect(label.classes()).not.toContain('focus')
  666 |     expect(label.classes()).not.toContain('active')
> 667 |     expect(label.classes()).toContain('btn')
      |    ^ Duplicate Assert
  668 |     expect(label.classes()).toContain('btn-secondary')
  669 |     await input.setChecked(true)
  670 |     expect(label.classes().length).toEqual(3)"
/home/gabriel/Disk/Research/research-javascript-test-smells/repositories/bootstrap-vue-dev/src/components/form-radio/form-radio.spec.js,Duplicate Assert,"{'line': 668, 'column': 4, 'index': 16548}","  666 |     expect(label.classes()).not.toContain('active')
  667 |     expect(label.classes()).toContain('btn')
> 668 |     expect(label.classes()).toContain('btn-secondary')
      |    ^ Duplicate Assert
  669 |     await input.setChecked(true)
  670 |     expect(label.classes().length).toEqual(3)
  671 |     expect(label.classes()).toContain('active')"
/home/gabriel/Disk/Research/research-javascript-test-smells/repositories/bootstrap-vue-dev/src/components/form-radio/form-radio.spec.js,Duplicate Assert,"{'line': 668, 'column': 4, 'index': 16548}","  666 |     expect(label.classes()).not.toContain('active')
  667 |     expect(label.classes()).toContain('btn')
> 668 |     expect(label.classes()).toContain('btn-secondary')
      |    ^ Duplicate Assert
  669 |     await input.setChecked(true)
  670 |     expect(label.classes().length).toEqual(3)
  671 |     expect(label.classes()).toContain('active')"
/home/gabriel/Disk/Research/research-javascript-test-smells/repositories/bootstrap-vue-dev/src/components/form-radio/form-radio.spec.js,Duplicate Assert,"{'line': 670, 'column': 4, 'index': 16636}","  668 |     expect(label.classes()).toContain('btn-secondary')
  669 |     await input.setChecked(true)
> 670 |     expect(label.classes().length).toEqual(3)
      |    ^ Duplicate Assert
  671 |     expect(label.classes()).toContain('active')
  672 |     expect(label.classes()).toContain('btn')
  673 |     expect(label.classes()).toContain('btn-secondary')"
/home/gabriel/Disk/Research/research-javascript-test-smells/repositories/bootstrap-vue-dev/src/components/form-radio/form-radio.spec.js,Duplicate Assert,"{'line': 671, 'column': 4, 'index': 16682}","  669 |     await input.setChecked(true)
  670 |     expect(label.classes().length).toEqual(3)
> 671 |     expect(label.classes()).toContain('active')
      |    ^ Duplicate Assert
  672 |     expect(label.classes()).toContain('btn')
  673 |     expect(label.classes()).toContain('btn-secondary')
  674 |"
/home/gabriel/Disk/Research/research-javascript-test-smells/repositories/bootstrap-vue-dev/src/components/form-radio/form-radio.spec.js,Duplicate Assert,"{'line': 672, 'column': 4, 'index': 16730}","  670 |     expect(label.classes().length).toEqual(3)
  671 |     expect(label.classes()).toContain('active')
> 672 |     expect(label.classes()).toContain('btn')
      |    ^ Duplicate Assert
  673 |     expect(label.classes()).toContain('btn-secondary')
  674 |
  675 |     wrapper.destroy()"
/home/gabriel/Disk/Research/research-javascript-test-smells/repositories/bootstrap-vue-dev/src/components/form-radio/form-radio.spec.js,Duplicate Assert,"{'line': 672, 'column': 4, 'index': 16730}","  670 |     expect(label.classes().length).toEqual(3)
  671 |     expect(label.classes()).toContain('active')
> 672 |     expect(label.classes()).toContain('btn')
      |    ^ Duplicate Assert
  673 |     expect(label.classes()).toContain('btn-secondary')
  674 |
  675 |     wrapper.destroy()"
/home/gabriel/Disk/Research/research-javascript-test-smells/repositories/bootstrap-vue-dev/src/components/form-radio/form-radio.spec.js,Duplicate Assert,"{'line': 673, 'column': 4, 'index': 16775}","  671 |     expect(label.classes()).toContain('active')
  672 |     expect(label.classes()).toContain('btn')
> 673 |     expect(label.classes()).toContain('btn-secondary')
      |    ^ Duplicate Assert
  674 |
  675 |     wrapper.destroy()
  676 |   })"
/home/gabriel/Disk/Research/research-javascript-test-smells/repositories/bootstrap-vue-dev/src/components/form-radio/form-radio.spec.js,Duplicate Assert,"{'line': 673, 'column': 4, 'index': 16775}","  671 |     expect(label.classes()).toContain('active')
  672 |     expect(label.classes()).toContain('btn')
> 673 |     expect(label.classes()).toContain('btn-secondary')
      |    ^ Duplicate Assert
  674 |
  675 |     wrapper.destroy()
  676 |   })"
/home/gabriel/Disk/Research/research-javascript-test-smells/repositories/bootstrap-vue-dev/src/components/form-radio/form-radio.spec.js,Duplicate Assert,"{'line': 695, 'column': 4, 'index': 17272}","  693 |
  694 |     const input = wrapper.find('input')
> 695 |     expect(label.classes().length).toEqual(2)
      |    ^ Duplicate Assert
  696 |     expect(label.classes()).not.toContain('focus')
  697 |     expect(label.classes()).not.toContain('active')
  698 |     expect(label.classes()).toContain('btn')"
/home/gabriel/Disk/Research/research-javascript-test-smells/repositories/bootstrap-vue-dev/src/components/form-radio/form-radio.spec.js,Duplicate Assert,"{'line': 695, 'column': 4, 'index': 17272}","  693 |
  694 |     const input = wrapper.find('input')
> 695 |     expect(label.classes().length).toEqual(2)
      |    ^ Duplicate Assert
  696 |     expect(label.classes()).not.toContain('focus')
  697 |     expect(label.classes()).not.toContain('active')
  698 |     expect(label.classes()).toContain('btn')"
/home/gabriel/Disk/Research/research-javascript-test-smells/repositories/bootstrap-vue-dev/src/components/form-radio/form-radio.spec.js,Duplicate Assert,"{'line': 696, 'column': 4, 'index': 17318}","  694 |     const input = wrapper.find('input')
  695 |     expect(label.classes().length).toEqual(2)
> 696 |     expect(label.classes()).not.toContain('focus')
      |    ^ Duplicate Assert
  697 |     expect(label.classes()).not.toContain('active')
  698 |     expect(label.classes()).toContain('btn')
  699 |     expect(label.classes()).toContain('btn-secondary')"
/home/gabriel/Disk/Research/research-javascript-test-smells/repositories/bootstrap-vue-dev/src/components/form-radio/form-radio.spec.js,Duplicate Assert,"{'line': 696, 'column': 4, 'index': 17318}","  694 |     const input = wrapper.find('input')
  695 |     expect(label.classes().length).toEqual(2)
> 696 |     expect(label.classes()).not.toContain('focus')
      |    ^ Duplicate Assert
  697 |     expect(label.classes()).not.toContain('active')
  698 |     expect(label.classes()).toContain('btn')
  699 |     expect(label.classes()).toContain('btn-secondary')"
/home/gabriel/Disk/Research/research-javascript-test-smells/repositories/bootstrap-vue-dev/src/components/form-radio/form-radio.spec.js,Duplicate Assert,"{'line': 697, 'column': 4, 'index': 17369}","  695 |     expect(label.classes().length).toEqual(2)
  696 |     expect(label.classes()).not.toContain('focus')
> 697 |     expect(label.classes()).not.toContain('active')
      |    ^ Duplicate Assert
  698 |     expect(label.classes()).toContain('btn')
  699 |     expect(label.classes()).toContain('btn-secondary')
  700 |     expect(input).toBeDefined()"
/home/gabriel/Disk/Research/research-javascript-test-smells/repositories/bootstrap-vue-dev/src/components/form-radio/form-radio.spec.js,Duplicate Assert,"{'line': 698, 'column': 4, 'index': 17421}","  696 |     expect(label.classes()).not.toContain('focus')
  697 |     expect(label.classes()).not.toContain('active')
> 698 |     expect(label.classes()).toContain('btn')
      |    ^ Duplicate Assert
  699 |     expect(label.classes()).toContain('btn-secondary')
  700 |     expect(input).toBeDefined()
  701 |"
/home/gabriel/Disk/Research/research-javascript-test-smells/repositories/bootstrap-vue-dev/src/components/form-radio/form-radio.spec.js,Duplicate Assert,"{'line': 699, 'column': 4, 'index': 17466}","  697 |     expect(label.classes()).not.toContain('active')
  698 |     expect(label.classes()).toContain('btn')
> 699 |     expect(label.classes()).toContain('btn-secondary')
      |    ^ Duplicate Assert
  700 |     expect(input).toBeDefined()
  701 |
  702 |     await input.trigger('focus')"
/home/gabriel/Disk/Research/research-javascript-test-smells/repositories/bootstrap-vue-dev/src/components/form-radio/form-radio.spec.js,Duplicate Assert,"{'line': 703, 'column': 4, 'index': 17587}","  701 |
  702 |     await input.trigger('focus')
> 703 |     expect(label.classes().length).toEqual(3)
      |    ^ Duplicate Assert
  704 |     expect(label.classes()).toContain('focus')
  705 |
  706 |     await input.trigger('blur')"
/home/gabriel/Disk/Research/research-javascript-test-smells/repositories/bootstrap-vue-dev/src/components/form-radio/form-radio.spec.js,Duplicate Assert,"{'line': 704, 'column': 4, 'index': 17633}","  702 |     await input.trigger('focus')
  703 |     expect(label.classes().length).toEqual(3)
> 704 |     expect(label.classes()).toContain('focus')
      |    ^ Duplicate Assert
  705 |
  706 |     await input.trigger('blur')
  707 |     expect(label.classes().length).toEqual(2)"
/home/gabriel/Disk/Research/research-javascript-test-smells/repositories/bootstrap-vue-dev/src/components/form-radio/form-radio.spec.js,Duplicate Assert,"{'line': 707, 'column': 4, 'index': 17713}","  705 |
  706 |     await input.trigger('blur')
> 707 |     expect(label.classes().length).toEqual(2)
      |    ^ Duplicate Assert
  708 |     expect(label.classes()).not.toContain('focus')
  709 |
  710 |     wrapper.destroy()"
/home/gabriel/Disk/Research/research-javascript-test-smells/repositories/bootstrap-vue-dev/src/components/form-radio/form-radio.spec.js,Duplicate Assert,"{'line': 707, 'column': 4, 'index': 17713}","  705 |
  706 |     await input.trigger('blur')
> 707 |     expect(label.classes().length).toEqual(2)
      |    ^ Duplicate Assert
  708 |     expect(label.classes()).not.toContain('focus')
  709 |
  710 |     wrapper.destroy()"
/home/gabriel/Disk/Research/research-javascript-test-smells/repositories/bootstrap-vue-dev/src/components/form-radio/form-radio.spec.js,Duplicate Assert,"{'line': 708, 'column': 4, 'index': 17759}","  706 |     await input.trigger('blur')
  707 |     expect(label.classes().length).toEqual(2)
> 708 |     expect(label.classes()).not.toContain('focus')
      |    ^ Duplicate Assert
  709 |
  710 |     wrapper.destroy()
  711 |   })"
/home/gabriel/Disk/Research/research-javascript-test-smells/repositories/bootstrap-vue-dev/src/components/form-radio/form-radio.spec.js,Duplicate Assert,"{'line': 708, 'column': 4, 'index': 17759}","  706 |     await input.trigger('blur')
  707 |     expect(label.classes().length).toEqual(2)
> 708 |     expect(label.classes()).not.toContain('focus')
      |    ^ Duplicate Assert
  709 |
  710 |     wrapper.destroy()
  711 |   })"
/home/gabriel/Disk/Research/research-javascript-test-smells/repositories/bootstrap-vue-dev/src/components/form-radio/form-radio.spec.js,Duplicate Assert,"{'line': 728, 'column': 4, 'index': 18277}","  726 |     expect(label).toBeDefined()
  727 |     expect(label.classes().length).toEqual(2)
> 728 |     expect(label.classes()).not.toContain('focus')
      |    ^ Duplicate Assert
  729 |     expect(label.classes()).not.toContain('active')
  730 |     expect(label.classes()).not.toContain('btn-secondary')
  731 |     expect(label.classes()).toContain('btn')"
/home/gabriel/Disk/Research/research-javascript-test-smells/repositories/bootstrap-vue-dev/src/components/form-radio/form-radio.spec.js,Duplicate Assert,"{'line': 729, 'column': 4, 'index': 18328}","  727 |     expect(label.classes().length).toEqual(2)
  728 |     expect(label.classes()).not.toContain('focus')
> 729 |     expect(label.classes()).not.toContain('active')
      |    ^ Duplicate Assert
  730 |     expect(label.classes()).not.toContain('btn-secondary')
  731 |     expect(label.classes()).toContain('btn')
  732 |     expect(label.classes()).toContain('btn-primary')"
/home/gabriel/Disk/Research/research-javascript-test-smells/repositories/bootstrap-vue-dev/src/components/form-radio/form-radio.spec.js,Duplicate Assert,"{'line': 730, 'column': 4, 'index': 18380}","  728 |     expect(label.classes()).not.toContain('focus')
  729 |     expect(label.classes()).not.toContain('active')
> 730 |     expect(label.classes()).not.toContain('btn-secondary')
      |    ^ Duplicate Assert
  731 |     expect(label.classes()).toContain('btn')
  732 |     expect(label.classes()).toContain('btn-primary')
  733 |"
/home/gabriel/Disk/Research/research-javascript-test-smells/repositories/bootstrap-vue-dev/src/components/form-radio/form-radio.spec.js,Duplicate Assert,"{'line': 731, 'column': 4, 'index': 18439}","  729 |     expect(label.classes()).not.toContain('active')
  730 |     expect(label.classes()).not.toContain('btn-secondary')
> 731 |     expect(label.classes()).toContain('btn')
      |    ^ Duplicate Assert
  732 |     expect(label.classes()).toContain('btn-primary')
  733 |
  734 |     wrapper.destroy()"
/home/gabriel/Disk/Research/research-javascript-test-smells/repositories/bootstrap-vue-dev/src/components/form-radio/form-radio.spec.js,Duplicate Assert,"{'line': 732, 'column': 4, 'index': 18484}","  730 |     expect(label.classes()).not.toContain('btn-secondary')
  731 |     expect(label.classes()).toContain('btn')
> 732 |     expect(label.classes()).toContain('btn-primary')
      |    ^ Duplicate Assert
  733 |
  734 |     wrapper.destroy()
  735 |   })"
/home/gabriel/Disk/Research/research-javascript-test-smells/repositories/bootstrap-vue-dev/src/components/form-radio/form-radio.spec.js,Duplicate Assert,"{'line': 750, 'column': 4, 'index': 18883}","  748 |     })
  749 |     expect(wrapper.vm).toBeDefined()
> 750 |     expect(wrapper.vm.localChecked).toBeDefined()
      |    ^ Duplicate Assert
  751 |     expect(wrapper.vm.localChecked).toBe('')
  752 |
  753 |     wrapper.destroy()"
/home/gabriel/Disk/Research/research-javascript-test-smells/repositories/bootstrap-vue-dev/src/components/form-radio/form-radio.spec.js,Duplicate Assert,"{'line': 751, 'column': 4, 'index': 18933}","  749 |     expect(wrapper.vm).toBeDefined()
  750 |     expect(wrapper.vm.localChecked).toBeDefined()
> 751 |     expect(wrapper.vm.localChecked).toBe('')
      |    ^ Duplicate Assert
  752 |
  753 |     wrapper.destroy()
  754 |   })"
/home/gabriel/Disk/Research/research-javascript-test-smells/repositories/bootstrap-vue-dev/src/components/form-radio/form-radio.spec.js,Duplicate Assert,"{'line': 767, 'column': 4, 'index': 19301}","  765 |     })
  766 |     expect(wrapper.vm).toBeDefined()
> 767 |     expect(wrapper.vm.localChecked).toBeDefined()
      |    ^ Duplicate Assert
  768 |     expect(wrapper.vm.localChecked).toEqual('bar')
  769 |
  770 |     wrapper.destroy()"
/home/gabriel/Disk/Research/research-javascript-test-smells/repositories/bootstrap-vue-dev/src/components/form-radio/form-radio.spec.js,Duplicate Assert,"{'line': 768, 'column': 4, 'index': 19351}","  766 |     expect(wrapper.vm).toBeDefined()
  767 |     expect(wrapper.vm.localChecked).toBeDefined()
> 768 |     expect(wrapper.vm.localChecked).toEqual('bar')
      |    ^ Duplicate Assert
  769 |
  770 |     wrapper.destroy()
  771 |   })"
/home/gabriel/Disk/Research/research-javascript-test-smells/repositories/bootstrap-vue-dev/src/components/form-radio/form-radio.spec.js,Duplicate Assert,"{'line': 784, 'column': 4, 'index': 19733}","  782 |     })
  783 |     expect(wrapper.vm).toBeDefined()
> 784 |     expect(wrapper.vm.localChecked).toBeDefined()
      |    ^ Duplicate Assert
  785 |     expect(wrapper.vm.localChecked).toBe('')
  786 |     await wrapper.setProps({
  787 |       checked: 'bar'"
/home/gabriel/Disk/Research/research-javascript-test-smells/repositories/bootstrap-vue-dev/src/components/form-radio/form-radio.spec.js,Duplicate Assert,"{'line': 785, 'column': 4, 'index': 19783}","  783 |     expect(wrapper.vm).toBeDefined()
  784 |     expect(wrapper.vm.localChecked).toBeDefined()
> 785 |     expect(wrapper.vm.localChecked).toBe('')
      |    ^ Duplicate Assert
  786 |     await wrapper.setProps({
  787 |       checked: 'bar'
  788 |     })"
/home/gabriel/Disk/Research/research-javascript-test-smells/repositories/bootstrap-vue-dev/src/components/form-radio/form-radio.spec.js,Duplicate Assert,"{'line': 789, 'column': 4, 'index': 19885}","  787 |       checked: 'bar'
  788 |     })
> 789 |     expect(wrapper.vm.localChecked).toEqual('bar')
      |    ^ Duplicate Assert
  790 |     expect(wrapper.emitted('input')).toBeDefined()
  791 |     const last = wrapper.emitted('input').length - 1
  792 |     expect(wrapper.emitted('input')[last]).toBeDefined()"
/home/gabriel/Disk/Research/research-javascript-test-smells/repositories/bootstrap-vue-dev/src/components/form-radio/form-radio.spec.js,Duplicate Assert,"{'line': 811, 'column': 4, 'index': 20478}","  809 |
  810 |     expect(wrapper.vm).toBeDefined()
> 811 |     expect(wrapper.vm.localChecked).toBeDefined()
      |    ^ Duplicate Assert
  812 |     expect(wrapper.vm.localChecked).toBe('')
  813 |     expect(wrapper.emitted('change')).toBeUndefined()
  814 |"
/home/gabriel/Disk/Research/research-javascript-test-smells/repositories/bootstrap-vue-dev/src/components/form-radio/form-radio.spec.js,Duplicate Assert,"{'line': 812, 'column': 4, 'index': 20528}","  810 |     expect(wrapper.vm).toBeDefined()
  811 |     expect(wrapper.vm.localChecked).toBeDefined()
> 812 |     expect(wrapper.vm.localChecked).toBe('')
      |    ^ Duplicate Assert
  813 |     expect(wrapper.emitted('change')).toBeUndefined()
  814 |
  815 |     const input = wrapper.find('input')"
/home/gabriel/Disk/Research/research-javascript-test-smells/repositories/bootstrap-vue-dev/src/components/form-radio/form-radio.spec.js,Duplicate Assert,"{'line': 813, 'column': 4, 'index': 20573}","  811 |     expect(wrapper.vm.localChecked).toBeDefined()
  812 |     expect(wrapper.vm.localChecked).toBe('')
> 813 |     expect(wrapper.emitted('change')).toBeUndefined()
      |    ^ Duplicate Assert
  814 |
  815 |     const input = wrapper.find('input')
  816 |     expect(input).toBeDefined()"
/home/gabriel/Disk/Research/research-javascript-test-smells/repositories/bootstrap-vue-dev/src/components/form-radio/form-radio.spec.js,Duplicate Assert,"{'line': 819, 'column': 4, 'index': 20734}","  817 |
  818 |     await input.trigger('click')
> 819 |     expect(wrapper.emitted('change')).toBeDefined()
      |    ^ Duplicate Assert
  820 |     expect(wrapper.emitted('change').length).toBe(1)
  821 |     expect(wrapper.emitted('change')[0][0]).toEqual('bar')
  822 |"
/home/gabriel/Disk/Research/research-javascript-test-smells/repositories/bootstrap-vue-dev/src/components/form-radio/form-radio.spec.js,Duplicate Assert,"{'line': 839, 'column': 4, 'index': 21227}","  837 |
  838 |     expect(wrapper.vm).toBeDefined()
> 839 |     expect(wrapper.vm.localChecked).toBeDefined()
      |    ^ Duplicate Assert
  840 |     expect(wrapper.vm.localChecked).toEqual('')
  841 |
  842 |     const input = wrapper.find('input')"
/home/gabriel/Disk/Research/research-javascript-test-smells/repositories/bootstrap-vue-dev/src/components/form-radio/form-radio.spec.js,Duplicate Assert,"{'line': 840, 'column': 4, 'index': 21277}","  838 |     expect(wrapper.vm).toBeDefined()
  839 |     expect(wrapper.vm.localChecked).toBeDefined()
> 840 |     expect(wrapper.vm.localChecked).toEqual('')
      |    ^ Duplicate Assert
  841 |
  842 |     const input = wrapper.find('input')
  843 |     expect(input).toBeDefined()"
/home/gabriel/Disk/Research/research-javascript-test-smells/repositories/bootstrap-vue-dev/src/components/form-radio/form-radio.spec.js,Duplicate Assert,"{'line': 846, 'column': 4, 'index': 21432}","  844 |
  845 |     await input.trigger('click')
> 846 |     expect(wrapper.vm.localChecked).toEqual({ bar: 1, baz: 2 })
      |    ^ Duplicate Assert
  847 |
  848 |     wrapper.destroy()
  849 |   })"
/home/gabriel/Disk/Research/research-javascript-test-smells/repositories/bootstrap-vue-dev/src/components/form-radio/form-radio.spec.js,Duplicate Assert,"{'line': 872, 'column': 4, 'index': 22094}","  870 |     expect(typeof wrapper.vm.blur).toBe('function')
  871 |
> 872 |     expect(input.element).not.toBe(document.activeElement)
      |    ^ Duplicate Assert
  873 |
  874 |     wrapper.vm.focus()
  875 |     await waitNT(wrapper.vm)"
/home/gabriel/Disk/Research/research-javascript-test-smells/repositories/bootstrap-vue-dev/src/components/form-radio/form-radio.spec.js,Duplicate Assert,"{'line': 872, 'column': 4, 'index': 22094}","  870 |     expect(typeof wrapper.vm.blur).toBe('function')
  871 |
> 872 |     expect(input.element).not.toBe(document.activeElement)
      |    ^ Duplicate Assert
  873 |
  874 |     wrapper.vm.focus()
  875 |     await waitNT(wrapper.vm)"
/home/gabriel/Disk/Research/research-javascript-test-smells/repositories/bootstrap-vue-dev/src/components/form-radio/form-radio.spec.js,Duplicate Assert,"{'line': 876, 'column': 4, 'index': 22206}","  874 |     wrapper.vm.focus()
  875 |     await waitNT(wrapper.vm)
> 876 |     expect(input.element).toBe(document.activeElement)
      |    ^ Duplicate Assert
  877 |
  878 |     wrapper.vm.blur()
  879 |     await waitNT(wrapper.vm)"
/home/gabriel/Disk/Research/research-javascript-test-smells/repositories/bootstrap-vue-dev/src/components/form-radio/form-radio.spec.js,Duplicate Assert,"{'line': 880, 'column': 4, 'index': 22313}","  878 |     wrapper.vm.blur()
  879 |     await waitNT(wrapper.vm)
> 880 |     expect(input.element).not.toBe(document.activeElement)
      |    ^ Duplicate Assert
  881 |
  882 |     wrapper.destroy()
  883 |   })"
/home/gabriel/Disk/Research/research-javascript-test-smells/repositories/bootstrap-vue-dev/src/components/form-radio/form-radio.spec.js,Duplicate Assert,"{'line': 880, 'column': 4, 'index': 22313}","  878 |     wrapper.vm.blur()
  879 |     await waitNT(wrapper.vm)
> 880 |     expect(input.element).not.toBe(document.activeElement)
      |    ^ Duplicate Assert
  881 |
  882 |     wrapper.destroy()
  883 |   })"
/home/gabriel/Disk/Research/research-javascript-test-smells/repositories/bootstrap-vue-dev/src/components/form-radio/form-radio.spec.js,Magic Number,"{'line': 21, 'column': 36, 'index': 635}","  19 |     expect(wrapper.element.tagName).toBe('DIV')
  20 |     const children = wrapper.element.children
> 21 |     expect(children.length).toEqual(2)
     |                                    ^ Magic Number
  22 |     expect(children[0].tagName).toEqual('INPUT')
  23 |     expect(children[1].tagName).toEqual('LABEL')
  24 |"
/home/gabriel/Disk/Research/research-javascript-test-smells/repositories/bootstrap-vue-dev/src/components/form-radio/form-radio.spec.js,Magic Number,"{'line': 38, 'column': 45, 'index': 1054}","  36 |       }
  37 |     })
> 38 |     expect(wrapper.classes().length).toEqual(2)
     |                                             ^ Magic Number
  39 |     expect(wrapper.classes()).toContain('custom-control')
  40 |     expect(wrapper.classes()).toContain('custom-radio')
  41 |"
/home/gabriel/Disk/Research/research-javascript-test-smells/repositories/bootstrap-vue-dev/src/components/form-radio/form-radio.spec.js,Magic Number,"{'line': 73, 'column': 43, 'index': 1903}","  71 |     })
  72 |     const input = wrapper.find('input')
> 73 |     expect(input.classes().length).toEqual(1)
     |                                           ^ Magic Number
  74 |     expect(input.classes()).toContain('custom-control-input')
  75 |
  76 |     wrapper.destroy()"
/home/gabriel/Disk/Research/research-javascript-test-smells/repositories/bootstrap-vue-dev/src/components/form-radio/form-radio.spec.js,Magic Number,"{'line': 90, 'column': 43, 'index': 2311}","  88 |     })
  89 |     const input = wrapper.find('label')
> 90 |     expect(input.classes().length).toEqual(1)
     |                                           ^ Magic Number
  91 |     expect(input.classes()).toContain('custom-control-label')
  92 |
  93 |     wrapper.destroy()"
/home/gabriel/Disk/Research/research-javascript-test-smells/repositories/bootstrap-vue-dev/src/components/form-radio/form-radio.spec.js,Magic Number,"{'line': 289, 'column': 45, 'index': 6904}","  287 |       }
  288 |     })
> 289 |     expect(wrapper.classes().length).toEqual(3)
      |                                             ^ Magic Number
  290 |     expect(wrapper.classes()).toContain('custom-radio')
  291 |     expect(wrapper.classes()).toContain('custom-control')
  292 |     expect(wrapper.classes()).toContain('custom-control-inline')"
/home/gabriel/Disk/Research/research-javascript-test-smells/repositories/bootstrap-vue-dev/src/components/form-radio/form-radio.spec.js,Magic Number,"{'line': 388, 'column': 36, 'index': 9442}","  386 |     expect(wrapper.element.tagName).toBe('DIV')
  387 |     const children = wrapper.element.children
> 388 |     expect(children.length).toEqual(2)
      |                                    ^ Magic Number
  389 |     expect(children[0].tagName).toEqual('INPUT')
  390 |     expect(children[1].tagName).toEqual('LABEL')
  391 |"
/home/gabriel/Disk/Research/research-javascript-test-smells/repositories/bootstrap-vue-dev/src/components/form-radio/form-radio.spec.js,Magic Number,"{'line': 406, 'column': 45, 'index': 9859}","  404 |       }
  405 |     })
> 406 |     expect(wrapper.classes().length).toEqual(1)
      |                                             ^ Magic Number
  407 |     expect(wrapper.classes()).toContain('form-check')
  408 |
  409 |     wrapper.destroy()"
/home/gabriel/Disk/Research/research-javascript-test-smells/repositories/bootstrap-vue-dev/src/components/form-radio/form-radio.spec.js,Magic Number,"{'line': 442, 'column': 43, 'index': 10682}","  440 |     })
  441 |     const input = wrapper.find('input')
> 442 |     expect(input.classes().length).toEqual(1)
      |                                           ^ Magic Number
  443 |     expect(input.classes()).toContain('form-check-input')
  444 |
  445 |     wrapper.destroy()"
/home/gabriel/Disk/Research/research-javascript-test-smells/repositories/bootstrap-vue-dev/src/components/form-radio/form-radio.spec.js,Magic Number,"{'line': 460, 'column': 43, 'index': 11101}","  458 |     })
  459 |     const input = wrapper.find('label')
> 460 |     expect(input.classes().length).toEqual(1)
      |                                           ^ Magic Number
  461 |     expect(input.classes()).toContain('form-check-label')
  462 |
  463 |     wrapper.destroy()"
/home/gabriel/Disk/Research/research-javascript-test-smells/repositories/bootstrap-vue-dev/src/components/form-radio/form-radio.spec.js,Magic Number,"{'line': 578, 'column': 33, 'index': 13981}","  576 |     expect(wrapper.element.tagName).toBe('DIV')
  577 |     const label = wrapper.element.children
> 578 |     expect(label.length).toEqual(1)
      |                                 ^ Magic Number
  579 |     expect(label[0].tagName).toEqual('LABEL')
  580 |     const input = label[0].children
  581 |     expect(input.length).toEqual(1)"
/home/gabriel/Disk/Research/research-javascript-test-smells/repositories/bootstrap-vue-dev/src/components/form-radio/form-radio.spec.js,Magic Number,"{'line': 581, 'column': 33, 'index': 14099}","  579 |     expect(label[0].tagName).toEqual('LABEL')
  580 |     const input = label[0].children
> 581 |     expect(input.length).toEqual(1)
      |                                 ^ Magic Number
  582 |     expect(input[0].tagName).toEqual('INPUT')
  583 |
  584 |     wrapper.destroy()"
/home/gabriel/Disk/Research/research-javascript-test-smells/repositories/bootstrap-vue-dev/src/components/form-radio/form-radio.spec.js,Magic Number,"{'line': 598, 'column': 45, 'index': 14505}","  596 |       }
  597 |     })
> 598 |     expect(wrapper.classes().length).toEqual(2)
      |                                             ^ Magic Number
  599 |     expect(wrapper.classes()).toContain('btn-group-toggle')
  600 |     expect(wrapper.classes()).toContain('d-inline-block')
  601 |"
/home/gabriel/Disk/Research/research-javascript-test-smells/repositories/bootstrap-vue-dev/src/components/form-radio/form-radio.spec.js,Magic Number,"{'line': 618, 'column': 43, 'index': 15052}","  616 |     const label = wrapper.find('label')
  617 |     expect(label).toBeDefined()
> 618 |     expect(label.classes().length).toEqual(2)
      |                                           ^ Magic Number
  619 |     expect(label.classes()).not.toContain('active')
  620 |     expect(label.classes()).not.toContain('focus')
  621 |     expect(label.classes()).toContain('btn')"
/home/gabriel/Disk/Research/research-javascript-test-smells/repositories/bootstrap-vue-dev/src/components/form-radio/form-radio.spec.js,Magic Number,"{'line': 640, 'column': 43, 'index': 15702}","  638 |     const label = wrapper.find('label')
  639 |     expect(label).toBeDefined()
> 640 |     expect(label.classes().length).toEqual(3)
      |                                           ^ Magic Number
  641 |     expect(label.classes()).not.toContain('focus')
  642 |     expect(label.classes()).toContain('btn')
  643 |     expect(label.classes()).toContain('btn-secondary')"
/home/gabriel/Disk/Research/research-javascript-test-smells/repositories/bootstrap-vue-dev/src/components/form-radio/form-radio.spec.js,Magic Number,"{'line': 664, 'column': 43, 'index': 16393}","  662 |     const input = wrapper.find('input')
  663 |     expect(input).toBeDefined()
> 664 |     expect(label.classes().length).toEqual(2)
      |                                           ^ Magic Number
  665 |     expect(label.classes()).not.toContain('focus')
  666 |     expect(label.classes()).not.toContain('active')
  667 |     expect(label.classes()).toContain('btn')"
/home/gabriel/Disk/Research/research-javascript-test-smells/repositories/bootstrap-vue-dev/src/components/form-radio/form-radio.spec.js,Magic Number,"{'line': 670, 'column': 43, 'index': 16675}","  668 |     expect(label.classes()).toContain('btn-secondary')
  669 |     await input.setChecked(true)
> 670 |     expect(label.classes().length).toEqual(3)
      |                                           ^ Magic Number
  671 |     expect(label.classes()).toContain('active')
  672 |     expect(label.classes()).toContain('btn')
  673 |     expect(label.classes()).toContain('btn-secondary')"
/home/gabriel/Disk/Research/research-javascript-test-smells/repositories/bootstrap-vue-dev/src/components/form-radio/form-radio.spec.js,Magic Number,"{'line': 695, 'column': 43, 'index': 17311}","  693 |
  694 |     const input = wrapper.find('input')
> 695 |     expect(label.classes().length).toEqual(2)
      |                                           ^ Magic Number
  696 |     expect(label.classes()).not.toContain('focus')
  697 |     expect(label.classes()).not.toContain('active')
  698 |     expect(label.classes()).toContain('btn')"
/home/gabriel/Disk/Research/research-javascript-test-smells/repositories/bootstrap-vue-dev/src/components/form-radio/form-radio.spec.js,Magic Number,"{'line': 703, 'column': 43, 'index': 17626}","  701 |
  702 |     await input.trigger('focus')
> 703 |     expect(label.classes().length).toEqual(3)
      |                                           ^ Magic Number
  704 |     expect(label.classes()).toContain('focus')
  705 |
  706 |     await input.trigger('blur')"
/home/gabriel/Disk/Research/research-javascript-test-smells/repositories/bootstrap-vue-dev/src/components/form-radio/form-radio.spec.js,Magic Number,"{'line': 707, 'column': 43, 'index': 17752}","  705 |
  706 |     await input.trigger('blur')
> 707 |     expect(label.classes().length).toEqual(2)
      |                                           ^ Magic Number
  708 |     expect(label.classes()).not.toContain('focus')
  709 |
  710 |     wrapper.destroy()"
/home/gabriel/Disk/Research/research-javascript-test-smells/repositories/bootstrap-vue-dev/src/components/form-radio/form-radio.spec.js,Magic Number,"{'line': 727, 'column': 43, 'index': 18270}","  725 |     const label = wrapper.find('label')
  726 |     expect(label).toBeDefined()
> 727 |     expect(label.classes().length).toEqual(2)
      |                                           ^ Magic Number
  728 |     expect(label.classes()).not.toContain('focus')
  729 |     expect(label.classes()).not.toContain('active')
  730 |     expect(label.classes()).not.toContain('btn-secondary')"
/home/gabriel/Disk/Research/research-javascript-test-smells/repositories/bootstrap-vue-dev/src/components/form-radio/form-radio.spec.js,Magic Number,"{'line': 820, 'column': 50, 'index': 20832}","  818 |     await input.trigger('click')
  819 |     expect(wrapper.emitted('change')).toBeDefined()
> 820 |     expect(wrapper.emitted('change').length).toBe(1)
      |                                                  ^ Magic Number
  821 |     expect(wrapper.emitted('change')[0][0]).toEqual('bar')
  822 |
  823 |     wrapper.destroy()"
/home/gabriel/Disk/Research/research-javascript-test-smells/repositories/bootstrap-vue-dev/src/components/form-radio/form-radio-group.spec.js,Duplicate Assert,"{'line': 40, 'column': 4, 'index': 1208}","  38 |   it('default has tabindex set to -1', async () => {
  39 |     const wrapper = mount(BFormRadioGroup)
> 40 |     expect(wrapper.attributes('tabindex')).toBeDefined()
     |    ^ Duplicate Assert
  41 |     expect(wrapper.attributes('tabindex')).toBe('-1')
  42 |
  43 |     wrapper.destroy()"
/home/gabriel/Disk/Research/research-javascript-test-smells/repositories/bootstrap-vue-dev/src/components/form-radio/form-radio-group.spec.js,Duplicate Assert,"{'line': 41, 'column': 4, 'index': 1265}","  39 |     const wrapper = mount(BFormRadioGroup)
  40 |     expect(wrapper.attributes('tabindex')).toBeDefined()
> 41 |     expect(wrapper.attributes('tabindex')).toBe('-1')
     |    ^ Duplicate Assert
  42 |
  43 |     wrapper.destroy()
  44 |   })"
/home/gabriel/Disk/Research/research-javascript-test-smells/repositories/bootstrap-vue-dev/src/components/form-radio/form-radio-group.spec.js,Duplicate Assert,"{'line': 62, 'column': 4, 'index': 1845}","  60 |   it('default has attribute role=radiogroup', async () => {
  61 |     const wrapper = mount(BFormRadioGroup)
> 62 |     expect(wrapper.attributes('role')).toBeDefined()
     |    ^ Duplicate Assert
  63 |     expect(wrapper.attributes('role')).toBe('radiogroup')
  64 |
  65 |     wrapper.destroy()"
/home/gabriel/Disk/Research/research-javascript-test-smells/repositories/bootstrap-vue-dev/src/components/form-radio/form-radio-group.spec.js,Duplicate Assert,"{'line': 63, 'column': 4, 'index': 1898}","  61 |     const wrapper = mount(BFormRadioGroup)
  62 |     expect(wrapper.attributes('role')).toBeDefined()
> 63 |     expect(wrapper.attributes('role')).toBe('radiogroup')
     |    ^ Duplicate Assert
  64 |
  65 |     wrapper.destroy()
  66 |   })"
/home/gabriel/Disk/Research/research-javascript-test-smells/repositories/bootstrap-vue-dev/src/components/form-radio/form-radio-group.spec.js,Duplicate Assert,"{'line': 75, 'column': 4, 'index': 2165}","  73 |       }
  74 |     })
> 75 |     expect(wrapper.attributes('id')).toBeDefined()
     |    ^ Duplicate Assert
  76 |     expect(wrapper.attributes('id')).toBe('test')
  77 |
  78 |     wrapper.destroy()"
/home/gabriel/Disk/Research/research-javascript-test-smells/repositories/bootstrap-vue-dev/src/components/form-radio/form-radio-group.spec.js,Duplicate Assert,"{'line': 76, 'column': 4, 'index': 2216}","  74 |     })
  75 |     expect(wrapper.attributes('id')).toBeDefined()
> 76 |     expect(wrapper.attributes('id')).toBe('test')
     |    ^ Duplicate Assert
  77 |
  78 |     wrapper.destroy()
  79 |   })"
/home/gabriel/Disk/Research/research-javascript-test-smells/repositories/bootstrap-vue-dev/src/components/form-radio/form-radio-group.spec.js,Duplicate Assert,"{'line': 88, 'column': 4, 'index': 2503}","  86 |       }
  87 |     })
> 88 |     expect(wrapper.classes()).toBeDefined()
     |    ^ Duplicate Assert
  89 |     expect(wrapper.classes()).toContain('was-validated')
  90 |
  91 |     wrapper.destroy()"
/home/gabriel/Disk/Research/research-javascript-test-smells/repositories/bootstrap-vue-dev/src/components/form-radio/form-radio-group.spec.js,Duplicate Assert,"{'line': 89, 'column': 4, 'index': 2547}","  87 |     })
  88 |     expect(wrapper.classes()).toBeDefined()
> 89 |     expect(wrapper.classes()).toContain('was-validated')
     |    ^ Duplicate Assert
  90 |
  91 |     wrapper.destroy()
  92 |   })"
/home/gabriel/Disk/Research/research-javascript-test-smells/repositories/bootstrap-vue-dev/src/components/form-radio/form-radio-group.spec.js,Duplicate Assert,"{'line': 101, 'column': 4, 'index': 2843}","   99 |       }
  100 |     })
> 101 |     expect(wrapper.attributes('aria-invalid')).toBeDefined()
      |    ^ Duplicate Assert
  102 |     expect(wrapper.attributes('aria-invalid')).toBe('true')
  103 |
  104 |     wrapper.destroy()"
/home/gabriel/Disk/Research/research-javascript-test-smells/repositories/bootstrap-vue-dev/src/components/form-radio/form-radio-group.spec.js,Duplicate Assert,"{'line': 102, 'column': 4, 'index': 2904}","  100 |     })
  101 |     expect(wrapper.attributes('aria-invalid')).toBeDefined()
> 102 |     expect(wrapper.attributes('aria-invalid')).toBe('true')
      |    ^ Duplicate Assert
  103 |
  104 |     wrapper.destroy()
  105 |   })"
/home/gabriel/Disk/Research/research-javascript-test-smells/repositories/bootstrap-vue-dev/src/components/form-radio/form-radio-group.spec.js,Duplicate Assert,"{'line': 138, 'column': 4, 'index': 3824}","  136 |       }
  137 |     })
> 138 |     expect(wrapper.attributes('aria-invalid')).toBeDefined()
      |    ^ Duplicate Assert
  139 |     expect(wrapper.attributes('aria-invalid')).toBe('true')
  140 |
  141 |     wrapper.destroy()"
/home/gabriel/Disk/Research/research-javascript-test-smells/repositories/bootstrap-vue-dev/src/components/form-radio/form-radio-group.spec.js,Duplicate Assert,"{'line': 139, 'column': 4, 'index': 3885}","  137 |     })
  138 |     expect(wrapper.attributes('aria-invalid')).toBeDefined()
> 139 |     expect(wrapper.attributes('aria-invalid')).toBe('true')
      |    ^ Duplicate Assert
  140 |
  141 |     wrapper.destroy()
  142 |   })"
/home/gabriel/Disk/Research/research-javascript-test-smells/repositories/bootstrap-vue-dev/src/components/form-radio/form-radio-group.spec.js,Duplicate Assert,"{'line': 151, 'column': 4, 'index': 4199}","  149 |       }
  150 |     })
> 151 |     expect(wrapper.attributes('aria-invalid')).toBeDefined()
      |    ^ Duplicate Assert
  152 |     expect(wrapper.attributes('aria-invalid')).toBe('true')
  153 |
  154 |     wrapper.destroy()"
/home/gabriel/Disk/Research/research-javascript-test-smells/repositories/bootstrap-vue-dev/src/components/form-radio/form-radio-group.spec.js,Duplicate Assert,"{'line': 152, 'column': 4, 'index': 4260}","  150 |     })
  151 |     expect(wrapper.attributes('aria-invalid')).toBeDefined()
> 152 |     expect(wrapper.attributes('aria-invalid')).toBe('true')
      |    ^ Duplicate Assert
  153 |
  154 |     wrapper.destroy()
  155 |   })"
/home/gabriel/Disk/Research/research-javascript-test-smells/repositories/bootstrap-vue-dev/src/components/form-radio/form-radio-group.spec.js,Duplicate Assert,"{'line': 164, 'column': 4, 'index': 4566}","  162 |       }
  163 |     })
> 164 |     expect(wrapper.attributes('aria-invalid')).toBeDefined()
      |    ^ Duplicate Assert
  165 |     expect(wrapper.attributes('aria-invalid')).toBe('true')
  166 |
  167 |     wrapper.destroy()"
/home/gabriel/Disk/Research/research-javascript-test-smells/repositories/bootstrap-vue-dev/src/components/form-radio/form-radio-group.spec.js,Duplicate Assert,"{'line': 165, 'column': 4, 'index': 4627}","  163 |     })
  164 |     expect(wrapper.attributes('aria-invalid')).toBeDefined()
> 165 |     expect(wrapper.attributes('aria-invalid')).toBe('true')
      |    ^ Duplicate Assert
  166 |
  167 |     wrapper.destroy()
  168 |   })"
/home/gabriel/Disk/Research/research-javascript-test-smells/repositories/bootstrap-vue-dev/src/components/form-radio/form-radio-group.spec.js,Duplicate Assert,"{'line': 233, 'column': 4, 'index': 6713}","  231 |       }
  232 |     })
> 233 |     expect(wrapper.classes()).toBeDefined()
      |    ^ Duplicate Assert
  234 |     expect(wrapper.classes().length).toBe(3)
  235 |     expect(wrapper.classes()).toContain('btn-group')
  236 |     expect(wrapper.classes()).toContain('btn-group-toggle')"
/home/gabriel/Disk/Research/research-javascript-test-smells/repositories/bootstrap-vue-dev/src/components/form-radio/form-radio-group.spec.js,Duplicate Assert,"{'line': 235, 'column': 4, 'index': 6802}","  233 |     expect(wrapper.classes()).toBeDefined()
  234 |     expect(wrapper.classes().length).toBe(3)
> 235 |     expect(wrapper.classes()).toContain('btn-group')
      |    ^ Duplicate Assert
  236 |     expect(wrapper.classes()).toContain('btn-group-toggle')
  237 |     expect(wrapper.classes()).toContain('bv-no-focus-ring')
  238 |"
/home/gabriel/Disk/Research/research-javascript-test-smells/repositories/bootstrap-vue-dev/src/components/form-radio/form-radio-group.spec.js,Duplicate Assert,"{'line': 236, 'column': 4, 'index': 6855}","  234 |     expect(wrapper.classes().length).toBe(3)
  235 |     expect(wrapper.classes()).toContain('btn-group')
> 236 |     expect(wrapper.classes()).toContain('btn-group-toggle')
      |    ^ Duplicate Assert
  237 |     expect(wrapper.classes()).toContain('bv-no-focus-ring')
  238 |
  239 |     wrapper.destroy()"
/home/gabriel/Disk/Research/research-javascript-test-smells/repositories/bootstrap-vue-dev/src/components/form-radio/form-radio-group.spec.js,Duplicate Assert,"{'line': 237, 'column': 4, 'index': 6915}","  235 |     expect(wrapper.classes()).toContain('btn-group')
  236 |     expect(wrapper.classes()).toContain('btn-group-toggle')
> 237 |     expect(wrapper.classes()).toContain('bv-no-focus-ring')
      |    ^ Duplicate Assert
  238 |
  239 |     wrapper.destroy()
  240 |   })"
/home/gabriel/Disk/Research/research-javascript-test-smells/repositories/bootstrap-vue-dev/src/components/form-radio/form-radio-group.spec.js,Duplicate Assert,"{'line': 250, 'column': 4, 'index': 7269}","  248 |       }
  249 |     })
> 250 |     expect(wrapper.classes()).toBeDefined()
      |    ^ Duplicate Assert
  251 |     expect(wrapper.classes().length).toBe(3)
  252 |     expect(wrapper.classes()).toContain('btn-group-vertical')
  253 |     expect(wrapper.classes()).toContain('btn-group-toggle')"
/home/gabriel/Disk/Research/research-javascript-test-smells/repositories/bootstrap-vue-dev/src/components/form-radio/form-radio-group.spec.js,Duplicate Assert,"{'line': 252, 'column': 4, 'index': 7358}","  250 |     expect(wrapper.classes()).toBeDefined()
  251 |     expect(wrapper.classes().length).toBe(3)
> 252 |     expect(wrapper.classes()).toContain('btn-group-vertical')
      |    ^ Duplicate Assert
  253 |     expect(wrapper.classes()).toContain('btn-group-toggle')
  254 |     expect(wrapper.classes()).toContain('bv-no-focus-ring')
  255 |"
/home/gabriel/Disk/Research/research-javascript-test-smells/repositories/bootstrap-vue-dev/src/components/form-radio/form-radio-group.spec.js,Duplicate Assert,"{'line': 253, 'column': 4, 'index': 7420}","  251 |     expect(wrapper.classes().length).toBe(3)
  252 |     expect(wrapper.classes()).toContain('btn-group-vertical')
> 253 |     expect(wrapper.classes()).toContain('btn-group-toggle')
      |    ^ Duplicate Assert
  254 |     expect(wrapper.classes()).toContain('bv-no-focus-ring')
  255 |
  256 |     wrapper.destroy()"
/home/gabriel/Disk/Research/research-javascript-test-smells/repositories/bootstrap-vue-dev/src/components/form-radio/form-radio-group.spec.js,Duplicate Assert,"{'line': 254, 'column': 4, 'index': 7480}","  252 |     expect(wrapper.classes()).toContain('btn-group-vertical')
  253 |     expect(wrapper.classes()).toContain('btn-group-toggle')
> 254 |     expect(wrapper.classes()).toContain('bv-no-focus-ring')
      |    ^ Duplicate Assert
  255 |
  256 |     wrapper.destroy()
  257 |   })"
/home/gabriel/Disk/Research/research-javascript-test-smells/repositories/bootstrap-vue-dev/src/components/form-radio/form-radio-group.spec.js,Duplicate Assert,"{'line': 267, 'column': 4, 'index': 7789}","  265 |       }
  266 |     })
> 267 |     expect(wrapper.classes()).toBeDefined()
      |    ^ Duplicate Assert
  268 |     expect(wrapper.classes().length).toBe(4)
  269 |     expect(wrapper.classes()).toContain('btn-group')
  270 |     expect(wrapper.classes()).toContain('btn-group-toggle')"
/home/gabriel/Disk/Research/research-javascript-test-smells/repositories/bootstrap-vue-dev/src/components/form-radio/form-radio-group.spec.js,Duplicate Assert,"{'line': 269, 'column': 4, 'index': 7878}","  267 |     expect(wrapper.classes()).toBeDefined()
  268 |     expect(wrapper.classes().length).toBe(4)
> 269 |     expect(wrapper.classes()).toContain('btn-group')
      |    ^ Duplicate Assert
  270 |     expect(wrapper.classes()).toContain('btn-group-toggle')
  271 |     expect(wrapper.classes()).toContain('btn-group-lg')
  272 |     expect(wrapper.classes()).toContain('bv-no-focus-ring')"
/home/gabriel/Disk/Research/research-javascript-test-smells/repositories/bootstrap-vue-dev/src/components/form-radio/form-radio-group.spec.js,Duplicate Assert,"{'line': 270, 'column': 4, 'index': 7931}","  268 |     expect(wrapper.classes().length).toBe(4)
  269 |     expect(wrapper.classes()).toContain('btn-group')
> 270 |     expect(wrapper.classes()).toContain('btn-group-toggle')
      |    ^ Duplicate Assert
  271 |     expect(wrapper.classes()).toContain('btn-group-lg')
  272 |     expect(wrapper.classes()).toContain('bv-no-focus-ring')
  273 |"
/home/gabriel/Disk/Research/research-javascript-test-smells/repositories/bootstrap-vue-dev/src/components/form-radio/form-radio-group.spec.js,Duplicate Assert,"{'line': 271, 'column': 4, 'index': 7991}","  269 |     expect(wrapper.classes()).toContain('btn-group')
  270 |     expect(wrapper.classes()).toContain('btn-group-toggle')
> 271 |     expect(wrapper.classes()).toContain('btn-group-lg')
      |    ^ Duplicate Assert
  272 |     expect(wrapper.classes()).toContain('bv-no-focus-ring')
  273 |
  274 |     wrapper.destroy()"
/home/gabriel/Disk/Research/research-javascript-test-smells/repositories/bootstrap-vue-dev/src/components/form-radio/form-radio-group.spec.js,Duplicate Assert,"{'line': 272, 'column': 4, 'index': 8047}","  270 |     expect(wrapper.classes()).toContain('btn-group-toggle')
  271 |     expect(wrapper.classes()).toContain('btn-group-lg')
> 272 |     expect(wrapper.classes()).toContain('bv-no-focus-ring')
      |    ^ Duplicate Assert
  273 |
  274 |     wrapper.destroy()
  275 |   })"
/home/gabriel/Disk/Research/research-javascript-test-smells/repositories/bootstrap-vue-dev/src/components/form-radio/form-radio-group.spec.js,Duplicate Assert,"{'line': 286, 'column': 4, 'index': 8391}","  284 |       }
  285 |     })
> 286 |     expect(wrapper.classes()).toBeDefined()
      |    ^ Duplicate Assert
  287 |     expect(wrapper.classes().length).toBe(4)
  288 |     expect(wrapper.classes()).toContain('btn-group-vertical')
  289 |     expect(wrapper.classes()).toContain('btn-group-toggle')"
/home/gabriel/Disk/Research/research-javascript-test-smells/repositories/bootstrap-vue-dev/src/components/form-radio/form-radio-group.spec.js,Duplicate Assert,"{'line': 288, 'column': 4, 'index': 8480}","  286 |     expect(wrapper.classes()).toBeDefined()
  287 |     expect(wrapper.classes().length).toBe(4)
> 288 |     expect(wrapper.classes()).toContain('btn-group-vertical')
      |    ^ Duplicate Assert
  289 |     expect(wrapper.classes()).toContain('btn-group-toggle')
  290 |     expect(wrapper.classes()).toContain('btn-group-lg')
  291 |     expect(wrapper.classes()).toContain('bv-no-focus-ring')"
/home/gabriel/Disk/Research/research-javascript-test-smells/repositories/bootstrap-vue-dev/src/components/form-radio/form-radio-group.spec.js,Duplicate Assert,"{'line': 289, 'column': 4, 'index': 8542}","  287 |     expect(wrapper.classes().length).toBe(4)
  288 |     expect(wrapper.classes()).toContain('btn-group-vertical')
> 289 |     expect(wrapper.classes()).toContain('btn-group-toggle')
      |    ^ Duplicate Assert
  290 |     expect(wrapper.classes()).toContain('btn-group-lg')
  291 |     expect(wrapper.classes()).toContain('bv-no-focus-ring')
  292 |"
/home/gabriel/Disk/Research/research-javascript-test-smells/repositories/bootstrap-vue-dev/src/components/form-radio/form-radio-group.spec.js,Duplicate Assert,"{'line': 290, 'column': 4, 'index': 8602}","  288 |     expect(wrapper.classes()).toContain('btn-group-vertical')
  289 |     expect(wrapper.classes()).toContain('btn-group-toggle')
> 290 |     expect(wrapper.classes()).toContain('btn-group-lg')
      |    ^ Duplicate Assert
  291 |     expect(wrapper.classes()).toContain('bv-no-focus-ring')
  292 |
  293 |     wrapper.destroy()"
/home/gabriel/Disk/Research/research-javascript-test-smells/repositories/bootstrap-vue-dev/src/components/form-radio/form-radio-group.spec.js,Duplicate Assert,"{'line': 291, 'column': 4, 'index': 8658}","  289 |     expect(wrapper.classes()).toContain('btn-group-toggle')
  290 |     expect(wrapper.classes()).toContain('btn-group-lg')
> 291 |     expect(wrapper.classes()).toContain('bv-no-focus-ring')
      |    ^ Duplicate Assert
  292 |
  293 |     wrapper.destroy()
  294 |   })"
/home/gabriel/Disk/Research/research-javascript-test-smells/repositories/bootstrap-vue-dev/src/components/form-radio/form-radio-group.spec.js,Duplicate Assert,"{'line': 412, 'column': 4, 'index': 12399}","  410 |     const radios = wrapper.findAll('input')
  411 |     expect(radios.length).toBe(3)
> 412 |     expect(wrapper.vm.localChecked).toEqual('')
      |    ^ Duplicate Assert
  413 |
  414 |     await radios.at(0).trigger('click')
  415 |     expect(wrapper.vm.localChecked).toEqual('one')"
/home/gabriel/Disk/Research/research-javascript-test-smells/repositories/bootstrap-vue-dev/src/components/form-radio/form-radio-group.spec.js,Duplicate Assert,"{'line': 415, 'column': 4, 'index': 12488}","  413 |
  414 |     await radios.at(0).trigger('click')
> 415 |     expect(wrapper.vm.localChecked).toEqual('one')
      |    ^ Duplicate Assert
  416 |     expect(wrapper.emitted('change')).toBeDefined()
  417 |     expect(wrapper.emitted('change').length).toBe(1)
  418 |     expect(wrapper.emitted('change')[0][0]).toEqual('one')"
/home/gabriel/Disk/Research/research-javascript-test-smells/repositories/bootstrap-vue-dev/src/components/form-radio/form-radio-group.spec.js,Duplicate Assert,"{'line': 415, 'column': 4, 'index': 12488}","  413 |
  414 |     await radios.at(0).trigger('click')
> 415 |     expect(wrapper.vm.localChecked).toEqual('one')
      |    ^ Duplicate Assert
  416 |     expect(wrapper.emitted('change')).toBeDefined()
  417 |     expect(wrapper.emitted('change').length).toBe(1)
  418 |     expect(wrapper.emitted('change')[0][0]).toEqual('one')"
/home/gabriel/Disk/Research/research-javascript-test-smells/repositories/bootstrap-vue-dev/src/components/form-radio/form-radio-group.spec.js,Duplicate Assert,"{'line': 417, 'column': 4, 'index': 12591}","  415 |     expect(wrapper.vm.localChecked).toEqual('one')
  416 |     expect(wrapper.emitted('change')).toBeDefined()
> 417 |     expect(wrapper.emitted('change').length).toBe(1)
      |    ^ Duplicate Assert
  418 |     expect(wrapper.emitted('change')[0][0]).toEqual('one')
  419 |     expect(wrapper.emitted('input')).toBeDefined()
  420 |     expect(wrapper.emitted('input').length).toBe(1)"
/home/gabriel/Disk/Research/research-javascript-test-smells/repositories/bootstrap-vue-dev/src/components/form-radio/form-radio-group.spec.js,Duplicate Assert,"{'line': 420, 'column': 4, 'index': 12754}","  418 |     expect(wrapper.emitted('change')[0][0]).toEqual('one')
  419 |     expect(wrapper.emitted('input')).toBeDefined()
> 420 |     expect(wrapper.emitted('input').length).toBe(1)
      |    ^ Duplicate Assert
  421 |     expect(wrapper.emitted('input')[0][0]).toEqual('one')
  422 |
  423 |     await radios.at(2).trigger('click')"
/home/gabriel/Disk/Research/research-javascript-test-smells/repositories/bootstrap-vue-dev/src/components/form-radio/form-radio-group.spec.js,Duplicate Assert,"{'line': 424, 'column': 4, 'index': 12905}","  422 |
  423 |     await radios.at(2).trigger('click')
> 424 |     expect(wrapper.vm.localChecked).toEqual('three')
      |    ^ Duplicate Assert
  425 |     expect(wrapper.emitted('change').length).toBe(2)
  426 |     expect(wrapper.emitted('change')[1][0]).toEqual('three')
  427 |     expect(wrapper.emitted('input').length).toBe(2)"
/home/gabriel/Disk/Research/research-javascript-test-smells/repositories/bootstrap-vue-dev/src/components/form-radio/form-radio-group.spec.js,Duplicate Assert,"{'line': 425, 'column': 4, 'index': 12958}","  423 |     await radios.at(2).trigger('click')
  424 |     expect(wrapper.vm.localChecked).toEqual('three')
> 425 |     expect(wrapper.emitted('change').length).toBe(2)
      |    ^ Duplicate Assert
  426 |     expect(wrapper.emitted('change')[1][0]).toEqual('three')
  427 |     expect(wrapper.emitted('input').length).toBe(2)
  428 |     expect(wrapper.emitted('input')[1][0]).toEqual('three')"
/home/gabriel/Disk/Research/research-javascript-test-smells/repositories/bootstrap-vue-dev/src/components/form-radio/form-radio-group.spec.js,Duplicate Assert,"{'line': 427, 'column': 4, 'index': 13072}","  425 |     expect(wrapper.emitted('change').length).toBe(2)
  426 |     expect(wrapper.emitted('change')[1][0]).toEqual('three')
> 427 |     expect(wrapper.emitted('input').length).toBe(2)
      |    ^ Duplicate Assert
  428 |     expect(wrapper.emitted('input')[1][0]).toEqual('three')
  429 |
  430 |     await radios.at(0).trigger('click')"
/home/gabriel/Disk/Research/research-javascript-test-smells/repositories/bootstrap-vue-dev/src/components/form-radio/form-radio-group.spec.js,Duplicate Assert,"{'line': 431, 'column': 4, 'index': 13225}","  429 |
  430 |     await radios.at(0).trigger('click')
> 431 |     expect(wrapper.vm.localChecked).toEqual('one')
      |    ^ Duplicate Assert
  432 |     expect(wrapper.emitted('change').length).toBe(3)
  433 |     expect(wrapper.emitted('change')[2][0]).toEqual('one')
  434 |     expect(wrapper.emitted('input').length).toBe(3)"
/home/gabriel/Disk/Research/research-javascript-test-smells/repositories/bootstrap-vue-dev/src/components/form-radio/form-radio-group.spec.js,Duplicate Assert,"{'line': 431, 'column': 4, 'index': 13225}","  429 |
  430 |     await radios.at(0).trigger('click')
> 431 |     expect(wrapper.vm.localChecked).toEqual('one')
      |    ^ Duplicate Assert
  432 |     expect(wrapper.emitted('change').length).toBe(3)
  433 |     expect(wrapper.emitted('change')[2][0]).toEqual('one')
  434 |     expect(wrapper.emitted('input').length).toBe(3)"
/home/gabriel/Disk/Research/research-javascript-test-smells/repositories/bootstrap-vue-dev/src/components/form-radio/form-radio-group.spec.js,Duplicate Assert,"{'line': 432, 'column': 4, 'index': 13276}","  430 |     await radios.at(0).trigger('click')
  431 |     expect(wrapper.vm.localChecked).toEqual('one')
> 432 |     expect(wrapper.emitted('change').length).toBe(3)
      |    ^ Duplicate Assert
  433 |     expect(wrapper.emitted('change')[2][0]).toEqual('one')
  434 |     expect(wrapper.emitted('input').length).toBe(3)
  435 |     expect(wrapper.emitted('input')[2][0]).toEqual('one')"
/home/gabriel/Disk/Research/research-javascript-test-smells/repositories/bootstrap-vue-dev/src/components/form-radio/form-radio-group.spec.js,Duplicate Assert,"{'line': 434, 'column': 4, 'index': 13388}","  432 |     expect(wrapper.emitted('change').length).toBe(3)
  433 |     expect(wrapper.emitted('change')[2][0]).toEqual('one')
> 434 |     expect(wrapper.emitted('input').length).toBe(3)
      |    ^ Duplicate Assert
  435 |     expect(wrapper.emitted('input')[2][0]).toEqual('one')
  436 |
  437 |     wrapper.destroy()"
/home/gabriel/Disk/Research/research-javascript-test-smells/repositories/bootstrap-vue-dev/src/components/form-radio/form-radio-group.spec.js,Duplicate Assert,"{'line': 451, 'column': 4, 'index': 13883}","  449 |     const radios = wrapper.findAll('input')
  450 |     expect(radios.length).toBe(3)
> 451 |     expect(wrapper.vm.localChecked).toEqual('two')
      |    ^ Duplicate Assert
  452 |     expect(radios.wrappers.every(w => w.attributes('type') === 'radio')).toBe(true)
  453 |     expect(radios.at(0).element.checked).toBe(false)
  454 |     expect(radios.at(1).element.checked).toBe(true)"
/home/gabriel/Disk/Research/research-javascript-test-smells/repositories/bootstrap-vue-dev/src/components/form-radio/form-radio-group.spec.js,Duplicate Assert,"{'line': 452, 'column': 4, 'index': 13934}","  450 |     expect(radios.length).toBe(3)
  451 |     expect(wrapper.vm.localChecked).toEqual('two')
> 452 |     expect(radios.wrappers.every(w => w.attributes('type') === 'radio')).toBe(true)
      |    ^ Duplicate Assert
  453 |     expect(radios.at(0).element.checked).toBe(false)
  454 |     expect(radios.at(1).element.checked).toBe(true)
  455 |     expect(radios.at(2).element.checked).toBe(false)"
/home/gabriel/Disk/Research/research-javascript-test-smells/repositories/bootstrap-vue-dev/src/components/form-radio/form-radio-group.spec.js,Duplicate Assert,"{'line': 452, 'column': 4, 'index': 13934}","  450 |     expect(radios.length).toBe(3)
  451 |     expect(wrapper.vm.localChecked).toEqual('two')
> 452 |     expect(radios.wrappers.every(w => w.attributes('type') === 'radio')).toBe(true)
      |    ^ Duplicate Assert
  453 |     expect(radios.at(0).element.checked).toBe(false)
  454 |     expect(radios.at(1).element.checked).toBe(true)
  455 |     expect(radios.at(2).element.checked).toBe(false)"
/home/gabriel/Disk/Research/research-javascript-test-smells/repositories/bootstrap-vue-dev/src/components/form-radio/form-radio-group.spec.js,Duplicate Assert,"{'line': 453, 'column': 4, 'index': 14018}","  451 |     expect(wrapper.vm.localChecked).toEqual('two')
  452 |     expect(radios.wrappers.every(w => w.attributes('type') === 'radio')).toBe(true)
> 453 |     expect(radios.at(0).element.checked).toBe(false)
      |    ^ Duplicate Assert
  454 |     expect(radios.at(1).element.checked).toBe(true)
  455 |     expect(radios.at(2).element.checked).toBe(false)
  456 |"
/home/gabriel/Disk/Research/research-javascript-test-smells/repositories/bootstrap-vue-dev/src/components/form-radio/form-radio-group.spec.js,Duplicate Assert,"{'line': 453, 'column': 4, 'index': 14018}","  451 |     expect(wrapper.vm.localChecked).toEqual('two')
  452 |     expect(radios.wrappers.every(w => w.attributes('type') === 'radio')).toBe(true)
> 453 |     expect(radios.at(0).element.checked).toBe(false)
      |    ^ Duplicate Assert
  454 |     expect(radios.at(1).element.checked).toBe(true)
  455 |     expect(radios.at(2).element.checked).toBe(false)
  456 |"
/home/gabriel/Disk/Research/research-javascript-test-smells/repositories/bootstrap-vue-dev/src/components/form-radio/form-radio-group.spec.js,Duplicate Assert,"{'line': 454, 'column': 4, 'index': 14071}","  452 |     expect(radios.wrappers.every(w => w.attributes('type') === 'radio')).toBe(true)
  453 |     expect(radios.at(0).element.checked).toBe(false)
> 454 |     expect(radios.at(1).element.checked).toBe(true)
      |    ^ Duplicate Assert
  455 |     expect(radios.at(2).element.checked).toBe(false)
  456 |
  457 |     await wrapper.setProps({ checked: 'three' })"
/home/gabriel/Disk/Research/research-javascript-test-smells/repositories/bootstrap-vue-dev/src/components/form-radio/form-radio-group.spec.js,Duplicate Assert,"{'line': 455, 'column': 4, 'index': 14123}","  453 |     expect(radios.at(0).element.checked).toBe(false)
  454 |     expect(radios.at(1).element.checked).toBe(true)
> 455 |     expect(radios.at(2).element.checked).toBe(false)
      |    ^ Duplicate Assert
  456 |
  457 |     await wrapper.setProps({ checked: 'three' })
  458 |     await waitNT(wrapper.vm)"
/home/gabriel/Disk/Research/research-javascript-test-smells/repositories/bootstrap-vue-dev/src/components/form-radio/form-radio-group.spec.js,Duplicate Assert,"{'line': 461, 'column': 4, 'index': 14285}","  459 |     await waitNT(wrapper.vm)
  460 |
> 461 |     expect(wrapper.vm.localChecked).toEqual('three')
      |    ^ Duplicate Assert
  462 |     expect(radios.wrappers.every(w => w.attributes('type') === 'radio')).toBe(true)
  463 |     expect(radios.at(0).element.checked).toBe(false)
  464 |     expect(radios.at(1).element.checked).toBe(false)"
/home/gabriel/Disk/Research/research-javascript-test-smells/repositories/bootstrap-vue-dev/src/components/form-radio/form-radio-group.spec.js,Duplicate Assert,"{'line': 462, 'column': 4, 'index': 14338}","  460 |
  461 |     expect(wrapper.vm.localChecked).toEqual('three')
> 462 |     expect(radios.wrappers.every(w => w.attributes('type') === 'radio')).toBe(true)
      |    ^ Duplicate Assert
  463 |     expect(radios.at(0).element.checked).toBe(false)
  464 |     expect(radios.at(1).element.checked).toBe(false)
  465 |     expect(radios.at(2).element.checked).toBe(true)"
/home/gabriel/Disk/Research/research-javascript-test-smells/repositories/bootstrap-vue-dev/src/components/form-radio/form-radio-group.spec.js,Duplicate Assert,"{'line': 462, 'column': 4, 'index': 14338}","  460 |
  461 |     expect(wrapper.vm.localChecked).toEqual('three')
> 462 |     expect(radios.wrappers.every(w => w.attributes('type') === 'radio')).toBe(true)
      |    ^ Duplicate Assert
  463 |     expect(radios.at(0).element.checked).toBe(false)
  464 |     expect(radios.at(1).element.checked).toBe(false)
  465 |     expect(radios.at(2).element.checked).toBe(true)"
/home/gabriel/Disk/Research/research-javascript-test-smells/repositories/bootstrap-vue-dev/src/components/form-radio/form-radio-group.spec.js,Duplicate Assert,"{'line': 463, 'column': 4, 'index': 14422}","  461 |     expect(wrapper.vm.localChecked).toEqual('three')
  462 |     expect(radios.wrappers.every(w => w.attributes('type') === 'radio')).toBe(true)
> 463 |     expect(radios.at(0).element.checked).toBe(false)
      |    ^ Duplicate Assert
  464 |     expect(radios.at(1).element.checked).toBe(false)
  465 |     expect(radios.at(2).element.checked).toBe(true)
  466 |"
/home/gabriel/Disk/Research/research-javascript-test-smells/repositories/bootstrap-vue-dev/src/components/form-radio/form-radio-group.spec.js,Duplicate Assert,"{'line': 463, 'column': 4, 'index': 14422}","  461 |     expect(wrapper.vm.localChecked).toEqual('three')
  462 |     expect(radios.wrappers.every(w => w.attributes('type') === 'radio')).toBe(true)
> 463 |     expect(radios.at(0).element.checked).toBe(false)
      |    ^ Duplicate Assert
  464 |     expect(radios.at(1).element.checked).toBe(false)
  465 |     expect(radios.at(2).element.checked).toBe(true)
  466 |"
/home/gabriel/Disk/Research/research-javascript-test-smells/repositories/bootstrap-vue-dev/src/components/form-radio/form-radio-group.spec.js,Duplicate Assert,"{'line': 464, 'column': 4, 'index': 14475}","  462 |     expect(radios.wrappers.every(w => w.attributes('type') === 'radio')).toBe(true)
  463 |     expect(radios.at(0).element.checked).toBe(false)
> 464 |     expect(radios.at(1).element.checked).toBe(false)
      |    ^ Duplicate Assert
  465 |     expect(radios.at(2).element.checked).toBe(true)
  466 |
  467 |     wrapper.destroy()"
/home/gabriel/Disk/Research/research-javascript-test-smells/repositories/bootstrap-vue-dev/src/components/form-radio/form-radio-group.spec.js,Duplicate Assert,"{'line': 465, 'column': 4, 'index': 14528}","  463 |     expect(radios.at(0).element.checked).toBe(false)
  464 |     expect(radios.at(1).element.checked).toBe(false)
> 465 |     expect(radios.at(2).element.checked).toBe(true)
      |    ^ Duplicate Assert
  466 |
  467 |     wrapper.destroy()
  468 |   })"
/home/gabriel/Disk/Research/research-javascript-test-smells/repositories/bootstrap-vue-dev/src/components/form-radio/form-radio-group.spec.js,Magic Number,"{'line': 14, 'column': 36, 'index': 534}","  12 |     expect(wrapper.element.tagName).toBe('DIV')
  13 |     const children = wrapper.element.children
> 14 |     expect(children.length).toEqual(0)
     |                                    ^ Magic Number
  15 |
  16 |     wrapper.destroy()
  17 |   })"
/home/gabriel/Disk/Research/research-javascript-test-smells/repositories/bootstrap-vue-dev/src/components/form-radio/form-radio-group.spec.js,Magic Number,"{'line': 21, 'column': 45, 'index': 732}","  19 |   it('default has no classes on wrapper other than focus ring', async () => {
  20 |     const wrapper = mount(BFormRadioGroup)
> 21 |     expect(wrapper.classes().length).toEqual(1)
     |                                             ^ Magic Number
  22 |     expect(wrapper.classes()).toContain('bv-no-focus-ring')
  23 |
  24 |     wrapper.destroy()"
/home/gabriel/Disk/Research/research-javascript-test-smells/repositories/bootstrap-vue-dev/src/components/form-radio/form-radio-group.spec.js,Magic Number,"{'line': 181, 'column': 32, 'index': 5090}","  179 |
  180 |     const $radios = wrapper.findAll('input[type=radio]')
> 181 |     expect($radios.length).toBe(3)
      |                                ^ Magic Number
  182 |     expect($radios.wrappers.every(c => c.classes().includes('is-valid'))).toBe(true)
  183 |     expect($radios.wrappers.every(c => c.classes().includes('is-invalid'))).toBe(false)
  184 |"
/home/gabriel/Disk/Research/research-javascript-test-smells/repositories/bootstrap-vue-dev/src/components/form-radio/form-radio-group.spec.js,Magic Number,"{'line': 199, 'column': 32, 'index': 5677}","  197 |
  198 |     const $radios = wrapper.findAll('input[type=radio]')
> 199 |     expect($radios.length).toBe(3)
      |                                ^ Magic Number
  200 |     expect($radios.wrappers.every(c => c.classes().includes('is-valid'))).toBe(false)
  201 |     expect($radios.wrappers.every(c => c.classes().includes('is-invalid'))).toBe(true)
  202 |"
/home/gabriel/Disk/Research/research-javascript-test-smells/repositories/bootstrap-vue-dev/src/components/form-radio/form-radio-group.spec.js,Magic Number,"{'line': 217, 'column': 32, 'index': 6252}","  215 |
  216 |     const $radios = wrapper.findAll('input[type=radio]')
> 217 |     expect($radios.length).toBe(3)
      |                                ^ Magic Number
  218 |     expect($radios.wrappers.every(c => c.classes().includes('is-valid'))).toBe(false)
  219 |     expect($radios.wrappers.every(c => c.classes().includes('is-invalid'))).toBe(false)
  220 |"
/home/gabriel/Disk/Research/research-javascript-test-smells/repositories/bootstrap-vue-dev/src/components/form-radio/form-radio-group.spec.js,Magic Number,"{'line': 234, 'column': 42, 'index': 6795}","  232 |     })
  233 |     expect(wrapper.classes()).toBeDefined()
> 234 |     expect(wrapper.classes().length).toBe(3)
      |                                          ^ Magic Number
  235 |     expect(wrapper.classes()).toContain('btn-group')
  236 |     expect(wrapper.classes()).toContain('btn-group-toggle')
  237 |     expect(wrapper.classes()).toContain('bv-no-focus-ring')"
/home/gabriel/Disk/Research/research-javascript-test-smells/repositories/bootstrap-vue-dev/src/components/form-radio/form-radio-group.spec.js,Magic Number,"{'line': 251, 'column': 42, 'index': 7351}","  249 |     })
  250 |     expect(wrapper.classes()).toBeDefined()
> 251 |     expect(wrapper.classes().length).toBe(3)
      |                                          ^ Magic Number
  252 |     expect(wrapper.classes()).toContain('btn-group-vertical')
  253 |     expect(wrapper.classes()).toContain('btn-group-toggle')
  254 |     expect(wrapper.classes()).toContain('bv-no-focus-ring')"
/home/gabriel/Disk/Research/research-javascript-test-smells/repositories/bootstrap-vue-dev/src/components/form-radio/form-radio-group.spec.js,Magic Number,"{'line': 268, 'column': 42, 'index': 7871}","  266 |     })
  267 |     expect(wrapper.classes()).toBeDefined()
> 268 |     expect(wrapper.classes().length).toBe(4)
      |                                          ^ Magic Number
  269 |     expect(wrapper.classes()).toContain('btn-group')
  270 |     expect(wrapper.classes()).toContain('btn-group-toggle')
  271 |     expect(wrapper.classes()).toContain('btn-group-lg')"
/home/gabriel/Disk/Research/research-javascript-test-smells/repositories/bootstrap-vue-dev/src/components/form-radio/form-radio-group.spec.js,Magic Number,"{'line': 287, 'column': 42, 'index': 8473}","  285 |     })
  286 |     expect(wrapper.classes()).toBeDefined()
> 287 |     expect(wrapper.classes().length).toBe(4)
      |                                          ^ Magic Number
  288 |     expect(wrapper.classes()).toContain('btn-group-vertical')
  289 |     expect(wrapper.classes()).toContain('btn-group-toggle')
  290 |     expect(wrapper.classes()).toContain('btn-group-lg')"
/home/gabriel/Disk/Research/research-javascript-test-smells/repositories/bootstrap-vue-dev/src/components/form-radio/form-radio-group.spec.js,Magic Number,"{'line': 326, 'column': 29, 'index': 9596}","  324 |     const btns = wrapper.findAll('label.btn')
  325 |     expect(btns).toBeDefined()
> 326 |     expect(btns.length).toBe(3)
      |                             ^ Magic Number
  327 |     // Expect them to have the correct variant classes
  328 |     expect(btns.at(0).classes()).toContain('btn-primary')
  329 |     expect(btns.at(1).classes()).toContain('btn-primary')"
/home/gabriel/Disk/Research/research-javascript-test-smells/repositories/bootstrap-vue-dev/src/components/form-radio/form-radio-group.spec.js,Magic Number,"{'line': 350, 'column': 31, 'index': 10290}","  348 |
  349 |     const radios = wrapper.findAll('input')
> 350 |     expect(radios.length).toBe(3)
      |                               ^ Magic Number
  351 |     expect(radios.wrappers.every(c => c.element.matches('input[type=radio]'))).toBe(true)
  352 |
  353 |     wrapper.destroy()"
/home/gabriel/Disk/Research/research-javascript-test-smells/repositories/bootstrap-vue-dev/src/components/form-radio/form-radio-group.spec.js,Magic Number,"{'line': 366, 'column': 31, 'index': 10823}","  364 |     expect(wrapper.classes()).toBeDefined()
  365 |     const radios = wrapper.findAll('input')
> 366 |     expect(radios.length).toBe(3)
      |                               ^ Magic Number
  367 |     expect(wrapper.vm.localChecked).toEqual('')
  368 |     expect(radios.wrappers.every(c => c.element.matches('input[type=radio]'))).toBe(true)
  369 |     expect(radios.at(0).attributes('disabled')).toBeUndefined()"
/home/gabriel/Disk/Research/research-javascript-test-smells/repositories/bootstrap-vue-dev/src/components/form-radio/form-radio-group.spec.js,Magic Number,"{'line': 392, 'column': 31, 'index': 11716}","  390 |     expect(wrapper.classes()).toBeDefined()
  391 |     const radios = wrapper.findAll('input')
> 392 |     expect(radios.length).toBe(3)
      |                               ^ Magic Number
  393 |     expect(wrapper.vm.localChecked).toEqual('')
  394 |     expect(radios.wrappers.every(c => c.find('input[type=radio]'))).toBe(true)
  395 |     expect(radios.wrappers.every(c => c.find('input[required]'))).toBe(true)"
/home/gabriel/Disk/Research/research-javascript-test-smells/repositories/bootstrap-vue-dev/src/components/form-radio/form-radio-group.spec.js,Magic Number,"{'line': 411, 'column': 31, 'index': 12392}","  409 |     expect(wrapper.classes()).toBeDefined()
  410 |     const radios = wrapper.findAll('input')
> 411 |     expect(radios.length).toBe(3)
      |                               ^ Magic Number
  412 |     expect(wrapper.vm.localChecked).toEqual('')
  413 |
  414 |     await radios.at(0).trigger('click')"
/home/gabriel/Disk/Research/research-javascript-test-smells/repositories/bootstrap-vue-dev/src/components/form-radio/form-radio-group.spec.js,Magic Number,"{'line': 417, 'column': 50, 'index': 12637}","  415 |     expect(wrapper.vm.localChecked).toEqual('one')
  416 |     expect(wrapper.emitted('change')).toBeDefined()
> 417 |     expect(wrapper.emitted('change').length).toBe(1)
      |                                                  ^ Magic Number
  418 |     expect(wrapper.emitted('change')[0][0]).toEqual('one')
  419 |     expect(wrapper.emitted('input')).toBeDefined()
  420 |     expect(wrapper.emitted('input').length).toBe(1)"
/home/gabriel/Disk/Research/research-javascript-test-smells/repositories/bootstrap-vue-dev/src/components/form-radio/form-radio-group.spec.js,Magic Number,"{'line': 420, 'column': 49, 'index': 12799}","  418 |     expect(wrapper.emitted('change')[0][0]).toEqual('one')
  419 |     expect(wrapper.emitted('input')).toBeDefined()
> 420 |     expect(wrapper.emitted('input').length).toBe(1)
      |                                                 ^ Magic Number
  421 |     expect(wrapper.emitted('input')[0][0]).toEqual('one')
  422 |
  423 |     await radios.at(2).trigger('click')"
/home/gabriel/Disk/Research/research-javascript-test-smells/repositories/bootstrap-vue-dev/src/components/form-radio/form-radio-group.spec.js,Magic Number,"{'line': 425, 'column': 50, 'index': 13004}","  423 |     await radios.at(2).trigger('click')
  424 |     expect(wrapper.vm.localChecked).toEqual('three')
> 425 |     expect(wrapper.emitted('change').length).toBe(2)
      |                                                  ^ Magic Number
  426 |     expect(wrapper.emitted('change')[1][0]).toEqual('three')
  427 |     expect(wrapper.emitted('input').length).toBe(2)
  428 |     expect(wrapper.emitted('input')[1][0]).toEqual('three')"
/home/gabriel/Disk/Research/research-javascript-test-smells/repositories/bootstrap-vue-dev/src/components/form-radio/form-radio-group.spec.js,Magic Number,"{'line': 427, 'column': 49, 'index': 13117}","  425 |     expect(wrapper.emitted('change').length).toBe(2)
  426 |     expect(wrapper.emitted('change')[1][0]).toEqual('three')
> 427 |     expect(wrapper.emitted('input').length).toBe(2)
      |                                                 ^ Magic Number
  428 |     expect(wrapper.emitted('input')[1][0]).toEqual('three')
  429 |
  430 |     await radios.at(0).trigger('click')"
/home/gabriel/Disk/Research/research-javascript-test-smells/repositories/bootstrap-vue-dev/src/components/form-radio/form-radio-group.spec.js,Magic Number,"{'line': 432, 'column': 50, 'index': 13322}","  430 |     await radios.at(0).trigger('click')
  431 |     expect(wrapper.vm.localChecked).toEqual('one')
> 432 |     expect(wrapper.emitted('change').length).toBe(3)
      |                                                  ^ Magic Number
  433 |     expect(wrapper.emitted('change')[2][0]).toEqual('one')
  434 |     expect(wrapper.emitted('input').length).toBe(3)
  435 |     expect(wrapper.emitted('input')[2][0]).toEqual('one')"
/home/gabriel/Disk/Research/research-javascript-test-smells/repositories/bootstrap-vue-dev/src/components/form-radio/form-radio-group.spec.js,Magic Number,"{'line': 434, 'column': 49, 'index': 13433}","  432 |     expect(wrapper.emitted('change').length).toBe(3)
  433 |     expect(wrapper.emitted('change')[2][0]).toEqual('one')
> 434 |     expect(wrapper.emitted('input').length).toBe(3)
      |                                                 ^ Magic Number
  435 |     expect(wrapper.emitted('input')[2][0]).toEqual('one')
  436 |
  437 |     wrapper.destroy()"
/home/gabriel/Disk/Research/research-javascript-test-smells/repositories/bootstrap-vue-dev/src/components/form-radio/form-radio-group.spec.js,Magic Number,"{'line': 450, 'column': 31, 'index': 13876}","  448 |     expect(wrapper.classes()).toBeDefined()
  449 |     const radios = wrapper.findAll('input')
> 450 |     expect(radios.length).toBe(3)
      |                               ^ Magic Number
  451 |     expect(wrapper.vm.localChecked).toEqual('two')
  452 |     expect(radios.wrappers.every(w => w.attributes('type') === 'radio')).toBe(true)
  453 |     expect(radios.at(0).element.checked).toBe(false)"
/home/gabriel/Disk/Research/research-javascript-test-smells/repositories/bootstrap-vue-dev/src/components/form-input/form-input.spec.js,Duplicate Assert,"{'line': 87, 'column': 4, 'index': 2214}","  85 |
  86 |     const $input = wrapper.find('input')
> 87 |     expect($input.classes()).toContain('custom-range')
     |    ^ Duplicate Assert
  88 |     expect($input.classes()).not.toContain('form-control')
  89 |
  90 |     wrapper.destroy()"
/home/gabriel/Disk/Research/research-javascript-test-smells/repositories/bootstrap-vue-dev/src/components/form-input/form-input.spec.js,Duplicate Assert,"{'line': 88, 'column': 4, 'index': 2269}","  86 |     const $input = wrapper.find('input')
  87 |     expect($input.classes()).toContain('custom-range')
> 88 |     expect($input.classes()).not.toContain('form-control')
     |    ^ Duplicate Assert
  89 |
  90 |     wrapper.destroy()
  91 |   })"
/home/gabriel/Disk/Research/research-javascript-test-smells/repositories/bootstrap-vue-dev/src/components/form-input/form-input.spec.js,Duplicate Assert,"{'line': 102, 'column': 4, 'index': 2620}","  100 |
  101 |     const $input = wrapper.find('input')
> 102 |     expect($input.classes()).toContain('custom-range')
      |    ^ Duplicate Assert
  103 |     expect($input.classes()).not.toContain('form-control')
  104 |     expect($input.classes()).not.toContain('form-control-plaintext')
  105 |"
/home/gabriel/Disk/Research/research-javascript-test-smells/repositories/bootstrap-vue-dev/src/components/form-input/form-input.spec.js,Duplicate Assert,"{'line': 103, 'column': 4, 'index': 2675}","  101 |     const $input = wrapper.find('input')
  102 |     expect($input.classes()).toContain('custom-range')
> 103 |     expect($input.classes()).not.toContain('form-control')
      |    ^ Duplicate Assert
  104 |     expect($input.classes()).not.toContain('form-control-plaintext')
  105 |
  106 |     wrapper.destroy()"
/home/gabriel/Disk/Research/research-javascript-test-smells/repositories/bootstrap-vue-dev/src/components/form-input/form-input.spec.js,Duplicate Assert,"{'line': 104, 'column': 4, 'index': 2734}","  102 |     expect($input.classes()).toContain('custom-range')
  103 |     expect($input.classes()).not.toContain('form-control')
> 104 |     expect($input.classes()).not.toContain('form-control-plaintext')
      |    ^ Duplicate Assert
  105 |
  106 |     wrapper.destroy()
  107 |   })"
/home/gabriel/Disk/Research/research-javascript-test-smells/repositories/bootstrap-vue-dev/src/components/form-input/form-input.spec.js,Duplicate Assert,"{'line': 118, 'column': 4, 'index': 3095}","  116 |
  117 |     const $input = wrapper.find('input')
> 118 |     expect($input.classes()).not.toContain('custom-range')
      |    ^ Duplicate Assert
  119 |     expect($input.classes()).not.toContain('form-control-plaintext')
  120 |     expect($input.classes()).toContain('form-control')
  121 |"
/home/gabriel/Disk/Research/research-javascript-test-smells/repositories/bootstrap-vue-dev/src/components/form-input/form-input.spec.js,Duplicate Assert,"{'line': 119, 'column': 4, 'index': 3154}","  117 |     const $input = wrapper.find('input')
  118 |     expect($input.classes()).not.toContain('custom-range')
> 119 |     expect($input.classes()).not.toContain('form-control-plaintext')
      |    ^ Duplicate Assert
  120 |     expect($input.classes()).toContain('form-control')
  121 |
  122 |     wrapper.destroy()"
/home/gabriel/Disk/Research/research-javascript-test-smells/repositories/bootstrap-vue-dev/src/components/form-input/form-input.spec.js,Duplicate Assert,"{'line': 120, 'column': 4, 'index': 3223}","  118 |     expect($input.classes()).not.toContain('custom-range')
  119 |     expect($input.classes()).not.toContain('form-control-plaintext')
> 120 |     expect($input.classes()).toContain('form-control')
      |    ^ Duplicate Assert
  121 |
  122 |     wrapper.destroy()
  123 |   })"
/home/gabriel/Disk/Research/research-javascript-test-smells/repositories/bootstrap-vue-dev/src/components/form-input/form-input.spec.js,Duplicate Assert,"{'line': 246, 'column': 4, 'index': 6182}","  244 |
  245 |     const $input = wrapper.find('input')
> 246 |     expect($input.classes()).not.toContain('is-valid')
      |    ^ Duplicate Assert
  247 |     expect($input.classes()).not.toContain('is-invalid')
  248 |
  249 |     wrapper.destroy()"
/home/gabriel/Disk/Research/research-javascript-test-smells/repositories/bootstrap-vue-dev/src/components/form-input/form-input.spec.js,Duplicate Assert,"{'line': 247, 'column': 4, 'index': 6237}","  245 |     const $input = wrapper.find('input')
  246 |     expect($input.classes()).not.toContain('is-valid')
> 247 |     expect($input.classes()).not.toContain('is-invalid')
      |    ^ Duplicate Assert
  248 |
  249 |     wrapper.destroy()
  250 |   })"
/home/gabriel/Disk/Research/research-javascript-test-smells/repositories/bootstrap-vue-dev/src/components/form-input/form-input.spec.js,Duplicate Assert,"{'line': 260, 'column': 4, 'index': 6516}","  258 |
  259 |     const $input = wrapper.find('input')
> 260 |     expect($input.classes()).toContain('is-valid')
      |    ^ Duplicate Assert
  261 |     expect($input.classes()).not.toContain('is-invalid')
  262 |
  263 |     wrapper.destroy()"
/home/gabriel/Disk/Research/research-javascript-test-smells/repositories/bootstrap-vue-dev/src/components/form-input/form-input.spec.js,Duplicate Assert,"{'line': 261, 'column': 4, 'index': 6567}","  259 |     const $input = wrapper.find('input')
  260 |     expect($input.classes()).toContain('is-valid')
> 261 |     expect($input.classes()).not.toContain('is-invalid')
      |    ^ Duplicate Assert
  262 |
  263 |     wrapper.destroy()
  264 |   })"
/home/gabriel/Disk/Research/research-javascript-test-smells/repositories/bootstrap-vue-dev/src/components/form-input/form-input.spec.js,Duplicate Assert,"{'line': 274, 'column': 4, 'index': 6850}","  272 |
  273 |     const $input = wrapper.find('input')
> 274 |     expect($input.classes()).toContain('is-invalid')
      |    ^ Duplicate Assert
  275 |     expect($input.classes()).not.toContain('is-valid')
  276 |
  277 |     wrapper.destroy()"
/home/gabriel/Disk/Research/research-javascript-test-smells/repositories/bootstrap-vue-dev/src/components/form-input/form-input.spec.js,Duplicate Assert,"{'line': 275, 'column': 4, 'index': 6903}","  273 |     const $input = wrapper.find('input')
  274 |     expect($input.classes()).toContain('is-invalid')
> 275 |     expect($input.classes()).not.toContain('is-valid')
      |    ^ Duplicate Assert
  276 |
  277 |     wrapper.destroy()
  278 |   })"
/home/gabriel/Disk/Research/research-javascript-test-smells/repositories/bootstrap-vue-dev/src/components/form-input/form-input.spec.js,Duplicate Assert,"{'line': 500, 'column': 4, 'index': 12639}","  498 |     await $input.trigger('input')
  499 |
> 500 |     expect($input.vm.localValue).toEqual('TEST')
      |    ^ Duplicate Assert
  501 |     expect(wrapper.emitted('update')).toBeDefined()
  502 |     expect(wrapper.emitted('update').length).toEqual(1)
  503 |     expect(wrapper.emitted('update')[0][0]).toEqual('TEST')"
/home/gabriel/Disk/Research/research-javascript-test-smells/repositories/bootstrap-vue-dev/src/components/form-input/form-input.spec.js,Duplicate Assert,"{'line': 501, 'column': 4, 'index': 12688}","  499 |
  500 |     expect($input.vm.localValue).toEqual('TEST')
> 501 |     expect(wrapper.emitted('update')).toBeDefined()
      |    ^ Duplicate Assert
  502 |     expect(wrapper.emitted('update').length).toEqual(1)
  503 |     expect(wrapper.emitted('update')[0][0]).toEqual('TEST')
  504 |"
/home/gabriel/Disk/Research/research-javascript-test-smells/repositories/bootstrap-vue-dev/src/components/form-input/form-input.spec.js,Duplicate Assert,"{'line': 501, 'column': 4, 'index': 12688}","  499 |
  500 |     expect($input.vm.localValue).toEqual('TEST')
> 501 |     expect(wrapper.emitted('update')).toBeDefined()
      |    ^ Duplicate Assert
  502 |     expect(wrapper.emitted('update').length).toEqual(1)
  503 |     expect(wrapper.emitted('update')[0][0]).toEqual('TEST')
  504 |"
/home/gabriel/Disk/Research/research-javascript-test-smells/repositories/bootstrap-vue-dev/src/components/form-input/form-input.spec.js,Duplicate Assert,"{'line': 502, 'column': 4, 'index': 12740}","  500 |     expect($input.vm.localValue).toEqual('TEST')
  501 |     expect(wrapper.emitted('update')).toBeDefined()
> 502 |     expect(wrapper.emitted('update').length).toEqual(1)
      |    ^ Duplicate Assert
  503 |     expect(wrapper.emitted('update')[0][0]).toEqual('TEST')
  504 |
  505 |     await $input.trigger('blur')"
/home/gabriel/Disk/Research/research-javascript-test-smells/repositories/bootstrap-vue-dev/src/components/form-input/form-input.spec.js,Duplicate Assert,"{'line': 507, 'column': 4, 'index': 12891}","  505 |     await $input.trigger('blur')
  506 |
> 507 |     expect(wrapper.emitted('update')).toBeDefined()
      |    ^ Duplicate Assert
  508 |     expect(wrapper.emitted('update').length).toEqual(2)
  509 |     expect(wrapper.emitted('update')[1][0]).toEqual('test')
  510 |     expect(wrapper.emitted('input')).toBeDefined()"
/home/gabriel/Disk/Research/research-javascript-test-smells/repositories/bootstrap-vue-dev/src/components/form-input/form-input.spec.js,Duplicate Assert,"{'line': 507, 'column': 4, 'index': 12891}","  505 |     await $input.trigger('blur')
  506 |
> 507 |     expect(wrapper.emitted('update')).toBeDefined()
      |    ^ Duplicate Assert
  508 |     expect(wrapper.emitted('update').length).toEqual(2)
  509 |     expect(wrapper.emitted('update')[1][0]).toEqual('test')
  510 |     expect(wrapper.emitted('input')).toBeDefined()"
/home/gabriel/Disk/Research/research-javascript-test-smells/repositories/bootstrap-vue-dev/src/components/form-input/form-input.spec.js,Duplicate Assert,"{'line': 508, 'column': 4, 'index': 12943}","  506 |
  507 |     expect(wrapper.emitted('update')).toBeDefined()
> 508 |     expect(wrapper.emitted('update').length).toEqual(2)
      |    ^ Duplicate Assert
  509 |     expect(wrapper.emitted('update')[1][0]).toEqual('test')
  510 |     expect(wrapper.emitted('input')).toBeDefined()
  511 |     expect(wrapper.emitted('change')).toBeUndefined()"
/home/gabriel/Disk/Research/research-javascript-test-smells/repositories/bootstrap-vue-dev/src/components/form-input/form-input.spec.js,Duplicate Assert,"{'line': 514, 'column': 4, 'index': 13268}","  512 |     expect(wrapper.emitted('blur')).toBeDefined()
  513 |     expect(wrapper.emitted('blur').length).toEqual(1)
> 514 |     expect($input.vm.localValue).toEqual('test')
      |    ^ Duplicate Assert
  515 |
  516 |     wrapper.destroy()
  517 |   })"
/home/gabriel/Disk/Research/research-javascript-test-smells/repositories/bootstrap-vue-dev/src/components/form-input/form-input.spec.js,Duplicate Assert,"{'line': 657, 'column': 4, 'index': 17292}","  655 |     expect(wrapper.element.type).toBe('number')
  656 |     expect(wrapper.props().noWheel).toBe(false)
> 657 |     expect(document.activeElement).not.toBe(wrapper.element)
      |    ^ Duplicate Assert
  658 |
  659 |     wrapper.element.focus()
  660 |     await wrapper.trigger('focus')"
/home/gabriel/Disk/Research/research-javascript-test-smells/repositories/bootstrap-vue-dev/src/components/form-input/form-input.spec.js,Duplicate Assert,"{'line': 661, 'column': 4, 'index': 17417}","  659 |     wrapper.element.focus()
  660 |     await wrapper.trigger('focus')
> 661 |     expect(document.activeElement).toBe(wrapper.element)
      |    ^ Duplicate Assert
  662 |     await wrapper.trigger('wheel', { deltaY: 33.33, deltaX: 0, deltaZ: 0, deltaMode: 0 })
  663 |
  664 |     // `:no-wheel=""false""` will not fire a blur event on the input when wheel fired"
/home/gabriel/Disk/Research/research-javascript-test-smells/repositories/bootstrap-vue-dev/src/components/form-input/form-input.spec.js,Duplicate Assert,"{'line': 685, 'column': 4, 'index': 18078}","  683 |
  684 |     expect(wrapper.element.type).toBe('number')
> 685 |     expect(wrapper.props().noWheel).toBe(false)
      |    ^ Duplicate Assert
  686 |     expect(document.activeElement).not.toBe(wrapper.element)
  687 |
  688 |     wrapper.element.focus()"
/home/gabriel/Disk/Research/research-javascript-test-smells/repositories/bootstrap-vue-dev/src/components/form-input/form-input.spec.js,Duplicate Assert,"{'line': 686, 'column': 4, 'index': 18126}","  684 |     expect(wrapper.element.type).toBe('number')
  685 |     expect(wrapper.props().noWheel).toBe(false)
> 686 |     expect(document.activeElement).not.toBe(wrapper.element)
      |    ^ Duplicate Assert
  687 |
  688 |     wrapper.element.focus()
  689 |     await wrapper.trigger('focus')"
/home/gabriel/Disk/Research/research-javascript-test-smells/repositories/bootstrap-vue-dev/src/components/form-input/form-input.spec.js,Duplicate Assert,"{'line': 686, 'column': 4, 'index': 18126}","  684 |     expect(wrapper.element.type).toBe('number')
  685 |     expect(wrapper.props().noWheel).toBe(false)
> 686 |     expect(document.activeElement).not.toBe(wrapper.element)
      |    ^ Duplicate Assert
  687 |
  688 |     wrapper.element.focus()
  689 |     await wrapper.trigger('focus')"
/home/gabriel/Disk/Research/research-javascript-test-smells/repositories/bootstrap-vue-dev/src/components/form-input/form-input.spec.js,Duplicate Assert,"{'line': 690, 'column': 4, 'index': 18251}","  688 |     wrapper.element.focus()
  689 |     await wrapper.trigger('focus')
> 690 |     expect(document.activeElement).toBe(wrapper.element)
      |    ^ Duplicate Assert
  691 |     await wrapper.trigger('wheel', { deltaY: 33.33, deltaX: 0, deltaZ: 0, deltaMode: 0 })
  692 |
  693 |     // no-wheel=false will not fire a blur event on the input when wheel fired"
/home/gabriel/Disk/Research/research-javascript-test-smells/repositories/bootstrap-vue-dev/src/components/form-input/form-input.spec.js,Duplicate Assert,"{'line': 690, 'column': 4, 'index': 18251}","  688 |     wrapper.element.focus()
  689 |     await wrapper.trigger('focus')
> 690 |     expect(document.activeElement).toBe(wrapper.element)
      |    ^ Duplicate Assert
  691 |     await wrapper.trigger('wheel', { deltaY: 33.33, deltaX: 0, deltaZ: 0, deltaMode: 0 })
  692 |
  693 |     // no-wheel=false will not fire a blur event on the input when wheel fired"
/home/gabriel/Disk/Research/research-javascript-test-smells/repositories/bootstrap-vue-dev/src/components/form-input/form-input.spec.js,Duplicate Assert,"{'line': 694, 'column': 4, 'index': 18478}","  692 |
  693 |     // no-wheel=false will not fire a blur event on the input when wheel fired
> 694 |     expect(spy).not.toHaveBeenCalled()
      |    ^ Duplicate Assert
  695 |
  696 |     await wrapper.setProps({ noWheel: true })
  697 |     expect(wrapper.props().noWheel).toBe(true)"
/home/gabriel/Disk/Research/research-javascript-test-smells/repositories/bootstrap-vue-dev/src/components/form-input/form-input.spec.js,Duplicate Assert,"{'line': 697, 'column': 4, 'index': 18564}","  695 |
  696 |     await wrapper.setProps({ noWheel: true })
> 697 |     expect(wrapper.props().noWheel).toBe(true)
      |    ^ Duplicate Assert
  698 |
  699 |     wrapper.element.focus()
  700 |     await wrapper.trigger('focus')"
/home/gabriel/Disk/Research/research-javascript-test-smells/repositories/bootstrap-vue-dev/src/components/form-input/form-input.spec.js,Duplicate Assert,"{'line': 701, 'column': 4, 'index': 18675}","  699 |     wrapper.element.focus()
  700 |     await wrapper.trigger('focus')
> 701 |     expect(document.activeElement).toBe(wrapper.element)
      |    ^ Duplicate Assert
  702 |
  703 |     // `no-wheel=""true""` will fire a blur event on the input when wheel fired
  704 |     wrapper.element.blur()"
/home/gabriel/Disk/Research/research-javascript-test-smells/repositories/bootstrap-vue-dev/src/components/form-input/form-input.spec.js,Duplicate Assert,"{'line': 701, 'column': 4, 'index': 18675}","  699 |     wrapper.element.focus()
  700 |     await wrapper.trigger('focus')
> 701 |     expect(document.activeElement).toBe(wrapper.element)
      |    ^ Duplicate Assert
  702 |
  703 |     // `no-wheel=""true""` will fire a blur event on the input when wheel fired
  704 |     wrapper.element.blur()"
/home/gabriel/Disk/Research/research-javascript-test-smells/repositories/bootstrap-vue-dev/src/components/form-input/form-input.spec.js,Duplicate Assert,"{'line': 706, 'column': 4, 'index': 18928}","  704 |     wrapper.element.blur()
  705 |     await wrapper.trigger('wheel', { deltaY: 33.33, deltaX: 0, deltaZ: 0, deltaMode: 0 })
> 706 |     expect(document.activeElement).not.toBe(wrapper.element)
      |    ^ Duplicate Assert
  707 |     expect(spy).toHaveBeenCalled()
  708 |
  709 |     wrapper.destroy()"
/home/gabriel/Disk/Research/research-javascript-test-smells/repositories/bootstrap-vue-dev/src/components/form-input/form-input.spec.js,Duplicate Assert,"{'line': 706, 'column': 4, 'index': 18928}","  704 |     wrapper.element.blur()
  705 |     await wrapper.trigger('wheel', { deltaY: 33.33, deltaX: 0, deltaZ: 0, deltaMode: 0 })
> 706 |     expect(document.activeElement).not.toBe(wrapper.element)
      |    ^ Duplicate Assert
  707 |     expect(spy).toHaveBeenCalled()
  708 |
  709 |     wrapper.destroy()"
/home/gabriel/Disk/Research/research-javascript-test-smells/repositories/bootstrap-vue-dev/src/components/form-input/form-input.spec.js,Duplicate Assert,"{'line': 707, 'column': 4, 'index': 18989}","  705 |     await wrapper.trigger('wheel', { deltaY: 33.33, deltaX: 0, deltaZ: 0, deltaMode: 0 })
  706 |     expect(document.activeElement).not.toBe(wrapper.element)
> 707 |     expect(spy).toHaveBeenCalled()
      |    ^ Duplicate Assert
  708 |
  709 |     wrapper.destroy()
  710 |   })"
/home/gabriel/Disk/Research/research-javascript-test-smells/repositories/bootstrap-vue-dev/src/components/form-input/form-input.spec.js,Duplicate Assert,"{'line': 724, 'column': 4, 'index': 19335}","  722 |     await $input.trigger('input')
  723 |
> 724 |     expect($input.element.value).toBe('123.450')
      |    ^ Duplicate Assert
  725 |     // `v-model` update event (should emit a numerical value)
  726 |     expect(wrapper.emitted('update')).toBeDefined()
  727 |     expect(wrapper.emitted('update').length).toBe(1)"
/home/gabriel/Disk/Research/research-javascript-test-smells/repositories/bootstrap-vue-dev/src/components/form-input/form-input.spec.js,Duplicate Assert,"{'line': 727, 'column': 4, 'index': 19498}","  725 |     // `v-model` update event (should emit a numerical value)
  726 |     expect(wrapper.emitted('update')).toBeDefined()
> 727 |     expect(wrapper.emitted('update').length).toBe(1)
      |    ^ Duplicate Assert
  728 |     expect(wrapper.emitted('update')[0].length).toEqual(1)
  729 |     expect(wrapper.emitted('update')[0][0]).toBeCloseTo(123.45)
  730 |     // Pre converted value as string (raw input value)"
/home/gabriel/Disk/Research/research-javascript-test-smells/repositories/bootstrap-vue-dev/src/components/form-input/form-input.spec.js,Duplicate Assert,"{'line': 727, 'column': 4, 'index': 19498}","  725 |     // `v-model` update event (should emit a numerical value)
  726 |     expect(wrapper.emitted('update')).toBeDefined()
> 727 |     expect(wrapper.emitted('update').length).toBe(1)
      |    ^ Duplicate Assert
  728 |     expect(wrapper.emitted('update')[0].length).toEqual(1)
  729 |     expect(wrapper.emitted('update')[0][0]).toBeCloseTo(123.45)
  730 |     // Pre converted value as string (raw input value)"
/home/gabriel/Disk/Research/research-javascript-test-smells/repositories/bootstrap-vue-dev/src/components/form-input/form-input.spec.js,Duplicate Assert,"{'line': 729, 'column': 4, 'index': 19610}","  727 |     expect(wrapper.emitted('update').length).toBe(1)
  728 |     expect(wrapper.emitted('update')[0].length).toEqual(1)
> 729 |     expect(wrapper.emitted('update')[0][0]).toBeCloseTo(123.45)
      |    ^ Duplicate Assert
  730 |     // Pre converted value as string (raw input value)
  731 |     expect(wrapper.emitted('input')).toBeDefined()
  732 |     expect(wrapper.emitted('input').length).toBe(1)"
/home/gabriel/Disk/Research/research-javascript-test-smells/repositories/bootstrap-vue-dev/src/components/form-input/form-input.spec.js,Duplicate Assert,"{'line': 729, 'column': 4, 'index': 19610}","  727 |     expect(wrapper.emitted('update').length).toBe(1)
  728 |     expect(wrapper.emitted('update')[0].length).toEqual(1)
> 729 |     expect(wrapper.emitted('update')[0][0]).toBeCloseTo(123.45)
      |    ^ Duplicate Assert
  730 |     // Pre converted value as string (raw input value)
  731 |     expect(wrapper.emitted('input')).toBeDefined()
  732 |     expect(wrapper.emitted('input').length).toBe(1)"
/home/gabriel/Disk/Research/research-javascript-test-smells/repositories/bootstrap-vue-dev/src/components/form-input/form-input.spec.js,Duplicate Assert,"{'line': 732, 'column': 4, 'index': 19780}","  730 |     // Pre converted value as string (raw input value)
  731 |     expect(wrapper.emitted('input')).toBeDefined()
> 732 |     expect(wrapper.emitted('input').length).toBe(1)
      |    ^ Duplicate Assert
  733 |     expect(wrapper.emitted('input')[0].length).toEqual(1)
  734 |     expect(wrapper.emitted('input')[0][0]).toEqual('123.450')
  735 |"
/home/gabriel/Disk/Research/research-javascript-test-smells/repositories/bootstrap-vue-dev/src/components/form-input/form-input.spec.js,Duplicate Assert,"{'line': 740, 'column': 4, 'index': 20100}","  738 |     await $input.trigger('input')
  739 |
> 740 |     expect($input.element.value).toBe('123.4500')
      |    ^ Duplicate Assert
  741 |     // Should emit a new input event
  742 |     expect(wrapper.emitted('input').length).toEqual(2)
  743 |     expect(wrapper.emitted('input')[1][0]).toEqual('123.4500')"
/home/gabriel/Disk/Research/research-javascript-test-smells/repositories/bootstrap-vue-dev/src/components/form-input/form-input.spec.js,Duplicate Assert,"{'line': 742, 'column': 4, 'index': 20187}","  740 |     expect($input.element.value).toBe('123.4500')
  741 |     // Should emit a new input event
> 742 |     expect(wrapper.emitted('input').length).toEqual(2)
      |    ^ Duplicate Assert
  743 |     expect(wrapper.emitted('input')[1][0]).toEqual('123.4500')
  744 |     // `v-model` value stays the same and update event shouldn't be emitted again
  745 |     expect(wrapper.emitted('update').length).toBe(1)"
/home/gabriel/Disk/Research/research-javascript-test-smells/repositories/bootstrap-vue-dev/src/components/form-input/form-input.spec.js,Duplicate Assert,"{'line': 745, 'column': 4, 'index': 20387}","  743 |     expect(wrapper.emitted('input')[1][0]).toEqual('123.4500')
  744 |     // `v-model` value stays the same and update event shouldn't be emitted again
> 745 |     expect(wrapper.emitted('update').length).toBe(1)
      |    ^ Duplicate Assert
  746 |     expect(wrapper.emitted('update')[0][0]).toBeCloseTo(123.45)
  747 |
  748 |     // Updating the `v-model` to new numeric value"
/home/gabriel/Disk/Research/research-javascript-test-smells/repositories/bootstrap-vue-dev/src/components/form-input/form-input.spec.js,Duplicate Assert,"{'line': 745, 'column': 4, 'index': 20387}","  743 |     expect(wrapper.emitted('input')[1][0]).toEqual('123.4500')
  744 |     // `v-model` value stays the same and update event shouldn't be emitted again
> 745 |     expect(wrapper.emitted('update').length).toBe(1)
      |    ^ Duplicate Assert
  746 |     expect(wrapper.emitted('update')[0][0]).toBeCloseTo(123.45)
  747 |
  748 |     // Updating the `v-model` to new numeric value"
/home/gabriel/Disk/Research/research-javascript-test-smells/repositories/bootstrap-vue-dev/src/components/form-input/form-input.spec.js,Duplicate Assert,"{'line': 746, 'column': 4, 'index': 20440}","  744 |     // `v-model` value stays the same and update event shouldn't be emitted again
  745 |     expect(wrapper.emitted('update').length).toBe(1)
> 746 |     expect(wrapper.emitted('update')[0][0]).toBeCloseTo(123.45)
      |    ^ Duplicate Assert
  747 |
  748 |     // Updating the `v-model` to new numeric value
  749 |     await wrapper.setProps({ value: 45.6 })"
/home/gabriel/Disk/Research/research-javascript-test-smells/repositories/bootstrap-vue-dev/src/components/form-input/form-input.spec.js,Duplicate Assert,"{'line': 746, 'column': 4, 'index': 20440}","  744 |     // `v-model` value stays the same and update event shouldn't be emitted again
  745 |     expect(wrapper.emitted('update').length).toBe(1)
> 746 |     expect(wrapper.emitted('update')[0][0]).toBeCloseTo(123.45)
      |    ^ Duplicate Assert
  747 |
  748 |     // Updating the `v-model` to new numeric value
  749 |     await wrapper.setProps({ value: 45.6 })"
/home/gabriel/Disk/Research/research-javascript-test-smells/repositories/bootstrap-vue-dev/src/components/form-input/form-input.spec.js,Duplicate Assert,"{'line': 750, 'column': 4, 'index': 20600}","  748 |     // Updating the `v-model` to new numeric value
  749 |     await wrapper.setProps({ value: 45.6 })
> 750 |     expect($input.element.value).toBe('45.6')
      |    ^ Duplicate Assert
  751 |
  752 |     wrapper.destroy()
  753 |   })"
/home/gabriel/Disk/Research/research-javascript-test-smells/repositories/bootstrap-vue-dev/src/components/form-input/form-input.spec.js,Duplicate Assert,"{'line': 766, 'column': 4, 'index': 20946}","  764 |     $input.element.value = 'a'
  765 |     await $input.trigger('input')
> 766 |     expect($input.element.value).toBe('a')
      |    ^ Duplicate Assert
  767 |     // `v-model` update event should not have emitted
  768 |     expect(wrapper.emitted('update')).toBeUndefined()
  769 |"
/home/gabriel/Disk/Research/research-javascript-test-smells/repositories/bootstrap-vue-dev/src/components/form-input/form-input.spec.js,Duplicate Assert,"{'line': 768, 'column': 4, 'index': 21043}","  766 |     expect($input.element.value).toBe('a')
  767 |     // `v-model` update event should not have emitted
> 768 |     expect(wrapper.emitted('update')).toBeUndefined()
      |    ^ Duplicate Assert
  769 |
  770 |     $input.element.value = 'ab'
  771 |     await $input.trigger('input')"
/home/gabriel/Disk/Research/research-javascript-test-smells/repositories/bootstrap-vue-dev/src/components/form-input/form-input.spec.js,Duplicate Assert,"{'line': 768, 'column': 4, 'index': 21043}","  766 |     expect($input.element.value).toBe('a')
  767 |     // `v-model` update event should not have emitted
> 768 |     expect(wrapper.emitted('update')).toBeUndefined()
      |    ^ Duplicate Assert
  769 |
  770 |     $input.element.value = 'ab'
  771 |     await $input.trigger('input')"
/home/gabriel/Disk/Research/research-javascript-test-smells/repositories/bootstrap-vue-dev/src/components/form-input/form-input.spec.js,Duplicate Assert,"{'line': 772, 'column': 4, 'index': 21164}","  770 |     $input.element.value = 'ab'
  771 |     await $input.trigger('input')
> 772 |     expect($input.element.value).toBe('ab')
      |    ^ Duplicate Assert
  773 |     // `v-model` update event should not have emitted
  774 |     expect(wrapper.emitted('update')).toBeUndefined()
  775 |"
/home/gabriel/Disk/Research/research-javascript-test-smells/repositories/bootstrap-vue-dev/src/components/form-input/form-input.spec.js,Duplicate Assert,"{'line': 772, 'column': 4, 'index': 21164}","  770 |     $input.element.value = 'ab'
  771 |     await $input.trigger('input')
> 772 |     expect($input.element.value).toBe('ab')
      |    ^ Duplicate Assert
  773 |     // `v-model` update event should not have emitted
  774 |     expect(wrapper.emitted('update')).toBeUndefined()
  775 |"
/home/gabriel/Disk/Research/research-javascript-test-smells/repositories/bootstrap-vue-dev/src/components/form-input/form-input.spec.js,Duplicate Assert,"{'line': 774, 'column': 4, 'index': 21262}","  772 |     expect($input.element.value).toBe('ab')
  773 |     // `v-model` update event should not have emitted
> 774 |     expect(wrapper.emitted('update')).toBeUndefined()
      |    ^ Duplicate Assert
  775 |
  776 |     // trigger a change event
  777 |     await $input.trigger('change')"
/home/gabriel/Disk/Research/research-javascript-test-smells/repositories/bootstrap-vue-dev/src/components/form-input/form-input.spec.js,Duplicate Assert,"{'line': 774, 'column': 4, 'index': 21262}","  772 |     expect($input.element.value).toBe('ab')
  773 |     // `v-model` update event should not have emitted
> 774 |     expect(wrapper.emitted('update')).toBeUndefined()
      |    ^ Duplicate Assert
  775 |
  776 |     // trigger a change event
  777 |     await $input.trigger('change')"
/home/gabriel/Disk/Research/research-javascript-test-smells/repositories/bootstrap-vue-dev/src/components/form-input/form-input.spec.js,Duplicate Assert,"{'line': 778, 'column': 4, 'index': 21382}","  776 |     // trigger a change event
  777 |     await $input.trigger('change')
> 778 |     expect($input.element.value).toBe('ab')
      |    ^ Duplicate Assert
  779 |     // `v-model` update event should have emitted
  780 |     expect(wrapper.emitted('update')).toBeDefined()
  781 |     expect(wrapper.emitted('update').length).toEqual(1)"
/home/gabriel/Disk/Research/research-javascript-test-smells/repositories/bootstrap-vue-dev/src/components/form-input/form-input.spec.js,Duplicate Assert,"{'line': 778, 'column': 4, 'index': 21382}","  776 |     // trigger a change event
  777 |     await $input.trigger('change')
> 778 |     expect($input.element.value).toBe('ab')
      |    ^ Duplicate Assert
  779 |     // `v-model` update event should have emitted
  780 |     expect(wrapper.emitted('update')).toBeDefined()
  781 |     expect(wrapper.emitted('update').length).toEqual(1)"
/home/gabriel/Disk/Research/research-javascript-test-smells/repositories/bootstrap-vue-dev/src/components/form-input/form-input.spec.js,Duplicate Assert,"{'line': 780, 'column': 4, 'index': 21476}","  778 |     expect($input.element.value).toBe('ab')
  779 |     // `v-model` update event should have emitted
> 780 |     expect(wrapper.emitted('update')).toBeDefined()
      |    ^ Duplicate Assert
  781 |     expect(wrapper.emitted('update').length).toEqual(1)
  782 |     expect(wrapper.emitted('update')[0][0]).toBe('ab')
  783 |"
/home/gabriel/Disk/Research/research-javascript-test-smells/repositories/bootstrap-vue-dev/src/components/form-input/form-input.spec.js,Duplicate Assert,"{'line': 781, 'column': 4, 'index': 21528}","  779 |     // `v-model` update event should have emitted
  780 |     expect(wrapper.emitted('update')).toBeDefined()
> 781 |     expect(wrapper.emitted('update').length).toEqual(1)
      |    ^ Duplicate Assert
  782 |     expect(wrapper.emitted('update')[0][0]).toBe('ab')
  783 |
  784 |     $input.element.value = 'abc'"
/home/gabriel/Disk/Research/research-javascript-test-smells/repositories/bootstrap-vue-dev/src/components/form-input/form-input.spec.js,Duplicate Assert,"{'line': 781, 'column': 4, 'index': 21528}","  779 |     // `v-model` update event should have emitted
  780 |     expect(wrapper.emitted('update')).toBeDefined()
> 781 |     expect(wrapper.emitted('update').length).toEqual(1)
      |    ^ Duplicate Assert
  782 |     expect(wrapper.emitted('update')[0][0]).toBe('ab')
  783 |
  784 |     $input.element.value = 'abc'"
/home/gabriel/Disk/Research/research-javascript-test-smells/repositories/bootstrap-vue-dev/src/components/form-input/form-input.spec.js,Duplicate Assert,"{'line': 786, 'column': 4, 'index': 21707}","  784 |     $input.element.value = 'abc'
  785 |     await $input.trigger('input')
> 786 |     expect($input.element.value).toBe('abc')
      |    ^ Duplicate Assert
  787 |     // `v-model` update event should not have emitted new event
  788 |     expect(wrapper.emitted('update').length).toEqual(1)
  789 |"
/home/gabriel/Disk/Research/research-javascript-test-smells/repositories/bootstrap-vue-dev/src/components/form-input/form-input.spec.js,Duplicate Assert,"{'line': 788, 'column': 4, 'index': 21816}","  786 |     expect($input.element.value).toBe('abc')
  787 |     // `v-model` update event should not have emitted new event
> 788 |     expect(wrapper.emitted('update').length).toEqual(1)
      |    ^ Duplicate Assert
  789 |
  790 |     $input.element.value = 'abcd'
  791 |     await $input.trigger('input')"
/home/gabriel/Disk/Research/research-javascript-test-smells/repositories/bootstrap-vue-dev/src/components/form-input/form-input.spec.js,Duplicate Assert,"{'line': 788, 'column': 4, 'index': 21816}","  786 |     expect($input.element.value).toBe('abc')
  787 |     // `v-model` update event should not have emitted new event
> 788 |     expect(wrapper.emitted('update').length).toEqual(1)
      |    ^ Duplicate Assert
  789 |
  790 |     $input.element.value = 'abcd'
  791 |     await $input.trigger('input')"
/home/gabriel/Disk/Research/research-javascript-test-smells/repositories/bootstrap-vue-dev/src/components/form-input/form-input.spec.js,Duplicate Assert,"{'line': 792, 'column': 4, 'index': 21941}","  790 |     $input.element.value = 'abcd'
  791 |     await $input.trigger('input')
> 792 |     expect($input.element.value).toBe('abcd')
      |    ^ Duplicate Assert
  793 |     // `v-model` update event should not have emitted new event
  794 |     expect(wrapper.emitted('update').length).toEqual(1)
  795 |"
/home/gabriel/Disk/Research/research-javascript-test-smells/repositories/bootstrap-vue-dev/src/components/form-input/form-input.spec.js,Duplicate Assert,"{'line': 792, 'column': 4, 'index': 21941}","  790 |     $input.element.value = 'abcd'
  791 |     await $input.trigger('input')
> 792 |     expect($input.element.value).toBe('abcd')
      |    ^ Duplicate Assert
  793 |     // `v-model` update event should not have emitted new event
  794 |     expect(wrapper.emitted('update').length).toEqual(1)
  795 |"
/home/gabriel/Disk/Research/research-javascript-test-smells/repositories/bootstrap-vue-dev/src/components/form-input/form-input.spec.js,Duplicate Assert,"{'line': 794, 'column': 4, 'index': 22051}","  792 |     expect($input.element.value).toBe('abcd')
  793 |     // `v-model` update event should not have emitted new event
> 794 |     expect(wrapper.emitted('update').length).toEqual(1)
      |    ^ Duplicate Assert
  795 |
  796 |     // Trigger a blur event
  797 |     await $input.trigger('blur')"
/home/gabriel/Disk/Research/research-javascript-test-smells/repositories/bootstrap-vue-dev/src/components/form-input/form-input.spec.js,Duplicate Assert,"{'line': 794, 'column': 4, 'index': 22051}","  792 |     expect($input.element.value).toBe('abcd')
  793 |     // `v-model` update event should not have emitted new event
> 794 |     expect(wrapper.emitted('update').length).toEqual(1)
      |    ^ Duplicate Assert
  795 |
  796 |     // Trigger a blur event
  797 |     await $input.trigger('blur')"
/home/gabriel/Disk/Research/research-javascript-test-smells/repositories/bootstrap-vue-dev/src/components/form-input/form-input.spec.js,Duplicate Assert,"{'line': 798, 'column': 4, 'index': 22169}","  796 |     // Trigger a blur event
  797 |     await $input.trigger('blur')
> 798 |     expect($input.element.value).toBe('abcd')
      |    ^ Duplicate Assert
  799 |     // `v-model` update event should have emitted
  800 |     expect(wrapper.emitted('update').length).toEqual(2)
  801 |     expect(wrapper.emitted('update')[1][0]).toBe('abcd')"
/home/gabriel/Disk/Research/research-javascript-test-smells/repositories/bootstrap-vue-dev/src/components/form-input/form-input.spec.js,Duplicate Assert,"{'line': 798, 'column': 4, 'index': 22169}","  796 |     // Trigger a blur event
  797 |     await $input.trigger('blur')
> 798 |     expect($input.element.value).toBe('abcd')
      |    ^ Duplicate Assert
  799 |     // `v-model` update event should have emitted
  800 |     expect(wrapper.emitted('update').length).toEqual(2)
  801 |     expect(wrapper.emitted('update')[1][0]).toBe('abcd')"
/home/gabriel/Disk/Research/research-javascript-test-smells/repositories/bootstrap-vue-dev/src/components/form-input/form-input.spec.js,Duplicate Assert,"{'line': 800, 'column': 4, 'index': 22265}","  798 |     expect($input.element.value).toBe('abcd')
  799 |     // `v-model` update event should have emitted
> 800 |     expect(wrapper.emitted('update').length).toEqual(2)
      |    ^ Duplicate Assert
  801 |     expect(wrapper.emitted('update')[1][0]).toBe('abcd')
  802 |
  803 |     wrapper.destroy()"
/home/gabriel/Disk/Research/research-javascript-test-smells/repositories/bootstrap-vue-dev/src/components/form-input/form-input.spec.js,Duplicate Assert,"{'line': 819, 'column': 4, 'index': 22720}","  817 |     $input.element.value = 'a'
  818 |     await $input.trigger('input')
> 819 |     expect($input.element.value).toBe('a')
      |    ^ Duplicate Assert
  820 |     // `v-model` update event should not have emitted
  821 |     expect(wrapper.emitted('update')).toBeUndefined()
  822 |     // `input` event should be emitted"
/home/gabriel/Disk/Research/research-javascript-test-smells/repositories/bootstrap-vue-dev/src/components/form-input/form-input.spec.js,Duplicate Assert,"{'line': 821, 'column': 4, 'index': 22817}","  819 |     expect($input.element.value).toBe('a')
  820 |     // `v-model` update event should not have emitted
> 821 |     expect(wrapper.emitted('update')).toBeUndefined()
      |    ^ Duplicate Assert
  822 |     // `input` event should be emitted
  823 |     expect(wrapper.emitted('input')).toBeDefined()
  824 |     expect(wrapper.emitted('input').length).toBe(1)"
/home/gabriel/Disk/Research/research-javascript-test-smells/repositories/bootstrap-vue-dev/src/components/form-input/form-input.spec.js,Duplicate Assert,"{'line': 821, 'column': 4, 'index': 22817}","  819 |     expect($input.element.value).toBe('a')
  820 |     // `v-model` update event should not have emitted
> 821 |     expect(wrapper.emitted('update')).toBeUndefined()
      |    ^ Duplicate Assert
  822 |     // `input` event should be emitted
  823 |     expect(wrapper.emitted('input')).toBeDefined()
  824 |     expect(wrapper.emitted('input').length).toBe(1)"
/home/gabriel/Disk/Research/research-javascript-test-smells/repositories/bootstrap-vue-dev/src/components/form-input/form-input.spec.js,Duplicate Assert,"{'line': 824, 'column': 4, 'index': 22961}","  822 |     // `input` event should be emitted
  823 |     expect(wrapper.emitted('input')).toBeDefined()
> 824 |     expect(wrapper.emitted('input').length).toBe(1)
      |    ^ Duplicate Assert
  825 |     expect(wrapper.emitted('input')[0][0]).toBe('a')
  826 |
  827 |     $input.element.value = 'ab'"
/home/gabriel/Disk/Research/research-javascript-test-smells/repositories/bootstrap-vue-dev/src/components/form-input/form-input.spec.js,Duplicate Assert,"{'line': 829, 'column': 4, 'index': 23133}","  827 |     $input.element.value = 'ab'
  828 |     await $input.trigger('input')
> 829 |     expect($input.element.value).toBe('ab')
      |    ^ Duplicate Assert
  830 |     // `v-model` update event should not have emitted
  831 |     expect(wrapper.emitted('update')).toBeUndefined()
  832 |     // `input` event should be emitted"
/home/gabriel/Disk/Research/research-javascript-test-smells/repositories/bootstrap-vue-dev/src/components/form-input/form-input.spec.js,Duplicate Assert,"{'line': 829, 'column': 4, 'index': 23133}","  827 |     $input.element.value = 'ab'
  828 |     await $input.trigger('input')
> 829 |     expect($input.element.value).toBe('ab')
      |    ^ Duplicate Assert
  830 |     // `v-model` update event should not have emitted
  831 |     expect(wrapper.emitted('update')).toBeUndefined()
  832 |     // `input` event should be emitted"
/home/gabriel/Disk/Research/research-javascript-test-smells/repositories/bootstrap-vue-dev/src/components/form-input/form-input.spec.js,Duplicate Assert,"{'line': 831, 'column': 4, 'index': 23231}","  829 |     expect($input.element.value).toBe('ab')
  830 |     // `v-model` update event should not have emitted
> 831 |     expect(wrapper.emitted('update')).toBeUndefined()
      |    ^ Duplicate Assert
  832 |     // `input` event should be emitted
  833 |     expect(wrapper.emitted('input').length).toBe(2)
  834 |     expect(wrapper.emitted('input')[1][0]).toBe('ab')"
/home/gabriel/Disk/Research/research-javascript-test-smells/repositories/bootstrap-vue-dev/src/components/form-input/form-input.spec.js,Duplicate Assert,"{'line': 831, 'column': 4, 'index': 23231}","  829 |     expect($input.element.value).toBe('ab')
  830 |     // `v-model` update event should not have emitted
> 831 |     expect(wrapper.emitted('update')).toBeUndefined()
      |    ^ Duplicate Assert
  832 |     // `input` event should be emitted
  833 |     expect(wrapper.emitted('input').length).toBe(2)
  834 |     expect(wrapper.emitted('input')[1][0]).toBe('ab')"
/home/gabriel/Disk/Research/research-javascript-test-smells/repositories/bootstrap-vue-dev/src/components/form-input/form-input.spec.js,Duplicate Assert,"{'line': 833, 'column': 4, 'index': 23324}","  831 |     expect(wrapper.emitted('update')).toBeUndefined()
  832 |     // `input` event should be emitted
> 833 |     expect(wrapper.emitted('input').length).toBe(2)
      |    ^ Duplicate Assert
  834 |     expect(wrapper.emitted('input')[1][0]).toBe('ab')
  835 |
  836 |     // Advance timer"
/home/gabriel/Disk/Research/research-javascript-test-smells/repositories/bootstrap-vue-dev/src/components/form-input/form-input.spec.js,Duplicate Assert,"{'line': 833, 'column': 4, 'index': 23324}","  831 |     expect(wrapper.emitted('update')).toBeUndefined()
  832 |     // `input` event should be emitted
> 833 |     expect(wrapper.emitted('input').length).toBe(2)
      |    ^ Duplicate Assert
  834 |     expect(wrapper.emitted('input')[1][0]).toBe('ab')
  835 |
  836 |     // Advance timer"
/home/gabriel/Disk/Research/research-javascript-test-smells/repositories/bootstrap-vue-dev/src/components/form-input/form-input.spec.js,Duplicate Assert,"{'line': 839, 'column': 4, 'index': 23517}","  837 |     jest.runOnlyPendingTimers()
  838 |     // Should update the v-model
> 839 |     expect($input.element.value).toBe('ab')
      |    ^ Duplicate Assert
  840 |     // `v-model` update event should have emitted
  841 |     expect(wrapper.emitted('update')).toBeDefined()
  842 |     expect(wrapper.emitted('update').length).toBe(1)"
/home/gabriel/Disk/Research/research-javascript-test-smells/repositories/bootstrap-vue-dev/src/components/form-input/form-input.spec.js,Duplicate Assert,"{'line': 839, 'column': 4, 'index': 23517}","  837 |     jest.runOnlyPendingTimers()
  838 |     // Should update the v-model
> 839 |     expect($input.element.value).toBe('ab')
      |    ^ Duplicate Assert
  840 |     // `v-model` update event should have emitted
  841 |     expect(wrapper.emitted('update')).toBeDefined()
  842 |     expect(wrapper.emitted('update').length).toBe(1)"
/home/gabriel/Disk/Research/research-javascript-test-smells/repositories/bootstrap-vue-dev/src/components/form-input/form-input.spec.js,Duplicate Assert,"{'line': 841, 'column': 4, 'index': 23611}","  839 |     expect($input.element.value).toBe('ab')
  840 |     // `v-model` update event should have emitted
> 841 |     expect(wrapper.emitted('update')).toBeDefined()
      |    ^ Duplicate Assert
  842 |     expect(wrapper.emitted('update').length).toBe(1)
  843 |     expect(wrapper.emitted('update')[0][0]).toBe('ab')
  844 |     // `input` event should not have emitted new event"
/home/gabriel/Disk/Research/research-javascript-test-smells/repositories/bootstrap-vue-dev/src/components/form-input/form-input.spec.js,Duplicate Assert,"{'line': 842, 'column': 4, 'index': 23663}","  840 |     // `v-model` update event should have emitted
  841 |     expect(wrapper.emitted('update')).toBeDefined()
> 842 |     expect(wrapper.emitted('update').length).toBe(1)
      |    ^ Duplicate Assert
  843 |     expect(wrapper.emitted('update')[0][0]).toBe('ab')
  844 |     // `input` event should not have emitted new event
  845 |     expect(wrapper.emitted('input').length).toBe(2)"
/home/gabriel/Disk/Research/research-javascript-test-smells/repositories/bootstrap-vue-dev/src/components/form-input/form-input.spec.js,Duplicate Assert,"{'line': 842, 'column': 4, 'index': 23663}","  840 |     // `v-model` update event should have emitted
  841 |     expect(wrapper.emitted('update')).toBeDefined()
> 842 |     expect(wrapper.emitted('update').length).toBe(1)
      |    ^ Duplicate Assert
  843 |     expect(wrapper.emitted('update')[0][0]).toBe('ab')
  844 |     // `input` event should not have emitted new event
  845 |     expect(wrapper.emitted('input').length).toBe(2)"
/home/gabriel/Disk/Research/research-javascript-test-smells/repositories/bootstrap-vue-dev/src/components/form-input/form-input.spec.js,Duplicate Assert,"{'line': 845, 'column': 4, 'index': 23826}","  843 |     expect(wrapper.emitted('update')[0][0]).toBe('ab')
  844 |     // `input` event should not have emitted new event
> 845 |     expect(wrapper.emitted('input').length).toBe(2)
      |    ^ Duplicate Assert
  846 |
  847 |     // Update input
  848 |     $input.element.value = 'abc'"
/home/gabriel/Disk/Research/research-javascript-test-smells/repositories/bootstrap-vue-dev/src/components/form-input/form-input.spec.js,Duplicate Assert,"{'line': 845, 'column': 4, 'index': 23826}","  843 |     expect(wrapper.emitted('update')[0][0]).toBe('ab')
  844 |     // `input` event should not have emitted new event
> 845 |     expect(wrapper.emitted('input').length).toBe(2)
      |    ^ Duplicate Assert
  846 |
  847 |     // Update input
  848 |     $input.element.value = 'abc'"
/home/gabriel/Disk/Research/research-javascript-test-smells/repositories/bootstrap-vue-dev/src/components/form-input/form-input.spec.js,Duplicate Assert,"{'line': 850, 'column': 4, 'index': 23966}","  848 |     $input.element.value = 'abc'
  849 |     await $input.trigger('input')
> 850 |     expect($input.element.value).toBe('abc')
      |    ^ Duplicate Assert
  851 |     // `v-model` update event should not have emitted new event
  852 |     expect(wrapper.emitted('update').length).toBe(1)
  853 |     // `input` event should be emitted"
/home/gabriel/Disk/Research/research-javascript-test-smells/repositories/bootstrap-vue-dev/src/components/form-input/form-input.spec.js,Duplicate Assert,"{'line': 850, 'column': 4, 'index': 23966}","  848 |     $input.element.value = 'abc'
  849 |     await $input.trigger('input')
> 850 |     expect($input.element.value).toBe('abc')
      |    ^ Duplicate Assert
  851 |     // `v-model` update event should not have emitted new event
  852 |     expect(wrapper.emitted('update').length).toBe(1)
  853 |     // `input` event should be emitted"
/home/gabriel/Disk/Research/research-javascript-test-smells/repositories/bootstrap-vue-dev/src/components/form-input/form-input.spec.js,Duplicate Assert,"{'line': 852, 'column': 4, 'index': 24075}","  850 |     expect($input.element.value).toBe('abc')
  851 |     // `v-model` update event should not have emitted new event
> 852 |     expect(wrapper.emitted('update').length).toBe(1)
      |    ^ Duplicate Assert
  853 |     // `input` event should be emitted
  854 |     expect(wrapper.emitted('input').length).toBe(3)
  855 |     expect(wrapper.emitted('input')[2][0]).toBe('abc')"
/home/gabriel/Disk/Research/research-javascript-test-smells/repositories/bootstrap-vue-dev/src/components/form-input/form-input.spec.js,Duplicate Assert,"{'line': 852, 'column': 4, 'index': 24075}","  850 |     expect($input.element.value).toBe('abc')
  851 |     // `v-model` update event should not have emitted new event
> 852 |     expect(wrapper.emitted('update').length).toBe(1)
      |    ^ Duplicate Assert
  853 |     // `input` event should be emitted
  854 |     expect(wrapper.emitted('input').length).toBe(3)
  855 |     expect(wrapper.emitted('input')[2][0]).toBe('abc')"
/home/gabriel/Disk/Research/research-javascript-test-smells/repositories/bootstrap-vue-dev/src/components/form-input/form-input.spec.js,Duplicate Assert,"{'line': 854, 'column': 4, 'index': 24167}","  852 |     expect(wrapper.emitted('update').length).toBe(1)
  853 |     // `input` event should be emitted
> 854 |     expect(wrapper.emitted('input').length).toBe(3)
      |    ^ Duplicate Assert
  855 |     expect(wrapper.emitted('input')[2][0]).toBe('abc')
  856 |
  857 |     // Update input"
/home/gabriel/Disk/Research/research-javascript-test-smells/repositories/bootstrap-vue-dev/src/components/form-input/form-input.spec.js,Duplicate Assert,"{'line': 860, 'column': 4, 'index': 24363}","  858 |     $input.element.value = 'abcd'
  859 |     await $input.trigger('input')
> 860 |     expect($input.element.value).toBe('abcd')
      |    ^ Duplicate Assert
  861 |     // `v-model` update event should not have emitted new event
  862 |     expect(wrapper.emitted('update').length).toEqual(1)
  863 |     // `input` event should be emitted"
/home/gabriel/Disk/Research/research-javascript-test-smells/repositories/bootstrap-vue-dev/src/components/form-input/form-input.spec.js,Duplicate Assert,"{'line': 860, 'column': 4, 'index': 24363}","  858 |     $input.element.value = 'abcd'
  859 |     await $input.trigger('input')
> 860 |     expect($input.element.value).toBe('abcd')
      |    ^ Duplicate Assert
  861 |     // `v-model` update event should not have emitted new event
  862 |     expect(wrapper.emitted('update').length).toEqual(1)
  863 |     // `input` event should be emitted"
/home/gabriel/Disk/Research/research-javascript-test-smells/repositories/bootstrap-vue-dev/src/components/form-input/form-input.spec.js,Duplicate Assert,"{'line': 862, 'column': 4, 'index': 24473}","  860 |     expect($input.element.value).toBe('abcd')
  861 |     // `v-model` update event should not have emitted new event
> 862 |     expect(wrapper.emitted('update').length).toEqual(1)
      |    ^ Duplicate Assert
  863 |     // `input` event should be emitted
  864 |     expect(wrapper.emitted('input').length).toBe(4)
  865 |     expect(wrapper.emitted('input')[3][0]).toBe('abcd')"
/home/gabriel/Disk/Research/research-javascript-test-smells/repositories/bootstrap-vue-dev/src/components/form-input/form-input.spec.js,Duplicate Assert,"{'line': 864, 'column': 4, 'index': 24568}","  862 |     expect(wrapper.emitted('update').length).toEqual(1)
  863 |     // `input` event should be emitted
> 864 |     expect(wrapper.emitted('input').length).toBe(4)
      |    ^ Duplicate Assert
  865 |     expect(wrapper.emitted('input')[3][0]).toBe('abcd')
  866 |
  867 |     // Trigger a `change` event"
/home/gabriel/Disk/Research/research-javascript-test-smells/repositories/bootstrap-vue-dev/src/components/form-input/form-input.spec.js,Duplicate Assert,"{'line': 864, 'column': 4, 'index': 24568}","  862 |     expect(wrapper.emitted('update').length).toEqual(1)
  863 |     // `input` event should be emitted
> 864 |     expect(wrapper.emitted('input').length).toBe(4)
      |    ^ Duplicate Assert
  865 |     expect(wrapper.emitted('input')[3][0]).toBe('abcd')
  866 |
  867 |     // Trigger a `change` event"
/home/gabriel/Disk/Research/research-javascript-test-smells/repositories/bootstrap-vue-dev/src/components/form-input/form-input.spec.js,Duplicate Assert,"{'line': 869, 'column': 4, 'index': 24744}","  867 |     // Trigger a `change` event
  868 |     await $input.trigger('change')
> 869 |     expect($input.element.value).toBe('abcd')
      |    ^ Duplicate Assert
  870 |     // `v-model` update event should have emitted (change overrides debounce)
  871 |     expect(wrapper.emitted('update').length).toEqual(2)
  872 |     expect(wrapper.emitted('update')[1][0]).toBe('abcd')"
/home/gabriel/Disk/Research/research-javascript-test-smells/repositories/bootstrap-vue-dev/src/components/form-input/form-input.spec.js,Duplicate Assert,"{'line': 869, 'column': 4, 'index': 24744}","  867 |     // Trigger a `change` event
  868 |     await $input.trigger('change')
> 869 |     expect($input.element.value).toBe('abcd')
      |    ^ Duplicate Assert
  870 |     // `v-model` update event should have emitted (change overrides debounce)
  871 |     expect(wrapper.emitted('update').length).toEqual(2)
  872 |     expect(wrapper.emitted('update')[1][0]).toBe('abcd')"
/home/gabriel/Disk/Research/research-javascript-test-smells/repositories/bootstrap-vue-dev/src/components/form-input/form-input.spec.js,Duplicate Assert,"{'line': 871, 'column': 4, 'index': 24868}","  869 |     expect($input.element.value).toBe('abcd')
  870 |     // `v-model` update event should have emitted (change overrides debounce)
> 871 |     expect(wrapper.emitted('update').length).toEqual(2)
      |    ^ Duplicate Assert
  872 |     expect(wrapper.emitted('update')[1][0]).toBe('abcd')
  873 |     // `input` event should not have emitted new event
  874 |     expect(wrapper.emitted('input').length).toBe(4)"
/home/gabriel/Disk/Research/research-javascript-test-smells/repositories/bootstrap-vue-dev/src/components/form-input/form-input.spec.js,Duplicate Assert,"{'line': 874, 'column': 4, 'index': 25036}","  872 |     expect(wrapper.emitted('update')[1][0]).toBe('abcd')
  873 |     // `input` event should not have emitted new event
> 874 |     expect(wrapper.emitted('input').length).toBe(4)
      |    ^ Duplicate Assert
  875 |
  876 |     $input.element.value = 'abc'
  877 |     await $input.trigger('input')"
/home/gabriel/Disk/Research/research-javascript-test-smells/repositories/bootstrap-vue-dev/src/components/form-input/form-input.spec.js,Duplicate Assert,"{'line': 874, 'column': 4, 'index': 25036}","  872 |     expect(wrapper.emitted('update')[1][0]).toBe('abcd')
  873 |     // `input` event should not have emitted new event
> 874 |     expect(wrapper.emitted('input').length).toBe(4)
      |    ^ Duplicate Assert
  875 |
  876 |     $input.element.value = 'abc'
  877 |     await $input.trigger('input')"
/home/gabriel/Disk/Research/research-javascript-test-smells/repositories/bootstrap-vue-dev/src/components/form-input/form-input.spec.js,Duplicate Assert,"{'line': 878, 'column': 4, 'index': 25156}","  876 |     $input.element.value = 'abc'
  877 |     await $input.trigger('input')
> 878 |     expect($input.element.value).toBe('abc')
      |    ^ Duplicate Assert
  879 |     // `v-model` update event should not have emitted new event
  880 |     expect(wrapper.emitted('update').length).toBe(2)
  881 |     // `input` event should be emitted"
/home/gabriel/Disk/Research/research-javascript-test-smells/repositories/bootstrap-vue-dev/src/components/form-input/form-input.spec.js,Duplicate Assert,"{'line': 878, 'column': 4, 'index': 25156}","  876 |     $input.element.value = 'abc'
  877 |     await $input.trigger('input')
> 878 |     expect($input.element.value).toBe('abc')
      |    ^ Duplicate Assert
  879 |     // `v-model` update event should not have emitted new event
  880 |     expect(wrapper.emitted('update').length).toBe(2)
  881 |     // `input` event should be emitted"
/home/gabriel/Disk/Research/research-javascript-test-smells/repositories/bootstrap-vue-dev/src/components/form-input/form-input.spec.js,Duplicate Assert,"{'line': 880, 'column': 4, 'index': 25265}","  878 |     expect($input.element.value).toBe('abc')
  879 |     // `v-model` update event should not have emitted new event
> 880 |     expect(wrapper.emitted('update').length).toBe(2)
      |    ^ Duplicate Assert
  881 |     // `input` event should be emitted
  882 |     expect(wrapper.emitted('input').length).toBe(5)
  883 |     expect(wrapper.emitted('input')[4][0]).toBe('abc')"
/home/gabriel/Disk/Research/research-javascript-test-smells/repositories/bootstrap-vue-dev/src/components/form-input/form-input.spec.js,Duplicate Assert,"{'line': 880, 'column': 4, 'index': 25265}","  878 |     expect($input.element.value).toBe('abc')
  879 |     // `v-model` update event should not have emitted new event
> 880 |     expect(wrapper.emitted('update').length).toBe(2)
      |    ^ Duplicate Assert
  881 |     // `input` event should be emitted
  882 |     expect(wrapper.emitted('input').length).toBe(5)
  883 |     expect(wrapper.emitted('input')[4][0]).toBe('abc')"
/home/gabriel/Disk/Research/research-javascript-test-smells/repositories/bootstrap-vue-dev/src/components/form-input/form-input.spec.js,Duplicate Assert,"{'line': 882, 'column': 4, 'index': 25357}","  880 |     expect(wrapper.emitted('update').length).toBe(2)
  881 |     // `input` event should be emitted
> 882 |     expect(wrapper.emitted('input').length).toBe(5)
      |    ^ Duplicate Assert
  883 |     expect(wrapper.emitted('input')[4][0]).toBe('abc')
  884 |
  885 |     $input.element.value = 'abcd'"
/home/gabriel/Disk/Research/research-javascript-test-smells/repositories/bootstrap-vue-dev/src/components/form-input/form-input.spec.js,Duplicate Assert,"{'line': 887, 'column': 4, 'index': 25533}","  885 |     $input.element.value = 'abcd'
  886 |     await $input.trigger('input')
> 887 |     expect($input.element.value).toBe('abcd')
      |    ^ Duplicate Assert
  888 |     // `v-model` update event should not have emitted new event
  889 |     expect(wrapper.emitted('update').length).toBe(2)
  890 |     // `input` event should be emitted"
/home/gabriel/Disk/Research/research-javascript-test-smells/repositories/bootstrap-vue-dev/src/components/form-input/form-input.spec.js,Duplicate Assert,"{'line': 887, 'column': 4, 'index': 25533}","  885 |     $input.element.value = 'abcd'
  886 |     await $input.trigger('input')
> 887 |     expect($input.element.value).toBe('abcd')
      |    ^ Duplicate Assert
  888 |     // `v-model` update event should not have emitted new event
  889 |     expect(wrapper.emitted('update').length).toBe(2)
  890 |     // `input` event should be emitted"
/home/gabriel/Disk/Research/research-javascript-test-smells/repositories/bootstrap-vue-dev/src/components/form-input/form-input.spec.js,Duplicate Assert,"{'line': 889, 'column': 4, 'index': 25643}","  887 |     expect($input.element.value).toBe('abcd')
  888 |     // `v-model` update event should not have emitted new event
> 889 |     expect(wrapper.emitted('update').length).toBe(2)
      |    ^ Duplicate Assert
  890 |     // `input` event should be emitted
  891 |     expect(wrapper.emitted('input').length).toBe(6)
  892 |     expect(wrapper.emitted('input')[5][0]).toBe('abcd')"
/home/gabriel/Disk/Research/research-javascript-test-smells/repositories/bootstrap-vue-dev/src/components/form-input/form-input.spec.js,Duplicate Assert,"{'line': 889, 'column': 4, 'index': 25643}","  887 |     expect($input.element.value).toBe('abcd')
  888 |     // `v-model` update event should not have emitted new event
> 889 |     expect(wrapper.emitted('update').length).toBe(2)
      |    ^ Duplicate Assert
  890 |     // `input` event should be emitted
  891 |     expect(wrapper.emitted('input').length).toBe(6)
  892 |     expect(wrapper.emitted('input')[5][0]).toBe('abcd')"
/home/gabriel/Disk/Research/research-javascript-test-smells/repositories/bootstrap-vue-dev/src/components/form-input/form-input.spec.js,Duplicate Assert,"{'line': 891, 'column': 4, 'index': 25735}","  889 |     expect(wrapper.emitted('update').length).toBe(2)
  890 |     // `input` event should be emitted
> 891 |     expect(wrapper.emitted('input').length).toBe(6)
      |    ^ Duplicate Assert
  892 |     expect(wrapper.emitted('input')[5][0]).toBe('abcd')
  893 |
  894 |     // Advance timer"
/home/gabriel/Disk/Research/research-javascript-test-smells/repositories/bootstrap-vue-dev/src/components/form-input/form-input.spec.js,Duplicate Assert,"{'line': 891, 'column': 4, 'index': 25735}","  889 |     expect(wrapper.emitted('update').length).toBe(2)
  890 |     // `input` event should be emitted
> 891 |     expect(wrapper.emitted('input').length).toBe(6)
      |    ^ Duplicate Assert
  892 |     expect(wrapper.emitted('input')[5][0]).toBe('abcd')
  893 |
  894 |     // Advance timer"
/home/gabriel/Disk/Research/research-javascript-test-smells/repositories/bootstrap-vue-dev/src/components/form-input/form-input.spec.js,Duplicate Assert,"{'line': 897, 'column': 4, 'index': 25930}","  895 |     jest.runOnlyPendingTimers()
  896 |     // Should update the v-model
> 897 |     expect($input.element.value).toBe('abcd')
      |    ^ Duplicate Assert
  898 |     // `v-model` update event should not have emitted new event
  899 |     expect(wrapper.emitted('update').length).toBe(2)
  900 |     // `input` event should not have emitted new event"
/home/gabriel/Disk/Research/research-javascript-test-smells/repositories/bootstrap-vue-dev/src/components/form-input/form-input.spec.js,Duplicate Assert,"{'line': 897, 'column': 4, 'index': 25930}","  895 |     jest.runOnlyPendingTimers()
  896 |     // Should update the v-model
> 897 |     expect($input.element.value).toBe('abcd')
      |    ^ Duplicate Assert
  898 |     // `v-model` update event should not have emitted new event
  899 |     expect(wrapper.emitted('update').length).toBe(2)
  900 |     // `input` event should not have emitted new event"
/home/gabriel/Disk/Research/research-javascript-test-smells/repositories/bootstrap-vue-dev/src/components/form-input/form-input.spec.js,Duplicate Assert,"{'line': 899, 'column': 4, 'index': 26040}","  897 |     expect($input.element.value).toBe('abcd')
  898 |     // `v-model` update event should not have emitted new event
> 899 |     expect(wrapper.emitted('update').length).toBe(2)
      |    ^ Duplicate Assert
  900 |     // `input` event should not have emitted new event
  901 |     expect(wrapper.emitted('input').length).toBe(6)
  902 |"
/home/gabriel/Disk/Research/research-javascript-test-smells/repositories/bootstrap-vue-dev/src/components/form-input/form-input.spec.js,Duplicate Assert,"{'line': 899, 'column': 4, 'index': 26040}","  897 |     expect($input.element.value).toBe('abcd')
  898 |     // `v-model` update event should not have emitted new event
> 899 |     expect(wrapper.emitted('update').length).toBe(2)
      |    ^ Duplicate Assert
  900 |     // `input` event should not have emitted new event
  901 |     expect(wrapper.emitted('input').length).toBe(6)
  902 |"
/home/gabriel/Disk/Research/research-javascript-test-smells/repositories/bootstrap-vue-dev/src/components/form-input/form-input.spec.js,Duplicate Assert,"{'line': 901, 'column': 4, 'index': 26148}","  899 |     expect(wrapper.emitted('update').length).toBe(2)
  900 |     // `input` event should not have emitted new event
> 901 |     expect(wrapper.emitted('input').length).toBe(6)
      |    ^ Duplicate Assert
  902 |
  903 |     wrapper.destroy()
  904 |   })"
/home/gabriel/Disk/Research/research-javascript-test-smells/repositories/bootstrap-vue-dev/src/components/form-input/form-input.spec.js,Duplicate Assert,"{'line': 901, 'column': 4, 'index': 26148}","  899 |     expect(wrapper.emitted('update').length).toBe(2)
  900 |     // `input` event should not have emitted new event
> 901 |     expect(wrapper.emitted('input').length).toBe(6)
      |    ^ Duplicate Assert
  902 |
  903 |     wrapper.destroy()
  904 |   })"
/home/gabriel/Disk/Research/research-javascript-test-smells/repositories/bootstrap-vue-dev/src/components/form-input/form-input.spec.js,Duplicate Assert,"{'line': 916, 'column': 4, 'index': 26509}","  914 |     expect(typeof wrapper.vm.blur).toBe('function')
  915 |
> 916 |     expect(document.activeElement).not.toBe($input.element)
      |    ^ Duplicate Assert
  917 |     wrapper.vm.focus()
  918 |     expect(document.activeElement).toBe($input.element)
  919 |     wrapper.vm.blur()"
/home/gabriel/Disk/Research/research-javascript-test-smells/repositories/bootstrap-vue-dev/src/components/form-input/form-input.spec.js,Duplicate Assert,"{'line': 916, 'column': 4, 'index': 26509}","  914 |     expect(typeof wrapper.vm.blur).toBe('function')
  915 |
> 916 |     expect(document.activeElement).not.toBe($input.element)
      |    ^ Duplicate Assert
  917 |     wrapper.vm.focus()
  918 |     expect(document.activeElement).toBe($input.element)
  919 |     wrapper.vm.blur()"
/home/gabriel/Disk/Research/research-javascript-test-smells/repositories/bootstrap-vue-dev/src/components/form-input/form-input.spec.js,Duplicate Assert,"{'line': 918, 'column': 4, 'index': 26592}","  916 |     expect(document.activeElement).not.toBe($input.element)
  917 |     wrapper.vm.focus()
> 918 |     expect(document.activeElement).toBe($input.element)
      |    ^ Duplicate Assert
  919 |     wrapper.vm.blur()
  920 |     expect(document.activeElement).not.toBe($input.element)
  921 |"
/home/gabriel/Disk/Research/research-javascript-test-smells/repositories/bootstrap-vue-dev/src/components/form-input/form-input.spec.js,Duplicate Assert,"{'line': 920, 'column': 4, 'index': 26670}","  918 |     expect(document.activeElement).toBe($input.element)
  919 |     wrapper.vm.blur()
> 920 |     expect(document.activeElement).not.toBe($input.element)
      |    ^ Duplicate Assert
  921 |
  922 |     wrapper.destroy()
  923 |   })"
/home/gabriel/Disk/Research/research-javascript-test-smells/repositories/bootstrap-vue-dev/src/components/form-input/form-input.spec.js,Duplicate Assert,"{'line': 920, 'column': 4, 'index': 26670}","  918 |     expect(document.activeElement).toBe($input.element)
  919 |     wrapper.vm.blur()
> 920 |     expect(document.activeElement).not.toBe($input.element)
      |    ^ Duplicate Assert
  921 |
  922 |     wrapper.destroy()
  923 |   })"
/home/gabriel/Disk/Research/research-javascript-test-smells/repositories/bootstrap-vue-dev/src/components/form-input/form-input.spec.js,Magic Number,"{'line': 388, 'column': 54, 'index': 9617}","  386 |
  387 |     expect(wrapper.emitted('input')).toBeDefined()
> 388 |     expect(wrapper.emitted().input[0].length).toEqual(1)
      |                                                      ^ Magic Number
  389 |     expect(wrapper.emitted().input[0][0]).toEqual('test')
  390 |
  391 |     wrapper.destroy()"
/home/gabriel/Disk/Research/research-javascript-test-smells/repositories/bootstrap-vue-dev/src/components/form-input/form-input.spec.js,Magic Number,"{'line': 423, 'column': 54, 'index': 10442}","  421 |
  422 |     expect(wrapper.emitted('blur')).toBeDefined()
> 423 |     expect(wrapper.emitted('blur')[0].length).toEqual(1)
      |                                                      ^ Magic Number
  424 |     expect(wrapper.emitted('blur')[0][0] instanceof Event).toBe(true)
  425 |     expect(wrapper.emitted('blur')[0][0].type).toEqual('blur')
  426 |"
/home/gabriel/Disk/Research/research-javascript-test-smells/repositories/bootstrap-vue-dev/src/components/form-input/form-input.spec.js,Magic Number,"{'line': 445, 'column': 53, 'index': 11065}","  443 |
  444 |     expect(wrapper.emitted('update')).toBeDefined()
> 445 |     expect(wrapper.emitted('update').length).toEqual(1)
      |                                                     ^ Magic Number
  446 |     expect(wrapper.emitted('update')[0][0]).toEqual('test')
  447 |
  448 |     expect(wrapper.emitted('input')).toBeDefined()"
/home/gabriel/Disk/Research/research-javascript-test-smells/repositories/bootstrap-vue-dev/src/components/form-input/form-input.spec.js,Magic Number,"{'line': 449, 'column': 52, 'index': 11232}","  447 |
  448 |     expect(wrapper.emitted('input')).toBeDefined()
> 449 |     expect(wrapper.emitted('input').length).toEqual(1)
      |                                                    ^ Magic Number
  450 |     expect(wrapper.emitted('input')[0][0]).toEqual('test')
  451 |
  452 |     wrapper.destroy()"
/home/gabriel/Disk/Research/research-javascript-test-smells/repositories/bootstrap-vue-dev/src/components/form-input/form-input.spec.js,Magic Number,"{'line': 471, 'column': 53, 'index': 11822}","  469 |
  470 |     expect(wrapper.emitted('update')).toBeDefined()
> 471 |     expect(wrapper.emitted('update').length).toEqual(1)
      |                                                     ^ Magic Number
  472 |     expect(wrapper.emitted('update')[0][0]).toEqual('TEST')
  473 |     expect(wrapper.emitted('input')).toBeDefined()
  474 |     expect(wrapper.emitted('input').length).toEqual(1)"
/home/gabriel/Disk/Research/research-javascript-test-smells/repositories/bootstrap-vue-dev/src/components/form-input/form-input.spec.js,Magic Number,"{'line': 474, 'column': 52, 'index': 11988}","  472 |     expect(wrapper.emitted('update')[0][0]).toEqual('TEST')
  473 |     expect(wrapper.emitted('input')).toBeDefined()
> 474 |     expect(wrapper.emitted('input').length).toEqual(1)
      |                                                    ^ Magic Number
  475 |     expect(wrapper.emitted('input')[0][0]).toEqual('TEST')
  476 |     expect(wrapper.emitted('change')).toBeUndefined()
  477 |     expect($input.vm.localValue).toEqual('TEST')"
/home/gabriel/Disk/Research/research-javascript-test-smells/repositories/bootstrap-vue-dev/src/components/form-input/form-input.spec.js,Magic Number,"{'line': 502, 'column': 53, 'index': 12789}","  500 |     expect($input.vm.localValue).toEqual('TEST')
  501 |     expect(wrapper.emitted('update')).toBeDefined()
> 502 |     expect(wrapper.emitted('update').length).toEqual(1)
      |                                                     ^ Magic Number
  503 |     expect(wrapper.emitted('update')[0][0]).toEqual('TEST')
  504 |
  505 |     await $input.trigger('blur')"
/home/gabriel/Disk/Research/research-javascript-test-smells/repositories/bootstrap-vue-dev/src/components/form-input/form-input.spec.js,Magic Number,"{'line': 508, 'column': 53, 'index': 12992}","  506 |
  507 |     expect(wrapper.emitted('update')).toBeDefined()
> 508 |     expect(wrapper.emitted('update').length).toEqual(2)
      |                                                     ^ Magic Number
  509 |     expect(wrapper.emitted('update')[1][0]).toEqual('test')
  510 |     expect(wrapper.emitted('input')).toBeDefined()
  511 |     expect(wrapper.emitted('change')).toBeUndefined()"
/home/gabriel/Disk/Research/research-javascript-test-smells/repositories/bootstrap-vue-dev/src/components/form-input/form-input.spec.js,Magic Number,"{'line': 513, 'column': 51, 'index': 13261}","  511 |     expect(wrapper.emitted('change')).toBeUndefined()
  512 |     expect(wrapper.emitted('blur')).toBeDefined()
> 513 |     expect(wrapper.emitted('blur').length).toEqual(1)
      |                                                   ^ Magic Number
  514 |     expect($input.vm.localValue).toEqual('test')
  515 |
  516 |     wrapper.destroy()"
/home/gabriel/Disk/Research/research-javascript-test-smells/repositories/bootstrap-vue-dev/src/components/form-input/form-input.spec.js,Magic Number,"{'line': 727, 'column': 50, 'index': 19544}","  725 |     // `v-model` update event (should emit a numerical value)
  726 |     expect(wrapper.emitted('update')).toBeDefined()
> 727 |     expect(wrapper.emitted('update').length).toBe(1)
      |                                                  ^ Magic Number
  728 |     expect(wrapper.emitted('update')[0].length).toEqual(1)
  729 |     expect(wrapper.emitted('update')[0][0]).toBeCloseTo(123.45)
  730 |     // Pre converted value as string (raw input value)"
/home/gabriel/Disk/Research/research-javascript-test-smells/repositories/bootstrap-vue-dev/src/components/form-input/form-input.spec.js,Magic Number,"{'line': 728, 'column': 56, 'index': 19603}","  726 |     expect(wrapper.emitted('update')).toBeDefined()
  727 |     expect(wrapper.emitted('update').length).toBe(1)
> 728 |     expect(wrapper.emitted('update')[0].length).toEqual(1)
      |                                                        ^ Magic Number
  729 |     expect(wrapper.emitted('update')[0][0]).toBeCloseTo(123.45)
  730 |     // Pre converted value as string (raw input value)
  731 |     expect(wrapper.emitted('input')).toBeDefined()"
/home/gabriel/Disk/Research/research-javascript-test-smells/repositories/bootstrap-vue-dev/src/components/form-input/form-input.spec.js,Magic Number,"{'line': 729, 'column': 56, 'index': 19662}","  727 |     expect(wrapper.emitted('update').length).toBe(1)
  728 |     expect(wrapper.emitted('update')[0].length).toEqual(1)
> 729 |     expect(wrapper.emitted('update')[0][0]).toBeCloseTo(123.45)
      |                                                        ^ Magic Number
  730 |     // Pre converted value as string (raw input value)
  731 |     expect(wrapper.emitted('input')).toBeDefined()
  732 |     expect(wrapper.emitted('input').length).toBe(1)"
/home/gabriel/Disk/Research/research-javascript-test-smells/repositories/bootstrap-vue-dev/src/components/form-input/form-input.spec.js,Magic Number,"{'line': 732, 'column': 49, 'index': 19825}","  730 |     // Pre converted value as string (raw input value)
  731 |     expect(wrapper.emitted('input')).toBeDefined()
> 732 |     expect(wrapper.emitted('input').length).toBe(1)
      |                                                 ^ Magic Number
  733 |     expect(wrapper.emitted('input')[0].length).toEqual(1)
  734 |     expect(wrapper.emitted('input')[0][0]).toEqual('123.450')
  735 |"
/home/gabriel/Disk/Research/research-javascript-test-smells/repositories/bootstrap-vue-dev/src/components/form-input/form-input.spec.js,Magic Number,"{'line': 733, 'column': 55, 'index': 19883}","  731 |     expect(wrapper.emitted('input')).toBeDefined()
  732 |     expect(wrapper.emitted('input').length).toBe(1)
> 733 |     expect(wrapper.emitted('input')[0].length).toEqual(1)
      |                                                       ^ Magic Number
  734 |     expect(wrapper.emitted('input')[0][0]).toEqual('123.450')
  735 |
  736 |     // Update the input to be different string-wise, but same numerically"
/home/gabriel/Disk/Research/research-javascript-test-smells/repositories/bootstrap-vue-dev/src/components/form-input/form-input.spec.js,Magic Number,"{'line': 742, 'column': 52, 'index': 20235}","  740 |     expect($input.element.value).toBe('123.4500')
  741 |     // Should emit a new input event
> 742 |     expect(wrapper.emitted('input').length).toEqual(2)
      |                                                    ^ Magic Number
  743 |     expect(wrapper.emitted('input')[1][0]).toEqual('123.4500')
  744 |     // `v-model` value stays the same and update event shouldn't be emitted again
  745 |     expect(wrapper.emitted('update').length).toBe(1)"
/home/gabriel/Disk/Research/research-javascript-test-smells/repositories/bootstrap-vue-dev/src/components/form-input/form-input.spec.js,Magic Number,"{'line': 745, 'column': 50, 'index': 20433}","  743 |     expect(wrapper.emitted('input')[1][0]).toEqual('123.4500')
  744 |     // `v-model` value stays the same and update event shouldn't be emitted again
> 745 |     expect(wrapper.emitted('update').length).toBe(1)
      |                                                  ^ Magic Number
  746 |     expect(wrapper.emitted('update')[0][0]).toBeCloseTo(123.45)
  747 |
  748 |     // Updating the `v-model` to new numeric value"
/home/gabriel/Disk/Research/research-javascript-test-smells/repositories/bootstrap-vue-dev/src/components/form-input/form-input.spec.js,Magic Number,"{'line': 746, 'column': 56, 'index': 20492}","  744 |     // `v-model` value stays the same and update event shouldn't be emitted again
  745 |     expect(wrapper.emitted('update').length).toBe(1)
> 746 |     expect(wrapper.emitted('update')[0][0]).toBeCloseTo(123.45)
      |                                                        ^ Magic Number
  747 |
  748 |     // Updating the `v-model` to new numeric value
  749 |     await wrapper.setProps({ value: 45.6 })"
/home/gabriel/Disk/Research/research-javascript-test-smells/repositories/bootstrap-vue-dev/src/components/form-input/form-input.spec.js,Magic Number,"{'line': 781, 'column': 53, 'index': 21577}","  779 |     // `v-model` update event should have emitted
  780 |     expect(wrapper.emitted('update')).toBeDefined()
> 781 |     expect(wrapper.emitted('update').length).toEqual(1)
      |                                                     ^ Magic Number
  782 |     expect(wrapper.emitted('update')[0][0]).toBe('ab')
  783 |
  784 |     $input.element.value = 'abc'"
/home/gabriel/Disk/Research/research-javascript-test-smells/repositories/bootstrap-vue-dev/src/components/form-input/form-input.spec.js,Magic Number,"{'line': 788, 'column': 53, 'index': 21865}","  786 |     expect($input.element.value).toBe('abc')
  787 |     // `v-model` update event should not have emitted new event
> 788 |     expect(wrapper.emitted('update').length).toEqual(1)
      |                                                     ^ Magic Number
  789 |
  790 |     $input.element.value = 'abcd'
  791 |     await $input.trigger('input')"
/home/gabriel/Disk/Research/research-javascript-test-smells/repositories/bootstrap-vue-dev/src/components/form-input/form-input.spec.js,Magic Number,"{'line': 794, 'column': 53, 'index': 22100}","  792 |     expect($input.element.value).toBe('abcd')
  793 |     // `v-model` update event should not have emitted new event
> 794 |     expect(wrapper.emitted('update').length).toEqual(1)
      |                                                     ^ Magic Number
  795 |
  796 |     // Trigger a blur event
  797 |     await $input.trigger('blur')"
/home/gabriel/Disk/Research/research-javascript-test-smells/repositories/bootstrap-vue-dev/src/components/form-input/form-input.spec.js,Magic Number,"{'line': 800, 'column': 53, 'index': 22314}","  798 |     expect($input.element.value).toBe('abcd')
  799 |     // `v-model` update event should have emitted
> 800 |     expect(wrapper.emitted('update').length).toEqual(2)
      |                                                     ^ Magic Number
  801 |     expect(wrapper.emitted('update')[1][0]).toBe('abcd')
  802 |
  803 |     wrapper.destroy()"
/home/gabriel/Disk/Research/research-javascript-test-smells/repositories/bootstrap-vue-dev/src/components/form-input/form-input.spec.js,Magic Number,"{'line': 824, 'column': 49, 'index': 23006}","  822 |     // `input` event should be emitted
  823 |     expect(wrapper.emitted('input')).toBeDefined()
> 824 |     expect(wrapper.emitted('input').length).toBe(1)
      |                                                 ^ Magic Number
  825 |     expect(wrapper.emitted('input')[0][0]).toBe('a')
  826 |
  827 |     $input.element.value = 'ab'"
/home/gabriel/Disk/Research/research-javascript-test-smells/repositories/bootstrap-vue-dev/src/components/form-input/form-input.spec.js,Magic Number,"{'line': 833, 'column': 49, 'index': 23369}","  831 |     expect(wrapper.emitted('update')).toBeUndefined()
  832 |     // `input` event should be emitted
> 833 |     expect(wrapper.emitted('input').length).toBe(2)
      |                                                 ^ Magic Number
  834 |     expect(wrapper.emitted('input')[1][0]).toBe('ab')
  835 |
  836 |     // Advance timer"
/home/gabriel/Disk/Research/research-javascript-test-smells/repositories/bootstrap-vue-dev/src/components/form-input/form-input.spec.js,Magic Number,"{'line': 842, 'column': 50, 'index': 23709}","  840 |     // `v-model` update event should have emitted
  841 |     expect(wrapper.emitted('update')).toBeDefined()
> 842 |     expect(wrapper.emitted('update').length).toBe(1)
      |                                                  ^ Magic Number
  843 |     expect(wrapper.emitted('update')[0][0]).toBe('ab')
  844 |     // `input` event should not have emitted new event
  845 |     expect(wrapper.emitted('input').length).toBe(2)"
/home/gabriel/Disk/Research/research-javascript-test-smells/repositories/bootstrap-vue-dev/src/components/form-input/form-input.spec.js,Magic Number,"{'line': 845, 'column': 49, 'index': 23871}","  843 |     expect(wrapper.emitted('update')[0][0]).toBe('ab')
  844 |     // `input` event should not have emitted new event
> 845 |     expect(wrapper.emitted('input').length).toBe(2)
      |                                                 ^ Magic Number
  846 |
  847 |     // Update input
  848 |     $input.element.value = 'abc'"
/home/gabriel/Disk/Research/research-javascript-test-smells/repositories/bootstrap-vue-dev/src/components/form-input/form-input.spec.js,Magic Number,"{'line': 852, 'column': 50, 'index': 24121}","  850 |     expect($input.element.value).toBe('abc')
  851 |     // `v-model` update event should not have emitted new event
> 852 |     expect(wrapper.emitted('update').length).toBe(1)
      |                                                  ^ Magic Number
  853 |     // `input` event should be emitted
  854 |     expect(wrapper.emitted('input').length).toBe(3)
  855 |     expect(wrapper.emitted('input')[2][0]).toBe('abc')"
/home/gabriel/Disk/Research/research-javascript-test-smells/repositories/bootstrap-vue-dev/src/components/form-input/form-input.spec.js,Magic Number,"{'line': 854, 'column': 49, 'index': 24212}","  852 |     expect(wrapper.emitted('update').length).toBe(1)
  853 |     // `input` event should be emitted
> 854 |     expect(wrapper.emitted('input').length).toBe(3)
      |                                                 ^ Magic Number
  855 |     expect(wrapper.emitted('input')[2][0]).toBe('abc')
  856 |
  857 |     // Update input"
/home/gabriel/Disk/Research/research-javascript-test-smells/repositories/bootstrap-vue-dev/src/components/form-input/form-input.spec.js,Magic Number,"{'line': 862, 'column': 53, 'index': 24522}","  860 |     expect($input.element.value).toBe('abcd')
  861 |     // `v-model` update event should not have emitted new event
> 862 |     expect(wrapper.emitted('update').length).toEqual(1)
      |                                                     ^ Magic Number
  863 |     // `input` event should be emitted
  864 |     expect(wrapper.emitted('input').length).toBe(4)
  865 |     expect(wrapper.emitted('input')[3][0]).toBe('abcd')"
/home/gabriel/Disk/Research/research-javascript-test-smells/repositories/bootstrap-vue-dev/src/components/form-input/form-input.spec.js,Magic Number,"{'line': 864, 'column': 49, 'index': 24613}","  862 |     expect(wrapper.emitted('update').length).toEqual(1)
  863 |     // `input` event should be emitted
> 864 |     expect(wrapper.emitted('input').length).toBe(4)
      |                                                 ^ Magic Number
  865 |     expect(wrapper.emitted('input')[3][0]).toBe('abcd')
  866 |
  867 |     // Trigger a `change` event"
/home/gabriel/Disk/Research/research-javascript-test-smells/repositories/bootstrap-vue-dev/src/components/form-input/form-input.spec.js,Magic Number,"{'line': 871, 'column': 53, 'index': 24917}","  869 |     expect($input.element.value).toBe('abcd')
  870 |     // `v-model` update event should have emitted (change overrides debounce)
> 871 |     expect(wrapper.emitted('update').length).toEqual(2)
      |                                                     ^ Magic Number
  872 |     expect(wrapper.emitted('update')[1][0]).toBe('abcd')
  873 |     // `input` event should not have emitted new event
  874 |     expect(wrapper.emitted('input').length).toBe(4)"
/home/gabriel/Disk/Research/research-javascript-test-smells/repositories/bootstrap-vue-dev/src/components/form-input/form-input.spec.js,Magic Number,"{'line': 874, 'column': 49, 'index': 25081}","  872 |     expect(wrapper.emitted('update')[1][0]).toBe('abcd')
  873 |     // `input` event should not have emitted new event
> 874 |     expect(wrapper.emitted('input').length).toBe(4)
      |                                                 ^ Magic Number
  875 |
  876 |     $input.element.value = 'abc'
  877 |     await $input.trigger('input')"
/home/gabriel/Disk/Research/research-javascript-test-smells/repositories/bootstrap-vue-dev/src/components/form-input/form-input.spec.js,Magic Number,"{'line': 880, 'column': 50, 'index': 25311}","  878 |     expect($input.element.value).toBe('abc')
  879 |     // `v-model` update event should not have emitted new event
> 880 |     expect(wrapper.emitted('update').length).toBe(2)
      |                                                  ^ Magic Number
  881 |     // `input` event should be emitted
  882 |     expect(wrapper.emitted('input').length).toBe(5)
  883 |     expect(wrapper.emitted('input')[4][0]).toBe('abc')"
/home/gabriel/Disk/Research/research-javascript-test-smells/repositories/bootstrap-vue-dev/src/components/form-input/form-input.spec.js,Magic Number,"{'line': 882, 'column': 49, 'index': 25402}","  880 |     expect(wrapper.emitted('update').length).toBe(2)
  881 |     // `input` event should be emitted
> 882 |     expect(wrapper.emitted('input').length).toBe(5)
      |                                                 ^ Magic Number
  883 |     expect(wrapper.emitted('input')[4][0]).toBe('abc')
  884 |
  885 |     $input.element.value = 'abcd'"
/home/gabriel/Disk/Research/research-javascript-test-smells/repositories/bootstrap-vue-dev/src/components/form-input/form-input.spec.js,Magic Number,"{'line': 889, 'column': 50, 'index': 25689}","  887 |     expect($input.element.value).toBe('abcd')
  888 |     // `v-model` update event should not have emitted new event
> 889 |     expect(wrapper.emitted('update').length).toBe(2)
      |                                                  ^ Magic Number
  890 |     // `input` event should be emitted
  891 |     expect(wrapper.emitted('input').length).toBe(6)
  892 |     expect(wrapper.emitted('input')[5][0]).toBe('abcd')"
/home/gabriel/Disk/Research/research-javascript-test-smells/repositories/bootstrap-vue-dev/src/components/form-input/form-input.spec.js,Magic Number,"{'line': 891, 'column': 49, 'index': 25780}","  889 |     expect(wrapper.emitted('update').length).toBe(2)
  890 |     // `input` event should be emitted
> 891 |     expect(wrapper.emitted('input').length).toBe(6)
      |                                                 ^ Magic Number
  892 |     expect(wrapper.emitted('input')[5][0]).toBe('abcd')
  893 |
  894 |     // Advance timer"
/home/gabriel/Disk/Research/research-javascript-test-smells/repositories/bootstrap-vue-dev/src/components/form-input/form-input.spec.js,Magic Number,"{'line': 899, 'column': 50, 'index': 26086}","  897 |     expect($input.element.value).toBe('abcd')
  898 |     // `v-model` update event should not have emitted new event
> 899 |     expect(wrapper.emitted('update').length).toBe(2)
      |                                                  ^ Magic Number
  900 |     // `input` event should not have emitted new event
  901 |     expect(wrapper.emitted('input').length).toBe(6)
  902 |"
/home/gabriel/Disk/Research/research-javascript-test-smells/repositories/bootstrap-vue-dev/src/components/form-input/form-input.spec.js,Magic Number,"{'line': 901, 'column': 49, 'index': 26193}","  899 |     expect(wrapper.emitted('update').length).toBe(2)
  900 |     // `input` event should not have emitted new event
> 901 |     expect(wrapper.emitted('input').length).toBe(6)
      |                                                 ^ Magic Number
  902 |
  903 |     wrapper.destroy()
  904 |   })"
/home/gabriel/Disk/Research/research-javascript-test-smells/repositories/bootstrap-vue-dev/src/components/form-group/form-group.spec.js,Duplicate Assert,"{'line': 87, 'column': 4, 'index': 2278}","  85 |     expect(typeof slotScope.labelId).toBe('string')
  86 |
> 87 |     expect(wrapper.text()).toContain(label)
     |    ^ Duplicate Assert
  88 |     expect(wrapper.text()).toContain(description)
  89 |
  90 |     wrapper.destroy()"
/home/gabriel/Disk/Research/research-javascript-test-smells/repositories/bootstrap-vue-dev/src/components/form-group/form-group.spec.js,Duplicate Assert,"{'line': 88, 'column': 4, 'index': 2322}","  86 |
  87 |     expect(wrapper.text()).toContain(label)
> 88 |     expect(wrapper.text()).toContain(description)
     |    ^ Duplicate Assert
  89 |
  90 |     wrapper.destroy()
  91 |   })"
/home/gabriel/Disk/Research/research-javascript-test-smells/repositories/bootstrap-vue-dev/src/components/form-group/form-group.spec.js,Duplicate Assert,"{'line': 196, 'column': 4, 'index': 5395}","  194 |
  195 |     expect(wrapper.element.tagName).toBe('DIV')
> 196 |     expect(wrapper.classes()).toContain('form-group')
      |    ^ Duplicate Assert
  197 |     expect(wrapper.classes()).toContain('form-row')
  198 |     expect(wrapper.classes().length).toBe(2)
  199 |     expect(wrapper.attributes('role')).toEqual('group')"
/home/gabriel/Disk/Research/research-javascript-test-smells/repositories/bootstrap-vue-dev/src/components/form-group/form-group.spec.js,Duplicate Assert,"{'line': 197, 'column': 4, 'index': 5449}","  195 |     expect(wrapper.element.tagName).toBe('DIV')
  196 |     expect(wrapper.classes()).toContain('form-group')
> 197 |     expect(wrapper.classes()).toContain('form-row')
      |    ^ Duplicate Assert
  198 |     expect(wrapper.classes().length).toBe(2)
  199 |     expect(wrapper.attributes('role')).toEqual('group')
  200 |     expect(wrapper.attributes('aria-labelledby')).toBeUndefined()"
/home/gabriel/Disk/Research/research-javascript-test-smells/repositories/bootstrap-vue-dev/src/components/form-group/form-group.spec.js,Duplicate Assert,"{'line': 207, 'column': 4, 'index': 5833}","  205 |     const $label = wrapper.find('label')
  206 |     expect($label.exists()).toBe(true)
> 207 |     expect($label.classes()).toContain('col-form-label')
      |    ^ Duplicate Assert
  208 |     expect($label.classes()).toContain('col-1')
  209 |     expect($label.classes()).toContain('col-sm-2')
  210 |     expect($label.classes()).toContain('col-md-3')"
/home/gabriel/Disk/Research/research-javascript-test-smells/repositories/bootstrap-vue-dev/src/components/form-group/form-group.spec.js,Duplicate Assert,"{'line': 208, 'column': 4, 'index': 5890}","  206 |     expect($label.exists()).toBe(true)
  207 |     expect($label.classes()).toContain('col-form-label')
> 208 |     expect($label.classes()).toContain('col-1')
      |    ^ Duplicate Assert
  209 |     expect($label.classes()).toContain('col-sm-2')
  210 |     expect($label.classes()).toContain('col-md-3')
  211 |     expect($label.classes()).toContain('col-lg-4')"
/home/gabriel/Disk/Research/research-javascript-test-smells/repositories/bootstrap-vue-dev/src/components/form-group/form-group.spec.js,Duplicate Assert,"{'line': 209, 'column': 4, 'index': 5938}","  207 |     expect($label.classes()).toContain('col-form-label')
  208 |     expect($label.classes()).toContain('col-1')
> 209 |     expect($label.classes()).toContain('col-sm-2')
      |    ^ Duplicate Assert
  210 |     expect($label.classes()).toContain('col-md-3')
  211 |     expect($label.classes()).toContain('col-lg-4')
  212 |     expect($label.classes()).toContain('col-xl-5')"
/home/gabriel/Disk/Research/research-javascript-test-smells/repositories/bootstrap-vue-dev/src/components/form-group/form-group.spec.js,Duplicate Assert,"{'line': 210, 'column': 4, 'index': 5989}","  208 |     expect($label.classes()).toContain('col-1')
  209 |     expect($label.classes()).toContain('col-sm-2')
> 210 |     expect($label.classes()).toContain('col-md-3')
      |    ^ Duplicate Assert
  211 |     expect($label.classes()).toContain('col-lg-4')
  212 |     expect($label.classes()).toContain('col-xl-5')
  213 |     expect($label.classes().length).toBe(6)"
/home/gabriel/Disk/Research/research-javascript-test-smells/repositories/bootstrap-vue-dev/src/components/form-group/form-group.spec.js,Duplicate Assert,"{'line': 211, 'column': 4, 'index': 6040}","  209 |     expect($label.classes()).toContain('col-sm-2')
  210 |     expect($label.classes()).toContain('col-md-3')
> 211 |     expect($label.classes()).toContain('col-lg-4')
      |    ^ Duplicate Assert
  212 |     expect($label.classes()).toContain('col-xl-5')
  213 |     expect($label.classes().length).toBe(6)
  214 |     expect($label.text()).toEqual('test')"
/home/gabriel/Disk/Research/research-javascript-test-smells/repositories/bootstrap-vue-dev/src/components/form-group/form-group.spec.js,Duplicate Assert,"{'line': 212, 'column': 4, 'index': 6091}","  210 |     expect($label.classes()).toContain('col-md-3')
  211 |     expect($label.classes()).toContain('col-lg-4')
> 212 |     expect($label.classes()).toContain('col-xl-5')
      |    ^ Duplicate Assert
  213 |     expect($label.classes().length).toBe(6)
  214 |     expect($label.text()).toEqual('test')
  215 |"
/home/gabriel/Disk/Research/research-javascript-test-smells/repositories/bootstrap-vue-dev/src/components/form-group/form-group.spec.js,Duplicate Assert,"{'line': 247, 'column': 4, 'index': 7124}","  245 |     const $legend = wrapper.find('legend')
  246 |     expect($legend.exists()).toBe(true)
> 247 |     expect($legend.classes()).toContain('col-form-label')
      |    ^ Duplicate Assert
  248 |     expect($legend.classes()).toContain('col-1')
  249 |     expect($legend.classes()).toContain('col-sm-2')
  250 |     expect($legend.classes()).toContain('col-md-3')"
/home/gabriel/Disk/Research/research-javascript-test-smells/repositories/bootstrap-vue-dev/src/components/form-group/form-group.spec.js,Duplicate Assert,"{'line': 248, 'column': 4, 'index': 7182}","  246 |     expect($legend.exists()).toBe(true)
  247 |     expect($legend.classes()).toContain('col-form-label')
> 248 |     expect($legend.classes()).toContain('col-1')
      |    ^ Duplicate Assert
  249 |     expect($legend.classes()).toContain('col-sm-2')
  250 |     expect($legend.classes()).toContain('col-md-3')
  251 |     expect($legend.classes()).toContain('col-lg-4')"
/home/gabriel/Disk/Research/research-javascript-test-smells/repositories/bootstrap-vue-dev/src/components/form-group/form-group.spec.js,Duplicate Assert,"{'line': 249, 'column': 4, 'index': 7231}","  247 |     expect($legend.classes()).toContain('col-form-label')
  248 |     expect($legend.classes()).toContain('col-1')
> 249 |     expect($legend.classes()).toContain('col-sm-2')
      |    ^ Duplicate Assert
  250 |     expect($legend.classes()).toContain('col-md-3')
  251 |     expect($legend.classes()).toContain('col-lg-4')
  252 |     expect($legend.classes()).toContain('col-xl-5')"
/home/gabriel/Disk/Research/research-javascript-test-smells/repositories/bootstrap-vue-dev/src/components/form-group/form-group.spec.js,Duplicate Assert,"{'line': 250, 'column': 4, 'index': 7283}","  248 |     expect($legend.classes()).toContain('col-1')
  249 |     expect($legend.classes()).toContain('col-sm-2')
> 250 |     expect($legend.classes()).toContain('col-md-3')
      |    ^ Duplicate Assert
  251 |     expect($legend.classes()).toContain('col-lg-4')
  252 |     expect($legend.classes()).toContain('col-xl-5')
  253 |     expect($legend.classes()).toContain('bv-no-focus-ring')"
/home/gabriel/Disk/Research/research-javascript-test-smells/repositories/bootstrap-vue-dev/src/components/form-group/form-group.spec.js,Duplicate Assert,"{'line': 251, 'column': 4, 'index': 7335}","  249 |     expect($legend.classes()).toContain('col-sm-2')
  250 |     expect($legend.classes()).toContain('col-md-3')
> 251 |     expect($legend.classes()).toContain('col-lg-4')
      |    ^ Duplicate Assert
  252 |     expect($legend.classes()).toContain('col-xl-5')
  253 |     expect($legend.classes()).toContain('bv-no-focus-ring')
  254 |     expect($legend.classes().length).toBe(7)"
/home/gabriel/Disk/Research/research-javascript-test-smells/repositories/bootstrap-vue-dev/src/components/form-group/form-group.spec.js,Duplicate Assert,"{'line': 252, 'column': 4, 'index': 7387}","  250 |     expect($legend.classes()).toContain('col-md-3')
  251 |     expect($legend.classes()).toContain('col-lg-4')
> 252 |     expect($legend.classes()).toContain('col-xl-5')
      |    ^ Duplicate Assert
  253 |     expect($legend.classes()).toContain('bv-no-focus-ring')
  254 |     expect($legend.classes().length).toBe(7)
  255 |     expect($legend.text()).toEqual('test')"
/home/gabriel/Disk/Research/research-javascript-test-smells/repositories/bootstrap-vue-dev/src/components/form-group/form-group.spec.js,Duplicate Assert,"{'line': 253, 'column': 4, 'index': 7439}","  251 |     expect($legend.classes()).toContain('col-lg-4')
  252 |     expect($legend.classes()).toContain('col-xl-5')
> 253 |     expect($legend.classes()).toContain('bv-no-focus-ring')
      |    ^ Duplicate Assert
  254 |     expect($legend.classes().length).toBe(7)
  255 |     expect($legend.text()).toEqual('test')
  256 |"
/home/gabriel/Disk/Research/research-javascript-test-smells/repositories/bootstrap-vue-dev/src/components/form-group/form-group.spec.js,Duplicate Assert,"{'line': 282, 'column': 4, 'index': 8318}","  280 |
  281 |     const $legend = wrapper.find('legend')
> 282 |     expect($legend.classes()).toContain('col-form-label')
      |    ^ Duplicate Assert
  283 |     expect($legend.classes()).toContain('col-1')
  284 |     expect($legend.classes()).toContain('bv-no-focus-ring')
  285 |     expect($legend.text()).toEqual('')"
/home/gabriel/Disk/Research/research-javascript-test-smells/repositories/bootstrap-vue-dev/src/components/form-group/form-group.spec.js,Duplicate Assert,"{'line': 283, 'column': 4, 'index': 8376}","  281 |     const $legend = wrapper.find('legend')
  282 |     expect($legend.classes()).toContain('col-form-label')
> 283 |     expect($legend.classes()).toContain('col-1')
      |    ^ Duplicate Assert
  284 |     expect($legend.classes()).toContain('bv-no-focus-ring')
  285 |     expect($legend.text()).toEqual('')
  286 |"
/home/gabriel/Disk/Research/research-javascript-test-smells/repositories/bootstrap-vue-dev/src/components/form-group/form-group.spec.js,Duplicate Assert,"{'line': 284, 'column': 4, 'index': 8425}","  282 |     expect($legend.classes()).toContain('col-form-label')
  283 |     expect($legend.classes()).toContain('col-1')
> 284 |     expect($legend.classes()).toContain('bv-no-focus-ring')
      |    ^ Duplicate Assert
  285 |     expect($legend.text()).toEqual('')
  286 |
  287 |     expect(wrapper.find('label').exists()).toBe(false)"
/home/gabriel/Disk/Research/research-javascript-test-smells/repositories/bootstrap-vue-dev/src/components/form-group/form-group.spec.js,Duplicate Assert,"{'line': 313, 'column': 4, 'index': 9233}","  311 |     expect(wrapper.find('.form-text').exists()).toBe(true)
  312 |     expect(wrapper.find('.form-text').text()).toEqual('foo')
> 313 |     expect(wrapper.attributes('aria-invalid')).toBeUndefined()
      |    ^ Duplicate Assert
  314 |     expect(wrapper.classes()).not.toContain('is-invalid')
  315 |     expect(wrapper.classes()).not.toContain('is-valid')
  316 |"
/home/gabriel/Disk/Research/research-javascript-test-smells/repositories/bootstrap-vue-dev/src/components/form-group/form-group.spec.js,Duplicate Assert,"{'line': 313, 'column': 4, 'index': 9233}","  311 |     expect(wrapper.find('.form-text').exists()).toBe(true)
  312 |     expect(wrapper.find('.form-text').text()).toEqual('foo')
> 313 |     expect(wrapper.attributes('aria-invalid')).toBeUndefined()
      |    ^ Duplicate Assert
  314 |     expect(wrapper.classes()).not.toContain('is-invalid')
  315 |     expect(wrapper.classes()).not.toContain('is-valid')
  316 |"
/home/gabriel/Disk/Research/research-javascript-test-smells/repositories/bootstrap-vue-dev/src/components/form-group/form-group.spec.js,Duplicate Assert,"{'line': 314, 'column': 4, 'index': 9296}","  312 |     expect(wrapper.find('.form-text').text()).toEqual('foo')
  313 |     expect(wrapper.attributes('aria-invalid')).toBeUndefined()
> 314 |     expect(wrapper.classes()).not.toContain('is-invalid')
      |    ^ Duplicate Assert
  315 |     expect(wrapper.classes()).not.toContain('is-valid')
  316 |
  317 |     const $input = wrapper.find('input')"
/home/gabriel/Disk/Research/research-javascript-test-smells/repositories/bootstrap-vue-dev/src/components/form-group/form-group.spec.js,Duplicate Assert,"{'line': 314, 'column': 4, 'index': 9296}","  312 |     expect(wrapper.find('.form-text').text()).toEqual('foo')
  313 |     expect(wrapper.attributes('aria-invalid')).toBeUndefined()
> 314 |     expect(wrapper.classes()).not.toContain('is-invalid')
      |    ^ Duplicate Assert
  315 |     expect(wrapper.classes()).not.toContain('is-valid')
  316 |
  317 |     const $input = wrapper.find('input')"
/home/gabriel/Disk/Research/research-javascript-test-smells/repositories/bootstrap-vue-dev/src/components/form-group/form-group.spec.js,Duplicate Assert,"{'line': 315, 'column': 4, 'index': 9354}","  313 |     expect(wrapper.attributes('aria-invalid')).toBeUndefined()
  314 |     expect(wrapper.classes()).not.toContain('is-invalid')
> 315 |     expect(wrapper.classes()).not.toContain('is-valid')
      |    ^ Duplicate Assert
  316 |
  317 |     const $input = wrapper.find('input')
  318 |     expect($input.exists()).toBe(true)"
/home/gabriel/Disk/Research/research-javascript-test-smells/repositories/bootstrap-vue-dev/src/components/form-group/form-group.spec.js,Duplicate Assert,"{'line': 315, 'column': 4, 'index': 9354}","  313 |     expect(wrapper.attributes('aria-invalid')).toBeUndefined()
  314 |     expect(wrapper.classes()).not.toContain('is-invalid')
> 315 |     expect(wrapper.classes()).not.toContain('is-valid')
      |    ^ Duplicate Assert
  316 |
  317 |     const $input = wrapper.find('input')
  318 |     expect($input.exists()).toBe(true)"
/home/gabriel/Disk/Research/research-javascript-test-smells/repositories/bootstrap-vue-dev/src/components/form-group/form-group.spec.js,Duplicate Assert,"{'line': 319, 'column': 4, 'index': 9491}","  317 |     const $input = wrapper.find('input')
  318 |     expect($input.exists()).toBe(true)
> 319 |     expect($input.attributes('aria-describedby')).toEqual('group-id__BV_description_')
      |    ^ Duplicate Assert
  320 |
  321 |     const $invalidFeedback = wrapper.find('.invalid-feedback')
  322 |     expect($invalidFeedback.exists()).toBe(true)"
/home/gabriel/Disk/Research/research-javascript-test-smells/repositories/bootstrap-vue-dev/src/components/form-group/form-group.spec.js,Duplicate Assert,"{'line': 335, 'column': 4, 'index': 10294}","  333 |     // When `state` is `true`, description and valid are visible
  334 |     await wrapper.setProps({ state: true })
> 335 |     expect(wrapper.attributes('aria-invalid')).toBeUndefined()
      |    ^ Duplicate Assert
  336 |     expect(wrapper.classes()).not.toContain('is-invalid')
  337 |     expect(wrapper.classes()).toContain('is-valid')
  338 |     expect($input.attributes('aria-describedby')).toBeDefined()"
/home/gabriel/Disk/Research/research-javascript-test-smells/repositories/bootstrap-vue-dev/src/components/form-group/form-group.spec.js,Duplicate Assert,"{'line': 335, 'column': 4, 'index': 10294}","  333 |     // When `state` is `true`, description and valid are visible
  334 |     await wrapper.setProps({ state: true })
> 335 |     expect(wrapper.attributes('aria-invalid')).toBeUndefined()
      |    ^ Duplicate Assert
  336 |     expect(wrapper.classes()).not.toContain('is-invalid')
  337 |     expect(wrapper.classes()).toContain('is-valid')
  338 |     expect($input.attributes('aria-describedby')).toBeDefined()"
/home/gabriel/Disk/Research/research-javascript-test-smells/repositories/bootstrap-vue-dev/src/components/form-group/form-group.spec.js,Duplicate Assert,"{'line': 336, 'column': 4, 'index': 10357}","  334 |     await wrapper.setProps({ state: true })
  335 |     expect(wrapper.attributes('aria-invalid')).toBeUndefined()
> 336 |     expect(wrapper.classes()).not.toContain('is-invalid')
      |    ^ Duplicate Assert
  337 |     expect(wrapper.classes()).toContain('is-valid')
  338 |     expect($input.attributes('aria-describedby')).toBeDefined()
  339 |     expect($input.attributes('aria-describedby')).toEqual("
/home/gabriel/Disk/Research/research-javascript-test-smells/repositories/bootstrap-vue-dev/src/components/form-group/form-group.spec.js,Duplicate Assert,"{'line': 336, 'column': 4, 'index': 10357}","  334 |     await wrapper.setProps({ state: true })
  335 |     expect(wrapper.attributes('aria-invalid')).toBeUndefined()
> 336 |     expect(wrapper.classes()).not.toContain('is-invalid')
      |    ^ Duplicate Assert
  337 |     expect(wrapper.classes()).toContain('is-valid')
  338 |     expect($input.attributes('aria-describedby')).toBeDefined()
  339 |     expect($input.attributes('aria-describedby')).toEqual("
/home/gabriel/Disk/Research/research-javascript-test-smells/repositories/bootstrap-vue-dev/src/components/form-group/form-group.spec.js,Duplicate Assert,"{'line': 337, 'column': 4, 'index': 10415}","  335 |     expect(wrapper.attributes('aria-invalid')).toBeUndefined()
  336 |     expect(wrapper.classes()).not.toContain('is-invalid')
> 337 |     expect(wrapper.classes()).toContain('is-valid')
      |    ^ Duplicate Assert
  338 |     expect($input.attributes('aria-describedby')).toBeDefined()
  339 |     expect($input.attributes('aria-describedby')).toEqual(
  340 |       'group-id__BV_description_ group-id__BV_feedback_valid_'"
/home/gabriel/Disk/Research/research-javascript-test-smells/repositories/bootstrap-vue-dev/src/components/form-group/form-group.spec.js,Duplicate Assert,"{'line': 338, 'column': 4, 'index': 10467}","  336 |     expect(wrapper.classes()).not.toContain('is-invalid')
  337 |     expect(wrapper.classes()).toContain('is-valid')
> 338 |     expect($input.attributes('aria-describedby')).toBeDefined()
      |    ^ Duplicate Assert
  339 |     expect($input.attributes('aria-describedby')).toEqual(
  340 |       'group-id__BV_description_ group-id__BV_feedback_valid_'
  341 |     )"
/home/gabriel/Disk/Research/research-javascript-test-smells/repositories/bootstrap-vue-dev/src/components/form-group/form-group.spec.js,Duplicate Assert,"{'line': 339, 'column': 4, 'index': 10531}","  337 |     expect(wrapper.classes()).toContain('is-valid')
  338 |     expect($input.attributes('aria-describedby')).toBeDefined()
> 339 |     expect($input.attributes('aria-describedby')).toEqual(
      |    ^ Duplicate Assert
  340 |       'group-id__BV_description_ group-id__BV_feedback_valid_'
  341 |     )
  342 |"
/home/gabriel/Disk/Research/research-javascript-test-smells/repositories/bootstrap-vue-dev/src/components/form-group/form-group.spec.js,Duplicate Assert,"{'line': 345, 'column': 4, 'index': 10771}","  343 |     // When `state` is `false`, description and valid are visible
  344 |     await wrapper.setProps({ state: false })
> 345 |     expect(wrapper.attributes('aria-invalid')).toEqual('true')
      |    ^ Duplicate Assert
  346 |     expect(wrapper.classes()).not.toContain('is-valid')
  347 |     expect(wrapper.classes()).toContain('is-invalid')
  348 |     expect($input.attributes('aria-describedby')).toEqual("
/home/gabriel/Disk/Research/research-javascript-test-smells/repositories/bootstrap-vue-dev/src/components/form-group/form-group.spec.js,Duplicate Assert,"{'line': 346, 'column': 4, 'index': 10834}","  344 |     await wrapper.setProps({ state: false })
  345 |     expect(wrapper.attributes('aria-invalid')).toEqual('true')
> 346 |     expect(wrapper.classes()).not.toContain('is-valid')
      |    ^ Duplicate Assert
  347 |     expect(wrapper.classes()).toContain('is-invalid')
  348 |     expect($input.attributes('aria-describedby')).toEqual(
  349 |       'group-id__BV_description_ group-id__BV_feedback_invalid_'"
/home/gabriel/Disk/Research/research-javascript-test-smells/repositories/bootstrap-vue-dev/src/components/form-group/form-group.spec.js,Duplicate Assert,"{'line': 346, 'column': 4, 'index': 10834}","  344 |     await wrapper.setProps({ state: false })
  345 |     expect(wrapper.attributes('aria-invalid')).toEqual('true')
> 346 |     expect(wrapper.classes()).not.toContain('is-valid')
      |    ^ Duplicate Assert
  347 |     expect(wrapper.classes()).toContain('is-invalid')
  348 |     expect($input.attributes('aria-describedby')).toEqual(
  349 |       'group-id__BV_description_ group-id__BV_feedback_invalid_'"
/home/gabriel/Disk/Research/research-javascript-test-smells/repositories/bootstrap-vue-dev/src/components/form-group/form-group.spec.js,Duplicate Assert,"{'line': 347, 'column': 4, 'index': 10890}","  345 |     expect(wrapper.attributes('aria-invalid')).toEqual('true')
  346 |     expect(wrapper.classes()).not.toContain('is-valid')
> 347 |     expect(wrapper.classes()).toContain('is-invalid')
      |    ^ Duplicate Assert
  348 |     expect($input.attributes('aria-describedby')).toEqual(
  349 |       'group-id__BV_description_ group-id__BV_feedback_invalid_'
  350 |     )"
/home/gabriel/Disk/Research/research-javascript-test-smells/repositories/bootstrap-vue-dev/src/components/form-group/form-group.spec.js,Duplicate Assert,"{'line': 348, 'column': 4, 'index': 10944}","  346 |     expect(wrapper.classes()).not.toContain('is-valid')
  347 |     expect(wrapper.classes()).toContain('is-invalid')
> 348 |     expect($input.attributes('aria-describedby')).toEqual(
      |    ^ Duplicate Assert
  349 |       'group-id__BV_description_ group-id__BV_feedback_invalid_'
  350 |     )
  351 |   })"
/home/gabriel/Disk/Research/research-javascript-test-smells/repositories/bootstrap-vue-dev/src/components/form-group/form-group.spec.js,Duplicate Assert,"{'line': 372, 'column': 4, 'index': 11619}","  370 |
  371 |     let $invalidFeedback = wrapper.find('.invalid-feedback')
> 372 |     expect($invalidFeedback.exists()).toBe(true)
      |    ^ Duplicate Assert
  373 |     expect($invalidFeedback.text()).toEqual('bar')
  374 |     expect($invalidFeedback.attributes('aria-live')).toEqual('polite')
  375 |     expect($invalidFeedback.attributes('aria-atomic')).toEqual('true')"
/home/gabriel/Disk/Research/research-javascript-test-smells/repositories/bootstrap-vue-dev/src/components/form-group/form-group.spec.js,Duplicate Assert,"{'line': 372, 'column': 4, 'index': 11619}","  370 |
  371 |     let $invalidFeedback = wrapper.find('.invalid-feedback')
> 372 |     expect($invalidFeedback.exists()).toBe(true)
      |    ^ Duplicate Assert
  373 |     expect($invalidFeedback.text()).toEqual('bar')
  374 |     expect($invalidFeedback.attributes('aria-live')).toEqual('polite')
  375 |     expect($invalidFeedback.attributes('aria-atomic')).toEqual('true')"
/home/gabriel/Disk/Research/research-javascript-test-smells/repositories/bootstrap-vue-dev/src/components/form-group/form-group.spec.js,Duplicate Assert,"{'line': 373, 'column': 4, 'index': 11668}","  371 |     let $invalidFeedback = wrapper.find('.invalid-feedback')
  372 |     expect($invalidFeedback.exists()).toBe(true)
> 373 |     expect($invalidFeedback.text()).toEqual('bar')
      |    ^ Duplicate Assert
  374 |     expect($invalidFeedback.attributes('aria-live')).toEqual('polite')
  375 |     expect($invalidFeedback.attributes('aria-atomic')).toEqual('true')
  376 |"
/home/gabriel/Disk/Research/research-javascript-test-smells/repositories/bootstrap-vue-dev/src/components/form-group/form-group.spec.js,Duplicate Assert,"{'line': 373, 'column': 4, 'index': 11668}","  371 |     let $invalidFeedback = wrapper.find('.invalid-feedback')
  372 |     expect($invalidFeedback.exists()).toBe(true)
> 373 |     expect($invalidFeedback.text()).toEqual('bar')
      |    ^ Duplicate Assert
  374 |     expect($invalidFeedback.attributes('aria-live')).toEqual('polite')
  375 |     expect($invalidFeedback.attributes('aria-atomic')).toEqual('true')
  376 |"
/home/gabriel/Disk/Research/research-javascript-test-smells/repositories/bootstrap-vue-dev/src/components/form-group/form-group.spec.js,Duplicate Assert,"{'line': 374, 'column': 4, 'index': 11719}","  372 |     expect($invalidFeedback.exists()).toBe(true)
  373 |     expect($invalidFeedback.text()).toEqual('bar')
> 374 |     expect($invalidFeedback.attributes('aria-live')).toEqual('polite')
      |    ^ Duplicate Assert
  375 |     expect($invalidFeedback.attributes('aria-atomic')).toEqual('true')
  376 |
  377 |     let $validFeedback = wrapper.find('.valid-feedback')"
/home/gabriel/Disk/Research/research-javascript-test-smells/repositories/bootstrap-vue-dev/src/components/form-group/form-group.spec.js,Duplicate Assert,"{'line': 375, 'column': 4, 'index': 11790}","  373 |     expect($invalidFeedback.text()).toEqual('bar')
  374 |     expect($invalidFeedback.attributes('aria-live')).toEqual('polite')
> 375 |     expect($invalidFeedback.attributes('aria-atomic')).toEqual('true')
      |    ^ Duplicate Assert
  376 |
  377 |     let $validFeedback = wrapper.find('.valid-feedback')
  378 |     expect($validFeedback.exists()).toBe(true)"
/home/gabriel/Disk/Research/research-javascript-test-smells/repositories/bootstrap-vue-dev/src/components/form-group/form-group.spec.js,Duplicate Assert,"{'line': 378, 'column': 4, 'index': 11919}","  376 |
  377 |     let $validFeedback = wrapper.find('.valid-feedback')
> 378 |     expect($validFeedback.exists()).toBe(true)
      |    ^ Duplicate Assert
  379 |     expect($validFeedback.text()).toEqual('baz')
  380 |     expect($validFeedback.attributes('aria-live')).toEqual('polite')
  381 |     expect($validFeedback.attributes('aria-atomic')).toEqual('true')"
/home/gabriel/Disk/Research/research-javascript-test-smells/repositories/bootstrap-vue-dev/src/components/form-group/form-group.spec.js,Duplicate Assert,"{'line': 378, 'column': 4, 'index': 11919}","  376 |
  377 |     let $validFeedback = wrapper.find('.valid-feedback')
> 378 |     expect($validFeedback.exists()).toBe(true)
      |    ^ Duplicate Assert
  379 |     expect($validFeedback.text()).toEqual('baz')
  380 |     expect($validFeedback.attributes('aria-live')).toEqual('polite')
  381 |     expect($validFeedback.attributes('aria-atomic')).toEqual('true')"
/home/gabriel/Disk/Research/research-javascript-test-smells/repositories/bootstrap-vue-dev/src/components/form-group/form-group.spec.js,Duplicate Assert,"{'line': 379, 'column': 4, 'index': 11966}","  377 |     let $validFeedback = wrapper.find('.valid-feedback')
  378 |     expect($validFeedback.exists()).toBe(true)
> 379 |     expect($validFeedback.text()).toEqual('baz')
      |    ^ Duplicate Assert
  380 |     expect($validFeedback.attributes('aria-live')).toEqual('polite')
  381 |     expect($validFeedback.attributes('aria-atomic')).toEqual('true')
  382 |"
/home/gabriel/Disk/Research/research-javascript-test-smells/repositories/bootstrap-vue-dev/src/components/form-group/form-group.spec.js,Duplicate Assert,"{'line': 379, 'column': 4, 'index': 11966}","  377 |     let $validFeedback = wrapper.find('.valid-feedback')
  378 |     expect($validFeedback.exists()).toBe(true)
> 379 |     expect($validFeedback.text()).toEqual('baz')
      |    ^ Duplicate Assert
  380 |     expect($validFeedback.attributes('aria-live')).toEqual('polite')
  381 |     expect($validFeedback.attributes('aria-atomic')).toEqual('true')
  382 |"
/home/gabriel/Disk/Research/research-javascript-test-smells/repositories/bootstrap-vue-dev/src/components/form-group/form-group.spec.js,Duplicate Assert,"{'line': 380, 'column': 4, 'index': 12015}","  378 |     expect($validFeedback.exists()).toBe(true)
  379 |     expect($validFeedback.text()).toEqual('baz')
> 380 |     expect($validFeedback.attributes('aria-live')).toEqual('polite')
      |    ^ Duplicate Assert
  381 |     expect($validFeedback.attributes('aria-atomic')).toEqual('true')
  382 |
  383 |     await wrapper.setProps({ feedbackAriaLive: null })"
/home/gabriel/Disk/Research/research-javascript-test-smells/repositories/bootstrap-vue-dev/src/components/form-group/form-group.spec.js,Duplicate Assert,"{'line': 381, 'column': 4, 'index': 12084}","  379 |     expect($validFeedback.text()).toEqual('baz')
  380 |     expect($validFeedback.attributes('aria-live')).toEqual('polite')
> 381 |     expect($validFeedback.attributes('aria-atomic')).toEqual('true')
      |    ^ Duplicate Assert
  382 |
  383 |     await wrapper.setProps({ feedbackAriaLive: null })
  384 |"
/home/gabriel/Disk/Research/research-javascript-test-smells/repositories/bootstrap-vue-dev/src/components/form-group/form-group.spec.js,Duplicate Assert,"{'line': 386, 'column': 4, 'index': 12267}","  384 |
  385 |     $invalidFeedback = wrapper.find('.invalid-feedback')
> 386 |     expect($invalidFeedback.exists()).toBe(true)
      |    ^ Duplicate Assert
  387 |     expect($invalidFeedback.text()).toEqual('bar')
  388 |     expect($invalidFeedback.attributes('role')).toBeUndefined()
  389 |     expect($invalidFeedback.attributes('aria-live')).toBeUndefined()"
/home/gabriel/Disk/Research/research-javascript-test-smells/repositories/bootstrap-vue-dev/src/components/form-group/form-group.spec.js,Duplicate Assert,"{'line': 386, 'column': 4, 'index': 12267}","  384 |
  385 |     $invalidFeedback = wrapper.find('.invalid-feedback')
> 386 |     expect($invalidFeedback.exists()).toBe(true)
      |    ^ Duplicate Assert
  387 |     expect($invalidFeedback.text()).toEqual('bar')
  388 |     expect($invalidFeedback.attributes('role')).toBeUndefined()
  389 |     expect($invalidFeedback.attributes('aria-live')).toBeUndefined()"
/home/gabriel/Disk/Research/research-javascript-test-smells/repositories/bootstrap-vue-dev/src/components/form-group/form-group.spec.js,Duplicate Assert,"{'line': 387, 'column': 4, 'index': 12316}","  385 |     $invalidFeedback = wrapper.find('.invalid-feedback')
  386 |     expect($invalidFeedback.exists()).toBe(true)
> 387 |     expect($invalidFeedback.text()).toEqual('bar')
      |    ^ Duplicate Assert
  388 |     expect($invalidFeedback.attributes('role')).toBeUndefined()
  389 |     expect($invalidFeedback.attributes('aria-live')).toBeUndefined()
  390 |     expect($invalidFeedback.attributes('aria-atomic')).toBeUndefined()"
/home/gabriel/Disk/Research/research-javascript-test-smells/repositories/bootstrap-vue-dev/src/components/form-group/form-group.spec.js,Duplicate Assert,"{'line': 387, 'column': 4, 'index': 12316}","  385 |     $invalidFeedback = wrapper.find('.invalid-feedback')
  386 |     expect($invalidFeedback.exists()).toBe(true)
> 387 |     expect($invalidFeedback.text()).toEqual('bar')
      |    ^ Duplicate Assert
  388 |     expect($invalidFeedback.attributes('role')).toBeUndefined()
  389 |     expect($invalidFeedback.attributes('aria-live')).toBeUndefined()
  390 |     expect($invalidFeedback.attributes('aria-atomic')).toBeUndefined()"
/home/gabriel/Disk/Research/research-javascript-test-smells/repositories/bootstrap-vue-dev/src/components/form-group/form-group.spec.js,Duplicate Assert,"{'line': 389, 'column': 4, 'index': 12431}","  387 |     expect($invalidFeedback.text()).toEqual('bar')
  388 |     expect($invalidFeedback.attributes('role')).toBeUndefined()
> 389 |     expect($invalidFeedback.attributes('aria-live')).toBeUndefined()
      |    ^ Duplicate Assert
  390 |     expect($invalidFeedback.attributes('aria-atomic')).toBeUndefined()
  391 |
  392 |     $validFeedback = wrapper.find('.valid-feedback')"
/home/gabriel/Disk/Research/research-javascript-test-smells/repositories/bootstrap-vue-dev/src/components/form-group/form-group.spec.js,Duplicate Assert,"{'line': 390, 'column': 4, 'index': 12500}","  388 |     expect($invalidFeedback.attributes('role')).toBeUndefined()
  389 |     expect($invalidFeedback.attributes('aria-live')).toBeUndefined()
> 390 |     expect($invalidFeedback.attributes('aria-atomic')).toBeUndefined()
      |    ^ Duplicate Assert
  391 |
  392 |     $validFeedback = wrapper.find('.valid-feedback')
  393 |     expect($validFeedback.exists()).toBe(true)"
/home/gabriel/Disk/Research/research-javascript-test-smells/repositories/bootstrap-vue-dev/src/components/form-group/form-group.spec.js,Duplicate Assert,"{'line': 393, 'column': 4, 'index': 12625}","  391 |
  392 |     $validFeedback = wrapper.find('.valid-feedback')
> 393 |     expect($validFeedback.exists()).toBe(true)
      |    ^ Duplicate Assert
  394 |     expect($validFeedback.text()).toEqual('baz')
  395 |     expect($validFeedback.attributes('role')).toBeUndefined()
  396 |     expect($validFeedback.attributes('aria-live')).toBeUndefined()"
/home/gabriel/Disk/Research/research-javascript-test-smells/repositories/bootstrap-vue-dev/src/components/form-group/form-group.spec.js,Duplicate Assert,"{'line': 393, 'column': 4, 'index': 12625}","  391 |
  392 |     $validFeedback = wrapper.find('.valid-feedback')
> 393 |     expect($validFeedback.exists()).toBe(true)
      |    ^ Duplicate Assert
  394 |     expect($validFeedback.text()).toEqual('baz')
  395 |     expect($validFeedback.attributes('role')).toBeUndefined()
  396 |     expect($validFeedback.attributes('aria-live')).toBeUndefined()"
/home/gabriel/Disk/Research/research-javascript-test-smells/repositories/bootstrap-vue-dev/src/components/form-group/form-group.spec.js,Duplicate Assert,"{'line': 394, 'column': 4, 'index': 12672}","  392 |     $validFeedback = wrapper.find('.valid-feedback')
  393 |     expect($validFeedback.exists()).toBe(true)
> 394 |     expect($validFeedback.text()).toEqual('baz')
      |    ^ Duplicate Assert
  395 |     expect($validFeedback.attributes('role')).toBeUndefined()
  396 |     expect($validFeedback.attributes('aria-live')).toBeUndefined()
  397 |     expect($validFeedback.attributes('aria-atomic')).toBeUndefined()"
/home/gabriel/Disk/Research/research-javascript-test-smells/repositories/bootstrap-vue-dev/src/components/form-group/form-group.spec.js,Duplicate Assert,"{'line': 394, 'column': 4, 'index': 12672}","  392 |     $validFeedback = wrapper.find('.valid-feedback')
  393 |     expect($validFeedback.exists()).toBe(true)
> 394 |     expect($validFeedback.text()).toEqual('baz')
      |    ^ Duplicate Assert
  395 |     expect($validFeedback.attributes('role')).toBeUndefined()
  396 |     expect($validFeedback.attributes('aria-live')).toBeUndefined()
  397 |     expect($validFeedback.attributes('aria-atomic')).toBeUndefined()"
/home/gabriel/Disk/Research/research-javascript-test-smells/repositories/bootstrap-vue-dev/src/components/form-group/form-group.spec.js,Duplicate Assert,"{'line': 396, 'column': 4, 'index': 12783}","  394 |     expect($validFeedback.text()).toEqual('baz')
  395 |     expect($validFeedback.attributes('role')).toBeUndefined()
> 396 |     expect($validFeedback.attributes('aria-live')).toBeUndefined()
      |    ^ Duplicate Assert
  397 |     expect($validFeedback.attributes('aria-atomic')).toBeUndefined()
  398 |   })
  399 |"
/home/gabriel/Disk/Research/research-javascript-test-smells/repositories/bootstrap-vue-dev/src/components/form-group/form-group.spec.js,Duplicate Assert,"{'line': 397, 'column': 4, 'index': 12850}","  395 |     expect($validFeedback.attributes('role')).toBeUndefined()
  396 |     expect($validFeedback.attributes('aria-live')).toBeUndefined()
> 397 |     expect($validFeedback.attributes('aria-atomic')).toBeUndefined()
      |    ^ Duplicate Assert
  398 |   })
  399 |
  400 |   it('aligns the LABEL based on `label-align` props', async () => {"
/home/gabriel/Disk/Research/research-javascript-test-smells/repositories/bootstrap-vue-dev/src/components/form-group/form-group.spec.js,Duplicate Assert,"{'line': 420, 'column': 4, 'index': 13459}","  418 |     const $label = wrapper.find('label')
  419 |     expect($label.exists()).toBe(true)
> 420 |     expect($label.classes()).toContain('text-left')
      |    ^ Duplicate Assert
  421 |     expect($label.classes()).toContain('text-md-center')
  422 |     expect($label.classes()).toContain('text-xl-right')
  423 |"
/home/gabriel/Disk/Research/research-javascript-test-smells/repositories/bootstrap-vue-dev/src/components/form-group/form-group.spec.js,Duplicate Assert,"{'line': 421, 'column': 4, 'index': 13511}","  419 |     expect($label.exists()).toBe(true)
  420 |     expect($label.classes()).toContain('text-left')
> 421 |     expect($label.classes()).toContain('text-md-center')
      |    ^ Duplicate Assert
  422 |     expect($label.classes()).toContain('text-xl-right')
  423 |
  424 |     wrapper.destroy()"
/home/gabriel/Disk/Research/research-javascript-test-smells/repositories/bootstrap-vue-dev/src/components/form-group/form-group.spec.js,Duplicate Assert,"{'line': 422, 'column': 4, 'index': 13568}","  420 |     expect($label.classes()).toContain('text-left')
  421 |     expect($label.classes()).toContain('text-md-center')
> 422 |     expect($label.classes()).toContain('text-xl-right')
      |    ^ Duplicate Assert
  423 |
  424 |     wrapper.destroy()
  425 |   })"
/home/gabriel/Disk/Research/research-javascript-test-smells/repositories/bootstrap-vue-dev/src/components/form-group/form-group.spec.js,Duplicate Assert,"{'line': 469, 'column': 4, 'index': 14707}","  467 |     expect($input.exists()).toBe(true)
  468 |
> 469 |     expect(document.activeElement).not.toBe($input.element)
      |    ^ Duplicate Assert
  470 |     expect(document.activeElement).not.toBe($legend.element)
  471 |
  472 |     await $legend.trigger('click')"
/home/gabriel/Disk/Research/research-javascript-test-smells/repositories/bootstrap-vue-dev/src/components/form-group/form-group.spec.js,Duplicate Assert,"{'line': 470, 'column': 4, 'index': 14767}","  468 |
  469 |     expect(document.activeElement).not.toBe($input.element)
> 470 |     expect(document.activeElement).not.toBe($legend.element)
      |    ^ Duplicate Assert
  471 |
  472 |     await $legend.trigger('click')
  473 |     expect(document.activeElement).toBe($input.element)"
/home/gabriel/Disk/Research/research-javascript-test-smells/repositories/bootstrap-vue-dev/src/components/form-group/form-group.spec.js,Duplicate Assert,"{'line': 473, 'column': 4, 'index': 14864}","  471 |
  472 |     await $legend.trigger('click')
> 473 |     expect(document.activeElement).toBe($input.element)
      |    ^ Duplicate Assert
  474 |
  475 |     wrapper.destroy()
  476 |   })"
/home/gabriel/Disk/Research/research-javascript-test-smells/repositories/bootstrap-vue-dev/src/components/form-group/form-group.spec.js,Magic Number,"{'line': 35, 'column': 42, 'index': 986}","  33 |     expect(wrapper.element.tagName).toBe('FIELDSET')
  34 |     expect(wrapper.classes()).toContain('form-group')
> 35 |     expect(wrapper.classes().length).toBe(1)
     |                                          ^ Magic Number
  36 |     expect(wrapper.attributes('id')).toBeDefined()
  37 |     expect(wrapper.attributes('aria-labelledby')).toBeUndefined()
  38 |     expect(wrapper.find('label').exists()).toBe(false)"
/home/gabriel/Disk/Research/research-javascript-test-smells/repositories/bootstrap-vue-dev/src/components/form-group/form-group.spec.js,Magic Number,"{'line': 157, 'column': 42, 'index': 4165}","  155 |     expect(wrapper.element.tagName).toBe('DIV')
  156 |     expect(wrapper.classes()).toContain('form-group')
> 157 |     expect(wrapper.classes().length).toBe(1)
      |                                          ^ Magic Number
  158 |     expect(wrapper.attributes('id')).toBeDefined()
  159 |     expect(wrapper.attributes('role')).toEqual('group')
  160 |     expect(wrapper.attributes('aria-labelledby')).toBeUndefined()"
/home/gabriel/Disk/Research/research-javascript-test-smells/repositories/bootstrap-vue-dev/src/components/form-group/form-group.spec.js,Magic Number,"{'line': 198, 'column': 42, 'index': 5539}","  196 |     expect(wrapper.classes()).toContain('form-group')
  197 |     expect(wrapper.classes()).toContain('form-row')
> 198 |     expect(wrapper.classes().length).toBe(2)
      |                                          ^ Magic Number
  199 |     expect(wrapper.attributes('role')).toEqual('group')
  200 |     expect(wrapper.attributes('aria-labelledby')).toBeUndefined()
  201 |"
/home/gabriel/Disk/Research/research-javascript-test-smells/repositories/bootstrap-vue-dev/src/components/form-group/form-group.spec.js,Magic Number,"{'line': 203, 'column': 30, 'index': 5745}","  201 |
  202 |     const $cols = wrapper.findAllComponents(BCol)
> 203 |     expect($cols.length).toBe(2)
      |                              ^ Magic Number
  204 |
  205 |     const $label = wrapper.find('label')
  206 |     expect($label.exists()).toBe(true)"
/home/gabriel/Disk/Research/research-javascript-test-smells/repositories/bootstrap-vue-dev/src/components/form-group/form-group.spec.js,Magic Number,"{'line': 213, 'column': 41, 'index': 6179}","  211 |     expect($label.classes()).toContain('col-lg-4')
  212 |     expect($label.classes()).toContain('col-xl-5')
> 213 |     expect($label.classes().length).toBe(6)
      |                                         ^ Magic Number
  214 |     expect($label.text()).toEqual('test')
  215 |
  216 |     expect(wrapper.find('legend').exists()).toBe(false)"
/home/gabriel/Disk/Research/research-javascript-test-smells/repositories/bootstrap-vue-dev/src/components/form-group/form-group.spec.js,Magic Number,"{'line': 241, 'column': 42, 'index': 6914}","  239 |     expect(wrapper.element.tagName).toBe('FIELDSET')
  240 |     expect(wrapper.classes()).toContain('form-group')
> 241 |     expect(wrapper.classes().length).toBe(1)
      |                                          ^ Magic Number
  242 |     expect(wrapper.attributes('role')).toBeUndefined()
  243 |     expect(wrapper.attributes('aria-labelledby')).toBeDefined()
  244 |"
/home/gabriel/Disk/Research/research-javascript-test-smells/repositories/bootstrap-vue-dev/src/components/form-group/form-group.spec.js,Magic Number,"{'line': 254, 'column': 42, 'index': 7537}","  252 |     expect($legend.classes()).toContain('col-xl-5')
  253 |     expect($legend.classes()).toContain('bv-no-focus-ring')
> 254 |     expect($legend.classes().length).toBe(7)
      |                                          ^ Magic Number
  255 |     expect($legend.text()).toEqual('test')
  256 |
  257 |     expect(wrapper.find('label').exists()).toBe(false)"
/home/gabriel/Disk/Research/research-javascript-test-smells/repositories/bootstrap-vue-dev/src/components/form-group/form-group.spec.js,Magic Number,"{'line': 277, 'column': 42, 'index': 8146}","  275 |     expect(wrapper.element.tagName).toBe('FIELDSET')
  276 |     expect(wrapper.classes()).toContain('form-group')
> 277 |     expect(wrapper.classes().length).toBe(1)
      |                                          ^ Magic Number
  278 |     expect(wrapper.attributes('role')).toBeUndefined()
  279 |     expect(wrapper.attributes('aria-labelledby')).toBeUndefined()
  280 |"
/home/gabriel/Disk/Research/research-javascript-test-smells/repositories/bootstrap-vue-dev/src/components/form-file/form-file.spec.js,Duplicate Assert,"{'line': 15, 'column': 4, 'index': 442}","  13 |     expect(wrapper.element.tagName).toBe('DIV')
  14 |     expect(wrapper.classes()).toContain('custom-file')
> 15 |     expect(wrapper.attributes('id')).toBeDefined()
     |    ^ Duplicate Assert
  16 |     expect(wrapper.attributes('id')).toBe('foo__BV_file_outer_')
  17 |
  18 |     const $input = wrapper.find('input')"
/home/gabriel/Disk/Research/research-javascript-test-smells/repositories/bootstrap-vue-dev/src/components/form-file/form-file.spec.js,Duplicate Assert,"{'line': 16, 'column': 4, 'index': 493}","  14 |     expect(wrapper.classes()).toContain('custom-file')
  15 |     expect(wrapper.attributes('id')).toBeDefined()
> 16 |     expect(wrapper.attributes('id')).toBe('foo__BV_file_outer_')
     |    ^ Duplicate Assert
  17 |
  18 |     const $input = wrapper.find('input')
  19 |     expect($input).toBeDefined()"
/home/gabriel/Disk/Research/research-javascript-test-smells/repositories/bootstrap-vue-dev/src/components/form-file/form-file.spec.js,Duplicate Assert,"{'line': 21, 'column': 4, 'index': 693}","  19 |     expect($input).toBeDefined()
  20 |     expect($input.classes()).toContain('custom-file-input')
> 21 |     expect($input.attributes('type')).toBeDefined()
     |    ^ Duplicate Assert
  22 |     expect($input.attributes('type')).toBe('file')
  23 |     expect($input.attributes('id')).toBeDefined()
  24 |     expect($input.attributes('id')).toBe('foo')"
/home/gabriel/Disk/Research/research-javascript-test-smells/repositories/bootstrap-vue-dev/src/components/form-file/form-file.spec.js,Duplicate Assert,"{'line': 22, 'column': 4, 'index': 745}","  20 |     expect($input.classes()).toContain('custom-file-input')
  21 |     expect($input.attributes('type')).toBeDefined()
> 22 |     expect($input.attributes('type')).toBe('file')
     |    ^ Duplicate Assert
  23 |     expect($input.attributes('id')).toBeDefined()
  24 |     expect($input.attributes('id')).toBe('foo')
  25 |     expect($input.attributes('multiple')).toBeUndefined()"
/home/gabriel/Disk/Research/research-javascript-test-smells/repositories/bootstrap-vue-dev/src/components/form-file/form-file.spec.js,Duplicate Assert,"{'line': 23, 'column': 4, 'index': 796}","  21 |     expect($input.attributes('type')).toBeDefined()
  22 |     expect($input.attributes('type')).toBe('file')
> 23 |     expect($input.attributes('id')).toBeDefined()
     |    ^ Duplicate Assert
  24 |     expect($input.attributes('id')).toBe('foo')
  25 |     expect($input.attributes('multiple')).toBeUndefined()
  26 |     expect($input.attributes('disabled')).toBeUndefined()"
/home/gabriel/Disk/Research/research-javascript-test-smells/repositories/bootstrap-vue-dev/src/components/form-file/form-file.spec.js,Duplicate Assert,"{'line': 24, 'column': 4, 'index': 846}","  22 |     expect($input.attributes('type')).toBe('file')
  23 |     expect($input.attributes('id')).toBeDefined()
> 24 |     expect($input.attributes('id')).toBe('foo')
     |    ^ Duplicate Assert
  25 |     expect($input.attributes('multiple')).toBeUndefined()
  26 |     expect($input.attributes('disabled')).toBeUndefined()
  27 |     expect($input.attributes('required')).toBeUndefined()"
/home/gabriel/Disk/Research/research-javascript-test-smells/repositories/bootstrap-vue-dev/src/components/form-file/form-file.spec.js,Duplicate Assert,"{'line': 36, 'column': 4, 'index': 1430}","  34 |     expect(label).toBeDefined()
  35 |     expect(label.classes()).toContain('custom-file-label')
> 36 |     expect(label.attributes('for')).toBeDefined()
     |    ^ Duplicate Assert
  37 |     expect(label.attributes('for')).toBe('foo')
  38 |
  39 |     wrapper.destroy()"
/home/gabriel/Disk/Research/research-javascript-test-smells/repositories/bootstrap-vue-dev/src/components/form-file/form-file.spec.js,Duplicate Assert,"{'line': 37, 'column': 4, 'index': 1480}","  35 |     expect(label.classes()).toContain('custom-file-label')
  36 |     expect(label.attributes('for')).toBeDefined()
> 37 |     expect(label.attributes('for')).toBe('foo')
     |    ^ Duplicate Assert
  38 |
  39 |     wrapper.destroy()
  40 |   })"
/home/gabriel/Disk/Research/research-javascript-test-smells/repositories/bootstrap-vue-dev/src/components/form-file/form-file.spec.js,Duplicate Assert,"{'line': 66, 'column': 4, 'index': 2168}","  64 |     const $input = wrapper.find('input')
  65 |     expect($input.attributes('required')).toBeDefined()
> 66 |     expect($input.attributes('aria-required')).toBeDefined()
     |    ^ Duplicate Assert
  67 |     expect($input.attributes('aria-required')).toBe('true')
  68 |
  69 |     wrapper.destroy()"
/home/gabriel/Disk/Research/research-javascript-test-smells/repositories/bootstrap-vue-dev/src/components/form-file/form-file.spec.js,Duplicate Assert,"{'line': 67, 'column': 4, 'index': 2229}","  65 |     expect($input.attributes('required')).toBeDefined()
  66 |     expect($input.attributes('aria-required')).toBeDefined()
> 67 |     expect($input.attributes('aria-required')).toBe('true')
     |    ^ Duplicate Assert
  68 |
  69 |     wrapper.destroy()
  70 |   })"
/home/gabriel/Disk/Research/research-javascript-test-smells/repositories/bootstrap-vue-dev/src/components/form-file/form-file.spec.js,Duplicate Assert,"{'line': 109, 'column': 4, 'index': 3190}","  107 |
  108 |     const $input = wrapper.find('input')
> 109 |     expect($input.attributes('accept')).toBeDefined()
      |    ^ Duplicate Assert
  110 |     expect($input.attributes('accept')).toBe('image/*')
  111 |
  112 |     wrapper.destroy()"
/home/gabriel/Disk/Research/research-javascript-test-smells/repositories/bootstrap-vue-dev/src/components/form-file/form-file.spec.js,Duplicate Assert,"{'line': 110, 'column': 4, 'index': 3244}","  108 |     const $input = wrapper.find('input')
  109 |     expect($input.attributes('accept')).toBeDefined()
> 110 |     expect($input.attributes('accept')).toBe('image/*')
      |    ^ Duplicate Assert
  111 |
  112 |     wrapper.destroy()
  113 |   })"
/home/gabriel/Disk/Research/research-javascript-test-smells/repositories/bootstrap-vue-dev/src/components/form-file/form-file.spec.js,Duplicate Assert,"{'line': 124, 'column': 4, 'index': 3555}","  122 |
  123 |     const $input = wrapper.find('input')
> 124 |     expect($input.attributes('name')).toBeDefined()
      |    ^ Duplicate Assert
  125 |     expect($input.attributes('name')).toBe('bar')
  126 |
  127 |     wrapper.destroy()"
/home/gabriel/Disk/Research/research-javascript-test-smells/repositories/bootstrap-vue-dev/src/components/form-file/form-file.spec.js,Duplicate Assert,"{'line': 125, 'column': 4, 'index': 3607}","  123 |     const $input = wrapper.find('input')
  124 |     expect($input.attributes('name')).toBeDefined()
> 125 |     expect($input.attributes('name')).toBe('bar')
      |    ^ Duplicate Assert
  126 |
  127 |     wrapper.destroy()
  128 |   })"
/home/gabriel/Disk/Research/research-javascript-test-smells/repositories/bootstrap-vue-dev/src/components/form-file/form-file.spec.js,Duplicate Assert,"{'line': 139, 'column': 4, 'index': 3912}","  137 |
  138 |     const $input = wrapper.find('input')
> 139 |     expect($input.attributes('form')).toBeDefined()
      |    ^ Duplicate Assert
  140 |     expect($input.attributes('form')).toBe('bar')
  141 |
  142 |     wrapper.destroy()"
/home/gabriel/Disk/Research/research-javascript-test-smells/repositories/bootstrap-vue-dev/src/components/form-file/form-file.spec.js,Duplicate Assert,"{'line': 140, 'column': 4, 'index': 3964}","  138 |     const $input = wrapper.find('input')
  139 |     expect($input.attributes('form')).toBeDefined()
> 140 |     expect($input.attributes('form')).toBe('bar')
      |    ^ Duplicate Assert
  141 |
  142 |     wrapper.destroy()
  143 |   })"
/home/gabriel/Disk/Research/research-javascript-test-smells/repositories/bootstrap-vue-dev/src/components/form-file/form-file.spec.js,Duplicate Assert,"{'line': 154, 'column': 4, 'index': 4274}","  152 |
  153 |     const $input = wrapper.find('input')
> 154 |     expect($input.attributes('foo')).toBeDefined()
      |    ^ Duplicate Assert
  155 |     expect($input.attributes('foo')).toEqual('bar')
  156 |
  157 |     wrapper.destroy()"
/home/gabriel/Disk/Research/research-javascript-test-smells/repositories/bootstrap-vue-dev/src/components/form-file/form-file.spec.js,Duplicate Assert,"{'line': 155, 'column': 4, 'index': 4325}","  153 |     const $input = wrapper.find('input')
  154 |     expect($input.attributes('foo')).toBeDefined()
> 155 |     expect($input.attributes('foo')).toEqual('bar')
      |    ^ Duplicate Assert
  156 |
  157 |     wrapper.destroy()
  158 |   })"
/home/gabriel/Disk/Research/research-javascript-test-smells/repositories/bootstrap-vue-dev/src/components/form-file/form-file.spec.js,Duplicate Assert,"{'line': 169, 'column': 4, 'index': 4637}","  167 |     const $input = wrapper.find('input')
  168 |     expect($input).toBeDefined()
> 169 |     expect($input.classes()).not.toContain('focus')
      |    ^ Duplicate Assert
  170 |
  171 |     await $input.trigger('focusin')
  172 |     expect($input.classes()).toContain('focus')"
/home/gabriel/Disk/Research/research-javascript-test-smells/repositories/bootstrap-vue-dev/src/components/form-file/form-file.spec.js,Duplicate Assert,"{'line': 169, 'column': 4, 'index': 4637}","  167 |     const $input = wrapper.find('input')
  168 |     expect($input).toBeDefined()
> 169 |     expect($input.classes()).not.toContain('focus')
      |    ^ Duplicate Assert
  170 |
  171 |     await $input.trigger('focusin')
  172 |     expect($input.classes()).toContain('focus')"
/home/gabriel/Disk/Research/research-javascript-test-smells/repositories/bootstrap-vue-dev/src/components/form-file/form-file.spec.js,Duplicate Assert,"{'line': 172, 'column': 4, 'index': 4726}","  170 |
  171 |     await $input.trigger('focusin')
> 172 |     expect($input.classes()).toContain('focus')
      |    ^ Duplicate Assert
  173 |
  174 |     await $input.trigger('focusout')
  175 |     expect($input.classes()).not.toContain('focus')"
/home/gabriel/Disk/Research/research-javascript-test-smells/repositories/bootstrap-vue-dev/src/components/form-file/form-file.spec.js,Duplicate Assert,"{'line': 175, 'column': 4, 'index': 4812}","  173 |
  174 |     await $input.trigger('focusout')
> 175 |     expect($input.classes()).not.toContain('focus')
      |    ^ Duplicate Assert
  176 |
  177 |     wrapper.destroy()
  178 |   })"
/home/gabriel/Disk/Research/research-javascript-test-smells/repositories/bootstrap-vue-dev/src/components/form-file/form-file.spec.js,Duplicate Assert,"{'line': 175, 'column': 4, 'index': 4812}","  173 |
  174 |     await $input.trigger('focusout')
> 175 |     expect($input.classes()).not.toContain('focus')
      |    ^ Duplicate Assert
  176 |
  177 |     wrapper.destroy()
  178 |   })"
/home/gabriel/Disk/Research/research-javascript-test-smells/repositories/bootstrap-vue-dev/src/components/form-file/form-file.spec.js,Duplicate Assert,"{'line': 189, 'column': 4, 'index': 5122}","  187 |
  188 |     expect(wrapper.element.tagName).toBe('INPUT')
> 189 |     expect(wrapper.attributes('type')).toBeDefined()
      |    ^ Duplicate Assert
  190 |     expect(wrapper.attributes('type')).toBe('file')
  191 |     expect(wrapper.attributes('id')).toBeDefined()
  192 |     expect(wrapper.attributes('id')).toBe('foo')"
/home/gabriel/Disk/Research/research-javascript-test-smells/repositories/bootstrap-vue-dev/src/components/form-file/form-file.spec.js,Duplicate Assert,"{'line': 190, 'column': 4, 'index': 5175}","  188 |     expect(wrapper.element.tagName).toBe('INPUT')
  189 |     expect(wrapper.attributes('type')).toBeDefined()
> 190 |     expect(wrapper.attributes('type')).toBe('file')
      |    ^ Duplicate Assert
  191 |     expect(wrapper.attributes('id')).toBeDefined()
  192 |     expect(wrapper.attributes('id')).toBe('foo')
  193 |     expect(wrapper.attributes('multiple')).toBeUndefined()"
/home/gabriel/Disk/Research/research-javascript-test-smells/repositories/bootstrap-vue-dev/src/components/form-file/form-file.spec.js,Duplicate Assert,"{'line': 191, 'column': 4, 'index': 5227}","  189 |     expect(wrapper.attributes('type')).toBeDefined()
  190 |     expect(wrapper.attributes('type')).toBe('file')
> 191 |     expect(wrapper.attributes('id')).toBeDefined()
      |    ^ Duplicate Assert
  192 |     expect(wrapper.attributes('id')).toBe('foo')
  193 |     expect(wrapper.attributes('multiple')).toBeUndefined()
  194 |"
/home/gabriel/Disk/Research/research-javascript-test-smells/repositories/bootstrap-vue-dev/src/components/form-file/form-file.spec.js,Duplicate Assert,"{'line': 192, 'column': 4, 'index': 5278}","  190 |     expect(wrapper.attributes('type')).toBe('file')
  191 |     expect(wrapper.attributes('id')).toBeDefined()
> 192 |     expect(wrapper.attributes('id')).toBe('foo')
      |    ^ Duplicate Assert
  193 |     expect(wrapper.attributes('multiple')).toBeUndefined()
  194 |
  195 |     wrapper.destroy()"
/home/gabriel/Disk/Research/research-javascript-test-smells/repositories/bootstrap-vue-dev/src/components/form-file/form-file.spec.js,Duplicate Assert,"{'line': 213, 'column': 4, 'index': 5770}","  211 |     wrapper.vm.setFiles([file])
  212 |     await waitNT(wrapper.vm)
> 213 |     expect(wrapper.emitted('input')).toBeDefined()
      |    ^ Duplicate Assert
  214 |     expect(wrapper.emitted('input').length).toEqual(1)
  215 |     expect(wrapper.emitted('input')[0][0]).toEqual(file)
  216 |"
/home/gabriel/Disk/Research/research-javascript-test-smells/repositories/bootstrap-vue-dev/src/components/form-file/form-file.spec.js,Duplicate Assert,"{'line': 213, 'column': 4, 'index': 5770}","  211 |     wrapper.vm.setFiles([file])
  212 |     await waitNT(wrapper.vm)
> 213 |     expect(wrapper.emitted('input')).toBeDefined()
      |    ^ Duplicate Assert
  214 |     expect(wrapper.emitted('input').length).toEqual(1)
  215 |     expect(wrapper.emitted('input')[0][0]).toEqual(file)
  216 |"
/home/gabriel/Disk/Research/research-javascript-test-smells/repositories/bootstrap-vue-dev/src/components/form-file/form-file.spec.js,Duplicate Assert,"{'line': 214, 'column': 4, 'index': 5821}","  212 |     await waitNT(wrapper.vm)
  213 |     expect(wrapper.emitted('input')).toBeDefined()
> 214 |     expect(wrapper.emitted('input').length).toEqual(1)
      |    ^ Duplicate Assert
  215 |     expect(wrapper.emitted('input')[0][0]).toEqual(file)
  216 |
  217 |     // Setting to same array of files should not emit event"
/home/gabriel/Disk/Research/research-javascript-test-smells/repositories/bootstrap-vue-dev/src/components/form-file/form-file.spec.js,Duplicate Assert,"{'line': 214, 'column': 4, 'index': 5821}","  212 |     await waitNT(wrapper.vm)
  213 |     expect(wrapper.emitted('input')).toBeDefined()
> 214 |     expect(wrapper.emitted('input').length).toEqual(1)
      |    ^ Duplicate Assert
  215 |     expect(wrapper.emitted('input')[0][0]).toEqual(file)
  216 |
  217 |     // Setting to same array of files should not emit event"
/home/gabriel/Disk/Research/research-javascript-test-smells/repositories/bootstrap-vue-dev/src/components/form-file/form-file.spec.js,Duplicate Assert,"{'line': 220, 'column': 4, 'index': 6055}","  218 |     wrapper.vm.setFiles([file])
  219 |     await waitNT(wrapper.vm)
> 220 |     expect(wrapper.emitted('input')).toBeDefined()
      |    ^ Duplicate Assert
  221 |     expect(wrapper.emitted('input').length).toEqual(1)
  222 |
  223 |     wrapper.destroy()"
/home/gabriel/Disk/Research/research-javascript-test-smells/repositories/bootstrap-vue-dev/src/components/form-file/form-file.spec.js,Duplicate Assert,"{'line': 220, 'column': 4, 'index': 6055}","  218 |     wrapper.vm.setFiles([file])
  219 |     await waitNT(wrapper.vm)
> 220 |     expect(wrapper.emitted('input')).toBeDefined()
      |    ^ Duplicate Assert
  221 |     expect(wrapper.emitted('input').length).toEqual(1)
  222 |
  223 |     wrapper.destroy()"
/home/gabriel/Disk/Research/research-javascript-test-smells/repositories/bootstrap-vue-dev/src/components/form-file/form-file.spec.js,Duplicate Assert,"{'line': 221, 'column': 4, 'index': 6106}","  219 |     await waitNT(wrapper.vm)
  220 |     expect(wrapper.emitted('input')).toBeDefined()
> 221 |     expect(wrapper.emitted('input').length).toEqual(1)
      |    ^ Duplicate Assert
  222 |
  223 |     wrapper.destroy()
  224 |   })"
/home/gabriel/Disk/Research/research-javascript-test-smells/repositories/bootstrap-vue-dev/src/components/form-file/form-file.spec.js,Duplicate Assert,"{'line': 221, 'column': 4, 'index': 6106}","  219 |     await waitNT(wrapper.vm)
  220 |     expect(wrapper.emitted('input')).toBeDefined()
> 221 |     expect(wrapper.emitted('input').length).toEqual(1)
      |    ^ Duplicate Assert
  222 |
  223 |     wrapper.destroy()
  224 |   })"
/home/gabriel/Disk/Research/research-javascript-test-smells/repositories/bootstrap-vue-dev/src/components/form-file/form-file.spec.js,Duplicate Assert,"{'line': 247, 'column': 4, 'index': 6746}","  245 |     wrapper.vm.setFiles(files)
  246 |     await waitNT(wrapper.vm)
> 247 |     expect(wrapper.emitted('input')).toBeDefined()
      |    ^ Duplicate Assert
  248 |     expect(wrapper.emitted('input').length).toEqual(1)
  249 |     expect(wrapper.emitted('input')[0][0]).toEqual(files)
  250 |"
/home/gabriel/Disk/Research/research-javascript-test-smells/repositories/bootstrap-vue-dev/src/components/form-file/form-file.spec.js,Duplicate Assert,"{'line': 247, 'column': 4, 'index': 6746}","  245 |     wrapper.vm.setFiles(files)
  246 |     await waitNT(wrapper.vm)
> 247 |     expect(wrapper.emitted('input')).toBeDefined()
      |    ^ Duplicate Assert
  248 |     expect(wrapper.emitted('input').length).toEqual(1)
  249 |     expect(wrapper.emitted('input')[0][0]).toEqual(files)
  250 |"
/home/gabriel/Disk/Research/research-javascript-test-smells/repositories/bootstrap-vue-dev/src/components/form-file/form-file.spec.js,Duplicate Assert,"{'line': 248, 'column': 4, 'index': 6797}","  246 |     await waitNT(wrapper.vm)
  247 |     expect(wrapper.emitted('input')).toBeDefined()
> 248 |     expect(wrapper.emitted('input').length).toEqual(1)
      |    ^ Duplicate Assert
  249 |     expect(wrapper.emitted('input')[0][0]).toEqual(files)
  250 |
  251 |     // Setting to same array of files should not emit event"
/home/gabriel/Disk/Research/research-javascript-test-smells/repositories/bootstrap-vue-dev/src/components/form-file/form-file.spec.js,Duplicate Assert,"{'line': 248, 'column': 4, 'index': 6797}","  246 |     await waitNT(wrapper.vm)
  247 |     expect(wrapper.emitted('input')).toBeDefined()
> 248 |     expect(wrapper.emitted('input').length).toEqual(1)
      |    ^ Duplicate Assert
  249 |     expect(wrapper.emitted('input')[0][0]).toEqual(files)
  250 |
  251 |     // Setting to same array of files should not emit event"
/home/gabriel/Disk/Research/research-javascript-test-smells/repositories/bootstrap-vue-dev/src/components/form-file/form-file.spec.js,Duplicate Assert,"{'line': 254, 'column': 4, 'index': 7031}","  252 |     wrapper.vm.setFiles(files)
  253 |     await waitNT(wrapper.vm)
> 254 |     expect(wrapper.emitted('input')).toBeDefined()
      |    ^ Duplicate Assert
  255 |     expect(wrapper.emitted('input').length).toEqual(1)
  256 |
  257 |     // Setting to new array of same files should not emit event"
/home/gabriel/Disk/Research/research-javascript-test-smells/repositories/bootstrap-vue-dev/src/components/form-file/form-file.spec.js,Duplicate Assert,"{'line': 254, 'column': 4, 'index': 7031}","  252 |     wrapper.vm.setFiles(files)
  253 |     await waitNT(wrapper.vm)
> 254 |     expect(wrapper.emitted('input')).toBeDefined()
      |    ^ Duplicate Assert
  255 |     expect(wrapper.emitted('input').length).toEqual(1)
  256 |
  257 |     // Setting to new array of same files should not emit event"
/home/gabriel/Disk/Research/research-javascript-test-smells/repositories/bootstrap-vue-dev/src/components/form-file/form-file.spec.js,Duplicate Assert,"{'line': 255, 'column': 4, 'index': 7082}","  253 |     await waitNT(wrapper.vm)
  254 |     expect(wrapper.emitted('input')).toBeDefined()
> 255 |     expect(wrapper.emitted('input').length).toEqual(1)
      |    ^ Duplicate Assert
  256 |
  257 |     // Setting to new array of same files should not emit event
  258 |     wrapper.vm.setFiles([file1, file2])"
/home/gabriel/Disk/Research/research-javascript-test-smells/repositories/bootstrap-vue-dev/src/components/form-file/form-file.spec.js,Duplicate Assert,"{'line': 255, 'column': 4, 'index': 7082}","  253 |     await waitNT(wrapper.vm)
  254 |     expect(wrapper.emitted('input')).toBeDefined()
> 255 |     expect(wrapper.emitted('input').length).toEqual(1)
      |    ^ Duplicate Assert
  256 |
  257 |     // Setting to new array of same files should not emit event
  258 |     wrapper.vm.setFiles([file1, file2])"
/home/gabriel/Disk/Research/research-javascript-test-smells/repositories/bootstrap-vue-dev/src/components/form-file/form-file.spec.js,Duplicate Assert,"{'line': 260, 'column': 4, 'index': 7271}","  258 |     wrapper.vm.setFiles([file1, file2])
  259 |     await waitNT(wrapper.vm)
> 260 |     expect(wrapper.emitted('input').length).toEqual(1)
      |    ^ Duplicate Assert
  261 |
  262 |     // Setting to array of new files should emit event
  263 |     wrapper.vm.setFiles(files.slice().reverse())"
/home/gabriel/Disk/Research/research-javascript-test-smells/repositories/bootstrap-vue-dev/src/components/form-file/form-file.spec.js,Duplicate Assert,"{'line': 260, 'column': 4, 'index': 7271}","  258 |     wrapper.vm.setFiles([file1, file2])
  259 |     await waitNT(wrapper.vm)
> 260 |     expect(wrapper.emitted('input').length).toEqual(1)
      |    ^ Duplicate Assert
  261 |
  262 |     // Setting to array of new files should emit event
  263 |     wrapper.vm.setFiles(files.slice().reverse())"
/home/gabriel/Disk/Research/research-javascript-test-smells/repositories/bootstrap-vue-dev/src/components/form-file/form-file.spec.js,Duplicate Assert,"{'line': 265, 'column': 4, 'index': 7460}","  263 |     wrapper.vm.setFiles(files.slice().reverse())
  264 |     await waitNT(wrapper.vm)
> 265 |     expect(wrapper.emitted('input').length).toEqual(2)
      |    ^ Duplicate Assert
  266 |     expect(wrapper.emitted('input')[1][0]).toEqual(files.slice().reverse())
  267 |
  268 |     wrapper.destroy()"
/home/gabriel/Disk/Research/research-javascript-test-smells/repositories/bootstrap-vue-dev/src/components/form-file/form-file.spec.js,Duplicate Assert,"{'line': 297, 'column': 4, 'index': 8325}","  295 |     wrapper.vm.setFiles(files)
  296 |     await waitNT(wrapper.vm)
> 297 |     expect(wrapper.emitted('input')).toBeDefined()
      |    ^ Duplicate Assert
  298 |     expect(wrapper.emitted('input').length).toEqual(1)
  299 |     expect(wrapper.emitted('input')[0][0]).toEqual(files)
  300 |"
/home/gabriel/Disk/Research/research-javascript-test-smells/repositories/bootstrap-vue-dev/src/components/form-file/form-file.spec.js,Duplicate Assert,"{'line': 297, 'column': 4, 'index': 8325}","  295 |     wrapper.vm.setFiles(files)
  296 |     await waitNT(wrapper.vm)
> 297 |     expect(wrapper.emitted('input')).toBeDefined()
      |    ^ Duplicate Assert
  298 |     expect(wrapper.emitted('input').length).toEqual(1)
  299 |     expect(wrapper.emitted('input')[0][0]).toEqual(files)
  300 |"
/home/gabriel/Disk/Research/research-javascript-test-smells/repositories/bootstrap-vue-dev/src/components/form-file/form-file.spec.js,Duplicate Assert,"{'line': 298, 'column': 4, 'index': 8376}","  296 |     await waitNT(wrapper.vm)
  297 |     expect(wrapper.emitted('input')).toBeDefined()
> 298 |     expect(wrapper.emitted('input').length).toEqual(1)
      |    ^ Duplicate Assert
  299 |     expect(wrapper.emitted('input')[0][0]).toEqual(files)
  300 |
  301 |     // Setting to same array of files should not emit event"
/home/gabriel/Disk/Research/research-javascript-test-smells/repositories/bootstrap-vue-dev/src/components/form-file/form-file.spec.js,Duplicate Assert,"{'line': 298, 'column': 4, 'index': 8376}","  296 |     await waitNT(wrapper.vm)
  297 |     expect(wrapper.emitted('input')).toBeDefined()
> 298 |     expect(wrapper.emitted('input').length).toEqual(1)
      |    ^ Duplicate Assert
  299 |     expect(wrapper.emitted('input')[0][0]).toEqual(files)
  300 |
  301 |     // Setting to same array of files should not emit event"
/home/gabriel/Disk/Research/research-javascript-test-smells/repositories/bootstrap-vue-dev/src/components/form-file/form-file.spec.js,Duplicate Assert,"{'line': 304, 'column': 4, 'index': 8610}","  302 |     wrapper.vm.setFiles(files)
  303 |     await waitNT(wrapper.vm)
> 304 |     expect(wrapper.emitted('input')).toBeDefined()
      |    ^ Duplicate Assert
  305 |     expect(wrapper.emitted('input').length).toEqual(1)
  306 |
  307 |     // Setting to new array of same files should not emit event"
/home/gabriel/Disk/Research/research-javascript-test-smells/repositories/bootstrap-vue-dev/src/components/form-file/form-file.spec.js,Duplicate Assert,"{'line': 304, 'column': 4, 'index': 8610}","  302 |     wrapper.vm.setFiles(files)
  303 |     await waitNT(wrapper.vm)
> 304 |     expect(wrapper.emitted('input')).toBeDefined()
      |    ^ Duplicate Assert
  305 |     expect(wrapper.emitted('input').length).toEqual(1)
  306 |
  307 |     // Setting to new array of same files should not emit event"
/home/gabriel/Disk/Research/research-javascript-test-smells/repositories/bootstrap-vue-dev/src/components/form-file/form-file.spec.js,Duplicate Assert,"{'line': 305, 'column': 4, 'index': 8661}","  303 |     await waitNT(wrapper.vm)
  304 |     expect(wrapper.emitted('input')).toBeDefined()
> 305 |     expect(wrapper.emitted('input').length).toEqual(1)
      |    ^ Duplicate Assert
  306 |
  307 |     // Setting to new array of same files should not emit event
  308 |     wrapper.vm.setFiles([[file1, file2], file3])"
/home/gabriel/Disk/Research/research-javascript-test-smells/repositories/bootstrap-vue-dev/src/components/form-file/form-file.spec.js,Duplicate Assert,"{'line': 305, 'column': 4, 'index': 8661}","  303 |     await waitNT(wrapper.vm)
  304 |     expect(wrapper.emitted('input')).toBeDefined()
> 305 |     expect(wrapper.emitted('input').length).toEqual(1)
      |    ^ Duplicate Assert
  306 |
  307 |     // Setting to new array of same files should not emit event
  308 |     wrapper.vm.setFiles([[file1, file2], file3])"
/home/gabriel/Disk/Research/research-javascript-test-smells/repositories/bootstrap-vue-dev/src/components/form-file/form-file.spec.js,Duplicate Assert,"{'line': 310, 'column': 4, 'index': 8859}","  308 |     wrapper.vm.setFiles([[file1, file2], file3])
  309 |     await waitNT(wrapper.vm)
> 310 |     expect(wrapper.emitted('input').length).toEqual(1)
      |    ^ Duplicate Assert
  311 |
  312 |     // Setting to array of new files should emit event
  313 |     wrapper.vm.setFiles(files.slice().reverse())"
/home/gabriel/Disk/Research/research-javascript-test-smells/repositories/bootstrap-vue-dev/src/components/form-file/form-file.spec.js,Duplicate Assert,"{'line': 310, 'column': 4, 'index': 8859}","  308 |     wrapper.vm.setFiles([[file1, file2], file3])
  309 |     await waitNT(wrapper.vm)
> 310 |     expect(wrapper.emitted('input').length).toEqual(1)
      |    ^ Duplicate Assert
  311 |
  312 |     // Setting to array of new files should emit event
  313 |     wrapper.vm.setFiles(files.slice().reverse())"
/home/gabriel/Disk/Research/research-javascript-test-smells/repositories/bootstrap-vue-dev/src/components/form-file/form-file.spec.js,Duplicate Assert,"{'line': 315, 'column': 4, 'index': 9048}","  313 |     wrapper.vm.setFiles(files.slice().reverse())
  314 |     await waitNT(wrapper.vm)
> 315 |     expect(wrapper.emitted('input').length).toEqual(2)
      |    ^ Duplicate Assert
  316 |     expect(wrapper.emitted('input')[1][0]).toEqual(files.slice().reverse())
  317 |
  318 |     wrapper.destroy()"
/home/gabriel/Disk/Research/research-javascript-test-smells/repositories/bootstrap-vue-dev/src/components/form-file/form-file.spec.js,Duplicate Assert,"{'line': 371, 'column': 4, 'index': 10565}","  369 |     expect(wrapper.emitted('change')).toBeUndefined()
  370 |     expect(wrapper.emitted('input')).toBeDefined()
> 371 |     expect(wrapper.emitted('input').length).toEqual(1)
      |    ^ Duplicate Assert
  372 |     expect(wrapper.emitted('input')[0][0]).toEqual(file1)
  373 |
  374 |     const $input = wrapper.find('input')"
/home/gabriel/Disk/Research/research-javascript-test-smells/repositories/bootstrap-vue-dev/src/components/form-file/form-file.spec.js,Duplicate Assert,"{'line': 378, 'column': 4, 'index': 10841}","  376 |     await $input.trigger('change')
  377 |     expect(wrapper.emitted('change').length).toEqual(1)
> 378 |     expect(wrapper.emitted('input').length).toEqual(2)
      |    ^ Duplicate Assert
  379 |     expect(wrapper.emitted('input')[1][0]).toEqual(null)
  380 |
  381 |     wrapper.destroy()"
/home/gabriel/Disk/Research/research-javascript-test-smells/repositories/bootstrap-vue-dev/src/components/form-file/form-file.spec.js,Duplicate Assert,"{'line': 402, 'column': 4, 'index': 11439}","  400 |     await waitNT(wrapper.vm)
  401 |     expect(wrapper.emitted('input')).toBeDefined()
> 402 |     expect(wrapper.emitted('input').length).toEqual(1)
      |    ^ Duplicate Assert
  403 |     expect(wrapper.emitted('input')[0][0]).toEqual(file1)
  404 |
  405 |     wrapper.vm.reset()"
/home/gabriel/Disk/Research/research-javascript-test-smells/repositories/bootstrap-vue-dev/src/components/form-file/form-file.spec.js,Duplicate Assert,"{'line': 407, 'column': 4, 'index': 11605}","  405 |     wrapper.vm.reset()
  406 |     await waitNT(wrapper.vm)
> 407 |     expect(wrapper.emitted('input').length).toEqual(2)
      |    ^ Duplicate Assert
  408 |     expect(wrapper.emitted('input')[1][0]).toEqual(null)
  409 |
  410 |     wrapper.destroy()"
/home/gabriel/Disk/Research/research-javascript-test-smells/repositories/bootstrap-vue-dev/src/components/form-file/form-file.spec.js,Duplicate Assert,"{'line': 435, 'column': 4, 'index': 12353}","  433 |     await waitNT(wrapper.vm)
  434 |     expect(wrapper.emitted('input')).toBeDefined()
> 435 |     expect(wrapper.emitted('input').length).toEqual(1)
      |    ^ Duplicate Assert
  436 |     expect(wrapper.emitted('input')[0][0]).toEqual(files)
  437 |
  438 |     wrapper.vm.reset()"
/home/gabriel/Disk/Research/research-javascript-test-smells/repositories/bootstrap-vue-dev/src/components/form-file/form-file.spec.js,Duplicate Assert,"{'line': 440, 'column': 4, 'index': 12519}","  438 |     wrapper.vm.reset()
  439 |     await waitNT(wrapper.vm)
> 440 |     expect(wrapper.emitted('input').length).toEqual(2)
      |    ^ Duplicate Assert
  441 |     expect(wrapper.emitted('input')[1][0]).toEqual([])
  442 |
  443 |     wrapper.destroy()"
/home/gabriel/Disk/Research/research-javascript-test-smells/repositories/bootstrap-vue-dev/src/components/form-file/form-file.spec.js,Duplicate Assert,"{'line': 463, 'column': 4, 'index': 13095}","  461 |     await waitNT(wrapper.vm)
  462 |     expect(wrapper.emitted('input')).toBeDefined()
> 463 |     expect(wrapper.emitted('input').length).toEqual(1)
      |    ^ Duplicate Assert
  464 |     expect(wrapper.emitted('input')[0][0]).toEqual(file1)
  465 |
  466 |     await wrapper.setProps({ value: null })"
/home/gabriel/Disk/Research/research-javascript-test-smells/repositories/bootstrap-vue-dev/src/components/form-file/form-file.spec.js,Duplicate Assert,"{'line': 463, 'column': 4, 'index': 13095}","  461 |     await waitNT(wrapper.vm)
  462 |     expect(wrapper.emitted('input')).toBeDefined()
> 463 |     expect(wrapper.emitted('input').length).toEqual(1)
      |    ^ Duplicate Assert
  464 |     expect(wrapper.emitted('input')[0][0]).toEqual(file1)
  465 |
  466 |     await wrapper.setProps({ value: null })"
/home/gabriel/Disk/Research/research-javascript-test-smells/repositories/bootstrap-vue-dev/src/components/form-file/form-file.spec.js,Duplicate Assert,"{'line': 467, 'column': 4, 'index': 13253}","  465 |
  466 |     await wrapper.setProps({ value: null })
> 467 |     expect(wrapper.emitted('input').length).toEqual(1)
      |    ^ Duplicate Assert
  468 |
  469 |     wrapper.destroy()
  470 |   })"
/home/gabriel/Disk/Research/research-javascript-test-smells/repositories/bootstrap-vue-dev/src/components/form-file/form-file.spec.js,Duplicate Assert,"{'line': 467, 'column': 4, 'index': 13253}","  465 |
  466 |     await wrapper.setProps({ value: null })
> 467 |     expect(wrapper.emitted('input').length).toEqual(1)
      |    ^ Duplicate Assert
  468 |
  469 |     wrapper.destroy()
  470 |   })"
/home/gabriel/Disk/Research/research-javascript-test-smells/repositories/bootstrap-vue-dev/src/components/form-file/form-file.spec.js,Duplicate Assert,"{'line': 495, 'column': 4, 'index': 13949}","  493 |     await waitNT(wrapper.vm)
  494 |     expect(wrapper.emitted('input')).toBeDefined()
> 495 |     expect(wrapper.emitted('input').length).toEqual(1)
      |    ^ Duplicate Assert
  496 |     expect(wrapper.emitted('input')[0][0]).toEqual(files)
  497 |
  498 |     await wrapper.setProps({ value: null })"
/home/gabriel/Disk/Research/research-javascript-test-smells/repositories/bootstrap-vue-dev/src/components/form-file/form-file.spec.js,Duplicate Assert,"{'line': 499, 'column': 4, 'index': 14107}","  497 |
  498 |     await wrapper.setProps({ value: null })
> 499 |     expect(wrapper.emitted('input').length).toEqual(2)
      |    ^ Duplicate Assert
  500 |     expect(wrapper.emitted('input')[1][0]).toEqual([])
  501 |
  502 |     wrapper.vm.setFiles(files)"
/home/gabriel/Disk/Research/research-javascript-test-smells/repositories/bootstrap-vue-dev/src/components/form-file/form-file.spec.js,Duplicate Assert,"{'line': 504, 'column': 4, 'index': 14278}","  502 |     wrapper.vm.setFiles(files)
  503 |     await waitNT(wrapper.vm)
> 504 |     expect(wrapper.emitted('input').length).toEqual(3)
      |    ^ Duplicate Assert
  505 |     expect(wrapper.emitted('input')[2][0]).toEqual(files)
  506 |
  507 |     await wrapper.setProps({ value: [] })"
/home/gabriel/Disk/Research/research-javascript-test-smells/repositories/bootstrap-vue-dev/src/components/form-file/form-file.spec.js,Duplicate Assert,"{'line': 508, 'column': 4, 'index': 14434}","  506 |
  507 |     await wrapper.setProps({ value: [] })
> 508 |     expect(wrapper.emitted('input').length).toEqual(4)
      |    ^ Duplicate Assert
  509 |     expect(wrapper.emitted('input')[3][0]).toEqual([])
  510 |
  511 |     wrapper.destroy()"
/home/gabriel/Disk/Research/research-javascript-test-smells/repositories/bootstrap-vue-dev/src/components/form-file/form-file.spec.js,Duplicate Assert,"{'line': 531, 'column': 4, 'index': 14991}","  529 |     await waitNT(wrapper.vm)
  530 |     expect(wrapper.emitted('input')).toBeDefined()
> 531 |     expect(wrapper.emitted('input').length).toEqual(1)
      |    ^ Duplicate Assert
  532 |     expect(wrapper.emitted('input')[0][0]).toEqual(file1)
  533 |
  534 |     await wrapper.find('input').trigger('reset')"
/home/gabriel/Disk/Research/research-javascript-test-smells/repositories/bootstrap-vue-dev/src/components/form-file/form-file.spec.js,Duplicate Assert,"{'line': 535, 'column': 4, 'index': 15154}","  533 |
  534 |     await wrapper.find('input').trigger('reset')
> 535 |     expect(wrapper.emitted('input').length).toEqual(2)
      |    ^ Duplicate Assert
  536 |     expect(wrapper.emitted('input')[1][0]).toEqual(null)
  537 |
  538 |     wrapper.destroy()"
/home/gabriel/Disk/Research/research-javascript-test-smells/repositories/bootstrap-vue-dev/src/components/form-file/form-file.spec.js,Duplicate Assert,"{'line': 564, 'column': 4, 'index': 15950}","  562 |     await waitNT(wrapper.vm)
  563 |     expect(formFile.emitted('input')).toBeDefined()
> 564 |     expect(formFile.emitted('input').length).toEqual(1)
      |    ^ Duplicate Assert
  565 |     expect(formFile.emitted('input')[0][0]).toEqual(file)
  566 |
  567 |     // Trigger form's native reset event"
/home/gabriel/Disk/Research/research-javascript-test-smells/repositories/bootstrap-vue-dev/src/components/form-file/form-file.spec.js,Duplicate Assert,"{'line': 570, 'column': 4, 'index': 16177}","  568 |     wrapper.find('form').trigger('reset')
  569 |     await waitNT(wrapper.vm)
> 570 |     expect(formFile.emitted('input').length).toEqual(2)
      |    ^ Duplicate Assert
  571 |     expect(formFile.emitted('input')[1][0]).toEqual(null)
  572 |
  573 |     wrapper.destroy()"
/home/gabriel/Disk/Research/research-javascript-test-smells/repositories/bootstrap-vue-dev/src/components/form-file/form-file.spec.js,Duplicate Assert,"{'line': 667, 'column': 4, 'index': 19009}","  665 |     const $label = wrapper.find('label')
  666 |     expect($label.exists()).toBe(true)
> 667 |     expect($label.text()).toContain('PLACEHOLDER')
      |    ^ Duplicate Assert
  668 |     expect($label.text()).not.toContain('DROP_HERE')
  669 |
  670 |     await wrapper.trigger('dragenter')"
/home/gabriel/Disk/Research/research-javascript-test-smells/repositories/bootstrap-vue-dev/src/components/form-file/form-file.spec.js,Duplicate Assert,"{'line': 667, 'column': 4, 'index': 19009}","  665 |     const $label = wrapper.find('label')
  666 |     expect($label.exists()).toBe(true)
> 667 |     expect($label.text()).toContain('PLACEHOLDER')
      |    ^ Duplicate Assert
  668 |     expect($label.text()).not.toContain('DROP_HERE')
  669 |
  670 |     await wrapper.trigger('dragenter')"
/home/gabriel/Disk/Research/research-javascript-test-smells/repositories/bootstrap-vue-dev/src/components/form-file/form-file.spec.js,Duplicate Assert,"{'line': 668, 'column': 4, 'index': 19060}","  666 |     expect($label.exists()).toBe(true)
  667 |     expect($label.text()).toContain('PLACEHOLDER')
> 668 |     expect($label.text()).not.toContain('DROP_HERE')
      |    ^ Duplicate Assert
  669 |
  670 |     await wrapper.trigger('dragenter')
  671 |     expect($label.text()).toContain('PLACEHOLDER')"
/home/gabriel/Disk/Research/research-javascript-test-smells/repositories/bootstrap-vue-dev/src/components/form-file/form-file.spec.js,Duplicate Assert,"{'line': 668, 'column': 4, 'index': 19060}","  666 |     expect($label.exists()).toBe(true)
  667 |     expect($label.text()).toContain('PLACEHOLDER')
> 668 |     expect($label.text()).not.toContain('DROP_HERE')
      |    ^ Duplicate Assert
  669 |
  670 |     await wrapper.trigger('dragenter')
  671 |     expect($label.text()).toContain('PLACEHOLDER')"
/home/gabriel/Disk/Research/research-javascript-test-smells/repositories/bootstrap-vue-dev/src/components/form-file/form-file.spec.js,Duplicate Assert,"{'line': 671, 'column': 4, 'index': 19153}","  669 |
  670 |     await wrapper.trigger('dragenter')
> 671 |     expect($label.text()).toContain('PLACEHOLDER')
      |    ^ Duplicate Assert
  672 |     expect($label.text()).not.toContain('DROP_HERE')
  673 |
  674 |     await wrapper.trigger('dragover')"
/home/gabriel/Disk/Research/research-javascript-test-smells/repositories/bootstrap-vue-dev/src/components/form-file/form-file.spec.js,Duplicate Assert,"{'line': 671, 'column': 4, 'index': 19153}","  669 |
  670 |     await wrapper.trigger('dragenter')
> 671 |     expect($label.text()).toContain('PLACEHOLDER')
      |    ^ Duplicate Assert
  672 |     expect($label.text()).not.toContain('DROP_HERE')
  673 |
  674 |     await wrapper.trigger('dragover')"
/home/gabriel/Disk/Research/research-javascript-test-smells/repositories/bootstrap-vue-dev/src/components/form-file/form-file.spec.js,Duplicate Assert,"{'line': 672, 'column': 4, 'index': 19204}","  670 |     await wrapper.trigger('dragenter')
  671 |     expect($label.text()).toContain('PLACEHOLDER')
> 672 |     expect($label.text()).not.toContain('DROP_HERE')
      |    ^ Duplicate Assert
  673 |
  674 |     await wrapper.trigger('dragover')
  675 |     expect($label.text()).toContain('PLACEHOLDER')"
/home/gabriel/Disk/Research/research-javascript-test-smells/repositories/bootstrap-vue-dev/src/components/form-file/form-file.spec.js,Duplicate Assert,"{'line': 672, 'column': 4, 'index': 19204}","  670 |     await wrapper.trigger('dragenter')
  671 |     expect($label.text()).toContain('PLACEHOLDER')
> 672 |     expect($label.text()).not.toContain('DROP_HERE')
      |    ^ Duplicate Assert
  673 |
  674 |     await wrapper.trigger('dragover')
  675 |     expect($label.text()).toContain('PLACEHOLDER')"
/home/gabriel/Disk/Research/research-javascript-test-smells/repositories/bootstrap-vue-dev/src/components/form-file/form-file.spec.js,Duplicate Assert,"{'line': 675, 'column': 4, 'index': 19296}","  673 |
  674 |     await wrapper.trigger('dragover')
> 675 |     expect($label.text()).toContain('PLACEHOLDER')
      |    ^ Duplicate Assert
  676 |     expect($label.text()).not.toContain('DROP_HERE')
  677 |
  678 |     await wrapper.trigger('drop', {"
/home/gabriel/Disk/Research/research-javascript-test-smells/repositories/bootstrap-vue-dev/src/components/form-file/form-file.spec.js,Duplicate Assert,"{'line': 675, 'column': 4, 'index': 19296}","  673 |
  674 |     await wrapper.trigger('dragover')
> 675 |     expect($label.text()).toContain('PLACEHOLDER')
      |    ^ Duplicate Assert
  676 |     expect($label.text()).not.toContain('DROP_HERE')
  677 |
  678 |     await wrapper.trigger('drop', {"
/home/gabriel/Disk/Research/research-javascript-test-smells/repositories/bootstrap-vue-dev/src/components/form-file/form-file.spec.js,Duplicate Assert,"{'line': 676, 'column': 4, 'index': 19347}","  674 |     await wrapper.trigger('dragover')
  675 |     expect($label.text()).toContain('PLACEHOLDER')
> 676 |     expect($label.text()).not.toContain('DROP_HERE')
      |    ^ Duplicate Assert
  677 |
  678 |     await wrapper.trigger('drop', {
  679 |       dataTransfer: {"
/home/gabriel/Disk/Research/research-javascript-test-smells/repositories/bootstrap-vue-dev/src/components/form-file/form-file.spec.js,Duplicate Assert,"{'line': 676, 'column': 4, 'index': 19347}","  674 |     await wrapper.trigger('dragover')
  675 |     expect($label.text()).toContain('PLACEHOLDER')
> 676 |     expect($label.text()).not.toContain('DROP_HERE')
      |    ^ Duplicate Assert
  677 |
  678 |     await wrapper.trigger('drop', {
  679 |       dataTransfer: {"
/home/gabriel/Disk/Research/research-javascript-test-smells/repositories/bootstrap-vue-dev/src/components/form-file/form-file.spec.js,Duplicate Assert,"{'line': 683, 'column': 4, 'index': 19496}","  681 |       }
  682 |     })
> 683 |     expect($label.text()).toContain('PLACEHOLDER')
      |    ^ Duplicate Assert
  684 |     expect($label.text()).not.toContain('DROP_HERE')
  685 |     expect($label.text()).not.toContain(file.name)
  686 |"
/home/gabriel/Disk/Research/research-javascript-test-smells/repositories/bootstrap-vue-dev/src/components/form-file/form-file.spec.js,Duplicate Assert,"{'line': 683, 'column': 4, 'index': 19496}","  681 |       }
  682 |     })
> 683 |     expect($label.text()).toContain('PLACEHOLDER')
      |    ^ Duplicate Assert
  684 |     expect($label.text()).not.toContain('DROP_HERE')
  685 |     expect($label.text()).not.toContain(file.name)
  686 |"
/home/gabriel/Disk/Research/research-javascript-test-smells/repositories/bootstrap-vue-dev/src/components/form-file/form-file.spec.js,Duplicate Assert,"{'line': 684, 'column': 4, 'index': 19547}","  682 |     })
  683 |     expect($label.text()).toContain('PLACEHOLDER')
> 684 |     expect($label.text()).not.toContain('DROP_HERE')
      |    ^ Duplicate Assert
  685 |     expect($label.text()).not.toContain(file.name)
  686 |
  687 |     await wrapper.setProps({ noDrop: false })"
/home/gabriel/Disk/Research/research-javascript-test-smells/repositories/bootstrap-vue-dev/src/components/form-file/form-file.spec.js,Duplicate Assert,"{'line': 684, 'column': 4, 'index': 19547}","  682 |     })
  683 |     expect($label.text()).toContain('PLACEHOLDER')
> 684 |     expect($label.text()).not.toContain('DROP_HERE')
      |    ^ Duplicate Assert
  685 |     expect($label.text()).not.toContain(file.name)
  686 |
  687 |     await wrapper.setProps({ noDrop: false })"
/home/gabriel/Disk/Research/research-javascript-test-smells/repositories/bootstrap-vue-dev/src/components/form-file/form-file.spec.js,Duplicate Assert,"{'line': 685, 'column': 4, 'index': 19600}","  683 |     expect($label.text()).toContain('PLACEHOLDER')
  684 |     expect($label.text()).not.toContain('DROP_HERE')
> 685 |     expect($label.text()).not.toContain(file.name)
      |    ^ Duplicate Assert
  686 |
  687 |     await wrapper.setProps({ noDrop: false })
  688 |     expect($label.text()).toContain('PLACEHOLDER')"
/home/gabriel/Disk/Research/research-javascript-test-smells/repositories/bootstrap-vue-dev/src/components/form-file/form-file.spec.js,Duplicate Assert,"{'line': 688, 'column': 4, 'index': 19698}","  686 |
  687 |     await wrapper.setProps({ noDrop: false })
> 688 |     expect($label.text()).toContain('PLACEHOLDER')
      |    ^ Duplicate Assert
  689 |     expect($label.text()).not.toContain('DROP_HERE')
  690 |
  691 |     await wrapper.trigger('dragenter')"
/home/gabriel/Disk/Research/research-javascript-test-smells/repositories/bootstrap-vue-dev/src/components/form-file/form-file.spec.js,Duplicate Assert,"{'line': 688, 'column': 4, 'index': 19698}","  686 |
  687 |     await wrapper.setProps({ noDrop: false })
> 688 |     expect($label.text()).toContain('PLACEHOLDER')
      |    ^ Duplicate Assert
  689 |     expect($label.text()).not.toContain('DROP_HERE')
  690 |
  691 |     await wrapper.trigger('dragenter')"
/home/gabriel/Disk/Research/research-javascript-test-smells/repositories/bootstrap-vue-dev/src/components/form-file/form-file.spec.js,Duplicate Assert,"{'line': 689, 'column': 4, 'index': 19749}","  687 |     await wrapper.setProps({ noDrop: false })
  688 |     expect($label.text()).toContain('PLACEHOLDER')
> 689 |     expect($label.text()).not.toContain('DROP_HERE')
      |    ^ Duplicate Assert
  690 |
  691 |     await wrapper.trigger('dragenter')
  692 |     expect($label.text()).not.toContain('PLACEHOLDER')"
/home/gabriel/Disk/Research/research-javascript-test-smells/repositories/bootstrap-vue-dev/src/components/form-file/form-file.spec.js,Duplicate Assert,"{'line': 689, 'column': 4, 'index': 19749}","  687 |     await wrapper.setProps({ noDrop: false })
  688 |     expect($label.text()).toContain('PLACEHOLDER')
> 689 |     expect($label.text()).not.toContain('DROP_HERE')
      |    ^ Duplicate Assert
  690 |
  691 |     await wrapper.trigger('dragenter')
  692 |     expect($label.text()).not.toContain('PLACEHOLDER')"
/home/gabriel/Disk/Research/research-javascript-test-smells/repositories/bootstrap-vue-dev/src/components/form-file/form-file.spec.js,Duplicate Assert,"{'line': 692, 'column': 4, 'index': 19842}","  690 |
  691 |     await wrapper.trigger('dragenter')
> 692 |     expect($label.text()).not.toContain('PLACEHOLDER')
      |    ^ Duplicate Assert
  693 |     expect($label.text()).toContain('NO_DROP_HERE')
  694 |
  695 |     await wrapper.trigger('dragover')"
/home/gabriel/Disk/Research/research-javascript-test-smells/repositories/bootstrap-vue-dev/src/components/form-file/form-file.spec.js,Duplicate Assert,"{'line': 692, 'column': 4, 'index': 19842}","  690 |
  691 |     await wrapper.trigger('dragenter')
> 692 |     expect($label.text()).not.toContain('PLACEHOLDER')
      |    ^ Duplicate Assert
  693 |     expect($label.text()).toContain('NO_DROP_HERE')
  694 |
  695 |     await wrapper.trigger('dragover')"
/home/gabriel/Disk/Research/research-javascript-test-smells/repositories/bootstrap-vue-dev/src/components/form-file/form-file.spec.js,Duplicate Assert,"{'line': 693, 'column': 4, 'index': 19897}","  691 |     await wrapper.trigger('dragenter')
  692 |     expect($label.text()).not.toContain('PLACEHOLDER')
> 693 |     expect($label.text()).toContain('NO_DROP_HERE')
      |    ^ Duplicate Assert
  694 |
  695 |     await wrapper.trigger('dragover')
  696 |     expect($label.text()).not.toContain('PLACEHOLDER')"
/home/gabriel/Disk/Research/research-javascript-test-smells/repositories/bootstrap-vue-dev/src/components/form-file/form-file.spec.js,Duplicate Assert,"{'line': 693, 'column': 4, 'index': 19897}","  691 |     await wrapper.trigger('dragenter')
  692 |     expect($label.text()).not.toContain('PLACEHOLDER')
> 693 |     expect($label.text()).toContain('NO_DROP_HERE')
      |    ^ Duplicate Assert
  694 |
  695 |     await wrapper.trigger('dragover')
  696 |     expect($label.text()).not.toContain('PLACEHOLDER')"
/home/gabriel/Disk/Research/research-javascript-test-smells/repositories/bootstrap-vue-dev/src/components/form-file/form-file.spec.js,Duplicate Assert,"{'line': 696, 'column': 4, 'index': 19988}","  694 |
  695 |     await wrapper.trigger('dragover')
> 696 |     expect($label.text()).not.toContain('PLACEHOLDER')
      |    ^ Duplicate Assert
  697 |     expect($label.text()).toContain('NO_DROP_HERE')
  698 |
  699 |     await wrapper.trigger('dragleave')"
/home/gabriel/Disk/Research/research-javascript-test-smells/repositories/bootstrap-vue-dev/src/components/form-file/form-file.spec.js,Duplicate Assert,"{'line': 696, 'column': 4, 'index': 19988}","  694 |
  695 |     await wrapper.trigger('dragover')
> 696 |     expect($label.text()).not.toContain('PLACEHOLDER')
      |    ^ Duplicate Assert
  697 |     expect($label.text()).toContain('NO_DROP_HERE')
  698 |
  699 |     await wrapper.trigger('dragleave')"
/home/gabriel/Disk/Research/research-javascript-test-smells/repositories/bootstrap-vue-dev/src/components/form-file/form-file.spec.js,Duplicate Assert,"{'line': 697, 'column': 4, 'index': 20043}","  695 |     await wrapper.trigger('dragover')
  696 |     expect($label.text()).not.toContain('PLACEHOLDER')
> 697 |     expect($label.text()).toContain('NO_DROP_HERE')
      |    ^ Duplicate Assert
  698 |
  699 |     await wrapper.trigger('dragleave')
  700 |     expect($label.text()).toContain('PLACEHOLDER')"
/home/gabriel/Disk/Research/research-javascript-test-smells/repositories/bootstrap-vue-dev/src/components/form-file/form-file.spec.js,Duplicate Assert,"{'line': 697, 'column': 4, 'index': 20043}","  695 |     await wrapper.trigger('dragover')
  696 |     expect($label.text()).not.toContain('PLACEHOLDER')
> 697 |     expect($label.text()).toContain('NO_DROP_HERE')
      |    ^ Duplicate Assert
  698 |
  699 |     await wrapper.trigger('dragleave')
  700 |     expect($label.text()).toContain('PLACEHOLDER')"
/home/gabriel/Disk/Research/research-javascript-test-smells/repositories/bootstrap-vue-dev/src/components/form-file/form-file.spec.js,Duplicate Assert,"{'line': 700, 'column': 4, 'index': 20135}","  698 |
  699 |     await wrapper.trigger('dragleave')
> 700 |     expect($label.text()).toContain('PLACEHOLDER')
      |    ^ Duplicate Assert
  701 |     expect($label.text()).not.toContain('DROP_HERE')
  702 |
  703 |     await wrapper.trigger('dragover')"
/home/gabriel/Disk/Research/research-javascript-test-smells/repositories/bootstrap-vue-dev/src/components/form-file/form-file.spec.js,Duplicate Assert,"{'line': 700, 'column': 4, 'index': 20135}","  698 |
  699 |     await wrapper.trigger('dragleave')
> 700 |     expect($label.text()).toContain('PLACEHOLDER')
      |    ^ Duplicate Assert
  701 |     expect($label.text()).not.toContain('DROP_HERE')
  702 |
  703 |     await wrapper.trigger('dragover')"
/home/gabriel/Disk/Research/research-javascript-test-smells/repositories/bootstrap-vue-dev/src/components/form-file/form-file.spec.js,Duplicate Assert,"{'line': 701, 'column': 4, 'index': 20186}","  699 |     await wrapper.trigger('dragleave')
  700 |     expect($label.text()).toContain('PLACEHOLDER')
> 701 |     expect($label.text()).not.toContain('DROP_HERE')
      |    ^ Duplicate Assert
  702 |
  703 |     await wrapper.trigger('dragover')
  704 |     expect($label.text()).not.toContain('PLACEHOLDER')"
/home/gabriel/Disk/Research/research-javascript-test-smells/repositories/bootstrap-vue-dev/src/components/form-file/form-file.spec.js,Duplicate Assert,"{'line': 701, 'column': 4, 'index': 20186}","  699 |     await wrapper.trigger('dragleave')
  700 |     expect($label.text()).toContain('PLACEHOLDER')
> 701 |     expect($label.text()).not.toContain('DROP_HERE')
      |    ^ Duplicate Assert
  702 |
  703 |     await wrapper.trigger('dragover')
  704 |     expect($label.text()).not.toContain('PLACEHOLDER')"
/home/gabriel/Disk/Research/research-javascript-test-smells/repositories/bootstrap-vue-dev/src/components/form-file/form-file.spec.js,Duplicate Assert,"{'line': 704, 'column': 4, 'index': 20278}","  702 |
  703 |     await wrapper.trigger('dragover')
> 704 |     expect($label.text()).not.toContain('PLACEHOLDER')
      |    ^ Duplicate Assert
  705 |     expect($label.text()).toContain('DROP_HERE')
  706 |
  707 |     await wrapper.trigger('drop', {"
/home/gabriel/Disk/Research/research-javascript-test-smells/repositories/bootstrap-vue-dev/src/components/form-file/form-file.spec.js,Duplicate Assert,"{'line': 704, 'column': 4, 'index': 20278}","  702 |
  703 |     await wrapper.trigger('dragover')
> 704 |     expect($label.text()).not.toContain('PLACEHOLDER')
      |    ^ Duplicate Assert
  705 |     expect($label.text()).toContain('DROP_HERE')
  706 |
  707 |     await wrapper.trigger('drop', {"
/home/gabriel/Disk/Research/research-javascript-test-smells/repositories/bootstrap-vue-dev/src/components/form-file/form-file.spec.js,Duplicate Assert,"{'line': 705, 'column': 4, 'index': 20333}","  703 |     await wrapper.trigger('dragover')
  704 |     expect($label.text()).not.toContain('PLACEHOLDER')
> 705 |     expect($label.text()).toContain('DROP_HERE')
      |    ^ Duplicate Assert
  706 |
  707 |     await wrapper.trigger('drop', {
  708 |       dataTransfer: {"
/home/gabriel/Disk/Research/research-javascript-test-smells/repositories/bootstrap-vue-dev/src/components/form-file/form-file.spec.js,Duplicate Assert,"{'line': 713, 'column': 4, 'index': 20507}","  711 |     })
  712 |     await waitNT(wrapper.vm)
> 713 |     expect($label.text()).not.toContain('PLACEHOLDER')
      |    ^ Duplicate Assert
  714 |     expect($label.text()).not.toContain('DROP_HERE')
  715 |     expect($label.text()).toContain(file.name)
  716 |"
/home/gabriel/Disk/Research/research-javascript-test-smells/repositories/bootstrap-vue-dev/src/components/form-file/form-file.spec.js,Duplicate Assert,"{'line': 713, 'column': 4, 'index': 20507}","  711 |     })
  712 |     await waitNT(wrapper.vm)
> 713 |     expect($label.text()).not.toContain('PLACEHOLDER')
      |    ^ Duplicate Assert
  714 |     expect($label.text()).not.toContain('DROP_HERE')
  715 |     expect($label.text()).toContain(file.name)
  716 |"
/home/gabriel/Disk/Research/research-javascript-test-smells/repositories/bootstrap-vue-dev/src/components/form-file/form-file.spec.js,Duplicate Assert,"{'line': 714, 'column': 4, 'index': 20562}","  712 |     await waitNT(wrapper.vm)
  713 |     expect($label.text()).not.toContain('PLACEHOLDER')
> 714 |     expect($label.text()).not.toContain('DROP_HERE')
      |    ^ Duplicate Assert
  715 |     expect($label.text()).toContain(file.name)
  716 |
  717 |     wrapper.destroy()"
/home/gabriel/Disk/Research/research-javascript-test-smells/repositories/bootstrap-vue-dev/src/components/form-file/form-file.spec.js,Duplicate Assert,"{'line': 714, 'column': 4, 'index': 20562}","  712 |     await waitNT(wrapper.vm)
  713 |     expect($label.text()).not.toContain('PLACEHOLDER')
> 714 |     expect($label.text()).not.toContain('DROP_HERE')
      |    ^ Duplicate Assert
  715 |     expect($label.text()).toContain(file.name)
  716 |
  717 |     wrapper.destroy()"
/home/gabriel/Disk/Research/research-javascript-test-smells/repositories/bootstrap-vue-dev/src/components/form-file/form-file.spec.js,Duplicate Assert,"{'line': 715, 'column': 4, 'index': 20615}","  713 |     expect($label.text()).not.toContain('PLACEHOLDER')
  714 |     expect($label.text()).not.toContain('DROP_HERE')
> 715 |     expect($label.text()).toContain(file.name)
      |    ^ Duplicate Assert
  716 |
  717 |     wrapper.destroy()
  718 |   })"
/home/gabriel/Disk/Research/research-javascript-test-smells/repositories/bootstrap-vue-dev/src/components/form-file/form-file.spec.js,Magic Number,"{'line': 214, 'column': 52, 'index': 5869}","  212 |     await waitNT(wrapper.vm)
  213 |     expect(wrapper.emitted('input')).toBeDefined()
> 214 |     expect(wrapper.emitted('input').length).toEqual(1)
      |                                                    ^ Magic Number
  215 |     expect(wrapper.emitted('input')[0][0]).toEqual(file)
  216 |
  217 |     // Setting to same array of files should not emit event"
/home/gabriel/Disk/Research/research-javascript-test-smells/repositories/bootstrap-vue-dev/src/components/form-file/form-file.spec.js,Magic Number,"{'line': 221, 'column': 52, 'index': 6154}","  219 |     await waitNT(wrapper.vm)
  220 |     expect(wrapper.emitted('input')).toBeDefined()
> 221 |     expect(wrapper.emitted('input').length).toEqual(1)
      |                                                    ^ Magic Number
  222 |
  223 |     wrapper.destroy()
  224 |   })"
/home/gabriel/Disk/Research/research-javascript-test-smells/repositories/bootstrap-vue-dev/src/components/form-file/form-file.spec.js,Magic Number,"{'line': 248, 'column': 52, 'index': 6845}","  246 |     await waitNT(wrapper.vm)
  247 |     expect(wrapper.emitted('input')).toBeDefined()
> 248 |     expect(wrapper.emitted('input').length).toEqual(1)
      |                                                    ^ Magic Number
  249 |     expect(wrapper.emitted('input')[0][0]).toEqual(files)
  250 |
  251 |     // Setting to same array of files should not emit event"
/home/gabriel/Disk/Research/research-javascript-test-smells/repositories/bootstrap-vue-dev/src/components/form-file/form-file.spec.js,Magic Number,"{'line': 255, 'column': 52, 'index': 7130}","  253 |     await waitNT(wrapper.vm)
  254 |     expect(wrapper.emitted('input')).toBeDefined()
> 255 |     expect(wrapper.emitted('input').length).toEqual(1)
      |                                                    ^ Magic Number
  256 |
  257 |     // Setting to new array of same files should not emit event
  258 |     wrapper.vm.setFiles([file1, file2])"
/home/gabriel/Disk/Research/research-javascript-test-smells/repositories/bootstrap-vue-dev/src/components/form-file/form-file.spec.js,Magic Number,"{'line': 260, 'column': 52, 'index': 7319}","  258 |     wrapper.vm.setFiles([file1, file2])
  259 |     await waitNT(wrapper.vm)
> 260 |     expect(wrapper.emitted('input').length).toEqual(1)
      |                                                    ^ Magic Number
  261 |
  262 |     // Setting to array of new files should emit event
  263 |     wrapper.vm.setFiles(files.slice().reverse())"
/home/gabriel/Disk/Research/research-javascript-test-smells/repositories/bootstrap-vue-dev/src/components/form-file/form-file.spec.js,Magic Number,"{'line': 265, 'column': 52, 'index': 7508}","  263 |     wrapper.vm.setFiles(files.slice().reverse())
  264 |     await waitNT(wrapper.vm)
> 265 |     expect(wrapper.emitted('input').length).toEqual(2)
      |                                                    ^ Magic Number
  266 |     expect(wrapper.emitted('input')[1][0]).toEqual(files.slice().reverse())
  267 |
  268 |     wrapper.destroy()"
/home/gabriel/Disk/Research/research-javascript-test-smells/repositories/bootstrap-vue-dev/src/components/form-file/form-file.spec.js,Magic Number,"{'line': 298, 'column': 52, 'index': 8424}","  296 |     await waitNT(wrapper.vm)
  297 |     expect(wrapper.emitted('input')).toBeDefined()
> 298 |     expect(wrapper.emitted('input').length).toEqual(1)
      |                                                    ^ Magic Number
  299 |     expect(wrapper.emitted('input')[0][0]).toEqual(files)
  300 |
  301 |     // Setting to same array of files should not emit event"
/home/gabriel/Disk/Research/research-javascript-test-smells/repositories/bootstrap-vue-dev/src/components/form-file/form-file.spec.js,Magic Number,"{'line': 305, 'column': 52, 'index': 8709}","  303 |     await waitNT(wrapper.vm)
  304 |     expect(wrapper.emitted('input')).toBeDefined()
> 305 |     expect(wrapper.emitted('input').length).toEqual(1)
      |                                                    ^ Magic Number
  306 |
  307 |     // Setting to new array of same files should not emit event
  308 |     wrapper.vm.setFiles([[file1, file2], file3])"
/home/gabriel/Disk/Research/research-javascript-test-smells/repositories/bootstrap-vue-dev/src/components/form-file/form-file.spec.js,Magic Number,"{'line': 310, 'column': 52, 'index': 8907}","  308 |     wrapper.vm.setFiles([[file1, file2], file3])
  309 |     await waitNT(wrapper.vm)
> 310 |     expect(wrapper.emitted('input').length).toEqual(1)
      |                                                    ^ Magic Number
  311 |
  312 |     // Setting to array of new files should emit event
  313 |     wrapper.vm.setFiles(files.slice().reverse())"
/home/gabriel/Disk/Research/research-javascript-test-smells/repositories/bootstrap-vue-dev/src/components/form-file/form-file.spec.js,Magic Number,"{'line': 315, 'column': 52, 'index': 9096}","  313 |     wrapper.vm.setFiles(files.slice().reverse())
  314 |     await waitNT(wrapper.vm)
> 315 |     expect(wrapper.emitted('input').length).toEqual(2)
      |                                                    ^ Magic Number
  316 |     expect(wrapper.emitted('input')[1][0]).toEqual(files.slice().reverse())
  317 |
  318 |     wrapper.destroy()"
/home/gabriel/Disk/Research/research-javascript-test-smells/repositories/bootstrap-vue-dev/src/components/form-file/form-file.spec.js,Magic Number,"{'line': 348, 'column': 52, 'index': 10003}","  346 |     await waitNT(wrapper.vm)
  347 |     expect(wrapper.emitted('input')).toBeDefined()
> 348 |     expect(wrapper.emitted('input').length).toEqual(1)
      |                                                    ^ Magic Number
  349 |     expect(wrapper.emitted('input')[0][0]).toEqual([file1, file2, file3])
  350 |
  351 |     wrapper.destroy()"
/home/gabriel/Disk/Research/research-javascript-test-smells/repositories/bootstrap-vue-dev/src/components/form-file/form-file.spec.js,Magic Number,"{'line': 371, 'column': 52, 'index': 10613}","  369 |     expect(wrapper.emitted('change')).toBeUndefined()
  370 |     expect(wrapper.emitted('input')).toBeDefined()
> 371 |     expect(wrapper.emitted('input').length).toEqual(1)
      |                                                    ^ Magic Number
  372 |     expect(wrapper.emitted('input')[0][0]).toEqual(file1)
  373 |
  374 |     const $input = wrapper.find('input')"
/home/gabriel/Disk/Research/research-javascript-test-smells/repositories/bootstrap-vue-dev/src/components/form-file/form-file.spec.js,Magic Number,"{'line': 377, 'column': 53, 'index': 10834}","  375 |     $input.element.value = ''
  376 |     await $input.trigger('change')
> 377 |     expect(wrapper.emitted('change').length).toEqual(1)
      |                                                     ^ Magic Number
  378 |     expect(wrapper.emitted('input').length).toEqual(2)
  379 |     expect(wrapper.emitted('input')[1][0]).toEqual(null)
  380 |"
/home/gabriel/Disk/Research/research-javascript-test-smells/repositories/bootstrap-vue-dev/src/components/form-file/form-file.spec.js,Magic Number,"{'line': 378, 'column': 52, 'index': 10889}","  376 |     await $input.trigger('change')
  377 |     expect(wrapper.emitted('change').length).toEqual(1)
> 378 |     expect(wrapper.emitted('input').length).toEqual(2)
      |                                                    ^ Magic Number
  379 |     expect(wrapper.emitted('input')[1][0]).toEqual(null)
  380 |
  381 |     wrapper.destroy()"
/home/gabriel/Disk/Research/research-javascript-test-smells/repositories/bootstrap-vue-dev/src/components/form-file/form-file.spec.js,Magic Number,"{'line': 402, 'column': 52, 'index': 11487}","  400 |     await waitNT(wrapper.vm)
  401 |     expect(wrapper.emitted('input')).toBeDefined()
> 402 |     expect(wrapper.emitted('input').length).toEqual(1)
      |                                                    ^ Magic Number
  403 |     expect(wrapper.emitted('input')[0][0]).toEqual(file1)
  404 |
  405 |     wrapper.vm.reset()"
/home/gabriel/Disk/Research/research-javascript-test-smells/repositories/bootstrap-vue-dev/src/components/form-file/form-file.spec.js,Magic Number,"{'line': 407, 'column': 52, 'index': 11653}","  405 |     wrapper.vm.reset()
  406 |     await waitNT(wrapper.vm)
> 407 |     expect(wrapper.emitted('input').length).toEqual(2)
      |                                                    ^ Magic Number
  408 |     expect(wrapper.emitted('input')[1][0]).toEqual(null)
  409 |
  410 |     wrapper.destroy()"
/home/gabriel/Disk/Research/research-javascript-test-smells/repositories/bootstrap-vue-dev/src/components/form-file/form-file.spec.js,Magic Number,"{'line': 435, 'column': 52, 'index': 12401}","  433 |     await waitNT(wrapper.vm)
  434 |     expect(wrapper.emitted('input')).toBeDefined()
> 435 |     expect(wrapper.emitted('input').length).toEqual(1)
      |                                                    ^ Magic Number
  436 |     expect(wrapper.emitted('input')[0][0]).toEqual(files)
  437 |
  438 |     wrapper.vm.reset()"
/home/gabriel/Disk/Research/research-javascript-test-smells/repositories/bootstrap-vue-dev/src/components/form-file/form-file.spec.js,Magic Number,"{'line': 440, 'column': 52, 'index': 12567}","  438 |     wrapper.vm.reset()
  439 |     await waitNT(wrapper.vm)
> 440 |     expect(wrapper.emitted('input').length).toEqual(2)
      |                                                    ^ Magic Number
  441 |     expect(wrapper.emitted('input')[1][0]).toEqual([])
  442 |
  443 |     wrapper.destroy()"
/home/gabriel/Disk/Research/research-javascript-test-smells/repositories/bootstrap-vue-dev/src/components/form-file/form-file.spec.js,Magic Number,"{'line': 463, 'column': 52, 'index': 13143}","  461 |     await waitNT(wrapper.vm)
  462 |     expect(wrapper.emitted('input')).toBeDefined()
> 463 |     expect(wrapper.emitted('input').length).toEqual(1)
      |                                                    ^ Magic Number
  464 |     expect(wrapper.emitted('input')[0][0]).toEqual(file1)
  465 |
  466 |     await wrapper.setProps({ value: null })"
/home/gabriel/Disk/Research/research-javascript-test-smells/repositories/bootstrap-vue-dev/src/components/form-file/form-file.spec.js,Magic Number,"{'line': 467, 'column': 52, 'index': 13301}","  465 |
  466 |     await wrapper.setProps({ value: null })
> 467 |     expect(wrapper.emitted('input').length).toEqual(1)
      |                                                    ^ Magic Number
  468 |
  469 |     wrapper.destroy()
  470 |   })"
/home/gabriel/Disk/Research/research-javascript-test-smells/repositories/bootstrap-vue-dev/src/components/form-file/form-file.spec.js,Magic Number,"{'line': 495, 'column': 52, 'index': 13997}","  493 |     await waitNT(wrapper.vm)
  494 |     expect(wrapper.emitted('input')).toBeDefined()
> 495 |     expect(wrapper.emitted('input').length).toEqual(1)
      |                                                    ^ Magic Number
  496 |     expect(wrapper.emitted('input')[0][0]).toEqual(files)
  497 |
  498 |     await wrapper.setProps({ value: null })"
/home/gabriel/Disk/Research/research-javascript-test-smells/repositories/bootstrap-vue-dev/src/components/form-file/form-file.spec.js,Magic Number,"{'line': 499, 'column': 52, 'index': 14155}","  497 |
  498 |     await wrapper.setProps({ value: null })
> 499 |     expect(wrapper.emitted('input').length).toEqual(2)
      |                                                    ^ Magic Number
  500 |     expect(wrapper.emitted('input')[1][0]).toEqual([])
  501 |
  502 |     wrapper.vm.setFiles(files)"
/home/gabriel/Disk/Research/research-javascript-test-smells/repositories/bootstrap-vue-dev/src/components/form-file/form-file.spec.js,Magic Number,"{'line': 504, 'column': 52, 'index': 14326}","  502 |     wrapper.vm.setFiles(files)
  503 |     await waitNT(wrapper.vm)
> 504 |     expect(wrapper.emitted('input').length).toEqual(3)
      |                                                    ^ Magic Number
  505 |     expect(wrapper.emitted('input')[2][0]).toEqual(files)
  506 |
  507 |     await wrapper.setProps({ value: [] })"
/home/gabriel/Disk/Research/research-javascript-test-smells/repositories/bootstrap-vue-dev/src/components/form-file/form-file.spec.js,Magic Number,"{'line': 508, 'column': 52, 'index': 14482}","  506 |
  507 |     await wrapper.setProps({ value: [] })
> 508 |     expect(wrapper.emitted('input').length).toEqual(4)
      |                                                    ^ Magic Number
  509 |     expect(wrapper.emitted('input')[3][0]).toEqual([])
  510 |
  511 |     wrapper.destroy()"
/home/gabriel/Disk/Research/research-javascript-test-smells/repositories/bootstrap-vue-dev/src/components/form-file/form-file.spec.js,Magic Number,"{'line': 531, 'column': 52, 'index': 15039}","  529 |     await waitNT(wrapper.vm)
  530 |     expect(wrapper.emitted('input')).toBeDefined()
> 531 |     expect(wrapper.emitted('input').length).toEqual(1)
      |                                                    ^ Magic Number
  532 |     expect(wrapper.emitted('input')[0][0]).toEqual(file1)
  533 |
  534 |     await wrapper.find('input').trigger('reset')"
/home/gabriel/Disk/Research/research-javascript-test-smells/repositories/bootstrap-vue-dev/src/components/form-file/form-file.spec.js,Magic Number,"{'line': 535, 'column': 52, 'index': 15202}","  533 |
  534 |     await wrapper.find('input').trigger('reset')
> 535 |     expect(wrapper.emitted('input').length).toEqual(2)
      |                                                    ^ Magic Number
  536 |     expect(wrapper.emitted('input')[1][0]).toEqual(null)
  537 |
  538 |     wrapper.destroy()"
/home/gabriel/Disk/Research/research-javascript-test-smells/repositories/bootstrap-vue-dev/src/components/form-file/form-file.spec.js,Magic Number,"{'line': 564, 'column': 53, 'index': 15999}","  562 |     await waitNT(wrapper.vm)
  563 |     expect(formFile.emitted('input')).toBeDefined()
> 564 |     expect(formFile.emitted('input').length).toEqual(1)
      |                                                     ^ Magic Number
  565 |     expect(formFile.emitted('input')[0][0]).toEqual(file)
  566 |
  567 |     // Trigger form's native reset event"
/home/gabriel/Disk/Research/research-javascript-test-smells/repositories/bootstrap-vue-dev/src/components/form-file/form-file.spec.js,Magic Number,"{'line': 570, 'column': 53, 'index': 16226}","  568 |     wrapper.find('form').trigger('reset')
  569 |     await waitNT(wrapper.vm)
> 570 |     expect(formFile.emitted('input').length).toEqual(2)
      |                                                     ^ Magic Number
  571 |     expect(formFile.emitted('input')[1][0]).toEqual(null)
  572 |
  573 |     wrapper.destroy()"
/home/gabriel/Disk/Research/research-javascript-test-smells/repositories/bootstrap-vue-dev/src/components/form-file/form-file.spec.js,Magic Number,"{'line': 600, 'column': 52, 'index': 17044}","  598 |     await waitNT(wrapper.vm)
  599 |     expect(wrapper.emitted('input')).toBeDefined()
> 600 |     expect(wrapper.emitted('input').length).toEqual(1)
      |                                                    ^ Magic Number
  601 |     expect(wrapper.emitted('input')[0][0]).toEqual(file)
  602 |
  603 |     // Formatter should have been called, and passed two arrays"
/home/gabriel/Disk/Research/research-javascript-test-smells/repositories/bootstrap-vue-dev/src/components/form-file/form-file.spec.js,Magic Number,"{'line': 637, 'column': 52, 'index': 18131}","  635 |     await waitNT(wrapper.vm)
  636 |     expect(wrapper.emitted('input')).toBeDefined()
> 637 |     expect(wrapper.emitted('input').length).toEqual(1)
      |                                                    ^ Magic Number
  638 |     expect(wrapper.emitted('input')[0][0]).toEqual(file)
  639 |
  640 |     // Scoped slot should have been called, with expected scope"
/home/gabriel/Disk/Research/research-javascript-test-smells/repositories/bootstrap-vue-dev/src/components/form-datepicker/form-datepicker.spec.js,Duplicate Assert,"{'line': 43, 'column': 4, 'index': 1235}","  41 |
  42 |     expect(wrapper.element.tagName).toBe('DIV')
> 43 |     expect(wrapper.classes()).toContain('b-form-datepicker')
     |    ^ Duplicate Assert
  44 |     expect(wrapper.classes()).toContain('b-form-btn-label-control')
  45 |     expect(wrapper.classes()).toContain('form-control')
  46 |     expect(wrapper.classes()).toContain('dropdown')"
/home/gabriel/Disk/Research/research-javascript-test-smells/repositories/bootstrap-vue-dev/src/components/form-datepicker/form-datepicker.spec.js,Duplicate Assert,"{'line': 44, 'column': 4, 'index': 1296}","  42 |     expect(wrapper.element.tagName).toBe('DIV')
  43 |     expect(wrapper.classes()).toContain('b-form-datepicker')
> 44 |     expect(wrapper.classes()).toContain('b-form-btn-label-control')
     |    ^ Duplicate Assert
  45 |     expect(wrapper.classes()).toContain('form-control')
  46 |     expect(wrapper.classes()).toContain('dropdown')
  47 |     expect(wrapper.classes()).not.toContain('show')"
/home/gabriel/Disk/Research/research-javascript-test-smells/repositories/bootstrap-vue-dev/src/components/form-datepicker/form-datepicker.spec.js,Duplicate Assert,"{'line': 45, 'column': 4, 'index': 1364}","  43 |     expect(wrapper.classes()).toContain('b-form-datepicker')
  44 |     expect(wrapper.classes()).toContain('b-form-btn-label-control')
> 45 |     expect(wrapper.classes()).toContain('form-control')
     |    ^ Duplicate Assert
  46 |     expect(wrapper.classes()).toContain('dropdown')
  47 |     expect(wrapper.classes()).not.toContain('show')
  48 |     expect(wrapper.classes()).not.toContain('btn-group')"
/home/gabriel/Disk/Research/research-javascript-test-smells/repositories/bootstrap-vue-dev/src/components/form-datepicker/form-datepicker.spec.js,Duplicate Assert,"{'line': 46, 'column': 4, 'index': 1420}","  44 |     expect(wrapper.classes()).toContain('b-form-btn-label-control')
  45 |     expect(wrapper.classes()).toContain('form-control')
> 46 |     expect(wrapper.classes()).toContain('dropdown')
     |    ^ Duplicate Assert
  47 |     expect(wrapper.classes()).not.toContain('show')
  48 |     expect(wrapper.classes()).not.toContain('btn-group')
  49 |     expect(wrapper.attributes('role')).toEqual('group')"
/home/gabriel/Disk/Research/research-javascript-test-smells/repositories/bootstrap-vue-dev/src/components/form-datepicker/form-datepicker.spec.js,Duplicate Assert,"{'line': 47, 'column': 4, 'index': 1472}","  45 |     expect(wrapper.classes()).toContain('form-control')
  46 |     expect(wrapper.classes()).toContain('dropdown')
> 47 |     expect(wrapper.classes()).not.toContain('show')
     |    ^ Duplicate Assert
  48 |     expect(wrapper.classes()).not.toContain('btn-group')
  49 |     expect(wrapper.attributes('role')).toEqual('group')
  50 |"
/home/gabriel/Disk/Research/research-javascript-test-smells/repositories/bootstrap-vue-dev/src/components/form-datepicker/form-datepicker.spec.js,Duplicate Assert,"{'line': 48, 'column': 4, 'index': 1524}","  46 |     expect(wrapper.classes()).toContain('dropdown')
  47 |     expect(wrapper.classes()).not.toContain('show')
> 48 |     expect(wrapper.classes()).not.toContain('btn-group')
     |    ^ Duplicate Assert
  49 |     expect(wrapper.attributes('role')).toEqual('group')
  50 |
  51 |     const $dropdownMenu = wrapper.find('.dropdown-menu')"
/home/gabriel/Disk/Research/research-javascript-test-smells/repositories/bootstrap-vue-dev/src/components/form-datepicker/form-datepicker.spec.js,Duplicate Assert,"{'line': 87, 'column': 4, 'index': 2898}","  85 |
  86 |     expect(wrapper.element.tagName).toBe('DIV')
> 87 |     expect(wrapper.classes()).toContain('b-form-datepicker')
     |    ^ Duplicate Assert
  88 |     expect(wrapper.classes()).toContain('b-form-btn-label-control')
  89 |     expect(wrapper.classes()).not.toContain('form-control')
  90 |     expect(wrapper.classes()).toContain('dropdown')"
/home/gabriel/Disk/Research/research-javascript-test-smells/repositories/bootstrap-vue-dev/src/components/form-datepicker/form-datepicker.spec.js,Duplicate Assert,"{'line': 88, 'column': 4, 'index': 2959}","  86 |     expect(wrapper.element.tagName).toBe('DIV')
  87 |     expect(wrapper.classes()).toContain('b-form-datepicker')
> 88 |     expect(wrapper.classes()).toContain('b-form-btn-label-control')
     |    ^ Duplicate Assert
  89 |     expect(wrapper.classes()).not.toContain('form-control')
  90 |     expect(wrapper.classes()).toContain('dropdown')
  91 |     expect(wrapper.classes()).not.toContain('show')"
/home/gabriel/Disk/Research/research-javascript-test-smells/repositories/bootstrap-vue-dev/src/components/form-datepicker/form-datepicker.spec.js,Duplicate Assert,"{'line': 89, 'column': 4, 'index': 3027}","  87 |     expect(wrapper.classes()).toContain('b-form-datepicker')
  88 |     expect(wrapper.classes()).toContain('b-form-btn-label-control')
> 89 |     expect(wrapper.classes()).not.toContain('form-control')
     |    ^ Duplicate Assert
  90 |     expect(wrapper.classes()).toContain('dropdown')
  91 |     expect(wrapper.classes()).not.toContain('show')
  92 |     expect(wrapper.classes()).toContain('btn-group')"
/home/gabriel/Disk/Research/research-javascript-test-smells/repositories/bootstrap-vue-dev/src/components/form-datepicker/form-datepicker.spec.js,Duplicate Assert,"{'line': 90, 'column': 4, 'index': 3087}","  88 |     expect(wrapper.classes()).toContain('b-form-btn-label-control')
  89 |     expect(wrapper.classes()).not.toContain('form-control')
> 90 |     expect(wrapper.classes()).toContain('dropdown')
     |    ^ Duplicate Assert
  91 |     expect(wrapper.classes()).not.toContain('show')
  92 |     expect(wrapper.classes()).toContain('btn-group')
  93 |     expect(wrapper.attributes('role')).not.toEqual('group')"
/home/gabriel/Disk/Research/research-javascript-test-smells/repositories/bootstrap-vue-dev/src/components/form-datepicker/form-datepicker.spec.js,Duplicate Assert,"{'line': 91, 'column': 4, 'index': 3139}","  89 |     expect(wrapper.classes()).not.toContain('form-control')
  90 |     expect(wrapper.classes()).toContain('dropdown')
> 91 |     expect(wrapper.classes()).not.toContain('show')
     |    ^ Duplicate Assert
  92 |     expect(wrapper.classes()).toContain('btn-group')
  93 |     expect(wrapper.attributes('role')).not.toEqual('group')
  94 |"
/home/gabriel/Disk/Research/research-javascript-test-smells/repositories/bootstrap-vue-dev/src/components/form-datepicker/form-datepicker.spec.js,Duplicate Assert,"{'line': 92, 'column': 4, 'index': 3191}","  90 |     expect(wrapper.classes()).toContain('dropdown')
  91 |     expect(wrapper.classes()).not.toContain('show')
> 92 |     expect(wrapper.classes()).toContain('btn-group')
     |    ^ Duplicate Assert
  93 |     expect(wrapper.attributes('role')).not.toEqual('group')
  94 |
  95 |     const $dropdownMenu = wrapper.find('.dropdown-menu')"
/home/gabriel/Disk/Research/research-javascript-test-smells/repositories/bootstrap-vue-dev/src/components/form-datepicker/form-datepicker.spec.js,Duplicate Assert,"{'line': 156, 'column': 4, 'index': 5154}","  154 |
  155 |     let $input = wrapper.find('input[type=""hidden""]')
> 156 |     expect($input.exists()).toBe(true)
      |    ^ Duplicate Assert
  157 |     expect($input.attributes('name')).toBe('foobar')
  158 |     expect($input.attributes('value')).toBe('')
  159 |"
/home/gabriel/Disk/Research/research-javascript-test-smells/repositories/bootstrap-vue-dev/src/components/form-datepicker/form-datepicker.spec.js,Duplicate Assert,"{'line': 156, 'column': 4, 'index': 5154}","  154 |
  155 |     let $input = wrapper.find('input[type=""hidden""]')
> 156 |     expect($input.exists()).toBe(true)
      |    ^ Duplicate Assert
  157 |     expect($input.attributes('name')).toBe('foobar')
  158 |     expect($input.attributes('value')).toBe('')
  159 |"
/home/gabriel/Disk/Research/research-javascript-test-smells/repositories/bootstrap-vue-dev/src/components/form-datepicker/form-datepicker.spec.js,Duplicate Assert,"{'line': 157, 'column': 4, 'index': 5193}","  155 |     let $input = wrapper.find('input[type=""hidden""]')
  156 |     expect($input.exists()).toBe(true)
> 157 |     expect($input.attributes('name')).toBe('foobar')
      |    ^ Duplicate Assert
  158 |     expect($input.attributes('value')).toBe('')
  159 |
  160 |     await wrapper.setProps({ value: '2020-01-20' })"
/home/gabriel/Disk/Research/research-javascript-test-smells/repositories/bootstrap-vue-dev/src/components/form-datepicker/form-datepicker.spec.js,Duplicate Assert,"{'line': 157, 'column': 4, 'index': 5193}","  155 |     let $input = wrapper.find('input[type=""hidden""]')
  156 |     expect($input.exists()).toBe(true)
> 157 |     expect($input.attributes('name')).toBe('foobar')
      |    ^ Duplicate Assert
  158 |     expect($input.attributes('value')).toBe('')
  159 |
  160 |     await wrapper.setProps({ value: '2020-01-20' })"
/home/gabriel/Disk/Research/research-javascript-test-smells/repositories/bootstrap-vue-dev/src/components/form-datepicker/form-datepicker.spec.js,Duplicate Assert,"{'line': 158, 'column': 4, 'index': 5246}","  156 |     expect($input.exists()).toBe(true)
  157 |     expect($input.attributes('name')).toBe('foobar')
> 158 |     expect($input.attributes('value')).toBe('')
      |    ^ Duplicate Assert
  159 |
  160 |     await wrapper.setProps({ value: '2020-01-20' })
  161 |     await waitNT(wrapper.vm)"
/home/gabriel/Disk/Research/research-javascript-test-smells/repositories/bootstrap-vue-dev/src/components/form-datepicker/form-datepicker.spec.js,Duplicate Assert,"{'line': 165, 'column': 4, 'index': 5447}","  163 |
  164 |     $input = wrapper.find('input[type=""hidden""]')
> 165 |     expect($input.exists()).toBe(true)
      |    ^ Duplicate Assert
  166 |     expect($input.attributes('name')).toBe('foobar')
  167 |     expect($input.attributes('value')).toBe('2020-01-20')
  168 |"
/home/gabriel/Disk/Research/research-javascript-test-smells/repositories/bootstrap-vue-dev/src/components/form-datepicker/form-datepicker.spec.js,Duplicate Assert,"{'line': 165, 'column': 4, 'index': 5447}","  163 |
  164 |     $input = wrapper.find('input[type=""hidden""]')
> 165 |     expect($input.exists()).toBe(true)
      |    ^ Duplicate Assert
  166 |     expect($input.attributes('name')).toBe('foobar')
  167 |     expect($input.attributes('value')).toBe('2020-01-20')
  168 |"
/home/gabriel/Disk/Research/research-javascript-test-smells/repositories/bootstrap-vue-dev/src/components/form-datepicker/form-datepicker.spec.js,Duplicate Assert,"{'line': 166, 'column': 4, 'index': 5486}","  164 |     $input = wrapper.find('input[type=""hidden""]')
  165 |     expect($input.exists()).toBe(true)
> 166 |     expect($input.attributes('name')).toBe('foobar')
      |    ^ Duplicate Assert
  167 |     expect($input.attributes('value')).toBe('2020-01-20')
  168 |
  169 |     wrapper.destroy()"
/home/gabriel/Disk/Research/research-javascript-test-smells/repositories/bootstrap-vue-dev/src/components/form-datepicker/form-datepicker.spec.js,Duplicate Assert,"{'line': 166, 'column': 4, 'index': 5486}","  164 |     $input = wrapper.find('input[type=""hidden""]')
  165 |     expect($input.exists()).toBe(true)
> 166 |     expect($input.attributes('name')).toBe('foobar')
      |    ^ Duplicate Assert
  167 |     expect($input.attributes('value')).toBe('2020-01-20')
  168 |
  169 |     wrapper.destroy()"
/home/gabriel/Disk/Research/research-javascript-test-smells/repositories/bootstrap-vue-dev/src/components/form-datepicker/form-datepicker.spec.js,Duplicate Assert,"{'line': 167, 'column': 4, 'index': 5539}","  165 |     expect($input.exists()).toBe(true)
  166 |     expect($input.attributes('name')).toBe('foobar')
> 167 |     expect($input.attributes('value')).toBe('2020-01-20')
      |    ^ Duplicate Assert
  168 |
  169 |     wrapper.destroy()
  170 |   })"
/home/gabriel/Disk/Research/research-javascript-test-smells/repositories/bootstrap-vue-dev/src/components/form-datepicker/form-datepicker.spec.js,Duplicate Assert,"{'line': 190, 'column': 4, 'index': 6122}","  188 |     expect($toggle.exists()).toBe(true)
  189 |     expect($toggle.element.tagName).toBe('BUTTON')
> 190 |     expect(document.activeElement).not.toBe($toggle.element)
      |    ^ Duplicate Assert
  191 |
  192 |     wrapper.vm.focus()
  193 |     await waitNT(wrapper.vm)"
/home/gabriel/Disk/Research/research-javascript-test-smells/repositories/bootstrap-vue-dev/src/components/form-datepicker/form-datepicker.spec.js,Duplicate Assert,"{'line': 190, 'column': 4, 'index': 6122}","  188 |     expect($toggle.exists()).toBe(true)
  189 |     expect($toggle.element.tagName).toBe('BUTTON')
> 190 |     expect(document.activeElement).not.toBe($toggle.element)
      |    ^ Duplicate Assert
  191 |
  192 |     wrapper.vm.focus()
  193 |     await waitNT(wrapper.vm)"
/home/gabriel/Disk/Research/research-javascript-test-smells/repositories/bootstrap-vue-dev/src/components/form-datepicker/form-datepicker.spec.js,Duplicate Assert,"{'line': 196, 'column': 4, 'index': 6257}","  194 |     await waitRAF()
  195 |
> 196 |     expect(document.activeElement).toBe($toggle.element)
      |    ^ Duplicate Assert
  197 |
  198 |     wrapper.vm.blur()
  199 |     await waitNT(wrapper.vm)"
/home/gabriel/Disk/Research/research-javascript-test-smells/repositories/bootstrap-vue-dev/src/components/form-datepicker/form-datepicker.spec.js,Duplicate Assert,"{'line': 202, 'column': 4, 'index': 6387}","  200 |     await waitRAF()
  201 |
> 202 |     expect(document.activeElement).not.toBe($toggle.element)
      |    ^ Duplicate Assert
  203 |
  204 |     wrapper.destroy()
  205 |   })"
/home/gabriel/Disk/Research/research-javascript-test-smells/repositories/bootstrap-vue-dev/src/components/form-datepicker/form-datepicker.spec.js,Duplicate Assert,"{'line': 202, 'column': 4, 'index': 6387}","  200 |     await waitRAF()
  201 |
> 202 |     expect(document.activeElement).not.toBe($toggle.element)
      |    ^ Duplicate Assert
  203 |
  204 |     wrapper.destroy()
  205 |   })"
/home/gabriel/Disk/Research/research-javascript-test-smells/repositories/bootstrap-vue-dev/src/components/form-datepicker/form-datepicker.spec.js,Duplicate Assert,"{'line': 227, 'column': 4, 'index': 7025}","  225 |     expect($toggle.exists()).toBe(true)
  226 |     expect($toggle.element.tagName).toBe('BUTTON')
> 227 |     expect($toggle.find('svg.bi-calendar').exists()).toBe(true)
      |    ^ Duplicate Assert
  228 |     expect($toggle.find('svg.bi-calendar-fill').exists()).toBe(false)
  229 |
  230 |     await $toggle.trigger('mouseenter')"
/home/gabriel/Disk/Research/research-javascript-test-smells/repositories/bootstrap-vue-dev/src/components/form-datepicker/form-datepicker.spec.js,Duplicate Assert,"{'line': 227, 'column': 4, 'index': 7025}","  225 |     expect($toggle.exists()).toBe(true)
  226 |     expect($toggle.element.tagName).toBe('BUTTON')
> 227 |     expect($toggle.find('svg.bi-calendar').exists()).toBe(true)
      |    ^ Duplicate Assert
  228 |     expect($toggle.find('svg.bi-calendar-fill').exists()).toBe(false)
  229 |
  230 |     await $toggle.trigger('mouseenter')"
/home/gabriel/Disk/Research/research-javascript-test-smells/repositories/bootstrap-vue-dev/src/components/form-datepicker/form-datepicker.spec.js,Duplicate Assert,"{'line': 228, 'column': 4, 'index': 7089}","  226 |     expect($toggle.element.tagName).toBe('BUTTON')
  227 |     expect($toggle.find('svg.bi-calendar').exists()).toBe(true)
> 228 |     expect($toggle.find('svg.bi-calendar-fill').exists()).toBe(false)
      |    ^ Duplicate Assert
  229 |
  230 |     await $toggle.trigger('mouseenter')
  231 |     expect($toggle.find('svg.bi-calendar').exists()).toBe(false)"
/home/gabriel/Disk/Research/research-javascript-test-smells/repositories/bootstrap-vue-dev/src/components/form-datepicker/form-datepicker.spec.js,Duplicate Assert,"{'line': 228, 'column': 4, 'index': 7089}","  226 |     expect($toggle.element.tagName).toBe('BUTTON')
  227 |     expect($toggle.find('svg.bi-calendar').exists()).toBe(true)
> 228 |     expect($toggle.find('svg.bi-calendar-fill').exists()).toBe(false)
      |    ^ Duplicate Assert
  229 |
  230 |     await $toggle.trigger('mouseenter')
  231 |     expect($toggle.find('svg.bi-calendar').exists()).toBe(false)"
/home/gabriel/Disk/Research/research-javascript-test-smells/repositories/bootstrap-vue-dev/src/components/form-datepicker/form-datepicker.spec.js,Duplicate Assert,"{'line': 231, 'column': 4, 'index': 7200}","  229 |
  230 |     await $toggle.trigger('mouseenter')
> 231 |     expect($toggle.find('svg.bi-calendar').exists()).toBe(false)
      |    ^ Duplicate Assert
  232 |     expect($toggle.find('svg.bi-calendar-fill').exists()).toBe(true)
  233 |
  234 |     await $toggle.trigger('mouseleave')"
/home/gabriel/Disk/Research/research-javascript-test-smells/repositories/bootstrap-vue-dev/src/components/form-datepicker/form-datepicker.spec.js,Duplicate Assert,"{'line': 231, 'column': 4, 'index': 7200}","  229 |
  230 |     await $toggle.trigger('mouseenter')
> 231 |     expect($toggle.find('svg.bi-calendar').exists()).toBe(false)
      |    ^ Duplicate Assert
  232 |     expect($toggle.find('svg.bi-calendar-fill').exists()).toBe(true)
  233 |
  234 |     await $toggle.trigger('mouseleave')"
/home/gabriel/Disk/Research/research-javascript-test-smells/repositories/bootstrap-vue-dev/src/components/form-datepicker/form-datepicker.spec.js,Duplicate Assert,"{'line': 232, 'column': 4, 'index': 7265}","  230 |     await $toggle.trigger('mouseenter')
  231 |     expect($toggle.find('svg.bi-calendar').exists()).toBe(false)
> 232 |     expect($toggle.find('svg.bi-calendar-fill').exists()).toBe(true)
      |    ^ Duplicate Assert
  233 |
  234 |     await $toggle.trigger('mouseleave')
  235 |     expect($toggle.find('svg.bi-calendar').exists()).toBe(true)"
/home/gabriel/Disk/Research/research-javascript-test-smells/repositories/bootstrap-vue-dev/src/components/form-datepicker/form-datepicker.spec.js,Duplicate Assert,"{'line': 232, 'column': 4, 'index': 7265}","  230 |     await $toggle.trigger('mouseenter')
  231 |     expect($toggle.find('svg.bi-calendar').exists()).toBe(false)
> 232 |     expect($toggle.find('svg.bi-calendar-fill').exists()).toBe(true)
      |    ^ Duplicate Assert
  233 |
  234 |     await $toggle.trigger('mouseleave')
  235 |     expect($toggle.find('svg.bi-calendar').exists()).toBe(true)"
/home/gabriel/Disk/Research/research-javascript-test-smells/repositories/bootstrap-vue-dev/src/components/form-datepicker/form-datepicker.spec.js,Duplicate Assert,"{'line': 235, 'column': 4, 'index': 7375}","  233 |
  234 |     await $toggle.trigger('mouseleave')
> 235 |     expect($toggle.find('svg.bi-calendar').exists()).toBe(true)
      |    ^ Duplicate Assert
  236 |     expect($toggle.find('svg.bi-calendar-fill').exists()).toBe(false)
  237 |
  238 |     await $label.trigger('mouseenter')"
/home/gabriel/Disk/Research/research-javascript-test-smells/repositories/bootstrap-vue-dev/src/components/form-datepicker/form-datepicker.spec.js,Duplicate Assert,"{'line': 235, 'column': 4, 'index': 7375}","  233 |
  234 |     await $toggle.trigger('mouseleave')
> 235 |     expect($toggle.find('svg.bi-calendar').exists()).toBe(true)
      |    ^ Duplicate Assert
  236 |     expect($toggle.find('svg.bi-calendar-fill').exists()).toBe(false)
  237 |
  238 |     await $label.trigger('mouseenter')"
/home/gabriel/Disk/Research/research-javascript-test-smells/repositories/bootstrap-vue-dev/src/components/form-datepicker/form-datepicker.spec.js,Duplicate Assert,"{'line': 236, 'column': 4, 'index': 7439}","  234 |     await $toggle.trigger('mouseleave')
  235 |     expect($toggle.find('svg.bi-calendar').exists()).toBe(true)
> 236 |     expect($toggle.find('svg.bi-calendar-fill').exists()).toBe(false)
      |    ^ Duplicate Assert
  237 |
  238 |     await $label.trigger('mouseenter')
  239 |     expect($toggle.find('svg.bi-calendar').exists()).toBe(false)"
/home/gabriel/Disk/Research/research-javascript-test-smells/repositories/bootstrap-vue-dev/src/components/form-datepicker/form-datepicker.spec.js,Duplicate Assert,"{'line': 236, 'column': 4, 'index': 7439}","  234 |     await $toggle.trigger('mouseleave')
  235 |     expect($toggle.find('svg.bi-calendar').exists()).toBe(true)
> 236 |     expect($toggle.find('svg.bi-calendar-fill').exists()).toBe(false)
      |    ^ Duplicate Assert
  237 |
  238 |     await $label.trigger('mouseenter')
  239 |     expect($toggle.find('svg.bi-calendar').exists()).toBe(false)"
/home/gabriel/Disk/Research/research-javascript-test-smells/repositories/bootstrap-vue-dev/src/components/form-datepicker/form-datepicker.spec.js,Duplicate Assert,"{'line': 239, 'column': 4, 'index': 7549}","  237 |
  238 |     await $label.trigger('mouseenter')
> 239 |     expect($toggle.find('svg.bi-calendar').exists()).toBe(false)
      |    ^ Duplicate Assert
  240 |     expect($toggle.find('svg.bi-calendar-fill').exists()).toBe(true)
  241 |
  242 |     await $label.trigger('mouseleave')"
/home/gabriel/Disk/Research/research-javascript-test-smells/repositories/bootstrap-vue-dev/src/components/form-datepicker/form-datepicker.spec.js,Duplicate Assert,"{'line': 239, 'column': 4, 'index': 7549}","  237 |
  238 |     await $label.trigger('mouseenter')
> 239 |     expect($toggle.find('svg.bi-calendar').exists()).toBe(false)
      |    ^ Duplicate Assert
  240 |     expect($toggle.find('svg.bi-calendar-fill').exists()).toBe(true)
  241 |
  242 |     await $label.trigger('mouseleave')"
/home/gabriel/Disk/Research/research-javascript-test-smells/repositories/bootstrap-vue-dev/src/components/form-datepicker/form-datepicker.spec.js,Duplicate Assert,"{'line': 240, 'column': 4, 'index': 7614}","  238 |     await $label.trigger('mouseenter')
  239 |     expect($toggle.find('svg.bi-calendar').exists()).toBe(false)
> 240 |     expect($toggle.find('svg.bi-calendar-fill').exists()).toBe(true)
      |    ^ Duplicate Assert
  241 |
  242 |     await $label.trigger('mouseleave')
  243 |     expect($toggle.find('svg.bi-calendar').exists()).toBe(true)"
/home/gabriel/Disk/Research/research-javascript-test-smells/repositories/bootstrap-vue-dev/src/components/form-datepicker/form-datepicker.spec.js,Duplicate Assert,"{'line': 240, 'column': 4, 'index': 7614}","  238 |     await $label.trigger('mouseenter')
  239 |     expect($toggle.find('svg.bi-calendar').exists()).toBe(false)
> 240 |     expect($toggle.find('svg.bi-calendar-fill').exists()).toBe(true)
      |    ^ Duplicate Assert
  241 |
  242 |     await $label.trigger('mouseleave')
  243 |     expect($toggle.find('svg.bi-calendar').exists()).toBe(true)"
/home/gabriel/Disk/Research/research-javascript-test-smells/repositories/bootstrap-vue-dev/src/components/form-datepicker/form-datepicker.spec.js,Duplicate Assert,"{'line': 243, 'column': 4, 'index': 7723}","  241 |
  242 |     await $label.trigger('mouseleave')
> 243 |     expect($toggle.find('svg.bi-calendar').exists()).toBe(true)
      |    ^ Duplicate Assert
  244 |     expect($toggle.find('svg.bi-calendar-fill').exists()).toBe(false)
  245 |
  246 |     wrapper.destroy()"
/home/gabriel/Disk/Research/research-javascript-test-smells/repositories/bootstrap-vue-dev/src/components/form-datepicker/form-datepicker.spec.js,Duplicate Assert,"{'line': 243, 'column': 4, 'index': 7723}","  241 |
  242 |     await $label.trigger('mouseleave')
> 243 |     expect($toggle.find('svg.bi-calendar').exists()).toBe(true)
      |    ^ Duplicate Assert
  244 |     expect($toggle.find('svg.bi-calendar-fill').exists()).toBe(false)
  245 |
  246 |     wrapper.destroy()"
/home/gabriel/Disk/Research/research-javascript-test-smells/repositories/bootstrap-vue-dev/src/components/form-datepicker/form-datepicker.spec.js,Duplicate Assert,"{'line': 244, 'column': 4, 'index': 7787}","  242 |     await $label.trigger('mouseleave')
  243 |     expect($toggle.find('svg.bi-calendar').exists()).toBe(true)
> 244 |     expect($toggle.find('svg.bi-calendar-fill').exists()).toBe(false)
      |    ^ Duplicate Assert
  245 |
  246 |     wrapper.destroy()
  247 |   })"
/home/gabriel/Disk/Research/research-javascript-test-smells/repositories/bootstrap-vue-dev/src/components/form-datepicker/form-datepicker.spec.js,Duplicate Assert,"{'line': 244, 'column': 4, 'index': 7787}","  242 |     await $label.trigger('mouseleave')
  243 |     expect($toggle.find('svg.bi-calendar').exists()).toBe(true)
> 244 |     expect($toggle.find('svg.bi-calendar-fill').exists()).toBe(false)
      |    ^ Duplicate Assert
  245 |
  246 |     wrapper.destroy()
  247 |   })"
/home/gabriel/Disk/Research/research-javascript-test-smells/repositories/bootstrap-vue-dev/src/components/form-datepicker/form-datepicker.spec.js,Duplicate Assert,"{'line': 270, 'column': 4, 'index': 8488}","  268 |     const $dropdownMenu = wrapper.find('.dropdown-menu')
  269 |     expect($dropdownMenu.exists()).toBe(true)
> 270 |     expect($dropdownMenu.classes()).not.toContain('show')
      |    ^ Duplicate Assert
  271 |
  272 |     await $toggle.trigger('click')
  273 |     await waitRAF()"
/home/gabriel/Disk/Research/research-javascript-test-smells/repositories/bootstrap-vue-dev/src/components/form-datepicker/form-datepicker.spec.js,Duplicate Assert,"{'line': 270, 'column': 4, 'index': 8488}","  268 |     const $dropdownMenu = wrapper.find('.dropdown-menu')
  269 |     expect($dropdownMenu.exists()).toBe(true)
> 270 |     expect($dropdownMenu.classes()).not.toContain('show')
      |    ^ Duplicate Assert
  271 |
  272 |     await $toggle.trigger('click')
  273 |     await waitRAF()"
/home/gabriel/Disk/Research/research-javascript-test-smells/repositories/bootstrap-vue-dev/src/components/form-datepicker/form-datepicker.spec.js,Duplicate Assert,"{'line': 275, 'column': 4, 'index': 8622}","  273 |     await waitRAF()
  274 |     await waitRAF()
> 275 |     expect($dropdownMenu.classes()).toContain('show')
      |    ^ Duplicate Assert
  276 |
  277 |     await $toggle.trigger('click')
  278 |     await waitRAF()"
/home/gabriel/Disk/Research/research-javascript-test-smells/repositories/bootstrap-vue-dev/src/components/form-datepicker/form-datepicker.spec.js,Duplicate Assert,"{'line': 280, 'column': 4, 'index': 8752}","  278 |     await waitRAF()
  279 |     await waitRAF()
> 280 |     expect($dropdownMenu.classes()).not.toContain('show')
      |    ^ Duplicate Assert
  281 |
  282 |     wrapper.destroy()
  283 |   })"
/home/gabriel/Disk/Research/research-javascript-test-smells/repositories/bootstrap-vue-dev/src/components/form-datepicker/form-datepicker.spec.js,Duplicate Assert,"{'line': 280, 'column': 4, 'index': 8752}","  278 |     await waitRAF()
  279 |     await waitRAF()
> 280 |     expect($dropdownMenu.classes()).not.toContain('show')
      |    ^ Duplicate Assert
  281 |
  282 |     wrapper.destroy()
  283 |   })"
/home/gabriel/Disk/Research/research-javascript-test-smells/repositories/bootstrap-vue-dev/src/components/form-datepicker/form-datepicker.spec.js,Duplicate Assert,"{'line': 299, 'column': 4, 'index': 9190}","  297 |
  298 |     expect(wrapper.element.tagName).toBe('DIV')
> 299 |     expect(wrapper.emitted('input')).toBeUndefined()
      |    ^ Duplicate Assert
  300 |
  301 |     const $toggle = wrapper.find('button#test-emit-input')
  302 |     const $dropdownMenu = wrapper.find('.dropdown-menu')"
/home/gabriel/Disk/Research/research-javascript-test-smells/repositories/bootstrap-vue-dev/src/components/form-datepicker/form-datepicker.spec.js,Duplicate Assert,"{'line': 307, 'column': 4, 'index': 9498}","  305 |     expect($toggle.element.tagName).toBe('BUTTON')
  306 |     expect($dropdownMenu.exists()).toBe(true)
> 307 |     expect($dropdownMenu.classes()).not.toContain('show')
      |    ^ Duplicate Assert
  308 |     expect(wrapper.find('.b-calendar').exists()).toBe(false)
  309 |
  310 |     await $toggle.trigger('click')"
/home/gabriel/Disk/Research/research-javascript-test-smells/repositories/bootstrap-vue-dev/src/components/form-datepicker/form-datepicker.spec.js,Duplicate Assert,"{'line': 307, 'column': 4, 'index': 9498}","  305 |     expect($toggle.element.tagName).toBe('BUTTON')
  306 |     expect($dropdownMenu.exists()).toBe(true)
> 307 |     expect($dropdownMenu.classes()).not.toContain('show')
      |    ^ Duplicate Assert
  308 |     expect(wrapper.find('.b-calendar').exists()).toBe(false)
  309 |
  310 |     await $toggle.trigger('click')"
/home/gabriel/Disk/Research/research-javascript-test-smells/repositories/bootstrap-vue-dev/src/components/form-datepicker/form-datepicker.spec.js,Duplicate Assert,"{'line': 308, 'column': 4, 'index': 9556}","  306 |     expect($dropdownMenu.exists()).toBe(true)
  307 |     expect($dropdownMenu.classes()).not.toContain('show')
> 308 |     expect(wrapper.find('.b-calendar').exists()).toBe(false)
      |    ^ Duplicate Assert
  309 |
  310 |     await $toggle.trigger('click')
  311 |     await waitRAF()"
/home/gabriel/Disk/Research/research-javascript-test-smells/repositories/bootstrap-vue-dev/src/components/form-datepicker/form-datepicker.spec.js,Duplicate Assert,"{'line': 313, 'column': 4, 'index': 9693}","  311 |     await waitRAF()
  312 |     await waitRAF()
> 313 |     expect($dropdownMenu.classes()).toContain('show')
      |    ^ Duplicate Assert
  314 |     expect(wrapper.find('.b-calendar').exists()).toBe(true)
  315 |
  316 |     expect(wrapper.emitted('context')).toBeDefined()"
/home/gabriel/Disk/Research/research-javascript-test-smells/repositories/bootstrap-vue-dev/src/components/form-datepicker/form-datepicker.spec.js,Duplicate Assert,"{'line': 314, 'column': 4, 'index': 9747}","  312 |     await waitRAF()
  313 |     expect($dropdownMenu.classes()).toContain('show')
> 314 |     expect(wrapper.find('.b-calendar').exists()).toBe(true)
      |    ^ Duplicate Assert
  315 |
  316 |     expect(wrapper.emitted('context')).toBeDefined()
  317 |     const lastIndex = wrapper.emitted('context').length - 1"
/home/gabriel/Disk/Research/research-javascript-test-smells/repositories/bootstrap-vue-dev/src/components/form-datepicker/form-datepicker.spec.js,Duplicate Assert,"{'line': 321, 'column': 4, 'index': 10068}","  319 |     const activeYMD = wrapper.emitted('context')[lastIndex][0].activeYMD
  320 |
> 321 |     expect(activeYMD).not.toBe(null)
      |    ^ Duplicate Assert
  322 |     expect(activeYMD).not.toBe('')
  323 |     expect(/^\d+-\d\d-\d\d$/.test(activeYMD)).toBe(true)
  324 |"
/home/gabriel/Disk/Research/research-javascript-test-smells/repositories/bootstrap-vue-dev/src/components/form-datepicker/form-datepicker.spec.js,Duplicate Assert,"{'line': 322, 'column': 4, 'index': 10105}","  320 |
  321 |     expect(activeYMD).not.toBe(null)
> 322 |     expect(activeYMD).not.toBe('')
      |    ^ Duplicate Assert
  323 |     expect(/^\d+-\d\d-\d\d$/.test(activeYMD)).toBe(true)
  324 |
  325 |     const $grid = wrapper.find('[role=""application""]')"
/home/gabriel/Disk/Research/research-javascript-test-smells/repositories/bootstrap-vue-dev/src/components/form-datepicker/form-datepicker.spec.js,Duplicate Assert,"{'line': 333, 'column': 4, 'index': 10520}","  331 |     await waitRAF()
  332 |     await waitRAF()
> 333 |     expect($dropdownMenu.classes()).not.toContain('show')
      |    ^ Duplicate Assert
  334 |     expect(wrapper.emitted('input')).toBeDefined()
  335 |     expect(wrapper.emitted('input').length).toBe(1)
  336 |     expect(wrapper.emitted('input')[0][0]).toBe(activeYMD)"
/home/gabriel/Disk/Research/research-javascript-test-smells/repositories/bootstrap-vue-dev/src/components/form-datepicker/form-datepicker.spec.js,Duplicate Assert,"{'line': 333, 'column': 4, 'index': 10520}","  331 |     await waitRAF()
  332 |     await waitRAF()
> 333 |     expect($dropdownMenu.classes()).not.toContain('show')
      |    ^ Duplicate Assert
  334 |     expect(wrapper.emitted('input')).toBeDefined()
  335 |     expect(wrapper.emitted('input').length).toBe(1)
  336 |     expect(wrapper.emitted('input')[0][0]).toBe(activeYMD)"
/home/gabriel/Disk/Research/research-javascript-test-smells/repositories/bootstrap-vue-dev/src/components/form-datepicker/form-datepicker.spec.js,Duplicate Assert,"{'line': 334, 'column': 4, 'index': 10578}","  332 |     await waitRAF()
  333 |     expect($dropdownMenu.classes()).not.toContain('show')
> 334 |     expect(wrapper.emitted('input')).toBeDefined()
      |    ^ Duplicate Assert
  335 |     expect(wrapper.emitted('input').length).toBe(1)
  336 |     expect(wrapper.emitted('input')[0][0]).toBe(activeYMD)
  337 |"
/home/gabriel/Disk/Research/research-javascript-test-smells/repositories/bootstrap-vue-dev/src/components/form-datepicker/form-datepicker.spec.js,Duplicate Assert,"{'line': 363, 'column': 4, 'index': 11427}","  361 |     expect($toggle.element.tagName).toBe('BUTTON')
  362 |     expect($dropdownMenu.exists()).toBe(true)
> 363 |     expect($dropdownMenu.classes()).not.toContain('show')
      |    ^ Duplicate Assert
  364 |     expect(wrapper.find('.b-calendar').exists()).toBe(false)
  365 |
  366 |     await $toggle.trigger('click')"
/home/gabriel/Disk/Research/research-javascript-test-smells/repositories/bootstrap-vue-dev/src/components/form-datepicker/form-datepicker.spec.js,Duplicate Assert,"{'line': 364, 'column': 4, 'index': 11485}","  362 |     expect($dropdownMenu.exists()).toBe(true)
  363 |     expect($dropdownMenu.classes()).not.toContain('show')
> 364 |     expect(wrapper.find('.b-calendar').exists()).toBe(false)
      |    ^ Duplicate Assert
  365 |
  366 |     await $toggle.trigger('click')
  367 |     await waitRAF()"
/home/gabriel/Disk/Research/research-javascript-test-smells/repositories/bootstrap-vue-dev/src/components/form-datepicker/form-datepicker.spec.js,Duplicate Assert,"{'line': 369, 'column': 4, 'index': 11622}","  367 |     await waitRAF()
  368 |     await waitRAF()
> 369 |     expect($dropdownMenu.classes()).toContain('show')
      |    ^ Duplicate Assert
  370 |     expect(wrapper.find('.b-calendar').exists()).toBe(true)
  371 |
  372 |     expect(wrapper.emitted('context')).toBeDefined()"
/home/gabriel/Disk/Research/research-javascript-test-smells/repositories/bootstrap-vue-dev/src/components/form-datepicker/form-datepicker.spec.js,Duplicate Assert,"{'line': 369, 'column': 4, 'index': 11622}","  367 |     await waitRAF()
  368 |     await waitRAF()
> 369 |     expect($dropdownMenu.classes()).toContain('show')
      |    ^ Duplicate Assert
  370 |     expect(wrapper.find('.b-calendar').exists()).toBe(true)
  371 |
  372 |     expect(wrapper.emitted('context')).toBeDefined()"
/home/gabriel/Disk/Research/research-javascript-test-smells/repositories/bootstrap-vue-dev/src/components/form-datepicker/form-datepicker.spec.js,Duplicate Assert,"{'line': 370, 'column': 4, 'index': 11676}","  368 |     await waitRAF()
  369 |     expect($dropdownMenu.classes()).toContain('show')
> 370 |     expect(wrapper.find('.b-calendar').exists()).toBe(true)
      |    ^ Duplicate Assert
  371 |
  372 |     expect(wrapper.emitted('context')).toBeDefined()
  373 |     const lastIndex = wrapper.emitted('context').length - 1"
/home/gabriel/Disk/Research/research-javascript-test-smells/repositories/bootstrap-vue-dev/src/components/form-datepicker/form-datepicker.spec.js,Duplicate Assert,"{'line': 377, 'column': 4, 'index': 11997}","  375 |     const activeYMD = wrapper.emitted('context')[lastIndex][0].activeYMD
  376 |
> 377 |     expect(activeYMD).not.toBe(null)
      |    ^ Duplicate Assert
  378 |     expect(activeYMD).not.toBe('')
  379 |     expect(/^\d+-\d\d-\d\d$/.test(activeYMD)).toBe(true)
  380 |"
/home/gabriel/Disk/Research/research-javascript-test-smells/repositories/bootstrap-vue-dev/src/components/form-datepicker/form-datepicker.spec.js,Duplicate Assert,"{'line': 378, 'column': 4, 'index': 12034}","  376 |
  377 |     expect(activeYMD).not.toBe(null)
> 378 |     expect(activeYMD).not.toBe('')
      |    ^ Duplicate Assert
  379 |     expect(/^\d+-\d\d-\d\d$/.test(activeYMD)).toBe(true)
  380 |
  381 |     const $grid = wrapper.find('[role=""application""]')"
/home/gabriel/Disk/Research/research-javascript-test-smells/repositories/bootstrap-vue-dev/src/components/form-datepicker/form-datepicker.spec.js,Duplicate Assert,"{'line': 391, 'column': 4, 'index': 12485}","  389 |
  390 |     // Calendar should remain open
> 391 |     expect($dropdownMenu.classes()).toContain('show')
      |    ^ Duplicate Assert
  392 |
  393 |     expect(wrapper.emitted('input')).toBeDefined()
  394 |     expect(wrapper.emitted('input').length).toBe(1)"
/home/gabriel/Disk/Research/research-javascript-test-smells/repositories/bootstrap-vue-dev/src/components/form-datepicker/form-datepicker.spec.js,Duplicate Assert,"{'line': 391, 'column': 4, 'index': 12485}","  389 |
  390 |     // Calendar should remain open
> 391 |     expect($dropdownMenu.classes()).toContain('show')
      |    ^ Duplicate Assert
  392 |
  393 |     expect(wrapper.emitted('input')).toBeDefined()
  394 |     expect(wrapper.emitted('input').length).toBe(1)"
/home/gabriel/Disk/Research/research-javascript-test-smells/repositories/bootstrap-vue-dev/src/components/form-datepicker/form-datepicker.spec.js,Duplicate Assert,"{'line': 428, 'column': 4, 'index': 13522}","  426 |     expect($toggle.element.tagName).toBe('BUTTON')
  427 |     expect($dropdownMenu.exists()).toBe(true)
> 428 |     expect($dropdownMenu.classes()).not.toContain('show')
      |    ^ Duplicate Assert
  429 |     expect(wrapper.find('.b-calendar').exists()).toBe(false)
  430 |
  431 |     await $toggle.trigger('click')"
/home/gabriel/Disk/Research/research-javascript-test-smells/repositories/bootstrap-vue-dev/src/components/form-datepicker/form-datepicker.spec.js,Duplicate Assert,"{'line': 428, 'column': 4, 'index': 13522}","  426 |     expect($toggle.element.tagName).toBe('BUTTON')
  427 |     expect($dropdownMenu.exists()).toBe(true)
> 428 |     expect($dropdownMenu.classes()).not.toContain('show')
      |    ^ Duplicate Assert
  429 |     expect(wrapper.find('.b-calendar').exists()).toBe(false)
  430 |
  431 |     await $toggle.trigger('click')"
/home/gabriel/Disk/Research/research-javascript-test-smells/repositories/bootstrap-vue-dev/src/components/form-datepicker/form-datepicker.spec.js,Duplicate Assert,"{'line': 434, 'column': 4, 'index': 13717}","  432 |     await waitRAF()
  433 |     await waitRAF()
> 434 |     expect($dropdownMenu.classes()).toContain('show')
      |    ^ Duplicate Assert
  435 |
  436 |     const $value = wrapper.find('input[type=""hidden""]')
  437 |     expect($value.exists()).toBe(true)"
/home/gabriel/Disk/Research/research-javascript-test-smells/repositories/bootstrap-vue-dev/src/components/form-datepicker/form-datepicker.spec.js,Duplicate Assert,"{'line': 434, 'column': 4, 'index': 13717}","  432 |     await waitRAF()
  433 |     await waitRAF()
> 434 |     expect($dropdownMenu.classes()).toContain('show')
      |    ^ Duplicate Assert
  435 |
  436 |     const $value = wrapper.find('input[type=""hidden""]')
  437 |     expect($value.exists()).toBe(true)"
/home/gabriel/Disk/Research/research-javascript-test-smells/repositories/bootstrap-vue-dev/src/components/form-datepicker/form-datepicker.spec.js,Duplicate Assert,"{'line': 439, 'column': 4, 'index': 13920}","  437 |     expect($value.exists()).toBe(true)
  438 |     expect($value.attributes('name')).toBe('foobar')
> 439 |     expect($value.attributes('value')).toBe('1900-01-01')
      |    ^ Duplicate Assert
  440 |
  441 |     const $footer = wrapper.find('.b-form-date-controls')
  442 |     expect($footer.exists()).toBe(true)"
/home/gabriel/Disk/Research/research-javascript-test-smells/repositories/bootstrap-vue-dev/src/components/form-datepicker/form-datepicker.spec.js,Duplicate Assert,"{'line': 455, 'column': 4, 'index': 14340}","  453 |     await waitRAF()
  454 |
> 455 |     expect($dropdownMenu.classes()).toContain('show')
      |    ^ Duplicate Assert
  456 |     expect($value.attributes('value')).not.toBe('1900-01-01')
  457 |     expect($value.attributes('value')).not.toBe('')
  458 |     expect(/^\d+-\d\d-\d\d$/.test($value.attributes('value'))).toBe(true)"
/home/gabriel/Disk/Research/research-javascript-test-smells/repositories/bootstrap-vue-dev/src/components/form-datepicker/form-datepicker.spec.js,Duplicate Assert,"{'line': 455, 'column': 4, 'index': 14340}","  453 |     await waitRAF()
  454 |
> 455 |     expect($dropdownMenu.classes()).toContain('show')
      |    ^ Duplicate Assert
  456 |     expect($value.attributes('value')).not.toBe('1900-01-01')
  457 |     expect($value.attributes('value')).not.toBe('')
  458 |     expect(/^\d+-\d\d-\d\d$/.test($value.attributes('value'))).toBe(true)"
/home/gabriel/Disk/Research/research-javascript-test-smells/repositories/bootstrap-vue-dev/src/components/form-datepicker/form-datepicker.spec.js,Duplicate Assert,"{'line': 456, 'column': 4, 'index': 14394}","  454 |
  455 |     expect($dropdownMenu.classes()).toContain('show')
> 456 |     expect($value.attributes('value')).not.toBe('1900-01-01')
      |    ^ Duplicate Assert
  457 |     expect($value.attributes('value')).not.toBe('')
  458 |     expect(/^\d+-\d\d-\d\d$/.test($value.attributes('value'))).toBe(true)
  459 |"
/home/gabriel/Disk/Research/research-javascript-test-smells/repositories/bootstrap-vue-dev/src/components/form-datepicker/form-datepicker.spec.js,Duplicate Assert,"{'line': 457, 'column': 4, 'index': 14456}","  455 |     expect($dropdownMenu.classes()).toContain('show')
  456 |     expect($value.attributes('value')).not.toBe('1900-01-01')
> 457 |     expect($value.attributes('value')).not.toBe('')
      |    ^ Duplicate Assert
  458 |     expect(/^\d+-\d\d-\d\d$/.test($value.attributes('value'))).toBe(true)
  459 |
  460 |     await $reset.trigger('click')"
/home/gabriel/Disk/Research/research-javascript-test-smells/repositories/bootstrap-vue-dev/src/components/form-datepicker/form-datepicker.spec.js,Duplicate Assert,"{'line': 464, 'column': 4, 'index': 14658}","  462 |     await waitRAF()
  463 |
> 464 |     expect($dropdownMenu.classes()).toContain('show')
      |    ^ Duplicate Assert
  465 |     expect($value.attributes('value')).toBe('')
  466 |
  467 |     await $close.trigger('click')"
/home/gabriel/Disk/Research/research-javascript-test-smells/repositories/bootstrap-vue-dev/src/components/form-datepicker/form-datepicker.spec.js,Duplicate Assert,"{'line': 464, 'column': 4, 'index': 14658}","  462 |     await waitRAF()
  463 |
> 464 |     expect($dropdownMenu.classes()).toContain('show')
      |    ^ Duplicate Assert
  465 |     expect($value.attributes('value')).toBe('')
  466 |
  467 |     await $close.trigger('click')"
/home/gabriel/Disk/Research/research-javascript-test-smells/repositories/bootstrap-vue-dev/src/components/form-datepicker/form-datepicker.spec.js,Duplicate Assert,"{'line': 465, 'column': 4, 'index': 14712}","  463 |
  464 |     expect($dropdownMenu.classes()).toContain('show')
> 465 |     expect($value.attributes('value')).toBe('')
      |    ^ Duplicate Assert
  466 |
  467 |     await $close.trigger('click')
  468 |     await waitRAF()"
/home/gabriel/Disk/Research/research-javascript-test-smells/repositories/bootstrap-vue-dev/src/components/form-datepicker/form-datepicker.spec.js,Duplicate Assert,"{'line': 465, 'column': 4, 'index': 14712}","  463 |
  464 |     expect($dropdownMenu.classes()).toContain('show')
> 465 |     expect($value.attributes('value')).toBe('')
      |    ^ Duplicate Assert
  466 |
  467 |     await $close.trigger('click')
  468 |     await waitRAF()"
/home/gabriel/Disk/Research/research-javascript-test-smells/repositories/bootstrap-vue-dev/src/components/form-datepicker/form-datepicker.spec.js,Duplicate Assert,"{'line': 471, 'column': 4, 'index': 14836}","  469 |     await waitRAF()
  470 |
> 471 |     expect($dropdownMenu.classes()).not.toContain('show')
      |    ^ Duplicate Assert
  472 |     expect($value.attributes('value')).toBe('')
  473 |
  474 |     wrapper.destroy()"
/home/gabriel/Disk/Research/research-javascript-test-smells/repositories/bootstrap-vue-dev/src/components/form-datepicker/form-datepicker.spec.js,Duplicate Assert,"{'line': 471, 'column': 4, 'index': 14836}","  469 |     await waitRAF()
  470 |
> 471 |     expect($dropdownMenu.classes()).not.toContain('show')
      |    ^ Duplicate Assert
  472 |     expect($value.attributes('value')).toBe('')
  473 |
  474 |     wrapper.destroy()"
/home/gabriel/Disk/Research/research-javascript-test-smells/repositories/bootstrap-vue-dev/src/components/form-datepicker/form-datepicker.spec.js,Duplicate Assert,"{'line': 472, 'column': 4, 'index': 14894}","  470 |
  471 |     expect($dropdownMenu.classes()).not.toContain('show')
> 472 |     expect($value.attributes('value')).toBe('')
      |    ^ Duplicate Assert
  473 |
  474 |     wrapper.destroy()
  475 |   })"
/home/gabriel/Disk/Research/research-javascript-test-smells/repositories/bootstrap-vue-dev/src/components/form-datepicker/form-datepicker.spec.js,Duplicate Assert,"{'line': 472, 'column': 4, 'index': 14894}","  470 |
  471 |     expect($dropdownMenu.classes()).not.toContain('show')
> 472 |     expect($value.attributes('value')).toBe('')
      |    ^ Duplicate Assert
  473 |
  474 |     wrapper.destroy()
  475 |   })"
/home/gabriel/Disk/Research/research-javascript-test-smells/repositories/bootstrap-vue-dev/src/components/form-datepicker/form-datepicker.spec.js,Duplicate Assert,"{'line': 503, 'column': 4, 'index': 15700}","  501 |     expect($toggle.element.tagName).toBe('BUTTON')
  502 |     expect($dropdownMenu.exists()).toBe(true)
> 503 |     expect($dropdownMenu.classes()).not.toContain('show')
      |    ^ Duplicate Assert
  504 |     expect(wrapper.find('.b-calendar').exists()).toBe(false)
  505 |
  506 |     await $toggle.trigger('click')"
/home/gabriel/Disk/Research/research-javascript-test-smells/repositories/bootstrap-vue-dev/src/components/form-datepicker/form-datepicker.spec.js,Duplicate Assert,"{'line': 503, 'column': 4, 'index': 15700}","  501 |     expect($toggle.element.tagName).toBe('BUTTON')
  502 |     expect($dropdownMenu.exists()).toBe(true)
> 503 |     expect($dropdownMenu.classes()).not.toContain('show')
      |    ^ Duplicate Assert
  504 |     expect(wrapper.find('.b-calendar').exists()).toBe(false)
  505 |
  506 |     await $toggle.trigger('click')"
/home/gabriel/Disk/Research/research-javascript-test-smells/repositories/bootstrap-vue-dev/src/components/form-datepicker/form-datepicker.spec.js,Duplicate Assert,"{'line': 510, 'column': 4, 'index': 15896}","  508 |     await waitRAF()
  509 |
> 510 |     expect($dropdownMenu.classes()).toContain('show')
      |    ^ Duplicate Assert
  511 |
  512 |     const $value = wrapper.find('input[type=""hidden""]')
  513 |     expect($value.exists()).toBe(true)"
/home/gabriel/Disk/Research/research-javascript-test-smells/repositories/bootstrap-vue-dev/src/components/form-datepicker/form-datepicker.spec.js,Duplicate Assert,"{'line': 515, 'column': 4, 'index': 16099}","  513 |     expect($value.exists()).toBe(true)
  514 |     expect($value.attributes('name')).toBe('foobar')
> 515 |     expect($value.attributes('value')).toBe('2020-01-15')
      |    ^ Duplicate Assert
  516 |
  517 |     const $footer = wrapper.find('.b-form-date-controls')
  518 |     expect($footer.exists()).toBe(true)"
/home/gabriel/Disk/Research/research-javascript-test-smells/repositories/bootstrap-vue-dev/src/components/form-datepicker/form-datepicker.spec.js,Duplicate Assert,"{'line': 529, 'column': 4, 'index': 16451}","  527 |     await waitRAF()
  528 |
> 529 |     expect($dropdownMenu.classes()).not.toContain('show')
      |    ^ Duplicate Assert
  530 |     expect($value.attributes('value')).toBe('1900-01-01')
  531 |
  532 |     wrapper.destroy()"
/home/gabriel/Disk/Research/research-javascript-test-smells/repositories/bootstrap-vue-dev/src/components/form-datepicker/form-datepicker.spec.js,Duplicate Assert,"{'line': 529, 'column': 4, 'index': 16451}","  527 |     await waitRAF()
  528 |
> 529 |     expect($dropdownMenu.classes()).not.toContain('show')
      |    ^ Duplicate Assert
  530 |     expect($value.attributes('value')).toBe('1900-01-01')
  531 |
  532 |     wrapper.destroy()"
/home/gabriel/Disk/Research/research-javascript-test-smells/repositories/bootstrap-vue-dev/src/components/form-datepicker/form-datepicker.spec.js,Duplicate Assert,"{'line': 530, 'column': 4, 'index': 16509}","  528 |
  529 |     expect($dropdownMenu.classes()).not.toContain('show')
> 530 |     expect($value.attributes('value')).toBe('1900-01-01')
      |    ^ Duplicate Assert
  531 |
  532 |     wrapper.destroy()
  533 |   })"
/home/gabriel/Disk/Research/research-javascript-test-smells/repositories/bootstrap-vue-dev/src/components/form-datepicker/form-datepicker.spec.js,Magic Number,"{'line': 104, 'column': 41, 'index': 3780}","  102 |     expect($label.exists()).toBe(true)
  103 |     expect($label.attributes('for')).toEqual('test-button-only')
> 104 |     expect($label.classes().length).toBe(1)
      |                                         ^ Magic Number
  105 |     expect($label.classes()).toContain('sr-only')
  106 |
  107 |     expect(wrapper.find('input[type=""hidden""]').exists()).toBe(false)"
/home/gabriel/Disk/Research/research-javascript-test-smells/repositories/bootstrap-vue-dev/src/components/form-datepicker/form-datepicker.spec.js,Magic Number,"{'line': 335, 'column': 49, 'index': 10674}","  333 |     expect($dropdownMenu.classes()).not.toContain('show')
  334 |     expect(wrapper.emitted('input')).toBeDefined()
> 335 |     expect(wrapper.emitted('input').length).toBe(1)
      |                                                 ^ Magic Number
  336 |     expect(wrapper.emitted('input')[0][0]).toBe(activeYMD)
  337 |
  338 |     wrapper.destroy()"
/home/gabriel/Disk/Research/research-javascript-test-smells/repositories/bootstrap-vue-dev/src/components/form-datepicker/form-datepicker.spec.js,Magic Number,"{'line': 394, 'column': 49, 'index': 12636}","  392 |
  393 |     expect(wrapper.emitted('input')).toBeDefined()
> 394 |     expect(wrapper.emitted('input').length).toBe(1)
      |                                                 ^ Magic Number
  395 |     expect(wrapper.emitted('input')[0][0]).toBe(activeYMD)
  396 |
  397 |     wrapper.destroy()"
/home/gabriel/Disk/Research/research-javascript-test-smells/repositories/bootstrap-vue-dev/src/components/form-datepicker/form-datepicker.spec.js,Magic Number,"{'line': 445, 'column': 33, 'index': 14154}","  443 |
  444 |     const $buttons = $footer.findAll('button')
> 445 |     expect($buttons.length).toBe(3)
      |                                 ^ Magic Number
  446 |
  447 |     const $today = $buttons.at(0)
  448 |     const $reset = $buttons.at(1)"
/home/gabriel/Disk/Research/research-javascript-test-smells/repositories/bootstrap-vue-dev/src/components/form-datepicker/form-datepicker.spec.js,Magic Number,"{'line': 521, 'column': 33, 'index': 16333}","  519 |
  520 |     const $buttons = $footer.findAll('button')
> 521 |     expect($buttons.length).toBe(1)
      |                                 ^ Magic Number
  522 |
  523 |     const $reset = $buttons.at(0)
  524 |"
/home/gabriel/Disk/Research/research-javascript-test-smells/repositories/bootstrap-vue-dev/src/components/form-checkbox/form-checkbox.spec.js,Duplicate Assert,"{'line': 42, 'column': 4, 'index': 1094}","  40 |
  41 |     expect(wrapper.classes().length).toEqual(2)
> 42 |     expect(wrapper.classes()).toContain('custom-control')
     |    ^ Duplicate Assert
  43 |     expect(wrapper.classes()).toContain('custom-checkbox')
  44 |
  45 |     wrapper.destroy()"
/home/gabriel/Disk/Research/research-javascript-test-smells/repositories/bootstrap-vue-dev/src/components/form-checkbox/form-checkbox.spec.js,Duplicate Assert,"{'line': 43, 'column': 4, 'index': 1152}","  41 |     expect(wrapper.classes().length).toEqual(2)
  42 |     expect(wrapper.classes()).toContain('custom-control')
> 43 |     expect(wrapper.classes()).toContain('custom-checkbox')
     |    ^ Duplicate Assert
  44 |
  45 |     wrapper.destroy()
  46 |   })"
/home/gabriel/Disk/Research/research-javascript-test-smells/repositories/bootstrap-vue-dev/src/components/form-checkbox/form-checkbox.spec.js,Duplicate Assert,"{'line': 60, 'column': 4, 'index': 1503}","  58 |
  59 |     const $input = wrapper.find('input')
> 60 |     expect($input.attributes('type')).toBeDefined()
     |    ^ Duplicate Assert
  61 |     expect($input.attributes('type')).toEqual('checkbox')
  62 |
  63 |     wrapper.destroy()"
/home/gabriel/Disk/Research/research-javascript-test-smells/repositories/bootstrap-vue-dev/src/components/form-checkbox/form-checkbox.spec.js,Duplicate Assert,"{'line': 61, 'column': 4, 'index': 1555}","  59 |     const $input = wrapper.find('input')
  60 |     expect($input.attributes('type')).toBeDefined()
> 61 |     expect($input.attributes('type')).toEqual('checkbox')
     |    ^ Duplicate Assert
  62 |
  63 |     wrapper.destroy()
  64 |   })"
/home/gabriel/Disk/Research/research-javascript-test-smells/repositories/bootstrap-vue-dev/src/components/form-checkbox/form-checkbox.spec.js,Duplicate Assert,"{'line': 109, 'column': 4, 'index': 2632}","  107 |     const $input = wrapper.find('input')
  108 |     expect($input.classes().length).toEqual(1)
> 109 |     expect($input.classes()).toContain('custom-control-input')
      |    ^ Duplicate Assert
  110 |     expect($input.classes()).not.toContain('position-static')
  111 |
  112 |     wrapper.destroy()"
/home/gabriel/Disk/Research/research-javascript-test-smells/repositories/bootstrap-vue-dev/src/components/form-checkbox/form-checkbox.spec.js,Duplicate Assert,"{'line': 110, 'column': 4, 'index': 2695}","  108 |     expect($input.classes().length).toEqual(1)
  109 |     expect($input.classes()).toContain('custom-control-input')
> 110 |     expect($input.classes()).not.toContain('position-static')
      |    ^ Duplicate Assert
  111 |
  112 |     wrapper.destroy()
  113 |   })"
/home/gabriel/Disk/Research/research-javascript-test-smells/repositories/bootstrap-vue-dev/src/components/form-checkbox/form-checkbox.spec.js,Duplicate Assert,"{'line': 260, 'column': 4, 'index': 6016}","  258 |
  259 |     const $input = wrapper.find('input')
> 260 |     expect($input.attributes('name')).toBeDefined()
      |    ^ Duplicate Assert
  261 |     expect($input.attributes('name')).toEqual('test')
  262 |
  263 |     wrapper.destroy()"
/home/gabriel/Disk/Research/research-javascript-test-smells/repositories/bootstrap-vue-dev/src/components/form-checkbox/form-checkbox.spec.js,Duplicate Assert,"{'line': 261, 'column': 4, 'index': 6068}","  259 |     const $input = wrapper.find('input')
  260 |     expect($input.attributes('name')).toBeDefined()
> 261 |     expect($input.attributes('name')).toEqual('test')
      |    ^ Duplicate Assert
  262 |
  263 |     wrapper.destroy()
  264 |   })"
/home/gabriel/Disk/Research/research-javascript-test-smells/repositories/bootstrap-vue-dev/src/components/form-checkbox/form-checkbox.spec.js,Duplicate Assert,"{'line': 294, 'column': 4, 'index': 6770}","  292 |
  293 |     const $input = wrapper.find('input')
> 294 |     expect($input.attributes('form')).toBeDefined()
      |    ^ Duplicate Assert
  295 |     expect($input.attributes('form')).toEqual('test')
  296 |
  297 |     wrapper.destroy()"
/home/gabriel/Disk/Research/research-javascript-test-smells/repositories/bootstrap-vue-dev/src/components/form-checkbox/form-checkbox.spec.js,Duplicate Assert,"{'line': 295, 'column': 4, 'index': 6822}","  293 |     const $input = wrapper.find('input')
  294 |     expect($input.attributes('form')).toBeDefined()
> 295 |     expect($input.attributes('form')).toEqual('test')
      |    ^ Duplicate Assert
  296 |
  297 |     wrapper.destroy()
  298 |   })"
/home/gabriel/Disk/Research/research-javascript-test-smells/repositories/bootstrap-vue-dev/src/components/form-checkbox/form-checkbox.spec.js,Duplicate Assert,"{'line': 309, 'column': 4, 'index': 7135}","  307 |
  308 |     const $input = wrapper.find('input')
> 309 |     expect($input.attributes('foo')).toBeDefined()
      |    ^ Duplicate Assert
  310 |     expect($input.attributes('foo')).toEqual('bar')
  311 |
  312 |     wrapper.destroy()"
/home/gabriel/Disk/Research/research-javascript-test-smells/repositories/bootstrap-vue-dev/src/components/form-checkbox/form-checkbox.spec.js,Duplicate Assert,"{'line': 310, 'column': 4, 'index': 7186}","  308 |     const $input = wrapper.find('input')
  309 |     expect($input.attributes('foo')).toBeDefined()
> 310 |     expect($input.attributes('foo')).toEqual('bar')
      |    ^ Duplicate Assert
  311 |
  312 |     wrapper.destroy()
  313 |   })"
/home/gabriel/Disk/Research/research-javascript-test-smells/repositories/bootstrap-vue-dev/src/components/form-checkbox/form-checkbox.spec.js,Duplicate Assert,"{'line': 327, 'column': 4, 'index': 7572}","  325 |
  326 |     expect(wrapper.classes().length).toEqual(3)
> 327 |     expect(wrapper.classes()).toContain('custom-checkbox')
      |    ^ Duplicate Assert
  328 |     expect(wrapper.classes()).toContain('custom-control')
  329 |     expect(wrapper.classes()).toContain('custom-control-inline')
  330 |"
/home/gabriel/Disk/Research/research-javascript-test-smells/repositories/bootstrap-vue-dev/src/components/form-checkbox/form-checkbox.spec.js,Duplicate Assert,"{'line': 328, 'column': 4, 'index': 7631}","  326 |     expect(wrapper.classes().length).toEqual(3)
  327 |     expect(wrapper.classes()).toContain('custom-checkbox')
> 328 |     expect(wrapper.classes()).toContain('custom-control')
      |    ^ Duplicate Assert
  329 |     expect(wrapper.classes()).toContain('custom-control-inline')
  330 |
  331 |     wrapper.destroy()"
/home/gabriel/Disk/Research/research-javascript-test-smells/repositories/bootstrap-vue-dev/src/components/form-checkbox/form-checkbox.spec.js,Duplicate Assert,"{'line': 329, 'column': 4, 'index': 7689}","  327 |     expect(wrapper.classes()).toContain('custom-checkbox')
  328 |     expect(wrapper.classes()).toContain('custom-control')
> 329 |     expect(wrapper.classes()).toContain('custom-control-inline')
      |    ^ Duplicate Assert
  330 |
  331 |     wrapper.destroy()
  332 |   })"
/home/gabriel/Disk/Research/research-javascript-test-smells/repositories/bootstrap-vue-dev/src/components/form-checkbox/form-checkbox.spec.js,Duplicate Assert,"{'line': 346, 'column': 4, 'index': 8081}","  344 |     const $input = wrapper.find('input')
  345 |     expect($input).toBeDefined()
> 346 |     expect($input.classes()).not.toContain('is-invalid')
      |    ^ Duplicate Assert
  347 |     expect($input.classes()).not.toContain('is-valid')
  348 |
  349 |     wrapper.destroy()"
/home/gabriel/Disk/Research/research-javascript-test-smells/repositories/bootstrap-vue-dev/src/components/form-checkbox/form-checkbox.spec.js,Duplicate Assert,"{'line': 347, 'column': 4, 'index': 8138}","  345 |     expect($input).toBeDefined()
  346 |     expect($input.classes()).not.toContain('is-invalid')
> 347 |     expect($input.classes()).not.toContain('is-valid')
      |    ^ Duplicate Assert
  348 |
  349 |     wrapper.destroy()
  350 |   })"
/home/gabriel/Disk/Research/research-javascript-test-smells/repositories/bootstrap-vue-dev/src/components/form-checkbox/form-checkbox.spec.js,Duplicate Assert,"{'line': 365, 'column': 4, 'index': 8546}","  363 |     const $input = wrapper.find('input')
  364 |     expect($input).toBeDefined()
> 365 |     expect($input.classes()).not.toContain('is-invalid')
      |    ^ Duplicate Assert
  366 |     expect($input.classes()).not.toContain('is-valid')
  367 |
  368 |     wrapper.destroy()"
/home/gabriel/Disk/Research/research-javascript-test-smells/repositories/bootstrap-vue-dev/src/components/form-checkbox/form-checkbox.spec.js,Duplicate Assert,"{'line': 366, 'column': 4, 'index': 8603}","  364 |     expect($input).toBeDefined()
  365 |     expect($input.classes()).not.toContain('is-invalid')
> 366 |     expect($input.classes()).not.toContain('is-valid')
      |    ^ Duplicate Assert
  367 |
  368 |     wrapper.destroy()
  369 |   })"
/home/gabriel/Disk/Research/research-javascript-test-smells/repositories/bootstrap-vue-dev/src/components/form-checkbox/form-checkbox.spec.js,Duplicate Assert,"{'line': 384, 'column': 4, 'index': 9015}","  382 |     const $input = wrapper.find('input')
  383 |     expect($input).toBeDefined()
> 384 |     expect($input.classes()).not.toContain('is-invalid')
      |    ^ Duplicate Assert
  385 |     expect($input.classes()).toContain('is-valid')
  386 |
  387 |     wrapper.destroy()"
/home/gabriel/Disk/Research/research-javascript-test-smells/repositories/bootstrap-vue-dev/src/components/form-checkbox/form-checkbox.spec.js,Duplicate Assert,"{'line': 385, 'column': 4, 'index': 9072}","  383 |     expect($input).toBeDefined()
  384 |     expect($input.classes()).not.toContain('is-invalid')
> 385 |     expect($input.classes()).toContain('is-valid')
      |    ^ Duplicate Assert
  386 |
  387 |     wrapper.destroy()
  388 |   })"
/home/gabriel/Disk/Research/research-javascript-test-smells/repositories/bootstrap-vue-dev/src/components/form-checkbox/form-checkbox.spec.js,Duplicate Assert,"{'line': 403, 'column': 4, 'index': 9484}","  401 |     const $input = wrapper.find('input')
  402 |     expect($input).toBeDefined()
> 403 |     expect($input.classes()).toContain('is-invalid')
      |    ^ Duplicate Assert
  404 |     expect($input.classes()).not.toContain('is-valid')
  405 |
  406 |     wrapper.destroy()"
/home/gabriel/Disk/Research/research-javascript-test-smells/repositories/bootstrap-vue-dev/src/components/form-checkbox/form-checkbox.spec.js,Duplicate Assert,"{'line': 404, 'column': 4, 'index': 9537}","  402 |     expect($input).toBeDefined()
  403 |     expect($input.classes()).toContain('is-invalid')
> 404 |     expect($input.classes()).not.toContain('is-valid')
      |    ^ Duplicate Assert
  405 |
  406 |     wrapper.destroy()
  407 |   })"
/home/gabriel/Disk/Research/research-javascript-test-smells/repositories/bootstrap-vue-dev/src/components/form-checkbox/form-checkbox.spec.js,Duplicate Assert,"{'line': 465, 'column': 4, 'index': 10872}","  463 |
  464 |     const $input = wrapper.find('input')
> 465 |     expect($input.attributes('type')).toBeDefined()
      |    ^ Duplicate Assert
  466 |     expect($input.attributes('type')).toEqual('checkbox')
  467 |
  468 |     wrapper.destroy()"
/home/gabriel/Disk/Research/research-javascript-test-smells/repositories/bootstrap-vue-dev/src/components/form-checkbox/form-checkbox.spec.js,Duplicate Assert,"{'line': 466, 'column': 4, 'index': 10924}","  464 |     const $input = wrapper.find('input')
  465 |     expect($input.attributes('type')).toBeDefined()
> 466 |     expect($input.attributes('type')).toEqual('checkbox')
      |    ^ Duplicate Assert
  467 |
  468 |     wrapper.destroy()
  469 |   })"
/home/gabriel/Disk/Research/research-javascript-test-smells/repositories/bootstrap-vue-dev/src/components/form-checkbox/form-checkbox.spec.js,Duplicate Assert,"{'line': 567, 'column': 4, 'index': 13205}","  565 |     const $input = wrapper.find('input')
  566 |     expect($input).toBeDefined()
> 567 |     expect($input.classes()).not.toContain('is-invalid')
      |    ^ Duplicate Assert
  568 |     expect($input.classes()).not.toContain('is-valid')
  569 |
  570 |     wrapper.destroy()"
/home/gabriel/Disk/Research/research-javascript-test-smells/repositories/bootstrap-vue-dev/src/components/form-checkbox/form-checkbox.spec.js,Duplicate Assert,"{'line': 568, 'column': 4, 'index': 13262}","  566 |     expect($input).toBeDefined()
  567 |     expect($input.classes()).not.toContain('is-invalid')
> 568 |     expect($input.classes()).not.toContain('is-valid')
      |    ^ Duplicate Assert
  569 |
  570 |     wrapper.destroy()
  571 |   })"
/home/gabriel/Disk/Research/research-javascript-test-smells/repositories/bootstrap-vue-dev/src/components/form-checkbox/form-checkbox.spec.js,Duplicate Assert,"{'line': 587, 'column': 4, 'index': 13689}","  585 |     const $input = wrapper.find('input')
  586 |     expect($input).toBeDefined()
> 587 |     expect($input.classes()).not.toContain('is-invalid')
      |    ^ Duplicate Assert
  588 |     expect($input.classes()).not.toContain('is-valid')
  589 |
  590 |     wrapper.destroy()"
/home/gabriel/Disk/Research/research-javascript-test-smells/repositories/bootstrap-vue-dev/src/components/form-checkbox/form-checkbox.spec.js,Duplicate Assert,"{'line': 588, 'column': 4, 'index': 13746}","  586 |     expect($input).toBeDefined()
  587 |     expect($input.classes()).not.toContain('is-invalid')
> 588 |     expect($input.classes()).not.toContain('is-valid')
      |    ^ Duplicate Assert
  589 |
  590 |     wrapper.destroy()
  591 |   })"
/home/gabriel/Disk/Research/research-javascript-test-smells/repositories/bootstrap-vue-dev/src/components/form-checkbox/form-checkbox.spec.js,Duplicate Assert,"{'line': 607, 'column': 4, 'index': 14177}","  605 |     const $input = wrapper.find('input')
  606 |     expect($input).toBeDefined()
> 607 |     expect($input.classes()).not.toContain('is-invalid')
      |    ^ Duplicate Assert
  608 |     expect($input.classes()).toContain('is-valid')
  609 |
  610 |     wrapper.destroy()"
/home/gabriel/Disk/Research/research-javascript-test-smells/repositories/bootstrap-vue-dev/src/components/form-checkbox/form-checkbox.spec.js,Duplicate Assert,"{'line': 608, 'column': 4, 'index': 14234}","  606 |     expect($input).toBeDefined()
  607 |     expect($input.classes()).not.toContain('is-invalid')
> 608 |     expect($input.classes()).toContain('is-valid')
      |    ^ Duplicate Assert
  609 |
  610 |     wrapper.destroy()
  611 |   })"
/home/gabriel/Disk/Research/research-javascript-test-smells/repositories/bootstrap-vue-dev/src/components/form-checkbox/form-checkbox.spec.js,Duplicate Assert,"{'line': 627, 'column': 4, 'index': 14665}","  625 |     const $input = wrapper.find('input')
  626 |     expect($input).toBeDefined()
> 627 |     expect($input.classes()).toContain('is-invalid')
      |    ^ Duplicate Assert
  628 |     expect($input.classes()).not.toContain('is-valid')
  629 |
  630 |     wrapper.destroy()"
/home/gabriel/Disk/Research/research-javascript-test-smells/repositories/bootstrap-vue-dev/src/components/form-checkbox/form-checkbox.spec.js,Duplicate Assert,"{'line': 628, 'column': 4, 'index': 14718}","  626 |     expect($input).toBeDefined()
  627 |     expect($input.classes()).toContain('is-invalid')
> 628 |     expect($input.classes()).not.toContain('is-valid')
      |    ^ Duplicate Assert
  629 |
  630 |     wrapper.destroy()
  631 |   })"
/home/gabriel/Disk/Research/research-javascript-test-smells/repositories/bootstrap-vue-dev/src/components/form-checkbox/form-checkbox.spec.js,Duplicate Assert,"{'line': 671, 'column': 4, 'index': 15731}","  669 |
  670 |     expect(wrapper.classes().length).toEqual(2)
> 671 |     expect(wrapper.classes()).toContain('custom-control')
      |    ^ Duplicate Assert
  672 |     expect(wrapper.classes()).toContain('custom-switch')
  673 |
  674 |     wrapper.destroy()"
/home/gabriel/Disk/Research/research-javascript-test-smells/repositories/bootstrap-vue-dev/src/components/form-checkbox/form-checkbox.spec.js,Duplicate Assert,"{'line': 672, 'column': 4, 'index': 15789}","  670 |     expect(wrapper.classes().length).toEqual(2)
  671 |     expect(wrapper.classes()).toContain('custom-control')
> 672 |     expect(wrapper.classes()).toContain('custom-switch')
      |    ^ Duplicate Assert
  673 |
  674 |     wrapper.destroy()
  675 |   })"
/home/gabriel/Disk/Research/research-javascript-test-smells/repositories/bootstrap-vue-dev/src/components/form-checkbox/form-checkbox.spec.js,Duplicate Assert,"{'line': 690, 'column': 4, 'index': 16159}","  688 |
  689 |     const $input = wrapper.find('input')
> 690 |     expect($input.attributes('type')).toBeDefined()
      |    ^ Duplicate Assert
  691 |     expect($input.attributes('type')).toEqual('checkbox')
  692 |
  693 |     wrapper.destroy()"
/home/gabriel/Disk/Research/research-javascript-test-smells/repositories/bootstrap-vue-dev/src/components/form-checkbox/form-checkbox.spec.js,Duplicate Assert,"{'line': 691, 'column': 4, 'index': 16211}","  689 |     const $input = wrapper.find('input')
  690 |     expect($input.attributes('type')).toBeDefined()
> 691 |     expect($input.attributes('type')).toEqual('checkbox')
      |    ^ Duplicate Assert
  692 |
  693 |     wrapper.destroy()
  694 |   })"
/home/gabriel/Disk/Research/research-javascript-test-smells/repositories/bootstrap-vue-dev/src/components/form-checkbox/form-checkbox.spec.js,Duplicate Assert,"{'line': 773, 'column': 4, 'index': 18168}","  771 |
  772 |     expect(wrapper.classes().length).toEqual(2)
> 773 |     expect(wrapper.classes()).toContain('btn-group-toggle')
      |    ^ Duplicate Assert
  774 |     expect(wrapper.classes()).toContain('d-inline-block')
  775 |
  776 |     wrapper.destroy()"
/home/gabriel/Disk/Research/research-javascript-test-smells/repositories/bootstrap-vue-dev/src/components/form-checkbox/form-checkbox.spec.js,Duplicate Assert,"{'line': 774, 'column': 4, 'index': 18228}","  772 |     expect(wrapper.classes().length).toEqual(2)
  773 |     expect(wrapper.classes()).toContain('btn-group-toggle')
> 774 |     expect(wrapper.classes()).toContain('d-inline-block')
      |    ^ Duplicate Assert
  775 |
  776 |     wrapper.destroy()
  777 |   })"
/home/gabriel/Disk/Research/research-javascript-test-smells/repositories/bootstrap-vue-dev/src/components/form-checkbox/form-checkbox.spec.js,Duplicate Assert,"{'line': 794, 'column': 4, 'index': 18722}","  792 |     expect($label).toBeDefined()
  793 |     expect($label.classes().length).toEqual(2)
> 794 |     expect($label.classes()).not.toContain('active')
      |    ^ Duplicate Assert
  795 |     expect($label.classes()).not.toContain('focus')
  796 |     expect($label.classes()).toContain('btn')
  797 |     expect($label.classes()).toContain('btn-secondary')"
/home/gabriel/Disk/Research/research-javascript-test-smells/repositories/bootstrap-vue-dev/src/components/form-checkbox/form-checkbox.spec.js,Duplicate Assert,"{'line': 795, 'column': 4, 'index': 18775}","  793 |     expect($label.classes().length).toEqual(2)
  794 |     expect($label.classes()).not.toContain('active')
> 795 |     expect($label.classes()).not.toContain('focus')
      |    ^ Duplicate Assert
  796 |     expect($label.classes()).toContain('btn')
  797 |     expect($label.classes()).toContain('btn-secondary')
  798 |"
/home/gabriel/Disk/Research/research-javascript-test-smells/repositories/bootstrap-vue-dev/src/components/form-checkbox/form-checkbox.spec.js,Duplicate Assert,"{'line': 796, 'column': 4, 'index': 18827}","  794 |     expect($label.classes()).not.toContain('active')
  795 |     expect($label.classes()).not.toContain('focus')
> 796 |     expect($label.classes()).toContain('btn')
      |    ^ Duplicate Assert
  797 |     expect($label.classes()).toContain('btn-secondary')
  798 |
  799 |     wrapper.destroy()"
/home/gabriel/Disk/Research/research-javascript-test-smells/repositories/bootstrap-vue-dev/src/components/form-checkbox/form-checkbox.spec.js,Duplicate Assert,"{'line': 797, 'column': 4, 'index': 18873}","  795 |     expect($label.classes()).not.toContain('focus')
  796 |     expect($label.classes()).toContain('btn')
> 797 |     expect($label.classes()).toContain('btn-secondary')
      |    ^ Duplicate Assert
  798 |
  799 |     wrapper.destroy()
  800 |   })"
/home/gabriel/Disk/Research/research-javascript-test-smells/repositories/bootstrap-vue-dev/src/components/form-checkbox/form-checkbox.spec.js,Duplicate Assert,"{'line': 817, 'column': 4, 'index': 19383}","  815 |     expect($label).toBeDefined()
  816 |     expect($label.classes().length).toEqual(3)
> 817 |     expect($label.classes()).not.toContain('focus')
      |    ^ Duplicate Assert
  818 |     expect($label.classes()).toContain('btn')
  819 |     expect($label.classes()).toContain('btn-secondary')
  820 |     expect($label.classes()).toContain('active')"
/home/gabriel/Disk/Research/research-javascript-test-smells/repositories/bootstrap-vue-dev/src/components/form-checkbox/form-checkbox.spec.js,Duplicate Assert,"{'line': 818, 'column': 4, 'index': 19435}","  816 |     expect($label.classes().length).toEqual(3)
  817 |     expect($label.classes()).not.toContain('focus')
> 818 |     expect($label.classes()).toContain('btn')
      |    ^ Duplicate Assert
  819 |     expect($label.classes()).toContain('btn-secondary')
  820 |     expect($label.classes()).toContain('active')
  821 |"
/home/gabriel/Disk/Research/research-javascript-test-smells/repositories/bootstrap-vue-dev/src/components/form-checkbox/form-checkbox.spec.js,Duplicate Assert,"{'line': 819, 'column': 4, 'index': 19481}","  817 |     expect($label.classes()).not.toContain('focus')
  818 |     expect($label.classes()).toContain('btn')
> 819 |     expect($label.classes()).toContain('btn-secondary')
      |    ^ Duplicate Assert
  820 |     expect($label.classes()).toContain('active')
  821 |
  822 |     wrapper.destroy()"
/home/gabriel/Disk/Research/research-javascript-test-smells/repositories/bootstrap-vue-dev/src/components/form-checkbox/form-checkbox.spec.js,Duplicate Assert,"{'line': 820, 'column': 4, 'index': 19537}","  818 |     expect($label.classes()).toContain('btn')
  819 |     expect($label.classes()).toContain('btn-secondary')
> 820 |     expect($label.classes()).toContain('active')
      |    ^ Duplicate Assert
  821 |
  822 |     wrapper.destroy()
  823 |   })"
/home/gabriel/Disk/Research/research-javascript-test-smells/repositories/bootstrap-vue-dev/src/components/form-checkbox/form-checkbox.spec.js,Duplicate Assert,"{'line': 842, 'column': 4, 'index': 20041}","  840 |     const $input = wrapper.find('input')
  841 |     expect($input).toBeDefined()
> 842 |     expect($label.classes().length).toEqual(2)
      |    ^ Duplicate Assert
  843 |     expect($label.classes()).not.toContain('focus')
  844 |     expect($label.classes()).not.toContain('active')
  845 |     expect($label.classes()).toContain('btn')"
/home/gabriel/Disk/Research/research-javascript-test-smells/repositories/bootstrap-vue-dev/src/components/form-checkbox/form-checkbox.spec.js,Duplicate Assert,"{'line': 843, 'column': 4, 'index': 20088}","  841 |     expect($input).toBeDefined()
  842 |     expect($label.classes().length).toEqual(2)
> 843 |     expect($label.classes()).not.toContain('focus')
      |    ^ Duplicate Assert
  844 |     expect($label.classes()).not.toContain('active')
  845 |     expect($label.classes()).toContain('btn')
  846 |     expect($label.classes()).toContain('btn-secondary')"
/home/gabriel/Disk/Research/research-javascript-test-smells/repositories/bootstrap-vue-dev/src/components/form-checkbox/form-checkbox.spec.js,Duplicate Assert,"{'line': 844, 'column': 4, 'index': 20140}","  842 |     expect($label.classes().length).toEqual(2)
  843 |     expect($label.classes()).not.toContain('focus')
> 844 |     expect($label.classes()).not.toContain('active')
      |    ^ Duplicate Assert
  845 |     expect($label.classes()).toContain('btn')
  846 |     expect($label.classes()).toContain('btn-secondary')
  847 |"
/home/gabriel/Disk/Research/research-javascript-test-smells/repositories/bootstrap-vue-dev/src/components/form-checkbox/form-checkbox.spec.js,Duplicate Assert,"{'line': 845, 'column': 4, 'index': 20193}","  843 |     expect($label.classes()).not.toContain('focus')
  844 |     expect($label.classes()).not.toContain('active')
> 845 |     expect($label.classes()).toContain('btn')
      |    ^ Duplicate Assert
  846 |     expect($label.classes()).toContain('btn-secondary')
  847 |
  848 |     await $input.setChecked(true)"
/home/gabriel/Disk/Research/research-javascript-test-smells/repositories/bootstrap-vue-dev/src/components/form-checkbox/form-checkbox.spec.js,Duplicate Assert,"{'line': 845, 'column': 4, 'index': 20193}","  843 |     expect($label.classes()).not.toContain('focus')
  844 |     expect($label.classes()).not.toContain('active')
> 845 |     expect($label.classes()).toContain('btn')
      |    ^ Duplicate Assert
  846 |     expect($label.classes()).toContain('btn-secondary')
  847 |
  848 |     await $input.setChecked(true)"
/home/gabriel/Disk/Research/research-javascript-test-smells/repositories/bootstrap-vue-dev/src/components/form-checkbox/form-checkbox.spec.js,Duplicate Assert,"{'line': 846, 'column': 4, 'index': 20239}","  844 |     expect($label.classes()).not.toContain('active')
  845 |     expect($label.classes()).toContain('btn')
> 846 |     expect($label.classes()).toContain('btn-secondary')
      |    ^ Duplicate Assert
  847 |
  848 |     await $input.setChecked(true)
  849 |     expect($label.classes().length).toEqual(3)"
/home/gabriel/Disk/Research/research-javascript-test-smells/repositories/bootstrap-vue-dev/src/components/form-checkbox/form-checkbox.spec.js,Duplicate Assert,"{'line': 846, 'column': 4, 'index': 20239}","  844 |     expect($label.classes()).not.toContain('active')
  845 |     expect($label.classes()).toContain('btn')
> 846 |     expect($label.classes()).toContain('btn-secondary')
      |    ^ Duplicate Assert
  847 |
  848 |     await $input.setChecked(true)
  849 |     expect($label.classes().length).toEqual(3)"
/home/gabriel/Disk/Research/research-javascript-test-smells/repositories/bootstrap-vue-dev/src/components/form-checkbox/form-checkbox.spec.js,Duplicate Assert,"{'line': 849, 'column': 4, 'index': 20330}","  847 |
  848 |     await $input.setChecked(true)
> 849 |     expect($label.classes().length).toEqual(3)
      |    ^ Duplicate Assert
  850 |     expect($label.classes()).toContain('active')
  851 |     expect($label.classes()).toContain('btn')
  852 |     expect($label.classes()).toContain('btn-secondary')"
/home/gabriel/Disk/Research/research-javascript-test-smells/repositories/bootstrap-vue-dev/src/components/form-checkbox/form-checkbox.spec.js,Duplicate Assert,"{'line': 850, 'column': 4, 'index': 20377}","  848 |     await $input.setChecked(true)
  849 |     expect($label.classes().length).toEqual(3)
> 850 |     expect($label.classes()).toContain('active')
      |    ^ Duplicate Assert
  851 |     expect($label.classes()).toContain('btn')
  852 |     expect($label.classes()).toContain('btn-secondary')
  853 |"
/home/gabriel/Disk/Research/research-javascript-test-smells/repositories/bootstrap-vue-dev/src/components/form-checkbox/form-checkbox.spec.js,Duplicate Assert,"{'line': 851, 'column': 4, 'index': 20426}","  849 |     expect($label.classes().length).toEqual(3)
  850 |     expect($label.classes()).toContain('active')
> 851 |     expect($label.classes()).toContain('btn')
      |    ^ Duplicate Assert
  852 |     expect($label.classes()).toContain('btn-secondary')
  853 |
  854 |     wrapper.destroy()"
/home/gabriel/Disk/Research/research-javascript-test-smells/repositories/bootstrap-vue-dev/src/components/form-checkbox/form-checkbox.spec.js,Duplicate Assert,"{'line': 851, 'column': 4, 'index': 20426}","  849 |     expect($label.classes().length).toEqual(3)
  850 |     expect($label.classes()).toContain('active')
> 851 |     expect($label.classes()).toContain('btn')
      |    ^ Duplicate Assert
  852 |     expect($label.classes()).toContain('btn-secondary')
  853 |
  854 |     wrapper.destroy()"
/home/gabriel/Disk/Research/research-javascript-test-smells/repositories/bootstrap-vue-dev/src/components/form-checkbox/form-checkbox.spec.js,Duplicate Assert,"{'line': 852, 'column': 4, 'index': 20472}","  850 |     expect($label.classes()).toContain('active')
  851 |     expect($label.classes()).toContain('btn')
> 852 |     expect($label.classes()).toContain('btn-secondary')
      |    ^ Duplicate Assert
  853 |
  854 |     wrapper.destroy()
  855 |   })"
/home/gabriel/Disk/Research/research-javascript-test-smells/repositories/bootstrap-vue-dev/src/components/form-checkbox/form-checkbox.spec.js,Duplicate Assert,"{'line': 852, 'column': 4, 'index': 20472}","  850 |     expect($label.classes()).toContain('active')
  851 |     expect($label.classes()).toContain('btn')
> 852 |     expect($label.classes()).toContain('btn-secondary')
      |    ^ Duplicate Assert
  853 |
  854 |     wrapper.destroy()
  855 |   })"
/home/gabriel/Disk/Research/research-javascript-test-smells/repositories/bootstrap-vue-dev/src/components/form-checkbox/form-checkbox.spec.js,Duplicate Assert,"{'line': 874, 'column': 4, 'index': 20976}","  872 |
  873 |     const $input = wrapper.find('input')
> 874 |     expect($label.classes().length).toEqual(2)
      |    ^ Duplicate Assert
  875 |     expect($label.classes()).not.toContain('focus')
  876 |     expect($label.classes()).not.toContain('active')
  877 |     expect($label.classes()).toContain('btn')"
/home/gabriel/Disk/Research/research-javascript-test-smells/repositories/bootstrap-vue-dev/src/components/form-checkbox/form-checkbox.spec.js,Duplicate Assert,"{'line': 874, 'column': 4, 'index': 20976}","  872 |
  873 |     const $input = wrapper.find('input')
> 874 |     expect($label.classes().length).toEqual(2)
      |    ^ Duplicate Assert
  875 |     expect($label.classes()).not.toContain('focus')
  876 |     expect($label.classes()).not.toContain('active')
  877 |     expect($label.classes()).toContain('btn')"
/home/gabriel/Disk/Research/research-javascript-test-smells/repositories/bootstrap-vue-dev/src/components/form-checkbox/form-checkbox.spec.js,Duplicate Assert,"{'line': 875, 'column': 4, 'index': 21023}","  873 |     const $input = wrapper.find('input')
  874 |     expect($label.classes().length).toEqual(2)
> 875 |     expect($label.classes()).not.toContain('focus')
      |    ^ Duplicate Assert
  876 |     expect($label.classes()).not.toContain('active')
  877 |     expect($label.classes()).toContain('btn')
  878 |     expect($label.classes()).toContain('btn-secondary')"
/home/gabriel/Disk/Research/research-javascript-test-smells/repositories/bootstrap-vue-dev/src/components/form-checkbox/form-checkbox.spec.js,Duplicate Assert,"{'line': 875, 'column': 4, 'index': 21023}","  873 |     const $input = wrapper.find('input')
  874 |     expect($label.classes().length).toEqual(2)
> 875 |     expect($label.classes()).not.toContain('focus')
      |    ^ Duplicate Assert
  876 |     expect($label.classes()).not.toContain('active')
  877 |     expect($label.classes()).toContain('btn')
  878 |     expect($label.classes()).toContain('btn-secondary')"
/home/gabriel/Disk/Research/research-javascript-test-smells/repositories/bootstrap-vue-dev/src/components/form-checkbox/form-checkbox.spec.js,Duplicate Assert,"{'line': 876, 'column': 4, 'index': 21075}","  874 |     expect($label.classes().length).toEqual(2)
  875 |     expect($label.classes()).not.toContain('focus')
> 876 |     expect($label.classes()).not.toContain('active')
      |    ^ Duplicate Assert
  877 |     expect($label.classes()).toContain('btn')
  878 |     expect($label.classes()).toContain('btn-secondary')
  879 |     expect($input).toBeDefined()"
/home/gabriel/Disk/Research/research-javascript-test-smells/repositories/bootstrap-vue-dev/src/components/form-checkbox/form-checkbox.spec.js,Duplicate Assert,"{'line': 877, 'column': 4, 'index': 21128}","  875 |     expect($label.classes()).not.toContain('focus')
  876 |     expect($label.classes()).not.toContain('active')
> 877 |     expect($label.classes()).toContain('btn')
      |    ^ Duplicate Assert
  878 |     expect($label.classes()).toContain('btn-secondary')
  879 |     expect($input).toBeDefined()
  880 |"
/home/gabriel/Disk/Research/research-javascript-test-smells/repositories/bootstrap-vue-dev/src/components/form-checkbox/form-checkbox.spec.js,Duplicate Assert,"{'line': 878, 'column': 4, 'index': 21174}","  876 |     expect($label.classes()).not.toContain('active')
  877 |     expect($label.classes()).toContain('btn')
> 878 |     expect($label.classes()).toContain('btn-secondary')
      |    ^ Duplicate Assert
  879 |     expect($input).toBeDefined()
  880 |
  881 |     await $input.trigger('focus')"
/home/gabriel/Disk/Research/research-javascript-test-smells/repositories/bootstrap-vue-dev/src/components/form-checkbox/form-checkbox.spec.js,Duplicate Assert,"{'line': 882, 'column': 4, 'index': 21298}","  880 |
  881 |     await $input.trigger('focus')
> 882 |     expect($label.classes().length).toEqual(3)
      |    ^ Duplicate Assert
  883 |     expect($label.classes()).toContain('focus')
  884 |
  885 |     await $input.trigger('blur')"
/home/gabriel/Disk/Research/research-javascript-test-smells/repositories/bootstrap-vue-dev/src/components/form-checkbox/form-checkbox.spec.js,Duplicate Assert,"{'line': 883, 'column': 4, 'index': 21345}","  881 |     await $input.trigger('focus')
  882 |     expect($label.classes().length).toEqual(3)
> 883 |     expect($label.classes()).toContain('focus')
      |    ^ Duplicate Assert
  884 |
  885 |     await $input.trigger('blur')
  886 |     expect($label.classes().length).toEqual(2)"
/home/gabriel/Disk/Research/research-javascript-test-smells/repositories/bootstrap-vue-dev/src/components/form-checkbox/form-checkbox.spec.js,Duplicate Assert,"{'line': 886, 'column': 4, 'index': 21427}","  884 |
  885 |     await $input.trigger('blur')
> 886 |     expect($label.classes().length).toEqual(2)
      |    ^ Duplicate Assert
  887 |     expect($label.classes()).not.toContain('focus')
  888 |
  889 |     wrapper.destroy()"
/home/gabriel/Disk/Research/research-javascript-test-smells/repositories/bootstrap-vue-dev/src/components/form-checkbox/form-checkbox.spec.js,Duplicate Assert,"{'line': 886, 'column': 4, 'index': 21427}","  884 |
  885 |     await $input.trigger('blur')
> 886 |     expect($label.classes().length).toEqual(2)
      |    ^ Duplicate Assert
  887 |     expect($label.classes()).not.toContain('focus')
  888 |
  889 |     wrapper.destroy()"
/home/gabriel/Disk/Research/research-javascript-test-smells/repositories/bootstrap-vue-dev/src/components/form-checkbox/form-checkbox.spec.js,Duplicate Assert,"{'line': 887, 'column': 4, 'index': 21474}","  885 |     await $input.trigger('blur')
  886 |     expect($label.classes().length).toEqual(2)
> 887 |     expect($label.classes()).not.toContain('focus')
      |    ^ Duplicate Assert
  888 |
  889 |     wrapper.destroy()
  890 |   })"
/home/gabriel/Disk/Research/research-javascript-test-smells/repositories/bootstrap-vue-dev/src/components/form-checkbox/form-checkbox.spec.js,Duplicate Assert,"{'line': 887, 'column': 4, 'index': 21474}","  885 |     await $input.trigger('blur')
  886 |     expect($label.classes().length).toEqual(2)
> 887 |     expect($label.classes()).not.toContain('focus')
      |    ^ Duplicate Assert
  888 |
  889 |     wrapper.destroy()
  890 |   })"
/home/gabriel/Disk/Research/research-javascript-test-smells/repositories/bootstrap-vue-dev/src/components/form-checkbox/form-checkbox.spec.js,Duplicate Assert,"{'line': 908, 'column': 4, 'index': 22000}","  906 |     expect($label).toBeDefined()
  907 |     expect($label.classes().length).toEqual(2)
> 908 |     expect($label.classes()).not.toContain('focus')
      |    ^ Duplicate Assert
  909 |     expect($label.classes()).not.toContain('active')
  910 |     expect($label.classes()).not.toContain('btn-secondary')
  911 |     expect($label.classes()).toContain('btn')"
/home/gabriel/Disk/Research/research-javascript-test-smells/repositories/bootstrap-vue-dev/src/components/form-checkbox/form-checkbox.spec.js,Duplicate Assert,"{'line': 909, 'column': 4, 'index': 22052}","  907 |     expect($label.classes().length).toEqual(2)
  908 |     expect($label.classes()).not.toContain('focus')
> 909 |     expect($label.classes()).not.toContain('active')
      |    ^ Duplicate Assert
  910 |     expect($label.classes()).not.toContain('btn-secondary')
  911 |     expect($label.classes()).toContain('btn')
  912 |     expect($label.classes()).toContain('btn-primary')"
/home/gabriel/Disk/Research/research-javascript-test-smells/repositories/bootstrap-vue-dev/src/components/form-checkbox/form-checkbox.spec.js,Duplicate Assert,"{'line': 910, 'column': 4, 'index': 22105}","  908 |     expect($label.classes()).not.toContain('focus')
  909 |     expect($label.classes()).not.toContain('active')
> 910 |     expect($label.classes()).not.toContain('btn-secondary')
      |    ^ Duplicate Assert
  911 |     expect($label.classes()).toContain('btn')
  912 |     expect($label.classes()).toContain('btn-primary')
  913 |"
/home/gabriel/Disk/Research/research-javascript-test-smells/repositories/bootstrap-vue-dev/src/components/form-checkbox/form-checkbox.spec.js,Duplicate Assert,"{'line': 911, 'column': 4, 'index': 22165}","  909 |     expect($label.classes()).not.toContain('active')
  910 |     expect($label.classes()).not.toContain('btn-secondary')
> 911 |     expect($label.classes()).toContain('btn')
      |    ^ Duplicate Assert
  912 |     expect($label.classes()).toContain('btn-primary')
  913 |
  914 |     wrapper.destroy()"
/home/gabriel/Disk/Research/research-javascript-test-smells/repositories/bootstrap-vue-dev/src/components/form-checkbox/form-checkbox.spec.js,Duplicate Assert,"{'line': 912, 'column': 4, 'index': 22211}","  910 |     expect($label.classes()).not.toContain('btn-secondary')
  911 |     expect($label.classes()).toContain('btn')
> 912 |     expect($label.classes()).toContain('btn-primary')
      |    ^ Duplicate Assert
  913 |
  914 |     wrapper.destroy()
  915 |   })"
/home/gabriel/Disk/Research/research-javascript-test-smells/repositories/bootstrap-vue-dev/src/components/form-checkbox/form-checkbox.spec.js,Duplicate Assert,"{'line': 967, 'column': 4, 'index': 23471}","  965 |     const $input = wrapper.find('input')
  966 |     expect($input).toBeDefined()
> 967 |     expect($input.element.indeterminate).toBe(false)
      |    ^ Duplicate Assert
  968 |
  969 |     await wrapper.setProps({ indeterminate: true })
  970 |     expect($input.element.indeterminate).toBe(true)"
/home/gabriel/Disk/Research/research-javascript-test-smells/repositories/bootstrap-vue-dev/src/components/form-checkbox/form-checkbox.spec.js,Duplicate Assert,"{'line': 967, 'column': 4, 'index': 23471}","  965 |     const $input = wrapper.find('input')
  966 |     expect($input).toBeDefined()
> 967 |     expect($input.element.indeterminate).toBe(false)
      |    ^ Duplicate Assert
  968 |
  969 |     await wrapper.setProps({ indeterminate: true })
  970 |     expect($input.element.indeterminate).toBe(true)"
/home/gabriel/Disk/Research/research-javascript-test-smells/repositories/bootstrap-vue-dev/src/components/form-checkbox/form-checkbox.spec.js,Duplicate Assert,"{'line': 970, 'column': 4, 'index': 23577}","  968 |
  969 |     await wrapper.setProps({ indeterminate: true })
> 970 |     expect($input.element.indeterminate).toBe(true)
      |    ^ Duplicate Assert
  971 |
  972 |     await wrapper.setProps({ indeterminate: false })
  973 |     expect($input.element.indeterminate).toBe(false)"
/home/gabriel/Disk/Research/research-javascript-test-smells/repositories/bootstrap-vue-dev/src/components/form-checkbox/form-checkbox.spec.js,Duplicate Assert,"{'line': 973, 'column': 4, 'index': 23683}","  971 |
  972 |     await wrapper.setProps({ indeterminate: false })
> 973 |     expect($input.element.indeterminate).toBe(false)
      |    ^ Duplicate Assert
  974 |
  975 |     wrapper.destroy()
  976 |   })"
/home/gabriel/Disk/Research/research-javascript-test-smells/repositories/bootstrap-vue-dev/src/components/form-checkbox/form-checkbox.spec.js,Duplicate Assert,"{'line': 973, 'column': 4, 'index': 23683}","  971 |
  972 |     await wrapper.setProps({ indeterminate: false })
> 973 |     expect($input.element.indeterminate).toBe(false)
      |    ^ Duplicate Assert
  974 |
  975 |     wrapper.destroy()
  976 |   })"
/home/gabriel/Disk/Research/research-javascript-test-smells/repositories/bootstrap-vue-dev/src/components/form-checkbox/form-checkbox.spec.js,Duplicate Assert,"{'line': 991, 'column': 4, 'index': 24075}","  989 |
  990 |     expect(wrapper.vm).toBeDefined()
> 991 |     expect(wrapper.vm.localChecked).toBeDefined()
      |    ^ Duplicate Assert
  992 |     expect(wrapper.vm.localChecked).toEqual(false)
  993 |
  994 |     wrapper.destroy()"
/home/gabriel/Disk/Research/research-javascript-test-smells/repositories/bootstrap-vue-dev/src/components/form-checkbox/form-checkbox.spec.js,Duplicate Assert,"{'line': 992, 'column': 4, 'index': 24125}","  990 |     expect(wrapper.vm).toBeDefined()
  991 |     expect(wrapper.vm.localChecked).toBeDefined()
> 992 |     expect(wrapper.vm.localChecked).toEqual(false)
      |    ^ Duplicate Assert
  993 |
  994 |     wrapper.destroy()
  995 |   })"
/home/gabriel/Disk/Research/research-javascript-test-smells/repositories/bootstrap-vue-dev/src/components/form-checkbox/form-checkbox.spec.js,Duplicate Assert,"{'line': 1008, 'column': 4, 'index': 24476}","  1006 |
  1007 |     expect(wrapper.vm).toBeDefined()
> 1008 |     expect(wrapper.vm.localChecked).toBeDefined()
       |    ^ Duplicate Assert
  1009 |     expect(wrapper.vm.localChecked).toEqual(true)
  1010 |
  1011 |     wrapper.destroy()"
/home/gabriel/Disk/Research/research-javascript-test-smells/repositories/bootstrap-vue-dev/src/components/form-checkbox/form-checkbox.spec.js,Duplicate Assert,"{'line': 1009, 'column': 4, 'index': 24526}","  1007 |     expect(wrapper.vm).toBeDefined()
  1008 |     expect(wrapper.vm.localChecked).toBeDefined()
> 1009 |     expect(wrapper.vm.localChecked).toEqual(true)
       |    ^ Duplicate Assert
  1010 |
  1011 |     wrapper.destroy()
  1012 |   })"
/home/gabriel/Disk/Research/research-javascript-test-smells/repositories/bootstrap-vue-dev/src/components/form-checkbox/form-checkbox.spec.js,Duplicate Assert,"{'line': 1026, 'column': 4, 'index': 24883}","  1024 |
  1025 |     expect(wrapper.vm).toBeDefined()
> 1026 |     expect(wrapper.vm.localChecked).toBeDefined()
       |    ^ Duplicate Assert
  1027 |     expect(wrapper.vm.localChecked).toBe(null)
  1028 |
  1029 |     wrapper.destroy()"
/home/gabriel/Disk/Research/research-javascript-test-smells/repositories/bootstrap-vue-dev/src/components/form-checkbox/form-checkbox.spec.js,Duplicate Assert,"{'line': 1027, 'column': 4, 'index': 24933}","  1025 |     expect(wrapper.vm).toBeDefined()
  1026 |     expect(wrapper.vm.localChecked).toBeDefined()
> 1027 |     expect(wrapper.vm.localChecked).toBe(null)
       |    ^ Duplicate Assert
  1028 |
  1029 |     wrapper.destroy()
  1030 |   })"
/home/gabriel/Disk/Research/research-javascript-test-smells/repositories/bootstrap-vue-dev/src/components/form-checkbox/form-checkbox.spec.js,Duplicate Assert,"{'line': 1045, 'column': 4, 'index': 25323}","  1043 |
  1044 |     expect(wrapper.vm).toBeDefined()
> 1045 |     expect(wrapper.vm.localChecked).toBeDefined()
       |    ^ Duplicate Assert
  1046 |     expect(wrapper.vm.localChecked).toEqual('')
  1047 |
  1048 |     wrapper.destroy()"
/home/gabriel/Disk/Research/research-javascript-test-smells/repositories/bootstrap-vue-dev/src/components/form-checkbox/form-checkbox.spec.js,Duplicate Assert,"{'line': 1046, 'column': 4, 'index': 25373}","  1044 |     expect(wrapper.vm).toBeDefined()
  1045 |     expect(wrapper.vm.localChecked).toBeDefined()
> 1046 |     expect(wrapper.vm.localChecked).toEqual('')
       |    ^ Duplicate Assert
  1047 |
  1048 |     wrapper.destroy()
  1049 |   })"
/home/gabriel/Disk/Research/research-javascript-test-smells/repositories/bootstrap-vue-dev/src/components/form-checkbox/form-checkbox.spec.js,Duplicate Assert,"{'line': 1064, 'column': 4, 'index': 25779}","  1062 |
  1063 |     expect(wrapper.vm).toBeDefined()
> 1064 |     expect(wrapper.vm.localChecked).toBeDefined()
       |    ^ Duplicate Assert
  1065 |     expect(wrapper.vm.localChecked).toEqual('bar')
  1066 |
  1067 |     wrapper.destroy()"
/home/gabriel/Disk/Research/research-javascript-test-smells/repositories/bootstrap-vue-dev/src/components/form-checkbox/form-checkbox.spec.js,Duplicate Assert,"{'line': 1065, 'column': 4, 'index': 25829}","  1063 |     expect(wrapper.vm).toBeDefined()
  1064 |     expect(wrapper.vm.localChecked).toBeDefined()
> 1065 |     expect(wrapper.vm.localChecked).toEqual('bar')
       |    ^ Duplicate Assert
  1066 |
  1067 |     wrapper.destroy()
  1068 |   })"
/home/gabriel/Disk/Research/research-javascript-test-smells/repositories/bootstrap-vue-dev/src/components/form-checkbox/form-checkbox.spec.js,Duplicate Assert,"{'line': 1082, 'column': 4, 'index': 26225}","  1080 |
  1081 |     expect(wrapper.vm).toBeDefined()
> 1082 |     expect(wrapper.vm.localChecked).toBeDefined()
       |    ^ Duplicate Assert
  1083 |     expect(wrapper.vm.localChecked).toBe(null)
  1084 |
  1085 |     await wrapper.setProps({ checked: 'bar' })"
/home/gabriel/Disk/Research/research-javascript-test-smells/repositories/bootstrap-vue-dev/src/components/form-checkbox/form-checkbox.spec.js,Duplicate Assert,"{'line': 1083, 'column': 4, 'index': 26275}","  1081 |     expect(wrapper.vm).toBeDefined()
  1082 |     expect(wrapper.vm.localChecked).toBeDefined()
> 1083 |     expect(wrapper.vm.localChecked).toBe(null)
       |    ^ Duplicate Assert
  1084 |
  1085 |     await wrapper.setProps({ checked: 'bar' })
  1086 |     expect(wrapper.vm.localChecked).toEqual('bar')"
/home/gabriel/Disk/Research/research-javascript-test-smells/repositories/bootstrap-vue-dev/src/components/form-checkbox/form-checkbox.spec.js,Duplicate Assert,"{'line': 1086, 'column': 4, 'index': 26370}","  1084 |
  1085 |     await wrapper.setProps({ checked: 'bar' })
> 1086 |     expect(wrapper.vm.localChecked).toEqual('bar')
       |    ^ Duplicate Assert
  1087 |     expect(wrapper.emitted('input')).toBeDefined()
  1088 |
  1089 |     const $last = wrapper.emitted('input').length - 1"
/home/gabriel/Disk/Research/research-javascript-test-smells/repositories/bootstrap-vue-dev/src/components/form-checkbox/form-checkbox.spec.js,Duplicate Assert,"{'line': 1109, 'column': 4, 'index': 26980}","  1107 |
  1108 |     expect(wrapper.vm).toBeDefined()
> 1109 |     expect(wrapper.vm.localChecked).toBeDefined()
       |    ^ Duplicate Assert
  1110 |     expect(wrapper.vm.localChecked).toBe(null)
  1111 |     expect(wrapper.emitted('change')).toBeUndefined()
  1112 |"
/home/gabriel/Disk/Research/research-javascript-test-smells/repositories/bootstrap-vue-dev/src/components/form-checkbox/form-checkbox.spec.js,Duplicate Assert,"{'line': 1110, 'column': 4, 'index': 27030}","  1108 |     expect(wrapper.vm).toBeDefined()
  1109 |     expect(wrapper.vm.localChecked).toBeDefined()
> 1110 |     expect(wrapper.vm.localChecked).toBe(null)
       |    ^ Duplicate Assert
  1111 |     expect(wrapper.emitted('change')).toBeUndefined()
  1112 |
  1113 |     const $input = wrapper.find('input')"
/home/gabriel/Disk/Research/research-javascript-test-smells/repositories/bootstrap-vue-dev/src/components/form-checkbox/form-checkbox.spec.js,Duplicate Assert,"{'line': 1111, 'column': 4, 'index': 27077}","  1109 |     expect(wrapper.vm.localChecked).toBeDefined()
  1110 |     expect(wrapper.vm.localChecked).toBe(null)
> 1111 |     expect(wrapper.emitted('change')).toBeUndefined()
       |    ^ Duplicate Assert
  1112 |
  1113 |     const $input = wrapper.find('input')
  1114 |     expect($input).toBeDefined()"
/home/gabriel/Disk/Research/research-javascript-test-smells/repositories/bootstrap-vue-dev/src/components/form-checkbox/form-checkbox.spec.js,Duplicate Assert,"{'line': 1117, 'column': 4, 'index': 27241}","  1115 |
  1116 |     await $input.trigger('click')
> 1117 |     expect(wrapper.emitted('change')).toBeDefined()
       |    ^ Duplicate Assert
  1118 |     expect(wrapper.emitted('change').length).toBe(1)
  1119 |     expect(wrapper.emitted('change')[0][0]).toEqual('bar')
  1120 |"
/home/gabriel/Disk/Research/research-javascript-test-smells/repositories/bootstrap-vue-dev/src/components/form-checkbox/form-checkbox.spec.js,Duplicate Assert,"{'line': 1117, 'column': 4, 'index': 27241}","  1115 |
  1116 |     await $input.trigger('click')
> 1117 |     expect(wrapper.emitted('change')).toBeDefined()
       |    ^ Duplicate Assert
  1118 |     expect(wrapper.emitted('change').length).toBe(1)
  1119 |     expect(wrapper.emitted('change')[0][0]).toEqual('bar')
  1120 |"
/home/gabriel/Disk/Research/research-javascript-test-smells/repositories/bootstrap-vue-dev/src/components/form-checkbox/form-checkbox.spec.js,Duplicate Assert,"{'line': 1118, 'column': 4, 'index': 27293}","  1116 |     await $input.trigger('click')
  1117 |     expect(wrapper.emitted('change')).toBeDefined()
> 1118 |     expect(wrapper.emitted('change').length).toBe(1)
       |    ^ Duplicate Assert
  1119 |     expect(wrapper.emitted('change')[0][0]).toEqual('bar')
  1120 |
  1121 |     await $input.trigger('click')"
/home/gabriel/Disk/Research/research-javascript-test-smells/repositories/bootstrap-vue-dev/src/components/form-checkbox/form-checkbox.spec.js,Duplicate Assert,"{'line': 1122, 'column': 4, 'index': 27440}","  1120 |
  1121 |     await $input.trigger('click')
> 1122 |     expect(wrapper.emitted('change')).toBeDefined()
       |    ^ Duplicate Assert
  1123 |     expect(wrapper.emitted('change').length).toBe(2)
  1124 |     expect(wrapper.emitted('change')[1][0]).toEqual('foo')
  1125 |"
/home/gabriel/Disk/Research/research-javascript-test-smells/repositories/bootstrap-vue-dev/src/components/form-checkbox/form-checkbox.spec.js,Duplicate Assert,"{'line': 1122, 'column': 4, 'index': 27440}","  1120 |
  1121 |     await $input.trigger('click')
> 1122 |     expect(wrapper.emitted('change')).toBeDefined()
       |    ^ Duplicate Assert
  1123 |     expect(wrapper.emitted('change').length).toBe(2)
  1124 |     expect(wrapper.emitted('change')[1][0]).toEqual('foo')
  1125 |"
/home/gabriel/Disk/Research/research-javascript-test-smells/repositories/bootstrap-vue-dev/src/components/form-checkbox/form-checkbox.spec.js,Duplicate Assert,"{'line': 1123, 'column': 4, 'index': 27492}","  1121 |     await $input.trigger('click')
  1122 |     expect(wrapper.emitted('change')).toBeDefined()
> 1123 |     expect(wrapper.emitted('change').length).toBe(2)
       |    ^ Duplicate Assert
  1124 |     expect(wrapper.emitted('change')[1][0]).toEqual('foo')
  1125 |
  1126 |     wrapper.destroy()"
/home/gabriel/Disk/Research/research-javascript-test-smells/repositories/bootstrap-vue-dev/src/components/form-checkbox/form-checkbox.spec.js,Duplicate Assert,"{'line': 1143, 'column': 4, 'index': 27985}","  1141 |     expect(wrapper.vm).toBeDefined()
  1142 |     expect(wrapper.vm.localChecked).toBeDefined()
> 1143 |     expect(Array.isArray(wrapper.vm.localChecked)).toBe(true)
       |    ^ Duplicate Assert
  1144 |     expect(wrapper.vm.localChecked.length).toBe(1)
  1145 |     expect(wrapper.vm.localChecked[0]).toEqual('foo')
  1146 |"
/home/gabriel/Disk/Research/research-javascript-test-smells/repositories/bootstrap-vue-dev/src/components/form-checkbox/form-checkbox.spec.js,Duplicate Assert,"{'line': 1143, 'column': 4, 'index': 27985}","  1141 |     expect(wrapper.vm).toBeDefined()
  1142 |     expect(wrapper.vm.localChecked).toBeDefined()
> 1143 |     expect(Array.isArray(wrapper.vm.localChecked)).toBe(true)
       |    ^ Duplicate Assert
  1144 |     expect(wrapper.vm.localChecked.length).toBe(1)
  1145 |     expect(wrapper.vm.localChecked[0]).toEqual('foo')
  1146 |"
/home/gabriel/Disk/Research/research-javascript-test-smells/repositories/bootstrap-vue-dev/src/components/form-checkbox/form-checkbox.spec.js,Duplicate Assert,"{'line': 1144, 'column': 4, 'index': 28047}","  1142 |     expect(wrapper.vm.localChecked).toBeDefined()
  1143 |     expect(Array.isArray(wrapper.vm.localChecked)).toBe(true)
> 1144 |     expect(wrapper.vm.localChecked.length).toBe(1)
       |    ^ Duplicate Assert
  1145 |     expect(wrapper.vm.localChecked[0]).toEqual('foo')
  1146 |
  1147 |     const $input = wrapper.find('input')"
/home/gabriel/Disk/Research/research-javascript-test-smells/repositories/bootstrap-vue-dev/src/components/form-checkbox/form-checkbox.spec.js,Duplicate Assert,"{'line': 1144, 'column': 4, 'index': 28047}","  1142 |     expect(wrapper.vm.localChecked).toBeDefined()
  1143 |     expect(Array.isArray(wrapper.vm.localChecked)).toBe(true)
> 1144 |     expect(wrapper.vm.localChecked.length).toBe(1)
       |    ^ Duplicate Assert
  1145 |     expect(wrapper.vm.localChecked[0]).toEqual('foo')
  1146 |
  1147 |     const $input = wrapper.find('input')"
/home/gabriel/Disk/Research/research-javascript-test-smells/repositories/bootstrap-vue-dev/src/components/form-checkbox/form-checkbox.spec.js,Duplicate Assert,"{'line': 1145, 'column': 4, 'index': 28098}","  1143 |     expect(Array.isArray(wrapper.vm.localChecked)).toBe(true)
  1144 |     expect(wrapper.vm.localChecked.length).toBe(1)
> 1145 |     expect(wrapper.vm.localChecked[0]).toEqual('foo')
       |    ^ Duplicate Assert
  1146 |
  1147 |     const $input = wrapper.find('input')
  1148 |     expect($input).toBeDefined()"
/home/gabriel/Disk/Research/research-javascript-test-smells/repositories/bootstrap-vue-dev/src/components/form-checkbox/form-checkbox.spec.js,Duplicate Assert,"{'line': 1145, 'column': 4, 'index': 28098}","  1143 |     expect(Array.isArray(wrapper.vm.localChecked)).toBe(true)
  1144 |     expect(wrapper.vm.localChecked.length).toBe(1)
> 1145 |     expect(wrapper.vm.localChecked[0]).toEqual('foo')
       |    ^ Duplicate Assert
  1146 |
  1147 |     const $input = wrapper.find('input')
  1148 |     expect($input).toBeDefined()"
/home/gabriel/Disk/Research/research-javascript-test-smells/repositories/bootstrap-vue-dev/src/components/form-checkbox/form-checkbox.spec.js,Duplicate Assert,"{'line': 1151, 'column': 4, 'index': 28262}","  1149 |
  1150 |     await $input.trigger('click')
> 1151 |     expect(Array.isArray(wrapper.vm.localChecked)).toBe(true)
       |    ^ Duplicate Assert
  1152 |     expect(wrapper.vm.localChecked.length).toBe(2)
  1153 |     expect(wrapper.vm.localChecked[0]).toEqual('foo')
  1154 |     expect(wrapper.vm.localChecked[1]).toEqual('bar')"
/home/gabriel/Disk/Research/research-javascript-test-smells/repositories/bootstrap-vue-dev/src/components/form-checkbox/form-checkbox.spec.js,Duplicate Assert,"{'line': 1151, 'column': 4, 'index': 28262}","  1149 |
  1150 |     await $input.trigger('click')
> 1151 |     expect(Array.isArray(wrapper.vm.localChecked)).toBe(true)
       |    ^ Duplicate Assert
  1152 |     expect(wrapper.vm.localChecked.length).toBe(2)
  1153 |     expect(wrapper.vm.localChecked[0]).toEqual('foo')
  1154 |     expect(wrapper.vm.localChecked[1]).toEqual('bar')"
/home/gabriel/Disk/Research/research-javascript-test-smells/repositories/bootstrap-vue-dev/src/components/form-checkbox/form-checkbox.spec.js,Duplicate Assert,"{'line': 1152, 'column': 4, 'index': 28324}","  1150 |     await $input.trigger('click')
  1151 |     expect(Array.isArray(wrapper.vm.localChecked)).toBe(true)
> 1152 |     expect(wrapper.vm.localChecked.length).toBe(2)
       |    ^ Duplicate Assert
  1153 |     expect(wrapper.vm.localChecked[0]).toEqual('foo')
  1154 |     expect(wrapper.vm.localChecked[1]).toEqual('bar')
  1155 |     expect(wrapper.emitted('change')).toBeDefined()"
/home/gabriel/Disk/Research/research-javascript-test-smells/repositories/bootstrap-vue-dev/src/components/form-checkbox/form-checkbox.spec.js,Duplicate Assert,"{'line': 1153, 'column': 4, 'index': 28375}","  1151 |     expect(Array.isArray(wrapper.vm.localChecked)).toBe(true)
  1152 |     expect(wrapper.vm.localChecked.length).toBe(2)
> 1153 |     expect(wrapper.vm.localChecked[0]).toEqual('foo')
       |    ^ Duplicate Assert
  1154 |     expect(wrapper.vm.localChecked[1]).toEqual('bar')
  1155 |     expect(wrapper.emitted('change')).toBeDefined()
  1156 |     expect(wrapper.emitted('change').length).toBe(1)"
/home/gabriel/Disk/Research/research-javascript-test-smells/repositories/bootstrap-vue-dev/src/components/form-checkbox/form-checkbox.spec.js,Duplicate Assert,"{'line': 1153, 'column': 4, 'index': 28375}","  1151 |     expect(Array.isArray(wrapper.vm.localChecked)).toBe(true)
  1152 |     expect(wrapper.vm.localChecked.length).toBe(2)
> 1153 |     expect(wrapper.vm.localChecked[0]).toEqual('foo')
       |    ^ Duplicate Assert
  1154 |     expect(wrapper.vm.localChecked[1]).toEqual('bar')
  1155 |     expect(wrapper.emitted('change')).toBeDefined()
  1156 |     expect(wrapper.emitted('change').length).toBe(1)"
/home/gabriel/Disk/Research/research-javascript-test-smells/repositories/bootstrap-vue-dev/src/components/form-checkbox/form-checkbox.spec.js,Duplicate Assert,"{'line': 1155, 'column': 4, 'index': 28483}","  1153 |     expect(wrapper.vm.localChecked[0]).toEqual('foo')
  1154 |     expect(wrapper.vm.localChecked[1]).toEqual('bar')
> 1155 |     expect(wrapper.emitted('change')).toBeDefined()
       |    ^ Duplicate Assert
  1156 |     expect(wrapper.emitted('change').length).toBe(1)
  1157 |     expect(wrapper.emitted('change')[0][0]).toEqual(['foo', 'bar'])
  1158 |"
/home/gabriel/Disk/Research/research-javascript-test-smells/repositories/bootstrap-vue-dev/src/components/form-checkbox/form-checkbox.spec.js,Duplicate Assert,"{'line': 1155, 'column': 4, 'index': 28483}","  1153 |     expect(wrapper.vm.localChecked[0]).toEqual('foo')
  1154 |     expect(wrapper.vm.localChecked[1]).toEqual('bar')
> 1155 |     expect(wrapper.emitted('change')).toBeDefined()
       |    ^ Duplicate Assert
  1156 |     expect(wrapper.emitted('change').length).toBe(1)
  1157 |     expect(wrapper.emitted('change')[0][0]).toEqual(['foo', 'bar'])
  1158 |"
/home/gabriel/Disk/Research/research-javascript-test-smells/repositories/bootstrap-vue-dev/src/components/form-checkbox/form-checkbox.spec.js,Duplicate Assert,"{'line': 1156, 'column': 4, 'index': 28535}","  1154 |     expect(wrapper.vm.localChecked[1]).toEqual('bar')
  1155 |     expect(wrapper.emitted('change')).toBeDefined()
> 1156 |     expect(wrapper.emitted('change').length).toBe(1)
       |    ^ Duplicate Assert
  1157 |     expect(wrapper.emitted('change')[0][0]).toEqual(['foo', 'bar'])
  1158 |
  1159 |     await $input.trigger('click')"
/home/gabriel/Disk/Research/research-javascript-test-smells/repositories/bootstrap-vue-dev/src/components/form-checkbox/form-checkbox.spec.js,Duplicate Assert,"{'line': 1160, 'column': 4, 'index': 28691}","  1158 |
  1159 |     await $input.trigger('click')
> 1160 |     expect(Array.isArray(wrapper.vm.localChecked)).toBe(true)
       |    ^ Duplicate Assert
  1161 |     expect(wrapper.vm.localChecked.length).toBe(1)
  1162 |     expect(wrapper.vm.localChecked[0]).toEqual('foo')
  1163 |     expect(wrapper.emitted('change')).toBeDefined()"
/home/gabriel/Disk/Research/research-javascript-test-smells/repositories/bootstrap-vue-dev/src/components/form-checkbox/form-checkbox.spec.js,Duplicate Assert,"{'line': 1160, 'column': 4, 'index': 28691}","  1158 |
  1159 |     await $input.trigger('click')
> 1160 |     expect(Array.isArray(wrapper.vm.localChecked)).toBe(true)
       |    ^ Duplicate Assert
  1161 |     expect(wrapper.vm.localChecked.length).toBe(1)
  1162 |     expect(wrapper.vm.localChecked[0]).toEqual('foo')
  1163 |     expect(wrapper.emitted('change')).toBeDefined()"
/home/gabriel/Disk/Research/research-javascript-test-smells/repositories/bootstrap-vue-dev/src/components/form-checkbox/form-checkbox.spec.js,Duplicate Assert,"{'line': 1161, 'column': 4, 'index': 28753}","  1159 |     await $input.trigger('click')
  1160 |     expect(Array.isArray(wrapper.vm.localChecked)).toBe(true)
> 1161 |     expect(wrapper.vm.localChecked.length).toBe(1)
       |    ^ Duplicate Assert
  1162 |     expect(wrapper.vm.localChecked[0]).toEqual('foo')
  1163 |     expect(wrapper.emitted('change')).toBeDefined()
  1164 |     expect(wrapper.emitted('change').length).toBe(2)"
/home/gabriel/Disk/Research/research-javascript-test-smells/repositories/bootstrap-vue-dev/src/components/form-checkbox/form-checkbox.spec.js,Duplicate Assert,"{'line': 1161, 'column': 4, 'index': 28753}","  1159 |     await $input.trigger('click')
  1160 |     expect(Array.isArray(wrapper.vm.localChecked)).toBe(true)
> 1161 |     expect(wrapper.vm.localChecked.length).toBe(1)
       |    ^ Duplicate Assert
  1162 |     expect(wrapper.vm.localChecked[0]).toEqual('foo')
  1163 |     expect(wrapper.emitted('change')).toBeDefined()
  1164 |     expect(wrapper.emitted('change').length).toBe(2)"
/home/gabriel/Disk/Research/research-javascript-test-smells/repositories/bootstrap-vue-dev/src/components/form-checkbox/form-checkbox.spec.js,Duplicate Assert,"{'line': 1162, 'column': 4, 'index': 28804}","  1160 |     expect(Array.isArray(wrapper.vm.localChecked)).toBe(true)
  1161 |     expect(wrapper.vm.localChecked.length).toBe(1)
> 1162 |     expect(wrapper.vm.localChecked[0]).toEqual('foo')
       |    ^ Duplicate Assert
  1163 |     expect(wrapper.emitted('change')).toBeDefined()
  1164 |     expect(wrapper.emitted('change').length).toBe(2)
  1165 |     expect(wrapper.emitted('change')[1][0]).toEqual(['foo'])"
/home/gabriel/Disk/Research/research-javascript-test-smells/repositories/bootstrap-vue-dev/src/components/form-checkbox/form-checkbox.spec.js,Duplicate Assert,"{'line': 1162, 'column': 4, 'index': 28804}","  1160 |     expect(Array.isArray(wrapper.vm.localChecked)).toBe(true)
  1161 |     expect(wrapper.vm.localChecked.length).toBe(1)
> 1162 |     expect(wrapper.vm.localChecked[0]).toEqual('foo')
       |    ^ Duplicate Assert
  1163 |     expect(wrapper.emitted('change')).toBeDefined()
  1164 |     expect(wrapper.emitted('change').length).toBe(2)
  1165 |     expect(wrapper.emitted('change')[1][0]).toEqual(['foo'])"
/home/gabriel/Disk/Research/research-javascript-test-smells/repositories/bootstrap-vue-dev/src/components/form-checkbox/form-checkbox.spec.js,Duplicate Assert,"{'line': 1163, 'column': 4, 'index': 28858}","  1161 |     expect(wrapper.vm.localChecked.length).toBe(1)
  1162 |     expect(wrapper.vm.localChecked[0]).toEqual('foo')
> 1163 |     expect(wrapper.emitted('change')).toBeDefined()
       |    ^ Duplicate Assert
  1164 |     expect(wrapper.emitted('change').length).toBe(2)
  1165 |     expect(wrapper.emitted('change')[1][0]).toEqual(['foo'])
  1166 |"
/home/gabriel/Disk/Research/research-javascript-test-smells/repositories/bootstrap-vue-dev/src/components/form-checkbox/form-checkbox.spec.js,Duplicate Assert,"{'line': 1163, 'column': 4, 'index': 28858}","  1161 |     expect(wrapper.vm.localChecked.length).toBe(1)
  1162 |     expect(wrapper.vm.localChecked[0]).toEqual('foo')
> 1163 |     expect(wrapper.emitted('change')).toBeDefined()
       |    ^ Duplicate Assert
  1164 |     expect(wrapper.emitted('change').length).toBe(2)
  1165 |     expect(wrapper.emitted('change')[1][0]).toEqual(['foo'])
  1166 |"
/home/gabriel/Disk/Research/research-javascript-test-smells/repositories/bootstrap-vue-dev/src/components/form-checkbox/form-checkbox.spec.js,Duplicate Assert,"{'line': 1164, 'column': 4, 'index': 28910}","  1162 |     expect(wrapper.vm.localChecked[0]).toEqual('foo')
  1163 |     expect(wrapper.emitted('change')).toBeDefined()
> 1164 |     expect(wrapper.emitted('change').length).toBe(2)
       |    ^ Duplicate Assert
  1165 |     expect(wrapper.emitted('change')[1][0]).toEqual(['foo'])
  1166 |
  1167 |     await wrapper.setProps({ checked: [] })"
/home/gabriel/Disk/Research/research-javascript-test-smells/repositories/bootstrap-vue-dev/src/components/form-checkbox/form-checkbox.spec.js,Duplicate Assert,"{'line': 1164, 'column': 4, 'index': 28910}","  1162 |     expect(wrapper.vm.localChecked[0]).toEqual('foo')
  1163 |     expect(wrapper.emitted('change')).toBeDefined()
> 1164 |     expect(wrapper.emitted('change').length).toBe(2)
       |    ^ Duplicate Assert
  1165 |     expect(wrapper.emitted('change')[1][0]).toEqual(['foo'])
  1166 |
  1167 |     await wrapper.setProps({ checked: [] })"
/home/gabriel/Disk/Research/research-javascript-test-smells/repositories/bootstrap-vue-dev/src/components/form-checkbox/form-checkbox.spec.js,Duplicate Assert,"{'line': 1168, 'column': 4, 'index': 29069}","  1166 |
  1167 |     await wrapper.setProps({ checked: [] })
> 1168 |     expect(Array.isArray(wrapper.vm.localChecked)).toBe(true)
       |    ^ Duplicate Assert
  1169 |     expect(wrapper.vm.localChecked.length).toBe(0)
  1170 |     expect(wrapper.emitted('change')).toBeDefined()
  1171 |     expect(wrapper.emitted('change').length).toBe(2)"
/home/gabriel/Disk/Research/research-javascript-test-smells/repositories/bootstrap-vue-dev/src/components/form-checkbox/form-checkbox.spec.js,Duplicate Assert,"{'line': 1168, 'column': 4, 'index': 29069}","  1166 |
  1167 |     await wrapper.setProps({ checked: [] })
> 1168 |     expect(Array.isArray(wrapper.vm.localChecked)).toBe(true)
       |    ^ Duplicate Assert
  1169 |     expect(wrapper.vm.localChecked.length).toBe(0)
  1170 |     expect(wrapper.emitted('change')).toBeDefined()
  1171 |     expect(wrapper.emitted('change').length).toBe(2)"
/home/gabriel/Disk/Research/research-javascript-test-smells/repositories/bootstrap-vue-dev/src/components/form-checkbox/form-checkbox.spec.js,Duplicate Assert,"{'line': 1169, 'column': 4, 'index': 29131}","  1167 |     await wrapper.setProps({ checked: [] })
  1168 |     expect(Array.isArray(wrapper.vm.localChecked)).toBe(true)
> 1169 |     expect(wrapper.vm.localChecked.length).toBe(0)
       |    ^ Duplicate Assert
  1170 |     expect(wrapper.emitted('change')).toBeDefined()
  1171 |     expect(wrapper.emitted('change').length).toBe(2)
  1172 |"
/home/gabriel/Disk/Research/research-javascript-test-smells/repositories/bootstrap-vue-dev/src/components/form-checkbox/form-checkbox.spec.js,Duplicate Assert,"{'line': 1169, 'column': 4, 'index': 29131}","  1167 |     await wrapper.setProps({ checked: [] })
  1168 |     expect(Array.isArray(wrapper.vm.localChecked)).toBe(true)
> 1169 |     expect(wrapper.vm.localChecked.length).toBe(0)
       |    ^ Duplicate Assert
  1170 |     expect(wrapper.emitted('change')).toBeDefined()
  1171 |     expect(wrapper.emitted('change').length).toBe(2)
  1172 |"
/home/gabriel/Disk/Research/research-javascript-test-smells/repositories/bootstrap-vue-dev/src/components/form-checkbox/form-checkbox.spec.js,Duplicate Assert,"{'line': 1170, 'column': 4, 'index': 29182}","  1168 |     expect(Array.isArray(wrapper.vm.localChecked)).toBe(true)
  1169 |     expect(wrapper.vm.localChecked.length).toBe(0)
> 1170 |     expect(wrapper.emitted('change')).toBeDefined()
       |    ^ Duplicate Assert
  1171 |     expect(wrapper.emitted('change').length).toBe(2)
  1172 |
  1173 |     await $input.trigger('click')"
/home/gabriel/Disk/Research/research-javascript-test-smells/repositories/bootstrap-vue-dev/src/components/form-checkbox/form-checkbox.spec.js,Duplicate Assert,"{'line': 1170, 'column': 4, 'index': 29182}","  1168 |     expect(Array.isArray(wrapper.vm.localChecked)).toBe(true)
  1169 |     expect(wrapper.vm.localChecked.length).toBe(0)
> 1170 |     expect(wrapper.emitted('change')).toBeDefined()
       |    ^ Duplicate Assert
  1171 |     expect(wrapper.emitted('change').length).toBe(2)
  1172 |
  1173 |     await $input.trigger('click')"
/home/gabriel/Disk/Research/research-javascript-test-smells/repositories/bootstrap-vue-dev/src/components/form-checkbox/form-checkbox.spec.js,Duplicate Assert,"{'line': 1171, 'column': 4, 'index': 29234}","  1169 |     expect(wrapper.vm.localChecked.length).toBe(0)
  1170 |     expect(wrapper.emitted('change')).toBeDefined()
> 1171 |     expect(wrapper.emitted('change').length).toBe(2)
       |    ^ Duplicate Assert
  1172 |
  1173 |     await $input.trigger('click')
  1174 |     expect(Array.isArray(wrapper.vm.localChecked)).toBe(true)"
/home/gabriel/Disk/Research/research-javascript-test-smells/repositories/bootstrap-vue-dev/src/components/form-checkbox/form-checkbox.spec.js,Duplicate Assert,"{'line': 1171, 'column': 4, 'index': 29234}","  1169 |     expect(wrapper.vm.localChecked.length).toBe(0)
  1170 |     expect(wrapper.emitted('change')).toBeDefined()
> 1171 |     expect(wrapper.emitted('change').length).toBe(2)
       |    ^ Duplicate Assert
  1172 |
  1173 |     await $input.trigger('click')
  1174 |     expect(Array.isArray(wrapper.vm.localChecked)).toBe(true)"
/home/gabriel/Disk/Research/research-javascript-test-smells/repositories/bootstrap-vue-dev/src/components/form-checkbox/form-checkbox.spec.js,Duplicate Assert,"{'line': 1174, 'column': 4, 'index': 29322}","  1172 |
  1173 |     await $input.trigger('click')
> 1174 |     expect(Array.isArray(wrapper.vm.localChecked)).toBe(true)
       |    ^ Duplicate Assert
  1175 |     expect(wrapper.vm.localChecked.length).toBe(1)
  1176 |     expect(wrapper.vm.localChecked[0]).toEqual('bar')
  1177 |     expect(wrapper.emitted('change')).toBeDefined()"
/home/gabriel/Disk/Research/research-javascript-test-smells/repositories/bootstrap-vue-dev/src/components/form-checkbox/form-checkbox.spec.js,Duplicate Assert,"{'line': 1174, 'column': 4, 'index': 29322}","  1172 |
  1173 |     await $input.trigger('click')
> 1174 |     expect(Array.isArray(wrapper.vm.localChecked)).toBe(true)
       |    ^ Duplicate Assert
  1175 |     expect(wrapper.vm.localChecked.length).toBe(1)
  1176 |     expect(wrapper.vm.localChecked[0]).toEqual('bar')
  1177 |     expect(wrapper.emitted('change')).toBeDefined()"
/home/gabriel/Disk/Research/research-javascript-test-smells/repositories/bootstrap-vue-dev/src/components/form-checkbox/form-checkbox.spec.js,Duplicate Assert,"{'line': 1175, 'column': 4, 'index': 29384}","  1173 |     await $input.trigger('click')
  1174 |     expect(Array.isArray(wrapper.vm.localChecked)).toBe(true)
> 1175 |     expect(wrapper.vm.localChecked.length).toBe(1)
       |    ^ Duplicate Assert
  1176 |     expect(wrapper.vm.localChecked[0]).toEqual('bar')
  1177 |     expect(wrapper.emitted('change')).toBeDefined()
  1178 |     expect(wrapper.emitted('change').length).toBe(3)"
/home/gabriel/Disk/Research/research-javascript-test-smells/repositories/bootstrap-vue-dev/src/components/form-checkbox/form-checkbox.spec.js,Duplicate Assert,"{'line': 1175, 'column': 4, 'index': 29384}","  1173 |     await $input.trigger('click')
  1174 |     expect(Array.isArray(wrapper.vm.localChecked)).toBe(true)
> 1175 |     expect(wrapper.vm.localChecked.length).toBe(1)
       |    ^ Duplicate Assert
  1176 |     expect(wrapper.vm.localChecked[0]).toEqual('bar')
  1177 |     expect(wrapper.emitted('change')).toBeDefined()
  1178 |     expect(wrapper.emitted('change').length).toBe(3)"
/home/gabriel/Disk/Research/research-javascript-test-smells/repositories/bootstrap-vue-dev/src/components/form-checkbox/form-checkbox.spec.js,Duplicate Assert,"{'line': 1176, 'column': 4, 'index': 29435}","  1174 |     expect(Array.isArray(wrapper.vm.localChecked)).toBe(true)
  1175 |     expect(wrapper.vm.localChecked.length).toBe(1)
> 1176 |     expect(wrapper.vm.localChecked[0]).toEqual('bar')
       |    ^ Duplicate Assert
  1177 |     expect(wrapper.emitted('change')).toBeDefined()
  1178 |     expect(wrapper.emitted('change').length).toBe(3)
  1179 |     expect(wrapper.emitted('change')[2][0]).toEqual(['bar'])"
/home/gabriel/Disk/Research/research-javascript-test-smells/repositories/bootstrap-vue-dev/src/components/form-checkbox/form-checkbox.spec.js,Duplicate Assert,"{'line': 1177, 'column': 4, 'index': 29489}","  1175 |     expect(wrapper.vm.localChecked.length).toBe(1)
  1176 |     expect(wrapper.vm.localChecked[0]).toEqual('bar')
> 1177 |     expect(wrapper.emitted('change')).toBeDefined()
       |    ^ Duplicate Assert
  1178 |     expect(wrapper.emitted('change').length).toBe(3)
  1179 |     expect(wrapper.emitted('change')[2][0]).toEqual(['bar'])
  1180 |"
/home/gabriel/Disk/Research/research-javascript-test-smells/repositories/bootstrap-vue-dev/src/components/form-checkbox/form-checkbox.spec.js,Duplicate Assert,"{'line': 1177, 'column': 4, 'index': 29489}","  1175 |     expect(wrapper.vm.localChecked.length).toBe(1)
  1176 |     expect(wrapper.vm.localChecked[0]).toEqual('bar')
> 1177 |     expect(wrapper.emitted('change')).toBeDefined()
       |    ^ Duplicate Assert
  1178 |     expect(wrapper.emitted('change').length).toBe(3)
  1179 |     expect(wrapper.emitted('change')[2][0]).toEqual(['bar'])
  1180 |"
/home/gabriel/Disk/Research/research-javascript-test-smells/repositories/bootstrap-vue-dev/src/components/form-checkbox/form-checkbox.spec.js,Duplicate Assert,"{'line': 1178, 'column': 4, 'index': 29541}","  1176 |     expect(wrapper.vm.localChecked[0]).toEqual('bar')
  1177 |     expect(wrapper.emitted('change')).toBeDefined()
> 1178 |     expect(wrapper.emitted('change').length).toBe(3)
       |    ^ Duplicate Assert
  1179 |     expect(wrapper.emitted('change')[2][0]).toEqual(['bar'])
  1180 |
  1181 |     await $input.trigger('click')"
/home/gabriel/Disk/Research/research-javascript-test-smells/repositories/bootstrap-vue-dev/src/components/form-checkbox/form-checkbox.spec.js,Duplicate Assert,"{'line': 1182, 'column': 4, 'index': 29690}","  1180 |
  1181 |     await $input.trigger('click')
> 1182 |     expect(Array.isArray(wrapper.vm.localChecked)).toBe(true)
       |    ^ Duplicate Assert
  1183 |     expect(wrapper.vm.localChecked.length).toBe(0)
  1184 |     expect(wrapper.emitted('change')).toBeDefined()
  1185 |     expect(wrapper.emitted('change').length).toBe(4)"
/home/gabriel/Disk/Research/research-javascript-test-smells/repositories/bootstrap-vue-dev/src/components/form-checkbox/form-checkbox.spec.js,Duplicate Assert,"{'line': 1182, 'column': 4, 'index': 29690}","  1180 |
  1181 |     await $input.trigger('click')
> 1182 |     expect(Array.isArray(wrapper.vm.localChecked)).toBe(true)
       |    ^ Duplicate Assert
  1183 |     expect(wrapper.vm.localChecked.length).toBe(0)
  1184 |     expect(wrapper.emitted('change')).toBeDefined()
  1185 |     expect(wrapper.emitted('change').length).toBe(4)"
/home/gabriel/Disk/Research/research-javascript-test-smells/repositories/bootstrap-vue-dev/src/components/form-checkbox/form-checkbox.spec.js,Duplicate Assert,"{'line': 1183, 'column': 4, 'index': 29752}","  1181 |     await $input.trigger('click')
  1182 |     expect(Array.isArray(wrapper.vm.localChecked)).toBe(true)
> 1183 |     expect(wrapper.vm.localChecked.length).toBe(0)
       |    ^ Duplicate Assert
  1184 |     expect(wrapper.emitted('change')).toBeDefined()
  1185 |     expect(wrapper.emitted('change').length).toBe(4)
  1186 |     expect(wrapper.emitted('change')[3][0]).toEqual([])"
/home/gabriel/Disk/Research/research-javascript-test-smells/repositories/bootstrap-vue-dev/src/components/form-checkbox/form-checkbox.spec.js,Duplicate Assert,"{'line': 1183, 'column': 4, 'index': 29752}","  1181 |     await $input.trigger('click')
  1182 |     expect(Array.isArray(wrapper.vm.localChecked)).toBe(true)
> 1183 |     expect(wrapper.vm.localChecked.length).toBe(0)
       |    ^ Duplicate Assert
  1184 |     expect(wrapper.emitted('change')).toBeDefined()
  1185 |     expect(wrapper.emitted('change').length).toBe(4)
  1186 |     expect(wrapper.emitted('change')[3][0]).toEqual([])"
/home/gabriel/Disk/Research/research-javascript-test-smells/repositories/bootstrap-vue-dev/src/components/form-checkbox/form-checkbox.spec.js,Duplicate Assert,"{'line': 1184, 'column': 4, 'index': 29803}","  1182 |     expect(Array.isArray(wrapper.vm.localChecked)).toBe(true)
  1183 |     expect(wrapper.vm.localChecked.length).toBe(0)
> 1184 |     expect(wrapper.emitted('change')).toBeDefined()
       |    ^ Duplicate Assert
  1185 |     expect(wrapper.emitted('change').length).toBe(4)
  1186 |     expect(wrapper.emitted('change')[3][0]).toEqual([])
  1187 |"
/home/gabriel/Disk/Research/research-javascript-test-smells/repositories/bootstrap-vue-dev/src/components/form-checkbox/form-checkbox.spec.js,Duplicate Assert,"{'line': 1184, 'column': 4, 'index': 29803}","  1182 |     expect(Array.isArray(wrapper.vm.localChecked)).toBe(true)
  1183 |     expect(wrapper.vm.localChecked.length).toBe(0)
> 1184 |     expect(wrapper.emitted('change')).toBeDefined()
       |    ^ Duplicate Assert
  1185 |     expect(wrapper.emitted('change').length).toBe(4)
  1186 |     expect(wrapper.emitted('change')[3][0]).toEqual([])
  1187 |"
/home/gabriel/Disk/Research/research-javascript-test-smells/repositories/bootstrap-vue-dev/src/components/form-checkbox/form-checkbox.spec.js,Duplicate Assert,"{'line': 1185, 'column': 4, 'index': 29855}","  1183 |     expect(wrapper.vm.localChecked.length).toBe(0)
  1184 |     expect(wrapper.emitted('change')).toBeDefined()
> 1185 |     expect(wrapper.emitted('change').length).toBe(4)
       |    ^ Duplicate Assert
  1186 |     expect(wrapper.emitted('change')[3][0]).toEqual([])
  1187 |
  1188 |     wrapper.destroy()"
/home/gabriel/Disk/Research/research-javascript-test-smells/repositories/bootstrap-vue-dev/src/components/form-checkbox/form-checkbox.spec.js,Duplicate Assert,"{'line': 1205, 'column': 4, 'index': 30351}","  1203 |     expect(wrapper.vm).toBeDefined()
  1204 |     expect(wrapper.vm.localChecked).toBeDefined()
> 1205 |     expect(Array.isArray(wrapper.vm.localChecked)).toBe(true)
       |    ^ Duplicate Assert
  1206 |     expect(wrapper.vm.localChecked.length).toBe(1)
  1207 |     expect(wrapper.vm.localChecked[0]).toEqual('foo')
  1208 |"
/home/gabriel/Disk/Research/research-javascript-test-smells/repositories/bootstrap-vue-dev/src/components/form-checkbox/form-checkbox.spec.js,Duplicate Assert,"{'line': 1205, 'column': 4, 'index': 30351}","  1203 |     expect(wrapper.vm).toBeDefined()
  1204 |     expect(wrapper.vm.localChecked).toBeDefined()
> 1205 |     expect(Array.isArray(wrapper.vm.localChecked)).toBe(true)
       |    ^ Duplicate Assert
  1206 |     expect(wrapper.vm.localChecked.length).toBe(1)
  1207 |     expect(wrapper.vm.localChecked[0]).toEqual('foo')
  1208 |"
/home/gabriel/Disk/Research/research-javascript-test-smells/repositories/bootstrap-vue-dev/src/components/form-checkbox/form-checkbox.spec.js,Duplicate Assert,"{'line': 1206, 'column': 4, 'index': 30413}","  1204 |     expect(wrapper.vm.localChecked).toBeDefined()
  1205 |     expect(Array.isArray(wrapper.vm.localChecked)).toBe(true)
> 1206 |     expect(wrapper.vm.localChecked.length).toBe(1)
       |    ^ Duplicate Assert
  1207 |     expect(wrapper.vm.localChecked[0]).toEqual('foo')
  1208 |
  1209 |     const $input = wrapper.find('input')"
/home/gabriel/Disk/Research/research-javascript-test-smells/repositories/bootstrap-vue-dev/src/components/form-checkbox/form-checkbox.spec.js,Duplicate Assert,"{'line': 1206, 'column': 4, 'index': 30413}","  1204 |     expect(wrapper.vm.localChecked).toBeDefined()
  1205 |     expect(Array.isArray(wrapper.vm.localChecked)).toBe(true)
> 1206 |     expect(wrapper.vm.localChecked.length).toBe(1)
       |    ^ Duplicate Assert
  1207 |     expect(wrapper.vm.localChecked[0]).toEqual('foo')
  1208 |
  1209 |     const $input = wrapper.find('input')"
/home/gabriel/Disk/Research/research-javascript-test-smells/repositories/bootstrap-vue-dev/src/components/form-checkbox/form-checkbox.spec.js,Duplicate Assert,"{'line': 1207, 'column': 4, 'index': 30464}","  1205 |     expect(Array.isArray(wrapper.vm.localChecked)).toBe(true)
  1206 |     expect(wrapper.vm.localChecked.length).toBe(1)
> 1207 |     expect(wrapper.vm.localChecked[0]).toEqual('foo')
       |    ^ Duplicate Assert
  1208 |
  1209 |     const $input = wrapper.find('input')
  1210 |     expect($input).toBeDefined()"
/home/gabriel/Disk/Research/research-javascript-test-smells/repositories/bootstrap-vue-dev/src/components/form-checkbox/form-checkbox.spec.js,Duplicate Assert,"{'line': 1207, 'column': 4, 'index': 30464}","  1205 |     expect(Array.isArray(wrapper.vm.localChecked)).toBe(true)
  1206 |     expect(wrapper.vm.localChecked.length).toBe(1)
> 1207 |     expect(wrapper.vm.localChecked[0]).toEqual('foo')
       |    ^ Duplicate Assert
  1208 |
  1209 |     const $input = wrapper.find('input')
  1210 |     expect($input).toBeDefined()"
/home/gabriel/Disk/Research/research-javascript-test-smells/repositories/bootstrap-vue-dev/src/components/form-checkbox/form-checkbox.spec.js,Duplicate Assert,"{'line': 1213, 'column': 4, 'index': 30628}","  1211 |
  1212 |     await $input.trigger('click')
> 1213 |     expect(Array.isArray(wrapper.vm.localChecked)).toBe(true)
       |    ^ Duplicate Assert
  1214 |     expect(wrapper.vm.localChecked.length).toBe(2)
  1215 |     expect(wrapper.vm.localChecked[0]).toEqual('foo')
  1216 |     expect(wrapper.vm.localChecked[1]).toEqual({ bar: 1, baz: 2 })"
/home/gabriel/Disk/Research/research-javascript-test-smells/repositories/bootstrap-vue-dev/src/components/form-checkbox/form-checkbox.spec.js,Duplicate Assert,"{'line': 1213, 'column': 4, 'index': 30628}","  1211 |
  1212 |     await $input.trigger('click')
> 1213 |     expect(Array.isArray(wrapper.vm.localChecked)).toBe(true)
       |    ^ Duplicate Assert
  1214 |     expect(wrapper.vm.localChecked.length).toBe(2)
  1215 |     expect(wrapper.vm.localChecked[0]).toEqual('foo')
  1216 |     expect(wrapper.vm.localChecked[1]).toEqual({ bar: 1, baz: 2 })"
/home/gabriel/Disk/Research/research-javascript-test-smells/repositories/bootstrap-vue-dev/src/components/form-checkbox/form-checkbox.spec.js,Duplicate Assert,"{'line': 1214, 'column': 4, 'index': 30690}","  1212 |     await $input.trigger('click')
  1213 |     expect(Array.isArray(wrapper.vm.localChecked)).toBe(true)
> 1214 |     expect(wrapper.vm.localChecked.length).toBe(2)
       |    ^ Duplicate Assert
  1215 |     expect(wrapper.vm.localChecked[0]).toEqual('foo')
  1216 |     expect(wrapper.vm.localChecked[1]).toEqual({ bar: 1, baz: 2 })
  1217 |"
/home/gabriel/Disk/Research/research-javascript-test-smells/repositories/bootstrap-vue-dev/src/components/form-checkbox/form-checkbox.spec.js,Duplicate Assert,"{'line': 1215, 'column': 4, 'index': 30741}","  1213 |     expect(Array.isArray(wrapper.vm.localChecked)).toBe(true)
  1214 |     expect(wrapper.vm.localChecked.length).toBe(2)
> 1215 |     expect(wrapper.vm.localChecked[0]).toEqual('foo')
       |    ^ Duplicate Assert
  1216 |     expect(wrapper.vm.localChecked[1]).toEqual({ bar: 1, baz: 2 })
  1217 |
  1218 |     await $input.trigger('click')"
/home/gabriel/Disk/Research/research-javascript-test-smells/repositories/bootstrap-vue-dev/src/components/form-checkbox/form-checkbox.spec.js,Duplicate Assert,"{'line': 1215, 'column': 4, 'index': 30741}","  1213 |     expect(Array.isArray(wrapper.vm.localChecked)).toBe(true)
  1214 |     expect(wrapper.vm.localChecked.length).toBe(2)
> 1215 |     expect(wrapper.vm.localChecked[0]).toEqual('foo')
       |    ^ Duplicate Assert
  1216 |     expect(wrapper.vm.localChecked[1]).toEqual({ bar: 1, baz: 2 })
  1217 |
  1218 |     await $input.trigger('click')"
/home/gabriel/Disk/Research/research-javascript-test-smells/repositories/bootstrap-vue-dev/src/components/form-checkbox/form-checkbox.spec.js,Duplicate Assert,"{'line': 1219, 'column': 4, 'index': 30897}","  1217 |
  1218 |     await $input.trigger('click')
> 1219 |     expect(Array.isArray(wrapper.vm.localChecked)).toBe(true)
       |    ^ Duplicate Assert
  1220 |     expect(wrapper.vm.localChecked.length).toBe(1)
  1221 |     expect(wrapper.vm.localChecked[0]).toEqual('foo')
  1222 |"
/home/gabriel/Disk/Research/research-javascript-test-smells/repositories/bootstrap-vue-dev/src/components/form-checkbox/form-checkbox.spec.js,Duplicate Assert,"{'line': 1219, 'column': 4, 'index': 30897}","  1217 |
  1218 |     await $input.trigger('click')
> 1219 |     expect(Array.isArray(wrapper.vm.localChecked)).toBe(true)
       |    ^ Duplicate Assert
  1220 |     expect(wrapper.vm.localChecked.length).toBe(1)
  1221 |     expect(wrapper.vm.localChecked[0]).toEqual('foo')
  1222 |"
/home/gabriel/Disk/Research/research-javascript-test-smells/repositories/bootstrap-vue-dev/src/components/form-checkbox/form-checkbox.spec.js,Duplicate Assert,"{'line': 1220, 'column': 4, 'index': 30959}","  1218 |     await $input.trigger('click')
  1219 |     expect(Array.isArray(wrapper.vm.localChecked)).toBe(true)
> 1220 |     expect(wrapper.vm.localChecked.length).toBe(1)
       |    ^ Duplicate Assert
  1221 |     expect(wrapper.vm.localChecked[0]).toEqual('foo')
  1222 |
  1223 |     wrapper.destroy()"
/home/gabriel/Disk/Research/research-javascript-test-smells/repositories/bootstrap-vue-dev/src/components/form-checkbox/form-checkbox.spec.js,Duplicate Assert,"{'line': 1220, 'column': 4, 'index': 30959}","  1218 |     await $input.trigger('click')
  1219 |     expect(Array.isArray(wrapper.vm.localChecked)).toBe(true)
> 1220 |     expect(wrapper.vm.localChecked.length).toBe(1)
       |    ^ Duplicate Assert
  1221 |     expect(wrapper.vm.localChecked[0]).toEqual('foo')
  1222 |
  1223 |     wrapper.destroy()"
/home/gabriel/Disk/Research/research-javascript-test-smells/repositories/bootstrap-vue-dev/src/components/form-checkbox/form-checkbox.spec.js,Duplicate Assert,"{'line': 1221, 'column': 4, 'index': 31010}","  1219 |     expect(Array.isArray(wrapper.vm.localChecked)).toBe(true)
  1220 |     expect(wrapper.vm.localChecked.length).toBe(1)
> 1221 |     expect(wrapper.vm.localChecked[0]).toEqual('foo')
       |    ^ Duplicate Assert
  1222 |
  1223 |     wrapper.destroy()
  1224 |   })"
/home/gabriel/Disk/Research/research-javascript-test-smells/repositories/bootstrap-vue-dev/src/components/form-checkbox/form-checkbox.spec.js,Duplicate Assert,"{'line': 1221, 'column': 4, 'index': 31010}","  1219 |     expect(Array.isArray(wrapper.vm.localChecked)).toBe(true)
  1220 |     expect(wrapper.vm.localChecked.length).toBe(1)
> 1221 |     expect(wrapper.vm.localChecked[0]).toEqual('foo')
       |    ^ Duplicate Assert
  1222 |
  1223 |     wrapper.destroy()
  1224 |   })"
/home/gabriel/Disk/Research/research-javascript-test-smells/repositories/bootstrap-vue-dev/src/components/form-checkbox/form-checkbox.spec.js,Duplicate Assert,"{'line': 1247, 'column': 4, 'index': 31667}","  1245 |     expect(wrapper.vm.blur).toBeDefined()
  1246 |     expect(typeof wrapper.vm.blur).toBe('function')
> 1247 |     expect($input.element).not.toBe(document.activeElement)
       |    ^ Duplicate Assert
  1248 |
  1249 |     wrapper.vm.focus()
  1250 |     await waitNT(wrapper.vm)"
/home/gabriel/Disk/Research/research-javascript-test-smells/repositories/bootstrap-vue-dev/src/components/form-checkbox/form-checkbox.spec.js,Duplicate Assert,"{'line': 1247, 'column': 4, 'index': 31667}","  1245 |     expect(wrapper.vm.blur).toBeDefined()
  1246 |     expect(typeof wrapper.vm.blur).toBe('function')
> 1247 |     expect($input.element).not.toBe(document.activeElement)
       |    ^ Duplicate Assert
  1248 |
  1249 |     wrapper.vm.focus()
  1250 |     await waitNT(wrapper.vm)"
/home/gabriel/Disk/Research/research-javascript-test-smells/repositories/bootstrap-vue-dev/src/components/form-checkbox/form-checkbox.spec.js,Duplicate Assert,"{'line': 1251, 'column': 4, 'index': 31780}","  1249 |     wrapper.vm.focus()
  1250 |     await waitNT(wrapper.vm)
> 1251 |     expect($input.element).toBe(document.activeElement)
       |    ^ Duplicate Assert
  1252 |
  1253 |     wrapper.vm.blur()
  1254 |     await waitNT(wrapper.vm)"
/home/gabriel/Disk/Research/research-javascript-test-smells/repositories/bootstrap-vue-dev/src/components/form-checkbox/form-checkbox.spec.js,Duplicate Assert,"{'line': 1255, 'column': 4, 'index': 31888}","  1253 |     wrapper.vm.blur()
  1254 |     await waitNT(wrapper.vm)
> 1255 |     expect($input.element).not.toBe(document.activeElement)
       |    ^ Duplicate Assert
  1256 |
  1257 |     wrapper.destroy()
  1258 |   })"
/home/gabriel/Disk/Research/research-javascript-test-smells/repositories/bootstrap-vue-dev/src/components/form-checkbox/form-checkbox.spec.js,Duplicate Assert,"{'line': 1255, 'column': 4, 'index': 31888}","  1253 |     wrapper.vm.blur()
  1254 |     await waitNT(wrapper.vm)
> 1255 |     expect($input.element).not.toBe(document.activeElement)
       |    ^ Duplicate Assert
  1256 |
  1257 |     wrapper.destroy()
  1258 |   })"
/home/gabriel/Disk/Research/research-javascript-test-smells/repositories/bootstrap-vue-dev/src/components/form-checkbox/form-checkbox.spec.js,Magic Number,"{'line': 23, 'column': 37, 'index': 659}","  21 |
  22 |     const $children = wrapper.element.children
> 23 |     expect($children.length).toEqual(2)
     |                                     ^ Magic Number
  24 |     expect($children[0].tagName).toEqual('INPUT')
  25 |     expect($children[1].tagName).toEqual('LABEL')
  26 |"
/home/gabriel/Disk/Research/research-javascript-test-smells/repositories/bootstrap-vue-dev/src/components/form-checkbox/form-checkbox.spec.js,Magic Number,"{'line': 41, 'column': 45, 'index': 1087}","  39 |     })
  40 |
> 41 |     expect(wrapper.classes().length).toEqual(2)
     |                                             ^ Magic Number
  42 |     expect(wrapper.classes()).toContain('custom-control')
  43 |     expect(wrapper.classes()).toContain('custom-checkbox')
  44 |"
/home/gabriel/Disk/Research/research-javascript-test-smells/repositories/bootstrap-vue-dev/src/components/form-checkbox/form-checkbox.spec.js,Magic Number,"{'line': 108, 'column': 44, 'index': 2625}","  106 |
  107 |     const $input = wrapper.find('input')
> 108 |     expect($input.classes().length).toEqual(1)
      |                                            ^ Magic Number
  109 |     expect($input.classes()).toContain('custom-control-input')
  110 |     expect($input.classes()).not.toContain('position-static')
  111 |"
/home/gabriel/Disk/Research/research-javascript-test-smells/repositories/bootstrap-vue-dev/src/components/form-checkbox/form-checkbox.spec.js,Magic Number,"{'line': 126, 'column': 44, 'index': 3085}","  124 |
  125 |     const $label = wrapper.find('label')
> 126 |     expect($label.classes().length).toEqual(1)
      |                                            ^ Magic Number
  127 |     expect($label.classes()).toContain('custom-control-label')
  128 |
  129 |     wrapper.destroy()"
/home/gabriel/Disk/Research/research-javascript-test-smells/repositories/bootstrap-vue-dev/src/components/form-checkbox/form-checkbox.spec.js,Magic Number,"{'line': 326, 'column': 45, 'index': 7565}","  324 |     })
  325 |
> 326 |     expect(wrapper.classes().length).toEqual(3)
      |                                             ^ Magic Number
  327 |     expect(wrapper.classes()).toContain('custom-checkbox')
  328 |     expect(wrapper.classes()).toContain('custom-control')
  329 |     expect(wrapper.classes()).toContain('custom-control-inline')"
/home/gabriel/Disk/Research/research-javascript-test-smells/repositories/bootstrap-vue-dev/src/components/form-checkbox/form-checkbox.spec.js,Magic Number,"{'line': 427, 'column': 37, 'index': 10077}","  425 |
  426 |     const $children = wrapper.element.children
> 427 |     expect($children.length).toEqual(2)
      |                                     ^ Magic Number
  428 |     expect($children[0].tagName).toEqual('INPUT')
  429 |     expect($children[1].tagName).toEqual('LABEL')
  430 |"
/home/gabriel/Disk/Research/research-javascript-test-smells/repositories/bootstrap-vue-dev/src/components/form-checkbox/form-checkbox.spec.js,Magic Number,"{'line': 446, 'column': 45, 'index': 10500}","  444 |     })
  445 |
> 446 |     expect(wrapper.classes().length).toEqual(1)
      |                                             ^ Magic Number
  447 |     expect(wrapper.classes()).toContain('form-check')
  448 |
  449 |     wrapper.destroy()"
/home/gabriel/Disk/Research/research-javascript-test-smells/repositories/bootstrap-vue-dev/src/components/form-checkbox/form-checkbox.spec.js,Magic Number,"{'line': 483, 'column': 44, 'index': 11325}","  481 |
  482 |     const $input = wrapper.find('input')
> 483 |     expect($input.classes().length).toEqual(1)
      |                                            ^ Magic Number
  484 |     expect($input.classes()).toContain('form-check-input')
  485 |
  486 |     wrapper.destroy()"
/home/gabriel/Disk/Research/research-javascript-test-smells/repositories/bootstrap-vue-dev/src/components/form-checkbox/form-checkbox.spec.js,Magic Number,"{'line': 501, 'column': 44, 'index': 11734}","  499 |
  500 |     const $label = wrapper.find('label')
> 501 |     expect($label.classes().length).toEqual(1)
      |                                            ^ Magic Number
  502 |     expect($label.classes()).toContain('form-check-label')
  503 |
  504 |     wrapper.destroy()"
/home/gabriel/Disk/Research/research-javascript-test-smells/repositories/bootstrap-vue-dev/src/components/form-checkbox/form-checkbox.spec.js,Magic Number,"{'line': 651, 'column': 37, 'index': 15275}","  649 |
  650 |     const $children = wrapper.element.children
> 651 |     expect($children.length).toEqual(2)
      |                                     ^ Magic Number
  652 |     expect($children[0].tagName).toEqual('INPUT')
  653 |     expect($children[1].tagName).toEqual('LABEL')
  654 |"
/home/gabriel/Disk/Research/research-javascript-test-smells/repositories/bootstrap-vue-dev/src/components/form-checkbox/form-checkbox.spec.js,Magic Number,"{'line': 670, 'column': 45, 'index': 15724}","  668 |     })
  669 |
> 670 |     expect(wrapper.classes().length).toEqual(2)
      |                                             ^ Magic Number
  671 |     expect(wrapper.classes()).toContain('custom-control')
  672 |     expect(wrapper.classes()).toContain('custom-switch')
  673 |"
/home/gabriel/Disk/Research/research-javascript-test-smells/repositories/bootstrap-vue-dev/src/components/form-checkbox/form-checkbox.spec.js,Magic Number,"{'line': 708, 'column': 44, 'index': 16618}","  706 |
  707 |     const $input = wrapper.find('input')
> 708 |     expect($input.classes().length).toEqual(1)
      |                                            ^ Magic Number
  709 |     expect($input.classes()).toContain('custom-control-input')
  710 |
  711 |     wrapper.destroy()"
/home/gabriel/Disk/Research/research-javascript-test-smells/repositories/bootstrap-vue-dev/src/components/form-checkbox/form-checkbox.spec.js,Magic Number,"{'line': 726, 'column': 44, 'index': 17037}","  724 |
  725 |     const $label = wrapper.find('label')
> 726 |     expect($label.classes().length).toEqual(1)
      |                                            ^ Magic Number
  727 |     expect($label.classes()).toContain('custom-control-label')
  728 |
  729 |     wrapper.destroy()"
/home/gabriel/Disk/Research/research-javascript-test-smells/repositories/bootstrap-vue-dev/src/components/form-checkbox/form-checkbox.spec.js,Magic Number,"{'line': 750, 'column': 35, 'index': 17622}","  748 |
  749 |     const $labels = wrapper.element.children
> 750 |     expect($labels.length).toEqual(1)
      |                                   ^ Magic Number
  751 |     expect($labels[0].tagName).toEqual('LABEL')
  752 |
  753 |     const $inputs = $labels[0].children"
/home/gabriel/Disk/Research/research-javascript-test-smells/repositories/bootstrap-vue-dev/src/components/form-checkbox/form-checkbox.spec.js,Magic Number,"{'line': 754, 'column': 35, 'index': 17749}","  752 |
  753 |     const $inputs = $labels[0].children
> 754 |     expect($inputs.length).toEqual(1)
      |                                   ^ Magic Number
  755 |     expect($inputs[0].tagName).toEqual('INPUT')
  756 |
  757 |     wrapper.destroy()"
/home/gabriel/Disk/Research/research-javascript-test-smells/repositories/bootstrap-vue-dev/src/components/form-checkbox/form-checkbox.spec.js,Magic Number,"{'line': 772, 'column': 45, 'index': 18161}","  770 |     })
  771 |
> 772 |     expect(wrapper.classes().length).toEqual(2)
      |                                             ^ Magic Number
  773 |     expect(wrapper.classes()).toContain('btn-group-toggle')
  774 |     expect(wrapper.classes()).toContain('d-inline-block')
  775 |"
/home/gabriel/Disk/Research/research-javascript-test-smells/repositories/bootstrap-vue-dev/src/components/form-checkbox/form-checkbox.spec.js,Magic Number,"{'line': 793, 'column': 44, 'index': 18715}","  791 |     const $label = wrapper.find('label')
  792 |     expect($label).toBeDefined()
> 793 |     expect($label.classes().length).toEqual(2)
      |                                            ^ Magic Number
  794 |     expect($label.classes()).not.toContain('active')
  795 |     expect($label.classes()).not.toContain('focus')
  796 |     expect($label.classes()).toContain('btn')"
/home/gabriel/Disk/Research/research-javascript-test-smells/repositories/bootstrap-vue-dev/src/components/form-checkbox/form-checkbox.spec.js,Magic Number,"{'line': 816, 'column': 44, 'index': 19376}","  814 |     const $label = wrapper.find('label')
  815 |     expect($label).toBeDefined()
> 816 |     expect($label.classes().length).toEqual(3)
      |                                            ^ Magic Number
  817 |     expect($label.classes()).not.toContain('focus')
  818 |     expect($label.classes()).toContain('btn')
  819 |     expect($label.classes()).toContain('btn-secondary')"
/home/gabriel/Disk/Research/research-javascript-test-smells/repositories/bootstrap-vue-dev/src/components/form-checkbox/form-checkbox.spec.js,Magic Number,"{'line': 842, 'column': 44, 'index': 20081}","  840 |     const $input = wrapper.find('input')
  841 |     expect($input).toBeDefined()
> 842 |     expect($label.classes().length).toEqual(2)
      |                                            ^ Magic Number
  843 |     expect($label.classes()).not.toContain('focus')
  844 |     expect($label.classes()).not.toContain('active')
  845 |     expect($label.classes()).toContain('btn')"
/home/gabriel/Disk/Research/research-javascript-test-smells/repositories/bootstrap-vue-dev/src/components/form-checkbox/form-checkbox.spec.js,Magic Number,"{'line': 849, 'column': 44, 'index': 20370}","  847 |
  848 |     await $input.setChecked(true)
> 849 |     expect($label.classes().length).toEqual(3)
      |                                            ^ Magic Number
  850 |     expect($label.classes()).toContain('active')
  851 |     expect($label.classes()).toContain('btn')
  852 |     expect($label.classes()).toContain('btn-secondary')"
/home/gabriel/Disk/Research/research-javascript-test-smells/repositories/bootstrap-vue-dev/src/components/form-checkbox/form-checkbox.spec.js,Magic Number,"{'line': 874, 'column': 44, 'index': 21016}","  872 |
  873 |     const $input = wrapper.find('input')
> 874 |     expect($label.classes().length).toEqual(2)
      |                                            ^ Magic Number
  875 |     expect($label.classes()).not.toContain('focus')
  876 |     expect($label.classes()).not.toContain('active')
  877 |     expect($label.classes()).toContain('btn')"
/home/gabriel/Disk/Research/research-javascript-test-smells/repositories/bootstrap-vue-dev/src/components/form-checkbox/form-checkbox.spec.js,Magic Number,"{'line': 882, 'column': 44, 'index': 21338}","  880 |
  881 |     await $input.trigger('focus')
> 882 |     expect($label.classes().length).toEqual(3)
      |                                            ^ Magic Number
  883 |     expect($label.classes()).toContain('focus')
  884 |
  885 |     await $input.trigger('blur')"
/home/gabriel/Disk/Research/research-javascript-test-smells/repositories/bootstrap-vue-dev/src/components/form-checkbox/form-checkbox.spec.js,Magic Number,"{'line': 886, 'column': 44, 'index': 21467}","  884 |
  885 |     await $input.trigger('blur')
> 886 |     expect($label.classes().length).toEqual(2)
      |                                            ^ Magic Number
  887 |     expect($label.classes()).not.toContain('focus')
  888 |
  889 |     wrapper.destroy()"
/home/gabriel/Disk/Research/research-javascript-test-smells/repositories/bootstrap-vue-dev/src/components/form-checkbox/form-checkbox.spec.js,Magic Number,"{'line': 907, 'column': 44, 'index': 21993}","  905 |     const $label = wrapper.find('label')
  906 |     expect($label).toBeDefined()
> 907 |     expect($label.classes().length).toEqual(2)
      |                                            ^ Magic Number
  908 |     expect($label.classes()).not.toContain('focus')
  909 |     expect($label.classes()).not.toContain('active')
  910 |     expect($label.classes()).not.toContain('btn-secondary')"
/home/gabriel/Disk/Research/research-javascript-test-smells/repositories/bootstrap-vue-dev/src/components/form-checkbox/form-checkbox.spec.js,Magic Number,"{'line': 1118, 'column': 50, 'index': 27339}","  1116 |     await $input.trigger('click')
  1117 |     expect(wrapper.emitted('change')).toBeDefined()
> 1118 |     expect(wrapper.emitted('change').length).toBe(1)
       |                                                  ^ Magic Number
  1119 |     expect(wrapper.emitted('change')[0][0]).toEqual('bar')
  1120 |
  1121 |     await $input.trigger('click')"
/home/gabriel/Disk/Research/research-javascript-test-smells/repositories/bootstrap-vue-dev/src/components/form-checkbox/form-checkbox.spec.js,Magic Number,"{'line': 1123, 'column': 50, 'index': 27538}","  1121 |     await $input.trigger('click')
  1122 |     expect(wrapper.emitted('change')).toBeDefined()
> 1123 |     expect(wrapper.emitted('change').length).toBe(2)
       |                                                  ^ Magic Number
  1124 |     expect(wrapper.emitted('change')[1][0]).toEqual('foo')
  1125 |
  1126 |     wrapper.destroy()"
/home/gabriel/Disk/Research/research-javascript-test-smells/repositories/bootstrap-vue-dev/src/components/form-checkbox/form-checkbox.spec.js,Magic Number,"{'line': 1144, 'column': 48, 'index': 28091}","  1142 |     expect(wrapper.vm.localChecked).toBeDefined()
  1143 |     expect(Array.isArray(wrapper.vm.localChecked)).toBe(true)
> 1144 |     expect(wrapper.vm.localChecked.length).toBe(1)
       |                                                ^ Magic Number
  1145 |     expect(wrapper.vm.localChecked[0]).toEqual('foo')
  1146 |
  1147 |     const $input = wrapper.find('input')"
/home/gabriel/Disk/Research/research-javascript-test-smells/repositories/bootstrap-vue-dev/src/components/form-checkbox/form-checkbox.spec.js,Magic Number,"{'line': 1152, 'column': 48, 'index': 28368}","  1150 |     await $input.trigger('click')
  1151 |     expect(Array.isArray(wrapper.vm.localChecked)).toBe(true)
> 1152 |     expect(wrapper.vm.localChecked.length).toBe(2)
       |                                                ^ Magic Number
  1153 |     expect(wrapper.vm.localChecked[0]).toEqual('foo')
  1154 |     expect(wrapper.vm.localChecked[1]).toEqual('bar')
  1155 |     expect(wrapper.emitted('change')).toBeDefined()"
/home/gabriel/Disk/Research/research-javascript-test-smells/repositories/bootstrap-vue-dev/src/components/form-checkbox/form-checkbox.spec.js,Magic Number,"{'line': 1156, 'column': 50, 'index': 28581}","  1154 |     expect(wrapper.vm.localChecked[1]).toEqual('bar')
  1155 |     expect(wrapper.emitted('change')).toBeDefined()
> 1156 |     expect(wrapper.emitted('change').length).toBe(1)
       |                                                  ^ Magic Number
  1157 |     expect(wrapper.emitted('change')[0][0]).toEqual(['foo', 'bar'])
  1158 |
  1159 |     await $input.trigger('click')"
/home/gabriel/Disk/Research/research-javascript-test-smells/repositories/bootstrap-vue-dev/src/components/form-checkbox/form-checkbox.spec.js,Magic Number,"{'line': 1161, 'column': 48, 'index': 28797}","  1159 |     await $input.trigger('click')
  1160 |     expect(Array.isArray(wrapper.vm.localChecked)).toBe(true)
> 1161 |     expect(wrapper.vm.localChecked.length).toBe(1)
       |                                                ^ Magic Number
  1162 |     expect(wrapper.vm.localChecked[0]).toEqual('foo')
  1163 |     expect(wrapper.emitted('change')).toBeDefined()
  1164 |     expect(wrapper.emitted('change').length).toBe(2)"
/home/gabriel/Disk/Research/research-javascript-test-smells/repositories/bootstrap-vue-dev/src/components/form-checkbox/form-checkbox.spec.js,Magic Number,"{'line': 1164, 'column': 50, 'index': 28956}","  1162 |     expect(wrapper.vm.localChecked[0]).toEqual('foo')
  1163 |     expect(wrapper.emitted('change')).toBeDefined()
> 1164 |     expect(wrapper.emitted('change').length).toBe(2)
       |                                                  ^ Magic Number
  1165 |     expect(wrapper.emitted('change')[1][0]).toEqual(['foo'])
  1166 |
  1167 |     await wrapper.setProps({ checked: [] })"
/home/gabriel/Disk/Research/research-javascript-test-smells/repositories/bootstrap-vue-dev/src/components/form-checkbox/form-checkbox.spec.js,Magic Number,"{'line': 1169, 'column': 48, 'index': 29175}","  1167 |     await wrapper.setProps({ checked: [] })
  1168 |     expect(Array.isArray(wrapper.vm.localChecked)).toBe(true)
> 1169 |     expect(wrapper.vm.localChecked.length).toBe(0)
       |                                                ^ Magic Number
  1170 |     expect(wrapper.emitted('change')).toBeDefined()
  1171 |     expect(wrapper.emitted('change').length).toBe(2)
  1172 |"
/home/gabriel/Disk/Research/research-javascript-test-smells/repositories/bootstrap-vue-dev/src/components/form-checkbox/form-checkbox.spec.js,Magic Number,"{'line': 1171, 'column': 50, 'index': 29280}","  1169 |     expect(wrapper.vm.localChecked.length).toBe(0)
  1170 |     expect(wrapper.emitted('change')).toBeDefined()
> 1171 |     expect(wrapper.emitted('change').length).toBe(2)
       |                                                  ^ Magic Number
  1172 |
  1173 |     await $input.trigger('click')
  1174 |     expect(Array.isArray(wrapper.vm.localChecked)).toBe(true)"
/home/gabriel/Disk/Research/research-javascript-test-smells/repositories/bootstrap-vue-dev/src/components/form-checkbox/form-checkbox.spec.js,Magic Number,"{'line': 1175, 'column': 48, 'index': 29428}","  1173 |     await $input.trigger('click')
  1174 |     expect(Array.isArray(wrapper.vm.localChecked)).toBe(true)
> 1175 |     expect(wrapper.vm.localChecked.length).toBe(1)
       |                                                ^ Magic Number
  1176 |     expect(wrapper.vm.localChecked[0]).toEqual('bar')
  1177 |     expect(wrapper.emitted('change')).toBeDefined()
  1178 |     expect(wrapper.emitted('change').length).toBe(3)"
/home/gabriel/Disk/Research/research-javascript-test-smells/repositories/bootstrap-vue-dev/src/components/form-checkbox/form-checkbox.spec.js,Magic Number,"{'line': 1178, 'column': 50, 'index': 29587}","  1176 |     expect(wrapper.vm.localChecked[0]).toEqual('bar')
  1177 |     expect(wrapper.emitted('change')).toBeDefined()
> 1178 |     expect(wrapper.emitted('change').length).toBe(3)
       |                                                  ^ Magic Number
  1179 |     expect(wrapper.emitted('change')[2][0]).toEqual(['bar'])
  1180 |
  1181 |     await $input.trigger('click')"
/home/gabriel/Disk/Research/research-javascript-test-smells/repositories/bootstrap-vue-dev/src/components/form-checkbox/form-checkbox.spec.js,Magic Number,"{'line': 1183, 'column': 48, 'index': 29796}","  1181 |     await $input.trigger('click')
  1182 |     expect(Array.isArray(wrapper.vm.localChecked)).toBe(true)
> 1183 |     expect(wrapper.vm.localChecked.length).toBe(0)
       |                                                ^ Magic Number
  1184 |     expect(wrapper.emitted('change')).toBeDefined()
  1185 |     expect(wrapper.emitted('change').length).toBe(4)
  1186 |     expect(wrapper.emitted('change')[3][0]).toEqual([])"
/home/gabriel/Disk/Research/research-javascript-test-smells/repositories/bootstrap-vue-dev/src/components/form-checkbox/form-checkbox.spec.js,Magic Number,"{'line': 1185, 'column': 50, 'index': 29901}","  1183 |     expect(wrapper.vm.localChecked.length).toBe(0)
  1184 |     expect(wrapper.emitted('change')).toBeDefined()
> 1185 |     expect(wrapper.emitted('change').length).toBe(4)
       |                                                  ^ Magic Number
  1186 |     expect(wrapper.emitted('change')[3][0]).toEqual([])
  1187 |
  1188 |     wrapper.destroy()"
/home/gabriel/Disk/Research/research-javascript-test-smells/repositories/bootstrap-vue-dev/src/components/form-checkbox/form-checkbox.spec.js,Magic Number,"{'line': 1206, 'column': 48, 'index': 30457}","  1204 |     expect(wrapper.vm.localChecked).toBeDefined()
  1205 |     expect(Array.isArray(wrapper.vm.localChecked)).toBe(true)
> 1206 |     expect(wrapper.vm.localChecked.length).toBe(1)
       |                                                ^ Magic Number
  1207 |     expect(wrapper.vm.localChecked[0]).toEqual('foo')
  1208 |
  1209 |     const $input = wrapper.find('input')"
/home/gabriel/Disk/Research/research-javascript-test-smells/repositories/bootstrap-vue-dev/src/components/form-checkbox/form-checkbox.spec.js,Magic Number,"{'line': 1214, 'column': 48, 'index': 30734}","  1212 |     await $input.trigger('click')
  1213 |     expect(Array.isArray(wrapper.vm.localChecked)).toBe(true)
> 1214 |     expect(wrapper.vm.localChecked.length).toBe(2)
       |                                                ^ Magic Number
  1215 |     expect(wrapper.vm.localChecked[0]).toEqual('foo')
  1216 |     expect(wrapper.vm.localChecked[1]).toEqual({ bar: 1, baz: 2 })
  1217 |"
/home/gabriel/Disk/Research/research-javascript-test-smells/repositories/bootstrap-vue-dev/src/components/form-checkbox/form-checkbox.spec.js,Magic Number,"{'line': 1220, 'column': 48, 'index': 31003}","  1218 |     await $input.trigger('click')
  1219 |     expect(Array.isArray(wrapper.vm.localChecked)).toBe(true)
> 1220 |     expect(wrapper.vm.localChecked.length).toBe(1)
       |                                                ^ Magic Number
  1221 |     expect(wrapper.vm.localChecked[0]).toEqual('foo')
  1222 |
  1223 |     wrapper.destroy()"
/home/gabriel/Disk/Research/research-javascript-test-smells/repositories/bootstrap-vue-dev/src/components/form-checkbox/form-checkbox-group.spec.js,Duplicate Assert,"{'line': 46, 'column': 4, 'index': 1243}","  44 |     const wrapper = mount(BFormCheckboxGroup)
  45 |
> 46 |     expect(wrapper.attributes('tabindex')).toBeDefined()
     |    ^ Duplicate Assert
  47 |     expect(wrapper.attributes('tabindex')).toBe('-1')
  48 |
  49 |     wrapper.destroy()"
/home/gabriel/Disk/Research/research-javascript-test-smells/repositories/bootstrap-vue-dev/src/components/form-checkbox/form-checkbox-group.spec.js,Duplicate Assert,"{'line': 47, 'column': 4, 'index': 1300}","  45 |
  46 |     expect(wrapper.attributes('tabindex')).toBeDefined()
> 47 |     expect(wrapper.attributes('tabindex')).toBe('-1')
     |    ^ Duplicate Assert
  48 |
  49 |     wrapper.destroy()
  50 |   })"
/home/gabriel/Disk/Research/research-javascript-test-smells/repositories/bootstrap-vue-dev/src/components/form-checkbox/form-checkbox-group.spec.js,Duplicate Assert,"{'line': 71, 'column': 4, 'index': 1887}","  69 |     const wrapper = mount(BFormCheckboxGroup)
  70 |
> 71 |     expect(wrapper.attributes('role')).toBeDefined()
     |    ^ Duplicate Assert
  72 |     expect(wrapper.attributes('role')).toBe('group')
  73 |
  74 |     wrapper.destroy()"
/home/gabriel/Disk/Research/research-javascript-test-smells/repositories/bootstrap-vue-dev/src/components/form-checkbox/form-checkbox-group.spec.js,Duplicate Assert,"{'line': 72, 'column': 4, 'index': 1940}","  70 |
  71 |     expect(wrapper.attributes('role')).toBeDefined()
> 72 |     expect(wrapper.attributes('role')).toBe('group')
     |    ^ Duplicate Assert
  73 |
  74 |     wrapper.destroy()
  75 |   })"
/home/gabriel/Disk/Research/research-javascript-test-smells/repositories/bootstrap-vue-dev/src/components/form-checkbox/form-checkbox-group.spec.js,Duplicate Assert,"{'line': 85, 'column': 4, 'index': 2206}","  83 |     })
  84 |
> 85 |     expect(wrapper.attributes('id')).toBeDefined()
     |    ^ Duplicate Assert
  86 |     expect(wrapper.attributes('id')).toBe('test')
  87 |
  88 |     wrapper.destroy()"
/home/gabriel/Disk/Research/research-javascript-test-smells/repositories/bootstrap-vue-dev/src/components/form-checkbox/form-checkbox-group.spec.js,Duplicate Assert,"{'line': 86, 'column': 4, 'index': 2257}","  84 |
  85 |     expect(wrapper.attributes('id')).toBeDefined()
> 86 |     expect(wrapper.attributes('id')).toBe('test')
     |    ^ Duplicate Assert
  87 |
  88 |     wrapper.destroy()
  89 |   })"
/home/gabriel/Disk/Research/research-javascript-test-smells/repositories/bootstrap-vue-dev/src/components/form-checkbox/form-checkbox-group.spec.js,Duplicate Assert,"{'line': 99, 'column': 4, 'index': 2548}","   97 |     })
   98 |
>  99 |     expect(wrapper.classes()).toBeDefined()
      |    ^ Duplicate Assert
  100 |     expect(wrapper.classes()).toContain('was-validated')
  101 |
  102 |     wrapper.destroy()"
/home/gabriel/Disk/Research/research-javascript-test-smells/repositories/bootstrap-vue-dev/src/components/form-checkbox/form-checkbox-group.spec.js,Duplicate Assert,"{'line': 100, 'column': 4, 'index': 2592}","   98 |
   99 |     expect(wrapper.classes()).toBeDefined()
> 100 |     expect(wrapper.classes()).toContain('was-validated')
      |    ^ Duplicate Assert
  101 |
  102 |     wrapper.destroy()
  103 |   })"
/home/gabriel/Disk/Research/research-javascript-test-smells/repositories/bootstrap-vue-dev/src/components/form-checkbox/form-checkbox-group.spec.js,Duplicate Assert,"{'line': 113, 'column': 4, 'index': 2892}","  111 |     })
  112 |
> 113 |     expect(wrapper.attributes('aria-invalid')).toBeDefined()
      |    ^ Duplicate Assert
  114 |     expect(wrapper.attributes('aria-invalid')).toBe('true')
  115 |
  116 |     wrapper.destroy()"
/home/gabriel/Disk/Research/research-javascript-test-smells/repositories/bootstrap-vue-dev/src/components/form-checkbox/form-checkbox-group.spec.js,Duplicate Assert,"{'line': 114, 'column': 4, 'index': 2953}","  112 |
  113 |     expect(wrapper.attributes('aria-invalid')).toBeDefined()
> 114 |     expect(wrapper.attributes('aria-invalid')).toBe('true')
      |    ^ Duplicate Assert
  115 |
  116 |     wrapper.destroy()
  117 |   })"
/home/gabriel/Disk/Research/research-javascript-test-smells/repositories/bootstrap-vue-dev/src/components/form-checkbox/form-checkbox-group.spec.js,Duplicate Assert,"{'line': 153, 'column': 4, 'index': 3885}","  151 |     })
  152 |
> 153 |     expect(wrapper.attributes('aria-invalid')).toBeDefined()
      |    ^ Duplicate Assert
  154 |     expect(wrapper.attributes('aria-invalid')).toBe('true')
  155 |
  156 |     wrapper.destroy()"
/home/gabriel/Disk/Research/research-javascript-test-smells/repositories/bootstrap-vue-dev/src/components/form-checkbox/form-checkbox-group.spec.js,Duplicate Assert,"{'line': 154, 'column': 4, 'index': 3946}","  152 |
  153 |     expect(wrapper.attributes('aria-invalid')).toBeDefined()
> 154 |     expect(wrapper.attributes('aria-invalid')).toBe('true')
      |    ^ Duplicate Assert
  155 |
  156 |     wrapper.destroy()
  157 |   })"
/home/gabriel/Disk/Research/research-javascript-test-smells/repositories/bootstrap-vue-dev/src/components/form-checkbox/form-checkbox-group.spec.js,Duplicate Assert,"{'line': 167, 'column': 4, 'index': 4264}","  165 |     })
  166 |
> 167 |     expect(wrapper.attributes('aria-invalid')).toBeDefined()
      |    ^ Duplicate Assert
  168 |     expect(wrapper.attributes('aria-invalid')).toBe('true')
  169 |
  170 |     wrapper.destroy()"
/home/gabriel/Disk/Research/research-javascript-test-smells/repositories/bootstrap-vue-dev/src/components/form-checkbox/form-checkbox-group.spec.js,Duplicate Assert,"{'line': 168, 'column': 4, 'index': 4325}","  166 |
  167 |     expect(wrapper.attributes('aria-invalid')).toBeDefined()
> 168 |     expect(wrapper.attributes('aria-invalid')).toBe('true')
      |    ^ Duplicate Assert
  169 |
  170 |     wrapper.destroy()
  171 |   })"
/home/gabriel/Disk/Research/research-javascript-test-smells/repositories/bootstrap-vue-dev/src/components/form-checkbox/form-checkbox-group.spec.js,Duplicate Assert,"{'line': 181, 'column': 4, 'index': 4635}","  179 |     })
  180 |
> 181 |     expect(wrapper.attributes('aria-invalid')).toBeDefined()
      |    ^ Duplicate Assert
  182 |     expect(wrapper.attributes('aria-invalid')).toBe('true')
  183 |
  184 |     wrapper.destroy()"
/home/gabriel/Disk/Research/research-javascript-test-smells/repositories/bootstrap-vue-dev/src/components/form-checkbox/form-checkbox-group.spec.js,Duplicate Assert,"{'line': 182, 'column': 4, 'index': 4696}","  180 |
  181 |     expect(wrapper.attributes('aria-invalid')).toBeDefined()
> 182 |     expect(wrapper.attributes('aria-invalid')).toBe('true')
      |    ^ Duplicate Assert
  183 |
  184 |     wrapper.destroy()
  185 |   })"
/home/gabriel/Disk/Research/research-javascript-test-smells/repositories/bootstrap-vue-dev/src/components/form-checkbox/form-checkbox-group.spec.js,Duplicate Assert,"{'line': 251, 'column': 4, 'index': 6864}","  249 |     })
  250 |
> 251 |     expect(wrapper.classes()).toBeDefined()
      |    ^ Duplicate Assert
  252 |     expect(wrapper.classes().length).toBe(3)
  253 |     expect(wrapper.classes()).toContain('btn-group')
  254 |     expect(wrapper.classes()).toContain('btn-group-toggle')"
/home/gabriel/Disk/Research/research-javascript-test-smells/repositories/bootstrap-vue-dev/src/components/form-checkbox/form-checkbox-group.spec.js,Duplicate Assert,"{'line': 253, 'column': 4, 'index': 6953}","  251 |     expect(wrapper.classes()).toBeDefined()
  252 |     expect(wrapper.classes().length).toBe(3)
> 253 |     expect(wrapper.classes()).toContain('btn-group')
      |    ^ Duplicate Assert
  254 |     expect(wrapper.classes()).toContain('btn-group-toggle')
  255 |     expect(wrapper.classes()).toContain('bv-no-focus-ring')
  256 |"
/home/gabriel/Disk/Research/research-javascript-test-smells/repositories/bootstrap-vue-dev/src/components/form-checkbox/form-checkbox-group.spec.js,Duplicate Assert,"{'line': 254, 'column': 4, 'index': 7006}","  252 |     expect(wrapper.classes().length).toBe(3)
  253 |     expect(wrapper.classes()).toContain('btn-group')
> 254 |     expect(wrapper.classes()).toContain('btn-group-toggle')
      |    ^ Duplicate Assert
  255 |     expect(wrapper.classes()).toContain('bv-no-focus-ring')
  256 |
  257 |     wrapper.destroy()"
/home/gabriel/Disk/Research/research-javascript-test-smells/repositories/bootstrap-vue-dev/src/components/form-checkbox/form-checkbox-group.spec.js,Duplicate Assert,"{'line': 255, 'column': 4, 'index': 7066}","  253 |     expect(wrapper.classes()).toContain('btn-group')
  254 |     expect(wrapper.classes()).toContain('btn-group-toggle')
> 255 |     expect(wrapper.classes()).toContain('bv-no-focus-ring')
      |    ^ Duplicate Assert
  256 |
  257 |     wrapper.destroy()
  258 |   })"
/home/gabriel/Disk/Research/research-javascript-test-smells/repositories/bootstrap-vue-dev/src/components/form-checkbox/form-checkbox-group.spec.js,Duplicate Assert,"{'line': 269, 'column': 4, 'index': 7424}","  267 |     })
  268 |
> 269 |     expect(wrapper.classes()).toBeDefined()
      |    ^ Duplicate Assert
  270 |     expect(wrapper.classes().length).toBe(3)
  271 |     expect(wrapper.classes()).toContain('btn-group-vertical')
  272 |     expect(wrapper.classes()).toContain('btn-group-toggle')"
/home/gabriel/Disk/Research/research-javascript-test-smells/repositories/bootstrap-vue-dev/src/components/form-checkbox/form-checkbox-group.spec.js,Duplicate Assert,"{'line': 271, 'column': 4, 'index': 7513}","  269 |     expect(wrapper.classes()).toBeDefined()
  270 |     expect(wrapper.classes().length).toBe(3)
> 271 |     expect(wrapper.classes()).toContain('btn-group-vertical')
      |    ^ Duplicate Assert
  272 |     expect(wrapper.classes()).toContain('btn-group-toggle')
  273 |     expect(wrapper.classes()).toContain('bv-no-focus-ring')
  274 |"
/home/gabriel/Disk/Research/research-javascript-test-smells/repositories/bootstrap-vue-dev/src/components/form-checkbox/form-checkbox-group.spec.js,Duplicate Assert,"{'line': 272, 'column': 4, 'index': 7575}","  270 |     expect(wrapper.classes().length).toBe(3)
  271 |     expect(wrapper.classes()).toContain('btn-group-vertical')
> 272 |     expect(wrapper.classes()).toContain('btn-group-toggle')
      |    ^ Duplicate Assert
  273 |     expect(wrapper.classes()).toContain('bv-no-focus-ring')
  274 |
  275 |     wrapper.destroy()"
/home/gabriel/Disk/Research/research-javascript-test-smells/repositories/bootstrap-vue-dev/src/components/form-checkbox/form-checkbox-group.spec.js,Duplicate Assert,"{'line': 273, 'column': 4, 'index': 7635}","  271 |     expect(wrapper.classes()).toContain('btn-group-vertical')
  272 |     expect(wrapper.classes()).toContain('btn-group-toggle')
> 273 |     expect(wrapper.classes()).toContain('bv-no-focus-ring')
      |    ^ Duplicate Assert
  274 |
  275 |     wrapper.destroy()
  276 |   })"
/home/gabriel/Disk/Research/research-javascript-test-smells/repositories/bootstrap-vue-dev/src/components/form-checkbox/form-checkbox-group.spec.js,Duplicate Assert,"{'line': 287, 'column': 4, 'index': 7948}","  285 |     })
  286 |
> 287 |     expect(wrapper.classes()).toBeDefined()
      |    ^ Duplicate Assert
  288 |     expect(wrapper.classes().length).toBe(4)
  289 |     expect(wrapper.classes()).toContain('btn-group')
  290 |     expect(wrapper.classes()).toContain('btn-group-toggle')"
/home/gabriel/Disk/Research/research-javascript-test-smells/repositories/bootstrap-vue-dev/src/components/form-checkbox/form-checkbox-group.spec.js,Duplicate Assert,"{'line': 289, 'column': 4, 'index': 8037}","  287 |     expect(wrapper.classes()).toBeDefined()
  288 |     expect(wrapper.classes().length).toBe(4)
> 289 |     expect(wrapper.classes()).toContain('btn-group')
      |    ^ Duplicate Assert
  290 |     expect(wrapper.classes()).toContain('btn-group-toggle')
  291 |     expect(wrapper.classes()).toContain('btn-group-lg')
  292 |     expect(wrapper.classes()).toContain('bv-no-focus-ring')"
/home/gabriel/Disk/Research/research-javascript-test-smells/repositories/bootstrap-vue-dev/src/components/form-checkbox/form-checkbox-group.spec.js,Duplicate Assert,"{'line': 290, 'column': 4, 'index': 8090}","  288 |     expect(wrapper.classes().length).toBe(4)
  289 |     expect(wrapper.classes()).toContain('btn-group')
> 290 |     expect(wrapper.classes()).toContain('btn-group-toggle')
      |    ^ Duplicate Assert
  291 |     expect(wrapper.classes()).toContain('btn-group-lg')
  292 |     expect(wrapper.classes()).toContain('bv-no-focus-ring')
  293 |"
/home/gabriel/Disk/Research/research-javascript-test-smells/repositories/bootstrap-vue-dev/src/components/form-checkbox/form-checkbox-group.spec.js,Duplicate Assert,"{'line': 291, 'column': 4, 'index': 8150}","  289 |     expect(wrapper.classes()).toContain('btn-group')
  290 |     expect(wrapper.classes()).toContain('btn-group-toggle')
> 291 |     expect(wrapper.classes()).toContain('btn-group-lg')
      |    ^ Duplicate Assert
  292 |     expect(wrapper.classes()).toContain('bv-no-focus-ring')
  293 |
  294 |     wrapper.destroy()"
/home/gabriel/Disk/Research/research-javascript-test-smells/repositories/bootstrap-vue-dev/src/components/form-checkbox/form-checkbox-group.spec.js,Duplicate Assert,"{'line': 292, 'column': 4, 'index': 8206}","  290 |     expect(wrapper.classes()).toContain('btn-group-toggle')
  291 |     expect(wrapper.classes()).toContain('btn-group-lg')
> 292 |     expect(wrapper.classes()).toContain('bv-no-focus-ring')
      |    ^ Duplicate Assert
  293 |
  294 |     wrapper.destroy()
  295 |   })"
/home/gabriel/Disk/Research/research-javascript-test-smells/repositories/bootstrap-vue-dev/src/components/form-checkbox/form-checkbox-group.spec.js,Duplicate Assert,"{'line': 307, 'column': 4, 'index': 8554}","  305 |     })
  306 |
> 307 |     expect(wrapper.classes()).toBeDefined()
      |    ^ Duplicate Assert
  308 |     expect(wrapper.classes().length).toBe(4)
  309 |     expect(wrapper.classes()).toContain('btn-group-vertical')
  310 |     expect(wrapper.classes()).toContain('btn-group-toggle')"
/home/gabriel/Disk/Research/research-javascript-test-smells/repositories/bootstrap-vue-dev/src/components/form-checkbox/form-checkbox-group.spec.js,Duplicate Assert,"{'line': 309, 'column': 4, 'index': 8643}","  307 |     expect(wrapper.classes()).toBeDefined()
  308 |     expect(wrapper.classes().length).toBe(4)
> 309 |     expect(wrapper.classes()).toContain('btn-group-vertical')
      |    ^ Duplicate Assert
  310 |     expect(wrapper.classes()).toContain('btn-group-toggle')
  311 |     expect(wrapper.classes()).toContain('btn-group-lg')
  312 |     expect(wrapper.classes()).toContain('bv-no-focus-ring')"
/home/gabriel/Disk/Research/research-javascript-test-smells/repositories/bootstrap-vue-dev/src/components/form-checkbox/form-checkbox-group.spec.js,Duplicate Assert,"{'line': 310, 'column': 4, 'index': 8705}","  308 |     expect(wrapper.classes().length).toBe(4)
  309 |     expect(wrapper.classes()).toContain('btn-group-vertical')
> 310 |     expect(wrapper.classes()).toContain('btn-group-toggle')
      |    ^ Duplicate Assert
  311 |     expect(wrapper.classes()).toContain('btn-group-lg')
  312 |     expect(wrapper.classes()).toContain('bv-no-focus-ring')
  313 |"
/home/gabriel/Disk/Research/research-javascript-test-smells/repositories/bootstrap-vue-dev/src/components/form-checkbox/form-checkbox-group.spec.js,Duplicate Assert,"{'line': 311, 'column': 4, 'index': 8765}","  309 |     expect(wrapper.classes()).toContain('btn-group-vertical')
  310 |     expect(wrapper.classes()).toContain('btn-group-toggle')
> 311 |     expect(wrapper.classes()).toContain('btn-group-lg')
      |    ^ Duplicate Assert
  312 |     expect(wrapper.classes()).toContain('bv-no-focus-ring')
  313 |
  314 |     wrapper.destroy()"
/home/gabriel/Disk/Research/research-javascript-test-smells/repositories/bootstrap-vue-dev/src/components/form-checkbox/form-checkbox-group.spec.js,Duplicate Assert,"{'line': 312, 'column': 4, 'index': 8821}","  310 |     expect(wrapper.classes()).toContain('btn-group-toggle')
  311 |     expect(wrapper.classes()).toContain('btn-group-lg')
> 312 |     expect(wrapper.classes()).toContain('bv-no-focus-ring')
      |    ^ Duplicate Assert
  313 |
  314 |     wrapper.destroy()
  315 |   })"
/home/gabriel/Disk/Research/research-javascript-test-smells/repositories/bootstrap-vue-dev/src/components/form-checkbox/form-checkbox-group.spec.js,Duplicate Assert,"{'line': 413, 'column': 4, 'index': 11767}","  411 |     const $inputs = wrapper.findAll('input')
  412 |     expect($inputs.length).toBe(3)
> 413 |     expect(wrapper.vm.localChecked).toEqual([])
      |    ^ Duplicate Assert
  414 |
  415 |     await $inputs.at(0).trigger('click')
  416 |     expect(wrapper.vm.localChecked).toEqual(['one'])"
/home/gabriel/Disk/Research/research-javascript-test-smells/repositories/bootstrap-vue-dev/src/components/form-checkbox/form-checkbox-group.spec.js,Duplicate Assert,"{'line': 416, 'column': 4, 'index': 11857}","  414 |
  415 |     await $inputs.at(0).trigger('click')
> 416 |     expect(wrapper.vm.localChecked).toEqual(['one'])
      |    ^ Duplicate Assert
  417 |     expect(wrapper.emitted('change')).toBeDefined()
  418 |     expect(wrapper.emitted('change').length).toBe(1)
  419 |     expect(wrapper.emitted('change')[0][0]).toEqual(['one'])"
/home/gabriel/Disk/Research/research-javascript-test-smells/repositories/bootstrap-vue-dev/src/components/form-checkbox/form-checkbox-group.spec.js,Duplicate Assert,"{'line': 418, 'column': 4, 'index': 11962}","  416 |     expect(wrapper.vm.localChecked).toEqual(['one'])
  417 |     expect(wrapper.emitted('change')).toBeDefined()
> 418 |     expect(wrapper.emitted('change').length).toBe(1)
      |    ^ Duplicate Assert
  419 |     expect(wrapper.emitted('change')[0][0]).toEqual(['one'])
  420 |     expect(wrapper.emitted('input')).toBeDefined()
  421 |     expect(wrapper.emitted('input').length).toBe(1)"
/home/gabriel/Disk/Research/research-javascript-test-smells/repositories/bootstrap-vue-dev/src/components/form-checkbox/form-checkbox-group.spec.js,Duplicate Assert,"{'line': 421, 'column': 4, 'index': 12127}","  419 |     expect(wrapper.emitted('change')[0][0]).toEqual(['one'])
  420 |     expect(wrapper.emitted('input')).toBeDefined()
> 421 |     expect(wrapper.emitted('input').length).toBe(1)
      |    ^ Duplicate Assert
  422 |     expect(wrapper.emitted('input')[0][0]).toEqual(['one'])
  423 |
  424 |     await $inputs.at(2).trigger('click')"
/home/gabriel/Disk/Research/research-javascript-test-smells/repositories/bootstrap-vue-dev/src/components/form-checkbox/form-checkbox-group.spec.js,Duplicate Assert,"{'line': 425, 'column': 4, 'index': 12281}","  423 |
  424 |     await $inputs.at(2).trigger('click')
> 425 |     expect(wrapper.vm.localChecked).toEqual(['one', 'three'])
      |    ^ Duplicate Assert
  426 |     expect(wrapper.emitted('change').length).toBe(2)
  427 |     expect(wrapper.emitted('change')[1][0]).toEqual(['one', 'three'])
  428 |     expect(wrapper.emitted('input').length).toBe(2)"
/home/gabriel/Disk/Research/research-javascript-test-smells/repositories/bootstrap-vue-dev/src/components/form-checkbox/form-checkbox-group.spec.js,Duplicate Assert,"{'line': 426, 'column': 4, 'index': 12343}","  424 |     await $inputs.at(2).trigger('click')
  425 |     expect(wrapper.vm.localChecked).toEqual(['one', 'three'])
> 426 |     expect(wrapper.emitted('change').length).toBe(2)
      |    ^ Duplicate Assert
  427 |     expect(wrapper.emitted('change')[1][0]).toEqual(['one', 'three'])
  428 |     expect(wrapper.emitted('input').length).toBe(2)
  429 |     expect(wrapper.emitted('input')[1][0]).toEqual(['one', 'three'])"
/home/gabriel/Disk/Research/research-javascript-test-smells/repositories/bootstrap-vue-dev/src/components/form-checkbox/form-checkbox-group.spec.js,Duplicate Assert,"{'line': 428, 'column': 4, 'index': 12466}","  426 |     expect(wrapper.emitted('change').length).toBe(2)
  427 |     expect(wrapper.emitted('change')[1][0]).toEqual(['one', 'three'])
> 428 |     expect(wrapper.emitted('input').length).toBe(2)
      |    ^ Duplicate Assert
  429 |     expect(wrapper.emitted('input')[1][0]).toEqual(['one', 'three'])
  430 |
  431 |     await $inputs.at(0).trigger('click')"
/home/gabriel/Disk/Research/research-javascript-test-smells/repositories/bootstrap-vue-dev/src/components/form-checkbox/form-checkbox-group.spec.js,Duplicate Assert,"{'line': 432, 'column': 4, 'index': 12629}","  430 |
  431 |     await $inputs.at(0).trigger('click')
> 432 |     expect(wrapper.vm.localChecked).toEqual(['three'])
      |    ^ Duplicate Assert
  433 |     expect(wrapper.emitted('change').length).toBe(3)
  434 |     expect(wrapper.emitted('change')[2][0]).toEqual(['three'])
  435 |     expect(wrapper.emitted('input').length).toBe(3)"
/home/gabriel/Disk/Research/research-javascript-test-smells/repositories/bootstrap-vue-dev/src/components/form-checkbox/form-checkbox-group.spec.js,Duplicate Assert,"{'line': 433, 'column': 4, 'index': 12684}","  431 |     await $inputs.at(0).trigger('click')
  432 |     expect(wrapper.vm.localChecked).toEqual(['three'])
> 433 |     expect(wrapper.emitted('change').length).toBe(3)
      |    ^ Duplicate Assert
  434 |     expect(wrapper.emitted('change')[2][0]).toEqual(['three'])
  435 |     expect(wrapper.emitted('input').length).toBe(3)
  436 |     expect(wrapper.emitted('input')[2][0]).toEqual(['three'])"
/home/gabriel/Disk/Research/research-javascript-test-smells/repositories/bootstrap-vue-dev/src/components/form-checkbox/form-checkbox-group.spec.js,Duplicate Assert,"{'line': 435, 'column': 4, 'index': 12800}","  433 |     expect(wrapper.emitted('change').length).toBe(3)
  434 |     expect(wrapper.emitted('change')[2][0]).toEqual(['three'])
> 435 |     expect(wrapper.emitted('input').length).toBe(3)
      |    ^ Duplicate Assert
  436 |     expect(wrapper.emitted('input')[2][0]).toEqual(['three'])
  437 |
  438 |     await $inputs.at(1).trigger('click')"
/home/gabriel/Disk/Research/research-javascript-test-smells/repositories/bootstrap-vue-dev/src/components/form-checkbox/form-checkbox-group.spec.js,Duplicate Assert,"{'line': 439, 'column': 4, 'index': 12956}","  437 |
  438 |     await $inputs.at(1).trigger('click')
> 439 |     expect(wrapper.vm.localChecked).toEqual(['three', 'two'])
      |    ^ Duplicate Assert
  440 |     expect(wrapper.emitted('change').length).toBe(4)
  441 |     expect(wrapper.emitted('change')[3][0]).toEqual(['three', 'two'])
  442 |     expect(wrapper.emitted('input').length).toBe(4)"
/home/gabriel/Disk/Research/research-javascript-test-smells/repositories/bootstrap-vue-dev/src/components/form-checkbox/form-checkbox-group.spec.js,Duplicate Assert,"{'line': 440, 'column': 4, 'index': 13018}","  438 |     await $inputs.at(1).trigger('click')
  439 |     expect(wrapper.vm.localChecked).toEqual(['three', 'two'])
> 440 |     expect(wrapper.emitted('change').length).toBe(4)
      |    ^ Duplicate Assert
  441 |     expect(wrapper.emitted('change')[3][0]).toEqual(['three', 'two'])
  442 |     expect(wrapper.emitted('input').length).toBe(4)
  443 |     expect(wrapper.emitted('input')[3][0]).toEqual(['three', 'two'])"
/home/gabriel/Disk/Research/research-javascript-test-smells/repositories/bootstrap-vue-dev/src/components/form-checkbox/form-checkbox-group.spec.js,Duplicate Assert,"{'line': 442, 'column': 4, 'index': 13141}","  440 |     expect(wrapper.emitted('change').length).toBe(4)
  441 |     expect(wrapper.emitted('change')[3][0]).toEqual(['three', 'two'])
> 442 |     expect(wrapper.emitted('input').length).toBe(4)
      |    ^ Duplicate Assert
  443 |     expect(wrapper.emitted('input')[3][0]).toEqual(['three', 'two'])
  444 |
  445 |     wrapper.destroy()"
/home/gabriel/Disk/Research/research-javascript-test-smells/repositories/bootstrap-vue-dev/src/components/form-checkbox/form-checkbox-group.spec.js,Duplicate Assert,"{'line': 462, 'column': 4, 'index': 13712}","  460 |     const $inputs = wrapper.findAll('input')
  461 |     expect($inputs.length).toBe(3)
> 462 |     expect(wrapper.vm.localChecked).toEqual(value)
      |    ^ Duplicate Assert
  463 |     expect($inputs.wrappers.every(c => c.element.matches('input[type=checkbox]'))).toBe(true)
  464 |     expect($inputs.at(0).element.checked).toBe(true)
  465 |     expect($inputs.at(1).element.checked).toBe(true)"
/home/gabriel/Disk/Research/research-javascript-test-smells/repositories/bootstrap-vue-dev/src/components/form-checkbox/form-checkbox-group.spec.js,Duplicate Assert,"{'line': 462, 'column': 4, 'index': 13712}","  460 |     const $inputs = wrapper.findAll('input')
  461 |     expect($inputs.length).toBe(3)
> 462 |     expect(wrapper.vm.localChecked).toEqual(value)
      |    ^ Duplicate Assert
  463 |     expect($inputs.wrappers.every(c => c.element.matches('input[type=checkbox]'))).toBe(true)
  464 |     expect($inputs.at(0).element.checked).toBe(true)
  465 |     expect($inputs.at(1).element.checked).toBe(true)"
/home/gabriel/Disk/Research/research-javascript-test-smells/repositories/bootstrap-vue-dev/src/components/form-checkbox/form-checkbox-group.spec.js,Duplicate Assert,"{'line': 463, 'column': 4, 'index': 13763}","  461 |     expect($inputs.length).toBe(3)
  462 |     expect(wrapper.vm.localChecked).toEqual(value)
> 463 |     expect($inputs.wrappers.every(c => c.element.matches('input[type=checkbox]'))).toBe(true)
      |    ^ Duplicate Assert
  464 |     expect($inputs.at(0).element.checked).toBe(true)
  465 |     expect($inputs.at(1).element.checked).toBe(true)
  466 |     expect($inputs.at(2).element.checked).toBe(true)"
/home/gabriel/Disk/Research/research-javascript-test-smells/repositories/bootstrap-vue-dev/src/components/form-checkbox/form-checkbox-group.spec.js,Duplicate Assert,"{'line': 463, 'column': 4, 'index': 13763}","  461 |     expect($inputs.length).toBe(3)
  462 |     expect(wrapper.vm.localChecked).toEqual(value)
> 463 |     expect($inputs.wrappers.every(c => c.element.matches('input[type=checkbox]'))).toBe(true)
      |    ^ Duplicate Assert
  464 |     expect($inputs.at(0).element.checked).toBe(true)
  465 |     expect($inputs.at(1).element.checked).toBe(true)
  466 |     expect($inputs.at(2).element.checked).toBe(true)"
/home/gabriel/Disk/Research/research-javascript-test-smells/repositories/bootstrap-vue-dev/src/components/form-checkbox/form-checkbox-group.spec.js,Duplicate Assert,"{'line': 464, 'column': 4, 'index': 13857}","  462 |     expect(wrapper.vm.localChecked).toEqual(value)
  463 |     expect($inputs.wrappers.every(c => c.element.matches('input[type=checkbox]'))).toBe(true)
> 464 |     expect($inputs.at(0).element.checked).toBe(true)
      |    ^ Duplicate Assert
  465 |     expect($inputs.at(1).element.checked).toBe(true)
  466 |     expect($inputs.at(2).element.checked).toBe(true)
  467 |"
/home/gabriel/Disk/Research/research-javascript-test-smells/repositories/bootstrap-vue-dev/src/components/form-checkbox/form-checkbox-group.spec.js,Duplicate Assert,"{'line': 464, 'column': 4, 'index': 13857}","  462 |     expect(wrapper.vm.localChecked).toEqual(value)
  463 |     expect($inputs.wrappers.every(c => c.element.matches('input[type=checkbox]'))).toBe(true)
> 464 |     expect($inputs.at(0).element.checked).toBe(true)
      |    ^ Duplicate Assert
  465 |     expect($inputs.at(1).element.checked).toBe(true)
  466 |     expect($inputs.at(2).element.checked).toBe(true)
  467 |"
/home/gabriel/Disk/Research/research-javascript-test-smells/repositories/bootstrap-vue-dev/src/components/form-checkbox/form-checkbox-group.spec.js,Duplicate Assert,"{'line': 465, 'column': 4, 'index': 13910}","  463 |     expect($inputs.wrappers.every(c => c.element.matches('input[type=checkbox]'))).toBe(true)
  464 |     expect($inputs.at(0).element.checked).toBe(true)
> 465 |     expect($inputs.at(1).element.checked).toBe(true)
      |    ^ Duplicate Assert
  466 |     expect($inputs.at(2).element.checked).toBe(true)
  467 |
  468 |     expect(wrapper.emitted('input')).toBeUndefined()"
/home/gabriel/Disk/Research/research-javascript-test-smells/repositories/bootstrap-vue-dev/src/components/form-checkbox/form-checkbox-group.spec.js,Duplicate Assert,"{'line': 465, 'column': 4, 'index': 13910}","  463 |     expect($inputs.wrappers.every(c => c.element.matches('input[type=checkbox]'))).toBe(true)
  464 |     expect($inputs.at(0).element.checked).toBe(true)
> 465 |     expect($inputs.at(1).element.checked).toBe(true)
      |    ^ Duplicate Assert
  466 |     expect($inputs.at(2).element.checked).toBe(true)
  467 |
  468 |     expect(wrapper.emitted('input')).toBeUndefined()"
/home/gabriel/Disk/Research/research-javascript-test-smells/repositories/bootstrap-vue-dev/src/components/form-checkbox/form-checkbox-group.spec.js,Duplicate Assert,"{'line': 466, 'column': 4, 'index': 13963}","  464 |     expect($inputs.at(0).element.checked).toBe(true)
  465 |     expect($inputs.at(1).element.checked).toBe(true)
> 466 |     expect($inputs.at(2).element.checked).toBe(true)
      |    ^ Duplicate Assert
  467 |
  468 |     expect(wrapper.emitted('input')).toBeUndefined()
  469 |"
/home/gabriel/Disk/Research/research-javascript-test-smells/repositories/bootstrap-vue-dev/src/components/form-checkbox/form-checkbox-group.spec.js,Duplicate Assert,"{'line': 466, 'column': 4, 'index': 13963}","  464 |     expect($inputs.at(0).element.checked).toBe(true)
  465 |     expect($inputs.at(1).element.checked).toBe(true)
> 466 |     expect($inputs.at(2).element.checked).toBe(true)
      |    ^ Duplicate Assert
  467 |
  468 |     expect(wrapper.emitted('input')).toBeUndefined()
  469 |"
/home/gabriel/Disk/Research/research-javascript-test-smells/repositories/bootstrap-vue-dev/src/components/form-checkbox/form-checkbox-group.spec.js,Duplicate Assert,"{'line': 468, 'column': 4, 'index': 14017}","  466 |     expect($inputs.at(2).element.checked).toBe(true)
  467 |
> 468 |     expect(wrapper.emitted('input')).toBeUndefined()
      |    ^ Duplicate Assert
  469 |
  470 |     // Set internal value to new array reference
  471 |     wrapper.vm.localChecked = value.slice()"
/home/gabriel/Disk/Research/research-javascript-test-smells/repositories/bootstrap-vue-dev/src/components/form-checkbox/form-checkbox-group.spec.js,Duplicate Assert,"{'line': 468, 'column': 4, 'index': 14017}","  466 |     expect($inputs.at(2).element.checked).toBe(true)
  467 |
> 468 |     expect(wrapper.emitted('input')).toBeUndefined()
      |    ^ Duplicate Assert
  469 |
  470 |     // Set internal value to new array reference
  471 |     wrapper.vm.localChecked = value.slice()"
/home/gabriel/Disk/Research/research-javascript-test-smells/repositories/bootstrap-vue-dev/src/components/form-checkbox/form-checkbox-group.spec.js,Duplicate Assert,"{'line': 474, 'column': 4, 'index': 14194}","  472 |     await waitNT(wrapper.vm)
  473 |
> 474 |     expect(wrapper.vm.localChecked).toEqual(value)
      |    ^ Duplicate Assert
  475 |     expect($inputs.wrappers.every(c => c.element.matches('input[type=checkbox]'))).toBe(true)
  476 |     expect($inputs.at(0).element.checked).toBe(true)
  477 |     expect($inputs.at(1).element.checked).toBe(true)"
/home/gabriel/Disk/Research/research-javascript-test-smells/repositories/bootstrap-vue-dev/src/components/form-checkbox/form-checkbox-group.spec.js,Duplicate Assert,"{'line': 474, 'column': 4, 'index': 14194}","  472 |     await waitNT(wrapper.vm)
  473 |
> 474 |     expect(wrapper.vm.localChecked).toEqual(value)
      |    ^ Duplicate Assert
  475 |     expect($inputs.wrappers.every(c => c.element.matches('input[type=checkbox]'))).toBe(true)
  476 |     expect($inputs.at(0).element.checked).toBe(true)
  477 |     expect($inputs.at(1).element.checked).toBe(true)"
/home/gabriel/Disk/Research/research-javascript-test-smells/repositories/bootstrap-vue-dev/src/components/form-checkbox/form-checkbox-group.spec.js,Duplicate Assert,"{'line': 475, 'column': 4, 'index': 14245}","  473 |
  474 |     expect(wrapper.vm.localChecked).toEqual(value)
> 475 |     expect($inputs.wrappers.every(c => c.element.matches('input[type=checkbox]'))).toBe(true)
      |    ^ Duplicate Assert
  476 |     expect($inputs.at(0).element.checked).toBe(true)
  477 |     expect($inputs.at(1).element.checked).toBe(true)
  478 |     expect($inputs.at(2).element.checked).toBe(true)"
/home/gabriel/Disk/Research/research-javascript-test-smells/repositories/bootstrap-vue-dev/src/components/form-checkbox/form-checkbox-group.spec.js,Duplicate Assert,"{'line': 475, 'column': 4, 'index': 14245}","  473 |
  474 |     expect(wrapper.vm.localChecked).toEqual(value)
> 475 |     expect($inputs.wrappers.every(c => c.element.matches('input[type=checkbox]'))).toBe(true)
      |    ^ Duplicate Assert
  476 |     expect($inputs.at(0).element.checked).toBe(true)
  477 |     expect($inputs.at(1).element.checked).toBe(true)
  478 |     expect($inputs.at(2).element.checked).toBe(true)"
/home/gabriel/Disk/Research/research-javascript-test-smells/repositories/bootstrap-vue-dev/src/components/form-checkbox/form-checkbox-group.spec.js,Duplicate Assert,"{'line': 476, 'column': 4, 'index': 14339}","  474 |     expect(wrapper.vm.localChecked).toEqual(value)
  475 |     expect($inputs.wrappers.every(c => c.element.matches('input[type=checkbox]'))).toBe(true)
> 476 |     expect($inputs.at(0).element.checked).toBe(true)
      |    ^ Duplicate Assert
  477 |     expect($inputs.at(1).element.checked).toBe(true)
  478 |     expect($inputs.at(2).element.checked).toBe(true)
  479 |"
/home/gabriel/Disk/Research/research-javascript-test-smells/repositories/bootstrap-vue-dev/src/components/form-checkbox/form-checkbox-group.spec.js,Duplicate Assert,"{'line': 476, 'column': 4, 'index': 14339}","  474 |     expect(wrapper.vm.localChecked).toEqual(value)
  475 |     expect($inputs.wrappers.every(c => c.element.matches('input[type=checkbox]'))).toBe(true)
> 476 |     expect($inputs.at(0).element.checked).toBe(true)
      |    ^ Duplicate Assert
  477 |     expect($inputs.at(1).element.checked).toBe(true)
  478 |     expect($inputs.at(2).element.checked).toBe(true)
  479 |"
/home/gabriel/Disk/Research/research-javascript-test-smells/repositories/bootstrap-vue-dev/src/components/form-checkbox/form-checkbox-group.spec.js,Duplicate Assert,"{'line': 477, 'column': 4, 'index': 14392}","  475 |     expect($inputs.wrappers.every(c => c.element.matches('input[type=checkbox]'))).toBe(true)
  476 |     expect($inputs.at(0).element.checked).toBe(true)
> 477 |     expect($inputs.at(1).element.checked).toBe(true)
      |    ^ Duplicate Assert
  478 |     expect($inputs.at(2).element.checked).toBe(true)
  479 |
  480 |     expect(wrapper.emitted('input')).toBeUndefined()"
/home/gabriel/Disk/Research/research-javascript-test-smells/repositories/bootstrap-vue-dev/src/components/form-checkbox/form-checkbox-group.spec.js,Duplicate Assert,"{'line': 477, 'column': 4, 'index': 14392}","  475 |     expect($inputs.wrappers.every(c => c.element.matches('input[type=checkbox]'))).toBe(true)
  476 |     expect($inputs.at(0).element.checked).toBe(true)
> 477 |     expect($inputs.at(1).element.checked).toBe(true)
      |    ^ Duplicate Assert
  478 |     expect($inputs.at(2).element.checked).toBe(true)
  479 |
  480 |     expect(wrapper.emitted('input')).toBeUndefined()"
/home/gabriel/Disk/Research/research-javascript-test-smells/repositories/bootstrap-vue-dev/src/components/form-checkbox/form-checkbox-group.spec.js,Duplicate Assert,"{'line': 478, 'column': 4, 'index': 14445}","  476 |     expect($inputs.at(0).element.checked).toBe(true)
  477 |     expect($inputs.at(1).element.checked).toBe(true)
> 478 |     expect($inputs.at(2).element.checked).toBe(true)
      |    ^ Duplicate Assert
  479 |
  480 |     expect(wrapper.emitted('input')).toBeUndefined()
  481 |"
/home/gabriel/Disk/Research/research-javascript-test-smells/repositories/bootstrap-vue-dev/src/components/form-checkbox/form-checkbox-group.spec.js,Duplicate Assert,"{'line': 478, 'column': 4, 'index': 14445}","  476 |     expect($inputs.at(0).element.checked).toBe(true)
  477 |     expect($inputs.at(1).element.checked).toBe(true)
> 478 |     expect($inputs.at(2).element.checked).toBe(true)
      |    ^ Duplicate Assert
  479 |
  480 |     expect(wrapper.emitted('input')).toBeUndefined()
  481 |"
/home/gabriel/Disk/Research/research-javascript-test-smells/repositories/bootstrap-vue-dev/src/components/form-checkbox/form-checkbox-group.spec.js,Duplicate Assert,"{'line': 480, 'column': 4, 'index': 14499}","  478 |     expect($inputs.at(2).element.checked).toBe(true)
  479 |
> 480 |     expect(wrapper.emitted('input')).toBeUndefined()
      |    ^ Duplicate Assert
  481 |
  482 |     // Set internal value to new array (reversed order)
  483 |     wrapper.vm.localChecked = value.slice().reverse()"
/home/gabriel/Disk/Research/research-javascript-test-smells/repositories/bootstrap-vue-dev/src/components/form-checkbox/form-checkbox-group.spec.js,Duplicate Assert,"{'line': 480, 'column': 4, 'index': 14499}","  478 |     expect($inputs.at(2).element.checked).toBe(true)
  479 |
> 480 |     expect(wrapper.emitted('input')).toBeUndefined()
      |    ^ Duplicate Assert
  481 |
  482 |     // Set internal value to new array (reversed order)
  483 |     wrapper.vm.localChecked = value.slice().reverse()"
/home/gabriel/Disk/Research/research-javascript-test-smells/repositories/bootstrap-vue-dev/src/components/form-checkbox/form-checkbox-group.spec.js,Duplicate Assert,"{'line': 486, 'column': 4, 'index': 14693}","  484 |     await waitNT(wrapper.vm)
  485 |
> 486 |     expect(wrapper.vm.localChecked).toEqual(value.slice().reverse())
      |    ^ Duplicate Assert
  487 |     expect($inputs.wrappers.every(c => c.element.matches('input[type=checkbox]'))).toBe(true)
  488 |     expect($inputs.at(0).element.checked).toBe(true)
  489 |     expect($inputs.at(1).element.checked).toBe(true)"
/home/gabriel/Disk/Research/research-javascript-test-smells/repositories/bootstrap-vue-dev/src/components/form-checkbox/form-checkbox-group.spec.js,Duplicate Assert,"{'line': 487, 'column': 4, 'index': 14762}","  485 |
  486 |     expect(wrapper.vm.localChecked).toEqual(value.slice().reverse())
> 487 |     expect($inputs.wrappers.every(c => c.element.matches('input[type=checkbox]'))).toBe(true)
      |    ^ Duplicate Assert
  488 |     expect($inputs.at(0).element.checked).toBe(true)
  489 |     expect($inputs.at(1).element.checked).toBe(true)
  490 |     expect($inputs.at(2).element.checked).toBe(true)"
/home/gabriel/Disk/Research/research-javascript-test-smells/repositories/bootstrap-vue-dev/src/components/form-checkbox/form-checkbox-group.spec.js,Duplicate Assert,"{'line': 487, 'column': 4, 'index': 14762}","  485 |
  486 |     expect(wrapper.vm.localChecked).toEqual(value.slice().reverse())
> 487 |     expect($inputs.wrappers.every(c => c.element.matches('input[type=checkbox]'))).toBe(true)
      |    ^ Duplicate Assert
  488 |     expect($inputs.at(0).element.checked).toBe(true)
  489 |     expect($inputs.at(1).element.checked).toBe(true)
  490 |     expect($inputs.at(2).element.checked).toBe(true)"
/home/gabriel/Disk/Research/research-javascript-test-smells/repositories/bootstrap-vue-dev/src/components/form-checkbox/form-checkbox-group.spec.js,Duplicate Assert,"{'line': 488, 'column': 4, 'index': 14856}","  486 |     expect(wrapper.vm.localChecked).toEqual(value.slice().reverse())
  487 |     expect($inputs.wrappers.every(c => c.element.matches('input[type=checkbox]'))).toBe(true)
> 488 |     expect($inputs.at(0).element.checked).toBe(true)
      |    ^ Duplicate Assert
  489 |     expect($inputs.at(1).element.checked).toBe(true)
  490 |     expect($inputs.at(2).element.checked).toBe(true)
  491 |     expect(wrapper.emitted('input')).toBeDefined()"
/home/gabriel/Disk/Research/research-javascript-test-smells/repositories/bootstrap-vue-dev/src/components/form-checkbox/form-checkbox-group.spec.js,Duplicate Assert,"{'line': 488, 'column': 4, 'index': 14856}","  486 |     expect(wrapper.vm.localChecked).toEqual(value.slice().reverse())
  487 |     expect($inputs.wrappers.every(c => c.element.matches('input[type=checkbox]'))).toBe(true)
> 488 |     expect($inputs.at(0).element.checked).toBe(true)
      |    ^ Duplicate Assert
  489 |     expect($inputs.at(1).element.checked).toBe(true)
  490 |     expect($inputs.at(2).element.checked).toBe(true)
  491 |     expect(wrapper.emitted('input')).toBeDefined()"
/home/gabriel/Disk/Research/research-javascript-test-smells/repositories/bootstrap-vue-dev/src/components/form-checkbox/form-checkbox-group.spec.js,Duplicate Assert,"{'line': 489, 'column': 4, 'index': 14909}","  487 |     expect($inputs.wrappers.every(c => c.element.matches('input[type=checkbox]'))).toBe(true)
  488 |     expect($inputs.at(0).element.checked).toBe(true)
> 489 |     expect($inputs.at(1).element.checked).toBe(true)
      |    ^ Duplicate Assert
  490 |     expect($inputs.at(2).element.checked).toBe(true)
  491 |     expect(wrapper.emitted('input')).toBeDefined()
  492 |     expect(wrapper.emitted('input').length).toBe(1)"
/home/gabriel/Disk/Research/research-javascript-test-smells/repositories/bootstrap-vue-dev/src/components/form-checkbox/form-checkbox-group.spec.js,Duplicate Assert,"{'line': 489, 'column': 4, 'index': 14909}","  487 |     expect($inputs.wrappers.every(c => c.element.matches('input[type=checkbox]'))).toBe(true)
  488 |     expect($inputs.at(0).element.checked).toBe(true)
> 489 |     expect($inputs.at(1).element.checked).toBe(true)
      |    ^ Duplicate Assert
  490 |     expect($inputs.at(2).element.checked).toBe(true)
  491 |     expect(wrapper.emitted('input')).toBeDefined()
  492 |     expect(wrapper.emitted('input').length).toBe(1)"
/home/gabriel/Disk/Research/research-javascript-test-smells/repositories/bootstrap-vue-dev/src/components/form-checkbox/form-checkbox-group.spec.js,Duplicate Assert,"{'line': 490, 'column': 4, 'index': 14962}","  488 |     expect($inputs.at(0).element.checked).toBe(true)
  489 |     expect($inputs.at(1).element.checked).toBe(true)
> 490 |     expect($inputs.at(2).element.checked).toBe(true)
      |    ^ Duplicate Assert
  491 |     expect(wrapper.emitted('input')).toBeDefined()
  492 |     expect(wrapper.emitted('input').length).toBe(1)
  493 |     expect(wrapper.emitted('input')[0][0]).toEqual(value.slice().reverse())"
/home/gabriel/Disk/Research/research-javascript-test-smells/repositories/bootstrap-vue-dev/src/components/form-checkbox/form-checkbox-group.spec.js,Duplicate Assert,"{'line': 490, 'column': 4, 'index': 14962}","  488 |     expect($inputs.at(0).element.checked).toBe(true)
  489 |     expect($inputs.at(1).element.checked).toBe(true)
> 490 |     expect($inputs.at(2).element.checked).toBe(true)
      |    ^ Duplicate Assert
  491 |     expect(wrapper.emitted('input')).toBeDefined()
  492 |     expect(wrapper.emitted('input').length).toBe(1)
  493 |     expect(wrapper.emitted('input')[0][0]).toEqual(value.slice().reverse())"
/home/gabriel/Disk/Research/research-javascript-test-smells/repositories/bootstrap-vue-dev/src/components/form-checkbox/form-checkbox-group.spec.js,Duplicate Assert,"{'line': 491, 'column': 4, 'index': 15015}","  489 |     expect($inputs.at(1).element.checked).toBe(true)
  490 |     expect($inputs.at(2).element.checked).toBe(true)
> 491 |     expect(wrapper.emitted('input')).toBeDefined()
      |    ^ Duplicate Assert
  492 |     expect(wrapper.emitted('input').length).toBe(1)
  493 |     expect(wrapper.emitted('input')[0][0]).toEqual(value.slice().reverse())
  494 |"
/home/gabriel/Disk/Research/research-javascript-test-smells/repositories/bootstrap-vue-dev/src/components/form-checkbox/form-checkbox-group.spec.js,Duplicate Assert,"{'line': 511, 'column': 4, 'index': 15592}","  509 |     const $inputs = wrapper.findAll('input')
  510 |     expect($inputs.length).toBe(3)
> 511 |     expect(wrapper.vm.localChecked).toEqual(['two'])
      |    ^ Duplicate Assert
  512 |     expect($inputs.wrappers.every(c => c.element.matches('input[type=checkbox]'))).toBe(true)
  513 |     expect($inputs.at(0).element.checked).toBe(false)
  514 |     expect($inputs.at(1).element.checked).toBe(true)"
/home/gabriel/Disk/Research/research-javascript-test-smells/repositories/bootstrap-vue-dev/src/components/form-checkbox/form-checkbox-group.spec.js,Duplicate Assert,"{'line': 512, 'column': 4, 'index': 15645}","  510 |     expect($inputs.length).toBe(3)
  511 |     expect(wrapper.vm.localChecked).toEqual(['two'])
> 512 |     expect($inputs.wrappers.every(c => c.element.matches('input[type=checkbox]'))).toBe(true)
      |    ^ Duplicate Assert
  513 |     expect($inputs.at(0).element.checked).toBe(false)
  514 |     expect($inputs.at(1).element.checked).toBe(true)
  515 |     expect($inputs.at(2).element.checked).toBe(false)"
/home/gabriel/Disk/Research/research-javascript-test-smells/repositories/bootstrap-vue-dev/src/components/form-checkbox/form-checkbox-group.spec.js,Duplicate Assert,"{'line': 512, 'column': 4, 'index': 15645}","  510 |     expect($inputs.length).toBe(3)
  511 |     expect(wrapper.vm.localChecked).toEqual(['two'])
> 512 |     expect($inputs.wrappers.every(c => c.element.matches('input[type=checkbox]'))).toBe(true)
      |    ^ Duplicate Assert
  513 |     expect($inputs.at(0).element.checked).toBe(false)
  514 |     expect($inputs.at(1).element.checked).toBe(true)
  515 |     expect($inputs.at(2).element.checked).toBe(false)"
/home/gabriel/Disk/Research/research-javascript-test-smells/repositories/bootstrap-vue-dev/src/components/form-checkbox/form-checkbox-group.spec.js,Duplicate Assert,"{'line': 513, 'column': 4, 'index': 15739}","  511 |     expect(wrapper.vm.localChecked).toEqual(['two'])
  512 |     expect($inputs.wrappers.every(c => c.element.matches('input[type=checkbox]'))).toBe(true)
> 513 |     expect($inputs.at(0).element.checked).toBe(false)
      |    ^ Duplicate Assert
  514 |     expect($inputs.at(1).element.checked).toBe(true)
  515 |     expect($inputs.at(2).element.checked).toBe(false)
  516 |"
/home/gabriel/Disk/Research/research-javascript-test-smells/repositories/bootstrap-vue-dev/src/components/form-checkbox/form-checkbox-group.spec.js,Duplicate Assert,"{'line': 514, 'column': 4, 'index': 15793}","  512 |     expect($inputs.wrappers.every(c => c.element.matches('input[type=checkbox]'))).toBe(true)
  513 |     expect($inputs.at(0).element.checked).toBe(false)
> 514 |     expect($inputs.at(1).element.checked).toBe(true)
      |    ^ Duplicate Assert
  515 |     expect($inputs.at(2).element.checked).toBe(false)
  516 |
  517 |     await wrapper.setProps({ checked: ['three', 'one'] })"
/home/gabriel/Disk/Research/research-javascript-test-smells/repositories/bootstrap-vue-dev/src/components/form-checkbox/form-checkbox-group.spec.js,Duplicate Assert,"{'line': 515, 'column': 4, 'index': 15846}","  513 |     expect($inputs.at(0).element.checked).toBe(false)
  514 |     expect($inputs.at(1).element.checked).toBe(true)
> 515 |     expect($inputs.at(2).element.checked).toBe(false)
      |    ^ Duplicate Assert
  516 |
  517 |     await wrapper.setProps({ checked: ['three', 'one'] })
  518 |     expect(wrapper.vm.localChecked).toEqual(['three', 'one'])"
/home/gabriel/Disk/Research/research-javascript-test-smells/repositories/bootstrap-vue-dev/src/components/form-checkbox/form-checkbox-group.spec.js,Duplicate Assert,"{'line': 518, 'column': 4, 'index': 15959}","  516 |
  517 |     await wrapper.setProps({ checked: ['three', 'one'] })
> 518 |     expect(wrapper.vm.localChecked).toEqual(['three', 'one'])
      |    ^ Duplicate Assert
  519 |     expect($inputs.wrappers.every(c => c.element.matches('input[type=checkbox]'))).toBe(true)
  520 |     expect($inputs.at(0).element.checked).toBe(true)
  521 |     expect($inputs.at(1).element.checked).toBe(false)"
/home/gabriel/Disk/Research/research-javascript-test-smells/repositories/bootstrap-vue-dev/src/components/form-checkbox/form-checkbox-group.spec.js,Duplicate Assert,"{'line': 519, 'column': 4, 'index': 16021}","  517 |     await wrapper.setProps({ checked: ['three', 'one'] })
  518 |     expect(wrapper.vm.localChecked).toEqual(['three', 'one'])
> 519 |     expect($inputs.wrappers.every(c => c.element.matches('input[type=checkbox]'))).toBe(true)
      |    ^ Duplicate Assert
  520 |     expect($inputs.at(0).element.checked).toBe(true)
  521 |     expect($inputs.at(1).element.checked).toBe(false)
  522 |     expect($inputs.at(2).element.checked).toBe(true)"
/home/gabriel/Disk/Research/research-javascript-test-smells/repositories/bootstrap-vue-dev/src/components/form-checkbox/form-checkbox-group.spec.js,Duplicate Assert,"{'line': 519, 'column': 4, 'index': 16021}","  517 |     await wrapper.setProps({ checked: ['three', 'one'] })
  518 |     expect(wrapper.vm.localChecked).toEqual(['three', 'one'])
> 519 |     expect($inputs.wrappers.every(c => c.element.matches('input[type=checkbox]'))).toBe(true)
      |    ^ Duplicate Assert
  520 |     expect($inputs.at(0).element.checked).toBe(true)
  521 |     expect($inputs.at(1).element.checked).toBe(false)
  522 |     expect($inputs.at(2).element.checked).toBe(true)"
/home/gabriel/Disk/Research/research-javascript-test-smells/repositories/bootstrap-vue-dev/src/components/form-checkbox/form-checkbox-group.spec.js,Duplicate Assert,"{'line': 520, 'column': 4, 'index': 16115}","  518 |     expect(wrapper.vm.localChecked).toEqual(['three', 'one'])
  519 |     expect($inputs.wrappers.every(c => c.element.matches('input[type=checkbox]'))).toBe(true)
> 520 |     expect($inputs.at(0).element.checked).toBe(true)
      |    ^ Duplicate Assert
  521 |     expect($inputs.at(1).element.checked).toBe(false)
  522 |     expect($inputs.at(2).element.checked).toBe(true)
  523 |"
/home/gabriel/Disk/Research/research-javascript-test-smells/repositories/bootstrap-vue-dev/src/components/form-checkbox/form-checkbox-group.spec.js,Duplicate Assert,"{'line': 521, 'column': 4, 'index': 16168}","  519 |     expect($inputs.wrappers.every(c => c.element.matches('input[type=checkbox]'))).toBe(true)
  520 |     expect($inputs.at(0).element.checked).toBe(true)
> 521 |     expect($inputs.at(1).element.checked).toBe(false)
      |    ^ Duplicate Assert
  522 |     expect($inputs.at(2).element.checked).toBe(true)
  523 |
  524 |     wrapper.destroy()"
/home/gabriel/Disk/Research/research-javascript-test-smells/repositories/bootstrap-vue-dev/src/components/form-checkbox/form-checkbox-group.spec.js,Duplicate Assert,"{'line': 522, 'column': 4, 'index': 16222}","  520 |     expect($inputs.at(0).element.checked).toBe(true)
  521 |     expect($inputs.at(1).element.checked).toBe(false)
> 522 |     expect($inputs.at(2).element.checked).toBe(true)
      |    ^ Duplicate Assert
  523 |
  524 |     wrapper.destroy()
  525 |   })"
/home/gabriel/Disk/Research/research-javascript-test-smells/repositories/bootstrap-vue-dev/src/components/form-checkbox/form-checkbox-group.spec.js,Magic Number,"{'line': 16, 'column': 37, 'index': 556}","  14 |
  15 |     const $children = wrapper.element.children
> 16 |     expect($children.length).toEqual(0)
     |                                     ^ Magic Number
  17 |
  18 |     wrapper.destroy()
  19 |   })"
/home/gabriel/Disk/Research/research-javascript-test-smells/repositories/bootstrap-vue-dev/src/components/form-checkbox/form-checkbox-group.spec.js,Magic Number,"{'line': 25, 'column': 45, 'index': 818}","  23 |
  24 |     expect(wrapper.classes()).toContain('bv-no-focus-ring')
> 25 |     expect(wrapper.classes().length).toEqual(1)
     |                                             ^ Magic Number
  26 |
  27 |     wrapper.destroy()
  28 |   })"
/home/gabriel/Disk/Research/research-javascript-test-smells/repositories/bootstrap-vue-dev/src/components/form-checkbox/form-checkbox-group.spec.js,Magic Number,"{'line': 198, 'column': 36, 'index': 5177}","  196 |
  197 |     const $checkboxes = wrapper.findAll('input[type=checkbox]')
> 198 |     expect($checkboxes.length).toBe(3)
      |                                    ^ Magic Number
  199 |     expect($checkboxes.wrappers.every(c => c.classes().includes('is-valid'))).toBe(true)
  200 |     expect($checkboxes.wrappers.every(c => c.classes().includes('is-invalid'))).toBe(false)
  201 |"
/home/gabriel/Disk/Research/research-javascript-test-smells/repositories/bootstrap-vue-dev/src/components/form-checkbox/form-checkbox-group.spec.js,Magic Number,"{'line': 216, 'column': 36, 'index': 5790}","  214 |
  215 |     const $checkboxes = wrapper.findAll('input[type=checkbox]')
> 216 |     expect($checkboxes.length).toBe(3)
      |                                    ^ Magic Number
  217 |     expect($checkboxes.wrappers.every(c => c.classes().includes('is-valid'))).toBe(false)
  218 |     expect($checkboxes.wrappers.every(c => c.classes().includes('is-invalid'))).toBe(true)
  219 |"
/home/gabriel/Disk/Research/research-javascript-test-smells/repositories/bootstrap-vue-dev/src/components/form-checkbox/form-checkbox-group.spec.js,Magic Number,"{'line': 234, 'column': 36, 'index': 6391}","  232 |
  233 |     const $checkboxes = wrapper.findAll('input[type=checkbox]')
> 234 |     expect($checkboxes.length).toBe(3)
      |                                    ^ Magic Number
  235 |     expect($checkboxes.wrappers.every(c => c.classes().includes('is-valid'))).toBe(false)
  236 |     expect($checkboxes.wrappers.every(c => c.classes().includes('is-invalid'))).toBe(false)
  237 |"
/home/gabriel/Disk/Research/research-javascript-test-smells/repositories/bootstrap-vue-dev/src/components/form-checkbox/form-checkbox-group.spec.js,Magic Number,"{'line': 252, 'column': 42, 'index': 6946}","  250 |
  251 |     expect(wrapper.classes()).toBeDefined()
> 252 |     expect(wrapper.classes().length).toBe(3)
      |                                          ^ Magic Number
  253 |     expect(wrapper.classes()).toContain('btn-group')
  254 |     expect(wrapper.classes()).toContain('btn-group-toggle')
  255 |     expect(wrapper.classes()).toContain('bv-no-focus-ring')"
/home/gabriel/Disk/Research/research-javascript-test-smells/repositories/bootstrap-vue-dev/src/components/form-checkbox/form-checkbox-group.spec.js,Magic Number,"{'line': 270, 'column': 42, 'index': 7506}","  268 |
  269 |     expect(wrapper.classes()).toBeDefined()
> 270 |     expect(wrapper.classes().length).toBe(3)
      |                                          ^ Magic Number
  271 |     expect(wrapper.classes()).toContain('btn-group-vertical')
  272 |     expect(wrapper.classes()).toContain('btn-group-toggle')
  273 |     expect(wrapper.classes()).toContain('bv-no-focus-ring')"
/home/gabriel/Disk/Research/research-javascript-test-smells/repositories/bootstrap-vue-dev/src/components/form-checkbox/form-checkbox-group.spec.js,Magic Number,"{'line': 288, 'column': 42, 'index': 8030}","  286 |
  287 |     expect(wrapper.classes()).toBeDefined()
> 288 |     expect(wrapper.classes().length).toBe(4)
      |                                          ^ Magic Number
  289 |     expect(wrapper.classes()).toContain('btn-group')
  290 |     expect(wrapper.classes()).toContain('btn-group-toggle')
  291 |     expect(wrapper.classes()).toContain('btn-group-lg')"
/home/gabriel/Disk/Research/research-javascript-test-smells/repositories/bootstrap-vue-dev/src/components/form-checkbox/form-checkbox-group.spec.js,Magic Number,"{'line': 308, 'column': 42, 'index': 8636}","  306 |
  307 |     expect(wrapper.classes()).toBeDefined()
> 308 |     expect(wrapper.classes().length).toBe(4)
      |                                          ^ Magic Number
  309 |     expect(wrapper.classes()).toContain('btn-group-vertical')
  310 |     expect(wrapper.classes()).toContain('btn-group-toggle')
  311 |     expect(wrapper.classes()).toContain('btn-group-lg')"
/home/gabriel/Disk/Research/research-javascript-test-smells/repositories/bootstrap-vue-dev/src/components/form-checkbox/form-checkbox-group.spec.js,Magic Number,"{'line': 348, 'column': 30, 'index': 9777}","  346 |     const $btns = wrapper.findAll('label.btn')
  347 |     expect($btns).toBeDefined()
> 348 |     expect($btns.length).toBe(3)
      |                              ^ Magic Number
  349 |     // Expect them to have the correct variant classes
  350 |     expect($btns.at(0).classes()).toContain('btn-primary')
  351 |     expect($btns.at(1).classes()).toContain('btn-primary')"
/home/gabriel/Disk/Research/research-javascript-test-smells/repositories/bootstrap-vue-dev/src/components/form-checkbox/form-checkbox-group.spec.js,Magic Number,"{'line': 372, 'column': 32, 'index': 10484}","  370 |
  371 |     const $inputs = wrapper.findAll('input')
> 372 |     expect($inputs.length).toBe(3)
      |                                ^ Magic Number
  373 |     expect($inputs.wrappers.every(c => c.element.matches('input[type=checkbox]'))).toBe(true)
  374 |
  375 |     wrapper.destroy()"
/home/gabriel/Disk/Research/research-javascript-test-smells/repositories/bootstrap-vue-dev/src/components/form-checkbox/form-checkbox-group.spec.js,Magic Number,"{'line': 390, 'column': 32, 'index': 11032}","  388 |
  389 |     const $inputs = wrapper.findAll('input')
> 390 |     expect($inputs.length).toBe(3)
      |                                ^ Magic Number
  391 |     expect(wrapper.vm.localChecked).toEqual([])
  392 |     expect($inputs.wrappers.every(c => c.element.matches('input[type=checkbox]'))).toBe(true)
  393 |     expect($inputs.at(0).attributes('disabled')).toBeUndefined()"
/home/gabriel/Disk/Research/research-javascript-test-smells/repositories/bootstrap-vue-dev/src/components/form-checkbox/form-checkbox-group.spec.js,Magic Number,"{'line': 412, 'column': 32, 'index': 11760}","  410 |
  411 |     const $inputs = wrapper.findAll('input')
> 412 |     expect($inputs.length).toBe(3)
      |                                ^ Magic Number
  413 |     expect(wrapper.vm.localChecked).toEqual([])
  414 |
  415 |     await $inputs.at(0).trigger('click')"
/home/gabriel/Disk/Research/research-javascript-test-smells/repositories/bootstrap-vue-dev/src/components/form-checkbox/form-checkbox-group.spec.js,Magic Number,"{'line': 418, 'column': 50, 'index': 12008}","  416 |     expect(wrapper.vm.localChecked).toEqual(['one'])
  417 |     expect(wrapper.emitted('change')).toBeDefined()
> 418 |     expect(wrapper.emitted('change').length).toBe(1)
      |                                                  ^ Magic Number
  419 |     expect(wrapper.emitted('change')[0][0]).toEqual(['one'])
  420 |     expect(wrapper.emitted('input')).toBeDefined()
  421 |     expect(wrapper.emitted('input').length).toBe(1)"
/home/gabriel/Disk/Research/research-javascript-test-smells/repositories/bootstrap-vue-dev/src/components/form-checkbox/form-checkbox-group.spec.js,Magic Number,"{'line': 421, 'column': 49, 'index': 12172}","  419 |     expect(wrapper.emitted('change')[0][0]).toEqual(['one'])
  420 |     expect(wrapper.emitted('input')).toBeDefined()
> 421 |     expect(wrapper.emitted('input').length).toBe(1)
      |                                                 ^ Magic Number
  422 |     expect(wrapper.emitted('input')[0][0]).toEqual(['one'])
  423 |
  424 |     await $inputs.at(2).trigger('click')"
/home/gabriel/Disk/Research/research-javascript-test-smells/repositories/bootstrap-vue-dev/src/components/form-checkbox/form-checkbox-group.spec.js,Magic Number,"{'line': 426, 'column': 50, 'index': 12389}","  424 |     await $inputs.at(2).trigger('click')
  425 |     expect(wrapper.vm.localChecked).toEqual(['one', 'three'])
> 426 |     expect(wrapper.emitted('change').length).toBe(2)
      |                                                  ^ Magic Number
  427 |     expect(wrapper.emitted('change')[1][0]).toEqual(['one', 'three'])
  428 |     expect(wrapper.emitted('input').length).toBe(2)
  429 |     expect(wrapper.emitted('input')[1][0]).toEqual(['one', 'three'])"
/home/gabriel/Disk/Research/research-javascript-test-smells/repositories/bootstrap-vue-dev/src/components/form-checkbox/form-checkbox-group.spec.js,Magic Number,"{'line': 428, 'column': 49, 'index': 12511}","  426 |     expect(wrapper.emitted('change').length).toBe(2)
  427 |     expect(wrapper.emitted('change')[1][0]).toEqual(['one', 'three'])
> 428 |     expect(wrapper.emitted('input').length).toBe(2)
      |                                                 ^ Magic Number
  429 |     expect(wrapper.emitted('input')[1][0]).toEqual(['one', 'three'])
  430 |
  431 |     await $inputs.at(0).trigger('click')"
/home/gabriel/Disk/Research/research-javascript-test-smells/repositories/bootstrap-vue-dev/src/components/form-checkbox/form-checkbox-group.spec.js,Magic Number,"{'line': 433, 'column': 50, 'index': 12730}","  431 |     await $inputs.at(0).trigger('click')
  432 |     expect(wrapper.vm.localChecked).toEqual(['three'])
> 433 |     expect(wrapper.emitted('change').length).toBe(3)
      |                                                  ^ Magic Number
  434 |     expect(wrapper.emitted('change')[2][0]).toEqual(['three'])
  435 |     expect(wrapper.emitted('input').length).toBe(3)
  436 |     expect(wrapper.emitted('input')[2][0]).toEqual(['three'])"
/home/gabriel/Disk/Research/research-javascript-test-smells/repositories/bootstrap-vue-dev/src/components/form-checkbox/form-checkbox-group.spec.js,Magic Number,"{'line': 435, 'column': 49, 'index': 12845}","  433 |     expect(wrapper.emitted('change').length).toBe(3)
  434 |     expect(wrapper.emitted('change')[2][0]).toEqual(['three'])
> 435 |     expect(wrapper.emitted('input').length).toBe(3)
      |                                                 ^ Magic Number
  436 |     expect(wrapper.emitted('input')[2][0]).toEqual(['three'])
  437 |
  438 |     await $inputs.at(1).trigger('click')"
/home/gabriel/Disk/Research/research-javascript-test-smells/repositories/bootstrap-vue-dev/src/components/form-checkbox/form-checkbox-group.spec.js,Magic Number,"{'line': 440, 'column': 50, 'index': 13064}","  438 |     await $inputs.at(1).trigger('click')
  439 |     expect(wrapper.vm.localChecked).toEqual(['three', 'two'])
> 440 |     expect(wrapper.emitted('change').length).toBe(4)
      |                                                  ^ Magic Number
  441 |     expect(wrapper.emitted('change')[3][0]).toEqual(['three', 'two'])
  442 |     expect(wrapper.emitted('input').length).toBe(4)
  443 |     expect(wrapper.emitted('input')[3][0]).toEqual(['three', 'two'])"
/home/gabriel/Disk/Research/research-javascript-test-smells/repositories/bootstrap-vue-dev/src/components/form-checkbox/form-checkbox-group.spec.js,Magic Number,"{'line': 442, 'column': 49, 'index': 13186}","  440 |     expect(wrapper.emitted('change').length).toBe(4)
  441 |     expect(wrapper.emitted('change')[3][0]).toEqual(['three', 'two'])
> 442 |     expect(wrapper.emitted('input').length).toBe(4)
      |                                                 ^ Magic Number
  443 |     expect(wrapper.emitted('input')[3][0]).toEqual(['three', 'two'])
  444 |
  445 |     wrapper.destroy()"
/home/gabriel/Disk/Research/research-javascript-test-smells/repositories/bootstrap-vue-dev/src/components/form-checkbox/form-checkbox-group.spec.js,Magic Number,"{'line': 461, 'column': 32, 'index': 13705}","  459 |
  460 |     const $inputs = wrapper.findAll('input')
> 461 |     expect($inputs.length).toBe(3)
      |                                ^ Magic Number
  462 |     expect(wrapper.vm.localChecked).toEqual(value)
  463 |     expect($inputs.wrappers.every(c => c.element.matches('input[type=checkbox]'))).toBe(true)
  464 |     expect($inputs.at(0).element.checked).toBe(true)"
/home/gabriel/Disk/Research/research-javascript-test-smells/repositories/bootstrap-vue-dev/src/components/form-checkbox/form-checkbox-group.spec.js,Magic Number,"{'line': 492, 'column': 49, 'index': 15111}","  490 |     expect($inputs.at(2).element.checked).toBe(true)
  491 |     expect(wrapper.emitted('input')).toBeDefined()
> 492 |     expect(wrapper.emitted('input').length).toBe(1)
      |                                                 ^ Magic Number
  493 |     expect(wrapper.emitted('input')[0][0]).toEqual(value.slice().reverse())
  494 |
  495 |     wrapper.destroy()"
/home/gabriel/Disk/Research/research-javascript-test-smells/repositories/bootstrap-vue-dev/src/components/form-checkbox/form-checkbox-group.spec.js,Magic Number,"{'line': 510, 'column': 32, 'index': 15585}","  508 |
  509 |     const $inputs = wrapper.findAll('input')
> 510 |     expect($inputs.length).toBe(3)
      |                                ^ Magic Number
  511 |     expect(wrapper.vm.localChecked).toEqual(['two'])
  512 |     expect($inputs.wrappers.every(c => c.element.matches('input[type=checkbox]'))).toBe(true)
  513 |     expect($inputs.at(0).element.checked).toBe(false)"
/home/gabriel/Disk/Research/research-javascript-test-smells/repositories/bootstrap-vue-dev/src/components/form-checkbox/form-checkbox-group.spec.js,Magic Number,"{'line': 540, 'column': 32, 'index': 16710}","  538 |
  539 |     const $inputs = wrapper.findAll('input')
> 540 |     expect($inputs.length).toBe(3)
      |                                ^ Magic Number
  541 |     expect(wrapper.vm.localChecked).toEqual([])
  542 |     expect($inputs.wrappers.every(c => c.element.matches('input[type=checkbox]'))).toBe(true)
  543 |     expect($inputs.wrappers.every(c => c.element.matches('input.is-valid'))).toBe(true)"
/home/gabriel/Disk/Research/research-javascript-test-smells/repositories/bootstrap-vue-dev/src/components/form-checkbox/form-checkbox-group.spec.js,Magic Number,"{'line': 559, 'column': 32, 'index': 17342}","  557 |
  558 |     const $inputs = wrapper.findAll('input')
> 559 |     expect($inputs.length).toBe(3)
      |                                ^ Magic Number
  560 |     expect(wrapper.vm.localChecked).toEqual([])
  561 |     expect($inputs.wrappers.every(c => c.element.matches('input[type=checkbox]'))).toBe(true)
  562 |     expect($inputs.wrappers.every(c => c.element.matches('input.is-invalid'))).toBe(true)"
/home/gabriel/Disk/Research/research-javascript-test-smells/repositories/bootstrap-vue-dev/src/components/form-checkbox/form-checkbox-group.spec.js,Magic Number,"{'line': 578, 'column': 32, 'index': 17966}","  576 |
  577 |     const $inputs = wrapper.findAll('input')
> 578 |     expect($inputs.length).toBe(3)
      |                                ^ Magic Number
  579 |     expect(wrapper.vm.localChecked).toEqual([])
  580 |     expect($inputs.wrappers.every(c => c.element.matches('input[type=checkbox]'))).toBe(true)
  581 |     expect($inputs.wrappers.every(c => c.element.matches('input[disabled]'))).toBe(true)"
/home/gabriel/Disk/Research/research-javascript-test-smells/repositories/bootstrap-vue-dev/src/components/form-checkbox/form-checkbox-group.spec.js,Magic Number,"{'line': 598, 'column': 32, 'index': 18612}","  596 |
  597 |     const $inputs = wrapper.findAll('input')
> 598 |     expect($inputs.length).toBe(3)
      |                                ^ Magic Number
  599 |     expect(wrapper.vm.localChecked).toEqual([])
  600 |     expect($inputs.wrappers.every(c => c.element.matches('input[type=checkbox]'))).toBe(true)
  601 |     expect($inputs.wrappers.every(c => c.element.matches('input[required]'))).toBe(true)"
/home/gabriel/Disk/Research/research-javascript-test-smells/repositories/bootstrap-vue-dev/src/components/form-checkbox/form-checkbox-group.spec.js,Magic Number,"{'line': 619, 'column': 32, 'index': 19377}","  617 |
  618 |     const $inputs = wrapper.findAll('.custom-control')
> 619 |     expect($inputs.length).toBe(3)
      |                                ^ Magic Number
  620 |     expect($inputs.wrappers.every(c => c.find('div.custom-control-inline').exists())).toBe(true)
  621 |
  622 |     wrapper.destroy()"
/home/gabriel/Disk/Research/research-javascript-test-smells/repositories/bootstrap-vue-dev/src/components/form-checkbox/form-checkbox-group.spec.js,Magic Number,"{'line': 637, 'column': 32, 'index': 19912}","  635 |
  636 |     const $inputs = wrapper.findAll('.custom-control')
> 637 |     expect($inputs.length).toBe(3)
      |                                ^ Magic Number
  638 |     expect($inputs.wrappers.every(c => c.find('div.custom-control-inline').exists())).toBe(false)
  639 |
  640 |     wrapper.destroy()"
/home/gabriel/Disk/Research/research-javascript-test-smells/repositories/bootstrap-vue-dev/src/components/form/form.spec.js,Duplicate Assert,"{'line': 74, 'column': 4, 'index': 1985}","  72 |     expect(wrapper.element.tagName).toBe('FORM')
  73 |     expect(wrapper.classes().length).toBe(0)
> 74 |     expect(wrapper.attributes('id')).toBeDefined()
     |    ^ Duplicate Assert
  75 |     expect(wrapper.attributes('id')).toEqual('foo')
  76 |     expect(wrapper.attributes('novalidate')).toBeUndefined()
  77 |     expect(wrapper.text()).toEqual('')"
/home/gabriel/Disk/Research/research-javascript-test-smells/repositories/bootstrap-vue-dev/src/components/form/form.spec.js,Duplicate Assert,"{'line': 75, 'column': 4, 'index': 2036}","  73 |     expect(wrapper.classes().length).toBe(0)
  74 |     expect(wrapper.attributes('id')).toBeDefined()
> 75 |     expect(wrapper.attributes('id')).toEqual('foo')
     |    ^ Duplicate Assert
  76 |     expect(wrapper.attributes('novalidate')).toBeUndefined()
  77 |     expect(wrapper.text()).toEqual('')
  78 |"
/home/gabriel/Disk/Research/research-javascript-test-smells/repositories/bootstrap-vue-dev/src/components/form/form.spec.js,Magic Number,"{'line': 9, 'column': 42, 'index': 275}","   7 |
   8 |     expect(wrapper.element.tagName).toBe('FORM')
>  9 |     expect(wrapper.classes().length).toBe(0)
     |                                          ^ Magic Number
  10 |     expect(wrapper.text()).toEqual('')
  11 |
  12 |     wrapper.destroy()"
/home/gabriel/Disk/Research/research-javascript-test-smells/repositories/bootstrap-vue-dev/src/components/form/form.spec.js,Magic Number,"{'line': 23, 'column': 42, 'index': 580}","  21 |
  22 |     expect(wrapper.element.tagName).toBe('FORM')
> 23 |     expect(wrapper.classes().length).toBe(0)
     |                                          ^ Magic Number
  24 |     expect(wrapper.attributes('id')).toBeUndefined()
  25 |     expect(wrapper.attributes('novalidate')).toBeUndefined()
  26 |     expect(wrapper.text()).toEqual('foobar')"
/home/gabriel/Disk/Research/research-javascript-test-smells/repositories/bootstrap-vue-dev/src/components/form/form.spec.js,Magic Number,"{'line': 40, 'column': 42, 'index': 1073}","  38 |     expect(wrapper.element.tagName).toBe('FORM')
  39 |     expect(wrapper.classes()).toContain('form-inline')
> 40 |     expect(wrapper.classes().length).toBe(1)
     |                                          ^ Magic Number
  41 |     expect(wrapper.attributes('id')).toBeUndefined()
  42 |     expect(wrapper.attributes('novalidate')).toBeUndefined()
  43 |     expect(wrapper.text()).toEqual('')"
/home/gabriel/Disk/Research/research-javascript-test-smells/repositories/bootstrap-vue-dev/src/components/form/form.spec.js,Magic Number,"{'line': 57, 'column': 42, 'index': 1571}","  55 |     expect(wrapper.element.tagName).toBe('FORM')
  56 |     expect(wrapper.classes()).toContain('was-validated')
> 57 |     expect(wrapper.classes().length).toBe(1)
     |                                          ^ Magic Number
  58 |     expect(wrapper.attributes('id')).toBeUndefined()
  59 |     expect(wrapper.attributes('novalidate')).toBeUndefined()
  60 |     expect(wrapper.text()).toEqual('')"
/home/gabriel/Disk/Research/research-javascript-test-smells/repositories/bootstrap-vue-dev/src/components/form/form.spec.js,Magic Number,"{'line': 73, 'column': 42, 'index': 1978}","  71 |
  72 |     expect(wrapper.element.tagName).toBe('FORM')
> 73 |     expect(wrapper.classes().length).toBe(0)
     |                                          ^ Magic Number
  74 |     expect(wrapper.attributes('id')).toBeDefined()
  75 |     expect(wrapper.attributes('id')).toEqual('foo')
  76 |     expect(wrapper.attributes('novalidate')).toBeUndefined()"
/home/gabriel/Disk/Research/research-javascript-test-smells/repositories/bootstrap-vue-dev/src/components/form/form.spec.js,Magic Number,"{'line': 90, 'column': 42, 'index': 2471}","  88 |
  89 |     expect(wrapper.element.tagName).toBe('FORM')
> 90 |     expect(wrapper.classes().length).toBe(0)
     |                                          ^ Magic Number
  91 |     expect(wrapper.attributes('id')).toBeUndefined()
  92 |     expect(wrapper.attributes('novalidate')).toBeDefined()
  93 |     expect(wrapper.text()).toEqual('')"
/home/gabriel/Disk/Research/research-javascript-test-smells/repositories/bootstrap-vue-dev/src/components/form/form-text.spec.js,Duplicate Assert,"{'line': 9, 'column': 4, 'index': 263}","   7 |
   8 |     expect(wrapper.element.tagName).toBe('SMALL')
>  9 |     expect(wrapper.classes()).toContain('form-text')
     |    ^ Duplicate Assert
  10 |     expect(wrapper.classes()).toContain('text-muted')
  11 |     expect(wrapper.classes().length).toBe(2)
  12 |     expect(wrapper.text()).toEqual('')"
/home/gabriel/Disk/Research/research-javascript-test-smells/repositories/bootstrap-vue-dev/src/components/form/form-text.spec.js,Duplicate Assert,"{'line': 10, 'column': 4, 'index': 316}","   8 |     expect(wrapper.element.tagName).toBe('SMALL')
   9 |     expect(wrapper.classes()).toContain('form-text')
> 10 |     expect(wrapper.classes()).toContain('text-muted')
     |    ^ Duplicate Assert
  11 |     expect(wrapper.classes().length).toBe(2)
  12 |     expect(wrapper.text()).toEqual('')
  13 |"
/home/gabriel/Disk/Research/research-javascript-test-smells/repositories/bootstrap-vue-dev/src/components/form/form-text.spec.js,Duplicate Assert,"{'line': 25, 'column': 4, 'index': 680}","  23 |
  24 |     expect(wrapper.element.tagName).toBe('SMALL')
> 25 |     expect(wrapper.classes()).toContain('form-text')
     |    ^ Duplicate Assert
  26 |     expect(wrapper.classes()).toContain('text-muted')
  27 |     expect(wrapper.classes().length).toBe(2)
  28 |     expect(wrapper.text()).toEqual('foobar')"
/home/gabriel/Disk/Research/research-javascript-test-smells/repositories/bootstrap-vue-dev/src/components/form/form-text.spec.js,Duplicate Assert,"{'line': 26, 'column': 4, 'index': 733}","  24 |     expect(wrapper.element.tagName).toBe('SMALL')
  25 |     expect(wrapper.classes()).toContain('form-text')
> 26 |     expect(wrapper.classes()).toContain('text-muted')
     |    ^ Duplicate Assert
  27 |     expect(wrapper.classes().length).toBe(2)
  28 |     expect(wrapper.text()).toEqual('foobar')
  29 |"
/home/gabriel/Disk/Research/research-javascript-test-smells/repositories/bootstrap-vue-dev/src/components/form/form-text.spec.js,Duplicate Assert,"{'line': 41, 'column': 4, 'index': 1111}","  39 |
  40 |     expect(wrapper.element.tagName).toBe('P')
> 41 |     expect(wrapper.classes()).toContain('form-text')
     |    ^ Duplicate Assert
  42 |     expect(wrapper.classes()).toContain('text-muted')
  43 |     expect(wrapper.classes().length).toBe(2)
  44 |     expect(wrapper.text()).toEqual('')"
/home/gabriel/Disk/Research/research-javascript-test-smells/repositories/bootstrap-vue-dev/src/components/form/form-text.spec.js,Duplicate Assert,"{'line': 42, 'column': 4, 'index': 1164}","  40 |     expect(wrapper.element.tagName).toBe('P')
  41 |     expect(wrapper.classes()).toContain('form-text')
> 42 |     expect(wrapper.classes()).toContain('text-muted')
     |    ^ Duplicate Assert
  43 |     expect(wrapper.classes().length).toBe(2)
  44 |     expect(wrapper.text()).toEqual('')
  45 |"
/home/gabriel/Disk/Research/research-javascript-test-smells/repositories/bootstrap-vue-dev/src/components/form/form-text.spec.js,Duplicate Assert,"{'line': 57, 'column': 4, 'index': 1516}","  55 |
  56 |     expect(wrapper.element.tagName).toBe('SMALL')
> 57 |     expect(wrapper.attributes('id')).toBeDefined()
     |    ^ Duplicate Assert
  58 |     expect(wrapper.attributes('id')).toEqual('foo')
  59 |
  60 |     wrapper.destroy()"
/home/gabriel/Disk/Research/research-javascript-test-smells/repositories/bootstrap-vue-dev/src/components/form/form-text.spec.js,Duplicate Assert,"{'line': 58, 'column': 4, 'index': 1567}","  56 |     expect(wrapper.element.tagName).toBe('SMALL')
  57 |     expect(wrapper.attributes('id')).toBeDefined()
> 58 |     expect(wrapper.attributes('id')).toEqual('foo')
     |    ^ Duplicate Assert
  59 |
  60 |     wrapper.destroy()
  61 |   })"
/home/gabriel/Disk/Research/research-javascript-test-smells/repositories/bootstrap-vue-dev/src/components/form/form-text.spec.js,Duplicate Assert,"{'line': 71, 'column': 4, 'index': 1866}","  69 |
  70 |     expect(wrapper.element.tagName).toBe('SMALL')
> 71 |     expect(wrapper.classes()).not.toContain('form-text')
     |    ^ Duplicate Assert
  72 |     expect(wrapper.classes()).toContain('text-muted')
  73 |     expect(wrapper.classes().length).toBe(1)
  74 |"
/home/gabriel/Disk/Research/research-javascript-test-smells/repositories/bootstrap-vue-dev/src/components/form/form-text.spec.js,Duplicate Assert,"{'line': 72, 'column': 4, 'index': 1923}","  70 |     expect(wrapper.element.tagName).toBe('SMALL')
  71 |     expect(wrapper.classes()).not.toContain('form-text')
> 72 |     expect(wrapper.classes()).toContain('text-muted')
     |    ^ Duplicate Assert
  73 |     expect(wrapper.classes().length).toBe(1)
  74 |
  75 |     wrapper.destroy()"
/home/gabriel/Disk/Research/research-javascript-test-smells/repositories/bootstrap-vue-dev/src/components/form/form-text.spec.js,Duplicate Assert,"{'line': 86, 'column': 4, 'index': 2281}","  84 |
  85 |     expect(wrapper.element.tagName).toBe('SMALL')
> 86 |     expect(wrapper.classes()).toContain('form-text')
     |    ^ Duplicate Assert
  87 |     expect(wrapper.classes()).toContain('text-info')
  88 |     expect(wrapper.classes().length).toBe(2)
  89 |     expect(wrapper.text()).toEqual('')"
/home/gabriel/Disk/Research/research-javascript-test-smells/repositories/bootstrap-vue-dev/src/components/form/form-text.spec.js,Duplicate Assert,"{'line': 87, 'column': 4, 'index': 2334}","  85 |     expect(wrapper.element.tagName).toBe('SMALL')
  86 |     expect(wrapper.classes()).toContain('form-text')
> 87 |     expect(wrapper.classes()).toContain('text-info')
     |    ^ Duplicate Assert
  88 |     expect(wrapper.classes().length).toBe(2)
  89 |     expect(wrapper.text()).toEqual('')
  90 |"
/home/gabriel/Disk/Research/research-javascript-test-smells/repositories/bootstrap-vue-dev/src/components/form/form-text.spec.js,Magic Number,"{'line': 11, 'column': 42, 'index': 408}","   9 |     expect(wrapper.classes()).toContain('form-text')
  10 |     expect(wrapper.classes()).toContain('text-muted')
> 11 |     expect(wrapper.classes().length).toBe(2)
     |                                          ^ Magic Number
  12 |     expect(wrapper.text()).toEqual('')
  13 |
  14 |     wrapper.destroy()"
/home/gabriel/Disk/Research/research-javascript-test-smells/repositories/bootstrap-vue-dev/src/components/form/form-text.spec.js,Magic Number,"{'line': 27, 'column': 42, 'index': 825}","  25 |     expect(wrapper.classes()).toContain('form-text')
  26 |     expect(wrapper.classes()).toContain('text-muted')
> 27 |     expect(wrapper.classes().length).toBe(2)
     |                                          ^ Magic Number
  28 |     expect(wrapper.text()).toEqual('foobar')
  29 |
  30 |     wrapper.destroy()"
/home/gabriel/Disk/Research/research-javascript-test-smells/repositories/bootstrap-vue-dev/src/components/form/form-text.spec.js,Magic Number,"{'line': 43, 'column': 42, 'index': 1256}","  41 |     expect(wrapper.classes()).toContain('form-text')
  42 |     expect(wrapper.classes()).toContain('text-muted')
> 43 |     expect(wrapper.classes().length).toBe(2)
     |                                          ^ Magic Number
  44 |     expect(wrapper.text()).toEqual('')
  45 |
  46 |     wrapper.destroy()"
/home/gabriel/Disk/Research/research-javascript-test-smells/repositories/bootstrap-vue-dev/src/components/form/form-text.spec.js,Magic Number,"{'line': 73, 'column': 42, 'index': 2015}","  71 |     expect(wrapper.classes()).not.toContain('form-text')
  72 |     expect(wrapper.classes()).toContain('text-muted')
> 73 |     expect(wrapper.classes().length).toBe(1)
     |                                          ^ Magic Number
  74 |
  75 |     wrapper.destroy()
  76 |   })"
/home/gabriel/Disk/Research/research-javascript-test-smells/repositories/bootstrap-vue-dev/src/components/form/form-text.spec.js,Magic Number,"{'line': 88, 'column': 42, 'index': 2425}","  86 |     expect(wrapper.classes()).toContain('form-text')
  87 |     expect(wrapper.classes()).toContain('text-info')
> 88 |     expect(wrapper.classes().length).toBe(2)
     |                                          ^ Magic Number
  89 |     expect(wrapper.text()).toEqual('')
  90 |
  91 |     wrapper.destroy()"
/home/gabriel/Disk/Research/research-javascript-test-smells/repositories/bootstrap-vue-dev/src/components/form/form-invalid-feedback.spec.js,Duplicate Assert,"{'line': 165, 'column': 4, 'index': 3660}","  163 |     })
  164 |
> 165 |     expect(wrapper.text()).toContain('foo')
      |    ^ Duplicate Assert
  166 |     expect(wrapper.text()).toContain('bar')
  167 |
  168 |     wrapper.destroy()"
/home/gabriel/Disk/Research/research-javascript-test-smells/repositories/bootstrap-vue-dev/src/components/form/form-invalid-feedback.spec.js,Duplicate Assert,"{'line': 166, 'column': 4, 'index': 3704}","  164 |
  165 |     expect(wrapper.text()).toContain('foo')
> 166 |     expect(wrapper.text()).toContain('bar')
      |    ^ Duplicate Assert
  167 |
  168 |     wrapper.destroy()
  169 |   })"
/home/gabriel/Disk/Research/research-javascript-test-smells/repositories/bootstrap-vue-dev/src/components/form/form-datalist.spec.js,Magic Number,"{'line': 33, 'column': 50, 'index': 789}","  31 |       }
  32 |     })
> 33 |     expect(wrapper.findAll('option').length).toBe(0)
     |                                                  ^ Magic Number
  34 |
  35 |     wrapper.destroy()
  36 |   })"
/home/gabriel/Disk/Research/research-javascript-test-smells/repositories/bootstrap-vue-dev/src/components/form/form-datalist.spec.js,Magic Number,"{'line': 47, 'column': 33, 'index': 1087}","  45 |     const $options = wrapper.findAll('option')
  46 |
> 47 |     expect($options.length).toBe(2)
     |                                 ^ Magic Number
  48 |
  49 |     expect($options.at(0).text()).toBe('one')
  50 |     expect($options.at(1).text()).toBe('two')"
/home/gabriel/Disk/Research/research-javascript-test-smells/repositories/bootstrap-vue-dev/src/components/embed/embed.spec.js,Duplicate Assert,"{'line': 9, 'column': 4, 'index': 256}","   7 |
   8 |     expect(wrapper.element.tagName).toBe('DIV')
>  9 |     expect(wrapper.classes()).toContain('embed-responsive')
     |    ^ Duplicate Assert
  10 |     expect(wrapper.classes()).toContain('embed-responsive-16by9')
  11 |     expect(wrapper.classes().length).toBe(2)
  12 |"
/home/gabriel/Disk/Research/research-javascript-test-smells/repositories/bootstrap-vue-dev/src/components/embed/embed.spec.js,Duplicate Assert,"{'line': 10, 'column': 4, 'index': 316}","   8 |     expect(wrapper.element.tagName).toBe('DIV')
   9 |     expect(wrapper.classes()).toContain('embed-responsive')
> 10 |     expect(wrapper.classes()).toContain('embed-responsive-16by9')
     |    ^ Duplicate Assert
  11 |     expect(wrapper.classes().length).toBe(2)
  12 |
  13 |     expect(wrapper.findAll('iframe').length).toBe(1)"
/home/gabriel/Disk/Research/research-javascript-test-smells/repositories/bootstrap-vue-dev/src/components/embed/embed.spec.js,Duplicate Assert,"{'line': 28, 'column': 4, 'index': 856}","  26 |
  27 |     expect(wrapper.element.tagName).toBe('ASIDE')
> 28 |     expect(wrapper.classes()).toContain('embed-responsive')
     |    ^ Duplicate Assert
  29 |     expect(wrapper.classes()).toContain('embed-responsive-16by9')
  30 |     expect(wrapper.classes().length).toBe(2)
  31 |     expect(wrapper.findAll('iframe').length).toBe(1)"
/home/gabriel/Disk/Research/research-javascript-test-smells/repositories/bootstrap-vue-dev/src/components/embed/embed.spec.js,Duplicate Assert,"{'line': 29, 'column': 4, 'index': 916}","  27 |     expect(wrapper.element.tagName).toBe('ASIDE')
  28 |     expect(wrapper.classes()).toContain('embed-responsive')
> 29 |     expect(wrapper.classes()).toContain('embed-responsive-16by9')
     |    ^ Duplicate Assert
  30 |     expect(wrapper.classes().length).toBe(2)
  31 |     expect(wrapper.findAll('iframe').length).toBe(1)
  32 |"
/home/gabriel/Disk/Research/research-javascript-test-smells/repositories/bootstrap-vue-dev/src/components/embed/embed.spec.js,Duplicate Assert,"{'line': 44, 'column': 4, 'index': 1321}","  42 |
  43 |     expect(wrapper.element.tagName).toBe('DIV')
> 44 |     expect(wrapper.classes()).toContain('embed-responsive')
     |    ^ Duplicate Assert
  45 |     expect(wrapper.classes()).toContain('embed-responsive-16by9')
  46 |     expect(wrapper.classes().length).toBe(2)
  47 |     expect(wrapper.findAll('video').length).toBe(1)"
/home/gabriel/Disk/Research/research-javascript-test-smells/repositories/bootstrap-vue-dev/src/components/embed/embed.spec.js,Duplicate Assert,"{'line': 45, 'column': 4, 'index': 1381}","  43 |     expect(wrapper.element.tagName).toBe('DIV')
  44 |     expect(wrapper.classes()).toContain('embed-responsive')
> 45 |     expect(wrapper.classes()).toContain('embed-responsive-16by9')
     |    ^ Duplicate Assert
  46 |     expect(wrapper.classes().length).toBe(2)
  47 |     expect(wrapper.findAll('video').length).toBe(1)
  48 |     expect(wrapper.find('video').classes()).toContain('embed-responsive-item')"
/home/gabriel/Disk/Research/research-javascript-test-smells/repositories/bootstrap-vue-dev/src/components/embed/embed.spec.js,Duplicate Assert,"{'line': 62, 'column': 4, 'index': 1912}","  60 |
  61 |     expect(wrapper.element.tagName).toBe('DIV')
> 62 |     expect(wrapper.classes()).toContain('embed-responsive')
     |    ^ Duplicate Assert
  63 |     expect(wrapper.classes()).toContain('embed-responsive-4by3')
  64 |     expect(wrapper.classes().length).toBe(2)
  65 |"
/home/gabriel/Disk/Research/research-javascript-test-smells/repositories/bootstrap-vue-dev/src/components/embed/embed.spec.js,Duplicate Assert,"{'line': 63, 'column': 4, 'index': 1972}","  61 |     expect(wrapper.element.tagName).toBe('DIV')
  62 |     expect(wrapper.classes()).toContain('embed-responsive')
> 63 |     expect(wrapper.classes()).toContain('embed-responsive-4by3')
     |    ^ Duplicate Assert
  64 |     expect(wrapper.classes().length).toBe(2)
  65 |
  66 |     wrapper.destroy()"
/home/gabriel/Disk/Research/research-javascript-test-smells/repositories/bootstrap-vue-dev/src/components/embed/embed.spec.js,Duplicate Assert,"{'line': 81, 'column': 4, 'index': 2541}","  79 |     expect(wrapper.findAll('iframe').length).toBe(1)
  80 |     expect(wrapper.find('iframe').classes()).toContain('embed-responsive-item')
> 81 |     expect(wrapper.find('iframe').attributes('src')).toBeDefined()
     |    ^ Duplicate Assert
  82 |     expect(wrapper.find('iframe').attributes('src')).toBe('/foo/bar')
  83 |     expect(wrapper.find('iframe').attributes('baz')).toBeDefined()
  84 |     expect(wrapper.find('iframe').attributes('baz')).toBe('buz')"
/home/gabriel/Disk/Research/research-javascript-test-smells/repositories/bootstrap-vue-dev/src/components/embed/embed.spec.js,Duplicate Assert,"{'line': 82, 'column': 4, 'index': 2608}","  80 |     expect(wrapper.find('iframe').classes()).toContain('embed-responsive-item')
  81 |     expect(wrapper.find('iframe').attributes('src')).toBeDefined()
> 82 |     expect(wrapper.find('iframe').attributes('src')).toBe('/foo/bar')
     |    ^ Duplicate Assert
  83 |     expect(wrapper.find('iframe').attributes('baz')).toBeDefined()
  84 |     expect(wrapper.find('iframe').attributes('baz')).toBe('buz')
  85 |"
/home/gabriel/Disk/Research/research-javascript-test-smells/repositories/bootstrap-vue-dev/src/components/embed/embed.spec.js,Duplicate Assert,"{'line': 83, 'column': 4, 'index': 2678}","  81 |     expect(wrapper.find('iframe').attributes('src')).toBeDefined()
  82 |     expect(wrapper.find('iframe').attributes('src')).toBe('/foo/bar')
> 83 |     expect(wrapper.find('iframe').attributes('baz')).toBeDefined()
     |    ^ Duplicate Assert
  84 |     expect(wrapper.find('iframe').attributes('baz')).toBe('buz')
  85 |
  86 |     wrapper.destroy()"
/home/gabriel/Disk/Research/research-javascript-test-smells/repositories/bootstrap-vue-dev/src/components/embed/embed.spec.js,Duplicate Assert,"{'line': 84, 'column': 4, 'index': 2745}","  82 |     expect(wrapper.find('iframe').attributes('src')).toBe('/foo/bar')
  83 |     expect(wrapper.find('iframe').attributes('baz')).toBeDefined()
> 84 |     expect(wrapper.find('iframe').attributes('baz')).toBe('buz')
     |    ^ Duplicate Assert
  85 |
  86 |     wrapper.destroy()
  87 |   })"
/home/gabriel/Disk/Research/research-javascript-test-smells/repositories/bootstrap-vue-dev/src/components/embed/embed.spec.js,Duplicate Assert,"{'line': 100, 'column': 4, 'index': 3105}","   98 |
   99 |     expect(wrapper.element.tagName).toBe('DIV')
> 100 |     expect(wrapper.classes()).toContain('embed-responsive')
      |    ^ Duplicate Assert
  101 |     expect(wrapper.classes()).toContain('embed-responsive-16by9')
  102 |     expect(wrapper.classes().length).toBe(2)
  103 |     expect(wrapper.findAll('video').length).toBe(1)"
/home/gabriel/Disk/Research/research-javascript-test-smells/repositories/bootstrap-vue-dev/src/components/embed/embed.spec.js,Duplicate Assert,"{'line': 101, 'column': 4, 'index': 3165}","   99 |     expect(wrapper.element.tagName).toBe('DIV')
  100 |     expect(wrapper.classes()).toContain('embed-responsive')
> 101 |     expect(wrapper.classes()).toContain('embed-responsive-16by9')
      |    ^ Duplicate Assert
  102 |     expect(wrapper.classes().length).toBe(2)
  103 |     expect(wrapper.findAll('video').length).toBe(1)
  104 |     expect(wrapper.find('video').classes()).toContain('embed-responsive-item')"
/home/gabriel/Disk/Research/research-javascript-test-smells/repositories/bootstrap-vue-dev/src/components/embed/embed.spec.js,Magic Number,"{'line': 11, 'column': 42, 'index': 420}","   9 |     expect(wrapper.classes()).toContain('embed-responsive')
  10 |     expect(wrapper.classes()).toContain('embed-responsive-16by9')
> 11 |     expect(wrapper.classes().length).toBe(2)
     |                                          ^ Magic Number
  12 |
  13 |     expect(wrapper.findAll('iframe').length).toBe(1)
  14 |     expect(wrapper.find('iframe').classes()).toContain('embed-responsive-item')"
/home/gabriel/Disk/Research/research-javascript-test-smells/repositories/bootstrap-vue-dev/src/components/embed/embed.spec.js,Magic Number,"{'line': 13, 'column': 50, 'index': 474}","  11 |     expect(wrapper.classes().length).toBe(2)
  12 |
> 13 |     expect(wrapper.findAll('iframe').length).toBe(1)
     |                                                  ^ Magic Number
  14 |     expect(wrapper.find('iframe').classes()).toContain('embed-responsive-item')
  15 |     expect(wrapper.find('iframe').classes().length).toBe(1)
  16 |"
/home/gabriel/Disk/Research/research-javascript-test-smells/repositories/bootstrap-vue-dev/src/components/embed/embed.spec.js,Magic Number,"{'line': 15, 'column': 57, 'index': 614}","  13 |     expect(wrapper.findAll('iframe').length).toBe(1)
  14 |     expect(wrapper.find('iframe').classes()).toContain('embed-responsive-item')
> 15 |     expect(wrapper.find('iframe').classes().length).toBe(1)
     |                                                         ^ Magic Number
  16 |
  17 |     wrapper.destroy()
  18 |   })"
/home/gabriel/Disk/Research/research-javascript-test-smells/repositories/bootstrap-vue-dev/src/components/embed/embed.spec.js,Magic Number,"{'line': 30, 'column': 42, 'index': 1020}","  28 |     expect(wrapper.classes()).toContain('embed-responsive')
  29 |     expect(wrapper.classes()).toContain('embed-responsive-16by9')
> 30 |     expect(wrapper.classes().length).toBe(2)
     |                                          ^ Magic Number
  31 |     expect(wrapper.findAll('iframe').length).toBe(1)
  32 |
  33 |     wrapper.destroy()"
/home/gabriel/Disk/Research/research-javascript-test-smells/repositories/bootstrap-vue-dev/src/components/embed/embed.spec.js,Magic Number,"{'line': 31, 'column': 50, 'index': 1073}","  29 |     expect(wrapper.classes()).toContain('embed-responsive-16by9')
  30 |     expect(wrapper.classes().length).toBe(2)
> 31 |     expect(wrapper.findAll('iframe').length).toBe(1)
     |                                                  ^ Magic Number
  32 |
  33 |     wrapper.destroy()
  34 |   })"
/home/gabriel/Disk/Research/research-javascript-test-smells/repositories/bootstrap-vue-dev/src/components/embed/embed.spec.js,Magic Number,"{'line': 46, 'column': 42, 'index': 1485}","  44 |     expect(wrapper.classes()).toContain('embed-responsive')
  45 |     expect(wrapper.classes()).toContain('embed-responsive-16by9')
> 46 |     expect(wrapper.classes().length).toBe(2)
     |                                          ^ Magic Number
  47 |     expect(wrapper.findAll('video').length).toBe(1)
  48 |     expect(wrapper.find('video').classes()).toContain('embed-responsive-item')
  49 |     expect(wrapper.find('video').classes().length).toBe(1)"
/home/gabriel/Disk/Research/research-javascript-test-smells/repositories/bootstrap-vue-dev/src/components/embed/embed.spec.js,Magic Number,"{'line': 47, 'column': 49, 'index': 1537}","  45 |     expect(wrapper.classes()).toContain('embed-responsive-16by9')
  46 |     expect(wrapper.classes().length).toBe(2)
> 47 |     expect(wrapper.findAll('video').length).toBe(1)
     |                                                 ^ Magic Number
  48 |     expect(wrapper.find('video').classes()).toContain('embed-responsive-item')
  49 |     expect(wrapper.find('video').classes().length).toBe(1)
  50 |"
/home/gabriel/Disk/Research/research-javascript-test-smells/repositories/bootstrap-vue-dev/src/components/embed/embed.spec.js,Magic Number,"{'line': 49, 'column': 56, 'index': 1675}","  47 |     expect(wrapper.findAll('video').length).toBe(1)
  48 |     expect(wrapper.find('video').classes()).toContain('embed-responsive-item')
> 49 |     expect(wrapper.find('video').classes().length).toBe(1)
     |                                                        ^ Magic Number
  50 |
  51 |     wrapper.destroy()
  52 |   })"
/home/gabriel/Disk/Research/research-javascript-test-smells/repositories/bootstrap-vue-dev/src/components/embed/embed.spec.js,Magic Number,"{'line': 64, 'column': 42, 'index': 2075}","  62 |     expect(wrapper.classes()).toContain('embed-responsive')
  63 |     expect(wrapper.classes()).toContain('embed-responsive-4by3')
> 64 |     expect(wrapper.classes().length).toBe(2)
     |                                          ^ Magic Number
  65 |
  66 |     wrapper.destroy()
  67 |   })"
/home/gabriel/Disk/Research/research-javascript-test-smells/repositories/bootstrap-vue-dev/src/components/embed/embed.spec.js,Magic Number,"{'line': 79, 'column': 50, 'index': 2454}","  77 |     expect(wrapper.element.tagName).toBe('DIV')
  78 |     expect(wrapper.classes()).toContain('embed-responsive')
> 79 |     expect(wrapper.findAll('iframe').length).toBe(1)
     |                                                  ^ Magic Number
  80 |     expect(wrapper.find('iframe').classes()).toContain('embed-responsive-item')
  81 |     expect(wrapper.find('iframe').attributes('src')).toBeDefined()
  82 |     expect(wrapper.find('iframe').attributes('src')).toBe('/foo/bar')"
/home/gabriel/Disk/Research/research-javascript-test-smells/repositories/bootstrap-vue-dev/src/components/embed/embed.spec.js,Magic Number,"{'line': 102, 'column': 42, 'index': 3269}","  100 |     expect(wrapper.classes()).toContain('embed-responsive')
  101 |     expect(wrapper.classes()).toContain('embed-responsive-16by9')
> 102 |     expect(wrapper.classes().length).toBe(2)
      |                                          ^ Magic Number
  103 |     expect(wrapper.findAll('video').length).toBe(1)
  104 |     expect(wrapper.find('video').classes()).toContain('embed-responsive-item')
  105 |     expect(wrapper.find('video').classes().length).toBe(1)"
/home/gabriel/Disk/Research/research-javascript-test-smells/repositories/bootstrap-vue-dev/src/components/embed/embed.spec.js,Magic Number,"{'line': 103, 'column': 49, 'index': 3321}","  101 |     expect(wrapper.classes()).toContain('embed-responsive-16by9')
  102 |     expect(wrapper.classes().length).toBe(2)
> 103 |     expect(wrapper.findAll('video').length).toBe(1)
      |                                                 ^ Magic Number
  104 |     expect(wrapper.find('video').classes()).toContain('embed-responsive-item')
  105 |     expect(wrapper.find('video').classes().length).toBe(1)
  106 |     expect(wrapper.find('video').text()).toBe('foobar')"
/home/gabriel/Disk/Research/research-javascript-test-smells/repositories/bootstrap-vue-dev/src/components/embed/embed.spec.js,Magic Number,"{'line': 105, 'column': 56, 'index': 3459}","  103 |     expect(wrapper.findAll('video').length).toBe(1)
  104 |     expect(wrapper.find('video').classes()).toContain('embed-responsive-item')
> 105 |     expect(wrapper.find('video').classes().length).toBe(1)
      |                                                        ^ Magic Number
  106 |     expect(wrapper.find('video').text()).toBe('foobar')
  107 |
  108 |     wrapper.destroy()"
/home/gabriel/Disk/Research/research-javascript-test-smells/repositories/bootstrap-vue-dev/src/components/dropdown/dropdown.spec.js,Conditional Test Logic,"{'line': 737, 'column': 10, 'index': 23406}","  735 |       listeners: {
  736 |         show: bvEvent => {
> 737 |           if (prevent) {
      |          ^ Conditional Test Logic
  738 |             bvEvent.preventDefault()
  739 |           }
  740 |         }"
/home/gabriel/Disk/Research/research-javascript-test-smells/repositories/bootstrap-vue-dev/src/components/dropdown/dropdown.spec.js,Duplicate Assert,"{'line': 52, 'column': 4, 'index': 1585}","  50 |     await waitNT(wrapper.vm)
  51 |
> 52 |     expect(wrapper.classes()).toContain('dropdown')
     |    ^ Duplicate Assert
  53 |     expect(wrapper.classes()).toContain('btn-group')
  54 |     expect(wrapper.classes()).toContain('b-dropdown')
  55 |     expect(wrapper.classes().length).toBe(3)"
/home/gabriel/Disk/Research/research-javascript-test-smells/repositories/bootstrap-vue-dev/src/components/dropdown/dropdown.spec.js,Duplicate Assert,"{'line': 53, 'column': 4, 'index': 1637}","  51 |
  52 |     expect(wrapper.classes()).toContain('dropdown')
> 53 |     expect(wrapper.classes()).toContain('btn-group')
     |    ^ Duplicate Assert
  54 |     expect(wrapper.classes()).toContain('b-dropdown')
  55 |     expect(wrapper.classes().length).toBe(3)
  56 |     expect(wrapper.attributes('id')).toBeDefined()"
/home/gabriel/Disk/Research/research-javascript-test-smells/repositories/bootstrap-vue-dev/src/components/dropdown/dropdown.spec.js,Duplicate Assert,"{'line': 54, 'column': 4, 'index': 1690}","  52 |     expect(wrapper.classes()).toContain('dropdown')
  53 |     expect(wrapper.classes()).toContain('btn-group')
> 54 |     expect(wrapper.classes()).toContain('b-dropdown')
     |    ^ Duplicate Assert
  55 |     expect(wrapper.classes().length).toBe(3)
  56 |     expect(wrapper.attributes('id')).toBeDefined()
  57 |     const wrapperId = wrapper.attributes('id')"
/home/gabriel/Disk/Research/research-javascript-test-smells/repositories/bootstrap-vue-dev/src/components/dropdown/dropdown.spec.js,Duplicate Assert,"{'line': 61, 'column': 4, 'index': 1984}","  59 |     expect(wrapper.findAll('button').length).toBe(1)
  60 |     const $button = wrapper.find('button')
> 61 |     expect($button.classes()).toContain('btn')
     |    ^ Duplicate Assert
  62 |     expect($button.classes()).toContain('btn-secondary')
  63 |     expect($button.classes()).toContain('dropdown-toggle')
  64 |     expect($button.classes().length).toBe(3)"
/home/gabriel/Disk/Research/research-javascript-test-smells/repositories/bootstrap-vue-dev/src/components/dropdown/dropdown.spec.js,Duplicate Assert,"{'line': 62, 'column': 4, 'index': 2031}","  60 |     const $button = wrapper.find('button')
  61 |     expect($button.classes()).toContain('btn')
> 62 |     expect($button.classes()).toContain('btn-secondary')
     |    ^ Duplicate Assert
  63 |     expect($button.classes()).toContain('dropdown-toggle')
  64 |     expect($button.classes().length).toBe(3)
  65 |     expect($button.attributes('aria-haspopup')).toBeDefined()"
/home/gabriel/Disk/Research/research-javascript-test-smells/repositories/bootstrap-vue-dev/src/components/dropdown/dropdown.spec.js,Duplicate Assert,"{'line': 63, 'column': 4, 'index': 2088}","  61 |     expect($button.classes()).toContain('btn')
  62 |     expect($button.classes()).toContain('btn-secondary')
> 63 |     expect($button.classes()).toContain('dropdown-toggle')
     |    ^ Duplicate Assert
  64 |     expect($button.classes().length).toBe(3)
  65 |     expect($button.attributes('aria-haspopup')).toBeDefined()
  66 |     expect($button.attributes('aria-haspopup')).toEqual('menu')"
/home/gabriel/Disk/Research/research-javascript-test-smells/repositories/bootstrap-vue-dev/src/components/dropdown/dropdown.spec.js,Duplicate Assert,"{'line': 65, 'column': 4, 'index': 2192}","  63 |     expect($button.classes()).toContain('dropdown-toggle')
  64 |     expect($button.classes().length).toBe(3)
> 65 |     expect($button.attributes('aria-haspopup')).toBeDefined()
     |    ^ Duplicate Assert
  66 |     expect($button.attributes('aria-haspopup')).toEqual('menu')
  67 |     expect($button.attributes('aria-expanded')).toBeDefined()
  68 |     expect($button.attributes('aria-expanded')).toEqual('false')"
/home/gabriel/Disk/Research/research-javascript-test-smells/repositories/bootstrap-vue-dev/src/components/dropdown/dropdown.spec.js,Duplicate Assert,"{'line': 66, 'column': 4, 'index': 2254}","  64 |     expect($button.classes().length).toBe(3)
  65 |     expect($button.attributes('aria-haspopup')).toBeDefined()
> 66 |     expect($button.attributes('aria-haspopup')).toEqual('menu')
     |    ^ Duplicate Assert
  67 |     expect($button.attributes('aria-expanded')).toBeDefined()
  68 |     expect($button.attributes('aria-expanded')).toEqual('false')
  69 |     expect($button.attributes('id')).toBeDefined()"
/home/gabriel/Disk/Research/research-javascript-test-smells/repositories/bootstrap-vue-dev/src/components/dropdown/dropdown.spec.js,Duplicate Assert,"{'line': 67, 'column': 4, 'index': 2318}","  65 |     expect($button.attributes('aria-haspopup')).toBeDefined()
  66 |     expect($button.attributes('aria-haspopup')).toEqual('menu')
> 67 |     expect($button.attributes('aria-expanded')).toBeDefined()
     |    ^ Duplicate Assert
  68 |     expect($button.attributes('aria-expanded')).toEqual('false')
  69 |     expect($button.attributes('id')).toBeDefined()
  70 |     expect($button.attributes('id')).toEqual(`${wrapperId}__BV_toggle_`)"
/home/gabriel/Disk/Research/research-javascript-test-smells/repositories/bootstrap-vue-dev/src/components/dropdown/dropdown.spec.js,Duplicate Assert,"{'line': 68, 'column': 4, 'index': 2380}","  66 |     expect($button.attributes('aria-haspopup')).toEqual('menu')
  67 |     expect($button.attributes('aria-expanded')).toBeDefined()
> 68 |     expect($button.attributes('aria-expanded')).toEqual('false')
     |    ^ Duplicate Assert
  69 |     expect($button.attributes('id')).toBeDefined()
  70 |     expect($button.attributes('id')).toEqual(`${wrapperId}__BV_toggle_`)
  71 |     expect($button.text()).toEqual('')"
/home/gabriel/Disk/Research/research-javascript-test-smells/repositories/bootstrap-vue-dev/src/components/dropdown/dropdown.spec.js,Duplicate Assert,"{'line': 69, 'column': 4, 'index': 2445}","  67 |     expect($button.attributes('aria-expanded')).toBeDefined()
  68 |     expect($button.attributes('aria-expanded')).toEqual('false')
> 69 |     expect($button.attributes('id')).toBeDefined()
     |    ^ Duplicate Assert
  70 |     expect($button.attributes('id')).toEqual(`${wrapperId}__BV_toggle_`)
  71 |     expect($button.text()).toEqual('')
  72 |"
/home/gabriel/Disk/Research/research-javascript-test-smells/repositories/bootstrap-vue-dev/src/components/dropdown/dropdown.spec.js,Duplicate Assert,"{'line': 70, 'column': 4, 'index': 2496}","  68 |     expect($button.attributes('aria-expanded')).toEqual('false')
  69 |     expect($button.attributes('id')).toBeDefined()
> 70 |     expect($button.attributes('id')).toEqual(`${wrapperId}__BV_toggle_`)
     |    ^ Duplicate Assert
  71 |     expect($button.text()).toEqual('')
  72 |
  73 |     expect(wrapper.findAll('.dropdown-menu').length).toBe(1)"
/home/gabriel/Disk/Research/research-javascript-test-smells/repositories/bootstrap-vue-dev/src/components/dropdown/dropdown.spec.js,Duplicate Assert,"{'line': 77, 'column': 4, 'index': 2807}","  75 |     expect($menu.element.tagName).toBe('UL')
  76 |     expect($menu.classes().length).toBe(1)
> 77 |     expect($menu.attributes('role')).toBeDefined()
     |    ^ Duplicate Assert
  78 |     expect($menu.attributes('role')).toEqual('menu')
  79 |     expect($menu.attributes('tabindex')).toBeDefined()
  80 |     expect($menu.attributes('tabindex')).toEqual('-1')"
/home/gabriel/Disk/Research/research-javascript-test-smells/repositories/bootstrap-vue-dev/src/components/dropdown/dropdown.spec.js,Duplicate Assert,"{'line': 78, 'column': 4, 'index': 2858}","  76 |     expect($menu.classes().length).toBe(1)
  77 |     expect($menu.attributes('role')).toBeDefined()
> 78 |     expect($menu.attributes('role')).toEqual('menu')
     |    ^ Duplicate Assert
  79 |     expect($menu.attributes('tabindex')).toBeDefined()
  80 |     expect($menu.attributes('tabindex')).toEqual('-1')
  81 |     expect($menu.attributes('aria-labelledby')).toBeDefined()"
/home/gabriel/Disk/Research/research-javascript-test-smells/repositories/bootstrap-vue-dev/src/components/dropdown/dropdown.spec.js,Duplicate Assert,"{'line': 79, 'column': 4, 'index': 2911}","  77 |     expect($menu.attributes('role')).toBeDefined()
  78 |     expect($menu.attributes('role')).toEqual('menu')
> 79 |     expect($menu.attributes('tabindex')).toBeDefined()
     |    ^ Duplicate Assert
  80 |     expect($menu.attributes('tabindex')).toEqual('-1')
  81 |     expect($menu.attributes('aria-labelledby')).toBeDefined()
  82 |     expect($menu.attributes('aria-labelledby')).toEqual(`${wrapperId}__BV_toggle_`)"
/home/gabriel/Disk/Research/research-javascript-test-smells/repositories/bootstrap-vue-dev/src/components/dropdown/dropdown.spec.js,Duplicate Assert,"{'line': 80, 'column': 4, 'index': 2966}","  78 |     expect($menu.attributes('role')).toEqual('menu')
  79 |     expect($menu.attributes('tabindex')).toBeDefined()
> 80 |     expect($menu.attributes('tabindex')).toEqual('-1')
     |    ^ Duplicate Assert
  81 |     expect($menu.attributes('aria-labelledby')).toBeDefined()
  82 |     expect($menu.attributes('aria-labelledby')).toEqual(`${wrapperId}__BV_toggle_`)
  83 |     expect($menu.text()).toEqual('')"
/home/gabriel/Disk/Research/research-javascript-test-smells/repositories/bootstrap-vue-dev/src/components/dropdown/dropdown.spec.js,Duplicate Assert,"{'line': 81, 'column': 4, 'index': 3021}","  79 |     expect($menu.attributes('tabindex')).toBeDefined()
  80 |     expect($menu.attributes('tabindex')).toEqual('-1')
> 81 |     expect($menu.attributes('aria-labelledby')).toBeDefined()
     |    ^ Duplicate Assert
  82 |     expect($menu.attributes('aria-labelledby')).toEqual(`${wrapperId}__BV_toggle_`)
  83 |     expect($menu.text()).toEqual('')
  84 |"
/home/gabriel/Disk/Research/research-javascript-test-smells/repositories/bootstrap-vue-dev/src/components/dropdown/dropdown.spec.js,Duplicate Assert,"{'line': 82, 'column': 4, 'index': 3083}","  80 |     expect($menu.attributes('tabindex')).toEqual('-1')
  81 |     expect($menu.attributes('aria-labelledby')).toBeDefined()
> 82 |     expect($menu.attributes('aria-labelledby')).toEqual(`${wrapperId}__BV_toggle_`)
     |    ^ Duplicate Assert
  83 |     expect($menu.text()).toEqual('')
  84 |
  85 |     wrapper.destroy()"
/home/gabriel/Disk/Research/research-javascript-test-smells/repositories/bootstrap-vue-dev/src/components/dropdown/dropdown.spec.js,Duplicate Assert,"{'line': 102, 'column': 4, 'index': 3578}","  100 |     await waitNT(wrapper.vm)
  101 |
> 102 |     expect(wrapper.classes()).toContain('dropdown')
      |    ^ Duplicate Assert
  103 |     expect(wrapper.classes()).toContain('btn-group')
  104 |     expect(wrapper.classes()).toContain('b-dropdown')
  105 |     expect(wrapper.classes().length).toBe(3)"
/home/gabriel/Disk/Research/research-javascript-test-smells/repositories/bootstrap-vue-dev/src/components/dropdown/dropdown.spec.js,Duplicate Assert,"{'line': 103, 'column': 4, 'index': 3630}","  101 |
  102 |     expect(wrapper.classes()).toContain('dropdown')
> 103 |     expect(wrapper.classes()).toContain('btn-group')
      |    ^ Duplicate Assert
  104 |     expect(wrapper.classes()).toContain('b-dropdown')
  105 |     expect(wrapper.classes().length).toBe(3)
  106 |     expect(wrapper.attributes('id')).toBeDefined()"
/home/gabriel/Disk/Research/research-javascript-test-smells/repositories/bootstrap-vue-dev/src/components/dropdown/dropdown.spec.js,Duplicate Assert,"{'line': 104, 'column': 4, 'index': 3683}","  102 |     expect(wrapper.classes()).toContain('dropdown')
  103 |     expect(wrapper.classes()).toContain('btn-group')
> 104 |     expect(wrapper.classes()).toContain('b-dropdown')
      |    ^ Duplicate Assert
  105 |     expect(wrapper.classes().length).toBe(3)
  106 |     expect(wrapper.attributes('id')).toBeDefined()
  107 |     const wrapperId = wrapper.attributes('id')"
/home/gabriel/Disk/Research/research-javascript-test-smells/repositories/bootstrap-vue-dev/src/components/dropdown/dropdown.spec.js,Duplicate Assert,"{'line': 114, 'column': 4, 'index': 4051}","  112 |     const $toggle = $buttons.at(1)
  113 |
> 114 |     expect($split.classes()).toContain('btn')
      |    ^ Duplicate Assert
  115 |     expect($split.classes()).toContain('btn-secondary')
  116 |     expect($split.attributes('id')).toBeDefined()
  117 |     expect($split.attributes('id')).toEqual(`${wrapperId}__BV_button_`)"
/home/gabriel/Disk/Research/research-javascript-test-smells/repositories/bootstrap-vue-dev/src/components/dropdown/dropdown.spec.js,Duplicate Assert,"{'line': 115, 'column': 4, 'index': 4097}","  113 |
  114 |     expect($split.classes()).toContain('btn')
> 115 |     expect($split.classes()).toContain('btn-secondary')
      |    ^ Duplicate Assert
  116 |     expect($split.attributes('id')).toBeDefined()
  117 |     expect($split.attributes('id')).toEqual(`${wrapperId}__BV_button_`)
  118 |     expect($split.attributes('type')).toBeDefined()"
/home/gabriel/Disk/Research/research-javascript-test-smells/repositories/bootstrap-vue-dev/src/components/dropdown/dropdown.spec.js,Duplicate Assert,"{'line': 116, 'column': 4, 'index': 4153}","  114 |     expect($split.classes()).toContain('btn')
  115 |     expect($split.classes()).toContain('btn-secondary')
> 116 |     expect($split.attributes('id')).toBeDefined()
      |    ^ Duplicate Assert
  117 |     expect($split.attributes('id')).toEqual(`${wrapperId}__BV_button_`)
  118 |     expect($split.attributes('type')).toBeDefined()
  119 |     expect($split.attributes('type')).toEqual('button')"
/home/gabriel/Disk/Research/research-javascript-test-smells/repositories/bootstrap-vue-dev/src/components/dropdown/dropdown.spec.js,Duplicate Assert,"{'line': 117, 'column': 4, 'index': 4203}","  115 |     expect($split.classes()).toContain('btn-secondary')
  116 |     expect($split.attributes('id')).toBeDefined()
> 117 |     expect($split.attributes('id')).toEqual(`${wrapperId}__BV_button_`)
      |    ^ Duplicate Assert
  118 |     expect($split.attributes('type')).toBeDefined()
  119 |     expect($split.attributes('type')).toEqual('button')
  120 |     expect($split.text()).toEqual('')"
/home/gabriel/Disk/Research/research-javascript-test-smells/repositories/bootstrap-vue-dev/src/components/dropdown/dropdown.spec.js,Duplicate Assert,"{'line': 118, 'column': 4, 'index': 4275}","  116 |     expect($split.attributes('id')).toBeDefined()
  117 |     expect($split.attributes('id')).toEqual(`${wrapperId}__BV_button_`)
> 118 |     expect($split.attributes('type')).toBeDefined()
      |    ^ Duplicate Assert
  119 |     expect($split.attributes('type')).toEqual('button')
  120 |     expect($split.text()).toEqual('')
  121 |"
/home/gabriel/Disk/Research/research-javascript-test-smells/repositories/bootstrap-vue-dev/src/components/dropdown/dropdown.spec.js,Duplicate Assert,"{'line': 119, 'column': 4, 'index': 4327}","  117 |     expect($split.attributes('id')).toEqual(`${wrapperId}__BV_button_`)
  118 |     expect($split.attributes('type')).toBeDefined()
> 119 |     expect($split.attributes('type')).toEqual('button')
      |    ^ Duplicate Assert
  120 |     expect($split.text()).toEqual('')
  121 |
  122 |     expect($toggle.classes()).toContain('btn')"
/home/gabriel/Disk/Research/research-javascript-test-smells/repositories/bootstrap-vue-dev/src/components/dropdown/dropdown.spec.js,Duplicate Assert,"{'line': 122, 'column': 4, 'index': 4422}","  120 |     expect($split.text()).toEqual('')
  121 |
> 122 |     expect($toggle.classes()).toContain('btn')
      |    ^ Duplicate Assert
  123 |     expect($toggle.classes()).toContain('btn-secondary')
  124 |     expect($toggle.classes()).toContain('dropdown-toggle')
  125 |     expect($toggle.classes()).toContain('dropdown-toggle-split')"
/home/gabriel/Disk/Research/research-javascript-test-smells/repositories/bootstrap-vue-dev/src/components/dropdown/dropdown.spec.js,Duplicate Assert,"{'line': 123, 'column': 4, 'index': 4469}","  121 |
  122 |     expect($toggle.classes()).toContain('btn')
> 123 |     expect($toggle.classes()).toContain('btn-secondary')
      |    ^ Duplicate Assert
  124 |     expect($toggle.classes()).toContain('dropdown-toggle')
  125 |     expect($toggle.classes()).toContain('dropdown-toggle-split')
  126 |     expect($toggle.classes().length).toBe(4)"
/home/gabriel/Disk/Research/research-javascript-test-smells/repositories/bootstrap-vue-dev/src/components/dropdown/dropdown.spec.js,Duplicate Assert,"{'line': 124, 'column': 4, 'index': 4526}","  122 |     expect($toggle.classes()).toContain('btn')
  123 |     expect($toggle.classes()).toContain('btn-secondary')
> 124 |     expect($toggle.classes()).toContain('dropdown-toggle')
      |    ^ Duplicate Assert
  125 |     expect($toggle.classes()).toContain('dropdown-toggle-split')
  126 |     expect($toggle.classes().length).toBe(4)
  127 |     expect($toggle.attributes('aria-haspopup')).toBeDefined()"
/home/gabriel/Disk/Research/research-javascript-test-smells/repositories/bootstrap-vue-dev/src/components/dropdown/dropdown.spec.js,Duplicate Assert,"{'line': 125, 'column': 4, 'index': 4585}","  123 |     expect($toggle.classes()).toContain('btn-secondary')
  124 |     expect($toggle.classes()).toContain('dropdown-toggle')
> 125 |     expect($toggle.classes()).toContain('dropdown-toggle-split')
      |    ^ Duplicate Assert
  126 |     expect($toggle.classes().length).toBe(4)
  127 |     expect($toggle.attributes('aria-haspopup')).toBeDefined()
  128 |     expect($toggle.attributes('aria-haspopup')).toEqual('menu')"
/home/gabriel/Disk/Research/research-javascript-test-smells/repositories/bootstrap-vue-dev/src/components/dropdown/dropdown.spec.js,Duplicate Assert,"{'line': 127, 'column': 4, 'index': 4695}","  125 |     expect($toggle.classes()).toContain('dropdown-toggle-split')
  126 |     expect($toggle.classes().length).toBe(4)
> 127 |     expect($toggle.attributes('aria-haspopup')).toBeDefined()
      |    ^ Duplicate Assert
  128 |     expect($toggle.attributes('aria-haspopup')).toEqual('menu')
  129 |     expect($toggle.attributes('aria-expanded')).toBeDefined()
  130 |     expect($toggle.attributes('aria-expanded')).toEqual('false')"
/home/gabriel/Disk/Research/research-javascript-test-smells/repositories/bootstrap-vue-dev/src/components/dropdown/dropdown.spec.js,Duplicate Assert,"{'line': 128, 'column': 4, 'index': 4757}","  126 |     expect($toggle.classes().length).toBe(4)
  127 |     expect($toggle.attributes('aria-haspopup')).toBeDefined()
> 128 |     expect($toggle.attributes('aria-haspopup')).toEqual('menu')
      |    ^ Duplicate Assert
  129 |     expect($toggle.attributes('aria-expanded')).toBeDefined()
  130 |     expect($toggle.attributes('aria-expanded')).toEqual('false')
  131 |     expect($toggle.attributes('id')).toBeDefined()"
/home/gabriel/Disk/Research/research-javascript-test-smells/repositories/bootstrap-vue-dev/src/components/dropdown/dropdown.spec.js,Duplicate Assert,"{'line': 129, 'column': 4, 'index': 4821}","  127 |     expect($toggle.attributes('aria-haspopup')).toBeDefined()
  128 |     expect($toggle.attributes('aria-haspopup')).toEqual('menu')
> 129 |     expect($toggle.attributes('aria-expanded')).toBeDefined()
      |    ^ Duplicate Assert
  130 |     expect($toggle.attributes('aria-expanded')).toEqual('false')
  131 |     expect($toggle.attributes('id')).toBeDefined()
  132 |     expect($toggle.attributes('id')).toEqual(`${wrapperId}__BV_toggle_`)"
/home/gabriel/Disk/Research/research-javascript-test-smells/repositories/bootstrap-vue-dev/src/components/dropdown/dropdown.spec.js,Duplicate Assert,"{'line': 130, 'column': 4, 'index': 4883}","  128 |     expect($toggle.attributes('aria-haspopup')).toEqual('menu')
  129 |     expect($toggle.attributes('aria-expanded')).toBeDefined()
> 130 |     expect($toggle.attributes('aria-expanded')).toEqual('false')
      |    ^ Duplicate Assert
  131 |     expect($toggle.attributes('id')).toBeDefined()
  132 |     expect($toggle.attributes('id')).toEqual(`${wrapperId}__BV_toggle_`)
  133 |     expect($toggle.attributes('type')).toBeDefined()"
/home/gabriel/Disk/Research/research-javascript-test-smells/repositories/bootstrap-vue-dev/src/components/dropdown/dropdown.spec.js,Duplicate Assert,"{'line': 131, 'column': 4, 'index': 4948}","  129 |     expect($toggle.attributes('aria-expanded')).toBeDefined()
  130 |     expect($toggle.attributes('aria-expanded')).toEqual('false')
> 131 |     expect($toggle.attributes('id')).toBeDefined()
      |    ^ Duplicate Assert
  132 |     expect($toggle.attributes('id')).toEqual(`${wrapperId}__BV_toggle_`)
  133 |     expect($toggle.attributes('type')).toBeDefined()
  134 |     expect($toggle.attributes('type')).toEqual('button')"
/home/gabriel/Disk/Research/research-javascript-test-smells/repositories/bootstrap-vue-dev/src/components/dropdown/dropdown.spec.js,Duplicate Assert,"{'line': 132, 'column': 4, 'index': 4999}","  130 |     expect($toggle.attributes('aria-expanded')).toEqual('false')
  131 |     expect($toggle.attributes('id')).toBeDefined()
> 132 |     expect($toggle.attributes('id')).toEqual(`${wrapperId}__BV_toggle_`)
      |    ^ Duplicate Assert
  133 |     expect($toggle.attributes('type')).toBeDefined()
  134 |     expect($toggle.attributes('type')).toEqual('button')
  135 |     expect($toggle.findAll('span.sr-only').length).toBe(1)"
/home/gabriel/Disk/Research/research-javascript-test-smells/repositories/bootstrap-vue-dev/src/components/dropdown/dropdown.spec.js,Duplicate Assert,"{'line': 133, 'column': 4, 'index': 5072}","  131 |     expect($toggle.attributes('id')).toBeDefined()
  132 |     expect($toggle.attributes('id')).toEqual(`${wrapperId}__BV_toggle_`)
> 133 |     expect($toggle.attributes('type')).toBeDefined()
      |    ^ Duplicate Assert
  134 |     expect($toggle.attributes('type')).toEqual('button')
  135 |     expect($toggle.findAll('span.sr-only').length).toBe(1)
  136 |     expect($toggle.find('span.sr-only').text()).toEqual('Toggle dropdown')"
/home/gabriel/Disk/Research/research-javascript-test-smells/repositories/bootstrap-vue-dev/src/components/dropdown/dropdown.spec.js,Duplicate Assert,"{'line': 134, 'column': 4, 'index': 5125}","  132 |     expect($toggle.attributes('id')).toEqual(`${wrapperId}__BV_toggle_`)
  133 |     expect($toggle.attributes('type')).toBeDefined()
> 134 |     expect($toggle.attributes('type')).toEqual('button')
      |    ^ Duplicate Assert
  135 |     expect($toggle.findAll('span.sr-only').length).toBe(1)
  136 |     expect($toggle.find('span.sr-only').text()).toEqual('Toggle dropdown')
  137 |     expect($toggle.text()).toEqual('Toggle dropdown')"
/home/gabriel/Disk/Research/research-javascript-test-smells/repositories/bootstrap-vue-dev/src/components/dropdown/dropdown.spec.js,Duplicate Assert,"{'line': 143, 'column': 4, 'index': 5569}","  141 |     expect($menu.element.tagName).toBe('UL')
  142 |     expect($menu.classes().length).toBe(1)
> 143 |     expect($menu.attributes('role')).toBeDefined()
      |    ^ Duplicate Assert
  144 |     expect($menu.attributes('role')).toEqual('menu')
  145 |     expect($menu.attributes('tabindex')).toBeDefined()
  146 |     expect($menu.attributes('tabindex')).toEqual('-1')"
/home/gabriel/Disk/Research/research-javascript-test-smells/repositories/bootstrap-vue-dev/src/components/dropdown/dropdown.spec.js,Duplicate Assert,"{'line': 144, 'column': 4, 'index': 5620}","  142 |     expect($menu.classes().length).toBe(1)
  143 |     expect($menu.attributes('role')).toBeDefined()
> 144 |     expect($menu.attributes('role')).toEqual('menu')
      |    ^ Duplicate Assert
  145 |     expect($menu.attributes('tabindex')).toBeDefined()
  146 |     expect($menu.attributes('tabindex')).toEqual('-1')
  147 |     expect($menu.attributes('aria-labelledby')).toBeDefined()"
/home/gabriel/Disk/Research/research-javascript-test-smells/repositories/bootstrap-vue-dev/src/components/dropdown/dropdown.spec.js,Duplicate Assert,"{'line': 145, 'column': 4, 'index': 5673}","  143 |     expect($menu.attributes('role')).toBeDefined()
  144 |     expect($menu.attributes('role')).toEqual('menu')
> 145 |     expect($menu.attributes('tabindex')).toBeDefined()
      |    ^ Duplicate Assert
  146 |     expect($menu.attributes('tabindex')).toEqual('-1')
  147 |     expect($menu.attributes('aria-labelledby')).toBeDefined()
  148 |     expect($menu.attributes('aria-labelledby')).toEqual(`${wrapperId}__BV_button_`)"
/home/gabriel/Disk/Research/research-javascript-test-smells/repositories/bootstrap-vue-dev/src/components/dropdown/dropdown.spec.js,Duplicate Assert,"{'line': 146, 'column': 4, 'index': 5728}","  144 |     expect($menu.attributes('role')).toEqual('menu')
  145 |     expect($menu.attributes('tabindex')).toBeDefined()
> 146 |     expect($menu.attributes('tabindex')).toEqual('-1')
      |    ^ Duplicate Assert
  147 |     expect($menu.attributes('aria-labelledby')).toBeDefined()
  148 |     expect($menu.attributes('aria-labelledby')).toEqual(`${wrapperId}__BV_button_`)
  149 |     expect($menu.text()).toEqual('')"
/home/gabriel/Disk/Research/research-javascript-test-smells/repositories/bootstrap-vue-dev/src/components/dropdown/dropdown.spec.js,Duplicate Assert,"{'line': 147, 'column': 4, 'index': 5783}","  145 |     expect($menu.attributes('tabindex')).toBeDefined()
  146 |     expect($menu.attributes('tabindex')).toEqual('-1')
> 147 |     expect($menu.attributes('aria-labelledby')).toBeDefined()
      |    ^ Duplicate Assert
  148 |     expect($menu.attributes('aria-labelledby')).toEqual(`${wrapperId}__BV_button_`)
  149 |     expect($menu.text()).toEqual('')
  150 |"
/home/gabriel/Disk/Research/research-javascript-test-smells/repositories/bootstrap-vue-dev/src/components/dropdown/dropdown.spec.js,Duplicate Assert,"{'line': 148, 'column': 4, 'index': 5845}","  146 |     expect($menu.attributes('tabindex')).toEqual('-1')
  147 |     expect($menu.attributes('aria-labelledby')).toBeDefined()
> 148 |     expect($menu.attributes('aria-labelledby')).toEqual(`${wrapperId}__BV_button_`)
      |    ^ Duplicate Assert
  149 |     expect($menu.text()).toEqual('')
  150 |
  151 |     wrapper.destroy()"
/home/gabriel/Disk/Research/research-javascript-test-smells/repositories/bootstrap-vue-dev/src/components/dropdown/dropdown.spec.js,Duplicate Assert,"{'line': 175, 'column': 4, 'index': 6559}","  173 |     const $toggle = $buttons.at(1)
  174 |
> 175 |     expect($split.attributes('type')).toBeDefined()
      |    ^ Duplicate Assert
  176 |     expect($split.attributes('type')).toEqual('submit')
  177 |
  178 |     expect($toggle.attributes('type')).toBeDefined()"
/home/gabriel/Disk/Research/research-javascript-test-smells/repositories/bootstrap-vue-dev/src/components/dropdown/dropdown.spec.js,Duplicate Assert,"{'line': 176, 'column': 4, 'index': 6611}","  174 |
  175 |     expect($split.attributes('type')).toBeDefined()
> 176 |     expect($split.attributes('type')).toEqual('submit')
      |    ^ Duplicate Assert
  177 |
  178 |     expect($toggle.attributes('type')).toBeDefined()
  179 |     expect($toggle.attributes('type')).toEqual('button')"
/home/gabriel/Disk/Research/research-javascript-test-smells/repositories/bootstrap-vue-dev/src/components/dropdown/dropdown.spec.js,Duplicate Assert,"{'line': 178, 'column': 4, 'index': 6668}","  176 |     expect($split.attributes('type')).toEqual('submit')
  177 |
> 178 |     expect($toggle.attributes('type')).toBeDefined()
      |    ^ Duplicate Assert
  179 |     expect($toggle.attributes('type')).toEqual('button')
  180 |
  181 |     wrapper.destroy()"
/home/gabriel/Disk/Research/research-javascript-test-smells/repositories/bootstrap-vue-dev/src/components/dropdown/dropdown.spec.js,Duplicate Assert,"{'line': 179, 'column': 4, 'index': 6721}","  177 |
  178 |     expect($toggle.attributes('type')).toBeDefined()
> 179 |     expect($toggle.attributes('type')).toEqual('button')
      |    ^ Duplicate Assert
  180 |
  181 |     wrapper.destroy()
  182 |   })"
/home/gabriel/Disk/Research/research-javascript-test-smells/repositories/bootstrap-vue-dev/src/components/dropdown/dropdown.spec.js,Duplicate Assert,"{'line': 280, 'column': 4, 'index': 9310}","  278 |     expect(wrapper.vm).toBeDefined()
  279 |
> 280 |     expect(wrapper.attributes('id')).toBeDefined()
      |    ^ Duplicate Assert
  281 |     expect(wrapper.attributes('id')).toEqual('test')
  282 |     const wrapperId = wrapper.attributes('id')
  283 |"
/home/gabriel/Disk/Research/research-javascript-test-smells/repositories/bootstrap-vue-dev/src/components/dropdown/dropdown.spec.js,Duplicate Assert,"{'line': 281, 'column': 4, 'index': 9361}","  279 |
  280 |     expect(wrapper.attributes('id')).toBeDefined()
> 281 |     expect(wrapper.attributes('id')).toEqual('test')
      |    ^ Duplicate Assert
  282 |     const wrapperId = wrapper.attributes('id')
  283 |
  284 |     expect(wrapper.findAll('button').length).toBe(1)"
/home/gabriel/Disk/Research/research-javascript-test-smells/repositories/bootstrap-vue-dev/src/components/dropdown/dropdown.spec.js,Duplicate Assert,"{'line': 290, 'column': 4, 'index': 9742}","  288 |     expect(wrapper.findAll('.dropdown-menu').length).toBe(1)
  289 |     const $menu = wrapper.find('.dropdown-menu')
> 290 |     expect($menu.attributes('aria-labelledby')).toBeDefined()
      |    ^ Duplicate Assert
  291 |     expect($menu.attributes('aria-labelledby')).toEqual(`${wrapperId}__BV_toggle_`)
  292 |
  293 |     wrapper.destroy()"
/home/gabriel/Disk/Research/research-javascript-test-smells/repositories/bootstrap-vue-dev/src/components/dropdown/dropdown.spec.js,Duplicate Assert,"{'line': 291, 'column': 4, 'index': 9804}","  289 |     const $menu = wrapper.find('.dropdown-menu')
  290 |     expect($menu.attributes('aria-labelledby')).toBeDefined()
> 291 |     expect($menu.attributes('aria-labelledby')).toEqual(`${wrapperId}__BV_toggle_`)
      |    ^ Duplicate Assert
  292 |
  293 |     wrapper.destroy()
  294 |   })"
/home/gabriel/Disk/Research/research-javascript-test-smells/repositories/bootstrap-vue-dev/src/components/dropdown/dropdown.spec.js,Duplicate Assert,"{'line': 318, 'column': 4, 'index': 10446}","  316 |     })
  317 |
> 318 |     expect(wrapper.classes()).toContain('btn-group')
      |    ^ Duplicate Assert
  319 |     expect(wrapper.classes()).toContain('d-flex')
  320 |
  321 |     wrapper.destroy()"
/home/gabriel/Disk/Research/research-javascript-test-smells/repositories/bootstrap-vue-dev/src/components/dropdown/dropdown.spec.js,Duplicate Assert,"{'line': 319, 'column': 4, 'index': 10499}","  317 |
  318 |     expect(wrapper.classes()).toContain('btn-group')
> 319 |     expect(wrapper.classes()).toContain('d-flex')
      |    ^ Duplicate Assert
  320 |
  321 |     wrapper.destroy()
  322 |   })"
/home/gabriel/Disk/Research/research-javascript-test-smells/repositories/bootstrap-vue-dev/src/components/dropdown/dropdown.spec.js,Duplicate Assert,"{'line': 385, 'column': 4, 'index': 12149}","  383 |     })
  384 |
> 385 |     expect(wrapper.classes()).toContain('dropdown')
      |    ^ Duplicate Assert
  386 |     expect(wrapper.classes()).toContain('dropup')
  387 |     expect(wrapper.classes()).not.toContain('show')
  388 |     expect(wrapper.find('.dropdown-menu').classes()).not.toContain('show')"
/home/gabriel/Disk/Research/research-javascript-test-smells/repositories/bootstrap-vue-dev/src/components/dropdown/dropdown.spec.js,Duplicate Assert,"{'line': 385, 'column': 4, 'index': 12149}","  383 |     })
  384 |
> 385 |     expect(wrapper.classes()).toContain('dropdown')
      |    ^ Duplicate Assert
  386 |     expect(wrapper.classes()).toContain('dropup')
  387 |     expect(wrapper.classes()).not.toContain('show')
  388 |     expect(wrapper.find('.dropdown-menu').classes()).not.toContain('show')"
/home/gabriel/Disk/Research/research-javascript-test-smells/repositories/bootstrap-vue-dev/src/components/dropdown/dropdown.spec.js,Duplicate Assert,"{'line': 386, 'column': 4, 'index': 12201}","  384 |
  385 |     expect(wrapper.classes()).toContain('dropdown')
> 386 |     expect(wrapper.classes()).toContain('dropup')
      |    ^ Duplicate Assert
  387 |     expect(wrapper.classes()).not.toContain('show')
  388 |     expect(wrapper.find('.dropdown-menu').classes()).not.toContain('show')
  389 |"
/home/gabriel/Disk/Research/research-javascript-test-smells/repositories/bootstrap-vue-dev/src/components/dropdown/dropdown.spec.js,Duplicate Assert,"{'line': 386, 'column': 4, 'index': 12201}","  384 |
  385 |     expect(wrapper.classes()).toContain('dropdown')
> 386 |     expect(wrapper.classes()).toContain('dropup')
      |    ^ Duplicate Assert
  387 |     expect(wrapper.classes()).not.toContain('show')
  388 |     expect(wrapper.find('.dropdown-menu').classes()).not.toContain('show')
  389 |"
/home/gabriel/Disk/Research/research-javascript-test-smells/repositories/bootstrap-vue-dev/src/components/dropdown/dropdown.spec.js,Duplicate Assert,"{'line': 387, 'column': 4, 'index': 12251}","  385 |     expect(wrapper.classes()).toContain('dropdown')
  386 |     expect(wrapper.classes()).toContain('dropup')
> 387 |     expect(wrapper.classes()).not.toContain('show')
      |    ^ Duplicate Assert
  388 |     expect(wrapper.find('.dropdown-menu').classes()).not.toContain('show')
  389 |
  390 |     wrapper.vm.show()"
/home/gabriel/Disk/Research/research-javascript-test-smells/repositories/bootstrap-vue-dev/src/components/dropdown/dropdown.spec.js,Duplicate Assert,"{'line': 388, 'column': 4, 'index': 12303}","  386 |     expect(wrapper.classes()).toContain('dropup')
  387 |     expect(wrapper.classes()).not.toContain('show')
> 388 |     expect(wrapper.find('.dropdown-menu').classes()).not.toContain('show')
      |    ^ Duplicate Assert
  389 |
  390 |     wrapper.vm.show()
  391 |     await waitNT(wrapper.vm)"
/home/gabriel/Disk/Research/research-javascript-test-smells/repositories/bootstrap-vue-dev/src/components/dropdown/dropdown.spec.js,Duplicate Assert,"{'line': 394, 'column': 4, 'index': 12451}","  392 |     await waitRAF()
  393 |
> 394 |     expect(wrapper.classes()).toContain('dropdown')
      |    ^ Duplicate Assert
  395 |     expect(wrapper.classes()).toContain('dropup')
  396 |     expect(wrapper.classes()).toContain('show')
  397 |     expect(wrapper.find('.dropdown-menu').classes()).toContain('show')"
/home/gabriel/Disk/Research/research-javascript-test-smells/repositories/bootstrap-vue-dev/src/components/dropdown/dropdown.spec.js,Duplicate Assert,"{'line': 394, 'column': 4, 'index': 12451}","  392 |     await waitRAF()
  393 |
> 394 |     expect(wrapper.classes()).toContain('dropdown')
      |    ^ Duplicate Assert
  395 |     expect(wrapper.classes()).toContain('dropup')
  396 |     expect(wrapper.classes()).toContain('show')
  397 |     expect(wrapper.find('.dropdown-menu').classes()).toContain('show')"
/home/gabriel/Disk/Research/research-javascript-test-smells/repositories/bootstrap-vue-dev/src/components/dropdown/dropdown.spec.js,Duplicate Assert,"{'line': 395, 'column': 4, 'index': 12503}","  393 |
  394 |     expect(wrapper.classes()).toContain('dropdown')
> 395 |     expect(wrapper.classes()).toContain('dropup')
      |    ^ Duplicate Assert
  396 |     expect(wrapper.classes()).toContain('show')
  397 |     expect(wrapper.find('.dropdown-menu').classes()).toContain('show')
  398 |"
/home/gabriel/Disk/Research/research-javascript-test-smells/repositories/bootstrap-vue-dev/src/components/dropdown/dropdown.spec.js,Duplicate Assert,"{'line': 395, 'column': 4, 'index': 12503}","  393 |
  394 |     expect(wrapper.classes()).toContain('dropdown')
> 395 |     expect(wrapper.classes()).toContain('dropup')
      |    ^ Duplicate Assert
  396 |     expect(wrapper.classes()).toContain('show')
  397 |     expect(wrapper.find('.dropdown-menu').classes()).toContain('show')
  398 |"
/home/gabriel/Disk/Research/research-javascript-test-smells/repositories/bootstrap-vue-dev/src/components/dropdown/dropdown.spec.js,Duplicate Assert,"{'line': 396, 'column': 4, 'index': 12553}","  394 |     expect(wrapper.classes()).toContain('dropdown')
  395 |     expect(wrapper.classes()).toContain('dropup')
> 396 |     expect(wrapper.classes()).toContain('show')
      |    ^ Duplicate Assert
  397 |     expect(wrapper.find('.dropdown-menu').classes()).toContain('show')
  398 |
  399 |     wrapper.destroy()"
/home/gabriel/Disk/Research/research-javascript-test-smells/repositories/bootstrap-vue-dev/src/components/dropdown/dropdown.spec.js,Duplicate Assert,"{'line': 397, 'column': 4, 'index': 12601}","  395 |     expect(wrapper.classes()).toContain('dropup')
  396 |     expect(wrapper.classes()).toContain('show')
> 397 |     expect(wrapper.find('.dropdown-menu').classes()).toContain('show')
      |    ^ Duplicate Assert
  398 |
  399 |     wrapper.destroy()
  400 |   })"
/home/gabriel/Disk/Research/research-javascript-test-smells/repositories/bootstrap-vue-dev/src/components/dropdown/dropdown.spec.js,Duplicate Assert,"{'line': 410, 'column': 4, 'index': 12904}","  408 |     })
  409 |
> 410 |     expect(wrapper.classes()).toContain('dropdown')
      |    ^ Duplicate Assert
  411 |     expect(wrapper.classes()).toContain('dropright')
  412 |     expect(wrapper.classes()).not.toContain('show')
  413 |     expect(wrapper.find('.dropdown-menu').classes()).not.toContain('show')"
/home/gabriel/Disk/Research/research-javascript-test-smells/repositories/bootstrap-vue-dev/src/components/dropdown/dropdown.spec.js,Duplicate Assert,"{'line': 410, 'column': 4, 'index': 12904}","  408 |     })
  409 |
> 410 |     expect(wrapper.classes()).toContain('dropdown')
      |    ^ Duplicate Assert
  411 |     expect(wrapper.classes()).toContain('dropright')
  412 |     expect(wrapper.classes()).not.toContain('show')
  413 |     expect(wrapper.find('.dropdown-menu').classes()).not.toContain('show')"
/home/gabriel/Disk/Research/research-javascript-test-smells/repositories/bootstrap-vue-dev/src/components/dropdown/dropdown.spec.js,Duplicate Assert,"{'line': 411, 'column': 4, 'index': 12956}","  409 |
  410 |     expect(wrapper.classes()).toContain('dropdown')
> 411 |     expect(wrapper.classes()).toContain('dropright')
      |    ^ Duplicate Assert
  412 |     expect(wrapper.classes()).not.toContain('show')
  413 |     expect(wrapper.find('.dropdown-menu').classes()).not.toContain('show')
  414 |"
/home/gabriel/Disk/Research/research-javascript-test-smells/repositories/bootstrap-vue-dev/src/components/dropdown/dropdown.spec.js,Duplicate Assert,"{'line': 411, 'column': 4, 'index': 12956}","  409 |
  410 |     expect(wrapper.classes()).toContain('dropdown')
> 411 |     expect(wrapper.classes()).toContain('dropright')
      |    ^ Duplicate Assert
  412 |     expect(wrapper.classes()).not.toContain('show')
  413 |     expect(wrapper.find('.dropdown-menu').classes()).not.toContain('show')
  414 |"
/home/gabriel/Disk/Research/research-javascript-test-smells/repositories/bootstrap-vue-dev/src/components/dropdown/dropdown.spec.js,Duplicate Assert,"{'line': 412, 'column': 4, 'index': 13009}","  410 |     expect(wrapper.classes()).toContain('dropdown')
  411 |     expect(wrapper.classes()).toContain('dropright')
> 412 |     expect(wrapper.classes()).not.toContain('show')
      |    ^ Duplicate Assert
  413 |     expect(wrapper.find('.dropdown-menu').classes()).not.toContain('show')
  414 |
  415 |     wrapper.vm.show()"
/home/gabriel/Disk/Research/research-javascript-test-smells/repositories/bootstrap-vue-dev/src/components/dropdown/dropdown.spec.js,Duplicate Assert,"{'line': 413, 'column': 4, 'index': 13061}","  411 |     expect(wrapper.classes()).toContain('dropright')
  412 |     expect(wrapper.classes()).not.toContain('show')
> 413 |     expect(wrapper.find('.dropdown-menu').classes()).not.toContain('show')
      |    ^ Duplicate Assert
  414 |
  415 |     wrapper.vm.show()
  416 |     await waitNT(wrapper.vm)"
/home/gabriel/Disk/Research/research-javascript-test-smells/repositories/bootstrap-vue-dev/src/components/dropdown/dropdown.spec.js,Duplicate Assert,"{'line': 419, 'column': 4, 'index': 13209}","  417 |     await waitRAF()
  418 |
> 419 |     expect(wrapper.classes()).toContain('dropdown')
      |    ^ Duplicate Assert
  420 |     expect(wrapper.classes()).toContain('dropright')
  421 |     expect(wrapper.classes()).toContain('show')
  422 |     expect(wrapper.find('.dropdown-menu').classes()).toContain('show')"
/home/gabriel/Disk/Research/research-javascript-test-smells/repositories/bootstrap-vue-dev/src/components/dropdown/dropdown.spec.js,Duplicate Assert,"{'line': 419, 'column': 4, 'index': 13209}","  417 |     await waitRAF()
  418 |
> 419 |     expect(wrapper.classes()).toContain('dropdown')
      |    ^ Duplicate Assert
  420 |     expect(wrapper.classes()).toContain('dropright')
  421 |     expect(wrapper.classes()).toContain('show')
  422 |     expect(wrapper.find('.dropdown-menu').classes()).toContain('show')"
/home/gabriel/Disk/Research/research-javascript-test-smells/repositories/bootstrap-vue-dev/src/components/dropdown/dropdown.spec.js,Duplicate Assert,"{'line': 420, 'column': 4, 'index': 13261}","  418 |
  419 |     expect(wrapper.classes()).toContain('dropdown')
> 420 |     expect(wrapper.classes()).toContain('dropright')
      |    ^ Duplicate Assert
  421 |     expect(wrapper.classes()).toContain('show')
  422 |     expect(wrapper.find('.dropdown-menu').classes()).toContain('show')
  423 |"
/home/gabriel/Disk/Research/research-javascript-test-smells/repositories/bootstrap-vue-dev/src/components/dropdown/dropdown.spec.js,Duplicate Assert,"{'line': 420, 'column': 4, 'index': 13261}","  418 |
  419 |     expect(wrapper.classes()).toContain('dropdown')
> 420 |     expect(wrapper.classes()).toContain('dropright')
      |    ^ Duplicate Assert
  421 |     expect(wrapper.classes()).toContain('show')
  422 |     expect(wrapper.find('.dropdown-menu').classes()).toContain('show')
  423 |"
/home/gabriel/Disk/Research/research-javascript-test-smells/repositories/bootstrap-vue-dev/src/components/dropdown/dropdown.spec.js,Duplicate Assert,"{'line': 421, 'column': 4, 'index': 13314}","  419 |     expect(wrapper.classes()).toContain('dropdown')
  420 |     expect(wrapper.classes()).toContain('dropright')
> 421 |     expect(wrapper.classes()).toContain('show')
      |    ^ Duplicate Assert
  422 |     expect(wrapper.find('.dropdown-menu').classes()).toContain('show')
  423 |
  424 |     wrapper.destroy()"
/home/gabriel/Disk/Research/research-javascript-test-smells/repositories/bootstrap-vue-dev/src/components/dropdown/dropdown.spec.js,Duplicate Assert,"{'line': 422, 'column': 4, 'index': 13362}","  420 |     expect(wrapper.classes()).toContain('dropright')
  421 |     expect(wrapper.classes()).toContain('show')
> 422 |     expect(wrapper.find('.dropdown-menu').classes()).toContain('show')
      |    ^ Duplicate Assert
  423 |
  424 |     wrapper.destroy()
  425 |   })"
/home/gabriel/Disk/Research/research-javascript-test-smells/repositories/bootstrap-vue-dev/src/components/dropdown/dropdown.spec.js,Duplicate Assert,"{'line': 435, 'column': 4, 'index': 13662}","  433 |     })
  434 |
> 435 |     expect(wrapper.classes()).toContain('dropdown')
      |    ^ Duplicate Assert
  436 |     expect(wrapper.classes()).toContain('dropleft')
  437 |     expect(wrapper.classes()).not.toContain('show')
  438 |     expect(wrapper.find('.dropdown-menu').classes()).not.toContain('show')"
/home/gabriel/Disk/Research/research-javascript-test-smells/repositories/bootstrap-vue-dev/src/components/dropdown/dropdown.spec.js,Duplicate Assert,"{'line': 435, 'column': 4, 'index': 13662}","  433 |     })
  434 |
> 435 |     expect(wrapper.classes()).toContain('dropdown')
      |    ^ Duplicate Assert
  436 |     expect(wrapper.classes()).toContain('dropleft')
  437 |     expect(wrapper.classes()).not.toContain('show')
  438 |     expect(wrapper.find('.dropdown-menu').classes()).not.toContain('show')"
/home/gabriel/Disk/Research/research-javascript-test-smells/repositories/bootstrap-vue-dev/src/components/dropdown/dropdown.spec.js,Duplicate Assert,"{'line': 436, 'column': 4, 'index': 13714}","  434 |
  435 |     expect(wrapper.classes()).toContain('dropdown')
> 436 |     expect(wrapper.classes()).toContain('dropleft')
      |    ^ Duplicate Assert
  437 |     expect(wrapper.classes()).not.toContain('show')
  438 |     expect(wrapper.find('.dropdown-menu').classes()).not.toContain('show')
  439 |"
/home/gabriel/Disk/Research/research-javascript-test-smells/repositories/bootstrap-vue-dev/src/components/dropdown/dropdown.spec.js,Duplicate Assert,"{'line': 436, 'column': 4, 'index': 13714}","  434 |
  435 |     expect(wrapper.classes()).toContain('dropdown')
> 436 |     expect(wrapper.classes()).toContain('dropleft')
      |    ^ Duplicate Assert
  437 |     expect(wrapper.classes()).not.toContain('show')
  438 |     expect(wrapper.find('.dropdown-menu').classes()).not.toContain('show')
  439 |"
/home/gabriel/Disk/Research/research-javascript-test-smells/repositories/bootstrap-vue-dev/src/components/dropdown/dropdown.spec.js,Duplicate Assert,"{'line': 437, 'column': 4, 'index': 13766}","  435 |     expect(wrapper.classes()).toContain('dropdown')
  436 |     expect(wrapper.classes()).toContain('dropleft')
> 437 |     expect(wrapper.classes()).not.toContain('show')
      |    ^ Duplicate Assert
  438 |     expect(wrapper.find('.dropdown-menu').classes()).not.toContain('show')
  439 |
  440 |     wrapper.vm.show()"
/home/gabriel/Disk/Research/research-javascript-test-smells/repositories/bootstrap-vue-dev/src/components/dropdown/dropdown.spec.js,Duplicate Assert,"{'line': 438, 'column': 4, 'index': 13818}","  436 |     expect(wrapper.classes()).toContain('dropleft')
  437 |     expect(wrapper.classes()).not.toContain('show')
> 438 |     expect(wrapper.find('.dropdown-menu').classes()).not.toContain('show')
      |    ^ Duplicate Assert
  439 |
  440 |     wrapper.vm.show()
  441 |     await waitNT(wrapper.vm)"
/home/gabriel/Disk/Research/research-javascript-test-smells/repositories/bootstrap-vue-dev/src/components/dropdown/dropdown.spec.js,Duplicate Assert,"{'line': 444, 'column': 4, 'index': 13966}","  442 |     await waitRAF()
  443 |
> 444 |     expect(wrapper.classes()).toContain('dropdown')
      |    ^ Duplicate Assert
  445 |     expect(wrapper.classes()).toContain('dropleft')
  446 |     expect(wrapper.classes()).toContain('show')
  447 |     expect(wrapper.find('.dropdown-menu').classes()).toContain('show')"
/home/gabriel/Disk/Research/research-javascript-test-smells/repositories/bootstrap-vue-dev/src/components/dropdown/dropdown.spec.js,Duplicate Assert,"{'line': 444, 'column': 4, 'index': 13966}","  442 |     await waitRAF()
  443 |
> 444 |     expect(wrapper.classes()).toContain('dropdown')
      |    ^ Duplicate Assert
  445 |     expect(wrapper.classes()).toContain('dropleft')
  446 |     expect(wrapper.classes()).toContain('show')
  447 |     expect(wrapper.find('.dropdown-menu').classes()).toContain('show')"
/home/gabriel/Disk/Research/research-javascript-test-smells/repositories/bootstrap-vue-dev/src/components/dropdown/dropdown.spec.js,Duplicate Assert,"{'line': 445, 'column': 4, 'index': 14018}","  443 |
  444 |     expect(wrapper.classes()).toContain('dropdown')
> 445 |     expect(wrapper.classes()).toContain('dropleft')
      |    ^ Duplicate Assert
  446 |     expect(wrapper.classes()).toContain('show')
  447 |     expect(wrapper.find('.dropdown-menu').classes()).toContain('show')
  448 |"
/home/gabriel/Disk/Research/research-javascript-test-smells/repositories/bootstrap-vue-dev/src/components/dropdown/dropdown.spec.js,Duplicate Assert,"{'line': 445, 'column': 4, 'index': 14018}","  443 |
  444 |     expect(wrapper.classes()).toContain('dropdown')
> 445 |     expect(wrapper.classes()).toContain('dropleft')
      |    ^ Duplicate Assert
  446 |     expect(wrapper.classes()).toContain('show')
  447 |     expect(wrapper.find('.dropdown-menu').classes()).toContain('show')
  448 |"
/home/gabriel/Disk/Research/research-javascript-test-smells/repositories/bootstrap-vue-dev/src/components/dropdown/dropdown.spec.js,Duplicate Assert,"{'line': 446, 'column': 4, 'index': 14070}","  444 |     expect(wrapper.classes()).toContain('dropdown')
  445 |     expect(wrapper.classes()).toContain('dropleft')
> 446 |     expect(wrapper.classes()).toContain('show')
      |    ^ Duplicate Assert
  447 |     expect(wrapper.find('.dropdown-menu').classes()).toContain('show')
  448 |
  449 |     wrapper.destroy()"
/home/gabriel/Disk/Research/research-javascript-test-smells/repositories/bootstrap-vue-dev/src/components/dropdown/dropdown.spec.js,Duplicate Assert,"{'line': 447, 'column': 4, 'index': 14118}","  445 |     expect(wrapper.classes()).toContain('dropleft')
  446 |     expect(wrapper.classes()).toContain('show')
> 447 |     expect(wrapper.find('.dropdown-menu').classes()).toContain('show')
      |    ^ Duplicate Assert
  448 |
  449 |     wrapper.destroy()
  450 |   })"
/home/gabriel/Disk/Research/research-javascript-test-smells/repositories/bootstrap-vue-dev/src/components/dropdown/dropdown.spec.js,Duplicate Assert,"{'line': 477, 'column': 4, 'index': 14853}","  475 |     })
  476 |
> 477 |     expect(wrapper.classes()).toContain('dropdown')
      |    ^ Duplicate Assert
  478 |     expect(wrapper.classes()).not.toContain('show')
  479 |     expect(wrapper.find('.dropdown-menu').classes()).toContain('dropdown-menu-right')
  480 |     expect(wrapper.find('.dropdown-menu').classes()).not.toContain('show')"
/home/gabriel/Disk/Research/research-javascript-test-smells/repositories/bootstrap-vue-dev/src/components/dropdown/dropdown.spec.js,Duplicate Assert,"{'line': 477, 'column': 4, 'index': 14853}","  475 |     })
  476 |
> 477 |     expect(wrapper.classes()).toContain('dropdown')
      |    ^ Duplicate Assert
  478 |     expect(wrapper.classes()).not.toContain('show')
  479 |     expect(wrapper.find('.dropdown-menu').classes()).toContain('dropdown-menu-right')
  480 |     expect(wrapper.find('.dropdown-menu').classes()).not.toContain('show')"
/home/gabriel/Disk/Research/research-javascript-test-smells/repositories/bootstrap-vue-dev/src/components/dropdown/dropdown.spec.js,Duplicate Assert,"{'line': 478, 'column': 4, 'index': 14905}","  476 |
  477 |     expect(wrapper.classes()).toContain('dropdown')
> 478 |     expect(wrapper.classes()).not.toContain('show')
      |    ^ Duplicate Assert
  479 |     expect(wrapper.find('.dropdown-menu').classes()).toContain('dropdown-menu-right')
  480 |     expect(wrapper.find('.dropdown-menu').classes()).not.toContain('show')
  481 |"
/home/gabriel/Disk/Research/research-javascript-test-smells/repositories/bootstrap-vue-dev/src/components/dropdown/dropdown.spec.js,Duplicate Assert,"{'line': 479, 'column': 4, 'index': 14957}","  477 |     expect(wrapper.classes()).toContain('dropdown')
  478 |     expect(wrapper.classes()).not.toContain('show')
> 479 |     expect(wrapper.find('.dropdown-menu').classes()).toContain('dropdown-menu-right')
      |    ^ Duplicate Assert
  480 |     expect(wrapper.find('.dropdown-menu').classes()).not.toContain('show')
  481 |
  482 |     wrapper.vm.show()"
/home/gabriel/Disk/Research/research-javascript-test-smells/repositories/bootstrap-vue-dev/src/components/dropdown/dropdown.spec.js,Duplicate Assert,"{'line': 479, 'column': 4, 'index': 14957}","  477 |     expect(wrapper.classes()).toContain('dropdown')
  478 |     expect(wrapper.classes()).not.toContain('show')
> 479 |     expect(wrapper.find('.dropdown-menu').classes()).toContain('dropdown-menu-right')
      |    ^ Duplicate Assert
  480 |     expect(wrapper.find('.dropdown-menu').classes()).not.toContain('show')
  481 |
  482 |     wrapper.vm.show()"
/home/gabriel/Disk/Research/research-javascript-test-smells/repositories/bootstrap-vue-dev/src/components/dropdown/dropdown.spec.js,Duplicate Assert,"{'line': 480, 'column': 4, 'index': 15043}","  478 |     expect(wrapper.classes()).not.toContain('show')
  479 |     expect(wrapper.find('.dropdown-menu').classes()).toContain('dropdown-menu-right')
> 480 |     expect(wrapper.find('.dropdown-menu').classes()).not.toContain('show')
      |    ^ Duplicate Assert
  481 |
  482 |     wrapper.vm.show()
  483 |     await waitNT(wrapper.vm)"
/home/gabriel/Disk/Research/research-javascript-test-smells/repositories/bootstrap-vue-dev/src/components/dropdown/dropdown.spec.js,Duplicate Assert,"{'line': 486, 'column': 4, 'index': 15191}","  484 |     await waitRAF()
  485 |
> 486 |     expect(wrapper.classes()).toContain('dropdown')
      |    ^ Duplicate Assert
  487 |     expect(wrapper.classes()).toContain('show')
  488 |     expect(wrapper.find('.dropdown-menu').classes()).toContain('dropdown-menu-right')
  489 |     expect(wrapper.find('.dropdown-menu').classes()).toContain('show')"
/home/gabriel/Disk/Research/research-javascript-test-smells/repositories/bootstrap-vue-dev/src/components/dropdown/dropdown.spec.js,Duplicate Assert,"{'line': 486, 'column': 4, 'index': 15191}","  484 |     await waitRAF()
  485 |
> 486 |     expect(wrapper.classes()).toContain('dropdown')
      |    ^ Duplicate Assert
  487 |     expect(wrapper.classes()).toContain('show')
  488 |     expect(wrapper.find('.dropdown-menu').classes()).toContain('dropdown-menu-right')
  489 |     expect(wrapper.find('.dropdown-menu').classes()).toContain('show')"
/home/gabriel/Disk/Research/research-javascript-test-smells/repositories/bootstrap-vue-dev/src/components/dropdown/dropdown.spec.js,Duplicate Assert,"{'line': 487, 'column': 4, 'index': 15243}","  485 |
  486 |     expect(wrapper.classes()).toContain('dropdown')
> 487 |     expect(wrapper.classes()).toContain('show')
      |    ^ Duplicate Assert
  488 |     expect(wrapper.find('.dropdown-menu').classes()).toContain('dropdown-menu-right')
  489 |     expect(wrapper.find('.dropdown-menu').classes()).toContain('show')
  490 |"
/home/gabriel/Disk/Research/research-javascript-test-smells/repositories/bootstrap-vue-dev/src/components/dropdown/dropdown.spec.js,Duplicate Assert,"{'line': 488, 'column': 4, 'index': 15291}","  486 |     expect(wrapper.classes()).toContain('dropdown')
  487 |     expect(wrapper.classes()).toContain('show')
> 488 |     expect(wrapper.find('.dropdown-menu').classes()).toContain('dropdown-menu-right')
      |    ^ Duplicate Assert
  489 |     expect(wrapper.find('.dropdown-menu').classes()).toContain('show')
  490 |
  491 |     wrapper.destroy()"
/home/gabriel/Disk/Research/research-javascript-test-smells/repositories/bootstrap-vue-dev/src/components/dropdown/dropdown.spec.js,Duplicate Assert,"{'line': 488, 'column': 4, 'index': 15291}","  486 |     expect(wrapper.classes()).toContain('dropdown')
  487 |     expect(wrapper.classes()).toContain('show')
> 488 |     expect(wrapper.find('.dropdown-menu').classes()).toContain('dropdown-menu-right')
      |    ^ Duplicate Assert
  489 |     expect(wrapper.find('.dropdown-menu').classes()).toContain('show')
  490 |
  491 |     wrapper.destroy()"
/home/gabriel/Disk/Research/research-javascript-test-smells/repositories/bootstrap-vue-dev/src/components/dropdown/dropdown.spec.js,Duplicate Assert,"{'line': 489, 'column': 4, 'index': 15377}","  487 |     expect(wrapper.classes()).toContain('show')
  488 |     expect(wrapper.find('.dropdown-menu').classes()).toContain('dropdown-menu-right')
> 489 |     expect(wrapper.find('.dropdown-menu').classes()).toContain('show')
      |    ^ Duplicate Assert
  490 |
  491 |     wrapper.destroy()
  492 |   })"
/home/gabriel/Disk/Research/research-javascript-test-smells/repositories/bootstrap-vue-dev/src/components/dropdown/dropdown.spec.js,Duplicate Assert,"{'line': 504, 'column': 4, 'index': 15764}","  502 |     expect(wrapper.element.tagName).toBe('DIV')
  503 |     expect(wrapper.vm).toBeDefined()
> 504 |     expect(wrapper.emitted('click')).toBeUndefined()
      |    ^ Duplicate Assert
  505 |
  506 |     expect(wrapper.findAll('button').length).toBe(2)
  507 |     const $buttons = wrapper.findAll('button')"
/home/gabriel/Disk/Research/research-javascript-test-smells/repositories/bootstrap-vue-dev/src/components/dropdown/dropdown.spec.js,Duplicate Assert,"{'line': 512, 'column': 4, 'index': 15988}","  510 |     await $split.trigger('click')
  511 |
> 512 |     expect(wrapper.emitted('click')).toBeDefined()
      |    ^ Duplicate Assert
  513 |     expect(wrapper.emitted('click').length).toBe(1)
  514 |
  515 |     wrapper.destroy()"
/home/gabriel/Disk/Research/research-javascript-test-smells/repositories/bootstrap-vue-dev/src/components/dropdown/dropdown.spec.js,Duplicate Assert,"{'line': 553, 'column': 4, 'index': 17244}","  551 |     expect($dropdown.vm).toBeDefined()
  552 |
> 553 |     expect($toggle.attributes('aria-haspopup')).toBeDefined()
      |    ^ Duplicate Assert
  554 |     expect($toggle.attributes('aria-haspopup')).toEqual('menu')
  555 |     expect($toggle.attributes('aria-expanded')).toBeDefined()
  556 |     expect($toggle.attributes('aria-expanded')).toEqual('false')"
/home/gabriel/Disk/Research/research-javascript-test-smells/repositories/bootstrap-vue-dev/src/components/dropdown/dropdown.spec.js,Duplicate Assert,"{'line': 553, 'column': 4, 'index': 17244}","  551 |     expect($dropdown.vm).toBeDefined()
  552 |
> 553 |     expect($toggle.attributes('aria-haspopup')).toBeDefined()
      |    ^ Duplicate Assert
  554 |     expect($toggle.attributes('aria-haspopup')).toEqual('menu')
  555 |     expect($toggle.attributes('aria-expanded')).toBeDefined()
  556 |     expect($toggle.attributes('aria-expanded')).toEqual('false')"
/home/gabriel/Disk/Research/research-javascript-test-smells/repositories/bootstrap-vue-dev/src/components/dropdown/dropdown.spec.js,Duplicate Assert,"{'line': 554, 'column': 4, 'index': 17306}","  552 |
  553 |     expect($toggle.attributes('aria-haspopup')).toBeDefined()
> 554 |     expect($toggle.attributes('aria-haspopup')).toEqual('menu')
      |    ^ Duplicate Assert
  555 |     expect($toggle.attributes('aria-expanded')).toBeDefined()
  556 |     expect($toggle.attributes('aria-expanded')).toEqual('false')
  557 |     expect($dropdown.classes()).not.toContain('show')"
/home/gabriel/Disk/Research/research-javascript-test-smells/repositories/bootstrap-vue-dev/src/components/dropdown/dropdown.spec.js,Duplicate Assert,"{'line': 554, 'column': 4, 'index': 17306}","  552 |
  553 |     expect($toggle.attributes('aria-haspopup')).toBeDefined()
> 554 |     expect($toggle.attributes('aria-haspopup')).toEqual('menu')
      |    ^ Duplicate Assert
  555 |     expect($toggle.attributes('aria-expanded')).toBeDefined()
  556 |     expect($toggle.attributes('aria-expanded')).toEqual('false')
  557 |     expect($dropdown.classes()).not.toContain('show')"
/home/gabriel/Disk/Research/research-javascript-test-smells/repositories/bootstrap-vue-dev/src/components/dropdown/dropdown.spec.js,Duplicate Assert,"{'line': 555, 'column': 4, 'index': 17370}","  553 |     expect($toggle.attributes('aria-haspopup')).toBeDefined()
  554 |     expect($toggle.attributes('aria-haspopup')).toEqual('menu')
> 555 |     expect($toggle.attributes('aria-expanded')).toBeDefined()
      |    ^ Duplicate Assert
  556 |     expect($toggle.attributes('aria-expanded')).toEqual('false')
  557 |     expect($dropdown.classes()).not.toContain('show')
  558 |"
/home/gabriel/Disk/Research/research-javascript-test-smells/repositories/bootstrap-vue-dev/src/components/dropdown/dropdown.spec.js,Duplicate Assert,"{'line': 555, 'column': 4, 'index': 17370}","  553 |     expect($toggle.attributes('aria-haspopup')).toBeDefined()
  554 |     expect($toggle.attributes('aria-haspopup')).toEqual('menu')
> 555 |     expect($toggle.attributes('aria-expanded')).toBeDefined()
      |    ^ Duplicate Assert
  556 |     expect($toggle.attributes('aria-expanded')).toEqual('false')
  557 |     expect($dropdown.classes()).not.toContain('show')
  558 |"
/home/gabriel/Disk/Research/research-javascript-test-smells/repositories/bootstrap-vue-dev/src/components/dropdown/dropdown.spec.js,Duplicate Assert,"{'line': 556, 'column': 4, 'index': 17432}","  554 |     expect($toggle.attributes('aria-haspopup')).toEqual('menu')
  555 |     expect($toggle.attributes('aria-expanded')).toBeDefined()
> 556 |     expect($toggle.attributes('aria-expanded')).toEqual('false')
      |    ^ Duplicate Assert
  557 |     expect($dropdown.classes()).not.toContain('show')
  558 |
  559 |     // Open menu by clicking toggle"
/home/gabriel/Disk/Research/research-javascript-test-smells/repositories/bootstrap-vue-dev/src/components/dropdown/dropdown.spec.js,Duplicate Assert,"{'line': 556, 'column': 4, 'index': 17432}","  554 |     expect($toggle.attributes('aria-haspopup')).toEqual('menu')
  555 |     expect($toggle.attributes('aria-expanded')).toBeDefined()
> 556 |     expect($toggle.attributes('aria-expanded')).toEqual('false')
      |    ^ Duplicate Assert
  557 |     expect($dropdown.classes()).not.toContain('show')
  558 |
  559 |     // Open menu by clicking toggle"
/home/gabriel/Disk/Research/research-javascript-test-smells/repositories/bootstrap-vue-dev/src/components/dropdown/dropdown.spec.js,Duplicate Assert,"{'line': 557, 'column': 4, 'index': 17497}","  555 |     expect($toggle.attributes('aria-expanded')).toBeDefined()
  556 |     expect($toggle.attributes('aria-expanded')).toEqual('false')
> 557 |     expect($dropdown.classes()).not.toContain('show')
      |    ^ Duplicate Assert
  558 |
  559 |     // Open menu by clicking toggle
  560 |     await $toggle.trigger('click')"
/home/gabriel/Disk/Research/research-javascript-test-smells/repositories/bootstrap-vue-dev/src/components/dropdown/dropdown.spec.js,Duplicate Assert,"{'line': 557, 'column': 4, 'index': 17497}","  555 |     expect($toggle.attributes('aria-expanded')).toBeDefined()
  556 |     expect($toggle.attributes('aria-expanded')).toEqual('false')
> 557 |     expect($dropdown.classes()).not.toContain('show')
      |    ^ Duplicate Assert
  558 |
  559 |     // Open menu by clicking toggle
  560 |     await $toggle.trigger('click')"
/home/gabriel/Disk/Research/research-javascript-test-smells/repositories/bootstrap-vue-dev/src/components/dropdown/dropdown.spec.js,Duplicate Assert,"{'line': 566, 'column': 4, 'index': 17722}","  564 |     await waitNT(wrapper.vm)
  565 |
> 566 |     expect($toggle.attributes('aria-haspopup')).toBeDefined()
      |    ^ Duplicate Assert
  567 |     expect($toggle.attributes('aria-haspopup')).toEqual('menu')
  568 |     expect($toggle.attributes('aria-expanded')).toBeDefined()
  569 |     expect($toggle.attributes('aria-expanded')).toEqual('true')"
/home/gabriel/Disk/Research/research-javascript-test-smells/repositories/bootstrap-vue-dev/src/components/dropdown/dropdown.spec.js,Duplicate Assert,"{'line': 566, 'column': 4, 'index': 17722}","  564 |     await waitNT(wrapper.vm)
  565 |
> 566 |     expect($toggle.attributes('aria-haspopup')).toBeDefined()
      |    ^ Duplicate Assert
  567 |     expect($toggle.attributes('aria-haspopup')).toEqual('menu')
  568 |     expect($toggle.attributes('aria-expanded')).toBeDefined()
  569 |     expect($toggle.attributes('aria-expanded')).toEqual('true')"
/home/gabriel/Disk/Research/research-javascript-test-smells/repositories/bootstrap-vue-dev/src/components/dropdown/dropdown.spec.js,Duplicate Assert,"{'line': 567, 'column': 4, 'index': 17784}","  565 |
  566 |     expect($toggle.attributes('aria-haspopup')).toBeDefined()
> 567 |     expect($toggle.attributes('aria-haspopup')).toEqual('menu')
      |    ^ Duplicate Assert
  568 |     expect($toggle.attributes('aria-expanded')).toBeDefined()
  569 |     expect($toggle.attributes('aria-expanded')).toEqual('true')
  570 |     expect($dropdown.classes()).toContain('show')"
/home/gabriel/Disk/Research/research-javascript-test-smells/repositories/bootstrap-vue-dev/src/components/dropdown/dropdown.spec.js,Duplicate Assert,"{'line': 567, 'column': 4, 'index': 17784}","  565 |
  566 |     expect($toggle.attributes('aria-haspopup')).toBeDefined()
> 567 |     expect($toggle.attributes('aria-haspopup')).toEqual('menu')
      |    ^ Duplicate Assert
  568 |     expect($toggle.attributes('aria-expanded')).toBeDefined()
  569 |     expect($toggle.attributes('aria-expanded')).toEqual('true')
  570 |     expect($dropdown.classes()).toContain('show')"
/home/gabriel/Disk/Research/research-javascript-test-smells/repositories/bootstrap-vue-dev/src/components/dropdown/dropdown.spec.js,Duplicate Assert,"{'line': 568, 'column': 4, 'index': 17848}","  566 |     expect($toggle.attributes('aria-haspopup')).toBeDefined()
  567 |     expect($toggle.attributes('aria-haspopup')).toEqual('menu')
> 568 |     expect($toggle.attributes('aria-expanded')).toBeDefined()
      |    ^ Duplicate Assert
  569 |     expect($toggle.attributes('aria-expanded')).toEqual('true')
  570 |     expect($dropdown.classes()).toContain('show')
  571 |     expect(document.activeElement).toBe($menu.element)"
/home/gabriel/Disk/Research/research-javascript-test-smells/repositories/bootstrap-vue-dev/src/components/dropdown/dropdown.spec.js,Duplicate Assert,"{'line': 568, 'column': 4, 'index': 17848}","  566 |     expect($toggle.attributes('aria-haspopup')).toBeDefined()
  567 |     expect($toggle.attributes('aria-haspopup')).toEqual('menu')
> 568 |     expect($toggle.attributes('aria-expanded')).toBeDefined()
      |    ^ Duplicate Assert
  569 |     expect($toggle.attributes('aria-expanded')).toEqual('true')
  570 |     expect($dropdown.classes()).toContain('show')
  571 |     expect(document.activeElement).toBe($menu.element)"
/home/gabriel/Disk/Research/research-javascript-test-smells/repositories/bootstrap-vue-dev/src/components/dropdown/dropdown.spec.js,Duplicate Assert,"{'line': 569, 'column': 4, 'index': 17910}","  567 |     expect($toggle.attributes('aria-haspopup')).toEqual('menu')
  568 |     expect($toggle.attributes('aria-expanded')).toBeDefined()
> 569 |     expect($toggle.attributes('aria-expanded')).toEqual('true')
      |    ^ Duplicate Assert
  570 |     expect($dropdown.classes()).toContain('show')
  571 |     expect(document.activeElement).toBe($menu.element)
  572 |"
/home/gabriel/Disk/Research/research-javascript-test-smells/repositories/bootstrap-vue-dev/src/components/dropdown/dropdown.spec.js,Duplicate Assert,"{'line': 569, 'column': 4, 'index': 17910}","  567 |     expect($toggle.attributes('aria-haspopup')).toEqual('menu')
  568 |     expect($toggle.attributes('aria-expanded')).toBeDefined()
> 569 |     expect($toggle.attributes('aria-expanded')).toEqual('true')
      |    ^ Duplicate Assert
  570 |     expect($dropdown.classes()).toContain('show')
  571 |     expect(document.activeElement).toBe($menu.element)
  572 |"
/home/gabriel/Disk/Research/research-javascript-test-smells/repositories/bootstrap-vue-dev/src/components/dropdown/dropdown.spec.js,Duplicate Assert,"{'line': 570, 'column': 4, 'index': 17974}","  568 |     expect($toggle.attributes('aria-expanded')).toBeDefined()
  569 |     expect($toggle.attributes('aria-expanded')).toEqual('true')
> 570 |     expect($dropdown.classes()).toContain('show')
      |    ^ Duplicate Assert
  571 |     expect(document.activeElement).toBe($menu.element)
  572 |
  573 |     // Close menu by clicking toggle again"
/home/gabriel/Disk/Research/research-javascript-test-smells/repositories/bootstrap-vue-dev/src/components/dropdown/dropdown.spec.js,Duplicate Assert,"{'line': 570, 'column': 4, 'index': 17974}","  568 |     expect($toggle.attributes('aria-expanded')).toBeDefined()
  569 |     expect($toggle.attributes('aria-expanded')).toEqual('true')
> 570 |     expect($dropdown.classes()).toContain('show')
      |    ^ Duplicate Assert
  571 |     expect(document.activeElement).toBe($menu.element)
  572 |
  573 |     // Close menu by clicking toggle again"
/home/gabriel/Disk/Research/research-javascript-test-smells/repositories/bootstrap-vue-dev/src/components/dropdown/dropdown.spec.js,Duplicate Assert,"{'line': 571, 'column': 4, 'index': 18024}","  569 |     expect($toggle.attributes('aria-expanded')).toEqual('true')
  570 |     expect($dropdown.classes()).toContain('show')
> 571 |     expect(document.activeElement).toBe($menu.element)
      |    ^ Duplicate Assert
  572 |
  573 |     // Close menu by clicking toggle again
  574 |     await $toggle.trigger('click')"
/home/gabriel/Disk/Research/research-javascript-test-smells/repositories/bootstrap-vue-dev/src/components/dropdown/dropdown.spec.js,Duplicate Assert,"{'line': 571, 'column': 4, 'index': 18024}","  569 |     expect($toggle.attributes('aria-expanded')).toEqual('true')
  570 |     expect($dropdown.classes()).toContain('show')
> 571 |     expect(document.activeElement).toBe($menu.element)
      |    ^ Duplicate Assert
  572 |
  573 |     // Close menu by clicking toggle again
  574 |     await $toggle.trigger('click')"
/home/gabriel/Disk/Research/research-javascript-test-smells/repositories/bootstrap-vue-dev/src/components/dropdown/dropdown.spec.js,Duplicate Assert,"{'line': 579, 'column': 4, 'index': 18256}","  577 |     await waitRAF()
  578 |     await waitNT(wrapper.vm)
> 579 |     expect($toggle.attributes('aria-expanded')).toEqual('false')
      |    ^ Duplicate Assert
  580 |     expect($dropdown.classes()).not.toContain('show')
  581 |
  582 |     // Open menu again"
/home/gabriel/Disk/Research/research-javascript-test-smells/repositories/bootstrap-vue-dev/src/components/dropdown/dropdown.spec.js,Duplicate Assert,"{'line': 579, 'column': 4, 'index': 18256}","  577 |     await waitRAF()
  578 |     await waitNT(wrapper.vm)
> 579 |     expect($toggle.attributes('aria-expanded')).toEqual('false')
      |    ^ Duplicate Assert
  580 |     expect($dropdown.classes()).not.toContain('show')
  581 |
  582 |     // Open menu again"
/home/gabriel/Disk/Research/research-javascript-test-smells/repositories/bootstrap-vue-dev/src/components/dropdown/dropdown.spec.js,Duplicate Assert,"{'line': 580, 'column': 4, 'index': 18321}","  578 |     await waitNT(wrapper.vm)
  579 |     expect($toggle.attributes('aria-expanded')).toEqual('false')
> 580 |     expect($dropdown.classes()).not.toContain('show')
      |    ^ Duplicate Assert
  581 |
  582 |     // Open menu again
  583 |     await $toggle.trigger('click')"
/home/gabriel/Disk/Research/research-javascript-test-smells/repositories/bootstrap-vue-dev/src/components/dropdown/dropdown.spec.js,Duplicate Assert,"{'line': 580, 'column': 4, 'index': 18321}","  578 |     await waitNT(wrapper.vm)
  579 |     expect($toggle.attributes('aria-expanded')).toEqual('false')
> 580 |     expect($dropdown.classes()).not.toContain('show')
      |    ^ Duplicate Assert
  581 |
  582 |     // Open menu again
  583 |     await $toggle.trigger('click')"
/home/gabriel/Disk/Research/research-javascript-test-smells/repositories/bootstrap-vue-dev/src/components/dropdown/dropdown.spec.js,Duplicate Assert,"{'line': 588, 'column': 4, 'index': 18532}","  586 |     await waitRAF()
  587 |     await waitNT(wrapper.vm)
> 588 |     expect($toggle.attributes('aria-expanded')).toEqual('true')
      |    ^ Duplicate Assert
  589 |     expect(document.activeElement).toBe($menu.element)
  590 |     expect($dropdown.classes()).toContain('show')
  591 |"
/home/gabriel/Disk/Research/research-javascript-test-smells/repositories/bootstrap-vue-dev/src/components/dropdown/dropdown.spec.js,Duplicate Assert,"{'line': 588, 'column': 4, 'index': 18532}","  586 |     await waitRAF()
  587 |     await waitNT(wrapper.vm)
> 588 |     expect($toggle.attributes('aria-expanded')).toEqual('true')
      |    ^ Duplicate Assert
  589 |     expect(document.activeElement).toBe($menu.element)
  590 |     expect($dropdown.classes()).toContain('show')
  591 |"
/home/gabriel/Disk/Research/research-javascript-test-smells/repositories/bootstrap-vue-dev/src/components/dropdown/dropdown.spec.js,Duplicate Assert,"{'line': 589, 'column': 4, 'index': 18596}","  587 |     await waitNT(wrapper.vm)
  588 |     expect($toggle.attributes('aria-expanded')).toEqual('true')
> 589 |     expect(document.activeElement).toBe($menu.element)
      |    ^ Duplicate Assert
  590 |     expect($dropdown.classes()).toContain('show')
  591 |
  592 |     // Close by clicking dropdown-item"
/home/gabriel/Disk/Research/research-javascript-test-smells/repositories/bootstrap-vue-dev/src/components/dropdown/dropdown.spec.js,Duplicate Assert,"{'line': 589, 'column': 4, 'index': 18596}","  587 |     await waitNT(wrapper.vm)
  588 |     expect($toggle.attributes('aria-expanded')).toEqual('true')
> 589 |     expect(document.activeElement).toBe($menu.element)
      |    ^ Duplicate Assert
  590 |     expect($dropdown.classes()).toContain('show')
  591 |
  592 |     // Close by clicking dropdown-item"
/home/gabriel/Disk/Research/research-javascript-test-smells/repositories/bootstrap-vue-dev/src/components/dropdown/dropdown.spec.js,Duplicate Assert,"{'line': 590, 'column': 4, 'index': 18651}","  588 |     expect($toggle.attributes('aria-expanded')).toEqual('true')
  589 |     expect(document.activeElement).toBe($menu.element)
> 590 |     expect($dropdown.classes()).toContain('show')
      |    ^ Duplicate Assert
  591 |
  592 |     // Close by clicking dropdown-item
  593 |     await $item.trigger('click')"
/home/gabriel/Disk/Research/research-javascript-test-smells/repositories/bootstrap-vue-dev/src/components/dropdown/dropdown.spec.js,Duplicate Assert,"{'line': 590, 'column': 4, 'index': 18651}","  588 |     expect($toggle.attributes('aria-expanded')).toEqual('true')
  589 |     expect(document.activeElement).toBe($menu.element)
> 590 |     expect($dropdown.classes()).toContain('show')
      |    ^ Duplicate Assert
  591 |
  592 |     // Close by clicking dropdown-item
  593 |     await $item.trigger('click')"
/home/gabriel/Disk/Research/research-javascript-test-smells/repositories/bootstrap-vue-dev/src/components/dropdown/dropdown.spec.js,Duplicate Assert,"{'line': 598, 'column': 4, 'index': 18872}","  596 |     await waitRAF()
  597 |     await waitNT(wrapper.vm)
> 598 |     expect($toggle.attributes('aria-expanded')).toEqual('false')
      |    ^ Duplicate Assert
  599 |     expect($dropdown.classes()).not.toContain('show')
  600 |
  601 |     // Open menu via ´.show()´ method"
/home/gabriel/Disk/Research/research-javascript-test-smells/repositories/bootstrap-vue-dev/src/components/dropdown/dropdown.spec.js,Duplicate Assert,"{'line': 598, 'column': 4, 'index': 18872}","  596 |     await waitRAF()
  597 |     await waitNT(wrapper.vm)
> 598 |     expect($toggle.attributes('aria-expanded')).toEqual('false')
      |    ^ Duplicate Assert
  599 |     expect($dropdown.classes()).not.toContain('show')
  600 |
  601 |     // Open menu via ´.show()´ method"
/home/gabriel/Disk/Research/research-javascript-test-smells/repositories/bootstrap-vue-dev/src/components/dropdown/dropdown.spec.js,Duplicate Assert,"{'line': 599, 'column': 4, 'index': 18937}","  597 |     await waitNT(wrapper.vm)
  598 |     expect($toggle.attributes('aria-expanded')).toEqual('false')
> 599 |     expect($dropdown.classes()).not.toContain('show')
      |    ^ Duplicate Assert
  600 |
  601 |     // Open menu via ´.show()´ method
  602 |     $dropdown.vm.show()"
/home/gabriel/Disk/Research/research-javascript-test-smells/repositories/bootstrap-vue-dev/src/components/dropdown/dropdown.spec.js,Duplicate Assert,"{'line': 599, 'column': 4, 'index': 18937}","  597 |     await waitNT(wrapper.vm)
  598 |     expect($toggle.attributes('aria-expanded')).toEqual('false')
> 599 |     expect($dropdown.classes()).not.toContain('show')
      |    ^ Duplicate Assert
  600 |
  601 |     // Open menu via ´.show()´ method
  602 |     $dropdown.vm.show()"
/home/gabriel/Disk/Research/research-javascript-test-smells/repositories/bootstrap-vue-dev/src/components/dropdown/dropdown.spec.js,Duplicate Assert,"{'line': 607, 'column': 4, 'index': 19152}","  605 |     await waitRAF()
  606 |     await waitNT(wrapper.vm)
> 607 |     expect($toggle.attributes('aria-expanded')).toEqual('true')
      |    ^ Duplicate Assert
  608 |     expect($dropdown.classes()).toContain('show')
  609 |
  610 |     // Close menu via ´.hide()´ method"
/home/gabriel/Disk/Research/research-javascript-test-smells/repositories/bootstrap-vue-dev/src/components/dropdown/dropdown.spec.js,Duplicate Assert,"{'line': 607, 'column': 4, 'index': 19152}","  605 |     await waitRAF()
  606 |     await waitNT(wrapper.vm)
> 607 |     expect($toggle.attributes('aria-expanded')).toEqual('true')
      |    ^ Duplicate Assert
  608 |     expect($dropdown.classes()).toContain('show')
  609 |
  610 |     // Close menu via ´.hide()´ method"
/home/gabriel/Disk/Research/research-javascript-test-smells/repositories/bootstrap-vue-dev/src/components/dropdown/dropdown.spec.js,Duplicate Assert,"{'line': 608, 'column': 4, 'index': 19216}","  606 |     await waitNT(wrapper.vm)
  607 |     expect($toggle.attributes('aria-expanded')).toEqual('true')
> 608 |     expect($dropdown.classes()).toContain('show')
      |    ^ Duplicate Assert
  609 |
  610 |     // Close menu via ´.hide()´ method
  611 |     $dropdown.vm.hide()"
/home/gabriel/Disk/Research/research-javascript-test-smells/repositories/bootstrap-vue-dev/src/components/dropdown/dropdown.spec.js,Duplicate Assert,"{'line': 608, 'column': 4, 'index': 19216}","  606 |     await waitNT(wrapper.vm)
  607 |     expect($toggle.attributes('aria-expanded')).toEqual('true')
> 608 |     expect($dropdown.classes()).toContain('show')
      |    ^ Duplicate Assert
  609 |
  610 |     // Close menu via ´.hide()´ method
  611 |     $dropdown.vm.hide()"
/home/gabriel/Disk/Research/research-javascript-test-smells/repositories/bootstrap-vue-dev/src/components/dropdown/dropdown.spec.js,Duplicate Assert,"{'line': 617, 'column': 4, 'index': 19457}","  615 |     await waitRAF()
  616 |     await waitNT(wrapper.vm)
> 617 |     expect($toggle.attributes('aria-expanded')).toEqual('false')
      |    ^ Duplicate Assert
  618 |     expect($dropdown.classes()).not.toContain('show')
  619 |
  620 |     // Open menu via ´.show()´ method again"
/home/gabriel/Disk/Research/research-javascript-test-smells/repositories/bootstrap-vue-dev/src/components/dropdown/dropdown.spec.js,Duplicate Assert,"{'line': 617, 'column': 4, 'index': 19457}","  615 |     await waitRAF()
  616 |     await waitNT(wrapper.vm)
> 617 |     expect($toggle.attributes('aria-expanded')).toEqual('false')
      |    ^ Duplicate Assert
  618 |     expect($dropdown.classes()).not.toContain('show')
  619 |
  620 |     // Open menu via ´.show()´ method again"
/home/gabriel/Disk/Research/research-javascript-test-smells/repositories/bootstrap-vue-dev/src/components/dropdown/dropdown.spec.js,Duplicate Assert,"{'line': 618, 'column': 4, 'index': 19522}","  616 |     await waitNT(wrapper.vm)
  617 |     expect($toggle.attributes('aria-expanded')).toEqual('false')
> 618 |     expect($dropdown.classes()).not.toContain('show')
      |    ^ Duplicate Assert
  619 |
  620 |     // Open menu via ´.show()´ method again
  621 |     $dropdown.vm.show()"
/home/gabriel/Disk/Research/research-javascript-test-smells/repositories/bootstrap-vue-dev/src/components/dropdown/dropdown.spec.js,Duplicate Assert,"{'line': 618, 'column': 4, 'index': 19522}","  616 |     await waitNT(wrapper.vm)
  617 |     expect($toggle.attributes('aria-expanded')).toEqual('false')
> 618 |     expect($dropdown.classes()).not.toContain('show')
      |    ^ Duplicate Assert
  619 |
  620 |     // Open menu via ´.show()´ method again
  621 |     $dropdown.vm.show()"
/home/gabriel/Disk/Research/research-javascript-test-smells/repositories/bootstrap-vue-dev/src/components/dropdown/dropdown.spec.js,Duplicate Assert,"{'line': 627, 'column': 4, 'index': 19772}","  625 |     await waitRAF()
  626 |     await waitNT(wrapper.vm)
> 627 |     expect($toggle.attributes('aria-expanded')).toEqual('true')
      |    ^ Duplicate Assert
  628 |     expect($dropdown.classes()).toContain('show')
  629 |     expect(document.activeElement).toBe($menu.element)
  630 |"
/home/gabriel/Disk/Research/research-javascript-test-smells/repositories/bootstrap-vue-dev/src/components/dropdown/dropdown.spec.js,Duplicate Assert,"{'line': 627, 'column': 4, 'index': 19772}","  625 |     await waitRAF()
  626 |     await waitNT(wrapper.vm)
> 627 |     expect($toggle.attributes('aria-expanded')).toEqual('true')
      |    ^ Duplicate Assert
  628 |     expect($dropdown.classes()).toContain('show')
  629 |     expect(document.activeElement).toBe($menu.element)
  630 |"
/home/gabriel/Disk/Research/research-javascript-test-smells/repositories/bootstrap-vue-dev/src/components/dropdown/dropdown.spec.js,Duplicate Assert,"{'line': 628, 'column': 4, 'index': 19836}","  626 |     await waitNT(wrapper.vm)
  627 |     expect($toggle.attributes('aria-expanded')).toEqual('true')
> 628 |     expect($dropdown.classes()).toContain('show')
      |    ^ Duplicate Assert
  629 |     expect(document.activeElement).toBe($menu.element)
  630 |
  631 |     // Close menu by moving focus away from menu"
/home/gabriel/Disk/Research/research-javascript-test-smells/repositories/bootstrap-vue-dev/src/components/dropdown/dropdown.spec.js,Duplicate Assert,"{'line': 628, 'column': 4, 'index': 19836}","  626 |     await waitNT(wrapper.vm)
  627 |     expect($toggle.attributes('aria-expanded')).toEqual('true')
> 628 |     expect($dropdown.classes()).toContain('show')
      |    ^ Duplicate Assert
  629 |     expect(document.activeElement).toBe($menu.element)
  630 |
  631 |     // Close menu by moving focus away from menu"
/home/gabriel/Disk/Research/research-javascript-test-smells/repositories/bootstrap-vue-dev/src/components/dropdown/dropdown.spec.js,Duplicate Assert,"{'line': 629, 'column': 4, 'index': 19886}","  627 |     expect($toggle.attributes('aria-expanded')).toEqual('true')
  628 |     expect($dropdown.classes()).toContain('show')
> 629 |     expect(document.activeElement).toBe($menu.element)
      |    ^ Duplicate Assert
  630 |
  631 |     // Close menu by moving focus away from menu
  632 |     await $input.trigger('focusin')"
/home/gabriel/Disk/Research/research-javascript-test-smells/repositories/bootstrap-vue-dev/src/components/dropdown/dropdown.spec.js,Duplicate Assert,"{'line': 629, 'column': 4, 'index': 19886}","  627 |     expect($toggle.attributes('aria-expanded')).toEqual('true')
  628 |     expect($dropdown.classes()).toContain('show')
> 629 |     expect(document.activeElement).toBe($menu.element)
      |    ^ Duplicate Assert
  630 |
  631 |     // Close menu by moving focus away from menu
  632 |     await $input.trigger('focusin')"
/home/gabriel/Disk/Research/research-javascript-test-smells/repositories/bootstrap-vue-dev/src/components/dropdown/dropdown.spec.js,Duplicate Assert,"{'line': 637, 'column': 4, 'index': 20125}","  635 |     await waitRAF()
  636 |     await waitNT(wrapper.vm)
> 637 |     expect($dropdown.classes()).not.toContain('show')
      |    ^ Duplicate Assert
  638 |     expect($toggle.attributes('aria-expanded')).toEqual('false')
  639 |
  640 |     // Open menu via keydown.down event on toggle button"
/home/gabriel/Disk/Research/research-javascript-test-smells/repositories/bootstrap-vue-dev/src/components/dropdown/dropdown.spec.js,Duplicate Assert,"{'line': 637, 'column': 4, 'index': 20125}","  635 |     await waitRAF()
  636 |     await waitNT(wrapper.vm)
> 637 |     expect($dropdown.classes()).not.toContain('show')
      |    ^ Duplicate Assert
  638 |     expect($toggle.attributes('aria-expanded')).toEqual('false')
  639 |
  640 |     // Open menu via keydown.down event on toggle button"
/home/gabriel/Disk/Research/research-javascript-test-smells/repositories/bootstrap-vue-dev/src/components/dropdown/dropdown.spec.js,Duplicate Assert,"{'line': 638, 'column': 4, 'index': 20179}","  636 |     await waitNT(wrapper.vm)
  637 |     expect($dropdown.classes()).not.toContain('show')
> 638 |     expect($toggle.attributes('aria-expanded')).toEqual('false')
      |    ^ Duplicate Assert
  639 |
  640 |     // Open menu via keydown.down event on toggle button
  641 |     await $toggle.trigger('keydown.down')"
/home/gabriel/Disk/Research/research-javascript-test-smells/repositories/bootstrap-vue-dev/src/components/dropdown/dropdown.spec.js,Duplicate Assert,"{'line': 638, 'column': 4, 'index': 20179}","  636 |     await waitNT(wrapper.vm)
  637 |     expect($dropdown.classes()).not.toContain('show')
> 638 |     expect($toggle.attributes('aria-expanded')).toEqual('false')
      |    ^ Duplicate Assert
  639 |
  640 |     // Open menu via keydown.down event on toggle button
  641 |     await $toggle.trigger('keydown.down')"
/home/gabriel/Disk/Research/research-javascript-test-smells/repositories/bootstrap-vue-dev/src/components/dropdown/dropdown.spec.js,Duplicate Assert,"{'line': 646, 'column': 4, 'index': 20442}","  644 |     await waitRAF()
  645 |     await waitNT(wrapper.vm)
> 646 |     expect($dropdown.classes()).toContain('show')
      |    ^ Duplicate Assert
  647 |     expect($toggle.attributes('aria-expanded')).toEqual('true')
  648 |     expect(document.activeElement).toBe($menu.element)
  649 |"
/home/gabriel/Disk/Research/research-javascript-test-smells/repositories/bootstrap-vue-dev/src/components/dropdown/dropdown.spec.js,Duplicate Assert,"{'line': 646, 'column': 4, 'index': 20442}","  644 |     await waitRAF()
  645 |     await waitNT(wrapper.vm)
> 646 |     expect($dropdown.classes()).toContain('show')
      |    ^ Duplicate Assert
  647 |     expect($toggle.attributes('aria-expanded')).toEqual('true')
  648 |     expect(document.activeElement).toBe($menu.element)
  649 |"
/home/gabriel/Disk/Research/research-javascript-test-smells/repositories/bootstrap-vue-dev/src/components/dropdown/dropdown.spec.js,Duplicate Assert,"{'line': 647, 'column': 4, 'index': 20492}","  645 |     await waitNT(wrapper.vm)
  646 |     expect($dropdown.classes()).toContain('show')
> 647 |     expect($toggle.attributes('aria-expanded')).toEqual('true')
      |    ^ Duplicate Assert
  648 |     expect(document.activeElement).toBe($menu.element)
  649 |
  650 |     // Close menu by clicking outside"
/home/gabriel/Disk/Research/research-javascript-test-smells/repositories/bootstrap-vue-dev/src/components/dropdown/dropdown.spec.js,Duplicate Assert,"{'line': 647, 'column': 4, 'index': 20492}","  645 |     await waitNT(wrapper.vm)
  646 |     expect($dropdown.classes()).toContain('show')
> 647 |     expect($toggle.attributes('aria-expanded')).toEqual('true')
      |    ^ Duplicate Assert
  648 |     expect(document.activeElement).toBe($menu.element)
  649 |
  650 |     // Close menu by clicking outside"
/home/gabriel/Disk/Research/research-javascript-test-smells/repositories/bootstrap-vue-dev/src/components/dropdown/dropdown.spec.js,Duplicate Assert,"{'line': 648, 'column': 4, 'index': 20556}","  646 |     expect($dropdown.classes()).toContain('show')
  647 |     expect($toggle.attributes('aria-expanded')).toEqual('true')
> 648 |     expect(document.activeElement).toBe($menu.element)
      |    ^ Duplicate Assert
  649 |
  650 |     // Close menu by clicking outside
  651 |     await $container.trigger('click')"
/home/gabriel/Disk/Research/research-javascript-test-smells/repositories/bootstrap-vue-dev/src/components/dropdown/dropdown.spec.js,Duplicate Assert,"{'line': 648, 'column': 4, 'index': 20556}","  646 |     expect($dropdown.classes()).toContain('show')
  647 |     expect($toggle.attributes('aria-expanded')).toEqual('true')
> 648 |     expect(document.activeElement).toBe($menu.element)
      |    ^ Duplicate Assert
  649 |
  650 |     // Close menu by clicking outside
  651 |     await $container.trigger('click')"
/home/gabriel/Disk/Research/research-javascript-test-smells/repositories/bootstrap-vue-dev/src/components/dropdown/dropdown.spec.js,Duplicate Assert,"{'line': 656, 'column': 4, 'index': 20786}","  654 |     await waitRAF()
  655 |     await waitNT(wrapper.vm)
> 656 |     expect($dropdown.classes()).not.toContain('show')
      |    ^ Duplicate Assert
  657 |     expect($toggle.attributes('aria-expanded')).toEqual('false')
  658 |
  659 |     // Open menu via ´.show()´ method again"
/home/gabriel/Disk/Research/research-javascript-test-smells/repositories/bootstrap-vue-dev/src/components/dropdown/dropdown.spec.js,Duplicate Assert,"{'line': 656, 'column': 4, 'index': 20786}","  654 |     await waitRAF()
  655 |     await waitNT(wrapper.vm)
> 656 |     expect($dropdown.classes()).not.toContain('show')
      |    ^ Duplicate Assert
  657 |     expect($toggle.attributes('aria-expanded')).toEqual('false')
  658 |
  659 |     // Open menu via ´.show()´ method again"
/home/gabriel/Disk/Research/research-javascript-test-smells/repositories/bootstrap-vue-dev/src/components/dropdown/dropdown.spec.js,Duplicate Assert,"{'line': 657, 'column': 4, 'index': 20840}","  655 |     await waitNT(wrapper.vm)
  656 |     expect($dropdown.classes()).not.toContain('show')
> 657 |     expect($toggle.attributes('aria-expanded')).toEqual('false')
      |    ^ Duplicate Assert
  658 |
  659 |     // Open menu via ´.show()´ method again
  660 |     $dropdown.vm.show()"
/home/gabriel/Disk/Research/research-javascript-test-smells/repositories/bootstrap-vue-dev/src/components/dropdown/dropdown.spec.js,Duplicate Assert,"{'line': 657, 'column': 4, 'index': 20840}","  655 |     await waitNT(wrapper.vm)
  656 |     expect($dropdown.classes()).not.toContain('show')
> 657 |     expect($toggle.attributes('aria-expanded')).toEqual('false')
      |    ^ Duplicate Assert
  658 |
  659 |     // Open menu via ´.show()´ method again
  660 |     $dropdown.vm.show()"
/home/gabriel/Disk/Research/research-javascript-test-smells/repositories/bootstrap-vue-dev/src/components/dropdown/dropdown.spec.js,Duplicate Assert,"{'line': 666, 'column': 4, 'index': 21101}","  664 |     await waitRAF()
  665 |     await waitNT(wrapper.vm)
> 666 |     expect($dropdown.classes()).toContain('show')
      |    ^ Duplicate Assert
  667 |     expect($toggle.attributes('aria-expanded')).toEqual('true')
  668 |
  669 |     // Close menu by keydown.esc event on dropdown item"
/home/gabriel/Disk/Research/research-javascript-test-smells/repositories/bootstrap-vue-dev/src/components/dropdown/dropdown.spec.js,Duplicate Assert,"{'line': 666, 'column': 4, 'index': 21101}","  664 |     await waitRAF()
  665 |     await waitNT(wrapper.vm)
> 666 |     expect($dropdown.classes()).toContain('show')
      |    ^ Duplicate Assert
  667 |     expect($toggle.attributes('aria-expanded')).toEqual('true')
  668 |
  669 |     // Close menu by keydown.esc event on dropdown item"
/home/gabriel/Disk/Research/research-javascript-test-smells/repositories/bootstrap-vue-dev/src/components/dropdown/dropdown.spec.js,Duplicate Assert,"{'line': 667, 'column': 4, 'index': 21151}","  665 |     await waitNT(wrapper.vm)
  666 |     expect($dropdown.classes()).toContain('show')
> 667 |     expect($toggle.attributes('aria-expanded')).toEqual('true')
      |    ^ Duplicate Assert
  668 |
  669 |     // Close menu by keydown.esc event on dropdown item
  670 |     await $item.trigger('keydown.esc')"
/home/gabriel/Disk/Research/research-javascript-test-smells/repositories/bootstrap-vue-dev/src/components/dropdown/dropdown.spec.js,Duplicate Assert,"{'line': 667, 'column': 4, 'index': 21151}","  665 |     await waitNT(wrapper.vm)
  666 |     expect($dropdown.classes()).toContain('show')
> 667 |     expect($toggle.attributes('aria-expanded')).toEqual('true')
      |    ^ Duplicate Assert
  668 |
  669 |     // Close menu by keydown.esc event on dropdown item
  670 |     await $item.trigger('keydown.esc')"
/home/gabriel/Disk/Research/research-javascript-test-smells/repositories/bootstrap-vue-dev/src/components/dropdown/dropdown.spec.js,Duplicate Assert,"{'line': 675, 'column': 4, 'index': 21409}","  673 |     await waitRAF()
  674 |     await waitNT(wrapper.vm)
> 675 |     expect($dropdown.classes()).not.toContain('show')
      |    ^ Duplicate Assert
  676 |     expect($toggle.attributes('aria-expanded')).toEqual('false')
  677 |
  678 |     // Open menu via ´.show()´ method again"
/home/gabriel/Disk/Research/research-javascript-test-smells/repositories/bootstrap-vue-dev/src/components/dropdown/dropdown.spec.js,Duplicate Assert,"{'line': 675, 'column': 4, 'index': 21409}","  673 |     await waitRAF()
  674 |     await waitNT(wrapper.vm)
> 675 |     expect($dropdown.classes()).not.toContain('show')
      |    ^ Duplicate Assert
  676 |     expect($toggle.attributes('aria-expanded')).toEqual('false')
  677 |
  678 |     // Open menu via ´.show()´ method again"
/home/gabriel/Disk/Research/research-javascript-test-smells/repositories/bootstrap-vue-dev/src/components/dropdown/dropdown.spec.js,Duplicate Assert,"{'line': 676, 'column': 4, 'index': 21463}","  674 |     await waitNT(wrapper.vm)
  675 |     expect($dropdown.classes()).not.toContain('show')
> 676 |     expect($toggle.attributes('aria-expanded')).toEqual('false')
      |    ^ Duplicate Assert
  677 |
  678 |     // Open menu via ´.show()´ method again
  679 |     $dropdown.vm.show()"
/home/gabriel/Disk/Research/research-javascript-test-smells/repositories/bootstrap-vue-dev/src/components/dropdown/dropdown.spec.js,Duplicate Assert,"{'line': 676, 'column': 4, 'index': 21463}","  674 |     await waitNT(wrapper.vm)
  675 |     expect($dropdown.classes()).not.toContain('show')
> 676 |     expect($toggle.attributes('aria-expanded')).toEqual('false')
      |    ^ Duplicate Assert
  677 |
  678 |     // Open menu via ´.show()´ method again
  679 |     $dropdown.vm.show()"
/home/gabriel/Disk/Research/research-javascript-test-smells/repositories/bootstrap-vue-dev/src/components/dropdown/dropdown.spec.js,Duplicate Assert,"{'line': 685, 'column': 4, 'index': 21724}","  683 |     await waitRAF()
  684 |     await waitNT(wrapper.vm)
> 685 |     expect($dropdown.classes()).toContain('show')
      |    ^ Duplicate Assert
  686 |     expect($toggle.attributes('aria-expanded')).toEqual('true')
  687 |
  688 |     // When disabled changes to true, menu should close"
/home/gabriel/Disk/Research/research-javascript-test-smells/repositories/bootstrap-vue-dev/src/components/dropdown/dropdown.spec.js,Duplicate Assert,"{'line': 685, 'column': 4, 'index': 21724}","  683 |     await waitRAF()
  684 |     await waitNT(wrapper.vm)
> 685 |     expect($dropdown.classes()).toContain('show')
      |    ^ Duplicate Assert
  686 |     expect($toggle.attributes('aria-expanded')).toEqual('true')
  687 |
  688 |     // When disabled changes to true, menu should close"
/home/gabriel/Disk/Research/research-javascript-test-smells/repositories/bootstrap-vue-dev/src/components/dropdown/dropdown.spec.js,Duplicate Assert,"{'line': 686, 'column': 4, 'index': 21774}","  684 |     await waitNT(wrapper.vm)
  685 |     expect($dropdown.classes()).toContain('show')
> 686 |     expect($toggle.attributes('aria-expanded')).toEqual('true')
      |    ^ Duplicate Assert
  687 |
  688 |     // When disabled changes to true, menu should close
  689 |     await wrapper.setProps({ disabled: true })"
/home/gabriel/Disk/Research/research-javascript-test-smells/repositories/bootstrap-vue-dev/src/components/dropdown/dropdown.spec.js,Duplicate Assert,"{'line': 686, 'column': 4, 'index': 21774}","  684 |     await waitNT(wrapper.vm)
  685 |     expect($dropdown.classes()).toContain('show')
> 686 |     expect($toggle.attributes('aria-expanded')).toEqual('true')
      |    ^ Duplicate Assert
  687 |
  688 |     // When disabled changes to true, menu should close
  689 |     await wrapper.setProps({ disabled: true })"
/home/gabriel/Disk/Research/research-javascript-test-smells/repositories/bootstrap-vue-dev/src/components/dropdown/dropdown.spec.js,Duplicate Assert,"{'line': 694, 'column': 4, 'index': 22040}","  692 |     await waitRAF()
  693 |     await waitNT(wrapper.vm)
> 694 |     expect($dropdown.classes()).not.toContain('show')
      |    ^ Duplicate Assert
  695 |     expect($toggle.attributes('aria-expanded')).toEqual('false')
  696 |
  697 |     // When disabled, show() wont open menu"
/home/gabriel/Disk/Research/research-javascript-test-smells/repositories/bootstrap-vue-dev/src/components/dropdown/dropdown.spec.js,Duplicate Assert,"{'line': 694, 'column': 4, 'index': 22040}","  692 |     await waitRAF()
  693 |     await waitNT(wrapper.vm)
> 694 |     expect($dropdown.classes()).not.toContain('show')
      |    ^ Duplicate Assert
  695 |     expect($toggle.attributes('aria-expanded')).toEqual('false')
  696 |
  697 |     // When disabled, show() wont open menu"
/home/gabriel/Disk/Research/research-javascript-test-smells/repositories/bootstrap-vue-dev/src/components/dropdown/dropdown.spec.js,Duplicate Assert,"{'line': 695, 'column': 4, 'index': 22094}","  693 |     await waitNT(wrapper.vm)
  694 |     expect($dropdown.classes()).not.toContain('show')
> 695 |     expect($toggle.attributes('aria-expanded')).toEqual('false')
      |    ^ Duplicate Assert
  696 |
  697 |     // When disabled, show() wont open menu
  698 |     $dropdown.vm.show()"
/home/gabriel/Disk/Research/research-javascript-test-smells/repositories/bootstrap-vue-dev/src/components/dropdown/dropdown.spec.js,Duplicate Assert,"{'line': 695, 'column': 4, 'index': 22094}","  693 |     await waitNT(wrapper.vm)
  694 |     expect($dropdown.classes()).not.toContain('show')
> 695 |     expect($toggle.attributes('aria-expanded')).toEqual('false')
      |    ^ Duplicate Assert
  696 |
  697 |     // When disabled, show() wont open menu
  698 |     $dropdown.vm.show()"
/home/gabriel/Disk/Research/research-javascript-test-smells/repositories/bootstrap-vue-dev/src/components/dropdown/dropdown.spec.js,Duplicate Assert,"{'line': 704, 'column': 4, 'index': 22355}","  702 |     await waitRAF()
  703 |     await waitNT(wrapper.vm)
> 704 |     expect($dropdown.classes()).not.toContain('show')
      |    ^ Duplicate Assert
  705 |     expect($toggle.attributes('aria-expanded')).toEqual('false')
  706 |
  707 |     // Re-enable dropdown and open it"
/home/gabriel/Disk/Research/research-javascript-test-smells/repositories/bootstrap-vue-dev/src/components/dropdown/dropdown.spec.js,Duplicate Assert,"{'line': 704, 'column': 4, 'index': 22355}","  702 |     await waitRAF()
  703 |     await waitNT(wrapper.vm)
> 704 |     expect($dropdown.classes()).not.toContain('show')
      |    ^ Duplicate Assert
  705 |     expect($toggle.attributes('aria-expanded')).toEqual('false')
  706 |
  707 |     // Re-enable dropdown and open it"
/home/gabriel/Disk/Research/research-javascript-test-smells/repositories/bootstrap-vue-dev/src/components/dropdown/dropdown.spec.js,Duplicate Assert,"{'line': 705, 'column': 4, 'index': 22409}","  703 |     await waitNT(wrapper.vm)
  704 |     expect($dropdown.classes()).not.toContain('show')
> 705 |     expect($toggle.attributes('aria-expanded')).toEqual('false')
      |    ^ Duplicate Assert
  706 |
  707 |     // Re-enable dropdown and open it
  708 |     await wrapper.setProps({ disabled: false })"
/home/gabriel/Disk/Research/research-javascript-test-smells/repositories/bootstrap-vue-dev/src/components/dropdown/dropdown.spec.js,Duplicate Assert,"{'line': 705, 'column': 4, 'index': 22409}","  703 |     await waitNT(wrapper.vm)
  704 |     expect($dropdown.classes()).not.toContain('show')
> 705 |     expect($toggle.attributes('aria-expanded')).toEqual('false')
      |    ^ Duplicate Assert
  706 |
  707 |     // Re-enable dropdown and open it
  708 |     await wrapper.setProps({ disabled: false })"
/home/gabriel/Disk/Research/research-javascript-test-smells/repositories/bootstrap-vue-dev/src/components/dropdown/dropdown.spec.js,Duplicate Assert,"{'line': 716, 'column': 4, 'index': 22732}","  714 |     await waitRAF()
  715 |     await waitNT(wrapper.vm)
> 716 |     expect($dropdown.classes()).toContain('show')
      |    ^ Duplicate Assert
  717 |     expect($toggle.attributes('aria-expanded')).toEqual('true')
  718 |
  719 |     // Should close on root emit when argument is not self"
/home/gabriel/Disk/Research/research-javascript-test-smells/repositories/bootstrap-vue-dev/src/components/dropdown/dropdown.spec.js,Duplicate Assert,"{'line': 716, 'column': 4, 'index': 22732}","  714 |     await waitRAF()
  715 |     await waitNT(wrapper.vm)
> 716 |     expect($dropdown.classes()).toContain('show')
      |    ^ Duplicate Assert
  717 |     expect($toggle.attributes('aria-expanded')).toEqual('true')
  718 |
  719 |     // Should close on root emit when argument is not self"
/home/gabriel/Disk/Research/research-javascript-test-smells/repositories/bootstrap-vue-dev/src/components/dropdown/dropdown.spec.js,Duplicate Assert,"{'line': 717, 'column': 4, 'index': 22782}","  715 |     await waitNT(wrapper.vm)
  716 |     expect($dropdown.classes()).toContain('show')
> 717 |     expect($toggle.attributes('aria-expanded')).toEqual('true')
      |    ^ Duplicate Assert
  718 |
  719 |     // Should close on root emit when argument is not self
  720 |     wrapper.vm.$root.$emit('bv::dropdown::shown')"
/home/gabriel/Disk/Research/research-javascript-test-smells/repositories/bootstrap-vue-dev/src/components/dropdown/dropdown.spec.js,Duplicate Assert,"{'line': 717, 'column': 4, 'index': 22782}","  715 |     await waitNT(wrapper.vm)
  716 |     expect($dropdown.classes()).toContain('show')
> 717 |     expect($toggle.attributes('aria-expanded')).toEqual('true')
      |    ^ Duplicate Assert
  718 |
  719 |     // Should close on root emit when argument is not self
  720 |     wrapper.vm.$root.$emit('bv::dropdown::shown')"
/home/gabriel/Disk/Research/research-javascript-test-smells/repositories/bootstrap-vue-dev/src/components/dropdown/dropdown.spec.js,Duplicate Assert,"{'line': 725, 'column': 4, 'index': 23054}","  723 |     await waitRAF()
  724 |     await waitNT(wrapper.vm)
> 725 |     expect($dropdown.classes()).not.toContain('show')
      |    ^ Duplicate Assert
  726 |     expect($toggle.attributes('aria-expanded')).toEqual('false')
  727 |
  728 |     wrapper.destroy()"
/home/gabriel/Disk/Research/research-javascript-test-smells/repositories/bootstrap-vue-dev/src/components/dropdown/dropdown.spec.js,Duplicate Assert,"{'line': 725, 'column': 4, 'index': 23054}","  723 |     await waitRAF()
  724 |     await waitNT(wrapper.vm)
> 725 |     expect($dropdown.classes()).not.toContain('show')
      |    ^ Duplicate Assert
  726 |     expect($toggle.attributes('aria-expanded')).toEqual('false')
  727 |
  728 |     wrapper.destroy()"
/home/gabriel/Disk/Research/research-javascript-test-smells/repositories/bootstrap-vue-dev/src/components/dropdown/dropdown.spec.js,Duplicate Assert,"{'line': 726, 'column': 4, 'index': 23108}","  724 |     await waitNT(wrapper.vm)
  725 |     expect($dropdown.classes()).not.toContain('show')
> 726 |     expect($toggle.attributes('aria-expanded')).toEqual('false')
      |    ^ Duplicate Assert
  727 |
  728 |     wrapper.destroy()
  729 |   })"
/home/gabriel/Disk/Research/research-javascript-test-smells/repositories/bootstrap-vue-dev/src/components/dropdown/dropdown.spec.js,Duplicate Assert,"{'line': 726, 'column': 4, 'index': 23108}","  724 |     await waitNT(wrapper.vm)
  725 |     expect($dropdown.classes()).not.toContain('show')
> 726 |     expect($toggle.attributes('aria-expanded')).toEqual('false')
      |    ^ Duplicate Assert
  727 |
  728 |     wrapper.destroy()
  729 |   })"
/home/gabriel/Disk/Research/research-javascript-test-smells/repositories/bootstrap-vue-dev/src/components/dropdown/dropdown.spec.js,Duplicate Assert,"{'line': 749, 'column': 4, 'index': 23635}","  747 |     await waitRAF()
  748 |
> 749 |     expect(wrapper.emitted('show')).toBeUndefined()
      |    ^ Duplicate Assert
  750 |
  751 |     expect(wrapper.findAll('button').length).toBe(1)
  752 |     expect(wrapper.findAll('.dropdown').length).toBe(1)"
/home/gabriel/Disk/Research/research-javascript-test-smells/repositories/bootstrap-vue-dev/src/components/dropdown/dropdown.spec.js,Duplicate Assert,"{'line': 756, 'column': 4, 'index': 23889}","  754 |     const $dropdown = wrapper.find('.dropdown')
  755 |
> 756 |     expect($toggle.attributes('aria-haspopup')).toBeDefined()
      |    ^ Duplicate Assert
  757 |     expect($toggle.attributes('aria-haspopup')).toEqual('menu')
  758 |     expect($toggle.attributes('aria-expanded')).toBeDefined()
  759 |     expect($toggle.attributes('aria-expanded')).toEqual('false')"
/home/gabriel/Disk/Research/research-javascript-test-smells/repositories/bootstrap-vue-dev/src/components/dropdown/dropdown.spec.js,Duplicate Assert,"{'line': 756, 'column': 4, 'index': 23889}","  754 |     const $dropdown = wrapper.find('.dropdown')
  755 |
> 756 |     expect($toggle.attributes('aria-haspopup')).toBeDefined()
      |    ^ Duplicate Assert
  757 |     expect($toggle.attributes('aria-haspopup')).toEqual('menu')
  758 |     expect($toggle.attributes('aria-expanded')).toBeDefined()
  759 |     expect($toggle.attributes('aria-expanded')).toEqual('false')"
/home/gabriel/Disk/Research/research-javascript-test-smells/repositories/bootstrap-vue-dev/src/components/dropdown/dropdown.spec.js,Duplicate Assert,"{'line': 757, 'column': 4, 'index': 23951}","  755 |
  756 |     expect($toggle.attributes('aria-haspopup')).toBeDefined()
> 757 |     expect($toggle.attributes('aria-haspopup')).toEqual('menu')
      |    ^ Duplicate Assert
  758 |     expect($toggle.attributes('aria-expanded')).toBeDefined()
  759 |     expect($toggle.attributes('aria-expanded')).toEqual('false')
  760 |     expect($dropdown.classes()).not.toContain('show')"
/home/gabriel/Disk/Research/research-javascript-test-smells/repositories/bootstrap-vue-dev/src/components/dropdown/dropdown.spec.js,Duplicate Assert,"{'line': 757, 'column': 4, 'index': 23951}","  755 |
  756 |     expect($toggle.attributes('aria-haspopup')).toBeDefined()
> 757 |     expect($toggle.attributes('aria-haspopup')).toEqual('menu')
      |    ^ Duplicate Assert
  758 |     expect($toggle.attributes('aria-expanded')).toBeDefined()
  759 |     expect($toggle.attributes('aria-expanded')).toEqual('false')
  760 |     expect($dropdown.classes()).not.toContain('show')"
/home/gabriel/Disk/Research/research-javascript-test-smells/repositories/bootstrap-vue-dev/src/components/dropdown/dropdown.spec.js,Duplicate Assert,"{'line': 758, 'column': 4, 'index': 24015}","  756 |     expect($toggle.attributes('aria-haspopup')).toBeDefined()
  757 |     expect($toggle.attributes('aria-haspopup')).toEqual('menu')
> 758 |     expect($toggle.attributes('aria-expanded')).toBeDefined()
      |    ^ Duplicate Assert
  759 |     expect($toggle.attributes('aria-expanded')).toEqual('false')
  760 |     expect($dropdown.classes()).not.toContain('show')
  761 |"
/home/gabriel/Disk/Research/research-javascript-test-smells/repositories/bootstrap-vue-dev/src/components/dropdown/dropdown.spec.js,Duplicate Assert,"{'line': 758, 'column': 4, 'index': 24015}","  756 |     expect($toggle.attributes('aria-haspopup')).toBeDefined()
  757 |     expect($toggle.attributes('aria-haspopup')).toEqual('menu')
> 758 |     expect($toggle.attributes('aria-expanded')).toBeDefined()
      |    ^ Duplicate Assert
  759 |     expect($toggle.attributes('aria-expanded')).toEqual('false')
  760 |     expect($dropdown.classes()).not.toContain('show')
  761 |"
/home/gabriel/Disk/Research/research-javascript-test-smells/repositories/bootstrap-vue-dev/src/components/dropdown/dropdown.spec.js,Duplicate Assert,"{'line': 759, 'column': 4, 'index': 24077}","  757 |     expect($toggle.attributes('aria-haspopup')).toEqual('menu')
  758 |     expect($toggle.attributes('aria-expanded')).toBeDefined()
> 759 |     expect($toggle.attributes('aria-expanded')).toEqual('false')
      |    ^ Duplicate Assert
  760 |     expect($dropdown.classes()).not.toContain('show')
  761 |
  762 |     // Should prevent menu from opening"
/home/gabriel/Disk/Research/research-javascript-test-smells/repositories/bootstrap-vue-dev/src/components/dropdown/dropdown.spec.js,Duplicate Assert,"{'line': 759, 'column': 4, 'index': 24077}","  757 |     expect($toggle.attributes('aria-haspopup')).toEqual('menu')
  758 |     expect($toggle.attributes('aria-expanded')).toBeDefined()
> 759 |     expect($toggle.attributes('aria-expanded')).toEqual('false')
      |    ^ Duplicate Assert
  760 |     expect($dropdown.classes()).not.toContain('show')
  761 |
  762 |     // Should prevent menu from opening"
/home/gabriel/Disk/Research/research-javascript-test-smells/repositories/bootstrap-vue-dev/src/components/dropdown/dropdown.spec.js,Duplicate Assert,"{'line': 760, 'column': 4, 'index': 24142}","  758 |     expect($toggle.attributes('aria-expanded')).toBeDefined()
  759 |     expect($toggle.attributes('aria-expanded')).toEqual('false')
> 760 |     expect($dropdown.classes()).not.toContain('show')
      |    ^ Duplicate Assert
  761 |
  762 |     // Should prevent menu from opening
  763 |     await $toggle.trigger('click')"
/home/gabriel/Disk/Research/research-javascript-test-smells/repositories/bootstrap-vue-dev/src/components/dropdown/dropdown.spec.js,Duplicate Assert,"{'line': 760, 'column': 4, 'index': 24142}","  758 |     expect($toggle.attributes('aria-expanded')).toBeDefined()
  759 |     expect($toggle.attributes('aria-expanded')).toEqual('false')
> 760 |     expect($dropdown.classes()).not.toContain('show')
      |    ^ Duplicate Assert
  761 |
  762 |     // Should prevent menu from opening
  763 |     await $toggle.trigger('click')"
/home/gabriel/Disk/Research/research-javascript-test-smells/repositories/bootstrap-vue-dev/src/components/dropdown/dropdown.spec.js,Duplicate Assert,"{'line': 765, 'column': 4, 'index': 24292}","  763 |     await $toggle.trigger('click')
  764 |     await waitRAF()
> 765 |     expect(wrapper.emitted('show')).toBeDefined()
      |    ^ Duplicate Assert
  766 |     expect(wrapper.emitted('show').length).toBe(1)
  767 |     expect($toggle.attributes('aria-haspopup')).toBeDefined()
  768 |     expect($toggle.attributes('aria-haspopup')).toEqual('menu')"
/home/gabriel/Disk/Research/research-javascript-test-smells/repositories/bootstrap-vue-dev/src/components/dropdown/dropdown.spec.js,Duplicate Assert,"{'line': 765, 'column': 4, 'index': 24292}","  763 |     await $toggle.trigger('click')
  764 |     await waitRAF()
> 765 |     expect(wrapper.emitted('show')).toBeDefined()
      |    ^ Duplicate Assert
  766 |     expect(wrapper.emitted('show').length).toBe(1)
  767 |     expect($toggle.attributes('aria-haspopup')).toBeDefined()
  768 |     expect($toggle.attributes('aria-haspopup')).toEqual('menu')"
/home/gabriel/Disk/Research/research-javascript-test-smells/repositories/bootstrap-vue-dev/src/components/dropdown/dropdown.spec.js,Duplicate Assert,"{'line': 766, 'column': 4, 'index': 24342}","  764 |     await waitRAF()
  765 |     expect(wrapper.emitted('show')).toBeDefined()
> 766 |     expect(wrapper.emitted('show').length).toBe(1)
      |    ^ Duplicate Assert
  767 |     expect($toggle.attributes('aria-haspopup')).toBeDefined()
  768 |     expect($toggle.attributes('aria-haspopup')).toEqual('menu')
  769 |     expect($toggle.attributes('aria-expanded')).toBeDefined()"
/home/gabriel/Disk/Research/research-javascript-test-smells/repositories/bootstrap-vue-dev/src/components/dropdown/dropdown.spec.js,Duplicate Assert,"{'line': 767, 'column': 4, 'index': 24393}","  765 |     expect(wrapper.emitted('show')).toBeDefined()
  766 |     expect(wrapper.emitted('show').length).toBe(1)
> 767 |     expect($toggle.attributes('aria-haspopup')).toBeDefined()
      |    ^ Duplicate Assert
  768 |     expect($toggle.attributes('aria-haspopup')).toEqual('menu')
  769 |     expect($toggle.attributes('aria-expanded')).toBeDefined()
  770 |     expect($toggle.attributes('aria-expanded')).toEqual('false')"
/home/gabriel/Disk/Research/research-javascript-test-smells/repositories/bootstrap-vue-dev/src/components/dropdown/dropdown.spec.js,Duplicate Assert,"{'line': 767, 'column': 4, 'index': 24393}","  765 |     expect(wrapper.emitted('show')).toBeDefined()
  766 |     expect(wrapper.emitted('show').length).toBe(1)
> 767 |     expect($toggle.attributes('aria-haspopup')).toBeDefined()
      |    ^ Duplicate Assert
  768 |     expect($toggle.attributes('aria-haspopup')).toEqual('menu')
  769 |     expect($toggle.attributes('aria-expanded')).toBeDefined()
  770 |     expect($toggle.attributes('aria-expanded')).toEqual('false')"
/home/gabriel/Disk/Research/research-javascript-test-smells/repositories/bootstrap-vue-dev/src/components/dropdown/dropdown.spec.js,Duplicate Assert,"{'line': 768, 'column': 4, 'index': 24455}","  766 |     expect(wrapper.emitted('show').length).toBe(1)
  767 |     expect($toggle.attributes('aria-haspopup')).toBeDefined()
> 768 |     expect($toggle.attributes('aria-haspopup')).toEqual('menu')
      |    ^ Duplicate Assert
  769 |     expect($toggle.attributes('aria-expanded')).toBeDefined()
  770 |     expect($toggle.attributes('aria-expanded')).toEqual('false')
  771 |     expect($dropdown.classes()).not.toContain('show')"
/home/gabriel/Disk/Research/research-javascript-test-smells/repositories/bootstrap-vue-dev/src/components/dropdown/dropdown.spec.js,Duplicate Assert,"{'line': 768, 'column': 4, 'index': 24455}","  766 |     expect(wrapper.emitted('show').length).toBe(1)
  767 |     expect($toggle.attributes('aria-haspopup')).toBeDefined()
> 768 |     expect($toggle.attributes('aria-haspopup')).toEqual('menu')
      |    ^ Duplicate Assert
  769 |     expect($toggle.attributes('aria-expanded')).toBeDefined()
  770 |     expect($toggle.attributes('aria-expanded')).toEqual('false')
  771 |     expect($dropdown.classes()).not.toContain('show')"
/home/gabriel/Disk/Research/research-javascript-test-smells/repositories/bootstrap-vue-dev/src/components/dropdown/dropdown.spec.js,Duplicate Assert,"{'line': 769, 'column': 4, 'index': 24519}","  767 |     expect($toggle.attributes('aria-haspopup')).toBeDefined()
  768 |     expect($toggle.attributes('aria-haspopup')).toEqual('menu')
> 769 |     expect($toggle.attributes('aria-expanded')).toBeDefined()
      |    ^ Duplicate Assert
  770 |     expect($toggle.attributes('aria-expanded')).toEqual('false')
  771 |     expect($dropdown.classes()).not.toContain('show')
  772 |"
/home/gabriel/Disk/Research/research-javascript-test-smells/repositories/bootstrap-vue-dev/src/components/dropdown/dropdown.spec.js,Duplicate Assert,"{'line': 769, 'column': 4, 'index': 24519}","  767 |     expect($toggle.attributes('aria-haspopup')).toBeDefined()
  768 |     expect($toggle.attributes('aria-haspopup')).toEqual('menu')
> 769 |     expect($toggle.attributes('aria-expanded')).toBeDefined()
      |    ^ Duplicate Assert
  770 |     expect($toggle.attributes('aria-expanded')).toEqual('false')
  771 |     expect($dropdown.classes()).not.toContain('show')
  772 |"
/home/gabriel/Disk/Research/research-javascript-test-smells/repositories/bootstrap-vue-dev/src/components/dropdown/dropdown.spec.js,Duplicate Assert,"{'line': 770, 'column': 4, 'index': 24581}","  768 |     expect($toggle.attributes('aria-haspopup')).toEqual('menu')
  769 |     expect($toggle.attributes('aria-expanded')).toBeDefined()
> 770 |     expect($toggle.attributes('aria-expanded')).toEqual('false')
      |    ^ Duplicate Assert
  771 |     expect($dropdown.classes()).not.toContain('show')
  772 |
  773 |     // Allow menu to open"
/home/gabriel/Disk/Research/research-javascript-test-smells/repositories/bootstrap-vue-dev/src/components/dropdown/dropdown.spec.js,Duplicate Assert,"{'line': 770, 'column': 4, 'index': 24581}","  768 |     expect($toggle.attributes('aria-haspopup')).toEqual('menu')
  769 |     expect($toggle.attributes('aria-expanded')).toBeDefined()
> 770 |     expect($toggle.attributes('aria-expanded')).toEqual('false')
      |    ^ Duplicate Assert
  771 |     expect($dropdown.classes()).not.toContain('show')
  772 |
  773 |     // Allow menu to open"
/home/gabriel/Disk/Research/research-javascript-test-smells/repositories/bootstrap-vue-dev/src/components/dropdown/dropdown.spec.js,Duplicate Assert,"{'line': 771, 'column': 4, 'index': 24646}","  769 |     expect($toggle.attributes('aria-expanded')).toBeDefined()
  770 |     expect($toggle.attributes('aria-expanded')).toEqual('false')
> 771 |     expect($dropdown.classes()).not.toContain('show')
      |    ^ Duplicate Assert
  772 |
  773 |     // Allow menu to open
  774 |     prevent = false"
/home/gabriel/Disk/Research/research-javascript-test-smells/repositories/bootstrap-vue-dev/src/components/dropdown/dropdown.spec.js,Duplicate Assert,"{'line': 771, 'column': 4, 'index': 24646}","  769 |     expect($toggle.attributes('aria-expanded')).toBeDefined()
  770 |     expect($toggle.attributes('aria-expanded')).toEqual('false')
> 771 |     expect($dropdown.classes()).not.toContain('show')
      |    ^ Duplicate Assert
  772 |
  773 |     // Allow menu to open
  774 |     prevent = false"
/home/gabriel/Disk/Research/research-javascript-test-smells/repositories/bootstrap-vue-dev/src/components/dropdown/dropdown.spec.js,Duplicate Assert,"{'line': 777, 'column': 4, 'index': 24802}","  775 |     await $toggle.trigger('click')
  776 |     await waitRAF()
> 777 |     expect(wrapper.emitted('show')).toBeDefined()
      |    ^ Duplicate Assert
  778 |     expect(wrapper.emitted('show').length).toBe(2)
  779 |     expect($toggle.attributes('aria-haspopup')).toBeDefined()
  780 |     expect($toggle.attributes('aria-haspopup')).toEqual('menu')"
/home/gabriel/Disk/Research/research-javascript-test-smells/repositories/bootstrap-vue-dev/src/components/dropdown/dropdown.spec.js,Duplicate Assert,"{'line': 777, 'column': 4, 'index': 24802}","  775 |     await $toggle.trigger('click')
  776 |     await waitRAF()
> 777 |     expect(wrapper.emitted('show')).toBeDefined()
      |    ^ Duplicate Assert
  778 |     expect(wrapper.emitted('show').length).toBe(2)
  779 |     expect($toggle.attributes('aria-haspopup')).toBeDefined()
  780 |     expect($toggle.attributes('aria-haspopup')).toEqual('menu')"
/home/gabriel/Disk/Research/research-javascript-test-smells/repositories/bootstrap-vue-dev/src/components/dropdown/dropdown.spec.js,Duplicate Assert,"{'line': 778, 'column': 4, 'index': 24852}","  776 |     await waitRAF()
  777 |     expect(wrapper.emitted('show')).toBeDefined()
> 778 |     expect(wrapper.emitted('show').length).toBe(2)
      |    ^ Duplicate Assert
  779 |     expect($toggle.attributes('aria-haspopup')).toBeDefined()
  780 |     expect($toggle.attributes('aria-haspopup')).toEqual('menu')
  781 |     expect($toggle.attributes('aria-expanded')).toBeDefined()"
/home/gabriel/Disk/Research/research-javascript-test-smells/repositories/bootstrap-vue-dev/src/components/dropdown/dropdown.spec.js,Duplicate Assert,"{'line': 779, 'column': 4, 'index': 24903}","  777 |     expect(wrapper.emitted('show')).toBeDefined()
  778 |     expect(wrapper.emitted('show').length).toBe(2)
> 779 |     expect($toggle.attributes('aria-haspopup')).toBeDefined()
      |    ^ Duplicate Assert
  780 |     expect($toggle.attributes('aria-haspopup')).toEqual('menu')
  781 |     expect($toggle.attributes('aria-expanded')).toBeDefined()
  782 |     expect($toggle.attributes('aria-expanded')).toEqual('true')"
/home/gabriel/Disk/Research/research-javascript-test-smells/repositories/bootstrap-vue-dev/src/components/dropdown/dropdown.spec.js,Duplicate Assert,"{'line': 779, 'column': 4, 'index': 24903}","  777 |     expect(wrapper.emitted('show')).toBeDefined()
  778 |     expect(wrapper.emitted('show').length).toBe(2)
> 779 |     expect($toggle.attributes('aria-haspopup')).toBeDefined()
      |    ^ Duplicate Assert
  780 |     expect($toggle.attributes('aria-haspopup')).toEqual('menu')
  781 |     expect($toggle.attributes('aria-expanded')).toBeDefined()
  782 |     expect($toggle.attributes('aria-expanded')).toEqual('true')"
/home/gabriel/Disk/Research/research-javascript-test-smells/repositories/bootstrap-vue-dev/src/components/dropdown/dropdown.spec.js,Duplicate Assert,"{'line': 780, 'column': 4, 'index': 24965}","  778 |     expect(wrapper.emitted('show').length).toBe(2)
  779 |     expect($toggle.attributes('aria-haspopup')).toBeDefined()
> 780 |     expect($toggle.attributes('aria-haspopup')).toEqual('menu')
      |    ^ Duplicate Assert
  781 |     expect($toggle.attributes('aria-expanded')).toBeDefined()
  782 |     expect($toggle.attributes('aria-expanded')).toEqual('true')
  783 |     expect($dropdown.classes()).toContain('show')"
/home/gabriel/Disk/Research/research-javascript-test-smells/repositories/bootstrap-vue-dev/src/components/dropdown/dropdown.spec.js,Duplicate Assert,"{'line': 780, 'column': 4, 'index': 24965}","  778 |     expect(wrapper.emitted('show').length).toBe(2)
  779 |     expect($toggle.attributes('aria-haspopup')).toBeDefined()
> 780 |     expect($toggle.attributes('aria-haspopup')).toEqual('menu')
      |    ^ Duplicate Assert
  781 |     expect($toggle.attributes('aria-expanded')).toBeDefined()
  782 |     expect($toggle.attributes('aria-expanded')).toEqual('true')
  783 |     expect($dropdown.classes()).toContain('show')"
/home/gabriel/Disk/Research/research-javascript-test-smells/repositories/bootstrap-vue-dev/src/components/dropdown/dropdown.spec.js,Duplicate Assert,"{'line': 781, 'column': 4, 'index': 25029}","  779 |     expect($toggle.attributes('aria-haspopup')).toBeDefined()
  780 |     expect($toggle.attributes('aria-haspopup')).toEqual('menu')
> 781 |     expect($toggle.attributes('aria-expanded')).toBeDefined()
      |    ^ Duplicate Assert
  782 |     expect($toggle.attributes('aria-expanded')).toEqual('true')
  783 |     expect($dropdown.classes()).toContain('show')
  784 |"
/home/gabriel/Disk/Research/research-javascript-test-smells/repositories/bootstrap-vue-dev/src/components/dropdown/dropdown.spec.js,Duplicate Assert,"{'line': 781, 'column': 4, 'index': 25029}","  779 |     expect($toggle.attributes('aria-haspopup')).toBeDefined()
  780 |     expect($toggle.attributes('aria-haspopup')).toEqual('menu')
> 781 |     expect($toggle.attributes('aria-expanded')).toBeDefined()
      |    ^ Duplicate Assert
  782 |     expect($toggle.attributes('aria-expanded')).toEqual('true')
  783 |     expect($dropdown.classes()).toContain('show')
  784 |"
/home/gabriel/Disk/Research/research-javascript-test-smells/repositories/bootstrap-vue-dev/src/components/dropdown/dropdown.spec.js,Duplicate Assert,"{'line': 782, 'column': 4, 'index': 25091}","  780 |     expect($toggle.attributes('aria-haspopup')).toEqual('menu')
  781 |     expect($toggle.attributes('aria-expanded')).toBeDefined()
> 782 |     expect($toggle.attributes('aria-expanded')).toEqual('true')
      |    ^ Duplicate Assert
  783 |     expect($dropdown.classes()).toContain('show')
  784 |
  785 |     wrapper.destroy()"
/home/gabriel/Disk/Research/research-javascript-test-smells/repositories/bootstrap-vue-dev/src/components/dropdown/dropdown.spec.js,Duplicate Assert,"{'line': 783, 'column': 4, 'index': 25155}","  781 |     expect($toggle.attributes('aria-expanded')).toBeDefined()
  782 |     expect($toggle.attributes('aria-expanded')).toEqual('true')
> 783 |     expect($dropdown.classes()).toContain('show')
      |    ^ Duplicate Assert
  784 |
  785 |     wrapper.destroy()
  786 |   })"
/home/gabriel/Disk/Research/research-javascript-test-smells/repositories/bootstrap-vue-dev/src/components/dropdown/dropdown.spec.js,Duplicate Assert,"{'line': 822, 'column': 4, 'index': 26391}","  820 |
  821 |     // Expect menu to be closed
> 822 |     expect($toggle.attributes('aria-expanded')).toBeDefined()
      |    ^ Duplicate Assert
  823 |     expect($toggle.attributes('aria-expanded')).toEqual('false')
  824 |
  825 |     // Trigger keydown.down on toggle to open menu"
/home/gabriel/Disk/Research/research-javascript-test-smells/repositories/bootstrap-vue-dev/src/components/dropdown/dropdown.spec.js,Duplicate Assert,"{'line': 823, 'column': 4, 'index': 26453}","  821 |     // Expect menu to be closed
  822 |     expect($toggle.attributes('aria-expanded')).toBeDefined()
> 823 |     expect($toggle.attributes('aria-expanded')).toEqual('false')
      |    ^ Duplicate Assert
  824 |
  825 |     // Trigger keydown.down on toggle to open menu
  826 |     await $toggle.trigger('keydown.down')"
/home/gabriel/Disk/Research/research-javascript-test-smells/repositories/bootstrap-vue-dev/src/components/dropdown/dropdown.spec.js,Duplicate Assert,"{'line': 832, 'column': 4, 'index': 26730}","  830 |     await waitNT(wrapper.vm)
  831 |     await waitRAF()
> 832 |     expect($toggle.attributes('aria-expanded')).toEqual('true')
      |    ^ Duplicate Assert
  833 |     expect(document.activeElement).toBe($menu.element)
  834 |
  835 |     // Move to first menu item"
/home/gabriel/Disk/Research/research-javascript-test-smells/repositories/bootstrap-vue-dev/src/components/dropdown/dropdown.spec.js,Duplicate Assert,"{'line': 833, 'column': 4, 'index': 26794}","  831 |     await waitRAF()
  832 |     expect($toggle.attributes('aria-expanded')).toEqual('true')
> 833 |     expect(document.activeElement).toBe($menu.element)
      |    ^ Duplicate Assert
  834 |
  835 |     // Move to first menu item
  836 |     await $menu.trigger('keydown.down')"
/home/gabriel/Disk/Research/research-javascript-test-smells/repositories/bootstrap-vue-dev/src/components/dropdown/dropdown.spec.js,Duplicate Assert,"{'line': 842, 'column': 4, 'index': 27039}","  840 |     await waitNT(wrapper.vm)
  841 |     await waitRAF()
> 842 |     expect(document.activeElement).toBe($items.at(0).element)
      |    ^ Duplicate Assert
  843 |
  844 |     // Move to second menu item
  845 |     await $items.at(0).trigger('keydown.down')"
/home/gabriel/Disk/Research/research-javascript-test-smells/repositories/bootstrap-vue-dev/src/components/dropdown/dropdown.spec.js,Duplicate Assert,"{'line': 842, 'column': 4, 'index': 27039}","  840 |     await waitNT(wrapper.vm)
  841 |     await waitRAF()
> 842 |     expect(document.activeElement).toBe($items.at(0).element)
      |    ^ Duplicate Assert
  843 |
  844 |     // Move to second menu item
  845 |     await $items.at(0).trigger('keydown.down')"
/home/gabriel/Disk/Research/research-javascript-test-smells/repositories/bootstrap-vue-dev/src/components/dropdown/dropdown.spec.js,Duplicate Assert,"{'line': 851, 'column': 4, 'index': 27299}","  849 |     await waitNT(wrapper.vm)
  850 |     await waitRAF()
> 851 |     expect(document.activeElement).toBe($items.at(1).element)
      |    ^ Duplicate Assert
  852 |
  853 |     // Move down to next menu item (should skip disabled item)
  854 |     await $items.at(1).trigger('keydown.down')"
/home/gabriel/Disk/Research/research-javascript-test-smells/repositories/bootstrap-vue-dev/src/components/dropdown/dropdown.spec.js,Duplicate Assert,"{'line': 851, 'column': 4, 'index': 27299}","  849 |     await waitNT(wrapper.vm)
  850 |     await waitRAF()
> 851 |     expect(document.activeElement).toBe($items.at(1).element)
      |    ^ Duplicate Assert
  852 |
  853 |     // Move down to next menu item (should skip disabled item)
  854 |     await $items.at(1).trigger('keydown.down')"
/home/gabriel/Disk/Research/research-javascript-test-smells/repositories/bootstrap-vue-dev/src/components/dropdown/dropdown.spec.js,Duplicate Assert,"{'line': 860, 'column': 4, 'index': 27590}","  858 |     await waitNT(wrapper.vm)
  859 |     await waitRAF()
> 860 |     expect(document.activeElement).toBe($items.at(3).element)
      |    ^ Duplicate Assert
  861 |
  862 |     // Move down to next menu item (should remain on same item)
  863 |     await $items.at(3).trigger('keydown.down')"
/home/gabriel/Disk/Research/research-javascript-test-smells/repositories/bootstrap-vue-dev/src/components/dropdown/dropdown.spec.js,Duplicate Assert,"{'line': 860, 'column': 4, 'index': 27590}","  858 |     await waitNT(wrapper.vm)
  859 |     await waitRAF()
> 860 |     expect(document.activeElement).toBe($items.at(3).element)
      |    ^ Duplicate Assert
  861 |
  862 |     // Move down to next menu item (should remain on same item)
  863 |     await $items.at(3).trigger('keydown.down')"
/home/gabriel/Disk/Research/research-javascript-test-smells/repositories/bootstrap-vue-dev/src/components/dropdown/dropdown.spec.js,Duplicate Assert,"{'line': 869, 'column': 4, 'index': 27882}","  867 |     await waitNT(wrapper.vm)
  868 |     await waitRAF()
> 869 |     expect(document.activeElement).toBe($items.at(3).element)
      |    ^ Duplicate Assert
  870 |
  871 |     // Move up to previous menu item (should skip disabled item)
  872 |     await $items.at(3).trigger('keydown.up')"
/home/gabriel/Disk/Research/research-javascript-test-smells/repositories/bootstrap-vue-dev/src/components/dropdown/dropdown.spec.js,Duplicate Assert,"{'line': 869, 'column': 4, 'index': 27882}","  867 |     await waitNT(wrapper.vm)
  868 |     await waitRAF()
> 869 |     expect(document.activeElement).toBe($items.at(3).element)
      |    ^ Duplicate Assert
  870 |
  871 |     // Move up to previous menu item (should skip disabled item)
  872 |     await $items.at(3).trigger('keydown.up')"
/home/gabriel/Disk/Research/research-javascript-test-smells/repositories/bootstrap-vue-dev/src/components/dropdown/dropdown.spec.js,Duplicate Assert,"{'line': 878, 'column': 4, 'index': 28173}","  876 |     await waitNT(wrapper.vm)
  877 |     await waitRAF()
> 878 |     expect(document.activeElement).toBe($items.at(1).element)
      |    ^ Duplicate Assert
  879 |
  880 |     // Move up to previous menu item
  881 |     await $items.at(1).trigger('keydown.up')"
/home/gabriel/Disk/Research/research-javascript-test-smells/repositories/bootstrap-vue-dev/src/components/dropdown/dropdown.spec.js,Duplicate Assert,"{'line': 878, 'column': 4, 'index': 28173}","  876 |     await waitNT(wrapper.vm)
  877 |     await waitRAF()
> 878 |     expect(document.activeElement).toBe($items.at(1).element)
      |    ^ Duplicate Assert
  879 |
  880 |     // Move up to previous menu item
  881 |     await $items.at(1).trigger('keydown.up')"
/home/gabriel/Disk/Research/research-javascript-test-smells/repositories/bootstrap-vue-dev/src/components/dropdown/dropdown.spec.js,Duplicate Assert,"{'line': 887, 'column': 4, 'index': 28436}","  885 |     await waitNT(wrapper.vm)
  886 |     await waitRAF()
> 887 |     expect(document.activeElement).toBe($items.at(0).element)
      |    ^ Duplicate Assert
  888 |
  889 |     // Move up to previous menu item (should remain on first item)
  890 |     await $items.at(0).trigger('keydown.up')"
/home/gabriel/Disk/Research/research-javascript-test-smells/repositories/bootstrap-vue-dev/src/components/dropdown/dropdown.spec.js,Duplicate Assert,"{'line': 887, 'column': 4, 'index': 28436}","  885 |     await waitNT(wrapper.vm)
  886 |     await waitRAF()
> 887 |     expect(document.activeElement).toBe($items.at(0).element)
      |    ^ Duplicate Assert
  888 |
  889 |     // Move up to previous menu item (should remain on first item)
  890 |     await $items.at(0).trigger('keydown.up')"
/home/gabriel/Disk/Research/research-javascript-test-smells/repositories/bootstrap-vue-dev/src/components/dropdown/dropdown.spec.js,Duplicate Assert,"{'line': 896, 'column': 4, 'index': 28729}","  894 |     await waitNT(wrapper.vm)
  895 |     await waitRAF()
> 896 |     expect(document.activeElement).toBe($items.at(0).element)
      |    ^ Duplicate Assert
  897 |
  898 |     wrapper.destroy()
  899 |   })"
/home/gabriel/Disk/Research/research-javascript-test-smells/repositories/bootstrap-vue-dev/src/components/dropdown/dropdown.spec.js,Duplicate Assert,"{'line': 896, 'column': 4, 'index': 28729}","  894 |     await waitNT(wrapper.vm)
  895 |     await waitRAF()
> 896 |     expect(document.activeElement).toBe($items.at(0).element)
      |    ^ Duplicate Assert
  897 |
  898 |     wrapper.destroy()
  899 |   })"
/home/gabriel/Disk/Research/research-javascript-test-smells/repositories/bootstrap-vue-dev/src/components/dropdown/dropdown.spec.js,Duplicate Assert,"{'line': 1026, 'column': 4, 'index': 32148}","  1024 |
  1025 |     expect($toggle.element.tagName).toBe('BUTTON')
> 1026 |     expect($toggle.classes()).toContain('btn-primary')
       |    ^ Duplicate Assert
  1027 |     expect($toggle.classes()).not.toContain('btn-secondary')
  1028 |
  1029 |     wrapper.destroy()"
/home/gabriel/Disk/Research/research-javascript-test-smells/repositories/bootstrap-vue-dev/src/components/dropdown/dropdown.spec.js,Duplicate Assert,"{'line': 1027, 'column': 4, 'index': 32203}","  1025 |     expect($toggle.element.tagName).toBe('BUTTON')
  1026 |     expect($toggle.classes()).toContain('btn-primary')
> 1027 |     expect($toggle.classes()).not.toContain('btn-secondary')
       |    ^ Duplicate Assert
  1028 |
  1029 |     wrapper.destroy()
  1030 |   })"
/home/gabriel/Disk/Research/research-javascript-test-smells/repositories/bootstrap-vue-dev/src/components/dropdown/dropdown.spec.js,Duplicate Assert,"{'line': 1049, 'column': 4, 'index': 32785}","  1047 |
  1048 |     expect($split.element.tagName).toBe('BUTTON')
> 1049 |     expect($split.classes()).toContain('btn-primary')
       |    ^ Duplicate Assert
  1050 |     expect($split.classes()).not.toContain('btn-secondary')
  1051 |
  1052 |     expect($toggle.element.tagName).toBe('BUTTON')"
/home/gabriel/Disk/Research/research-javascript-test-smells/repositories/bootstrap-vue-dev/src/components/dropdown/dropdown.spec.js,Duplicate Assert,"{'line': 1050, 'column': 4, 'index': 32839}","  1048 |     expect($split.element.tagName).toBe('BUTTON')
  1049 |     expect($split.classes()).toContain('btn-primary')
> 1050 |     expect($split.classes()).not.toContain('btn-secondary')
       |    ^ Duplicate Assert
  1051 |
  1052 |     expect($toggle.element.tagName).toBe('BUTTON')
  1053 |     expect($toggle.classes()).toContain('btn-primary')"
/home/gabriel/Disk/Research/research-javascript-test-smells/repositories/bootstrap-vue-dev/src/components/dropdown/dropdown.spec.js,Duplicate Assert,"{'line': 1053, 'column': 4, 'index': 32951}","  1051 |
  1052 |     expect($toggle.element.tagName).toBe('BUTTON')
> 1053 |     expect($toggle.classes()).toContain('btn-primary')
       |    ^ Duplicate Assert
  1054 |     expect($toggle.classes()).not.toContain('btn-secondary')
  1055 |
  1056 |     // Change split button variant"
/home/gabriel/Disk/Research/research-javascript-test-smells/repositories/bootstrap-vue-dev/src/components/dropdown/dropdown.spec.js,Duplicate Assert,"{'line': 1053, 'column': 4, 'index': 32951}","  1051 |
  1052 |     expect($toggle.element.tagName).toBe('BUTTON')
> 1053 |     expect($toggle.classes()).toContain('btn-primary')
       |    ^ Duplicate Assert
  1054 |     expect($toggle.classes()).not.toContain('btn-secondary')
  1055 |
  1056 |     // Change split button variant"
/home/gabriel/Disk/Research/research-javascript-test-smells/repositories/bootstrap-vue-dev/src/components/dropdown/dropdown.spec.js,Duplicate Assert,"{'line': 1054, 'column': 4, 'index': 33006}","  1052 |     expect($toggle.element.tagName).toBe('BUTTON')
  1053 |     expect($toggle.classes()).toContain('btn-primary')
> 1054 |     expect($toggle.classes()).not.toContain('btn-secondary')
       |    ^ Duplicate Assert
  1055 |
  1056 |     // Change split button variant
  1057 |     await wrapper.setProps({"
/home/gabriel/Disk/Research/research-javascript-test-smells/repositories/bootstrap-vue-dev/src/components/dropdown/dropdown.spec.js,Duplicate Assert,"{'line': 1060, 'column': 4, 'index': 33168}","  1058 |       splitVariant: 'danger'
  1059 |     })
> 1060 |     expect($split.classes()).toContain('btn-danger')
       |    ^ Duplicate Assert
  1061 |     expect($toggle.classes()).toContain('btn-primary')
  1062 |
  1063 |     wrapper.destroy()"
/home/gabriel/Disk/Research/research-javascript-test-smells/repositories/bootstrap-vue-dev/src/components/dropdown/dropdown.spec.js,Duplicate Assert,"{'line': 1061, 'column': 4, 'index': 33221}","  1059 |     })
  1060 |     expect($split.classes()).toContain('btn-danger')
> 1061 |     expect($toggle.classes()).toContain('btn-primary')
       |    ^ Duplicate Assert
  1062 |
  1063 |     wrapper.destroy()
  1064 |   })"
/home/gabriel/Disk/Research/research-javascript-test-smells/repositories/bootstrap-vue-dev/src/components/dropdown/dropdown.spec.js,Duplicate Assert,"{'line': 1061, 'column': 4, 'index': 33221}","  1059 |     })
  1060 |     expect($split.classes()).toContain('btn-danger')
> 1061 |     expect($toggle.classes()).toContain('btn-primary')
       |    ^ Duplicate Assert
  1062 |
  1063 |     wrapper.destroy()
  1064 |   })"
/home/gabriel/Disk/Research/research-javascript-test-smells/repositories/bootstrap-vue-dev/src/components/dropdown/dropdown.spec.js,Duplicate Assert,"{'line': 1086, 'column': 4, 'index': 33873}","  1084 |
  1085 |     expect($split.element.tagName).toBe('A')
> 1086 |     expect($split.classes()).toContain('btn')
       |    ^ Duplicate Assert
  1087 |     expect($split.classes()).toContain('btn-secondary')
  1088 |     expect($split.attributes('href')).toBeDefined()
  1089 |     expect($split.attributes('href')).toEqual('/foo')"
/home/gabriel/Disk/Research/research-javascript-test-smells/repositories/bootstrap-vue-dev/src/components/dropdown/dropdown.spec.js,Duplicate Assert,"{'line': 1087, 'column': 4, 'index': 33919}","  1085 |     expect($split.element.tagName).toBe('A')
  1086 |     expect($split.classes()).toContain('btn')
> 1087 |     expect($split.classes()).toContain('btn-secondary')
       |    ^ Duplicate Assert
  1088 |     expect($split.attributes('href')).toBeDefined()
  1089 |     expect($split.attributes('href')).toEqual('/foo')
  1090 |"
/home/gabriel/Disk/Research/research-javascript-test-smells/repositories/bootstrap-vue-dev/src/components/dropdown/dropdown.spec.js,Duplicate Assert,"{'line': 1088, 'column': 4, 'index': 33975}","  1086 |     expect($split.classes()).toContain('btn')
  1087 |     expect($split.classes()).toContain('btn-secondary')
> 1088 |     expect($split.attributes('href')).toBeDefined()
       |    ^ Duplicate Assert
  1089 |     expect($split.attributes('href')).toEqual('/foo')
  1090 |
  1091 |     wrapper.destroy()"
/home/gabriel/Disk/Research/research-javascript-test-smells/repositories/bootstrap-vue-dev/src/components/dropdown/dropdown.spec.js,Duplicate Assert,"{'line': 1089, 'column': 4, 'index': 34027}","  1087 |     expect($split.classes()).toContain('btn-secondary')
  1088 |     expect($split.attributes('href')).toBeDefined()
> 1089 |     expect($split.attributes('href')).toEqual('/foo')
       |    ^ Duplicate Assert
  1090 |
  1091 |     wrapper.destroy()
  1092 |   })"
/home/gabriel/Disk/Research/research-javascript-test-smells/repositories/bootstrap-vue-dev/src/components/dropdown/dropdown.spec.js,Duplicate Assert,"{'line': 1114, 'column': 4, 'index': 34674}","  1112 |
  1113 |     expect($split.element.tagName).toBe('A')
> 1114 |     expect($split.classes()).toContain('btn')
       |    ^ Duplicate Assert
  1115 |     expect($split.classes()).toContain('btn-secondary')
  1116 |     expect($split.attributes('href')).toBeDefined()
  1117 |     expect($split.attributes('href')).toEqual('/foo')"
/home/gabriel/Disk/Research/research-javascript-test-smells/repositories/bootstrap-vue-dev/src/components/dropdown/dropdown.spec.js,Duplicate Assert,"{'line': 1115, 'column': 4, 'index': 34720}","  1113 |     expect($split.element.tagName).toBe('A')
  1114 |     expect($split.classes()).toContain('btn')
> 1115 |     expect($split.classes()).toContain('btn-secondary')
       |    ^ Duplicate Assert
  1116 |     expect($split.attributes('href')).toBeDefined()
  1117 |     expect($split.attributes('href')).toEqual('/foo')
  1118 |"
/home/gabriel/Disk/Research/research-javascript-test-smells/repositories/bootstrap-vue-dev/src/components/dropdown/dropdown.spec.js,Duplicate Assert,"{'line': 1116, 'column': 4, 'index': 34776}","  1114 |     expect($split.classes()).toContain('btn')
  1115 |     expect($split.classes()).toContain('btn-secondary')
> 1116 |     expect($split.attributes('href')).toBeDefined()
       |    ^ Duplicate Assert
  1117 |     expect($split.attributes('href')).toEqual('/foo')
  1118 |
  1119 |     wrapper.destroy()"
/home/gabriel/Disk/Research/research-javascript-test-smells/repositories/bootstrap-vue-dev/src/components/dropdown/dropdown.spec.js,Duplicate Assert,"{'line': 1117, 'column': 4, 'index': 34828}","  1115 |     expect($split.classes()).toContain('btn-secondary')
  1116 |     expect($split.attributes('href')).toBeDefined()
> 1117 |     expect($split.attributes('href')).toEqual('/foo')
       |    ^ Duplicate Assert
  1118 |
  1119 |     wrapper.destroy()
  1120 |   })"
/home/gabriel/Disk/Research/research-javascript-test-smells/repositories/bootstrap-vue-dev/src/components/dropdown/dropdown.spec.js,Magic Number,"{'line': 55, 'column': 42, 'index': 1782}","  53 |     expect(wrapper.classes()).toContain('btn-group')
  54 |     expect(wrapper.classes()).toContain('b-dropdown')
> 55 |     expect(wrapper.classes().length).toBe(3)
     |                                          ^ Magic Number
  56 |     expect(wrapper.attributes('id')).toBeDefined()
  57 |     const wrapperId = wrapper.attributes('id')
  58 |"
/home/gabriel/Disk/Research/research-javascript-test-smells/repositories/bootstrap-vue-dev/src/components/dropdown/dropdown.spec.js,Magic Number,"{'line': 59, 'column': 50, 'index': 1934}","  57 |     const wrapperId = wrapper.attributes('id')
  58 |
> 59 |     expect(wrapper.findAll('button').length).toBe(1)
     |                                                  ^ Magic Number
  60 |     const $button = wrapper.find('button')
  61 |     expect($button.classes()).toContain('btn')
  62 |     expect($button.classes()).toContain('btn-secondary')"
/home/gabriel/Disk/Research/research-javascript-test-smells/repositories/bootstrap-vue-dev/src/components/dropdown/dropdown.spec.js,Magic Number,"{'line': 64, 'column': 42, 'index': 2185}","  62 |     expect($button.classes()).toContain('btn-secondary')
  63 |     expect($button.classes()).toContain('dropdown-toggle')
> 64 |     expect($button.classes().length).toBe(3)
     |                                          ^ Magic Number
  65 |     expect($button.attributes('aria-haspopup')).toBeDefined()
  66 |     expect($button.attributes('aria-haspopup')).toEqual('menu')
  67 |     expect($button.attributes('aria-expanded')).toBeDefined()"
/home/gabriel/Disk/Research/research-javascript-test-smells/repositories/bootstrap-vue-dev/src/components/dropdown/dropdown.spec.js,Magic Number,"{'line': 73, 'column': 58, 'index': 2663}","  71 |     expect($button.text()).toEqual('')
  72 |
> 73 |     expect(wrapper.findAll('.dropdown-menu').length).toBe(1)
     |                                                          ^ Magic Number
  74 |     const $menu = wrapper.find('.dropdown-menu')
  75 |     expect($menu.element.tagName).toBe('UL')
  76 |     expect($menu.classes().length).toBe(1)"
/home/gabriel/Disk/Research/research-javascript-test-smells/repositories/bootstrap-vue-dev/src/components/dropdown/dropdown.spec.js,Magic Number,"{'line': 76, 'column': 40, 'index': 2800}","  74 |     const $menu = wrapper.find('.dropdown-menu')
  75 |     expect($menu.element.tagName).toBe('UL')
> 76 |     expect($menu.classes().length).toBe(1)
     |                                        ^ Magic Number
  77 |     expect($menu.attributes('role')).toBeDefined()
  78 |     expect($menu.attributes('role')).toEqual('menu')
  79 |     expect($menu.attributes('tabindex')).toBeDefined()"
/home/gabriel/Disk/Research/research-javascript-test-smells/repositories/bootstrap-vue-dev/src/components/dropdown/dropdown.spec.js,Magic Number,"{'line': 105, 'column': 42, 'index': 3775}","  103 |     expect(wrapper.classes()).toContain('btn-group')
  104 |     expect(wrapper.classes()).toContain('b-dropdown')
> 105 |     expect(wrapper.classes().length).toBe(3)
      |                                          ^ Magic Number
  106 |     expect(wrapper.attributes('id')).toBeDefined()
  107 |     const wrapperId = wrapper.attributes('id')
  108 |"
/home/gabriel/Disk/Research/research-javascript-test-smells/repositories/bootstrap-vue-dev/src/components/dropdown/dropdown.spec.js,Magic Number,"{'line': 109, 'column': 50, 'index': 3927}","  107 |     const wrapperId = wrapper.attributes('id')
  108 |
> 109 |     expect(wrapper.findAll('button').length).toBe(2)
      |                                                  ^ Magic Number
  110 |     const $buttons = wrapper.findAll('button')
  111 |     const $split = $buttons.at(0)
  112 |     const $toggle = $buttons.at(1)"
/home/gabriel/Disk/Research/research-javascript-test-smells/repositories/bootstrap-vue-dev/src/components/dropdown/dropdown.spec.js,Magic Number,"{'line': 126, 'column': 42, 'index': 4688}","  124 |     expect($toggle.classes()).toContain('dropdown-toggle')
  125 |     expect($toggle.classes()).toContain('dropdown-toggle-split')
> 126 |     expect($toggle.classes().length).toBe(4)
      |                                          ^ Magic Number
  127 |     expect($toggle.attributes('aria-haspopup')).toBeDefined()
  128 |     expect($toggle.attributes('aria-haspopup')).toEqual('menu')
  129 |     expect($toggle.attributes('aria-expanded')).toBeDefined()"
/home/gabriel/Disk/Research/research-javascript-test-smells/repositories/bootstrap-vue-dev/src/components/dropdown/dropdown.spec.js,Magic Number,"{'line': 135, 'column': 56, 'index': 5234}","  133 |     expect($toggle.attributes('type')).toBeDefined()
  134 |     expect($toggle.attributes('type')).toEqual('button')
> 135 |     expect($toggle.findAll('span.sr-only').length).toBe(1)
      |                                                        ^ Magic Number
  136 |     expect($toggle.find('span.sr-only').text()).toEqual('Toggle dropdown')
  137 |     expect($toggle.text()).toEqual('Toggle dropdown')
  138 |"
/home/gabriel/Disk/Research/research-javascript-test-smells/repositories/bootstrap-vue-dev/src/components/dropdown/dropdown.spec.js,Magic Number,"{'line': 139, 'column': 58, 'index': 5425}","  137 |     expect($toggle.text()).toEqual('Toggle dropdown')
  138 |
> 139 |     expect(wrapper.findAll('.dropdown-menu').length).toBe(1)
      |                                                          ^ Magic Number
  140 |     const $menu = wrapper.find('.dropdown-menu')
  141 |     expect($menu.element.tagName).toBe('UL')
  142 |     expect($menu.classes().length).toBe(1)"
/home/gabriel/Disk/Research/research-javascript-test-smells/repositories/bootstrap-vue-dev/src/components/dropdown/dropdown.spec.js,Magic Number,"{'line': 142, 'column': 40, 'index': 5562}","  140 |     const $menu = wrapper.find('.dropdown-menu')
  141 |     expect($menu.element.tagName).toBe('UL')
> 142 |     expect($menu.classes().length).toBe(1)
      |                                        ^ Magic Number
  143 |     expect($menu.attributes('role')).toBeDefined()
  144 |     expect($menu.attributes('role')).toEqual('menu')
  145 |     expect($menu.attributes('tabindex')).toBeDefined()"
/home/gabriel/Disk/Research/research-javascript-test-smells/repositories/bootstrap-vue-dev/src/components/dropdown/dropdown.spec.js,Magic Number,"{'line': 170, 'column': 50, 'index': 6435}","  168 |     expect(wrapper.classes()).toContain('dropdown')
  169 |
> 170 |     expect(wrapper.findAll('button').length).toBe(2)
      |                                                  ^ Magic Number
  171 |     const $buttons = wrapper.findAll('button')
  172 |     const $split = $buttons.at(0)
  173 |     const $toggle = $buttons.at(1)"
/home/gabriel/Disk/Research/research-javascript-test-smells/repositories/bootstrap-vue-dev/src/components/dropdown/dropdown.spec.js,Magic Number,"{'line': 195, 'column': 58, 'index': 7129}","  193 |     expect(wrapper.vm).toBeDefined()
  194 |
> 195 |     expect(wrapper.findAll('.dropdown-menu').length).toBe(1)
      |                                                          ^ Magic Number
  196 |     const $menu = wrapper.find('.dropdown-menu')
  197 |     expect($menu.text()).toEqual('foobar')
  198 |"
/home/gabriel/Disk/Research/research-javascript-test-smells/repositories/bootstrap-vue-dev/src/components/dropdown/dropdown.spec.js,Magic Number,"{'line': 213, 'column': 50, 'index': 7596}","  211 |     expect(wrapper.vm).toBeDefined()
  212 |
> 213 |     expect(wrapper.findAll('button').length).toBe(1)
      |                                                  ^ Magic Number
  214 |     expect(wrapper.findAll('.dropdown-toggle').length).toBe(1)
  215 |     const $toggle = wrapper.find('.dropdown-toggle')
  216 |     expect($toggle.text()).toEqual('foobar')"
/home/gabriel/Disk/Research/research-javascript-test-smells/repositories/bootstrap-vue-dev/src/components/dropdown/dropdown.spec.js,Magic Number,"{'line': 214, 'column': 60, 'index': 7659}","  212 |
  213 |     expect(wrapper.findAll('button').length).toBe(1)
> 214 |     expect(wrapper.findAll('.dropdown-toggle').length).toBe(1)
      |                                                            ^ Magic Number
  215 |     const $toggle = wrapper.find('.dropdown-toggle')
  216 |     expect($toggle.text()).toEqual('foobar')
  217 |"
/home/gabriel/Disk/Research/research-javascript-test-smells/repositories/bootstrap-vue-dev/src/components/dropdown/dropdown.spec.js,Magic Number,"{'line': 235, 'column': 50, 'index': 8179}","  233 |     expect(wrapper.vm).toBeDefined()
  234 |
> 235 |     expect(wrapper.findAll('button').length).toBe(2)
      |                                                  ^ Magic Number
  236 |     const $buttons = wrapper.findAll('button')
  237 |     const $split = $buttons.at(0)
  238 |     const $toggle = $buttons.at(1)"
/home/gabriel/Disk/Research/research-javascript-test-smells/repositories/bootstrap-vue-dev/src/components/dropdown/dropdown.spec.js,Magic Number,"{'line': 262, 'column': 58, 'index': 8925}","  260 |     expect(wrapper.vm).toBeDefined()
  261 |
> 262 |     expect(wrapper.findAll('.dropdown-menu').length).toBe(1)
      |                                                          ^ Magic Number
  263 |     const $menu = wrapper.find('.dropdown-menu')
  264 |     expect($menu.text()).not.toEqual('foobar')
  265 |"
/home/gabriel/Disk/Research/research-javascript-test-smells/repositories/bootstrap-vue-dev/src/components/dropdown/dropdown.spec.js,Magic Number,"{'line': 284, 'column': 50, 'index': 9508}","  282 |     const wrapperId = wrapper.attributes('id')
  283 |
> 284 |     expect(wrapper.findAll('button').length).toBe(1)
      |                                                  ^ Magic Number
  285 |     const $button = wrapper.find('button')
  286 |     expect($button.attributes('id')).toEqual(`${wrapperId}__BV_toggle_`)
  287 |"
/home/gabriel/Disk/Research/research-javascript-test-smells/repositories/bootstrap-vue-dev/src/components/dropdown/dropdown.spec.js,Magic Number,"{'line': 288, 'column': 58, 'index': 9686}","  286 |     expect($button.attributes('id')).toEqual(`${wrapperId}__BV_toggle_`)
  287 |
> 288 |     expect(wrapper.findAll('.dropdown-menu').length).toBe(1)
      |                                                          ^ Magic Number
  289 |     const $menu = wrapper.find('.dropdown-menu')
  290 |     expect($menu.attributes('aria-labelledby')).toBeDefined()
  291 |     expect($menu.attributes('aria-labelledby')).toEqual(`${wrapperId}__BV_toggle_`)"
/home/gabriel/Disk/Research/research-javascript-test-smells/repositories/bootstrap-vue-dev/src/components/dropdown/dropdown.spec.js,Magic Number,"{'line': 506, 'column': 50, 'index': 15864}","  504 |     expect(wrapper.emitted('click')).toBeUndefined()
  505 |
> 506 |     expect(wrapper.findAll('button').length).toBe(2)
      |                                                  ^ Magic Number
  507 |     const $buttons = wrapper.findAll('button')
  508 |     const $split = $buttons.at(0)
  509 |"
/home/gabriel/Disk/Research/research-javascript-test-smells/repositories/bootstrap-vue-dev/src/components/dropdown/dropdown.spec.js,Magic Number,"{'line': 513, 'column': 49, 'index': 16084}","  511 |
  512 |     expect(wrapper.emitted('click')).toBeDefined()
> 513 |     expect(wrapper.emitted('click').length).toBe(1)
      |                                                 ^ Magic Number
  514 |
  515 |     wrapper.destroy()
  516 |   })"
/home/gabriel/Disk/Research/research-javascript-test-smells/repositories/bootstrap-vue-dev/src/components/dropdown/dropdown.spec.js,Magic Number,"{'line': 539, 'column': 53, 'index': 16695}","  537 |     expect(wrapper.vm).toBeDefined()
  538 |
> 539 |     expect(wrapper.findAll('.dropdown').length).toBe(1)
      |                                                     ^ Magic Number
  540 |     expect(wrapper.findAll('.dropdown-toggle').length).toBe(1)
  541 |     expect(wrapper.findAll('.dropdown-menu').length).toBe(1)
  542 |     expect(wrapper.findAll('.dropdown-menu .dropdown-item').length).toBe(1)"
/home/gabriel/Disk/Research/research-javascript-test-smells/repositories/bootstrap-vue-dev/src/components/dropdown/dropdown.spec.js,Magic Number,"{'line': 540, 'column': 60, 'index': 16758}","  538 |
  539 |     expect(wrapper.findAll('.dropdown').length).toBe(1)
> 540 |     expect(wrapper.findAll('.dropdown-toggle').length).toBe(1)
      |                                                            ^ Magic Number
  541 |     expect(wrapper.findAll('.dropdown-menu').length).toBe(1)
  542 |     expect(wrapper.findAll('.dropdown-menu .dropdown-item').length).toBe(1)
  543 |"
/home/gabriel/Disk/Research/research-javascript-test-smells/repositories/bootstrap-vue-dev/src/components/dropdown/dropdown.spec.js,Magic Number,"{'line': 541, 'column': 58, 'index': 16819}","  539 |     expect(wrapper.findAll('.dropdown').length).toBe(1)
  540 |     expect(wrapper.findAll('.dropdown-toggle').length).toBe(1)
> 541 |     expect(wrapper.findAll('.dropdown-menu').length).toBe(1)
      |                                                          ^ Magic Number
  542 |     expect(wrapper.findAll('.dropdown-menu .dropdown-item').length).toBe(1)
  543 |
  544 |     const $container = wrapper.find('#container')"
/home/gabriel/Disk/Research/research-javascript-test-smells/repositories/bootstrap-vue-dev/src/components/dropdown/dropdown.spec.js,Magic Number,"{'line': 542, 'column': 73, 'index': 16895}","  540 |     expect(wrapper.findAll('.dropdown-toggle').length).toBe(1)
  541 |     expect(wrapper.findAll('.dropdown-menu').length).toBe(1)
> 542 |     expect(wrapper.findAll('.dropdown-menu .dropdown-item').length).toBe(1)
      |                                                                         ^ Magic Number
  543 |
  544 |     const $container = wrapper.find('#container')
  545 |     const $dropdown = wrapper.findComponent('.dropdown')"
/home/gabriel/Disk/Research/research-javascript-test-smells/repositories/bootstrap-vue-dev/src/components/dropdown/dropdown.spec.js,Magic Number,"{'line': 751, 'column': 50, 'index': 23734}","  749 |     expect(wrapper.emitted('show')).toBeUndefined()
  750 |
> 751 |     expect(wrapper.findAll('button').length).toBe(1)
      |                                                  ^ Magic Number
  752 |     expect(wrapper.findAll('.dropdown').length).toBe(1)
  753 |     const $toggle = wrapper.find('button')
  754 |     const $dropdown = wrapper.find('.dropdown')"
/home/gabriel/Disk/Research/research-javascript-test-smells/repositories/bootstrap-vue-dev/src/components/dropdown/dropdown.spec.js,Magic Number,"{'line': 752, 'column': 53, 'index': 23790}","  750 |
  751 |     expect(wrapper.findAll('button').length).toBe(1)
> 752 |     expect(wrapper.findAll('.dropdown').length).toBe(1)
      |                                                     ^ Magic Number
  753 |     const $toggle = wrapper.find('button')
  754 |     const $dropdown = wrapper.find('.dropdown')
  755 |"
/home/gabriel/Disk/Research/research-javascript-test-smells/repositories/bootstrap-vue-dev/src/components/dropdown/dropdown.spec.js,Magic Number,"{'line': 766, 'column': 48, 'index': 24386}","  764 |     await waitRAF()
  765 |     expect(wrapper.emitted('show')).toBeDefined()
> 766 |     expect(wrapper.emitted('show').length).toBe(1)
      |                                                ^ Magic Number
  767 |     expect($toggle.attributes('aria-haspopup')).toBeDefined()
  768 |     expect($toggle.attributes('aria-haspopup')).toEqual('menu')
  769 |     expect($toggle.attributes('aria-expanded')).toBeDefined()"
/home/gabriel/Disk/Research/research-javascript-test-smells/repositories/bootstrap-vue-dev/src/components/dropdown/dropdown.spec.js,Magic Number,"{'line': 778, 'column': 48, 'index': 24896}","  776 |     await waitRAF()
  777 |     expect(wrapper.emitted('show')).toBeDefined()
> 778 |     expect(wrapper.emitted('show').length).toBe(2)
      |                                                ^ Magic Number
  779 |     expect($toggle.attributes('aria-haspopup')).toBeDefined()
  780 |     expect($toggle.attributes('aria-haspopup')).toEqual('menu')
  781 |     expect($toggle.attributes('aria-expanded')).toBeDefined()"
/home/gabriel/Disk/Research/research-javascript-test-smells/repositories/bootstrap-vue-dev/src/components/dropdown/dropdown.spec.js,Magic Number,"{'line': 812, 'column': 53, 'index': 25995}","  810 |     await waitRAF()
  811 |
> 812 |     expect(wrapper.findAll('.dropdown').length).toBe(1)
      |                                                     ^ Magic Number
  813 |     expect(wrapper.findAll('.dropdown-toggle').length).toBe(1)
  814 |     expect(wrapper.findAll('.dropdown-menu').length).toBe(1)
  815 |     expect(wrapper.findAll('.dropdown-menu .dropdown-item').length).toBe(4)"
/home/gabriel/Disk/Research/research-javascript-test-smells/repositories/bootstrap-vue-dev/src/components/dropdown/dropdown.spec.js,Magic Number,"{'line': 813, 'column': 60, 'index': 26058}","  811 |
  812 |     expect(wrapper.findAll('.dropdown').length).toBe(1)
> 813 |     expect(wrapper.findAll('.dropdown-toggle').length).toBe(1)
      |                                                            ^ Magic Number
  814 |     expect(wrapper.findAll('.dropdown-menu').length).toBe(1)
  815 |     expect(wrapper.findAll('.dropdown-menu .dropdown-item').length).toBe(4)
  816 |"
/home/gabriel/Disk/Research/research-javascript-test-smells/repositories/bootstrap-vue-dev/src/components/dropdown/dropdown.spec.js,Magic Number,"{'line': 814, 'column': 58, 'index': 26119}","  812 |     expect(wrapper.findAll('.dropdown').length).toBe(1)
  813 |     expect(wrapper.findAll('.dropdown-toggle').length).toBe(1)
> 814 |     expect(wrapper.findAll('.dropdown-menu').length).toBe(1)
      |                                                          ^ Magic Number
  815 |     expect(wrapper.findAll('.dropdown-menu .dropdown-item').length).toBe(4)
  816 |
  817 |     const $toggle = wrapper.find('.dropdown-toggle')"
/home/gabriel/Disk/Research/research-javascript-test-smells/repositories/bootstrap-vue-dev/src/components/dropdown/dropdown.spec.js,Magic Number,"{'line': 815, 'column': 73, 'index': 26195}","  813 |     expect(wrapper.findAll('.dropdown-toggle').length).toBe(1)
  814 |     expect(wrapper.findAll('.dropdown-menu').length).toBe(1)
> 815 |     expect(wrapper.findAll('.dropdown-menu .dropdown-item').length).toBe(4)
      |                                                                         ^ Magic Number
  816 |
  817 |     const $toggle = wrapper.find('.dropdown-toggle')
  818 |     const $menu = wrapper.find('.dropdown-menu')"
/home/gabriel/Disk/Research/research-javascript-test-smells/repositories/bootstrap-vue-dev/src/components/dropdown/dropdown.spec.js,Magic Number,"{'line': 937, 'column': 48, 'index': 29904}","  935 |     expect(wrapper.vm).toBeDefined()
  936 |
> 937 |     expect(wrapper.findAll('.btn').length).toBe(1)
      |                                                ^ Magic Number
  938 |     const $toggle = wrapper.find('.btn')
  939 |
  940 |     expect($toggle.element.tagName).toBe('BUTTON')"
/home/gabriel/Disk/Research/research-javascript-test-smells/repositories/bootstrap-vue-dev/src/components/dropdown/dropdown.spec.js,Magic Number,"{'line': 958, 'column': 48, 'index': 30404}","  956 |     expect(wrapper.vm).toBeDefined()
  957 |
> 958 |     expect(wrapper.findAll('.btn').length).toBe(2)
      |                                                ^ Magic Number
  959 |     const $split = wrapper.findAll('.btn').at(0)
  960 |     const $toggle = wrapper.findAll('.btn').at(1)
  961 |"
/home/gabriel/Disk/Research/research-javascript-test-smells/repositories/bootstrap-vue-dev/src/components/dropdown/dropdown.spec.js,Magic Number,"{'line': 981, 'column': 48, 'index': 31048}","  979 |     expect(wrapper.vm).toBeDefined()
  980 |
> 981 |     expect(wrapper.findAll('.btn').length).toBe(1)
      |                                                ^ Magic Number
  982 |     const $toggle = wrapper.find('.btn')
  983 |
  984 |     expect($toggle.element.tagName).toBe('BUTTON')"
/home/gabriel/Disk/Research/research-javascript-test-smells/repositories/bootstrap-vue-dev/src/components/dropdown/dropdown.spec.js,Magic Number,"{'line': 1002, 'column': 48, 'index': 31550}","  1000 |     expect(wrapper.vm).toBeDefined()
  1001 |
> 1002 |     expect(wrapper.findAll('.btn').length).toBe(2)
       |                                                ^ Magic Number
  1003 |     const $split = wrapper.findAll('.btn').at(0)
  1004 |
  1005 |     expect($split.element.tagName).toBe('BUTTON')"
/home/gabriel/Disk/Research/research-javascript-test-smells/repositories/bootstrap-vue-dev/src/components/dropdown/dropdown.spec.js,Magic Number,"{'line': 1022, 'column': 48, 'index': 32048}","  1020 |     expect(wrapper.vm).toBeDefined()
  1021 |
> 1022 |     expect(wrapper.findAll('.btn').length).toBe(1)
       |                                                ^ Magic Number
  1023 |     const $toggle = wrapper.find('.btn')
  1024 |
  1025 |     expect($toggle.element.tagName).toBe('BUTTON')"
/home/gabriel/Disk/Research/research-javascript-test-smells/repositories/bootstrap-vue-dev/src/components/dropdown/dropdown.spec.js,Magic Number,"{'line': 1044, 'column': 48, 'index': 32628}","  1042 |     expect(wrapper.vm).toBeDefined()
  1043 |
> 1044 |     expect(wrapper.findAll('.btn').length).toBe(2)
       |                                                ^ Magic Number
  1045 |     const $split = wrapper.findAll('.btn').at(0)
  1046 |     const $toggle = wrapper.findAll('.btn').at(1)
  1047 |"
/home/gabriel/Disk/Research/research-javascript-test-smells/repositories/bootstrap-vue-dev/src/components/dropdown/dropdown.spec.js,Magic Number,"{'line': 1078, 'column': 48, 'index': 33654}","  1076 |     expect(wrapper.vm).toBeDefined()
  1077 |
> 1078 |     expect(wrapper.findAll('.btn').length).toBe(2)
       |                                                ^ Magic Number
  1079 |     const $buttons = wrapper.findAll('.btn')
  1080 |     const $split = $buttons.at(0)
  1081 |     const $toggle = $buttons.at(1)"
/home/gabriel/Disk/Research/research-javascript-test-smells/repositories/bootstrap-vue-dev/src/components/dropdown/dropdown.spec.js,Magic Number,"{'line': 1106, 'column': 48, 'index': 34455}","  1104 |     expect(wrapper.vm).toBeDefined()
  1105 |
> 1106 |     expect(wrapper.findAll('.btn').length).toBe(2)
       |                                                ^ Magic Number
  1107 |     const $buttons = wrapper.findAll('.btn')
  1108 |     const $split = $buttons.at(0)
  1109 |     const $toggle = $buttons.at(1)"
/home/gabriel/Disk/Research/research-javascript-test-smells/repositories/bootstrap-vue-dev/src/components/dropdown/dropdown-text.spec.js,Duplicate Assert,"{'line': 54, 'column': 4, 'index': 1343}","  52 |     const text = wrapper.find('p')
  53 |     expect(text.element.tagName).toBe('P')
> 54 |     expect(text.classes()).toContain('b-dropdown-text')
     |    ^ Duplicate Assert
  55 |     expect(text.classes()).toContain('some-custom-class')
  56 |
  57 |     wrapper.destroy()"
/home/gabriel/Disk/Research/research-javascript-test-smells/repositories/bootstrap-vue-dev/src/components/dropdown/dropdown-text.spec.js,Duplicate Assert,"{'line': 55, 'column': 4, 'index': 1399}","  53 |     expect(text.element.tagName).toBe('P')
  54 |     expect(text.classes()).toContain('b-dropdown-text')
> 55 |     expect(text.classes()).toContain('some-custom-class')
     |    ^ Duplicate Assert
  56 |
  57 |     wrapper.destroy()
  58 |   })"
/home/gabriel/Disk/Research/research-javascript-test-smells/repositories/bootstrap-vue-dev/src/components/dropdown/dropdown-item.spec.js,Duplicate Assert,"{'line': 92, 'column': 4, 'index': 2328}","  90 |
  91 |     const item = wrapper.find('a')
> 92 |     expect(item.classes()).toContain('link-class')
     |    ^ Duplicate Assert
  93 |     expect(item.classes()).toContain('dropdown-item')
  94 |
  95 |     wrapper.destroy()"
/home/gabriel/Disk/Research/research-javascript-test-smells/repositories/bootstrap-vue-dev/src/components/dropdown/dropdown-item.spec.js,Duplicate Assert,"{'line': 93, 'column': 4, 'index': 2379}","  91 |     const item = wrapper.find('a')
  92 |     expect(item.classes()).toContain('link-class')
> 93 |     expect(item.classes()).toContain('dropdown-item')
     |    ^ Duplicate Assert
  94 |
  95 |     wrapper.destroy()
  96 |   })"
/home/gabriel/Disk/Research/research-javascript-test-smells/repositories/bootstrap-vue-dev/src/components/dropdown/dropdown-item.spec.js,Magic Number,"{'line': 131, 'column': 48, 'index': 3554}","  129 |       expect(wrapper.element.tagName).toBe('UL')
  130 |
> 131 |       expect(wrapper.findAll('li').length).toBe(3)
      |                                                ^ Magic Number
  132 |       expect(wrapper.findAll('a').length).toBe(3)
  133 |
  134 |       const $links = wrapper.findAllComponents('a')"
/home/gabriel/Disk/Research/research-javascript-test-smells/repositories/bootstrap-vue-dev/src/components/dropdown/dropdown-item.spec.js,Magic Number,"{'line': 132, 'column': 47, 'index': 3604}","  130 |
  131 |       expect(wrapper.findAll('li').length).toBe(3)
> 132 |       expect(wrapper.findAll('a').length).toBe(3)
      |                                               ^ Magic Number
  133 |
  134 |       const $links = wrapper.findAllComponents('a')
  135 |"
/home/gabriel/Disk/Research/research-javascript-test-smells/repositories/bootstrap-vue-dev/src/components/dropdown/dropdown-item-button.spec.js,Duplicate Assert,"{'line': 21, 'column': 4, 'index': 678}","  19 |
  20 |     const button = wrapper.find('button')
> 21 |     expect(button.classes()).toContain('dropdown-item')
     |    ^ Duplicate Assert
  22 |     expect(button.classes()).not.toContain('active')
  23 |
  24 |     wrapper.destroy()"
/home/gabriel/Disk/Research/research-javascript-test-smells/repositories/bootstrap-vue-dev/src/components/dropdown/dropdown-item-button.spec.js,Duplicate Assert,"{'line': 22, 'column': 4, 'index': 734}","  20 |     const button = wrapper.find('button')
  21 |     expect(button.classes()).toContain('dropdown-item')
> 22 |     expect(button.classes()).not.toContain('active')
     |    ^ Duplicate Assert
  23 |
  24 |     wrapper.destroy()
  25 |   })"
/home/gabriel/Disk/Research/research-javascript-test-smells/repositories/bootstrap-vue-dev/src/components/dropdown/dropdown-item-button.spec.js,Duplicate Assert,"{'line': 34, 'column': 4, 'index': 1054}","  32 |
  33 |     const button = wrapper.find('button')
> 34 |     expect(button.classes()).toContain('active')
     |    ^ Duplicate Assert
  35 |     expect(button.classes()).toContain('dropdown-item')
  36 |
  37 |     wrapper.destroy()"
/home/gabriel/Disk/Research/research-javascript-test-smells/repositories/bootstrap-vue-dev/src/components/dropdown/dropdown-item-button.spec.js,Duplicate Assert,"{'line': 35, 'column': 4, 'index': 1103}","  33 |     const button = wrapper.find('button')
  34 |     expect(button.classes()).toContain('active')
> 35 |     expect(button.classes()).toContain('dropdown-item')
     |    ^ Duplicate Assert
  36 |
  37 |     wrapper.destroy()
  38 |   })"
/home/gabriel/Disk/Research/research-javascript-test-smells/repositories/bootstrap-vue-dev/src/components/dropdown/dropdown-item-button.spec.js,Duplicate Assert,"{'line': 112, 'column': 4, 'index': 3005}","  110 |
  111 |     const button = wrapper.find('button')
> 112 |     expect(button.classes()).toContain('button-class')
      |    ^ Duplicate Assert
  113 |     expect(button.classes()).toContain('dropdown-item')
  114 |
  115 |     wrapper.destroy()"
/home/gabriel/Disk/Research/research-javascript-test-smells/repositories/bootstrap-vue-dev/src/components/dropdown/dropdown-item-button.spec.js,Duplicate Assert,"{'line': 113, 'column': 4, 'index': 3060}","  111 |     const button = wrapper.find('button')
  112 |     expect(button.classes()).toContain('button-class')
> 113 |     expect(button.classes()).toContain('dropdown-item')
      |    ^ Duplicate Assert
  114 |
  115 |     wrapper.destroy()
  116 |   })"
/home/gabriel/Disk/Research/research-javascript-test-smells/repositories/bootstrap-vue-dev/src/components/dropdown/dropdown-header.spec.js,Duplicate Assert,"{'line': 52, 'column': 4, 'index': 1512}","  50 |     expect(header.classes()).toContain('dropdown-header')
  51 |     expect(header.classes().length).toBe(1)
> 52 |     expect(header.attributes('id')).toBeDefined()
     |    ^ Duplicate Assert
  53 |     expect(header.attributes('id')).toEqual('foo')
  54 |
  55 |     wrapper.destroy()"
/home/gabriel/Disk/Research/research-javascript-test-smells/repositories/bootstrap-vue-dev/src/components/dropdown/dropdown-header.spec.js,Duplicate Assert,"{'line': 53, 'column': 4, 'index': 1562}","  51 |     expect(header.classes().length).toBe(1)
  52 |     expect(header.attributes('id')).toBeDefined()
> 53 |     expect(header.attributes('id')).toEqual('foo')
     |    ^ Duplicate Assert
  54 |
  55 |     wrapper.destroy()
  56 |   })"
/home/gabriel/Disk/Research/research-javascript-test-smells/repositories/bootstrap-vue-dev/src/components/dropdown/dropdown-header.spec.js,Magic Number,"{'line': 13, 'column': 41, 'index': 451}","  11 |     expect(header.element.tagName).toBe('HEADER')
  12 |     expect(header.classes()).toContain('dropdown-header')
> 13 |     expect(header.classes().length).toBe(1)
     |                                         ^ Magic Number
  14 |     expect(header.attributes('id')).toBeUndefined()
  15 |     expect(header.text()).toEqual('')
  16 |"
/home/gabriel/Disk/Research/research-javascript-test-smells/repositories/bootstrap-vue-dev/src/components/dropdown/dropdown-header.spec.js,Magic Number,"{'line': 32, 'column': 41, 'index': 981}","  30 |     expect(header.element.tagName).toBe('H2')
  31 |     expect(header.classes()).toContain('dropdown-header')
> 32 |     expect(header.classes().length).toBe(1)
     |                                         ^ Magic Number
  33 |     expect(header.attributes('id')).toBeUndefined()
  34 |     expect(header.text()).toEqual('')
  35 |"
/home/gabriel/Disk/Research/research-javascript-test-smells/repositories/bootstrap-vue-dev/src/components/dropdown/dropdown-header.spec.js,Magic Number,"{'line': 51, 'column': 41, 'index': 1505}","  49 |     expect(header.element.tagName).toBe('HEADER')
  50 |     expect(header.classes()).toContain('dropdown-header')
> 51 |     expect(header.classes().length).toBe(1)
     |                                         ^ Magic Number
  52 |     expect(header.attributes('id')).toBeDefined()
  53 |     expect(header.attributes('id')).toEqual('foo')
  54 |"
/home/gabriel/Disk/Research/research-javascript-test-smells/repositories/bootstrap-vue-dev/src/components/dropdown/dropdown-header.spec.js,Magic Number,"{'line': 68, 'column': 41, 'index': 2016}","  66 |     expect(header.element.tagName).toBe('HEADER')
  67 |     expect(header.classes()).toContain('dropdown-header')
> 68 |     expect(header.classes().length).toBe(1)
     |                                         ^ Magic Number
  69 |     expect(header.text()).toEqual('foobar')
  70 |
  71 |     wrapper.destroy()"
/home/gabriel/Disk/Research/research-javascript-test-smells/repositories/bootstrap-vue-dev/src/components/dropdown/dropdown-group.spec.js,Duplicate Assert,"{'line': 75, 'column': 4, 'index': 1991}","  73 |
  74 |     const ul = wrapper.find('ul')
> 75 |     expect(ul.attributes('id')).toBeDefined()
     |    ^ Duplicate Assert
  76 |     expect(ul.attributes('id')).toEqual('foo')
  77 |
  78 |     wrapper.destroy()"
/home/gabriel/Disk/Research/research-javascript-test-smells/repositories/bootstrap-vue-dev/src/components/dropdown/dropdown-group.spec.js,Duplicate Assert,"{'line': 76, 'column': 4, 'index': 2037}","  74 |     const ul = wrapper.find('ul')
  75 |     expect(ul.attributes('id')).toBeDefined()
> 76 |     expect(ul.attributes('id')).toEqual('foo')
     |    ^ Duplicate Assert
  77 |
  78 |     wrapper.destroy()
  79 |   })"
/home/gabriel/Disk/Research/research-javascript-test-smells/repositories/bootstrap-vue-dev/src/components/dropdown/dropdown-group.spec.js,Magic Number,"{'line': 9, 'column': 42, 'index': 298}","   7 |
   8 |     expect(wrapper.element.tagName).toBe('LI')
>  9 |     expect(wrapper.classes().length).toBe(0)
     |                                          ^ Magic Number
  10 |
  11 |     const header = wrapper.find('header')
  12 |     expect(header.exists()).toBe(false)"
/home/gabriel/Disk/Research/research-javascript-test-smells/repositories/bootstrap-vue-dev/src/components/dropdown/dropdown-group.spec.js,Magic Number,"{'line': 18, 'column': 37, 'index': 579}","  16 |     expect(ul.element.tagName).toBe('UL')
  17 |     expect(ul.classes()).toContain('list-unstyled')
> 18 |     expect(ul.classes().length).toBe(1)
     |                                     ^ Magic Number
  19 |     expect(ul.attributes('id')).toBeUndefined()
  20 |
  21 |     expect(wrapper.text()).toEqual('')"
/home/gabriel/Disk/Research/research-javascript-test-smells/repositories/bootstrap-vue-dev/src/components/dropdown/dropdown-group.spec.js,Magic Number,"{'line': 38, 'column': 41, 'index': 1117}","  36 |     expect(header.element.tagName).toBe('HEADER')
  37 |     expect(header.classes()).toContain('dropdown-header')
> 38 |     expect(header.classes().length).toBe(1)
     |                                         ^ Magic Number
  39 |     expect(header.attributes('id')).toBeUndefined()
  40 |     expect(header.text()).toEqual('foobar')
  41 |"
/home/gabriel/Disk/Research/research-javascript-test-smells/repositories/bootstrap-vue-dev/src/components/dropdown/dropdown-group.spec.js,Magic Number,"{'line': 59, 'column': 41, 'index': 1667}","  57 |     const header = wrapper.find('.dropdown-header')
  58 |     expect(header.element.tagName).toBe('H6')
> 59 |     expect(header.classes().length).toBe(1)
     |                                         ^ Magic Number
  60 |     expect(header.text()).toEqual('foobar')
  61 |
  62 |     wrapper.destroy()"
/home/gabriel/Disk/Research/research-javascript-test-smells/repositories/bootstrap-vue-dev/src/components/dropdown/dropdown-form.spec.js,Duplicate Assert,"{'line': 22, 'column': 4, 'index': 555}","  20 |
  21 |     const form = wrapper.find('form')
> 22 |     expect(form.classes()).toContain('b-dropdown-form')
     |    ^ Duplicate Assert
  23 |     expect(form.classes()).not.toContain('was-validated')
  24 |     expect(form.classes()).not.toContain('disabled')
  25 |"
/home/gabriel/Disk/Research/research-javascript-test-smells/repositories/bootstrap-vue-dev/src/components/dropdown/dropdown-form.spec.js,Duplicate Assert,"{'line': 23, 'column': 4, 'index': 611}","  21 |     const form = wrapper.find('form')
  22 |     expect(form.classes()).toContain('b-dropdown-form')
> 23 |     expect(form.classes()).not.toContain('was-validated')
     |    ^ Duplicate Assert
  24 |     expect(form.classes()).not.toContain('disabled')
  25 |
  26 |     wrapper.destroy()"
/home/gabriel/Disk/Research/research-javascript-test-smells/repositories/bootstrap-vue-dev/src/components/dropdown/dropdown-form.spec.js,Duplicate Assert,"{'line': 24, 'column': 4, 'index': 669}","  22 |     expect(form.classes()).toContain('b-dropdown-form')
  23 |     expect(form.classes()).not.toContain('was-validated')
> 24 |     expect(form.classes()).not.toContain('disabled')
     |    ^ Duplicate Assert
  25 |
  26 |     wrapper.destroy()
  27 |   })"
/home/gabriel/Disk/Research/research-javascript-test-smells/repositories/bootstrap-vue-dev/src/components/dropdown/dropdown-form.spec.js,Duplicate Assert,"{'line': 49, 'column': 4, 'index': 1339}","  47 |     const form = wrapper.find('form')
  48 |     expect(form.element.tagName).toBe('FORM')
> 49 |     expect(form.attributes('tabindex')).toBeDefined()
     |    ^ Duplicate Assert
  50 |     expect(form.attributes('tabindex')).toEqual('-1')
  51 |
  52 |     wrapper.destroy()"
/home/gabriel/Disk/Research/research-javascript-test-smells/repositories/bootstrap-vue-dev/src/components/dropdown/dropdown-form.spec.js,Duplicate Assert,"{'line': 50, 'column': 4, 'index': 1393}","  48 |     expect(form.element.tagName).toBe('FORM')
  49 |     expect(form.attributes('tabindex')).toBeDefined()
> 50 |     expect(form.attributes('tabindex')).toEqual('-1')
     |    ^ Duplicate Assert
  51 |
  52 |     wrapper.destroy()
  53 |   })"
/home/gabriel/Disk/Research/research-javascript-test-smells/repositories/bootstrap-vue-dev/src/components/dropdown/dropdown-form.spec.js,Duplicate Assert,"{'line': 81, 'column': 4, 'index': 2206}","  79 |
  80 |     const form = wrapper.find('form')
> 81 |     expect(form.classes()).toContain('was-validated')
     |    ^ Duplicate Assert
  82 |     expect(form.classes()).toContain('b-dropdown-form')
  83 |
  84 |     wrapper.destroy()"
/home/gabriel/Disk/Research/research-javascript-test-smells/repositories/bootstrap-vue-dev/src/components/dropdown/dropdown-form.spec.js,Duplicate Assert,"{'line': 82, 'column': 4, 'index': 2260}","  80 |     const form = wrapper.find('form')
  81 |     expect(form.classes()).toContain('was-validated')
> 82 |     expect(form.classes()).toContain('b-dropdown-form')
     |    ^ Duplicate Assert
  83 |
  84 |     wrapper.destroy()
  85 |   })"
/home/gabriel/Disk/Research/research-javascript-test-smells/repositories/bootstrap-vue-dev/src/components/dropdown/dropdown-divider.spec.js,Duplicate Assert,"{'line': 14, 'column': 4, 'index': 459}","  12 |     expect(divider.classes()).toContain('dropdown-divider')
  13 |     expect(divider.classes().length).toBe(1)
> 14 |     expect(divider.attributes('role')).toBeDefined()
     |    ^ Duplicate Assert
  15 |     expect(divider.attributes('role')).toEqual('separator')
  16 |     expect(divider.text()).toEqual('')
  17 |"
/home/gabriel/Disk/Research/research-javascript-test-smells/repositories/bootstrap-vue-dev/src/components/dropdown/dropdown-divider.spec.js,Duplicate Assert,"{'line': 15, 'column': 4, 'index': 512}","  13 |     expect(divider.classes().length).toBe(1)
  14 |     expect(divider.attributes('role')).toBeDefined()
> 15 |     expect(divider.attributes('role')).toEqual('separator')
     |    ^ Duplicate Assert
  16 |     expect(divider.text()).toEqual('')
  17 |
  18 |     wrapper.destroy()"
/home/gabriel/Disk/Research/research-javascript-test-smells/repositories/bootstrap-vue-dev/src/components/dropdown/dropdown-divider.spec.js,Duplicate Assert,"{'line': 34, 'column': 4, 'index': 1061}","  32 |     expect(divider.classes()).toContain('dropdown-divider')
  33 |     expect(divider.classes().length).toBe(1)
> 34 |     expect(divider.attributes('role')).toBeDefined()
     |    ^ Duplicate Assert
  35 |     expect(divider.attributes('role')).toEqual('separator')
  36 |     expect(divider.text()).toEqual('')
  37 |"
/home/gabriel/Disk/Research/research-javascript-test-smells/repositories/bootstrap-vue-dev/src/components/dropdown/dropdown-divider.spec.js,Duplicate Assert,"{'line': 35, 'column': 4, 'index': 1114}","  33 |     expect(divider.classes().length).toBe(1)
  34 |     expect(divider.attributes('role')).toBeDefined()
> 35 |     expect(divider.attributes('role')).toEqual('separator')
     |    ^ Duplicate Assert
  36 |     expect(divider.text()).toEqual('')
  37 |
  38 |     wrapper.destroy()"
/home/gabriel/Disk/Research/research-javascript-test-smells/repositories/bootstrap-vue-dev/src/components/dropdown/dropdown-divider.spec.js,Duplicate Assert,"{'line': 52, 'column': 4, 'index': 1629}","  50 |     expect(divider.classes()).toContain('dropdown-divider')
  51 |     expect(divider.classes().length).toBe(1)
> 52 |     expect(divider.attributes('role')).toBeDefined()
     |    ^ Duplicate Assert
  53 |     expect(divider.attributes('role')).toEqual('separator')
  54 |     expect(divider.text()).toEqual('')
  55 |"
/home/gabriel/Disk/Research/research-javascript-test-smells/repositories/bootstrap-vue-dev/src/components/dropdown/dropdown-divider.spec.js,Duplicate Assert,"{'line': 53, 'column': 4, 'index': 1682}","  51 |     expect(divider.classes().length).toBe(1)
  52 |     expect(divider.attributes('role')).toBeDefined()
> 53 |     expect(divider.attributes('role')).toEqual('separator')
     |    ^ Duplicate Assert
  54 |     expect(divider.text()).toEqual('')
  55 |
  56 |     wrapper.destroy()"
/home/gabriel/Disk/Research/research-javascript-test-smells/repositories/bootstrap-vue-dev/src/components/dropdown/dropdown-divider.spec.js,Magic Number,"{'line': 13, 'column': 42, 'index': 452}","  11 |     expect(divider.element.tagName).toBe('HR')
  12 |     expect(divider.classes()).toContain('dropdown-divider')
> 13 |     expect(divider.classes().length).toBe(1)
     |                                          ^ Magic Number
  14 |     expect(divider.attributes('role')).toBeDefined()
  15 |     expect(divider.attributes('role')).toEqual('separator')
  16 |     expect(divider.text()).toEqual('')"
/home/gabriel/Disk/Research/research-javascript-test-smells/repositories/bootstrap-vue-dev/src/components/dropdown/dropdown-divider.spec.js,Magic Number,"{'line': 33, 'column': 42, 'index': 1054}","  31 |     expect(divider.element.tagName).toBe('SPAN')
  32 |     expect(divider.classes()).toContain('dropdown-divider')
> 33 |     expect(divider.classes().length).toBe(1)
     |                                          ^ Magic Number
  34 |     expect(divider.attributes('role')).toBeDefined()
  35 |     expect(divider.attributes('role')).toEqual('separator')
  36 |     expect(divider.text()).toEqual('')"
/home/gabriel/Disk/Research/research-javascript-test-smells/repositories/bootstrap-vue-dev/src/components/dropdown/dropdown-divider.spec.js,Magic Number,"{'line': 51, 'column': 42, 'index': 1622}","  49 |     expect(divider.element.tagName).toBe('HR')
  50 |     expect(divider.classes()).toContain('dropdown-divider')
> 51 |     expect(divider.classes().length).toBe(1)
     |                                          ^ Magic Number
  52 |     expect(divider.attributes('role')).toBeDefined()
  53 |     expect(divider.attributes('role')).toEqual('separator')
  54 |     expect(divider.text()).toEqual('')"
/home/gabriel/Disk/Research/research-javascript-test-smells/repositories/bootstrap-vue-dev/src/components/collapse/collapse.spec.js,Duplicate Assert,"{'line': 46, 'column': 4, 'index': 1404}","  44 |     await waitRAF()
  45 |     expect(wrapper.element.tagName).toBe('DIV')
> 46 |     expect(wrapper.attributes('id')).toBeDefined()
     |    ^ Duplicate Assert
  47 |     expect(wrapper.attributes('id')).toEqual('test')
  48 |     expect(wrapper.classes()).toContain('collapse')
  49 |     expect(wrapper.classes()).not.toContain('navbar-collapse')"
/home/gabriel/Disk/Research/research-javascript-test-smells/repositories/bootstrap-vue-dev/src/components/collapse/collapse.spec.js,Duplicate Assert,"{'line': 47, 'column': 4, 'index': 1455}","  45 |     expect(wrapper.element.tagName).toBe('DIV')
  46 |     expect(wrapper.attributes('id')).toBeDefined()
> 47 |     expect(wrapper.attributes('id')).toEqual('test')
     |    ^ Duplicate Assert
  48 |     expect(wrapper.classes()).toContain('collapse')
  49 |     expect(wrapper.classes()).not.toContain('navbar-collapse')
  50 |     expect(wrapper.classes()).not.toContain('show')"
/home/gabriel/Disk/Research/research-javascript-test-smells/repositories/bootstrap-vue-dev/src/components/collapse/collapse.spec.js,Duplicate Assert,"{'line': 48, 'column': 4, 'index': 1508}","  46 |     expect(wrapper.attributes('id')).toBeDefined()
  47 |     expect(wrapper.attributes('id')).toEqual('test')
> 48 |     expect(wrapper.classes()).toContain('collapse')
     |    ^ Duplicate Assert
  49 |     expect(wrapper.classes()).not.toContain('navbar-collapse')
  50 |     expect(wrapper.classes()).not.toContain('show')
  51 |     expect(wrapper.element.style.display).toEqual('none')"
/home/gabriel/Disk/Research/research-javascript-test-smells/repositories/bootstrap-vue-dev/src/components/collapse/collapse.spec.js,Duplicate Assert,"{'line': 49, 'column': 4, 'index': 1560}","  47 |     expect(wrapper.attributes('id')).toEqual('test')
  48 |     expect(wrapper.classes()).toContain('collapse')
> 49 |     expect(wrapper.classes()).not.toContain('navbar-collapse')
     |    ^ Duplicate Assert
  50 |     expect(wrapper.classes()).not.toContain('show')
  51 |     expect(wrapper.element.style.display).toEqual('none')
  52 |     expect(wrapper.text()).toEqual('')"
/home/gabriel/Disk/Research/research-javascript-test-smells/repositories/bootstrap-vue-dev/src/components/collapse/collapse.spec.js,Duplicate Assert,"{'line': 50, 'column': 4, 'index': 1623}","  48 |     expect(wrapper.classes()).toContain('collapse')
  49 |     expect(wrapper.classes()).not.toContain('navbar-collapse')
> 50 |     expect(wrapper.classes()).not.toContain('show')
     |    ^ Duplicate Assert
  51 |     expect(wrapper.element.style.display).toEqual('none')
  52 |     expect(wrapper.text()).toEqual('')
  53 |"
/home/gabriel/Disk/Research/research-javascript-test-smells/repositories/bootstrap-vue-dev/src/components/collapse/collapse.spec.js,Duplicate Assert,"{'line': 71, 'column': 4, 'index': 2250}","  69 |     await waitRAF()
  70 |     expect(wrapper.element.tagName).toBe('DIV')
> 71 |     expect(wrapper.attributes('id')).toBeDefined()
     |    ^ Duplicate Assert
  72 |     expect(wrapper.attributes('id')).toEqual('test')
  73 |     expect(wrapper.classes()).toContain('collapse')
  74 |     expect(wrapper.classes()).toContain('navbar-collapse')"
/home/gabriel/Disk/Research/research-javascript-test-smells/repositories/bootstrap-vue-dev/src/components/collapse/collapse.spec.js,Duplicate Assert,"{'line': 72, 'column': 4, 'index': 2301}","  70 |     expect(wrapper.element.tagName).toBe('DIV')
  71 |     expect(wrapper.attributes('id')).toBeDefined()
> 72 |     expect(wrapper.attributes('id')).toEqual('test')
     |    ^ Duplicate Assert
  73 |     expect(wrapper.classes()).toContain('collapse')
  74 |     expect(wrapper.classes()).toContain('navbar-collapse')
  75 |     expect(wrapper.classes()).not.toContain('show')"
/home/gabriel/Disk/Research/research-javascript-test-smells/repositories/bootstrap-vue-dev/src/components/collapse/collapse.spec.js,Duplicate Assert,"{'line': 73, 'column': 4, 'index': 2354}","  71 |     expect(wrapper.attributes('id')).toBeDefined()
  72 |     expect(wrapper.attributes('id')).toEqual('test')
> 73 |     expect(wrapper.classes()).toContain('collapse')
     |    ^ Duplicate Assert
  74 |     expect(wrapper.classes()).toContain('navbar-collapse')
  75 |     expect(wrapper.classes()).not.toContain('show')
  76 |     expect(wrapper.element.style.display).toEqual('none')"
/home/gabriel/Disk/Research/research-javascript-test-smells/repositories/bootstrap-vue-dev/src/components/collapse/collapse.spec.js,Duplicate Assert,"{'line': 74, 'column': 4, 'index': 2406}","  72 |     expect(wrapper.attributes('id')).toEqual('test')
  73 |     expect(wrapper.classes()).toContain('collapse')
> 74 |     expect(wrapper.classes()).toContain('navbar-collapse')
     |    ^ Duplicate Assert
  75 |     expect(wrapper.classes()).not.toContain('show')
  76 |     expect(wrapper.element.style.display).toEqual('none')
  77 |     expect(wrapper.text()).toEqual('')"
/home/gabriel/Disk/Research/research-javascript-test-smells/repositories/bootstrap-vue-dev/src/components/collapse/collapse.spec.js,Duplicate Assert,"{'line': 75, 'column': 4, 'index': 2465}","  73 |     expect(wrapper.classes()).toContain('collapse')
  74 |     expect(wrapper.classes()).toContain('navbar-collapse')
> 75 |     expect(wrapper.classes()).not.toContain('show')
     |    ^ Duplicate Assert
  76 |     expect(wrapper.element.style.display).toEqual('none')
  77 |     expect(wrapper.text()).toEqual('')
  78 |"
/home/gabriel/Disk/Research/research-javascript-test-smells/repositories/bootstrap-vue-dev/src/components/collapse/collapse.spec.js,Duplicate Assert,"{'line': 97, 'column': 4, 'index': 3047}","   95 |     await waitRAF()
   96 |     expect(wrapper.element.tagName).toBe('DIV')
>  97 |     expect(wrapper.attributes('id')).toBeDefined()
      |    ^ Duplicate Assert
   98 |     expect(wrapper.attributes('id')).toEqual('test')
   99 |     expect(wrapper.classes()).toContain('collapse')
  100 |     expect(wrapper.classes()).not.toContain('show')"
/home/gabriel/Disk/Research/research-javascript-test-smells/repositories/bootstrap-vue-dev/src/components/collapse/collapse.spec.js,Duplicate Assert,"{'line': 98, 'column': 4, 'index': 3098}","   96 |     expect(wrapper.element.tagName).toBe('DIV')
   97 |     expect(wrapper.attributes('id')).toBeDefined()
>  98 |     expect(wrapper.attributes('id')).toEqual('test')
      |    ^ Duplicate Assert
   99 |     expect(wrapper.classes()).toContain('collapse')
  100 |     expect(wrapper.classes()).not.toContain('show')
  101 |     expect(wrapper.element.style.display).toEqual('none')"
/home/gabriel/Disk/Research/research-javascript-test-smells/repositories/bootstrap-vue-dev/src/components/collapse/collapse.spec.js,Duplicate Assert,"{'line': 99, 'column': 4, 'index': 3151}","   97 |     expect(wrapper.attributes('id')).toBeDefined()
   98 |     expect(wrapper.attributes('id')).toEqual('test')
>  99 |     expect(wrapper.classes()).toContain('collapse')
      |    ^ Duplicate Assert
  100 |     expect(wrapper.classes()).not.toContain('show')
  101 |     expect(wrapper.element.style.display).toEqual('none')
  102 |     expect(wrapper.find('div > div').exists()).toBe(true)"
/home/gabriel/Disk/Research/research-javascript-test-smells/repositories/bootstrap-vue-dev/src/components/collapse/collapse.spec.js,Duplicate Assert,"{'line': 100, 'column': 4, 'index': 3203}","   98 |     expect(wrapper.attributes('id')).toEqual('test')
   99 |     expect(wrapper.classes()).toContain('collapse')
> 100 |     expect(wrapper.classes()).not.toContain('show')
      |    ^ Duplicate Assert
  101 |     expect(wrapper.element.style.display).toEqual('none')
  102 |     expect(wrapper.find('div > div').exists()).toBe(true)
  103 |     expect(wrapper.text()).toEqual('foobar')"
/home/gabriel/Disk/Research/research-javascript-test-smells/repositories/bootstrap-vue-dev/src/components/collapse/collapse.spec.js,Duplicate Assert,"{'line': 124, 'column': 4, 'index': 3893}","  122 |     await waitRAF()
  123 |     expect(wrapper.element.tagName).toBe('DIV')
> 124 |     expect(wrapper.attributes('id')).toBeDefined()
      |    ^ Duplicate Assert
  125 |     expect(wrapper.attributes('id')).toEqual('test')
  126 |     expect(wrapper.classes()).toContain('show')
  127 |     expect(wrapper.classes()).toContain('collapse')"
/home/gabriel/Disk/Research/research-javascript-test-smells/repositories/bootstrap-vue-dev/src/components/collapse/collapse.spec.js,Duplicate Assert,"{'line': 125, 'column': 4, 'index': 3944}","  123 |     expect(wrapper.element.tagName).toBe('DIV')
  124 |     expect(wrapper.attributes('id')).toBeDefined()
> 125 |     expect(wrapper.attributes('id')).toEqual('test')
      |    ^ Duplicate Assert
  126 |     expect(wrapper.classes()).toContain('show')
  127 |     expect(wrapper.classes()).toContain('collapse')
  128 |     expect(wrapper.element.style.display).toEqual('')"
/home/gabriel/Disk/Research/research-javascript-test-smells/repositories/bootstrap-vue-dev/src/components/collapse/collapse.spec.js,Duplicate Assert,"{'line': 126, 'column': 4, 'index': 3997}","  124 |     expect(wrapper.attributes('id')).toBeDefined()
  125 |     expect(wrapper.attributes('id')).toEqual('test')
> 126 |     expect(wrapper.classes()).toContain('show')
      |    ^ Duplicate Assert
  127 |     expect(wrapper.classes()).toContain('collapse')
  128 |     expect(wrapper.element.style.display).toEqual('')
  129 |     expect(wrapper.find('div > div').exists()).toBe(true)"
/home/gabriel/Disk/Research/research-javascript-test-smells/repositories/bootstrap-vue-dev/src/components/collapse/collapse.spec.js,Duplicate Assert,"{'line': 127, 'column': 4, 'index': 4045}","  125 |     expect(wrapper.attributes('id')).toEqual('test')
  126 |     expect(wrapper.classes()).toContain('show')
> 127 |     expect(wrapper.classes()).toContain('collapse')
      |    ^ Duplicate Assert
  128 |     expect(wrapper.element.style.display).toEqual('')
  129 |     expect(wrapper.find('div > div').exists()).toBe(true)
  130 |     expect(wrapper.text()).toEqual('foobar')"
/home/gabriel/Disk/Research/research-javascript-test-smells/repositories/bootstrap-vue-dev/src/components/collapse/collapse.spec.js,Duplicate Assert,"{'line': 217, 'column': 4, 'index': 7598}","  215 |     expect(rootWrapper.emitted(ROOT_EVENT_NAME_STATE)[0][0]).toBe('test') // ID
  216 |     expect(rootWrapper.emitted(ROOT_EVENT_NAME_STATE)[0][1]).toBe(true) // Visible state
> 217 |     expect(rootWrapper.emitted(ROOT_EVENT_NAME_SYNC_STATE)).toBeUndefined()
      |    ^ Duplicate Assert
  218 |
  219 |     rootWrapper.vm.$root.$emit(ROOT_ACTION_EVENT_NAME_REQUEST_STATE, 'test')
  220 |     await waitNT(wrapper.vm)"
/home/gabriel/Disk/Research/research-javascript-test-smells/repositories/bootstrap-vue-dev/src/components/collapse/collapse.spec.js,Duplicate Assert,"{'line': 222, 'column': 4, 'index': 7801}","  220 |     await waitNT(wrapper.vm)
  221 |     await waitRAF()
> 222 |     expect(rootWrapper.emitted(ROOT_EVENT_NAME_SYNC_STATE)).toBeDefined()
      |    ^ Duplicate Assert
  223 |     expect(rootWrapper.emitted(ROOT_EVENT_NAME_SYNC_STATE).length).toBe(1)
  224 |     expect(rootWrapper.emitted(ROOT_EVENT_NAME_SYNC_STATE)[0][0]).toBe('test') // ID
  225 |     expect(rootWrapper.emitted(ROOT_EVENT_NAME_SYNC_STATE)[0][1]).toBe(true) // Visible state"
/home/gabriel/Disk/Research/research-javascript-test-smells/repositories/bootstrap-vue-dev/src/components/collapse/collapse.spec.js,Duplicate Assert,"{'line': 246, 'column': 4, 'index': 8580}","  244 |     await waitRAF()
  245 |
> 246 |     expect(wrapper.emitted('show')).toBeUndefined()
      |    ^ Duplicate Assert
  247 |     expect(wrapper.emitted('input')).toBeDefined()
  248 |     expect(wrapper.emitted('input').length).toBe(1)
  249 |     expect(wrapper.emitted('input')[0][0]).toBe(false)"
/home/gabriel/Disk/Research/research-javascript-test-smells/repositories/bootstrap-vue-dev/src/components/collapse/collapse.spec.js,Duplicate Assert,"{'line': 248, 'column': 4, 'index': 8683}","  246 |     expect(wrapper.emitted('show')).toBeUndefined()
  247 |     expect(wrapper.emitted('input')).toBeDefined()
> 248 |     expect(wrapper.emitted('input').length).toBe(1)
      |    ^ Duplicate Assert
  249 |     expect(wrapper.emitted('input')[0][0]).toBe(false)
  250 |     expect(rootWrapper.emitted(ROOT_EVENT_NAME_STATE)).toBeDefined()
  251 |     expect(rootWrapper.emitted(ROOT_EVENT_NAME_STATE).length).toBe(1)"
/home/gabriel/Disk/Research/research-javascript-test-smells/repositories/bootstrap-vue-dev/src/components/collapse/collapse.spec.js,Duplicate Assert,"{'line': 251, 'column': 4, 'index': 8859}","  249 |     expect(wrapper.emitted('input')[0][0]).toBe(false)
  250 |     expect(rootWrapper.emitted(ROOT_EVENT_NAME_STATE)).toBeDefined()
> 251 |     expect(rootWrapper.emitted(ROOT_EVENT_NAME_STATE).length).toBe(1)
      |    ^ Duplicate Assert
  252 |     expect(rootWrapper.emitted(ROOT_EVENT_NAME_STATE)[0][0]).toBe('test') // ID
  253 |     expect(rootWrapper.emitted(ROOT_EVENT_NAME_STATE)[0][1]).toBe(false) // Visible state
  254 |     expect(wrapper.element.style.display).toEqual('none')"
/home/gabriel/Disk/Research/research-javascript-test-smells/repositories/bootstrap-vue-dev/src/components/collapse/collapse.spec.js,Duplicate Assert,"{'line': 254, 'column': 4, 'index': 9099}","  252 |     expect(rootWrapper.emitted(ROOT_EVENT_NAME_STATE)[0][0]).toBe('test') // ID
  253 |     expect(rootWrapper.emitted(ROOT_EVENT_NAME_STATE)[0][1]).toBe(false) // Visible state
> 254 |     expect(wrapper.element.style.display).toEqual('none')
      |    ^ Duplicate Assert
  255 |
  256 |     // Change visible prop
  257 |     await wrapper.setProps({"
/home/gabriel/Disk/Research/research-javascript-test-smells/repositories/bootstrap-vue-dev/src/components/collapse/collapse.spec.js,Duplicate Assert,"{'line': 263, 'column': 4, 'index': 9291}","  261 |     await waitRAF()
  262 |
> 263 |     expect(wrapper.emitted('show')).toBeDefined()
      |    ^ Duplicate Assert
  264 |     expect(wrapper.emitted('show').length).toBe(1)
  265 |     expect(wrapper.emitted('input').length).toBe(2)
  266 |     expect(wrapper.emitted('input')[1][0]).toBe(true)"
/home/gabriel/Disk/Research/research-javascript-test-smells/repositories/bootstrap-vue-dev/src/components/collapse/collapse.spec.js,Duplicate Assert,"{'line': 265, 'column': 4, 'index': 9392}","  263 |     expect(wrapper.emitted('show')).toBeDefined()
  264 |     expect(wrapper.emitted('show').length).toBe(1)
> 265 |     expect(wrapper.emitted('input').length).toBe(2)
      |    ^ Duplicate Assert
  266 |     expect(wrapper.emitted('input')[1][0]).toBe(true)
  267 |     expect(rootWrapper.emitted(ROOT_EVENT_NAME_STATE).length).toBe(2)
  268 |     expect(rootWrapper.emitted(ROOT_EVENT_NAME_STATE)[1][0]).toBe('test') // ID"
/home/gabriel/Disk/Research/research-javascript-test-smells/repositories/bootstrap-vue-dev/src/components/collapse/collapse.spec.js,Duplicate Assert,"{'line': 267, 'column': 4, 'index': 9498}","  265 |     expect(wrapper.emitted('input').length).toBe(2)
  266 |     expect(wrapper.emitted('input')[1][0]).toBe(true)
> 267 |     expect(rootWrapper.emitted(ROOT_EVENT_NAME_STATE).length).toBe(2)
      |    ^ Duplicate Assert
  268 |     expect(rootWrapper.emitted(ROOT_EVENT_NAME_STATE)[1][0]).toBe('test') // ID
  269 |     expect(rootWrapper.emitted(ROOT_EVENT_NAME_STATE)[1][1]).toBe(true) // Visible state
  270 |     expect(wrapper.element.style.display).toEqual('')"
/home/gabriel/Disk/Research/research-javascript-test-smells/repositories/bootstrap-vue-dev/src/components/collapse/collapse.spec.js,Duplicate Assert,"{'line': 270, 'column': 4, 'index': 9737}","  268 |     expect(rootWrapper.emitted(ROOT_EVENT_NAME_STATE)[1][0]).toBe('test') // ID
  269 |     expect(rootWrapper.emitted(ROOT_EVENT_NAME_STATE)[1][1]).toBe(true) // Visible state
> 270 |     expect(wrapper.element.style.display).toEqual('')
      |    ^ Duplicate Assert
  271 |
  272 |     wrapper.destroy()
  273 |   })"
/home/gabriel/Disk/Research/research-javascript-test-smells/repositories/bootstrap-vue-dev/src/components/collapse/collapse.spec.js,Duplicate Assert,"{'line': 292, 'column': 4, 'index': 10251}","  290 |     await waitRAF()
  291 |
> 292 |     expect(wrapper.element.style.display).toEqual('')
      |    ^ Duplicate Assert
  293 |     expect(wrapper.emitted('show')).toBeUndefined()
  294 |     expect(wrapper.emitted('input')).toBeDefined()
  295 |     expect(wrapper.emitted('input').length).toBe(1)"
/home/gabriel/Disk/Research/research-javascript-test-smells/repositories/bootstrap-vue-dev/src/components/collapse/collapse.spec.js,Duplicate Assert,"{'line': 292, 'column': 4, 'index': 10251}","  290 |     await waitRAF()
  291 |
> 292 |     expect(wrapper.element.style.display).toEqual('')
      |    ^ Duplicate Assert
  293 |     expect(wrapper.emitted('show')).toBeUndefined()
  294 |     expect(wrapper.emitted('input')).toBeDefined()
  295 |     expect(wrapper.emitted('input').length).toBe(1)"
/home/gabriel/Disk/Research/research-javascript-test-smells/repositories/bootstrap-vue-dev/src/components/collapse/collapse.spec.js,Duplicate Assert,"{'line': 295, 'column': 4, 'index': 10408}","  293 |     expect(wrapper.emitted('show')).toBeUndefined()
  294 |     expect(wrapper.emitted('input')).toBeDefined()
> 295 |     expect(wrapper.emitted('input').length).toBe(1)
      |    ^ Duplicate Assert
  296 |     expect(wrapper.emitted('input')[0][0]).toBe(true)
  297 |     expect(rootWrapper.emitted(ROOT_EVENT_NAME_STATE)).toBeDefined()
  298 |     expect(rootWrapper.emitted(ROOT_EVENT_NAME_STATE).length).toBe(1)"
/home/gabriel/Disk/Research/research-javascript-test-smells/repositories/bootstrap-vue-dev/src/components/collapse/collapse.spec.js,Duplicate Assert,"{'line': 295, 'column': 4, 'index': 10408}","  293 |     expect(wrapper.emitted('show')).toBeUndefined()
  294 |     expect(wrapper.emitted('input')).toBeDefined()
> 295 |     expect(wrapper.emitted('input').length).toBe(1)
      |    ^ Duplicate Assert
  296 |     expect(wrapper.emitted('input')[0][0]).toBe(true)
  297 |     expect(rootWrapper.emitted(ROOT_EVENT_NAME_STATE)).toBeDefined()
  298 |     expect(rootWrapper.emitted(ROOT_EVENT_NAME_STATE).length).toBe(1)"
/home/gabriel/Disk/Research/research-javascript-test-smells/repositories/bootstrap-vue-dev/src/components/collapse/collapse.spec.js,Duplicate Assert,"{'line': 296, 'column': 4, 'index': 10460}","  294 |     expect(wrapper.emitted('input')).toBeDefined()
  295 |     expect(wrapper.emitted('input').length).toBe(1)
> 296 |     expect(wrapper.emitted('input')[0][0]).toBe(true)
      |    ^ Duplicate Assert
  297 |     expect(rootWrapper.emitted(ROOT_EVENT_NAME_STATE)).toBeDefined()
  298 |     expect(rootWrapper.emitted(ROOT_EVENT_NAME_STATE).length).toBe(1)
  299 |     expect(rootWrapper.emitted(ROOT_EVENT_NAME_STATE)[0][0]).toBe('test') // ID"
/home/gabriel/Disk/Research/research-javascript-test-smells/repositories/bootstrap-vue-dev/src/components/collapse/collapse.spec.js,Duplicate Assert,"{'line': 296, 'column': 4, 'index': 10460}","  294 |     expect(wrapper.emitted('input')).toBeDefined()
  295 |     expect(wrapper.emitted('input').length).toBe(1)
> 296 |     expect(wrapper.emitted('input')[0][0]).toBe(true)
      |    ^ Duplicate Assert
  297 |     expect(rootWrapper.emitted(ROOT_EVENT_NAME_STATE)).toBeDefined()
  298 |     expect(rootWrapper.emitted(ROOT_EVENT_NAME_STATE).length).toBe(1)
  299 |     expect(rootWrapper.emitted(ROOT_EVENT_NAME_STATE)[0][0]).toBe('test') // ID"
/home/gabriel/Disk/Research/research-javascript-test-smells/repositories/bootstrap-vue-dev/src/components/collapse/collapse.spec.js,Duplicate Assert,"{'line': 298, 'column': 4, 'index': 10583}","  296 |     expect(wrapper.emitted('input')[0][0]).toBe(true)
  297 |     expect(rootWrapper.emitted(ROOT_EVENT_NAME_STATE)).toBeDefined()
> 298 |     expect(rootWrapper.emitted(ROOT_EVENT_NAME_STATE).length).toBe(1)
      |    ^ Duplicate Assert
  299 |     expect(rootWrapper.emitted(ROOT_EVENT_NAME_STATE)[0][0]).toBe('test') // ID
  300 |     expect(rootWrapper.emitted(ROOT_EVENT_NAME_STATE)[0][1]).toBe(true) // Visible state
  301 |     expect(rootWrapper.emitted(ROOT_EVENT_NAME_ACCORDION)).toBeDefined()"
/home/gabriel/Disk/Research/research-javascript-test-smells/repositories/bootstrap-vue-dev/src/components/collapse/collapse.spec.js,Duplicate Assert,"{'line': 298, 'column': 4, 'index': 10583}","  296 |     expect(wrapper.emitted('input')[0][0]).toBe(true)
  297 |     expect(rootWrapper.emitted(ROOT_EVENT_NAME_STATE)).toBeDefined()
> 298 |     expect(rootWrapper.emitted(ROOT_EVENT_NAME_STATE).length).toBe(1)
      |    ^ Duplicate Assert
  299 |     expect(rootWrapper.emitted(ROOT_EVENT_NAME_STATE)[0][0]).toBe('test') // ID
  300 |     expect(rootWrapper.emitted(ROOT_EVENT_NAME_STATE)[0][1]).toBe(true) // Visible state
  301 |     expect(rootWrapper.emitted(ROOT_EVENT_NAME_ACCORDION)).toBeDefined()"
/home/gabriel/Disk/Research/research-javascript-test-smells/repositories/bootstrap-vue-dev/src/components/collapse/collapse.spec.js,Duplicate Assert,"{'line': 302, 'column': 4, 'index': 10895}","  300 |     expect(rootWrapper.emitted(ROOT_EVENT_NAME_STATE)[0][1]).toBe(true) // Visible state
  301 |     expect(rootWrapper.emitted(ROOT_EVENT_NAME_ACCORDION)).toBeDefined()
> 302 |     expect(rootWrapper.emitted(ROOT_EVENT_NAME_ACCORDION).length).toBe(1)
      |    ^ Duplicate Assert
  303 |     expect(rootWrapper.emitted(ROOT_EVENT_NAME_ACCORDION)[0][0]).toBe('test')
  304 |     expect(rootWrapper.emitted(ROOT_EVENT_NAME_ACCORDION)[0][1]).toBe('foo')
  305 |"
/home/gabriel/Disk/Research/research-javascript-test-smells/repositories/bootstrap-vue-dev/src/components/collapse/collapse.spec.js,Duplicate Assert,"{'line': 311, 'column': 4, 'index': 11315}","  309 |     await waitRAF()
  310 |
> 311 |     expect(wrapper.emitted('input').length).toBe(1)
      |    ^ Duplicate Assert
  312 |     expect(wrapper.emitted('input')[0][0]).toBe(true)
  313 |     expect(rootWrapper.emitted(ROOT_EVENT_NAME_STATE).length).toBe(1)
  314 |     expect(rootWrapper.emitted(ROOT_EVENT_NAME_ACCORDION).length).toBe(2) // The event we just emitted"
/home/gabriel/Disk/Research/research-javascript-test-smells/repositories/bootstrap-vue-dev/src/components/collapse/collapse.spec.js,Duplicate Assert,"{'line': 311, 'column': 4, 'index': 11315}","  309 |     await waitRAF()
  310 |
> 311 |     expect(wrapper.emitted('input').length).toBe(1)
      |    ^ Duplicate Assert
  312 |     expect(wrapper.emitted('input')[0][0]).toBe(true)
  313 |     expect(rootWrapper.emitted(ROOT_EVENT_NAME_STATE).length).toBe(1)
  314 |     expect(rootWrapper.emitted(ROOT_EVENT_NAME_ACCORDION).length).toBe(2) // The event we just emitted"
/home/gabriel/Disk/Research/research-javascript-test-smells/repositories/bootstrap-vue-dev/src/components/collapse/collapse.spec.js,Duplicate Assert,"{'line': 312, 'column': 4, 'index': 11367}","  310 |
  311 |     expect(wrapper.emitted('input').length).toBe(1)
> 312 |     expect(wrapper.emitted('input')[0][0]).toBe(true)
      |    ^ Duplicate Assert
  313 |     expect(rootWrapper.emitted(ROOT_EVENT_NAME_STATE).length).toBe(1)
  314 |     expect(rootWrapper.emitted(ROOT_EVENT_NAME_ACCORDION).length).toBe(2) // The event we just emitted
  315 |     expect(rootWrapper.emitted(ROOT_EVENT_NAME_ACCORDION)[1][0]).toBe('test')"
/home/gabriel/Disk/Research/research-javascript-test-smells/repositories/bootstrap-vue-dev/src/components/collapse/collapse.spec.js,Duplicate Assert,"{'line': 312, 'column': 4, 'index': 11367}","  310 |
  311 |     expect(wrapper.emitted('input').length).toBe(1)
> 312 |     expect(wrapper.emitted('input')[0][0]).toBe(true)
      |    ^ Duplicate Assert
  313 |     expect(rootWrapper.emitted(ROOT_EVENT_NAME_STATE).length).toBe(1)
  314 |     expect(rootWrapper.emitted(ROOT_EVENT_NAME_ACCORDION).length).toBe(2) // The event we just emitted
  315 |     expect(rootWrapper.emitted(ROOT_EVENT_NAME_ACCORDION)[1][0]).toBe('test')"
/home/gabriel/Disk/Research/research-javascript-test-smells/repositories/bootstrap-vue-dev/src/components/collapse/collapse.spec.js,Duplicate Assert,"{'line': 313, 'column': 4, 'index': 11421}","  311 |     expect(wrapper.emitted('input').length).toBe(1)
  312 |     expect(wrapper.emitted('input')[0][0]).toBe(true)
> 313 |     expect(rootWrapper.emitted(ROOT_EVENT_NAME_STATE).length).toBe(1)
      |    ^ Duplicate Assert
  314 |     expect(rootWrapper.emitted(ROOT_EVENT_NAME_ACCORDION).length).toBe(2) // The event we just emitted
  315 |     expect(rootWrapper.emitted(ROOT_EVENT_NAME_ACCORDION)[1][0]).toBe('test')
  316 |     expect(rootWrapper.emitted(ROOT_EVENT_NAME_ACCORDION)[1][1]).toBe('bar')"
/home/gabriel/Disk/Research/research-javascript-test-smells/repositories/bootstrap-vue-dev/src/components/collapse/collapse.spec.js,Duplicate Assert,"{'line': 313, 'column': 4, 'index': 11421}","  311 |     expect(wrapper.emitted('input').length).toBe(1)
  312 |     expect(wrapper.emitted('input')[0][0]).toBe(true)
> 313 |     expect(rootWrapper.emitted(ROOT_EVENT_NAME_STATE).length).toBe(1)
      |    ^ Duplicate Assert
  314 |     expect(rootWrapper.emitted(ROOT_EVENT_NAME_ACCORDION).length).toBe(2) // The event we just emitted
  315 |     expect(rootWrapper.emitted(ROOT_EVENT_NAME_ACCORDION)[1][0]).toBe('test')
  316 |     expect(rootWrapper.emitted(ROOT_EVENT_NAME_ACCORDION)[1][1]).toBe('bar')"
/home/gabriel/Disk/Research/research-javascript-test-smells/repositories/bootstrap-vue-dev/src/components/collapse/collapse.spec.js,Duplicate Assert,"{'line': 314, 'column': 4, 'index': 11491}","  312 |     expect(wrapper.emitted('input')[0][0]).toBe(true)
  313 |     expect(rootWrapper.emitted(ROOT_EVENT_NAME_STATE).length).toBe(1)
> 314 |     expect(rootWrapper.emitted(ROOT_EVENT_NAME_ACCORDION).length).toBe(2) // The event we just emitted
      |    ^ Duplicate Assert
  315 |     expect(rootWrapper.emitted(ROOT_EVENT_NAME_ACCORDION)[1][0]).toBe('test')
  316 |     expect(rootWrapper.emitted(ROOT_EVENT_NAME_ACCORDION)[1][1]).toBe('bar')
  317 |     expect(wrapper.element.style.display).toEqual('')"
/home/gabriel/Disk/Research/research-javascript-test-smells/repositories/bootstrap-vue-dev/src/components/collapse/collapse.spec.js,Duplicate Assert,"{'line': 317, 'column': 4, 'index': 11749}","  315 |     expect(rootWrapper.emitted(ROOT_EVENT_NAME_ACCORDION)[1][0]).toBe('test')
  316 |     expect(rootWrapper.emitted(ROOT_EVENT_NAME_ACCORDION)[1][1]).toBe('bar')
> 317 |     expect(wrapper.element.style.display).toEqual('')
      |    ^ Duplicate Assert
  318 |
  319 |     // Should respond to accordion events
  320 |     wrapper.vm.$root.$emit(ROOT_EVENT_NAME_ACCORDION, 'nottest', 'foo')"
/home/gabriel/Disk/Research/research-javascript-test-smells/repositories/bootstrap-vue-dev/src/components/collapse/collapse.spec.js,Duplicate Assert,"{'line': 317, 'column': 4, 'index': 11749}","  315 |     expect(rootWrapper.emitted(ROOT_EVENT_NAME_ACCORDION)[1][0]).toBe('test')
  316 |     expect(rootWrapper.emitted(ROOT_EVENT_NAME_ACCORDION)[1][1]).toBe('bar')
> 317 |     expect(wrapper.element.style.display).toEqual('')
      |    ^ Duplicate Assert
  318 |
  319 |     // Should respond to accordion events
  320 |     wrapper.vm.$root.$emit(ROOT_EVENT_NAME_ACCORDION, 'nottest', 'foo')"
/home/gabriel/Disk/Research/research-javascript-test-smells/repositories/bootstrap-vue-dev/src/components/collapse/collapse.spec.js,Duplicate Assert,"{'line': 326, 'column': 4, 'index': 12017}","  324 |     await waitRAF()
  325 |
> 326 |     expect(wrapper.emitted('input').length).toBe(2)
      |    ^ Duplicate Assert
  327 |     expect(wrapper.emitted('input')[1][0]).toBe(false)
  328 |     expect(rootWrapper.emitted(ROOT_EVENT_NAME_STATE).length).toBe(2)
  329 |     expect(rootWrapper.emitted(ROOT_EVENT_NAME_STATE)[1][0]).toBe('test') // ID"
/home/gabriel/Disk/Research/research-javascript-test-smells/repositories/bootstrap-vue-dev/src/components/collapse/collapse.spec.js,Duplicate Assert,"{'line': 328, 'column': 4, 'index': 12124}","  326 |     expect(wrapper.emitted('input').length).toBe(2)
  327 |     expect(wrapper.emitted('input')[1][0]).toBe(false)
> 328 |     expect(rootWrapper.emitted(ROOT_EVENT_NAME_STATE).length).toBe(2)
      |    ^ Duplicate Assert
  329 |     expect(rootWrapper.emitted(ROOT_EVENT_NAME_STATE)[1][0]).toBe('test') // ID
  330 |     expect(rootWrapper.emitted(ROOT_EVENT_NAME_STATE)[1][1]).toBe(false) // Visible state
  331 |     expect(rootWrapper.emitted(ROOT_EVENT_NAME_ACCORDION).length).toBe(3) // The event we just emitted"
/home/gabriel/Disk/Research/research-javascript-test-smells/repositories/bootstrap-vue-dev/src/components/collapse/collapse.spec.js,Duplicate Assert,"{'line': 331, 'column': 4, 'index': 12364}","  329 |     expect(rootWrapper.emitted(ROOT_EVENT_NAME_STATE)[1][0]).toBe('test') // ID
  330 |     expect(rootWrapper.emitted(ROOT_EVENT_NAME_STATE)[1][1]).toBe(false) // Visible state
> 331 |     expect(rootWrapper.emitted(ROOT_EVENT_NAME_ACCORDION).length).toBe(3) // The event we just emitted
      |    ^ Duplicate Assert
  332 |     expect(rootWrapper.emitted(ROOT_EVENT_NAME_ACCORDION)[2][0]).toBe('nottest')
  333 |     expect(rootWrapper.emitted(ROOT_EVENT_NAME_ACCORDION)[2][1]).toBe('foo')
  334 |     expect(wrapper.element.style.display).toEqual('none')"
/home/gabriel/Disk/Research/research-javascript-test-smells/repositories/bootstrap-vue-dev/src/components/collapse/collapse.spec.js,Duplicate Assert,"{'line': 334, 'column': 4, 'index': 12625}","  332 |     expect(rootWrapper.emitted(ROOT_EVENT_NAME_ACCORDION)[2][0]).toBe('nottest')
  333 |     expect(rootWrapper.emitted(ROOT_EVENT_NAME_ACCORDION)[2][1]).toBe('foo')
> 334 |     expect(wrapper.element.style.display).toEqual('none')
      |    ^ Duplicate Assert
  335 |
  336 |     // Toggling this closed collapse emits accordion event
  337 |     wrapper.vm.$root.$emit(ROOT_ACTION_EVENT_NAME_TOGGLE, 'test')"
/home/gabriel/Disk/Research/research-javascript-test-smells/repositories/bootstrap-vue-dev/src/components/collapse/collapse.spec.js,Duplicate Assert,"{'line': 334, 'column': 4, 'index': 12625}","  332 |     expect(rootWrapper.emitted(ROOT_EVENT_NAME_ACCORDION)[2][0]).toBe('nottest')
  333 |     expect(rootWrapper.emitted(ROOT_EVENT_NAME_ACCORDION)[2][1]).toBe('foo')
> 334 |     expect(wrapper.element.style.display).toEqual('none')
      |    ^ Duplicate Assert
  335 |
  336 |     // Toggling this closed collapse emits accordion event
  337 |     wrapper.vm.$root.$emit(ROOT_ACTION_EVENT_NAME_TOGGLE, 'test')"
/home/gabriel/Disk/Research/research-javascript-test-smells/repositories/bootstrap-vue-dev/src/components/collapse/collapse.spec.js,Duplicate Assert,"{'line': 343, 'column': 4, 'index': 12908}","  341 |     await waitRAF()
  342 |
> 343 |     expect(wrapper.emitted('input').length).toBe(3)
      |    ^ Duplicate Assert
  344 |     expect(wrapper.emitted('input')[2][0]).toBe(true)
  345 |     expect(rootWrapper.emitted(ROOT_EVENT_NAME_STATE).length).toBe(3)
  346 |     expect(rootWrapper.emitted(ROOT_EVENT_NAME_STATE)[2][0]).toBe('test') // ID"
/home/gabriel/Disk/Research/research-javascript-test-smells/repositories/bootstrap-vue-dev/src/components/collapse/collapse.spec.js,Duplicate Assert,"{'line': 345, 'column': 4, 'index': 13014}","  343 |     expect(wrapper.emitted('input').length).toBe(3)
  344 |     expect(wrapper.emitted('input')[2][0]).toBe(true)
> 345 |     expect(rootWrapper.emitted(ROOT_EVENT_NAME_STATE).length).toBe(3)
      |    ^ Duplicate Assert
  346 |     expect(rootWrapper.emitted(ROOT_EVENT_NAME_STATE)[2][0]).toBe('test') // ID
  347 |     expect(rootWrapper.emitted(ROOT_EVENT_NAME_STATE)[2][1]).toBe(true) // Visible state
  348 |     expect(rootWrapper.emitted(ROOT_EVENT_NAME_ACCORDION).length).toBe(4) // The event emitted by collapse"
/home/gabriel/Disk/Research/research-javascript-test-smells/repositories/bootstrap-vue-dev/src/components/collapse/collapse.spec.js,Duplicate Assert,"{'line': 348, 'column': 4, 'index': 13253}","  346 |     expect(rootWrapper.emitted(ROOT_EVENT_NAME_STATE)[2][0]).toBe('test') // ID
  347 |     expect(rootWrapper.emitted(ROOT_EVENT_NAME_STATE)[2][1]).toBe(true) // Visible state
> 348 |     expect(rootWrapper.emitted(ROOT_EVENT_NAME_ACCORDION).length).toBe(4) // The event emitted by collapse
      |    ^ Duplicate Assert
  349 |     expect(rootWrapper.emitted(ROOT_EVENT_NAME_ACCORDION)[3][0]).toBe('test')
  350 |     expect(rootWrapper.emitted(ROOT_EVENT_NAME_ACCORDION)[3][1]).toBe('foo')
  351 |     expect(wrapper.element.style.display).toEqual('')"
/home/gabriel/Disk/Research/research-javascript-test-smells/repositories/bootstrap-vue-dev/src/components/collapse/collapse.spec.js,Duplicate Assert,"{'line': 351, 'column': 4, 'index': 13515}","  349 |     expect(rootWrapper.emitted(ROOT_EVENT_NAME_ACCORDION)[3][0]).toBe('test')
  350 |     expect(rootWrapper.emitted(ROOT_EVENT_NAME_ACCORDION)[3][1]).toBe('foo')
> 351 |     expect(wrapper.element.style.display).toEqual('')
      |    ^ Duplicate Assert
  352 |
  353 |     // Toggling this open collapse to be closed
  354 |     wrapper.vm.$root.$emit(ROOT_ACTION_EVENT_NAME_TOGGLE, 'test')"
/home/gabriel/Disk/Research/research-javascript-test-smells/repositories/bootstrap-vue-dev/src/components/collapse/collapse.spec.js,Duplicate Assert,"{'line': 351, 'column': 4, 'index': 13515}","  349 |     expect(rootWrapper.emitted(ROOT_EVENT_NAME_ACCORDION)[3][0]).toBe('test')
  350 |     expect(rootWrapper.emitted(ROOT_EVENT_NAME_ACCORDION)[3][1]).toBe('foo')
> 351 |     expect(wrapper.element.style.display).toEqual('')
      |    ^ Duplicate Assert
  352 |
  353 |     // Toggling this open collapse to be closed
  354 |     wrapper.vm.$root.$emit(ROOT_ACTION_EVENT_NAME_TOGGLE, 'test')"
/home/gabriel/Disk/Research/research-javascript-test-smells/repositories/bootstrap-vue-dev/src/components/collapse/collapse.spec.js,Duplicate Assert,"{'line': 359, 'column': 4, 'index': 13782}","  357 |     await waitNT(wrapper.vm)
  358 |     await waitRAF()
> 359 |     expect(wrapper.element.style.display).toEqual('none')
      |    ^ Duplicate Assert
  360 |
  361 |     // Should respond to accordion events targeting this ID when closed
  362 |     wrapper.vm.$root.$emit(ROOT_EVENT_NAME_ACCORDION, 'test', 'foo')"
/home/gabriel/Disk/Research/research-javascript-test-smells/repositories/bootstrap-vue-dev/src/components/collapse/collapse.spec.js,Duplicate Assert,"{'line': 359, 'column': 4, 'index': 13782}","  357 |     await waitNT(wrapper.vm)
  358 |     await waitRAF()
> 359 |     expect(wrapper.element.style.display).toEqual('none')
      |    ^ Duplicate Assert
  360 |
  361 |     // Should respond to accordion events targeting this ID when closed
  362 |     wrapper.vm.$root.$emit(ROOT_EVENT_NAME_ACCORDION, 'test', 'foo')"
/home/gabriel/Disk/Research/research-javascript-test-smells/repositories/bootstrap-vue-dev/src/components/collapse/collapse.spec.js,Duplicate Assert,"{'line': 367, 'column': 4, 'index': 14080}","  365 |     await waitNT(wrapper.vm)
  366 |     await waitRAF()
> 367 |     expect(wrapper.element.style.display).toEqual('')
      |    ^ Duplicate Assert
  368 |
  369 |     wrapper.destroy()
  370 |   })"
/home/gabriel/Disk/Research/research-javascript-test-smells/repositories/bootstrap-vue-dev/src/components/collapse/collapse.spec.js,Duplicate Assert,"{'line': 367, 'column': 4, 'index': 14080}","  365 |     await waitNT(wrapper.vm)
  366 |     await waitRAF()
> 367 |     expect(wrapper.element.style.display).toEqual('')
      |    ^ Duplicate Assert
  368 |
  369 |     wrapper.destroy()
  370 |   })"
/home/gabriel/Disk/Research/research-javascript-test-smells/repositories/bootstrap-vue-dev/src/components/collapse/collapse.spec.js,Duplicate Assert,"{'line': 408, 'column': 4, 'index': 15238}","  406 |     await waitRAF()
  407 |
> 408 |     expect($collapse.classes()).toContain('show')
      |    ^ Duplicate Assert
  409 |     expect($collapse.element.style.display).toEqual('')
  410 |     expect($collapse.find('.nav-link').exists()).toBe(true)
  411 |"
/home/gabriel/Disk/Research/research-javascript-test-smells/repositories/bootstrap-vue-dev/src/components/collapse/collapse.spec.js,Duplicate Assert,"{'line': 409, 'column': 4, 'index': 15288}","  407 |
  408 |     expect($collapse.classes()).toContain('show')
> 409 |     expect($collapse.element.style.display).toEqual('')
      |    ^ Duplicate Assert
  410 |     expect($collapse.find('.nav-link').exists()).toBe(true)
  411 |
  412 |     // Click on link"
/home/gabriel/Disk/Research/research-javascript-test-smells/repositories/bootstrap-vue-dev/src/components/collapse/collapse.spec.js,Duplicate Assert,"{'line': 416, 'column': 4, 'index': 15519}","  414 |     await waitRAF()
  415 |     await waitRAF()
> 416 |     expect($collapse.classes()).not.toContain('show')
      |    ^ Duplicate Assert
  417 |     expect($collapse.element.style.display).toEqual('none')
  418 |
  419 |     wrapper.destroy()"
/home/gabriel/Disk/Research/research-javascript-test-smells/repositories/bootstrap-vue-dev/src/components/collapse/collapse.spec.js,Duplicate Assert,"{'line': 417, 'column': 4, 'index': 15573}","  415 |     await waitRAF()
  416 |     expect($collapse.classes()).not.toContain('show')
> 417 |     expect($collapse.element.style.display).toEqual('none')
      |    ^ Duplicate Assert
  418 |
  419 |     wrapper.destroy()
  420 |   })"
/home/gabriel/Disk/Research/research-javascript-test-smells/repositories/bootstrap-vue-dev/src/components/collapse/collapse.spec.js,Duplicate Assert,"{'line': 464, 'column': 4, 'index': 16964}","  462 |     await waitRAF()
  463 |
> 464 |     expect($collapse.classes()).toContain('show')
      |    ^ Duplicate Assert
  465 |     expect($collapse.element.style.display).toEqual('')
  466 |     expect($collapse.find('.nav-link').exists()).toBe(true)
  467 |"
/home/gabriel/Disk/Research/research-javascript-test-smells/repositories/bootstrap-vue-dev/src/components/collapse/collapse.spec.js,Duplicate Assert,"{'line': 464, 'column': 4, 'index': 16964}","  462 |     await waitRAF()
  463 |
> 464 |     expect($collapse.classes()).toContain('show')
      |    ^ Duplicate Assert
  465 |     expect($collapse.element.style.display).toEqual('')
  466 |     expect($collapse.find('.nav-link').exists()).toBe(true)
  467 |"
/home/gabriel/Disk/Research/research-javascript-test-smells/repositories/bootstrap-vue-dev/src/components/collapse/collapse.spec.js,Duplicate Assert,"{'line': 465, 'column': 4, 'index': 17014}","  463 |
  464 |     expect($collapse.classes()).toContain('show')
> 465 |     expect($collapse.element.style.display).toEqual('')
      |    ^ Duplicate Assert
  466 |     expect($collapse.find('.nav-link').exists()).toBe(true)
  467 |
  468 |     // Click on link"
/home/gabriel/Disk/Research/research-javascript-test-smells/repositories/bootstrap-vue-dev/src/components/collapse/collapse.spec.js,Duplicate Assert,"{'line': 465, 'column': 4, 'index': 17014}","  463 |
  464 |     expect($collapse.classes()).toContain('show')
> 465 |     expect($collapse.element.style.display).toEqual('')
      |    ^ Duplicate Assert
  466 |     expect($collapse.find('.nav-link').exists()).toBe(true)
  467 |
  468 |     // Click on link"
/home/gabriel/Disk/Research/research-javascript-test-smells/repositories/bootstrap-vue-dev/src/components/collapse/collapse.spec.js,Duplicate Assert,"{'line': 472, 'column': 4, 'index': 17245}","  470 |     await waitRAF()
  471 |     await waitRAF()
> 472 |     expect($collapse.classes()).toContain('show')
      |    ^ Duplicate Assert
  473 |     expect($collapse.element.style.display).toEqual('')
  474 |
  475 |     wrapper.destroy()"
/home/gabriel/Disk/Research/research-javascript-test-smells/repositories/bootstrap-vue-dev/src/components/collapse/collapse.spec.js,Duplicate Assert,"{'line': 472, 'column': 4, 'index': 17245}","  470 |     await waitRAF()
  471 |     await waitRAF()
> 472 |     expect($collapse.classes()).toContain('show')
      |    ^ Duplicate Assert
  473 |     expect($collapse.element.style.display).toEqual('')
  474 |
  475 |     wrapper.destroy()"
/home/gabriel/Disk/Research/research-javascript-test-smells/repositories/bootstrap-vue-dev/src/components/collapse/collapse.spec.js,Duplicate Assert,"{'line': 473, 'column': 4, 'index': 17295}","  471 |     await waitRAF()
  472 |     expect($collapse.classes()).toContain('show')
> 473 |     expect($collapse.element.style.display).toEqual('')
      |    ^ Duplicate Assert
  474 |
  475 |     wrapper.destroy()
  476 |   })"
/home/gabriel/Disk/Research/research-javascript-test-smells/repositories/bootstrap-vue-dev/src/components/collapse/collapse.spec.js,Duplicate Assert,"{'line': 473, 'column': 4, 'index': 17295}","  471 |     await waitRAF()
  472 |     expect($collapse.classes()).toContain('show')
> 473 |     expect($collapse.element.style.display).toEqual('')
      |    ^ Duplicate Assert
  474 |
  475 |     wrapper.destroy()
  476 |   })"
/home/gabriel/Disk/Research/research-javascript-test-smells/repositories/bootstrap-vue-dev/src/components/collapse/collapse.spec.js,Duplicate Assert,"{'line': 493, 'column': 4, 'index': 17829}","  491 |     await waitNT(wrapper.vm)
  492 |     await waitRAF()
> 493 |     expect(wrapper.classes()).not.toContain('show')
      |    ^ Duplicate Assert
  494 |     expect(wrapper.element.style.display).toEqual('none')
  495 |
  496 |     // Emit root event with different ID"
/home/gabriel/Disk/Research/research-javascript-test-smells/repositories/bootstrap-vue-dev/src/components/collapse/collapse.spec.js,Duplicate Assert,"{'line': 493, 'column': 4, 'index': 17829}","  491 |     await waitNT(wrapper.vm)
  492 |     await waitRAF()
> 493 |     expect(wrapper.classes()).not.toContain('show')
      |    ^ Duplicate Assert
  494 |     expect(wrapper.element.style.display).toEqual('none')
  495 |
  496 |     // Emit root event with different ID"
/home/gabriel/Disk/Research/research-javascript-test-smells/repositories/bootstrap-vue-dev/src/components/collapse/collapse.spec.js,Duplicate Assert,"{'line': 494, 'column': 4, 'index': 17881}","  492 |     await waitRAF()
  493 |     expect(wrapper.classes()).not.toContain('show')
> 494 |     expect(wrapper.element.style.display).toEqual('none')
      |    ^ Duplicate Assert
  495 |
  496 |     // Emit root event with different ID
  497 |     wrapper.vm.$root.$emit(ROOT_ACTION_EVENT_NAME_TOGGLE, 'not-test')"
/home/gabriel/Disk/Research/research-javascript-test-smells/repositories/bootstrap-vue-dev/src/components/collapse/collapse.spec.js,Duplicate Assert,"{'line': 494, 'column': 4, 'index': 17881}","  492 |     await waitRAF()
  493 |     expect(wrapper.classes()).not.toContain('show')
> 494 |     expect(wrapper.element.style.display).toEqual('none')
      |    ^ Duplicate Assert
  495 |
  496 |     // Emit root event with different ID
  497 |     wrapper.vm.$root.$emit(ROOT_ACTION_EVENT_NAME_TOGGLE, 'not-test')"
/home/gabriel/Disk/Research/research-javascript-test-smells/repositories/bootstrap-vue-dev/src/components/collapse/collapse.spec.js,Duplicate Assert,"{'line': 502, 'column': 4, 'index': 18149}","  500 |     await waitNT(wrapper.vm)
  501 |     await waitRAF()
> 502 |     expect(wrapper.classes()).not.toContain('show')
      |    ^ Duplicate Assert
  503 |     expect(wrapper.element.style.display).toEqual('none')
  504 |
  505 |     wrapper.destroy()"
/home/gabriel/Disk/Research/research-javascript-test-smells/repositories/bootstrap-vue-dev/src/components/collapse/collapse.spec.js,Duplicate Assert,"{'line': 502, 'column': 4, 'index': 18149}","  500 |     await waitNT(wrapper.vm)
  501 |     await waitRAF()
> 502 |     expect(wrapper.classes()).not.toContain('show')
      |    ^ Duplicate Assert
  503 |     expect(wrapper.element.style.display).toEqual('none')
  504 |
  505 |     wrapper.destroy()"
/home/gabriel/Disk/Research/research-javascript-test-smells/repositories/bootstrap-vue-dev/src/components/collapse/collapse.spec.js,Duplicate Assert,"{'line': 503, 'column': 4, 'index': 18201}","  501 |     await waitRAF()
  502 |     expect(wrapper.classes()).not.toContain('show')
> 503 |     expect(wrapper.element.style.display).toEqual('none')
      |    ^ Duplicate Assert
  504 |
  505 |     wrapper.destroy()
  506 |   })"
/home/gabriel/Disk/Research/research-javascript-test-smells/repositories/bootstrap-vue-dev/src/components/collapse/collapse.spec.js,Duplicate Assert,"{'line': 503, 'column': 4, 'index': 18201}","  501 |     await waitRAF()
  502 |     expect(wrapper.classes()).not.toContain('show')
> 503 |     expect(wrapper.element.style.display).toEqual('none')
      |    ^ Duplicate Assert
  504 |
  505 |     wrapper.destroy()
  506 |   })"
/home/gabriel/Disk/Research/research-javascript-test-smells/repositories/bootstrap-vue-dev/src/components/collapse/collapse.spec.js,Duplicate Assert,"{'line': 537, 'column': 4, 'index': 19476}","  535 |     expect(rootWrapper.emitted(ROOT_EVENT_NAME_STATE)[0][0]).toBe('test') // ID
  536 |     expect(rootWrapper.emitted(ROOT_EVENT_NAME_STATE)[0][1]).toBe(true) // Visible state
> 537 |     expect(rootWrapper.emitted(ROOT_EVENT_NAME_SYNC_STATE)).toBeUndefined()
      |    ^ Duplicate Assert
  538 |
  539 |     expect(scope).not.toBe(null)
  540 |     expect(scope.visible).toBe(true)"
/home/gabriel/Disk/Research/research-javascript-test-smells/repositories/bootstrap-vue-dev/src/components/collapse/collapse.spec.js,Duplicate Assert,"{'line': 539, 'column': 4, 'index': 19553}","  537 |     expect(rootWrapper.emitted(ROOT_EVENT_NAME_SYNC_STATE)).toBeUndefined()
  538 |
> 539 |     expect(scope).not.toBe(null)
      |    ^ Duplicate Assert
  540 |     expect(scope.visible).toBe(true)
  541 |     expect(typeof scope.close).toBe('function')
  542 |"
/home/gabriel/Disk/Research/research-javascript-test-smells/repositories/bootstrap-vue-dev/src/components/collapse/collapse.spec.js,Duplicate Assert,"{'line': 539, 'column': 4, 'index': 19553}","  537 |     expect(rootWrapper.emitted(ROOT_EVENT_NAME_SYNC_STATE)).toBeUndefined()
  538 |
> 539 |     expect(scope).not.toBe(null)
      |    ^ Duplicate Assert
  540 |     expect(scope.visible).toBe(true)
  541 |     expect(typeof scope.close).toBe('function')
  542 |"
/home/gabriel/Disk/Research/research-javascript-test-smells/repositories/bootstrap-vue-dev/src/components/collapse/collapse.spec.js,Duplicate Assert,"{'line': 540, 'column': 4, 'index': 19586}","  538 |
  539 |     expect(scope).not.toBe(null)
> 540 |     expect(scope.visible).toBe(true)
      |    ^ Duplicate Assert
  541 |     expect(typeof scope.close).toBe('function')
  542 |
  543 |     scope.close()"
/home/gabriel/Disk/Research/research-javascript-test-smells/repositories/bootstrap-vue-dev/src/components/collapse/collapse.spec.js,Duplicate Assert,"{'line': 541, 'column': 4, 'index': 19623}","  539 |     expect(scope).not.toBe(null)
  540 |     expect(scope.visible).toBe(true)
> 541 |     expect(typeof scope.close).toBe('function')
      |    ^ Duplicate Assert
  542 |
  543 |     scope.close()
  544 |     await waitNT(wrapper.vm)"
/home/gabriel/Disk/Research/research-javascript-test-smells/repositories/bootstrap-vue-dev/src/components/collapse/collapse.spec.js,Duplicate Assert,"{'line': 541, 'column': 4, 'index': 19623}","  539 |     expect(scope).not.toBe(null)
  540 |     expect(scope.visible).toBe(true)
> 541 |     expect(typeof scope.close).toBe('function')
      |    ^ Duplicate Assert
  542 |
  543 |     scope.close()
  544 |     await waitNT(wrapper.vm)"
/home/gabriel/Disk/Research/research-javascript-test-smells/repositories/bootstrap-vue-dev/src/components/collapse/collapse.spec.js,Duplicate Assert,"{'line': 547, 'column': 4, 'index': 19740}","  545 |     await waitRAF()
  546 |
> 547 |     expect(rootWrapper.emitted(ROOT_EVENT_NAME_SYNC_STATE)).toBeDefined()
      |    ^ Duplicate Assert
  548 |     expect(rootWrapper.emitted(ROOT_EVENT_NAME_SYNC_STATE).length).toBe(2)
  549 |     expect(rootWrapper.emitted(ROOT_EVENT_NAME_SYNC_STATE)[1][0]).toBe('test') // ID
  550 |     expect(rootWrapper.emitted(ROOT_EVENT_NAME_SYNC_STATE)[1][1]).toBe(false) // Visible state"
/home/gabriel/Disk/Research/research-javascript-test-smells/repositories/bootstrap-vue-dev/src/components/collapse/collapse.spec.js,Duplicate Assert,"{'line': 552, 'column': 4, 'index': 20070}","  550 |     expect(rootWrapper.emitted(ROOT_EVENT_NAME_SYNC_STATE)[1][1]).toBe(false) // Visible state
  551 |
> 552 |     expect(scope).not.toBe(null)
      |    ^ Duplicate Assert
  553 |     expect(scope.visible).toBe(false)
  554 |     expect(typeof scope.close).toBe('function')
  555 |"
/home/gabriel/Disk/Research/research-javascript-test-smells/repositories/bootstrap-vue-dev/src/components/collapse/collapse.spec.js,Duplicate Assert,"{'line': 552, 'column': 4, 'index': 20070}","  550 |     expect(rootWrapper.emitted(ROOT_EVENT_NAME_SYNC_STATE)[1][1]).toBe(false) // Visible state
  551 |
> 552 |     expect(scope).not.toBe(null)
      |    ^ Duplicate Assert
  553 |     expect(scope.visible).toBe(false)
  554 |     expect(typeof scope.close).toBe('function')
  555 |"
/home/gabriel/Disk/Research/research-javascript-test-smells/repositories/bootstrap-vue-dev/src/components/collapse/collapse.spec.js,Duplicate Assert,"{'line': 553, 'column': 4, 'index': 20103}","  551 |
  552 |     expect(scope).not.toBe(null)
> 553 |     expect(scope.visible).toBe(false)
      |    ^ Duplicate Assert
  554 |     expect(typeof scope.close).toBe('function')
  555 |
  556 |     wrapper.destroy()"
/home/gabriel/Disk/Research/research-javascript-test-smells/repositories/bootstrap-vue-dev/src/components/collapse/collapse.spec.js,Duplicate Assert,"{'line': 554, 'column': 4, 'index': 20141}","  552 |     expect(scope).not.toBe(null)
  553 |     expect(scope.visible).toBe(false)
> 554 |     expect(typeof scope.close).toBe('function')
      |    ^ Duplicate Assert
  555 |
  556 |     wrapper.destroy()
  557 |   })"
/home/gabriel/Disk/Research/research-javascript-test-smells/repositories/bootstrap-vue-dev/src/components/collapse/collapse.spec.js,Duplicate Assert,"{'line': 554, 'column': 4, 'index': 20141}","  552 |     expect(scope).not.toBe(null)
  553 |     expect(scope.visible).toBe(false)
> 554 |     expect(typeof scope.close).toBe('function')
      |    ^ Duplicate Assert
  555 |
  556 |     wrapper.destroy()
  557 |   })"
/home/gabriel/Disk/Research/research-javascript-test-smells/repositories/bootstrap-vue-dev/src/components/collapse/collapse.spec.js,Magic Number,"{'line': 151, 'column': 49, 'index': 4827}","  149 |     expect(wrapper.emitted('show')).toBeUndefined()
  150 |     expect(wrapper.emitted('input')).toBeDefined()
> 151 |     expect(wrapper.emitted('input').length).toBe(1)
      |                                                 ^ Magic Number
  152 |     expect(wrapper.emitted('input')[0][0]).toBe(false)
  153 |     expect(rootWrapper.emitted(ROOT_EVENT_NAME_ACCORDION)).toBeUndefined()
  154 |     expect(rootWrapper.emitted(ROOT_EVENT_NAME_STATE)).toBeDefined()"
/home/gabriel/Disk/Research/research-javascript-test-smells/repositories/bootstrap-vue-dev/src/components/collapse/collapse.spec.js,Magic Number,"{'line': 155, 'column': 67, 'index': 5096}","  153 |     expect(rootWrapper.emitted(ROOT_EVENT_NAME_ACCORDION)).toBeUndefined()
  154 |     expect(rootWrapper.emitted(ROOT_EVENT_NAME_STATE)).toBeDefined()
> 155 |     expect(rootWrapper.emitted(ROOT_EVENT_NAME_STATE).length).toBe(1)
      |                                                                   ^ Magic Number
  156 |     expect(rootWrapper.emitted(ROOT_EVENT_NAME_STATE)[0][0]).toBe('test') // ID
  157 |     expect(rootWrapper.emitted(ROOT_EVENT_NAME_STATE)[0][1]).toBe(false) // Visible state
  158 |     expect(wrapper.element.style.display).toEqual('none')"
/home/gabriel/Disk/Research/research-javascript-test-smells/repositories/bootstrap-vue-dev/src/components/collapse/collapse.spec.js,Magic Number,"{'line': 180, 'column': 49, 'index': 5973}","  178 |     expect(wrapper.emitted('show')).toBeUndefined() // Does not emit show when initially visible
  179 |     expect(wrapper.emitted('input')).toBeDefined()
> 180 |     expect(wrapper.emitted('input').length).toBe(1)
      |                                                 ^ Magic Number
  181 |     expect(wrapper.emitted('input')[0][0]).toBe(true)
  182 |     expect(rootWrapper.emitted(ROOT_EVENT_NAME_ACCORDION)).toBeUndefined()
  183 |     expect(rootWrapper.emitted(ROOT_EVENT_NAME_STATE)).toBeDefined()"
/home/gabriel/Disk/Research/research-javascript-test-smells/repositories/bootstrap-vue-dev/src/components/collapse/collapse.spec.js,Magic Number,"{'line': 184, 'column': 67, 'index': 6241}","  182 |     expect(rootWrapper.emitted(ROOT_EVENT_NAME_ACCORDION)).toBeUndefined()
  183 |     expect(rootWrapper.emitted(ROOT_EVENT_NAME_STATE)).toBeDefined()
> 184 |     expect(rootWrapper.emitted(ROOT_EVENT_NAME_STATE).length).toBe(1)
      |                                                                   ^ Magic Number
  185 |     expect(rootWrapper.emitted(ROOT_EVENT_NAME_STATE)[0][0]).toBe('test') // ID
  186 |     expect(rootWrapper.emitted(ROOT_EVENT_NAME_STATE)[0][1]).toBe(true) // Visible state
  187 |     expect(wrapper.element.style.display).toEqual('')"
/home/gabriel/Disk/Research/research-javascript-test-smells/repositories/bootstrap-vue-dev/src/components/collapse/collapse.spec.js,Magic Number,"{'line': 210, 'column': 49, 'index': 7154}","  208 |     expect(wrapper.emitted('show')).toBeUndefined() // Does not emit show when initially visible
  209 |     expect(wrapper.emitted('input')).toBeDefined()
> 210 |     expect(wrapper.emitted('input').length).toBe(1)
      |                                                 ^ Magic Number
  211 |     expect(wrapper.emitted('input')[0][0]).toBe(true)
  212 |     expect(rootWrapper.emitted(ROOT_EVENT_NAME_ACCORDION)).toBeUndefined()
  213 |     expect(rootWrapper.emitted(ROOT_EVENT_NAME_STATE)).toBeDefined()"
/home/gabriel/Disk/Research/research-javascript-test-smells/repositories/bootstrap-vue-dev/src/components/collapse/collapse.spec.js,Magic Number,"{'line': 214, 'column': 67, 'index': 7422}","  212 |     expect(rootWrapper.emitted(ROOT_EVENT_NAME_ACCORDION)).toBeUndefined()
  213 |     expect(rootWrapper.emitted(ROOT_EVENT_NAME_STATE)).toBeDefined()
> 214 |     expect(rootWrapper.emitted(ROOT_EVENT_NAME_STATE).length).toBe(1)
      |                                                                   ^ Magic Number
  215 |     expect(rootWrapper.emitted(ROOT_EVENT_NAME_STATE)[0][0]).toBe('test') // ID
  216 |     expect(rootWrapper.emitted(ROOT_EVENT_NAME_STATE)[0][1]).toBe(true) // Visible state
  217 |     expect(rootWrapper.emitted(ROOT_EVENT_NAME_SYNC_STATE)).toBeUndefined()"
/home/gabriel/Disk/Research/research-javascript-test-smells/repositories/bootstrap-vue-dev/src/components/collapse/collapse.spec.js,Magic Number,"{'line': 223, 'column': 72, 'index': 7943}","  221 |     await waitRAF()
  222 |     expect(rootWrapper.emitted(ROOT_EVENT_NAME_SYNC_STATE)).toBeDefined()
> 223 |     expect(rootWrapper.emitted(ROOT_EVENT_NAME_SYNC_STATE).length).toBe(1)
      |                                                                        ^ Magic Number
  224 |     expect(rootWrapper.emitted(ROOT_EVENT_NAME_SYNC_STATE)[0][0]).toBe('test') // ID
  225 |     expect(rootWrapper.emitted(ROOT_EVENT_NAME_SYNC_STATE)[0][1]).toBe(true) // Visible state
  226 |"
/home/gabriel/Disk/Research/research-javascript-test-smells/repositories/bootstrap-vue-dev/src/components/collapse/collapse.spec.js,Magic Number,"{'line': 248, 'column': 49, 'index': 8728}","  246 |     expect(wrapper.emitted('show')).toBeUndefined()
  247 |     expect(wrapper.emitted('input')).toBeDefined()
> 248 |     expect(wrapper.emitted('input').length).toBe(1)
      |                                                 ^ Magic Number
  249 |     expect(wrapper.emitted('input')[0][0]).toBe(false)
  250 |     expect(rootWrapper.emitted(ROOT_EVENT_NAME_STATE)).toBeDefined()
  251 |     expect(rootWrapper.emitted(ROOT_EVENT_NAME_STATE).length).toBe(1)"
/home/gabriel/Disk/Research/research-javascript-test-smells/repositories/bootstrap-vue-dev/src/components/collapse/collapse.spec.js,Magic Number,"{'line': 251, 'column': 67, 'index': 8922}","  249 |     expect(wrapper.emitted('input')[0][0]).toBe(false)
  250 |     expect(rootWrapper.emitted(ROOT_EVENT_NAME_STATE)).toBeDefined()
> 251 |     expect(rootWrapper.emitted(ROOT_EVENT_NAME_STATE).length).toBe(1)
      |                                                                   ^ Magic Number
  252 |     expect(rootWrapper.emitted(ROOT_EVENT_NAME_STATE)[0][0]).toBe('test') // ID
  253 |     expect(rootWrapper.emitted(ROOT_EVENT_NAME_STATE)[0][1]).toBe(false) // Visible state
  254 |     expect(wrapper.element.style.display).toEqual('none')"
/home/gabriel/Disk/Research/research-javascript-test-smells/repositories/bootstrap-vue-dev/src/components/collapse/collapse.spec.js,Magic Number,"{'line': 264, 'column': 48, 'index': 9385}","  262 |
  263 |     expect(wrapper.emitted('show')).toBeDefined()
> 264 |     expect(wrapper.emitted('show').length).toBe(1)
      |                                                ^ Magic Number
  265 |     expect(wrapper.emitted('input').length).toBe(2)
  266 |     expect(wrapper.emitted('input')[1][0]).toBe(true)
  267 |     expect(rootWrapper.emitted(ROOT_EVENT_NAME_STATE).length).toBe(2)"
/home/gabriel/Disk/Research/research-javascript-test-smells/repositories/bootstrap-vue-dev/src/components/collapse/collapse.spec.js,Magic Number,"{'line': 265, 'column': 49, 'index': 9437}","  263 |     expect(wrapper.emitted('show')).toBeDefined()
  264 |     expect(wrapper.emitted('show').length).toBe(1)
> 265 |     expect(wrapper.emitted('input').length).toBe(2)
      |                                                 ^ Magic Number
  266 |     expect(wrapper.emitted('input')[1][0]).toBe(true)
  267 |     expect(rootWrapper.emitted(ROOT_EVENT_NAME_STATE).length).toBe(2)
  268 |     expect(rootWrapper.emitted(ROOT_EVENT_NAME_STATE)[1][0]).toBe('test') // ID"
/home/gabriel/Disk/Research/research-javascript-test-smells/repositories/bootstrap-vue-dev/src/components/collapse/collapse.spec.js,Magic Number,"{'line': 267, 'column': 67, 'index': 9561}","  265 |     expect(wrapper.emitted('input').length).toBe(2)
  266 |     expect(wrapper.emitted('input')[1][0]).toBe(true)
> 267 |     expect(rootWrapper.emitted(ROOT_EVENT_NAME_STATE).length).toBe(2)
      |                                                                   ^ Magic Number
  268 |     expect(rootWrapper.emitted(ROOT_EVENT_NAME_STATE)[1][0]).toBe('test') // ID
  269 |     expect(rootWrapper.emitted(ROOT_EVENT_NAME_STATE)[1][1]).toBe(true) // Visible state
  270 |     expect(wrapper.element.style.display).toEqual('')"
/home/gabriel/Disk/Research/research-javascript-test-smells/repositories/bootstrap-vue-dev/src/components/collapse/collapse.spec.js,Magic Number,"{'line': 295, 'column': 49, 'index': 10453}","  293 |     expect(wrapper.emitted('show')).toBeUndefined()
  294 |     expect(wrapper.emitted('input')).toBeDefined()
> 295 |     expect(wrapper.emitted('input').length).toBe(1)
      |                                                 ^ Magic Number
  296 |     expect(wrapper.emitted('input')[0][0]).toBe(true)
  297 |     expect(rootWrapper.emitted(ROOT_EVENT_NAME_STATE)).toBeDefined()
  298 |     expect(rootWrapper.emitted(ROOT_EVENT_NAME_STATE).length).toBe(1)"
/home/gabriel/Disk/Research/research-javascript-test-smells/repositories/bootstrap-vue-dev/src/components/collapse/collapse.spec.js,Magic Number,"{'line': 298, 'column': 67, 'index': 10646}","  296 |     expect(wrapper.emitted('input')[0][0]).toBe(true)
  297 |     expect(rootWrapper.emitted(ROOT_EVENT_NAME_STATE)).toBeDefined()
> 298 |     expect(rootWrapper.emitted(ROOT_EVENT_NAME_STATE).length).toBe(1)
      |                                                                   ^ Magic Number
  299 |     expect(rootWrapper.emitted(ROOT_EVENT_NAME_STATE)[0][0]).toBe('test') // ID
  300 |     expect(rootWrapper.emitted(ROOT_EVENT_NAME_STATE)[0][1]).toBe(true) // Visible state
  301 |     expect(rootWrapper.emitted(ROOT_EVENT_NAME_ACCORDION)).toBeDefined()"
/home/gabriel/Disk/Research/research-javascript-test-smells/repositories/bootstrap-vue-dev/src/components/collapse/collapse.spec.js,Magic Number,"{'line': 302, 'column': 71, 'index': 10962}","  300 |     expect(rootWrapper.emitted(ROOT_EVENT_NAME_STATE)[0][1]).toBe(true) // Visible state
  301 |     expect(rootWrapper.emitted(ROOT_EVENT_NAME_ACCORDION)).toBeDefined()
> 302 |     expect(rootWrapper.emitted(ROOT_EVENT_NAME_ACCORDION).length).toBe(1)
      |                                                                       ^ Magic Number
  303 |     expect(rootWrapper.emitted(ROOT_EVENT_NAME_ACCORDION)[0][0]).toBe('test')
  304 |     expect(rootWrapper.emitted(ROOT_EVENT_NAME_ACCORDION)[0][1]).toBe('foo')
  305 |"
/home/gabriel/Disk/Research/research-javascript-test-smells/repositories/bootstrap-vue-dev/src/components/collapse/collapse.spec.js,Magic Number,"{'line': 311, 'column': 49, 'index': 11360}","  309 |     await waitRAF()
  310 |
> 311 |     expect(wrapper.emitted('input').length).toBe(1)
      |                                                 ^ Magic Number
  312 |     expect(wrapper.emitted('input')[0][0]).toBe(true)
  313 |     expect(rootWrapper.emitted(ROOT_EVENT_NAME_STATE).length).toBe(1)
  314 |     expect(rootWrapper.emitted(ROOT_EVENT_NAME_ACCORDION).length).toBe(2) // The event we just emitted"
/home/gabriel/Disk/Research/research-javascript-test-smells/repositories/bootstrap-vue-dev/src/components/collapse/collapse.spec.js,Magic Number,"{'line': 313, 'column': 67, 'index': 11484}","  311 |     expect(wrapper.emitted('input').length).toBe(1)
  312 |     expect(wrapper.emitted('input')[0][0]).toBe(true)
> 313 |     expect(rootWrapper.emitted(ROOT_EVENT_NAME_STATE).length).toBe(1)
      |                                                                   ^ Magic Number
  314 |     expect(rootWrapper.emitted(ROOT_EVENT_NAME_ACCORDION).length).toBe(2) // The event we just emitted
  315 |     expect(rootWrapper.emitted(ROOT_EVENT_NAME_ACCORDION)[1][0]).toBe('test')
  316 |     expect(rootWrapper.emitted(ROOT_EVENT_NAME_ACCORDION)[1][1]).toBe('bar')"
/home/gabriel/Disk/Research/research-javascript-test-smells/repositories/bootstrap-vue-dev/src/components/collapse/collapse.spec.js,Magic Number,"{'line': 314, 'column': 71, 'index': 11558}","  312 |     expect(wrapper.emitted('input')[0][0]).toBe(true)
  313 |     expect(rootWrapper.emitted(ROOT_EVENT_NAME_STATE).length).toBe(1)
> 314 |     expect(rootWrapper.emitted(ROOT_EVENT_NAME_ACCORDION).length).toBe(2) // The event we just emitted
      |                                                                       ^ Magic Number
  315 |     expect(rootWrapper.emitted(ROOT_EVENT_NAME_ACCORDION)[1][0]).toBe('test')
  316 |     expect(rootWrapper.emitted(ROOT_EVENT_NAME_ACCORDION)[1][1]).toBe('bar')
  317 |     expect(wrapper.element.style.display).toEqual('')"
/home/gabriel/Disk/Research/research-javascript-test-smells/repositories/bootstrap-vue-dev/src/components/collapse/collapse.spec.js,Magic Number,"{'line': 326, 'column': 49, 'index': 12062}","  324 |     await waitRAF()
  325 |
> 326 |     expect(wrapper.emitted('input').length).toBe(2)
      |                                                 ^ Magic Number
  327 |     expect(wrapper.emitted('input')[1][0]).toBe(false)
  328 |     expect(rootWrapper.emitted(ROOT_EVENT_NAME_STATE).length).toBe(2)
  329 |     expect(rootWrapper.emitted(ROOT_EVENT_NAME_STATE)[1][0]).toBe('test') // ID"
/home/gabriel/Disk/Research/research-javascript-test-smells/repositories/bootstrap-vue-dev/src/components/collapse/collapse.spec.js,Magic Number,"{'line': 328, 'column': 67, 'index': 12187}","  326 |     expect(wrapper.emitted('input').length).toBe(2)
  327 |     expect(wrapper.emitted('input')[1][0]).toBe(false)
> 328 |     expect(rootWrapper.emitted(ROOT_EVENT_NAME_STATE).length).toBe(2)
      |                                                                   ^ Magic Number
  329 |     expect(rootWrapper.emitted(ROOT_EVENT_NAME_STATE)[1][0]).toBe('test') // ID
  330 |     expect(rootWrapper.emitted(ROOT_EVENT_NAME_STATE)[1][1]).toBe(false) // Visible state
  331 |     expect(rootWrapper.emitted(ROOT_EVENT_NAME_ACCORDION).length).toBe(3) // The event we just emitted"
/home/gabriel/Disk/Research/research-javascript-test-smells/repositories/bootstrap-vue-dev/src/components/collapse/collapse.spec.js,Magic Number,"{'line': 331, 'column': 71, 'index': 12431}","  329 |     expect(rootWrapper.emitted(ROOT_EVENT_NAME_STATE)[1][0]).toBe('test') // ID
  330 |     expect(rootWrapper.emitted(ROOT_EVENT_NAME_STATE)[1][1]).toBe(false) // Visible state
> 331 |     expect(rootWrapper.emitted(ROOT_EVENT_NAME_ACCORDION).length).toBe(3) // The event we just emitted
      |                                                                       ^ Magic Number
  332 |     expect(rootWrapper.emitted(ROOT_EVENT_NAME_ACCORDION)[2][0]).toBe('nottest')
  333 |     expect(rootWrapper.emitted(ROOT_EVENT_NAME_ACCORDION)[2][1]).toBe('foo')
  334 |     expect(wrapper.element.style.display).toEqual('none')"
/home/gabriel/Disk/Research/research-javascript-test-smells/repositories/bootstrap-vue-dev/src/components/collapse/collapse.spec.js,Magic Number,"{'line': 343, 'column': 49, 'index': 12953}","  341 |     await waitRAF()
  342 |
> 343 |     expect(wrapper.emitted('input').length).toBe(3)
      |                                                 ^ Magic Number
  344 |     expect(wrapper.emitted('input')[2][0]).toBe(true)
  345 |     expect(rootWrapper.emitted(ROOT_EVENT_NAME_STATE).length).toBe(3)
  346 |     expect(rootWrapper.emitted(ROOT_EVENT_NAME_STATE)[2][0]).toBe('test') // ID"
/home/gabriel/Disk/Research/research-javascript-test-smells/repositories/bootstrap-vue-dev/src/components/collapse/collapse.spec.js,Magic Number,"{'line': 345, 'column': 67, 'index': 13077}","  343 |     expect(wrapper.emitted('input').length).toBe(3)
  344 |     expect(wrapper.emitted('input')[2][0]).toBe(true)
> 345 |     expect(rootWrapper.emitted(ROOT_EVENT_NAME_STATE).length).toBe(3)
      |                                                                   ^ Magic Number
  346 |     expect(rootWrapper.emitted(ROOT_EVENT_NAME_STATE)[2][0]).toBe('test') // ID
  347 |     expect(rootWrapper.emitted(ROOT_EVENT_NAME_STATE)[2][1]).toBe(true) // Visible state
  348 |     expect(rootWrapper.emitted(ROOT_EVENT_NAME_ACCORDION).length).toBe(4) // The event emitted by collapse"
/home/gabriel/Disk/Research/research-javascript-test-smells/repositories/bootstrap-vue-dev/src/components/collapse/collapse.spec.js,Magic Number,"{'line': 348, 'column': 71, 'index': 13320}","  346 |     expect(rootWrapper.emitted(ROOT_EVENT_NAME_STATE)[2][0]).toBe('test') // ID
  347 |     expect(rootWrapper.emitted(ROOT_EVENT_NAME_STATE)[2][1]).toBe(true) // Visible state
> 348 |     expect(rootWrapper.emitted(ROOT_EVENT_NAME_ACCORDION).length).toBe(4) // The event emitted by collapse
      |                                                                       ^ Magic Number
  349 |     expect(rootWrapper.emitted(ROOT_EVENT_NAME_ACCORDION)[3][0]).toBe('test')
  350 |     expect(rootWrapper.emitted(ROOT_EVENT_NAME_ACCORDION)[3][1]).toBe('foo')
  351 |     expect(wrapper.element.style.display).toEqual('')"
/home/gabriel/Disk/Research/research-javascript-test-smells/repositories/bootstrap-vue-dev/src/components/collapse/collapse.spec.js,Magic Number,"{'line': 530, 'column': 49, 'index': 19032}","  528 |     expect(wrapper.emitted('show')).toBeUndefined() // Does not emit show when initially visible
  529 |     expect(wrapper.emitted('input')).toBeDefined()
> 530 |     expect(wrapper.emitted('input').length).toBe(1)
      |                                                 ^ Magic Number
  531 |     expect(wrapper.emitted('input')[0][0]).toBe(true)
  532 |     expect(rootWrapper.emitted(ROOT_EVENT_NAME_ACCORDION)).toBeUndefined()
  533 |     expect(rootWrapper.emitted(ROOT_EVENT_NAME_STATE)).toBeDefined()"
/home/gabriel/Disk/Research/research-javascript-test-smells/repositories/bootstrap-vue-dev/src/components/collapse/collapse.spec.js,Magic Number,"{'line': 534, 'column': 67, 'index': 19300}","  532 |     expect(rootWrapper.emitted(ROOT_EVENT_NAME_ACCORDION)).toBeUndefined()
  533 |     expect(rootWrapper.emitted(ROOT_EVENT_NAME_STATE)).toBeDefined()
> 534 |     expect(rootWrapper.emitted(ROOT_EVENT_NAME_STATE).length).toBe(1)
      |                                                                   ^ Magic Number
  535 |     expect(rootWrapper.emitted(ROOT_EVENT_NAME_STATE)[0][0]).toBe('test') // ID
  536 |     expect(rootWrapper.emitted(ROOT_EVENT_NAME_STATE)[0][1]).toBe(true) // Visible state
  537 |     expect(rootWrapper.emitted(ROOT_EVENT_NAME_SYNC_STATE)).toBeUndefined()"
/home/gabriel/Disk/Research/research-javascript-test-smells/repositories/bootstrap-vue-dev/src/components/collapse/collapse.spec.js,Magic Number,"{'line': 548, 'column': 72, 'index': 19882}","  546 |
  547 |     expect(rootWrapper.emitted(ROOT_EVENT_NAME_SYNC_STATE)).toBeDefined()
> 548 |     expect(rootWrapper.emitted(ROOT_EVENT_NAME_SYNC_STATE).length).toBe(2)
      |                                                                        ^ Magic Number
  549 |     expect(rootWrapper.emitted(ROOT_EVENT_NAME_SYNC_STATE)[1][0]).toBe('test') // ID
  550 |     expect(rootWrapper.emitted(ROOT_EVENT_NAME_SYNC_STATE)[1][1]).toBe(false) // Visible state
  551 |"
/home/gabriel/Disk/Research/research-javascript-test-smells/repositories/bootstrap-vue-dev/src/components/carousel/carousel.spec.js,Duplicate Assert,"{'line': 47, 'column': 4, 'index': 1111}","  45 |     // <div role=""region"" aria-busy=""false"" class=""carousel slide"" id=""__BVID__52""></div>
  46 |     expect(wrapper.element.tagName).toBe('DIV')
> 47 |     expect(wrapper.classes()).toContain('carousel')
     |    ^ Duplicate Assert
  48 |     expect(wrapper.classes()).toContain('slide')
  49 |     expect(wrapper.classes().length).toBe(2)
  50 |     expect(wrapper.attributes('role')).toBeDefined()"
/home/gabriel/Disk/Research/research-javascript-test-smells/repositories/bootstrap-vue-dev/src/components/carousel/carousel.spec.js,Duplicate Assert,"{'line': 48, 'column': 4, 'index': 1163}","  46 |     expect(wrapper.element.tagName).toBe('DIV')
  47 |     expect(wrapper.classes()).toContain('carousel')
> 48 |     expect(wrapper.classes()).toContain('slide')
     |    ^ Duplicate Assert
  49 |     expect(wrapper.classes().length).toBe(2)
  50 |     expect(wrapper.attributes('role')).toBeDefined()
  51 |     expect(wrapper.attributes('role')).toEqual('region')"
/home/gabriel/Disk/Research/research-javascript-test-smells/repositories/bootstrap-vue-dev/src/components/carousel/carousel.spec.js,Duplicate Assert,"{'line': 50, 'column': 4, 'index': 1257}","  48 |     expect(wrapper.classes()).toContain('slide')
  49 |     expect(wrapper.classes().length).toBe(2)
> 50 |     expect(wrapper.attributes('role')).toBeDefined()
     |    ^ Duplicate Assert
  51 |     expect(wrapper.attributes('role')).toEqual('region')
  52 |     expect(wrapper.attributes('aria-busy')).toBeDefined()
  53 |     // Will be 'false' when no slides (and only true when a slide is sliding)"
/home/gabriel/Disk/Research/research-javascript-test-smells/repositories/bootstrap-vue-dev/src/components/carousel/carousel.spec.js,Duplicate Assert,"{'line': 51, 'column': 4, 'index': 1310}","  49 |     expect(wrapper.classes().length).toBe(2)
  50 |     expect(wrapper.attributes('role')).toBeDefined()
> 51 |     expect(wrapper.attributes('role')).toEqual('region')
     |    ^ Duplicate Assert
  52 |     expect(wrapper.attributes('aria-busy')).toBeDefined()
  53 |     // Will be 'false' when no slides (and only true when a slide is sliding)
  54 |     expect(wrapper.attributes('aria-busy')).toEqual('false')"
/home/gabriel/Disk/Research/research-javascript-test-smells/repositories/bootstrap-vue-dev/src/components/carousel/carousel.spec.js,Duplicate Assert,"{'line': 52, 'column': 4, 'index': 1367}","  50 |     expect(wrapper.attributes('role')).toBeDefined()
  51 |     expect(wrapper.attributes('role')).toEqual('region')
> 52 |     expect(wrapper.attributes('aria-busy')).toBeDefined()
     |    ^ Duplicate Assert
  53 |     // Will be 'false' when no slides (and only true when a slide is sliding)
  54 |     expect(wrapper.attributes('aria-busy')).toEqual('false')
  55 |     expect(wrapper.attributes('id')).toBeDefined()"
/home/gabriel/Disk/Research/research-javascript-test-smells/repositories/bootstrap-vue-dev/src/components/carousel/carousel.spec.js,Duplicate Assert,"{'line': 54, 'column': 4, 'index': 1503}","  52 |     expect(wrapper.attributes('aria-busy')).toBeDefined()
  53 |     // Will be 'false' when no slides (and only true when a slide is sliding)
> 54 |     expect(wrapper.attributes('aria-busy')).toEqual('false')
     |    ^ Duplicate Assert
  55 |     expect(wrapper.attributes('id')).toBeDefined()
  56 |     const id = wrapper.attributes('id')
  57 |"
/home/gabriel/Disk/Research/research-javascript-test-smells/repositories/bootstrap-vue-dev/src/components/carousel/carousel.spec.js,Duplicate Assert,"{'line': 64, 'column': 4, 'index': 1997}","  62 |     expect($inner.classes()).toContain('carousel-inner')
  63 |     expect($inner.classes().length).toBe(1)
> 64 |     expect($inner.attributes('role')).toBeDefined()
     |    ^ Duplicate Assert
  65 |     expect($inner.attributes('role')).toEqual('list')
  66 |     expect($inner.attributes('id')).toBeDefined()
  67 |     expect($inner.attributes('id')).toEqual(`${id}___BV_inner_`)"
/home/gabriel/Disk/Research/research-javascript-test-smells/repositories/bootstrap-vue-dev/src/components/carousel/carousel.spec.js,Duplicate Assert,"{'line': 65, 'column': 4, 'index': 2049}","  63 |     expect($inner.classes().length).toBe(1)
  64 |     expect($inner.attributes('role')).toBeDefined()
> 65 |     expect($inner.attributes('role')).toEqual('list')
     |    ^ Duplicate Assert
  66 |     expect($inner.attributes('id')).toBeDefined()
  67 |     expect($inner.attributes('id')).toEqual(`${id}___BV_inner_`)
  68 |"
/home/gabriel/Disk/Research/research-javascript-test-smells/repositories/bootstrap-vue-dev/src/components/carousel/carousel.spec.js,Duplicate Assert,"{'line': 66, 'column': 4, 'index': 2103}","  64 |     expect($inner.attributes('role')).toBeDefined()
  65 |     expect($inner.attributes('role')).toEqual('list')
> 66 |     expect($inner.attributes('id')).toBeDefined()
     |    ^ Duplicate Assert
  67 |     expect($inner.attributes('id')).toEqual(`${id}___BV_inner_`)
  68 |
  69 |     // Controls (none by default)"
/home/gabriel/Disk/Research/research-javascript-test-smells/repositories/bootstrap-vue-dev/src/components/carousel/carousel.spec.js,Duplicate Assert,"{'line': 67, 'column': 4, 'index': 2153}","  65 |     expect($inner.attributes('role')).toEqual('list')
  66 |     expect($inner.attributes('id')).toBeDefined()
> 67 |     expect($inner.attributes('id')).toEqual(`${id}___BV_inner_`)
     |    ^ Duplicate Assert
  68 |
  69 |     // Controls (none by default)
  70 |     // <a href=""#"" role=""button"" class=""carousel-control-prev"" aria-controls=""__BVID__55___BV_inner_""></a>"
/home/gabriel/Disk/Research/research-javascript-test-smells/repositories/bootstrap-vue-dev/src/components/carousel/carousel.spec.js,Duplicate Assert,"{'line': 88, 'column': 4, 'index': 3196}","  86 |     expect($indicators.classes()).toContain('carousel-indicators')
  87 |     expect($indicators.classes().length).toBe(1)
> 88 |     expect($indicators.attributes('id')).toBeDefined()
     |    ^ Duplicate Assert
  89 |     expect($indicators.attributes('id')).toEqual(`${id}___BV_indicators_`)
  90 |     expect($indicators.attributes('aria-owns')).toBeDefined()
  91 |     expect($indicators.attributes('aria-owns')).toEqual(`${id}___BV_inner_`)"
/home/gabriel/Disk/Research/research-javascript-test-smells/repositories/bootstrap-vue-dev/src/components/carousel/carousel.spec.js,Duplicate Assert,"{'line': 89, 'column': 4, 'index': 3251}","  87 |     expect($indicators.classes().length).toBe(1)
  88 |     expect($indicators.attributes('id')).toBeDefined()
> 89 |     expect($indicators.attributes('id')).toEqual(`${id}___BV_indicators_`)
     |    ^ Duplicate Assert
  90 |     expect($indicators.attributes('aria-owns')).toBeDefined()
  91 |     expect($indicators.attributes('aria-owns')).toEqual(`${id}___BV_inner_`)
  92 |     expect($indicators.attributes('aria-hidden')).toBeDefined()"
/home/gabriel/Disk/Research/research-javascript-test-smells/repositories/bootstrap-vue-dev/src/components/carousel/carousel.spec.js,Duplicate Assert,"{'line': 90, 'column': 4, 'index': 3326}","  88 |     expect($indicators.attributes('id')).toBeDefined()
  89 |     expect($indicators.attributes('id')).toEqual(`${id}___BV_indicators_`)
> 90 |     expect($indicators.attributes('aria-owns')).toBeDefined()
     |    ^ Duplicate Assert
  91 |     expect($indicators.attributes('aria-owns')).toEqual(`${id}___BV_inner_`)
  92 |     expect($indicators.attributes('aria-hidden')).toBeDefined()
  93 |     expect($indicators.attributes('aria-hidden')).toEqual('true')"
/home/gabriel/Disk/Research/research-javascript-test-smells/repositories/bootstrap-vue-dev/src/components/carousel/carousel.spec.js,Duplicate Assert,"{'line': 91, 'column': 4, 'index': 3388}","  89 |     expect($indicators.attributes('id')).toEqual(`${id}___BV_indicators_`)
  90 |     expect($indicators.attributes('aria-owns')).toBeDefined()
> 91 |     expect($indicators.attributes('aria-owns')).toEqual(`${id}___BV_inner_`)
     |    ^ Duplicate Assert
  92 |     expect($indicators.attributes('aria-hidden')).toBeDefined()
  93 |     expect($indicators.attributes('aria-hidden')).toEqual('true')
  94 |     expect($indicators.attributes('aria-label')).toBeDefined()"
/home/gabriel/Disk/Research/research-javascript-test-smells/repositories/bootstrap-vue-dev/src/components/carousel/carousel.spec.js,Duplicate Assert,"{'line': 92, 'column': 4, 'index': 3465}","  90 |     expect($indicators.attributes('aria-owns')).toBeDefined()
  91 |     expect($indicators.attributes('aria-owns')).toEqual(`${id}___BV_inner_`)
> 92 |     expect($indicators.attributes('aria-hidden')).toBeDefined()
     |    ^ Duplicate Assert
  93 |     expect($indicators.attributes('aria-hidden')).toEqual('true')
  94 |     expect($indicators.attributes('aria-label')).toBeDefined()
  95 |     expect($indicators.attributes('aria-label')).toEqual('Select a slide to display')"
/home/gabriel/Disk/Research/research-javascript-test-smells/repositories/bootstrap-vue-dev/src/components/carousel/carousel.spec.js,Duplicate Assert,"{'line': 93, 'column': 4, 'index': 3529}","  91 |     expect($indicators.attributes('aria-owns')).toEqual(`${id}___BV_inner_`)
  92 |     expect($indicators.attributes('aria-hidden')).toBeDefined()
> 93 |     expect($indicators.attributes('aria-hidden')).toEqual('true')
     |    ^ Duplicate Assert
  94 |     expect($indicators.attributes('aria-label')).toBeDefined()
  95 |     expect($indicators.attributes('aria-label')).toEqual('Select a slide to display')
  96 |     expect($indicators.element.style.display).toEqual('none')"
/home/gabriel/Disk/Research/research-javascript-test-smells/repositories/bootstrap-vue-dev/src/components/carousel/carousel.spec.js,Duplicate Assert,"{'line': 94, 'column': 4, 'index': 3595}","  92 |     expect($indicators.attributes('aria-hidden')).toBeDefined()
  93 |     expect($indicators.attributes('aria-hidden')).toEqual('true')
> 94 |     expect($indicators.attributes('aria-label')).toBeDefined()
     |    ^ Duplicate Assert
  95 |     expect($indicators.attributes('aria-label')).toEqual('Select a slide to display')
  96 |     expect($indicators.element.style.display).toEqual('none')
  97 |     expect($indicators.findAll('li').length).toBe(0) // no slides"
/home/gabriel/Disk/Research/research-javascript-test-smells/repositories/bootstrap-vue-dev/src/components/carousel/carousel.spec.js,Duplicate Assert,"{'line': 95, 'column': 4, 'index': 3658}","  93 |     expect($indicators.attributes('aria-hidden')).toEqual('true')
  94 |     expect($indicators.attributes('aria-label')).toBeDefined()
> 95 |     expect($indicators.attributes('aria-label')).toEqual('Select a slide to display')
     |    ^ Duplicate Assert
  96 |     expect($indicators.element.style.display).toEqual('none')
  97 |     expect($indicators.findAll('li').length).toBe(0) // no slides
  98 |"
/home/gabriel/Disk/Research/research-javascript-test-smells/repositories/bootstrap-vue-dev/src/components/carousel/carousel.spec.js,Duplicate Assert,"{'line': 117, 'column': 4, 'index': 4346}","  115 |     // <div role=""region"" aria-busy=""false"" class=""carousel slide"" id=""__BVID__52""></div>
  116 |     expect(wrapper.element.tagName).toBe('DIV')
> 117 |     expect(wrapper.classes()).toContain('carousel')
      |    ^ Duplicate Assert
  118 |     expect(wrapper.classes()).toContain('slide')
  119 |     expect(wrapper.classes().length).toBe(2)
  120 |     expect(wrapper.attributes('id')).toBeDefined()"
/home/gabriel/Disk/Research/research-javascript-test-smells/repositories/bootstrap-vue-dev/src/components/carousel/carousel.spec.js,Duplicate Assert,"{'line': 118, 'column': 4, 'index': 4398}","  116 |     expect(wrapper.element.tagName).toBe('DIV')
  117 |     expect(wrapper.classes()).toContain('carousel')
> 118 |     expect(wrapper.classes()).toContain('slide')
      |    ^ Duplicate Assert
  119 |     expect(wrapper.classes().length).toBe(2)
  120 |     expect(wrapper.attributes('id')).toBeDefined()
  121 |     const id = wrapper.attributes('id')"
/home/gabriel/Disk/Research/research-javascript-test-smells/repositories/bootstrap-vue-dev/src/components/carousel/carousel.spec.js,Duplicate Assert,"{'line': 180, 'column': 4, 'index': 7059}","  178 |     // <div role=""region"" aria-busy=""false"" class=""carousel slide"" id=""__BVID__52""></div>
  179 |     expect(wrapper.element.tagName).toBe('DIV')
> 180 |     expect(wrapper.classes()).toContain('carousel')
      |    ^ Duplicate Assert
  181 |     expect(wrapper.classes()).toContain('slide')
  182 |     expect(wrapper.classes().length).toBe(2)
  183 |     expect(wrapper.attributes('id')).toBeDefined()"
/home/gabriel/Disk/Research/research-javascript-test-smells/repositories/bootstrap-vue-dev/src/components/carousel/carousel.spec.js,Duplicate Assert,"{'line': 181, 'column': 4, 'index': 7111}","  179 |     expect(wrapper.element.tagName).toBe('DIV')
  180 |     expect(wrapper.classes()).toContain('carousel')
> 181 |     expect(wrapper.classes()).toContain('slide')
      |    ^ Duplicate Assert
  182 |     expect(wrapper.classes().length).toBe(2)
  183 |     expect(wrapper.attributes('id')).toBeDefined()
  184 |"
/home/gabriel/Disk/Research/research-javascript-test-smells/repositories/bootstrap-vue-dev/src/components/carousel/carousel.spec.js,Duplicate Assert,"{'line': 224, 'column': 4, 'index': 8725}","  222 |     await waitRAF()
  223 |
> 224 |     expect(wrapper.classes()).toContain('carousel')
      |    ^ Duplicate Assert
  225 |     expect(wrapper.classes()).toContain('slide')
  226 |     expect(wrapper.classes()).toContain('carousel-fade')
  227 |"
/home/gabriel/Disk/Research/research-javascript-test-smells/repositories/bootstrap-vue-dev/src/components/carousel/carousel.spec.js,Duplicate Assert,"{'line': 225, 'column': 4, 'index': 8777}","  223 |
  224 |     expect(wrapper.classes()).toContain('carousel')
> 225 |     expect(wrapper.classes()).toContain('slide')
      |    ^ Duplicate Assert
  226 |     expect(wrapper.classes()).toContain('carousel-fade')
  227 |
  228 |     wrapper.destroy()"
/home/gabriel/Disk/Research/research-javascript-test-smells/repositories/bootstrap-vue-dev/src/components/carousel/carousel.spec.js,Duplicate Assert,"{'line': 226, 'column': 4, 'index': 8826}","  224 |     expect(wrapper.classes()).toContain('carousel')
  225 |     expect(wrapper.classes()).toContain('slide')
> 226 |     expect(wrapper.classes()).toContain('carousel-fade')
      |    ^ Duplicate Assert
  227 |
  228 |     wrapper.destroy()
  229 |   })"
/home/gabriel/Disk/Research/research-javascript-test-smells/repositories/bootstrap-vue-dev/src/components/carousel/carousel.spec.js,Duplicate Assert,"{'line': 243, 'column': 4, 'index': 9227}","  241 |     await waitRAF()
  242 |
> 243 |     expect(wrapper.classes()).toContain('carousel')
      |    ^ Duplicate Assert
  244 |     expect(wrapper.classes()).not.toContain('slide')
  245 |     expect(wrapper.classes()).not.toContain('carousel-fade')
  246 |"
/home/gabriel/Disk/Research/research-javascript-test-smells/repositories/bootstrap-vue-dev/src/components/carousel/carousel.spec.js,Duplicate Assert,"{'line': 244, 'column': 4, 'index': 9279}","  242 |
  243 |     expect(wrapper.classes()).toContain('carousel')
> 244 |     expect(wrapper.classes()).not.toContain('slide')
      |    ^ Duplicate Assert
  245 |     expect(wrapper.classes()).not.toContain('carousel-fade')
  246 |
  247 |     wrapper.destroy()"
/home/gabriel/Disk/Research/research-javascript-test-smells/repositories/bootstrap-vue-dev/src/components/carousel/carousel.spec.js,Duplicate Assert,"{'line': 245, 'column': 4, 'index': 9332}","  243 |     expect(wrapper.classes()).toContain('carousel')
  244 |     expect(wrapper.classes()).not.toContain('slide')
> 245 |     expect(wrapper.classes()).not.toContain('carousel-fade')
      |    ^ Duplicate Assert
  246 |
  247 |     wrapper.destroy()
  248 |   })"
/home/gabriel/Disk/Research/research-javascript-test-smells/repositories/bootstrap-vue-dev/src/components/carousel/carousel.spec.js,Duplicate Assert,"{'line': 263, 'column': 4, 'index': 9769}","  261 |     await waitRAF()
  262 |
> 263 |     expect(wrapper.classes()).toContain('carousel')
      |    ^ Duplicate Assert
  264 |     expect(wrapper.classes()).not.toContain('slide')
  265 |     expect(wrapper.classes()).not.toContain('carousel-fade')
  266 |"
/home/gabriel/Disk/Research/research-javascript-test-smells/repositories/bootstrap-vue-dev/src/components/carousel/carousel.spec.js,Duplicate Assert,"{'line': 264, 'column': 4, 'index': 9821}","  262 |
  263 |     expect(wrapper.classes()).toContain('carousel')
> 264 |     expect(wrapper.classes()).not.toContain('slide')
      |    ^ Duplicate Assert
  265 |     expect(wrapper.classes()).not.toContain('carousel-fade')
  266 |
  267 |     wrapper.destroy()"
/home/gabriel/Disk/Research/research-javascript-test-smells/repositories/bootstrap-vue-dev/src/components/carousel/carousel.spec.js,Duplicate Assert,"{'line': 265, 'column': 4, 'index': 9874}","  263 |     expect(wrapper.classes()).toContain('carousel')
  264 |     expect(wrapper.classes()).not.toContain('slide')
> 265 |     expect(wrapper.classes()).not.toContain('carousel-fade')
      |    ^ Duplicate Assert
  266 |
  267 |     wrapper.destroy()
  268 |   })"
/home/gabriel/Disk/Research/research-javascript-test-smells/repositories/bootstrap-vue-dev/src/components/carousel/carousel.spec.js,Duplicate Assert,"{'line': 317, 'column': 4, 'index': 11240}","  315 |     await waitRAF()
  316 |
> 317 |     expect($carousel.emitted('sliding-start')).toBeUndefined()
      |    ^ Duplicate Assert
  318 |     expect($carousel.emitted('sliding-end')).toBeUndefined()
  319 |     expect($carousel.emitted('input')).toBeUndefined()
  320 |"
/home/gabriel/Disk/Research/research-javascript-test-smells/repositories/bootstrap-vue-dev/src/components/carousel/carousel.spec.js,Duplicate Assert,"{'line': 318, 'column': 4, 'index': 11303}","  316 |
  317 |     expect($carousel.emitted('sliding-start')).toBeUndefined()
> 318 |     expect($carousel.emitted('sliding-end')).toBeUndefined()
      |    ^ Duplicate Assert
  319 |     expect($carousel.emitted('input')).toBeUndefined()
  320 |
  321 |     await $next.trigger('click')"
/home/gabriel/Disk/Research/research-javascript-test-smells/repositories/bootstrap-vue-dev/src/components/carousel/carousel.spec.js,Duplicate Assert,"{'line': 318, 'column': 4, 'index': 11303}","  316 |
  317 |     expect($carousel.emitted('sliding-start')).toBeUndefined()
> 318 |     expect($carousel.emitted('sliding-end')).toBeUndefined()
      |    ^ Duplicate Assert
  319 |     expect($carousel.emitted('input')).toBeUndefined()
  320 |
  321 |     await $next.trigger('click')"
/home/gabriel/Disk/Research/research-javascript-test-smells/repositories/bootstrap-vue-dev/src/components/carousel/carousel.spec.js,Duplicate Assert,"{'line': 319, 'column': 4, 'index': 11364}","  317 |     expect($carousel.emitted('sliding-start')).toBeUndefined()
  318 |     expect($carousel.emitted('sliding-end')).toBeUndefined()
> 319 |     expect($carousel.emitted('input')).toBeUndefined()
      |    ^ Duplicate Assert
  320 |
  321 |     await $next.trigger('click')
  322 |"
/home/gabriel/Disk/Research/research-javascript-test-smells/repositories/bootstrap-vue-dev/src/components/carousel/carousel.spec.js,Duplicate Assert,"{'line': 323, 'column': 4, 'index': 11454}","  321 |     await $next.trigger('click')
  322 |
> 323 |     expect($carousel.emitted('sliding-start')).toBeDefined()
      |    ^ Duplicate Assert
  324 |     expect($carousel.emitted('sliding-end')).toBeUndefined()
  325 |     expect($carousel.emitted('sliding-start').length).toBe(1)
  326 |     expect($carousel.emitted('sliding-start')[0][0]).toEqual(1)"
/home/gabriel/Disk/Research/research-javascript-test-smells/repositories/bootstrap-vue-dev/src/components/carousel/carousel.spec.js,Duplicate Assert,"{'line': 324, 'column': 4, 'index': 11515}","  322 |
  323 |     expect($carousel.emitted('sliding-start')).toBeDefined()
> 324 |     expect($carousel.emitted('sliding-end')).toBeUndefined()
      |    ^ Duplicate Assert
  325 |     expect($carousel.emitted('sliding-start').length).toBe(1)
  326 |     expect($carousel.emitted('sliding-start')[0][0]).toEqual(1)
  327 |"
/home/gabriel/Disk/Research/research-javascript-test-smells/repositories/bootstrap-vue-dev/src/components/carousel/carousel.spec.js,Duplicate Assert,"{'line': 324, 'column': 4, 'index': 11515}","  322 |
  323 |     expect($carousel.emitted('sliding-start')).toBeDefined()
> 324 |     expect($carousel.emitted('sliding-end')).toBeUndefined()
      |    ^ Duplicate Assert
  325 |     expect($carousel.emitted('sliding-start').length).toBe(1)
  326 |     expect($carousel.emitted('sliding-start')[0][0]).toEqual(1)
  327 |"
/home/gabriel/Disk/Research/research-javascript-test-smells/repositories/bootstrap-vue-dev/src/components/carousel/carousel.spec.js,Duplicate Assert,"{'line': 325, 'column': 4, 'index': 11576}","  323 |     expect($carousel.emitted('sliding-start')).toBeDefined()
  324 |     expect($carousel.emitted('sliding-end')).toBeUndefined()
> 325 |     expect($carousel.emitted('sliding-start').length).toBe(1)
      |    ^ Duplicate Assert
  326 |     expect($carousel.emitted('sliding-start')[0][0]).toEqual(1)
  327 |
  328 |     jest.runOnlyPendingTimers()"
/home/gabriel/Disk/Research/research-javascript-test-smells/repositories/bootstrap-vue-dev/src/components/carousel/carousel.spec.js,Duplicate Assert,"{'line': 325, 'column': 4, 'index': 11576}","  323 |     expect($carousel.emitted('sliding-start')).toBeDefined()
  324 |     expect($carousel.emitted('sliding-end')).toBeUndefined()
> 325 |     expect($carousel.emitted('sliding-start').length).toBe(1)
      |    ^ Duplicate Assert
  326 |     expect($carousel.emitted('sliding-start')[0][0]).toEqual(1)
  327 |
  328 |     jest.runOnlyPendingTimers()"
/home/gabriel/Disk/Research/research-javascript-test-smells/repositories/bootstrap-vue-dev/src/components/carousel/carousel.spec.js,Duplicate Assert,"{'line': 332, 'column': 4, 'index': 11785}","  330 |     await waitRAF()
  331 |
> 332 |     expect($carousel.emitted('sliding-start').length).toBe(1)
      |    ^ Duplicate Assert
  333 |     expect($carousel.emitted('sliding-end')).toBeDefined()
  334 |     expect($carousel.emitted('sliding-end').length).toBe(1)
  335 |     expect($carousel.emitted('sliding-end')[0][0]).toEqual(1)"
/home/gabriel/Disk/Research/research-javascript-test-smells/repositories/bootstrap-vue-dev/src/components/carousel/carousel.spec.js,Duplicate Assert,"{'line': 332, 'column': 4, 'index': 11785}","  330 |     await waitRAF()
  331 |
> 332 |     expect($carousel.emitted('sliding-start').length).toBe(1)
      |    ^ Duplicate Assert
  333 |     expect($carousel.emitted('sliding-end')).toBeDefined()
  334 |     expect($carousel.emitted('sliding-end').length).toBe(1)
  335 |     expect($carousel.emitted('sliding-end')[0][0]).toEqual(1)"
/home/gabriel/Disk/Research/research-javascript-test-smells/repositories/bootstrap-vue-dev/src/components/carousel/carousel.spec.js,Duplicate Assert,"{'line': 333, 'column': 4, 'index': 11847}","  331 |
  332 |     expect($carousel.emitted('sliding-start').length).toBe(1)
> 333 |     expect($carousel.emitted('sliding-end')).toBeDefined()
      |    ^ Duplicate Assert
  334 |     expect($carousel.emitted('sliding-end').length).toBe(1)
  335 |     expect($carousel.emitted('sliding-end')[0][0]).toEqual(1)
  336 |     expect($carousel.emitted('input')).toBeDefined()"
/home/gabriel/Disk/Research/research-javascript-test-smells/repositories/bootstrap-vue-dev/src/components/carousel/carousel.spec.js,Duplicate Assert,"{'line': 334, 'column': 4, 'index': 11906}","  332 |     expect($carousel.emitted('sliding-start').length).toBe(1)
  333 |     expect($carousel.emitted('sliding-end')).toBeDefined()
> 334 |     expect($carousel.emitted('sliding-end').length).toBe(1)
      |    ^ Duplicate Assert
  335 |     expect($carousel.emitted('sliding-end')[0][0]).toEqual(1)
  336 |     expect($carousel.emitted('input')).toBeDefined()
  337 |     expect($carousel.emitted('input').length).toBe(1)"
/home/gabriel/Disk/Research/research-javascript-test-smells/repositories/bootstrap-vue-dev/src/components/carousel/carousel.spec.js,Duplicate Assert,"{'line': 334, 'column': 4, 'index': 11906}","  332 |     expect($carousel.emitted('sliding-start').length).toBe(1)
  333 |     expect($carousel.emitted('sliding-end')).toBeDefined()
> 334 |     expect($carousel.emitted('sliding-end').length).toBe(1)
      |    ^ Duplicate Assert
  335 |     expect($carousel.emitted('sliding-end')[0][0]).toEqual(1)
  336 |     expect($carousel.emitted('input')).toBeDefined()
  337 |     expect($carousel.emitted('input').length).toBe(1)"
/home/gabriel/Disk/Research/research-javascript-test-smells/repositories/bootstrap-vue-dev/src/components/carousel/carousel.spec.js,Duplicate Assert,"{'line': 336, 'column': 4, 'index': 12028}","  334 |     expect($carousel.emitted('sliding-end').length).toBe(1)
  335 |     expect($carousel.emitted('sliding-end')[0][0]).toEqual(1)
> 336 |     expect($carousel.emitted('input')).toBeDefined()
      |    ^ Duplicate Assert
  337 |     expect($carousel.emitted('input').length).toBe(1)
  338 |     expect($carousel.emitted('input')[0][0]).toEqual(1)
  339 |"
/home/gabriel/Disk/Research/research-javascript-test-smells/repositories/bootstrap-vue-dev/src/components/carousel/carousel.spec.js,Duplicate Assert,"{'line': 337, 'column': 4, 'index': 12081}","  335 |     expect($carousel.emitted('sliding-end')[0][0]).toEqual(1)
  336 |     expect($carousel.emitted('input')).toBeDefined()
> 337 |     expect($carousel.emitted('input').length).toBe(1)
      |    ^ Duplicate Assert
  338 |     expect($carousel.emitted('input')[0][0]).toEqual(1)
  339 |
  340 |     await $prev.trigger('click')"
/home/gabriel/Disk/Research/research-javascript-test-smells/repositories/bootstrap-vue-dev/src/components/carousel/carousel.spec.js,Duplicate Assert,"{'line': 342, 'column': 4, 'index': 12226}","  340 |     await $prev.trigger('click')
  341 |
> 342 |     expect($carousel.emitted('sliding-start').length).toBe(2)
      |    ^ Duplicate Assert
  343 |     expect($carousel.emitted('sliding-end').length).toBe(1)
  344 |     expect($carousel.emitted('sliding-start')[1][0]).toEqual(0)
  345 |"
/home/gabriel/Disk/Research/research-javascript-test-smells/repositories/bootstrap-vue-dev/src/components/carousel/carousel.spec.js,Duplicate Assert,"{'line': 342, 'column': 4, 'index': 12226}","  340 |     await $prev.trigger('click')
  341 |
> 342 |     expect($carousel.emitted('sliding-start').length).toBe(2)
      |    ^ Duplicate Assert
  343 |     expect($carousel.emitted('sliding-end').length).toBe(1)
  344 |     expect($carousel.emitted('sliding-start')[1][0]).toEqual(0)
  345 |"
/home/gabriel/Disk/Research/research-javascript-test-smells/repositories/bootstrap-vue-dev/src/components/carousel/carousel.spec.js,Duplicate Assert,"{'line': 343, 'column': 4, 'index': 12288}","  341 |
  342 |     expect($carousel.emitted('sliding-start').length).toBe(2)
> 343 |     expect($carousel.emitted('sliding-end').length).toBe(1)
      |    ^ Duplicate Assert
  344 |     expect($carousel.emitted('sliding-start')[1][0]).toEqual(0)
  345 |
  346 |     jest.runOnlyPendingTimers()"
/home/gabriel/Disk/Research/research-javascript-test-smells/repositories/bootstrap-vue-dev/src/components/carousel/carousel.spec.js,Duplicate Assert,"{'line': 343, 'column': 4, 'index': 12288}","  341 |
  342 |     expect($carousel.emitted('sliding-start').length).toBe(2)
> 343 |     expect($carousel.emitted('sliding-end').length).toBe(1)
      |    ^ Duplicate Assert
  344 |     expect($carousel.emitted('sliding-start')[1][0]).toEqual(0)
  345 |
  346 |     jest.runOnlyPendingTimers()"
/home/gabriel/Disk/Research/research-javascript-test-smells/repositories/bootstrap-vue-dev/src/components/carousel/carousel.spec.js,Duplicate Assert,"{'line': 350, 'column': 4, 'index': 12495}","  348 |     await waitRAF()
  349 |
> 350 |     expect($carousel.emitted('sliding-start').length).toBe(2)
      |    ^ Duplicate Assert
  351 |     expect($carousel.emitted('sliding-end').length).toBe(2)
  352 |     expect($carousel.emitted('sliding-end')[1][0]).toEqual(0)
  353 |     expect($carousel.emitted('input').length).toBe(2)"
/home/gabriel/Disk/Research/research-javascript-test-smells/repositories/bootstrap-vue-dev/src/components/carousel/carousel.spec.js,Duplicate Assert,"{'line': 350, 'column': 4, 'index': 12495}","  348 |     await waitRAF()
  349 |
> 350 |     expect($carousel.emitted('sliding-start').length).toBe(2)
      |    ^ Duplicate Assert
  351 |     expect($carousel.emitted('sliding-end').length).toBe(2)
  352 |     expect($carousel.emitted('sliding-end')[1][0]).toEqual(0)
  353 |     expect($carousel.emitted('input').length).toBe(2)"
/home/gabriel/Disk/Research/research-javascript-test-smells/repositories/bootstrap-vue-dev/src/components/carousel/carousel.spec.js,Duplicate Assert,"{'line': 351, 'column': 4, 'index': 12557}","  349 |
  350 |     expect($carousel.emitted('sliding-start').length).toBe(2)
> 351 |     expect($carousel.emitted('sliding-end').length).toBe(2)
      |    ^ Duplicate Assert
  352 |     expect($carousel.emitted('sliding-end')[1][0]).toEqual(0)
  353 |     expect($carousel.emitted('input').length).toBe(2)
  354 |     expect($carousel.emitted('input')[1][0]).toEqual(0)"
/home/gabriel/Disk/Research/research-javascript-test-smells/repositories/bootstrap-vue-dev/src/components/carousel/carousel.spec.js,Duplicate Assert,"{'line': 353, 'column': 4, 'index': 12679}","  351 |     expect($carousel.emitted('sliding-end').length).toBe(2)
  352 |     expect($carousel.emitted('sliding-end')[1][0]).toEqual(0)
> 353 |     expect($carousel.emitted('input').length).toBe(2)
      |    ^ Duplicate Assert
  354 |     expect($carousel.emitted('input')[1][0]).toEqual(0)
  355 |
  356 |     wrapper.destroy()"
/home/gabriel/Disk/Research/research-javascript-test-smells/repositories/bootstrap-vue-dev/src/components/carousel/carousel.spec.js,Duplicate Assert,"{'line': 379, 'column': 4, 'index': 13383}","  377 |     await waitRAF()
  378 |
> 379 |     expect($carousel.emitted('sliding-start')).toBeUndefined()
      |    ^ Duplicate Assert
  380 |     expect($carousel.emitted('sliding-end')).toBeUndefined()
  381 |     expect($carousel.emitted('input')).toBeUndefined()
  382 |"
/home/gabriel/Disk/Research/research-javascript-test-smells/repositories/bootstrap-vue-dev/src/components/carousel/carousel.spec.js,Duplicate Assert,"{'line': 380, 'column': 4, 'index': 13446}","  378 |
  379 |     expect($carousel.emitted('sliding-start')).toBeUndefined()
> 380 |     expect($carousel.emitted('sliding-end')).toBeUndefined()
      |    ^ Duplicate Assert
  381 |     expect($carousel.emitted('input')).toBeUndefined()
  382 |
  383 |     await $next.trigger('keydown.space')"
/home/gabriel/Disk/Research/research-javascript-test-smells/repositories/bootstrap-vue-dev/src/components/carousel/carousel.spec.js,Duplicate Assert,"{'line': 380, 'column': 4, 'index': 13446}","  378 |
  379 |     expect($carousel.emitted('sliding-start')).toBeUndefined()
> 380 |     expect($carousel.emitted('sliding-end')).toBeUndefined()
      |    ^ Duplicate Assert
  381 |     expect($carousel.emitted('input')).toBeUndefined()
  382 |
  383 |     await $next.trigger('keydown.space')"
/home/gabriel/Disk/Research/research-javascript-test-smells/repositories/bootstrap-vue-dev/src/components/carousel/carousel.spec.js,Duplicate Assert,"{'line': 381, 'column': 4, 'index': 13507}","  379 |     expect($carousel.emitted('sliding-start')).toBeUndefined()
  380 |     expect($carousel.emitted('sliding-end')).toBeUndefined()
> 381 |     expect($carousel.emitted('input')).toBeUndefined()
      |    ^ Duplicate Assert
  382 |
  383 |     await $next.trigger('keydown.space')
  384 |"
/home/gabriel/Disk/Research/research-javascript-test-smells/repositories/bootstrap-vue-dev/src/components/carousel/carousel.spec.js,Duplicate Assert,"{'line': 385, 'column': 4, 'index': 13605}","  383 |     await $next.trigger('keydown.space')
  384 |
> 385 |     expect($carousel.emitted('sliding-start')).toBeDefined()
      |    ^ Duplicate Assert
  386 |     expect($carousel.emitted('sliding-end')).toBeUndefined()
  387 |     expect($carousel.emitted('sliding-start').length).toBe(1)
  388 |     expect($carousel.emitted('sliding-start')[0][0]).toEqual(1)"
/home/gabriel/Disk/Research/research-javascript-test-smells/repositories/bootstrap-vue-dev/src/components/carousel/carousel.spec.js,Duplicate Assert,"{'line': 386, 'column': 4, 'index': 13666}","  384 |
  385 |     expect($carousel.emitted('sliding-start')).toBeDefined()
> 386 |     expect($carousel.emitted('sliding-end')).toBeUndefined()
      |    ^ Duplicate Assert
  387 |     expect($carousel.emitted('sliding-start').length).toBe(1)
  388 |     expect($carousel.emitted('sliding-start')[0][0]).toEqual(1)
  389 |"
/home/gabriel/Disk/Research/research-javascript-test-smells/repositories/bootstrap-vue-dev/src/components/carousel/carousel.spec.js,Duplicate Assert,"{'line': 386, 'column': 4, 'index': 13666}","  384 |
  385 |     expect($carousel.emitted('sliding-start')).toBeDefined()
> 386 |     expect($carousel.emitted('sliding-end')).toBeUndefined()
      |    ^ Duplicate Assert
  387 |     expect($carousel.emitted('sliding-start').length).toBe(1)
  388 |     expect($carousel.emitted('sliding-start')[0][0]).toEqual(1)
  389 |"
/home/gabriel/Disk/Research/research-javascript-test-smells/repositories/bootstrap-vue-dev/src/components/carousel/carousel.spec.js,Duplicate Assert,"{'line': 387, 'column': 4, 'index': 13727}","  385 |     expect($carousel.emitted('sliding-start')).toBeDefined()
  386 |     expect($carousel.emitted('sliding-end')).toBeUndefined()
> 387 |     expect($carousel.emitted('sliding-start').length).toBe(1)
      |    ^ Duplicate Assert
  388 |     expect($carousel.emitted('sliding-start')[0][0]).toEqual(1)
  389 |
  390 |     jest.runOnlyPendingTimers()"
/home/gabriel/Disk/Research/research-javascript-test-smells/repositories/bootstrap-vue-dev/src/components/carousel/carousel.spec.js,Duplicate Assert,"{'line': 387, 'column': 4, 'index': 13727}","  385 |     expect($carousel.emitted('sliding-start')).toBeDefined()
  386 |     expect($carousel.emitted('sliding-end')).toBeUndefined()
> 387 |     expect($carousel.emitted('sliding-start').length).toBe(1)
      |    ^ Duplicate Assert
  388 |     expect($carousel.emitted('sliding-start')[0][0]).toEqual(1)
  389 |
  390 |     jest.runOnlyPendingTimers()"
/home/gabriel/Disk/Research/research-javascript-test-smells/repositories/bootstrap-vue-dev/src/components/carousel/carousel.spec.js,Duplicate Assert,"{'line': 394, 'column': 4, 'index': 13936}","  392 |     await waitRAF()
  393 |
> 394 |     expect($carousel.emitted('sliding-start').length).toBe(1)
      |    ^ Duplicate Assert
  395 |     expect($carousel.emitted('sliding-end')).toBeDefined()
  396 |     expect($carousel.emitted('sliding-end').length).toBe(1)
  397 |     expect($carousel.emitted('sliding-end')[0][0]).toEqual(1)"
/home/gabriel/Disk/Research/research-javascript-test-smells/repositories/bootstrap-vue-dev/src/components/carousel/carousel.spec.js,Duplicate Assert,"{'line': 394, 'column': 4, 'index': 13936}","  392 |     await waitRAF()
  393 |
> 394 |     expect($carousel.emitted('sliding-start').length).toBe(1)
      |    ^ Duplicate Assert
  395 |     expect($carousel.emitted('sliding-end')).toBeDefined()
  396 |     expect($carousel.emitted('sliding-end').length).toBe(1)
  397 |     expect($carousel.emitted('sliding-end')[0][0]).toEqual(1)"
/home/gabriel/Disk/Research/research-javascript-test-smells/repositories/bootstrap-vue-dev/src/components/carousel/carousel.spec.js,Duplicate Assert,"{'line': 395, 'column': 4, 'index': 13998}","  393 |
  394 |     expect($carousel.emitted('sliding-start').length).toBe(1)
> 395 |     expect($carousel.emitted('sliding-end')).toBeDefined()
      |    ^ Duplicate Assert
  396 |     expect($carousel.emitted('sliding-end').length).toBe(1)
  397 |     expect($carousel.emitted('sliding-end')[0][0]).toEqual(1)
  398 |     expect($carousel.emitted('input')).toBeDefined()"
/home/gabriel/Disk/Research/research-javascript-test-smells/repositories/bootstrap-vue-dev/src/components/carousel/carousel.spec.js,Duplicate Assert,"{'line': 396, 'column': 4, 'index': 14057}","  394 |     expect($carousel.emitted('sliding-start').length).toBe(1)
  395 |     expect($carousel.emitted('sliding-end')).toBeDefined()
> 396 |     expect($carousel.emitted('sliding-end').length).toBe(1)
      |    ^ Duplicate Assert
  397 |     expect($carousel.emitted('sliding-end')[0][0]).toEqual(1)
  398 |     expect($carousel.emitted('input')).toBeDefined()
  399 |     expect($carousel.emitted('input').length).toBe(1)"
/home/gabriel/Disk/Research/research-javascript-test-smells/repositories/bootstrap-vue-dev/src/components/carousel/carousel.spec.js,Duplicate Assert,"{'line': 396, 'column': 4, 'index': 14057}","  394 |     expect($carousel.emitted('sliding-start').length).toBe(1)
  395 |     expect($carousel.emitted('sliding-end')).toBeDefined()
> 396 |     expect($carousel.emitted('sliding-end').length).toBe(1)
      |    ^ Duplicate Assert
  397 |     expect($carousel.emitted('sliding-end')[0][0]).toEqual(1)
  398 |     expect($carousel.emitted('input')).toBeDefined()
  399 |     expect($carousel.emitted('input').length).toBe(1)"
/home/gabriel/Disk/Research/research-javascript-test-smells/repositories/bootstrap-vue-dev/src/components/carousel/carousel.spec.js,Duplicate Assert,"{'line': 398, 'column': 4, 'index': 14179}","  396 |     expect($carousel.emitted('sliding-end').length).toBe(1)
  397 |     expect($carousel.emitted('sliding-end')[0][0]).toEqual(1)
> 398 |     expect($carousel.emitted('input')).toBeDefined()
      |    ^ Duplicate Assert
  399 |     expect($carousel.emitted('input').length).toBe(1)
  400 |     expect($carousel.emitted('input')[0][0]).toEqual(1)
  401 |"
/home/gabriel/Disk/Research/research-javascript-test-smells/repositories/bootstrap-vue-dev/src/components/carousel/carousel.spec.js,Duplicate Assert,"{'line': 399, 'column': 4, 'index': 14232}","  397 |     expect($carousel.emitted('sliding-end')[0][0]).toEqual(1)
  398 |     expect($carousel.emitted('input')).toBeDefined()
> 399 |     expect($carousel.emitted('input').length).toBe(1)
      |    ^ Duplicate Assert
  400 |     expect($carousel.emitted('input')[0][0]).toEqual(1)
  401 |
  402 |     await $prev.trigger('keydown.space')"
/home/gabriel/Disk/Research/research-javascript-test-smells/repositories/bootstrap-vue-dev/src/components/carousel/carousel.spec.js,Duplicate Assert,"{'line': 404, 'column': 4, 'index': 14385}","  402 |     await $prev.trigger('keydown.space')
  403 |
> 404 |     expect($carousel.emitted('sliding-start').length).toBe(2)
      |    ^ Duplicate Assert
  405 |     expect($carousel.emitted('sliding-end').length).toBe(1)
  406 |     expect($carousel.emitted('sliding-start')[1][0]).toEqual(0)
  407 |"
/home/gabriel/Disk/Research/research-javascript-test-smells/repositories/bootstrap-vue-dev/src/components/carousel/carousel.spec.js,Duplicate Assert,"{'line': 404, 'column': 4, 'index': 14385}","  402 |     await $prev.trigger('keydown.space')
  403 |
> 404 |     expect($carousel.emitted('sliding-start').length).toBe(2)
      |    ^ Duplicate Assert
  405 |     expect($carousel.emitted('sliding-end').length).toBe(1)
  406 |     expect($carousel.emitted('sliding-start')[1][0]).toEqual(0)
  407 |"
/home/gabriel/Disk/Research/research-javascript-test-smells/repositories/bootstrap-vue-dev/src/components/carousel/carousel.spec.js,Duplicate Assert,"{'line': 405, 'column': 4, 'index': 14447}","  403 |
  404 |     expect($carousel.emitted('sliding-start').length).toBe(2)
> 405 |     expect($carousel.emitted('sliding-end').length).toBe(1)
      |    ^ Duplicate Assert
  406 |     expect($carousel.emitted('sliding-start')[1][0]).toEqual(0)
  407 |
  408 |     jest.runOnlyPendingTimers()"
/home/gabriel/Disk/Research/research-javascript-test-smells/repositories/bootstrap-vue-dev/src/components/carousel/carousel.spec.js,Duplicate Assert,"{'line': 405, 'column': 4, 'index': 14447}","  403 |
  404 |     expect($carousel.emitted('sliding-start').length).toBe(2)
> 405 |     expect($carousel.emitted('sliding-end').length).toBe(1)
      |    ^ Duplicate Assert
  406 |     expect($carousel.emitted('sliding-start')[1][0]).toEqual(0)
  407 |
  408 |     jest.runOnlyPendingTimers()"
/home/gabriel/Disk/Research/research-javascript-test-smells/repositories/bootstrap-vue-dev/src/components/carousel/carousel.spec.js,Duplicate Assert,"{'line': 412, 'column': 4, 'index': 14654}","  410 |     await waitRAF()
  411 |
> 412 |     expect($carousel.emitted('sliding-start').length).toBe(2)
      |    ^ Duplicate Assert
  413 |     expect($carousel.emitted('sliding-end').length).toBe(2)
  414 |     expect($carousel.emitted('sliding-end')[1][0]).toEqual(0)
  415 |     expect($carousel.emitted('input').length).toBe(2)"
/home/gabriel/Disk/Research/research-javascript-test-smells/repositories/bootstrap-vue-dev/src/components/carousel/carousel.spec.js,Duplicate Assert,"{'line': 412, 'column': 4, 'index': 14654}","  410 |     await waitRAF()
  411 |
> 412 |     expect($carousel.emitted('sliding-start').length).toBe(2)
      |    ^ Duplicate Assert
  413 |     expect($carousel.emitted('sliding-end').length).toBe(2)
  414 |     expect($carousel.emitted('sliding-end')[1][0]).toEqual(0)
  415 |     expect($carousel.emitted('input').length).toBe(2)"
/home/gabriel/Disk/Research/research-javascript-test-smells/repositories/bootstrap-vue-dev/src/components/carousel/carousel.spec.js,Duplicate Assert,"{'line': 413, 'column': 4, 'index': 14716}","  411 |
  412 |     expect($carousel.emitted('sliding-start').length).toBe(2)
> 413 |     expect($carousel.emitted('sliding-end').length).toBe(2)
      |    ^ Duplicate Assert
  414 |     expect($carousel.emitted('sliding-end')[1][0]).toEqual(0)
  415 |     expect($carousel.emitted('input').length).toBe(2)
  416 |     expect($carousel.emitted('input')[1][0]).toEqual(0)"
/home/gabriel/Disk/Research/research-javascript-test-smells/repositories/bootstrap-vue-dev/src/components/carousel/carousel.spec.js,Duplicate Assert,"{'line': 415, 'column': 4, 'index': 14838}","  413 |     expect($carousel.emitted('sliding-end').length).toBe(2)
  414 |     expect($carousel.emitted('sliding-end')[1][0]).toEqual(0)
> 415 |     expect($carousel.emitted('input').length).toBe(2)
      |    ^ Duplicate Assert
  416 |     expect($carousel.emitted('input')[1][0]).toEqual(0)
  417 |
  418 |     wrapper.destroy()"
/home/gabriel/Disk/Research/research-javascript-test-smells/repositories/bootstrap-vue-dev/src/components/carousel/carousel.spec.js,Duplicate Assert,"{'line': 441, 'column': 4, 'index': 15527}","  439 |     expect($indicators.length).toBe(4)
  440 |
> 441 |     expect($carousel.emitted('sliding-start')).toBeUndefined()
      |    ^ Duplicate Assert
  442 |     expect($carousel.emitted('sliding-end')).toBeUndefined()
  443 |     expect($carousel.emitted('input')).toBeUndefined()
  444 |"
/home/gabriel/Disk/Research/research-javascript-test-smells/repositories/bootstrap-vue-dev/src/components/carousel/carousel.spec.js,Duplicate Assert,"{'line': 442, 'column': 4, 'index': 15590}","  440 |
  441 |     expect($carousel.emitted('sliding-start')).toBeUndefined()
> 442 |     expect($carousel.emitted('sliding-end')).toBeUndefined()
      |    ^ Duplicate Assert
  443 |     expect($carousel.emitted('input')).toBeUndefined()
  444 |
  445 |     await $indicators.at(3).trigger('click')"
/home/gabriel/Disk/Research/research-javascript-test-smells/repositories/bootstrap-vue-dev/src/components/carousel/carousel.spec.js,Duplicate Assert,"{'line': 442, 'column': 4, 'index': 15590}","  440 |
  441 |     expect($carousel.emitted('sliding-start')).toBeUndefined()
> 442 |     expect($carousel.emitted('sliding-end')).toBeUndefined()
      |    ^ Duplicate Assert
  443 |     expect($carousel.emitted('input')).toBeUndefined()
  444 |
  445 |     await $indicators.at(3).trigger('click')"
/home/gabriel/Disk/Research/research-javascript-test-smells/repositories/bootstrap-vue-dev/src/components/carousel/carousel.spec.js,Duplicate Assert,"{'line': 443, 'column': 4, 'index': 15651}","  441 |     expect($carousel.emitted('sliding-start')).toBeUndefined()
  442 |     expect($carousel.emitted('sliding-end')).toBeUndefined()
> 443 |     expect($carousel.emitted('input')).toBeUndefined()
      |    ^ Duplicate Assert
  444 |
  445 |     await $indicators.at(3).trigger('click')
  446 |"
/home/gabriel/Disk/Research/research-javascript-test-smells/repositories/bootstrap-vue-dev/src/components/carousel/carousel.spec.js,Duplicate Assert,"{'line': 447, 'column': 4, 'index': 15753}","  445 |     await $indicators.at(3).trigger('click')
  446 |
> 447 |     expect($carousel.emitted('sliding-start')).toBeDefined()
      |    ^ Duplicate Assert
  448 |     expect($carousel.emitted('sliding-end')).toBeUndefined()
  449 |     expect($carousel.emitted('sliding-start').length).toBe(1)
  450 |     expect($carousel.emitted('sliding-start')[0][0]).toEqual(3)"
/home/gabriel/Disk/Research/research-javascript-test-smells/repositories/bootstrap-vue-dev/src/components/carousel/carousel.spec.js,Duplicate Assert,"{'line': 448, 'column': 4, 'index': 15814}","  446 |
  447 |     expect($carousel.emitted('sliding-start')).toBeDefined()
> 448 |     expect($carousel.emitted('sliding-end')).toBeUndefined()
      |    ^ Duplicate Assert
  449 |     expect($carousel.emitted('sliding-start').length).toBe(1)
  450 |     expect($carousel.emitted('sliding-start')[0][0]).toEqual(3)
  451 |"
/home/gabriel/Disk/Research/research-javascript-test-smells/repositories/bootstrap-vue-dev/src/components/carousel/carousel.spec.js,Duplicate Assert,"{'line': 448, 'column': 4, 'index': 15814}","  446 |
  447 |     expect($carousel.emitted('sliding-start')).toBeDefined()
> 448 |     expect($carousel.emitted('sliding-end')).toBeUndefined()
      |    ^ Duplicate Assert
  449 |     expect($carousel.emitted('sliding-start').length).toBe(1)
  450 |     expect($carousel.emitted('sliding-start')[0][0]).toEqual(3)
  451 |"
/home/gabriel/Disk/Research/research-javascript-test-smells/repositories/bootstrap-vue-dev/src/components/carousel/carousel.spec.js,Duplicate Assert,"{'line': 449, 'column': 4, 'index': 15875}","  447 |     expect($carousel.emitted('sliding-start')).toBeDefined()
  448 |     expect($carousel.emitted('sliding-end')).toBeUndefined()
> 449 |     expect($carousel.emitted('sliding-start').length).toBe(1)
      |    ^ Duplicate Assert
  450 |     expect($carousel.emitted('sliding-start')[0][0]).toEqual(3)
  451 |
  452 |     jest.runOnlyPendingTimers()"
/home/gabriel/Disk/Research/research-javascript-test-smells/repositories/bootstrap-vue-dev/src/components/carousel/carousel.spec.js,Duplicate Assert,"{'line': 449, 'column': 4, 'index': 15875}","  447 |     expect($carousel.emitted('sliding-start')).toBeDefined()
  448 |     expect($carousel.emitted('sliding-end')).toBeUndefined()
> 449 |     expect($carousel.emitted('sliding-start').length).toBe(1)
      |    ^ Duplicate Assert
  450 |     expect($carousel.emitted('sliding-start')[0][0]).toEqual(3)
  451 |
  452 |     jest.runOnlyPendingTimers()"
/home/gabriel/Disk/Research/research-javascript-test-smells/repositories/bootstrap-vue-dev/src/components/carousel/carousel.spec.js,Duplicate Assert,"{'line': 456, 'column': 4, 'index': 16084}","  454 |     await waitRAF()
  455 |
> 456 |     expect($carousel.emitted('sliding-start').length).toBe(1)
      |    ^ Duplicate Assert
  457 |     expect($carousel.emitted('sliding-end')).toBeDefined()
  458 |     expect($carousel.emitted('sliding-end').length).toBe(1)
  459 |     expect($carousel.emitted('sliding-end')[0][0]).toEqual(3)"
/home/gabriel/Disk/Research/research-javascript-test-smells/repositories/bootstrap-vue-dev/src/components/carousel/carousel.spec.js,Duplicate Assert,"{'line': 456, 'column': 4, 'index': 16084}","  454 |     await waitRAF()
  455 |
> 456 |     expect($carousel.emitted('sliding-start').length).toBe(1)
      |    ^ Duplicate Assert
  457 |     expect($carousel.emitted('sliding-end')).toBeDefined()
  458 |     expect($carousel.emitted('sliding-end').length).toBe(1)
  459 |     expect($carousel.emitted('sliding-end')[0][0]).toEqual(3)"
/home/gabriel/Disk/Research/research-javascript-test-smells/repositories/bootstrap-vue-dev/src/components/carousel/carousel.spec.js,Duplicate Assert,"{'line': 457, 'column': 4, 'index': 16146}","  455 |
  456 |     expect($carousel.emitted('sliding-start').length).toBe(1)
> 457 |     expect($carousel.emitted('sliding-end')).toBeDefined()
      |    ^ Duplicate Assert
  458 |     expect($carousel.emitted('sliding-end').length).toBe(1)
  459 |     expect($carousel.emitted('sliding-end')[0][0]).toEqual(3)
  460 |     expect($carousel.emitted('input')).toBeDefined()"
/home/gabriel/Disk/Research/research-javascript-test-smells/repositories/bootstrap-vue-dev/src/components/carousel/carousel.spec.js,Duplicate Assert,"{'line': 458, 'column': 4, 'index': 16205}","  456 |     expect($carousel.emitted('sliding-start').length).toBe(1)
  457 |     expect($carousel.emitted('sliding-end')).toBeDefined()
> 458 |     expect($carousel.emitted('sliding-end').length).toBe(1)
      |    ^ Duplicate Assert
  459 |     expect($carousel.emitted('sliding-end')[0][0]).toEqual(3)
  460 |     expect($carousel.emitted('input')).toBeDefined()
  461 |     expect($carousel.emitted('input').length).toBe(1)"
/home/gabriel/Disk/Research/research-javascript-test-smells/repositories/bootstrap-vue-dev/src/components/carousel/carousel.spec.js,Duplicate Assert,"{'line': 458, 'column': 4, 'index': 16205}","  456 |     expect($carousel.emitted('sliding-start').length).toBe(1)
  457 |     expect($carousel.emitted('sliding-end')).toBeDefined()
> 458 |     expect($carousel.emitted('sliding-end').length).toBe(1)
      |    ^ Duplicate Assert
  459 |     expect($carousel.emitted('sliding-end')[0][0]).toEqual(3)
  460 |     expect($carousel.emitted('input')).toBeDefined()
  461 |     expect($carousel.emitted('input').length).toBe(1)"
/home/gabriel/Disk/Research/research-javascript-test-smells/repositories/bootstrap-vue-dev/src/components/carousel/carousel.spec.js,Duplicate Assert,"{'line': 460, 'column': 4, 'index': 16327}","  458 |     expect($carousel.emitted('sliding-end').length).toBe(1)
  459 |     expect($carousel.emitted('sliding-end')[0][0]).toEqual(3)
> 460 |     expect($carousel.emitted('input')).toBeDefined()
      |    ^ Duplicate Assert
  461 |     expect($carousel.emitted('input').length).toBe(1)
  462 |     expect($carousel.emitted('input')[0][0]).toEqual(3)
  463 |"
/home/gabriel/Disk/Research/research-javascript-test-smells/repositories/bootstrap-vue-dev/src/components/carousel/carousel.spec.js,Duplicate Assert,"{'line': 461, 'column': 4, 'index': 16380}","  459 |     expect($carousel.emitted('sliding-end')[0][0]).toEqual(3)
  460 |     expect($carousel.emitted('input')).toBeDefined()
> 461 |     expect($carousel.emitted('input').length).toBe(1)
      |    ^ Duplicate Assert
  462 |     expect($carousel.emitted('input')[0][0]).toEqual(3)
  463 |
  464 |     await $indicators.at(1).trigger('click')"
/home/gabriel/Disk/Research/research-javascript-test-smells/repositories/bootstrap-vue-dev/src/components/carousel/carousel.spec.js,Duplicate Assert,"{'line': 466, 'column': 4, 'index': 16537}","  464 |     await $indicators.at(1).trigger('click')
  465 |
> 466 |     expect($carousel.emitted('sliding-start').length).toBe(2)
      |    ^ Duplicate Assert
  467 |     expect($carousel.emitted('sliding-end').length).toBe(1)
  468 |     expect($carousel.emitted('sliding-start')[1][0]).toEqual(1)
  469 |"
/home/gabriel/Disk/Research/research-javascript-test-smells/repositories/bootstrap-vue-dev/src/components/carousel/carousel.spec.js,Duplicate Assert,"{'line': 466, 'column': 4, 'index': 16537}","  464 |     await $indicators.at(1).trigger('click')
  465 |
> 466 |     expect($carousel.emitted('sliding-start').length).toBe(2)
      |    ^ Duplicate Assert
  467 |     expect($carousel.emitted('sliding-end').length).toBe(1)
  468 |     expect($carousel.emitted('sliding-start')[1][0]).toEqual(1)
  469 |"
/home/gabriel/Disk/Research/research-javascript-test-smells/repositories/bootstrap-vue-dev/src/components/carousel/carousel.spec.js,Duplicate Assert,"{'line': 467, 'column': 4, 'index': 16599}","  465 |
  466 |     expect($carousel.emitted('sliding-start').length).toBe(2)
> 467 |     expect($carousel.emitted('sliding-end').length).toBe(1)
      |    ^ Duplicate Assert
  468 |     expect($carousel.emitted('sliding-start')[1][0]).toEqual(1)
  469 |
  470 |     jest.runOnlyPendingTimers()"
/home/gabriel/Disk/Research/research-javascript-test-smells/repositories/bootstrap-vue-dev/src/components/carousel/carousel.spec.js,Duplicate Assert,"{'line': 467, 'column': 4, 'index': 16599}","  465 |
  466 |     expect($carousel.emitted('sliding-start').length).toBe(2)
> 467 |     expect($carousel.emitted('sliding-end').length).toBe(1)
      |    ^ Duplicate Assert
  468 |     expect($carousel.emitted('sliding-start')[1][0]).toEqual(1)
  469 |
  470 |     jest.runOnlyPendingTimers()"
/home/gabriel/Disk/Research/research-javascript-test-smells/repositories/bootstrap-vue-dev/src/components/carousel/carousel.spec.js,Duplicate Assert,"{'line': 474, 'column': 4, 'index': 16806}","  472 |     await waitRAF()
  473 |
> 474 |     expect($carousel.emitted('sliding-start').length).toBe(2)
      |    ^ Duplicate Assert
  475 |     expect($carousel.emitted('sliding-end').length).toBe(2)
  476 |     expect($carousel.emitted('sliding-end')[1][0]).toEqual(1)
  477 |     expect($carousel.emitted('input').length).toBe(2)"
/home/gabriel/Disk/Research/research-javascript-test-smells/repositories/bootstrap-vue-dev/src/components/carousel/carousel.spec.js,Duplicate Assert,"{'line': 474, 'column': 4, 'index': 16806}","  472 |     await waitRAF()
  473 |
> 474 |     expect($carousel.emitted('sliding-start').length).toBe(2)
      |    ^ Duplicate Assert
  475 |     expect($carousel.emitted('sliding-end').length).toBe(2)
  476 |     expect($carousel.emitted('sliding-end')[1][0]).toEqual(1)
  477 |     expect($carousel.emitted('input').length).toBe(2)"
/home/gabriel/Disk/Research/research-javascript-test-smells/repositories/bootstrap-vue-dev/src/components/carousel/carousel.spec.js,Duplicate Assert,"{'line': 475, 'column': 4, 'index': 16868}","  473 |
  474 |     expect($carousel.emitted('sliding-start').length).toBe(2)
> 475 |     expect($carousel.emitted('sliding-end').length).toBe(2)
      |    ^ Duplicate Assert
  476 |     expect($carousel.emitted('sliding-end')[1][0]).toEqual(1)
  477 |     expect($carousel.emitted('input').length).toBe(2)
  478 |     expect($carousel.emitted('input')[1][0]).toEqual(1)"
/home/gabriel/Disk/Research/research-javascript-test-smells/repositories/bootstrap-vue-dev/src/components/carousel/carousel.spec.js,Duplicate Assert,"{'line': 477, 'column': 4, 'index': 16990}","  475 |     expect($carousel.emitted('sliding-end').length).toBe(2)
  476 |     expect($carousel.emitted('sliding-end')[1][0]).toEqual(1)
> 477 |     expect($carousel.emitted('input').length).toBe(2)
      |    ^ Duplicate Assert
  478 |     expect($carousel.emitted('input')[1][0]).toEqual(1)
  479 |
  480 |     wrapper.destroy()"
/home/gabriel/Disk/Research/research-javascript-test-smells/repositories/bootstrap-vue-dev/src/components/carousel/carousel.spec.js,Duplicate Assert,"{'line': 503, 'column': 4, 'index': 17692}","  501 |     expect($indicators.length).toBe(4)
  502 |
> 503 |     expect($carousel.emitted('sliding-start')).toBeUndefined()
      |    ^ Duplicate Assert
  504 |     expect($carousel.emitted('sliding-end')).toBeUndefined()
  505 |     expect($carousel.emitted('input')).toBeUndefined()
  506 |"
/home/gabriel/Disk/Research/research-javascript-test-smells/repositories/bootstrap-vue-dev/src/components/carousel/carousel.spec.js,Duplicate Assert,"{'line': 504, 'column': 4, 'index': 17755}","  502 |
  503 |     expect($carousel.emitted('sliding-start')).toBeUndefined()
> 504 |     expect($carousel.emitted('sliding-end')).toBeUndefined()
      |    ^ Duplicate Assert
  505 |     expect($carousel.emitted('input')).toBeUndefined()
  506 |
  507 |     await $indicators.at(3).trigger('keydown.space')"
/home/gabriel/Disk/Research/research-javascript-test-smells/repositories/bootstrap-vue-dev/src/components/carousel/carousel.spec.js,Duplicate Assert,"{'line': 504, 'column': 4, 'index': 17755}","  502 |
  503 |     expect($carousel.emitted('sliding-start')).toBeUndefined()
> 504 |     expect($carousel.emitted('sliding-end')).toBeUndefined()
      |    ^ Duplicate Assert
  505 |     expect($carousel.emitted('input')).toBeUndefined()
  506 |
  507 |     await $indicators.at(3).trigger('keydown.space')"
/home/gabriel/Disk/Research/research-javascript-test-smells/repositories/bootstrap-vue-dev/src/components/carousel/carousel.spec.js,Duplicate Assert,"{'line': 505, 'column': 4, 'index': 17816}","  503 |     expect($carousel.emitted('sliding-start')).toBeUndefined()
  504 |     expect($carousel.emitted('sliding-end')).toBeUndefined()
> 505 |     expect($carousel.emitted('input')).toBeUndefined()
      |    ^ Duplicate Assert
  506 |
  507 |     await $indicators.at(3).trigger('keydown.space')
  508 |"
/home/gabriel/Disk/Research/research-javascript-test-smells/repositories/bootstrap-vue-dev/src/components/carousel/carousel.spec.js,Duplicate Assert,"{'line': 509, 'column': 4, 'index': 17926}","  507 |     await $indicators.at(3).trigger('keydown.space')
  508 |
> 509 |     expect($carousel.emitted('sliding-start')).toBeDefined()
      |    ^ Duplicate Assert
  510 |     expect($carousel.emitted('sliding-end')).toBeUndefined()
  511 |     expect($carousel.emitted('sliding-start').length).toBe(1)
  512 |     expect($carousel.emitted('sliding-start')[0][0]).toEqual(3)"
/home/gabriel/Disk/Research/research-javascript-test-smells/repositories/bootstrap-vue-dev/src/components/carousel/carousel.spec.js,Duplicate Assert,"{'line': 510, 'column': 4, 'index': 17987}","  508 |
  509 |     expect($carousel.emitted('sliding-start')).toBeDefined()
> 510 |     expect($carousel.emitted('sliding-end')).toBeUndefined()
      |    ^ Duplicate Assert
  511 |     expect($carousel.emitted('sliding-start').length).toBe(1)
  512 |     expect($carousel.emitted('sliding-start')[0][0]).toEqual(3)
  513 |"
/home/gabriel/Disk/Research/research-javascript-test-smells/repositories/bootstrap-vue-dev/src/components/carousel/carousel.spec.js,Duplicate Assert,"{'line': 510, 'column': 4, 'index': 17987}","  508 |
  509 |     expect($carousel.emitted('sliding-start')).toBeDefined()
> 510 |     expect($carousel.emitted('sliding-end')).toBeUndefined()
      |    ^ Duplicate Assert
  511 |     expect($carousel.emitted('sliding-start').length).toBe(1)
  512 |     expect($carousel.emitted('sliding-start')[0][0]).toEqual(3)
  513 |"
/home/gabriel/Disk/Research/research-javascript-test-smells/repositories/bootstrap-vue-dev/src/components/carousel/carousel.spec.js,Duplicate Assert,"{'line': 511, 'column': 4, 'index': 18048}","  509 |     expect($carousel.emitted('sliding-start')).toBeDefined()
  510 |     expect($carousel.emitted('sliding-end')).toBeUndefined()
> 511 |     expect($carousel.emitted('sliding-start').length).toBe(1)
      |    ^ Duplicate Assert
  512 |     expect($carousel.emitted('sliding-start')[0][0]).toEqual(3)
  513 |
  514 |     jest.runOnlyPendingTimers()"
/home/gabriel/Disk/Research/research-javascript-test-smells/repositories/bootstrap-vue-dev/src/components/carousel/carousel.spec.js,Duplicate Assert,"{'line': 511, 'column': 4, 'index': 18048}","  509 |     expect($carousel.emitted('sliding-start')).toBeDefined()
  510 |     expect($carousel.emitted('sliding-end')).toBeUndefined()
> 511 |     expect($carousel.emitted('sliding-start').length).toBe(1)
      |    ^ Duplicate Assert
  512 |     expect($carousel.emitted('sliding-start')[0][0]).toEqual(3)
  513 |
  514 |     jest.runOnlyPendingTimers()"
/home/gabriel/Disk/Research/research-javascript-test-smells/repositories/bootstrap-vue-dev/src/components/carousel/carousel.spec.js,Duplicate Assert,"{'line': 518, 'column': 4, 'index': 18257}","  516 |     await waitRAF()
  517 |
> 518 |     expect($carousel.emitted('sliding-start').length).toBe(1)
      |    ^ Duplicate Assert
  519 |     expect($carousel.emitted('sliding-end')).toBeDefined()
  520 |     expect($carousel.emitted('sliding-end').length).toBe(1)
  521 |     expect($carousel.emitted('sliding-end')[0][0]).toEqual(3)"
/home/gabriel/Disk/Research/research-javascript-test-smells/repositories/bootstrap-vue-dev/src/components/carousel/carousel.spec.js,Duplicate Assert,"{'line': 518, 'column': 4, 'index': 18257}","  516 |     await waitRAF()
  517 |
> 518 |     expect($carousel.emitted('sliding-start').length).toBe(1)
      |    ^ Duplicate Assert
  519 |     expect($carousel.emitted('sliding-end')).toBeDefined()
  520 |     expect($carousel.emitted('sliding-end').length).toBe(1)
  521 |     expect($carousel.emitted('sliding-end')[0][0]).toEqual(3)"
/home/gabriel/Disk/Research/research-javascript-test-smells/repositories/bootstrap-vue-dev/src/components/carousel/carousel.spec.js,Duplicate Assert,"{'line': 519, 'column': 4, 'index': 18319}","  517 |
  518 |     expect($carousel.emitted('sliding-start').length).toBe(1)
> 519 |     expect($carousel.emitted('sliding-end')).toBeDefined()
      |    ^ Duplicate Assert
  520 |     expect($carousel.emitted('sliding-end').length).toBe(1)
  521 |     expect($carousel.emitted('sliding-end')[0][0]).toEqual(3)
  522 |     expect($carousel.emitted('input')).toBeDefined()"
/home/gabriel/Disk/Research/research-javascript-test-smells/repositories/bootstrap-vue-dev/src/components/carousel/carousel.spec.js,Duplicate Assert,"{'line': 520, 'column': 4, 'index': 18378}","  518 |     expect($carousel.emitted('sliding-start').length).toBe(1)
  519 |     expect($carousel.emitted('sliding-end')).toBeDefined()
> 520 |     expect($carousel.emitted('sliding-end').length).toBe(1)
      |    ^ Duplicate Assert
  521 |     expect($carousel.emitted('sliding-end')[0][0]).toEqual(3)
  522 |     expect($carousel.emitted('input')).toBeDefined()
  523 |     expect($carousel.emitted('input').length).toBe(1)"
/home/gabriel/Disk/Research/research-javascript-test-smells/repositories/bootstrap-vue-dev/src/components/carousel/carousel.spec.js,Duplicate Assert,"{'line': 520, 'column': 4, 'index': 18378}","  518 |     expect($carousel.emitted('sliding-start').length).toBe(1)
  519 |     expect($carousel.emitted('sliding-end')).toBeDefined()
> 520 |     expect($carousel.emitted('sliding-end').length).toBe(1)
      |    ^ Duplicate Assert
  521 |     expect($carousel.emitted('sliding-end')[0][0]).toEqual(3)
  522 |     expect($carousel.emitted('input')).toBeDefined()
  523 |     expect($carousel.emitted('input').length).toBe(1)"
/home/gabriel/Disk/Research/research-javascript-test-smells/repositories/bootstrap-vue-dev/src/components/carousel/carousel.spec.js,Duplicate Assert,"{'line': 522, 'column': 4, 'index': 18500}","  520 |     expect($carousel.emitted('sliding-end').length).toBe(1)
  521 |     expect($carousel.emitted('sliding-end')[0][0]).toEqual(3)
> 522 |     expect($carousel.emitted('input')).toBeDefined()
      |    ^ Duplicate Assert
  523 |     expect($carousel.emitted('input').length).toBe(1)
  524 |     expect($carousel.emitted('input')[0][0]).toEqual(3)
  525 |"
/home/gabriel/Disk/Research/research-javascript-test-smells/repositories/bootstrap-vue-dev/src/components/carousel/carousel.spec.js,Duplicate Assert,"{'line': 523, 'column': 4, 'index': 18553}","  521 |     expect($carousel.emitted('sliding-end')[0][0]).toEqual(3)
  522 |     expect($carousel.emitted('input')).toBeDefined()
> 523 |     expect($carousel.emitted('input').length).toBe(1)
      |    ^ Duplicate Assert
  524 |     expect($carousel.emitted('input')[0][0]).toEqual(3)
  525 |
  526 |     await $indicators.at(1).trigger('keydown.enter')"
/home/gabriel/Disk/Research/research-javascript-test-smells/repositories/bootstrap-vue-dev/src/components/carousel/carousel.spec.js,Duplicate Assert,"{'line': 528, 'column': 4, 'index': 18718}","  526 |     await $indicators.at(1).trigger('keydown.enter')
  527 |
> 528 |     expect($carousel.emitted('sliding-start').length).toBe(2)
      |    ^ Duplicate Assert
  529 |     expect($carousel.emitted('sliding-end').length).toBe(1)
  530 |     expect($carousel.emitted('sliding-start')[1][0]).toEqual(1)
  531 |"
/home/gabriel/Disk/Research/research-javascript-test-smells/repositories/bootstrap-vue-dev/src/components/carousel/carousel.spec.js,Duplicate Assert,"{'line': 528, 'column': 4, 'index': 18718}","  526 |     await $indicators.at(1).trigger('keydown.enter')
  527 |
> 528 |     expect($carousel.emitted('sliding-start').length).toBe(2)
      |    ^ Duplicate Assert
  529 |     expect($carousel.emitted('sliding-end').length).toBe(1)
  530 |     expect($carousel.emitted('sliding-start')[1][0]).toEqual(1)
  531 |"
/home/gabriel/Disk/Research/research-javascript-test-smells/repositories/bootstrap-vue-dev/src/components/carousel/carousel.spec.js,Duplicate Assert,"{'line': 529, 'column': 4, 'index': 18780}","  527 |
  528 |     expect($carousel.emitted('sliding-start').length).toBe(2)
> 529 |     expect($carousel.emitted('sliding-end').length).toBe(1)
      |    ^ Duplicate Assert
  530 |     expect($carousel.emitted('sliding-start')[1][0]).toEqual(1)
  531 |
  532 |     jest.runOnlyPendingTimers()"
/home/gabriel/Disk/Research/research-javascript-test-smells/repositories/bootstrap-vue-dev/src/components/carousel/carousel.spec.js,Duplicate Assert,"{'line': 529, 'column': 4, 'index': 18780}","  527 |
  528 |     expect($carousel.emitted('sliding-start').length).toBe(2)
> 529 |     expect($carousel.emitted('sliding-end').length).toBe(1)
      |    ^ Duplicate Assert
  530 |     expect($carousel.emitted('sliding-start')[1][0]).toEqual(1)
  531 |
  532 |     jest.runOnlyPendingTimers()"
/home/gabriel/Disk/Research/research-javascript-test-smells/repositories/bootstrap-vue-dev/src/components/carousel/carousel.spec.js,Duplicate Assert,"{'line': 536, 'column': 4, 'index': 18987}","  534 |     await waitRAF()
  535 |
> 536 |     expect($carousel.emitted('sliding-start').length).toBe(2)
      |    ^ Duplicate Assert
  537 |     expect($carousel.emitted('sliding-end').length).toBe(2)
  538 |     expect($carousel.emitted('sliding-end')[1][0]).toEqual(1)
  539 |     expect($carousel.emitted('input').length).toBe(2)"
/home/gabriel/Disk/Research/research-javascript-test-smells/repositories/bootstrap-vue-dev/src/components/carousel/carousel.spec.js,Duplicate Assert,"{'line': 536, 'column': 4, 'index': 18987}","  534 |     await waitRAF()
  535 |
> 536 |     expect($carousel.emitted('sliding-start').length).toBe(2)
      |    ^ Duplicate Assert
  537 |     expect($carousel.emitted('sliding-end').length).toBe(2)
  538 |     expect($carousel.emitted('sliding-end')[1][0]).toEqual(1)
  539 |     expect($carousel.emitted('input').length).toBe(2)"
/home/gabriel/Disk/Research/research-javascript-test-smells/repositories/bootstrap-vue-dev/src/components/carousel/carousel.spec.js,Duplicate Assert,"{'line': 537, 'column': 4, 'index': 19049}","  535 |
  536 |     expect($carousel.emitted('sliding-start').length).toBe(2)
> 537 |     expect($carousel.emitted('sliding-end').length).toBe(2)
      |    ^ Duplicate Assert
  538 |     expect($carousel.emitted('sliding-end')[1][0]).toEqual(1)
  539 |     expect($carousel.emitted('input').length).toBe(2)
  540 |     expect($carousel.emitted('input')[1][0]).toEqual(1)"
/home/gabriel/Disk/Research/research-javascript-test-smells/repositories/bootstrap-vue-dev/src/components/carousel/carousel.spec.js,Duplicate Assert,"{'line': 539, 'column': 4, 'index': 19171}","  537 |     expect($carousel.emitted('sliding-end').length).toBe(2)
  538 |     expect($carousel.emitted('sliding-end')[1][0]).toEqual(1)
> 539 |     expect($carousel.emitted('input').length).toBe(2)
      |    ^ Duplicate Assert
  540 |     expect($carousel.emitted('input')[1][0]).toEqual(1)
  541 |
  542 |     wrapper.destroy()"
/home/gabriel/Disk/Research/research-javascript-test-smells/repositories/bootstrap-vue-dev/src/components/carousel/carousel.spec.js,Duplicate Assert,"{'line': 562, 'column': 4, 'index': 19753}","  560 |     await waitRAF()
  561 |
> 562 |     expect($carousel.emitted('sliding-start')).toBeUndefined()
      |    ^ Duplicate Assert
  563 |     expect($carousel.emitted('sliding-end')).toBeUndefined()
  564 |     expect($carousel.emitted('input')).toBeUndefined()
  565 |"
/home/gabriel/Disk/Research/research-javascript-test-smells/repositories/bootstrap-vue-dev/src/components/carousel/carousel.spec.js,Duplicate Assert,"{'line': 563, 'column': 4, 'index': 19816}","  561 |
  562 |     expect($carousel.emitted('sliding-start')).toBeUndefined()
> 563 |     expect($carousel.emitted('sliding-end')).toBeUndefined()
      |    ^ Duplicate Assert
  564 |     expect($carousel.emitted('input')).toBeUndefined()
  565 |
  566 |     await $carousel.trigger('keydown.right')"
/home/gabriel/Disk/Research/research-javascript-test-smells/repositories/bootstrap-vue-dev/src/components/carousel/carousel.spec.js,Duplicate Assert,"{'line': 563, 'column': 4, 'index': 19816}","  561 |
  562 |     expect($carousel.emitted('sliding-start')).toBeUndefined()
> 563 |     expect($carousel.emitted('sliding-end')).toBeUndefined()
      |    ^ Duplicate Assert
  564 |     expect($carousel.emitted('input')).toBeUndefined()
  565 |
  566 |     await $carousel.trigger('keydown.right')"
/home/gabriel/Disk/Research/research-javascript-test-smells/repositories/bootstrap-vue-dev/src/components/carousel/carousel.spec.js,Duplicate Assert,"{'line': 564, 'column': 4, 'index': 19877}","  562 |     expect($carousel.emitted('sliding-start')).toBeUndefined()
  563 |     expect($carousel.emitted('sliding-end')).toBeUndefined()
> 564 |     expect($carousel.emitted('input')).toBeUndefined()
      |    ^ Duplicate Assert
  565 |
  566 |     await $carousel.trigger('keydown.right')
  567 |"
/home/gabriel/Disk/Research/research-javascript-test-smells/repositories/bootstrap-vue-dev/src/components/carousel/carousel.spec.js,Duplicate Assert,"{'line': 568, 'column': 4, 'index': 19979}","  566 |     await $carousel.trigger('keydown.right')
  567 |
> 568 |     expect($carousel.emitted('sliding-start')).toBeDefined()
      |    ^ Duplicate Assert
  569 |     expect($carousel.emitted('sliding-end')).toBeUndefined()
  570 |     expect($carousel.emitted('sliding-start').length).toBe(1)
  571 |     expect($carousel.emitted('sliding-start')[0][0]).toEqual(1)"
/home/gabriel/Disk/Research/research-javascript-test-smells/repositories/bootstrap-vue-dev/src/components/carousel/carousel.spec.js,Duplicate Assert,"{'line': 569, 'column': 4, 'index': 20040}","  567 |
  568 |     expect($carousel.emitted('sliding-start')).toBeDefined()
> 569 |     expect($carousel.emitted('sliding-end')).toBeUndefined()
      |    ^ Duplicate Assert
  570 |     expect($carousel.emitted('sliding-start').length).toBe(1)
  571 |     expect($carousel.emitted('sliding-start')[0][0]).toEqual(1)
  572 |"
/home/gabriel/Disk/Research/research-javascript-test-smells/repositories/bootstrap-vue-dev/src/components/carousel/carousel.spec.js,Duplicate Assert,"{'line': 569, 'column': 4, 'index': 20040}","  567 |
  568 |     expect($carousel.emitted('sliding-start')).toBeDefined()
> 569 |     expect($carousel.emitted('sliding-end')).toBeUndefined()
      |    ^ Duplicate Assert
  570 |     expect($carousel.emitted('sliding-start').length).toBe(1)
  571 |     expect($carousel.emitted('sliding-start')[0][0]).toEqual(1)
  572 |"
/home/gabriel/Disk/Research/research-javascript-test-smells/repositories/bootstrap-vue-dev/src/components/carousel/carousel.spec.js,Duplicate Assert,"{'line': 570, 'column': 4, 'index': 20101}","  568 |     expect($carousel.emitted('sliding-start')).toBeDefined()
  569 |     expect($carousel.emitted('sliding-end')).toBeUndefined()
> 570 |     expect($carousel.emitted('sliding-start').length).toBe(1)
      |    ^ Duplicate Assert
  571 |     expect($carousel.emitted('sliding-start')[0][0]).toEqual(1)
  572 |
  573 |     jest.runOnlyPendingTimers()"
/home/gabriel/Disk/Research/research-javascript-test-smells/repositories/bootstrap-vue-dev/src/components/carousel/carousel.spec.js,Duplicate Assert,"{'line': 570, 'column': 4, 'index': 20101}","  568 |     expect($carousel.emitted('sliding-start')).toBeDefined()
  569 |     expect($carousel.emitted('sliding-end')).toBeUndefined()
> 570 |     expect($carousel.emitted('sliding-start').length).toBe(1)
      |    ^ Duplicate Assert
  571 |     expect($carousel.emitted('sliding-start')[0][0]).toEqual(1)
  572 |
  573 |     jest.runOnlyPendingTimers()"
/home/gabriel/Disk/Research/research-javascript-test-smells/repositories/bootstrap-vue-dev/src/components/carousel/carousel.spec.js,Duplicate Assert,"{'line': 577, 'column': 4, 'index': 20310}","  575 |     await waitRAF()
  576 |
> 577 |     expect($carousel.emitted('sliding-start').length).toBe(1)
      |    ^ Duplicate Assert
  578 |     expect($carousel.emitted('sliding-end')).toBeDefined()
  579 |     expect($carousel.emitted('sliding-end').length).toBe(1)
  580 |     expect($carousel.emitted('sliding-end')[0][0]).toEqual(1)"
/home/gabriel/Disk/Research/research-javascript-test-smells/repositories/bootstrap-vue-dev/src/components/carousel/carousel.spec.js,Duplicate Assert,"{'line': 577, 'column': 4, 'index': 20310}","  575 |     await waitRAF()
  576 |
> 577 |     expect($carousel.emitted('sliding-start').length).toBe(1)
      |    ^ Duplicate Assert
  578 |     expect($carousel.emitted('sliding-end')).toBeDefined()
  579 |     expect($carousel.emitted('sliding-end').length).toBe(1)
  580 |     expect($carousel.emitted('sliding-end')[0][0]).toEqual(1)"
/home/gabriel/Disk/Research/research-javascript-test-smells/repositories/bootstrap-vue-dev/src/components/carousel/carousel.spec.js,Duplicate Assert,"{'line': 578, 'column': 4, 'index': 20372}","  576 |
  577 |     expect($carousel.emitted('sliding-start').length).toBe(1)
> 578 |     expect($carousel.emitted('sliding-end')).toBeDefined()
      |    ^ Duplicate Assert
  579 |     expect($carousel.emitted('sliding-end').length).toBe(1)
  580 |     expect($carousel.emitted('sliding-end')[0][0]).toEqual(1)
  581 |     expect($carousel.emitted('input')).toBeDefined()"
/home/gabriel/Disk/Research/research-javascript-test-smells/repositories/bootstrap-vue-dev/src/components/carousel/carousel.spec.js,Duplicate Assert,"{'line': 579, 'column': 4, 'index': 20431}","  577 |     expect($carousel.emitted('sliding-start').length).toBe(1)
  578 |     expect($carousel.emitted('sliding-end')).toBeDefined()
> 579 |     expect($carousel.emitted('sliding-end').length).toBe(1)
      |    ^ Duplicate Assert
  580 |     expect($carousel.emitted('sliding-end')[0][0]).toEqual(1)
  581 |     expect($carousel.emitted('input')).toBeDefined()
  582 |     expect($carousel.emitted('input').length).toBe(1)"
/home/gabriel/Disk/Research/research-javascript-test-smells/repositories/bootstrap-vue-dev/src/components/carousel/carousel.spec.js,Duplicate Assert,"{'line': 579, 'column': 4, 'index': 20431}","  577 |     expect($carousel.emitted('sliding-start').length).toBe(1)
  578 |     expect($carousel.emitted('sliding-end')).toBeDefined()
> 579 |     expect($carousel.emitted('sliding-end').length).toBe(1)
      |    ^ Duplicate Assert
  580 |     expect($carousel.emitted('sliding-end')[0][0]).toEqual(1)
  581 |     expect($carousel.emitted('input')).toBeDefined()
  582 |     expect($carousel.emitted('input').length).toBe(1)"
/home/gabriel/Disk/Research/research-javascript-test-smells/repositories/bootstrap-vue-dev/src/components/carousel/carousel.spec.js,Duplicate Assert,"{'line': 581, 'column': 4, 'index': 20553}","  579 |     expect($carousel.emitted('sliding-end').length).toBe(1)
  580 |     expect($carousel.emitted('sliding-end')[0][0]).toEqual(1)
> 581 |     expect($carousel.emitted('input')).toBeDefined()
      |    ^ Duplicate Assert
  582 |     expect($carousel.emitted('input').length).toBe(1)
  583 |     expect($carousel.emitted('input')[0][0]).toEqual(1)
  584 |"
/home/gabriel/Disk/Research/research-javascript-test-smells/repositories/bootstrap-vue-dev/src/components/carousel/carousel.spec.js,Duplicate Assert,"{'line': 582, 'column': 4, 'index': 20606}","  580 |     expect($carousel.emitted('sliding-end')[0][0]).toEqual(1)
  581 |     expect($carousel.emitted('input')).toBeDefined()
> 582 |     expect($carousel.emitted('input').length).toBe(1)
      |    ^ Duplicate Assert
  583 |     expect($carousel.emitted('input')[0][0]).toEqual(1)
  584 |
  585 |     await $carousel.trigger('keydown.left')"
/home/gabriel/Disk/Research/research-javascript-test-smells/repositories/bootstrap-vue-dev/src/components/carousel/carousel.spec.js,Duplicate Assert,"{'line': 587, 'column': 4, 'index': 20762}","  585 |     await $carousel.trigger('keydown.left')
  586 |
> 587 |     expect($carousel.emitted('sliding-start').length).toBe(2)
      |    ^ Duplicate Assert
  588 |     expect($carousel.emitted('sliding-end').length).toBe(1)
  589 |     expect($carousel.emitted('sliding-start')[1][0]).toEqual(0)
  590 |"
/home/gabriel/Disk/Research/research-javascript-test-smells/repositories/bootstrap-vue-dev/src/components/carousel/carousel.spec.js,Duplicate Assert,"{'line': 587, 'column': 4, 'index': 20762}","  585 |     await $carousel.trigger('keydown.left')
  586 |
> 587 |     expect($carousel.emitted('sliding-start').length).toBe(2)
      |    ^ Duplicate Assert
  588 |     expect($carousel.emitted('sliding-end').length).toBe(1)
  589 |     expect($carousel.emitted('sliding-start')[1][0]).toEqual(0)
  590 |"
/home/gabriel/Disk/Research/research-javascript-test-smells/repositories/bootstrap-vue-dev/src/components/carousel/carousel.spec.js,Duplicate Assert,"{'line': 588, 'column': 4, 'index': 20824}","  586 |
  587 |     expect($carousel.emitted('sliding-start').length).toBe(2)
> 588 |     expect($carousel.emitted('sliding-end').length).toBe(1)
      |    ^ Duplicate Assert
  589 |     expect($carousel.emitted('sliding-start')[1][0]).toEqual(0)
  590 |
  591 |     jest.runOnlyPendingTimers()"
/home/gabriel/Disk/Research/research-javascript-test-smells/repositories/bootstrap-vue-dev/src/components/carousel/carousel.spec.js,Duplicate Assert,"{'line': 588, 'column': 4, 'index': 20824}","  586 |
  587 |     expect($carousel.emitted('sliding-start').length).toBe(2)
> 588 |     expect($carousel.emitted('sliding-end').length).toBe(1)
      |    ^ Duplicate Assert
  589 |     expect($carousel.emitted('sliding-start')[1][0]).toEqual(0)
  590 |
  591 |     jest.runOnlyPendingTimers()"
/home/gabriel/Disk/Research/research-javascript-test-smells/repositories/bootstrap-vue-dev/src/components/carousel/carousel.spec.js,Duplicate Assert,"{'line': 595, 'column': 4, 'index': 21031}","  593 |     await waitRAF()
  594 |
> 595 |     expect($carousel.emitted('sliding-start').length).toBe(2)
      |    ^ Duplicate Assert
  596 |     expect($carousel.emitted('sliding-end').length).toBe(2)
  597 |     expect($carousel.emitted('sliding-end')[1][0]).toEqual(0)
  598 |     expect($carousel.emitted('input').length).toBe(2)"
/home/gabriel/Disk/Research/research-javascript-test-smells/repositories/bootstrap-vue-dev/src/components/carousel/carousel.spec.js,Duplicate Assert,"{'line': 595, 'column': 4, 'index': 21031}","  593 |     await waitRAF()
  594 |
> 595 |     expect($carousel.emitted('sliding-start').length).toBe(2)
      |    ^ Duplicate Assert
  596 |     expect($carousel.emitted('sliding-end').length).toBe(2)
  597 |     expect($carousel.emitted('sliding-end')[1][0]).toEqual(0)
  598 |     expect($carousel.emitted('input').length).toBe(2)"
/home/gabriel/Disk/Research/research-javascript-test-smells/repositories/bootstrap-vue-dev/src/components/carousel/carousel.spec.js,Duplicate Assert,"{'line': 596, 'column': 4, 'index': 21093}","  594 |
  595 |     expect($carousel.emitted('sliding-start').length).toBe(2)
> 596 |     expect($carousel.emitted('sliding-end').length).toBe(2)
      |    ^ Duplicate Assert
  597 |     expect($carousel.emitted('sliding-end')[1][0]).toEqual(0)
  598 |     expect($carousel.emitted('input').length).toBe(2)
  599 |     expect($carousel.emitted('input')[1][0]).toEqual(0)"
/home/gabriel/Disk/Research/research-javascript-test-smells/repositories/bootstrap-vue-dev/src/components/carousel/carousel.spec.js,Duplicate Assert,"{'line': 598, 'column': 4, 'index': 21215}","  596 |     expect($carousel.emitted('sliding-end').length).toBe(2)
  597 |     expect($carousel.emitted('sliding-end')[1][0]).toEqual(0)
> 598 |     expect($carousel.emitted('input').length).toBe(2)
      |    ^ Duplicate Assert
  599 |     expect($carousel.emitted('input')[1][0]).toEqual(0)
  600 |
  601 |     wrapper.destroy()"
/home/gabriel/Disk/Research/research-javascript-test-smells/repositories/bootstrap-vue-dev/src/components/carousel/carousel.spec.js,Duplicate Assert,"{'line': 620, 'column': 4, 'index': 21781}","  618 |     await waitRAF()
  619 |
> 620 |     expect($carousel.emitted('unpaused')).toBeUndefined()
      |    ^ Duplicate Assert
  621 |     expect($carousel.emitted('paused')).toBeUndefined()
  622 |     expect($carousel.emitted('input')).toBeUndefined()
  623 |"
/home/gabriel/Disk/Research/research-javascript-test-smells/repositories/bootstrap-vue-dev/src/components/carousel/carousel.spec.js,Duplicate Assert,"{'line': 620, 'column': 4, 'index': 21781}","  618 |     await waitRAF()
  619 |
> 620 |     expect($carousel.emitted('unpaused')).toBeUndefined()
      |    ^ Duplicate Assert
  621 |     expect($carousel.emitted('paused')).toBeUndefined()
  622 |     expect($carousel.emitted('input')).toBeUndefined()
  623 |"
/home/gabriel/Disk/Research/research-javascript-test-smells/repositories/bootstrap-vue-dev/src/components/carousel/carousel.spec.js,Duplicate Assert,"{'line': 621, 'column': 4, 'index': 21839}","  619 |
  620 |     expect($carousel.emitted('unpaused')).toBeUndefined()
> 621 |     expect($carousel.emitted('paused')).toBeUndefined()
      |    ^ Duplicate Assert
  622 |     expect($carousel.emitted('input')).toBeUndefined()
  623 |
  624 |     expect($carousel.vm.interval).toBe(0)"
/home/gabriel/Disk/Research/research-javascript-test-smells/repositories/bootstrap-vue-dev/src/components/carousel/carousel.spec.js,Duplicate Assert,"{'line': 621, 'column': 4, 'index': 21839}","  619 |
  620 |     expect($carousel.emitted('unpaused')).toBeUndefined()
> 621 |     expect($carousel.emitted('paused')).toBeUndefined()
      |    ^ Duplicate Assert
  622 |     expect($carousel.emitted('input')).toBeUndefined()
  623 |
  624 |     expect($carousel.vm.interval).toBe(0)"
/home/gabriel/Disk/Research/research-javascript-test-smells/repositories/bootstrap-vue-dev/src/components/carousel/carousel.spec.js,Duplicate Assert,"{'line': 624, 'column': 4, 'index': 21951}","  622 |     expect($carousel.emitted('input')).toBeUndefined()
  623 |
> 624 |     expect($carousel.vm.interval).toBe(0)
      |    ^ Duplicate Assert
  625 |
  626 |     jest.runOnlyPendingTimers()
  627 |     await waitNT(wrapper.vm)"
/home/gabriel/Disk/Research/research-javascript-test-smells/repositories/bootstrap-vue-dev/src/components/carousel/carousel.spec.js,Duplicate Assert,"{'line': 624, 'column': 4, 'index': 21951}","  622 |     expect($carousel.emitted('input')).toBeUndefined()
  623 |
> 624 |     expect($carousel.vm.interval).toBe(0)
      |    ^ Duplicate Assert
  625 |
  626 |     jest.runOnlyPendingTimers()
  627 |     await waitNT(wrapper.vm)"
/home/gabriel/Disk/Research/research-javascript-test-smells/repositories/bootstrap-vue-dev/src/components/carousel/carousel.spec.js,Duplicate Assert,"{'line': 630, 'column': 4, 'index': 22076}","  628 |     await waitRAF()
  629 |
> 630 |     expect($carousel.emitted('unpaused')).toBeUndefined()
      |    ^ Duplicate Assert
  631 |     expect($carousel.emitted('paused')).toBeUndefined()
  632 |
  633 |     await wrapper.setProps({"
/home/gabriel/Disk/Research/research-javascript-test-smells/repositories/bootstrap-vue-dev/src/components/carousel/carousel.spec.js,Duplicate Assert,"{'line': 630, 'column': 4, 'index': 22076}","  628 |     await waitRAF()
  629 |
> 630 |     expect($carousel.emitted('unpaused')).toBeUndefined()
      |    ^ Duplicate Assert
  631 |     expect($carousel.emitted('paused')).toBeUndefined()
  632 |
  633 |     await wrapper.setProps({"
/home/gabriel/Disk/Research/research-javascript-test-smells/repositories/bootstrap-vue-dev/src/components/carousel/carousel.spec.js,Duplicate Assert,"{'line': 631, 'column': 4, 'index': 22134}","  629 |
  630 |     expect($carousel.emitted('unpaused')).toBeUndefined()
> 631 |     expect($carousel.emitted('paused')).toBeUndefined()
      |    ^ Duplicate Assert
  632 |
  633 |     await wrapper.setProps({
  634 |       interval: 1000"
/home/gabriel/Disk/Research/research-javascript-test-smells/repositories/bootstrap-vue-dev/src/components/carousel/carousel.spec.js,Duplicate Assert,"{'line': 631, 'column': 4, 'index': 22134}","  629 |
  630 |     expect($carousel.emitted('unpaused')).toBeUndefined()
> 631 |     expect($carousel.emitted('paused')).toBeUndefined()
      |    ^ Duplicate Assert
  632 |
  633 |     await wrapper.setProps({
  634 |       interval: 1000"
/home/gabriel/Disk/Research/research-javascript-test-smells/repositories/bootstrap-vue-dev/src/components/carousel/carousel.spec.js,Duplicate Assert,"{'line': 639, 'column': 4, 'index': 22298}","  637 |     await waitRAF()
  638 |
> 639 |     expect($carousel.vm.interval).toBe(1000)
      |    ^ Duplicate Assert
  640 |
  641 |     jest.runOnlyPendingTimers()
  642 |     await waitNT(wrapper.vm)"
/home/gabriel/Disk/Research/research-javascript-test-smells/repositories/bootstrap-vue-dev/src/components/carousel/carousel.spec.js,Duplicate Assert,"{'line': 639, 'column': 4, 'index': 22298}","  637 |     await waitRAF()
  638 |
> 639 |     expect($carousel.vm.interval).toBe(1000)
      |    ^ Duplicate Assert
  640 |
  641 |     jest.runOnlyPendingTimers()
  642 |     await waitNT(wrapper.vm)"
/home/gabriel/Disk/Research/research-javascript-test-smells/repositories/bootstrap-vue-dev/src/components/carousel/carousel.spec.js,Duplicate Assert,"{'line': 645, 'column': 4, 'index': 22426}","  643 |     await waitRAF()
  644 |
> 645 |     expect($carousel.emitted('unpaused')).toBeDefined()
      |    ^ Duplicate Assert
  646 |     expect($carousel.emitted('unpaused').length).toBe(1)
  647 |     expect($carousel.emitted('paused')).toBeUndefined()
  648 |"
/home/gabriel/Disk/Research/research-javascript-test-smells/repositories/bootstrap-vue-dev/src/components/carousel/carousel.spec.js,Duplicate Assert,"{'line': 646, 'column': 4, 'index': 22482}","  644 |
  645 |     expect($carousel.emitted('unpaused')).toBeDefined()
> 646 |     expect($carousel.emitted('unpaused').length).toBe(1)
      |    ^ Duplicate Assert
  647 |     expect($carousel.emitted('paused')).toBeUndefined()
  648 |
  649 |     jest.runOnlyPendingTimers()"
/home/gabriel/Disk/Research/research-javascript-test-smells/repositories/bootstrap-vue-dev/src/components/carousel/carousel.spec.js,Duplicate Assert,"{'line': 646, 'column': 4, 'index': 22482}","  644 |
  645 |     expect($carousel.emitted('unpaused')).toBeDefined()
> 646 |     expect($carousel.emitted('unpaused').length).toBe(1)
      |    ^ Duplicate Assert
  647 |     expect($carousel.emitted('paused')).toBeUndefined()
  648 |
  649 |     jest.runOnlyPendingTimers()"
/home/gabriel/Disk/Research/research-javascript-test-smells/repositories/bootstrap-vue-dev/src/components/carousel/carousel.spec.js,Duplicate Assert,"{'line': 647, 'column': 4, 'index': 22539}","  645 |     expect($carousel.emitted('unpaused')).toBeDefined()
  646 |     expect($carousel.emitted('unpaused').length).toBe(1)
> 647 |     expect($carousel.emitted('paused')).toBeUndefined()
      |    ^ Duplicate Assert
  648 |
  649 |     jest.runOnlyPendingTimers()
  650 |     await waitNT(wrapper.vm)"
/home/gabriel/Disk/Research/research-javascript-test-smells/repositories/bootstrap-vue-dev/src/components/carousel/carousel.spec.js,Duplicate Assert,"{'line': 647, 'column': 4, 'index': 22539}","  645 |     expect($carousel.emitted('unpaused')).toBeDefined()
  646 |     expect($carousel.emitted('unpaused').length).toBe(1)
> 647 |     expect($carousel.emitted('paused')).toBeUndefined()
      |    ^ Duplicate Assert
  648 |
  649 |     jest.runOnlyPendingTimers()
  650 |     await waitNT(wrapper.vm)"
/home/gabriel/Disk/Research/research-javascript-test-smells/repositories/bootstrap-vue-dev/src/components/carousel/carousel.spec.js,Duplicate Assert,"{'line': 660, 'column': 4, 'index': 22814}","  658 |     jest.runOnlyPendingTimers()
  659 |
> 660 |     expect($carousel.vm.interval).toBe(0)
      |    ^ Duplicate Assert
  661 |     expect($carousel.emitted('unpaused').length).toBe(1)
  662 |     expect($carousel.emitted('paused')).toBeDefined()
  663 |     expect($carousel.emitted('paused').length).toBe(1)"
/home/gabriel/Disk/Research/research-javascript-test-smells/repositories/bootstrap-vue-dev/src/components/carousel/carousel.spec.js,Duplicate Assert,"{'line': 660, 'column': 4, 'index': 22814}","  658 |     jest.runOnlyPendingTimers()
  659 |
> 660 |     expect($carousel.vm.interval).toBe(0)
      |    ^ Duplicate Assert
  661 |     expect($carousel.emitted('unpaused').length).toBe(1)
  662 |     expect($carousel.emitted('paused')).toBeDefined()
  663 |     expect($carousel.emitted('paused').length).toBe(1)"
/home/gabriel/Disk/Research/research-javascript-test-smells/repositories/bootstrap-vue-dev/src/components/carousel/carousel.spec.js,Duplicate Assert,"{'line': 661, 'column': 4, 'index': 22856}","  659 |
  660 |     expect($carousel.vm.interval).toBe(0)
> 661 |     expect($carousel.emitted('unpaused').length).toBe(1)
      |    ^ Duplicate Assert
  662 |     expect($carousel.emitted('paused')).toBeDefined()
  663 |     expect($carousel.emitted('paused').length).toBe(1)
  664 |"
/home/gabriel/Disk/Research/research-javascript-test-smells/repositories/bootstrap-vue-dev/src/components/carousel/carousel.spec.js,Duplicate Assert,"{'line': 661, 'column': 4, 'index': 22856}","  659 |
  660 |     expect($carousel.vm.interval).toBe(0)
> 661 |     expect($carousel.emitted('unpaused').length).toBe(1)
      |    ^ Duplicate Assert
  662 |     expect($carousel.emitted('paused')).toBeDefined()
  663 |     expect($carousel.emitted('paused').length).toBe(1)
  664 |"
/home/gabriel/Disk/Research/research-javascript-test-smells/repositories/bootstrap-vue-dev/src/components/carousel/carousel.spec.js,Duplicate Assert,"{'line': 662, 'column': 4, 'index': 22913}","  660 |     expect($carousel.vm.interval).toBe(0)
  661 |     expect($carousel.emitted('unpaused').length).toBe(1)
> 662 |     expect($carousel.emitted('paused')).toBeDefined()
      |    ^ Duplicate Assert
  663 |     expect($carousel.emitted('paused').length).toBe(1)
  664 |
  665 |     jest.runOnlyPendingTimers()"
/home/gabriel/Disk/Research/research-javascript-test-smells/repositories/bootstrap-vue-dev/src/components/carousel/carousel.spec.js,Duplicate Assert,"{'line': 663, 'column': 4, 'index': 22967}","  661 |     expect($carousel.emitted('unpaused').length).toBe(1)
  662 |     expect($carousel.emitted('paused')).toBeDefined()
> 663 |     expect($carousel.emitted('paused').length).toBe(1)
      |    ^ Duplicate Assert
  664 |
  665 |     jest.runOnlyPendingTimers()
  666 |     await waitNT(wrapper.vm)"
/home/gabriel/Disk/Research/research-javascript-test-smells/repositories/bootstrap-vue-dev/src/components/carousel/carousel.spec.js,Duplicate Assert,"{'line': 663, 'column': 4, 'index': 22967}","  661 |     expect($carousel.emitted('unpaused').length).toBe(1)
  662 |     expect($carousel.emitted('paused')).toBeDefined()
> 663 |     expect($carousel.emitted('paused').length).toBe(1)
      |    ^ Duplicate Assert
  664 |
  665 |     jest.runOnlyPendingTimers()
  666 |     await waitNT(wrapper.vm)"
/home/gabriel/Disk/Research/research-javascript-test-smells/repositories/bootstrap-vue-dev/src/components/carousel/carousel.spec.js,Duplicate Assert,"{'line': 676, 'column': 4, 'index': 23244}","  674 |     jest.runOnlyPendingTimers()
  675 |
> 676 |     expect($carousel.vm.interval).toBe(1000)
      |    ^ Duplicate Assert
  677 |     expect($carousel.emitted('unpaused').length).toBe(2)
  678 |     expect($carousel.emitted('paused').length).toBe(1)
  679 |"
/home/gabriel/Disk/Research/research-javascript-test-smells/repositories/bootstrap-vue-dev/src/components/carousel/carousel.spec.js,Duplicate Assert,"{'line': 676, 'column': 4, 'index': 23244}","  674 |     jest.runOnlyPendingTimers()
  675 |
> 676 |     expect($carousel.vm.interval).toBe(1000)
      |    ^ Duplicate Assert
  677 |     expect($carousel.emitted('unpaused').length).toBe(2)
  678 |     expect($carousel.emitted('paused').length).toBe(1)
  679 |"
/home/gabriel/Disk/Research/research-javascript-test-smells/repositories/bootstrap-vue-dev/src/components/carousel/carousel.spec.js,Duplicate Assert,"{'line': 677, 'column': 4, 'index': 23289}","  675 |
  676 |     expect($carousel.vm.interval).toBe(1000)
> 677 |     expect($carousel.emitted('unpaused').length).toBe(2)
      |    ^ Duplicate Assert
  678 |     expect($carousel.emitted('paused').length).toBe(1)
  679 |
  680 |     wrapper.destroy()"
/home/gabriel/Disk/Research/research-javascript-test-smells/repositories/bootstrap-vue-dev/src/components/carousel/carousel.spec.js,Duplicate Assert,"{'line': 678, 'column': 4, 'index': 23346}","  676 |     expect($carousel.vm.interval).toBe(1000)
  677 |     expect($carousel.emitted('unpaused').length).toBe(2)
> 678 |     expect($carousel.emitted('paused').length).toBe(1)
      |    ^ Duplicate Assert
  679 |
  680 |     wrapper.destroy()
  681 |   })"
/home/gabriel/Disk/Research/research-javascript-test-smells/repositories/bootstrap-vue-dev/src/components/carousel/carousel.spec.js,Duplicate Assert,"{'line': 678, 'column': 4, 'index': 23346}","  676 |     expect($carousel.vm.interval).toBe(1000)
  677 |     expect($carousel.emitted('unpaused').length).toBe(2)
> 678 |     expect($carousel.emitted('paused').length).toBe(1)
      |    ^ Duplicate Assert
  679 |
  680 |     wrapper.destroy()
  681 |   })"
/home/gabriel/Disk/Research/research-javascript-test-smells/repositories/bootstrap-vue-dev/src/components/carousel/carousel.spec.js,Duplicate Assert,"{'line': 703, 'column': 4, 'index': 23980}","  701 |     expect($indicators.length).toBe(4)
  702 |
> 703 |     expect($carousel.emitted('sliding-start')).toBeUndefined()
      |    ^ Duplicate Assert
  704 |     expect($carousel.emitted('sliding-end')).toBeUndefined()
  705 |     expect($carousel.emitted('input')).toBeUndefined()
  706 |"
/home/gabriel/Disk/Research/research-javascript-test-smells/repositories/bootstrap-vue-dev/src/components/carousel/carousel.spec.js,Duplicate Assert,"{'line': 704, 'column': 4, 'index': 24043}","  702 |
  703 |     expect($carousel.emitted('sliding-start')).toBeUndefined()
> 704 |     expect($carousel.emitted('sliding-end')).toBeUndefined()
      |    ^ Duplicate Assert
  705 |     expect($carousel.emitted('input')).toBeUndefined()
  706 |
  707 |     expect($carousel.vm.index).toBe(0)"
/home/gabriel/Disk/Research/research-javascript-test-smells/repositories/bootstrap-vue-dev/src/components/carousel/carousel.spec.js,Duplicate Assert,"{'line': 704, 'column': 4, 'index': 24043}","  702 |
  703 |     expect($carousel.emitted('sliding-start')).toBeUndefined()
> 704 |     expect($carousel.emitted('sliding-end')).toBeUndefined()
      |    ^ Duplicate Assert
  705 |     expect($carousel.emitted('input')).toBeUndefined()
  706 |
  707 |     expect($carousel.vm.index).toBe(0)"
/home/gabriel/Disk/Research/research-javascript-test-smells/repositories/bootstrap-vue-dev/src/components/carousel/carousel.spec.js,Duplicate Assert,"{'line': 705, 'column': 4, 'index': 24104}","  703 |     expect($carousel.emitted('sliding-start')).toBeUndefined()
  704 |     expect($carousel.emitted('sliding-end')).toBeUndefined()
> 705 |     expect($carousel.emitted('input')).toBeUndefined()
      |    ^ Duplicate Assert
  706 |
  707 |     expect($carousel.vm.index).toBe(0)
  708 |     expect($carousel.vm.isSliding).toBe(false)"
/home/gabriel/Disk/Research/research-javascript-test-smells/repositories/bootstrap-vue-dev/src/components/carousel/carousel.spec.js,Duplicate Assert,"{'line': 708, 'column': 4, 'index': 24199}","  706 |
  707 |     expect($carousel.vm.index).toBe(0)
> 708 |     expect($carousel.vm.isSliding).toBe(false)
      |    ^ Duplicate Assert
  709 |
  710 |     await wrapper.setProps({
  711 |       value: 1"
/home/gabriel/Disk/Research/research-javascript-test-smells/repositories/bootstrap-vue-dev/src/components/carousel/carousel.spec.js,Duplicate Assert,"{'line': 708, 'column': 4, 'index': 24199}","  706 |
  707 |     expect($carousel.vm.index).toBe(0)
> 708 |     expect($carousel.vm.isSliding).toBe(false)
      |    ^ Duplicate Assert
  709 |
  710 |     await wrapper.setProps({
  711 |       value: 1"
/home/gabriel/Disk/Research/research-javascript-test-smells/repositories/bootstrap-vue-dev/src/components/carousel/carousel.spec.js,Duplicate Assert,"{'line': 717, 'column': 4, 'index': 24349}","  715 |     await waitRAF()
  716 |
> 717 |     expect($carousel.emitted('sliding-start')).toBeDefined()
      |    ^ Duplicate Assert
  718 |     expect($carousel.emitted('sliding-end')).toBeUndefined()
  719 |     expect($carousel.emitted('sliding-start').length).toBe(1)
  720 |     expect($carousel.emitted('sliding-start')[0][0]).toEqual(1)"
/home/gabriel/Disk/Research/research-javascript-test-smells/repositories/bootstrap-vue-dev/src/components/carousel/carousel.spec.js,Duplicate Assert,"{'line': 718, 'column': 4, 'index': 24410}","  716 |
  717 |     expect($carousel.emitted('sliding-start')).toBeDefined()
> 718 |     expect($carousel.emitted('sliding-end')).toBeUndefined()
      |    ^ Duplicate Assert
  719 |     expect($carousel.emitted('sliding-start').length).toBe(1)
  720 |     expect($carousel.emitted('sliding-start')[0][0]).toEqual(1)
  721 |     expect($carousel.vm.isSliding).toBe(true)"
/home/gabriel/Disk/Research/research-javascript-test-smells/repositories/bootstrap-vue-dev/src/components/carousel/carousel.spec.js,Duplicate Assert,"{'line': 718, 'column': 4, 'index': 24410}","  716 |
  717 |     expect($carousel.emitted('sliding-start')).toBeDefined()
> 718 |     expect($carousel.emitted('sliding-end')).toBeUndefined()
      |    ^ Duplicate Assert
  719 |     expect($carousel.emitted('sliding-start').length).toBe(1)
  720 |     expect($carousel.emitted('sliding-start')[0][0]).toEqual(1)
  721 |     expect($carousel.vm.isSliding).toBe(true)"
/home/gabriel/Disk/Research/research-javascript-test-smells/repositories/bootstrap-vue-dev/src/components/carousel/carousel.spec.js,Duplicate Assert,"{'line': 719, 'column': 4, 'index': 24471}","  717 |     expect($carousel.emitted('sliding-start')).toBeDefined()
  718 |     expect($carousel.emitted('sliding-end')).toBeUndefined()
> 719 |     expect($carousel.emitted('sliding-start').length).toBe(1)
      |    ^ Duplicate Assert
  720 |     expect($carousel.emitted('sliding-start')[0][0]).toEqual(1)
  721 |     expect($carousel.vm.isSliding).toBe(true)
  722 |"
/home/gabriel/Disk/Research/research-javascript-test-smells/repositories/bootstrap-vue-dev/src/components/carousel/carousel.spec.js,Duplicate Assert,"{'line': 719, 'column': 4, 'index': 24471}","  717 |     expect($carousel.emitted('sliding-start')).toBeDefined()
  718 |     expect($carousel.emitted('sliding-end')).toBeUndefined()
> 719 |     expect($carousel.emitted('sliding-start').length).toBe(1)
      |    ^ Duplicate Assert
  720 |     expect($carousel.emitted('sliding-start')[0][0]).toEqual(1)
  721 |     expect($carousel.vm.isSliding).toBe(true)
  722 |"
/home/gabriel/Disk/Research/research-javascript-test-smells/repositories/bootstrap-vue-dev/src/components/carousel/carousel.spec.js,Duplicate Assert,"{'line': 721, 'column': 4, 'index': 24597}","  719 |     expect($carousel.emitted('sliding-start').length).toBe(1)
  720 |     expect($carousel.emitted('sliding-start')[0][0]).toEqual(1)
> 721 |     expect($carousel.vm.isSliding).toBe(true)
      |    ^ Duplicate Assert
  722 |
  723 |     jest.runOnlyPendingTimers()
  724 |     await waitNT(wrapper.vm)"
/home/gabriel/Disk/Research/research-javascript-test-smells/repositories/bootstrap-vue-dev/src/components/carousel/carousel.spec.js,Duplicate Assert,"{'line': 721, 'column': 4, 'index': 24597}","  719 |     expect($carousel.emitted('sliding-start').length).toBe(1)
  720 |     expect($carousel.emitted('sliding-start')[0][0]).toEqual(1)
> 721 |     expect($carousel.vm.isSliding).toBe(true)
      |    ^ Duplicate Assert
  722 |
  723 |     jest.runOnlyPendingTimers()
  724 |     await waitNT(wrapper.vm)"
/home/gabriel/Disk/Research/research-javascript-test-smells/repositories/bootstrap-vue-dev/src/components/carousel/carousel.spec.js,Duplicate Assert,"{'line': 727, 'column': 4, 'index': 24726}","  725 |     await waitRAF()
  726 |
> 727 |     expect($carousel.emitted('sliding-start').length).toBe(1)
      |    ^ Duplicate Assert
  728 |     expect($carousel.emitted('sliding-end')).toBeDefined()
  729 |     expect($carousel.emitted('sliding-end').length).toBe(1)
  730 |     expect($carousel.emitted('sliding-end')[0][0]).toEqual(1)"
/home/gabriel/Disk/Research/research-javascript-test-smells/repositories/bootstrap-vue-dev/src/components/carousel/carousel.spec.js,Duplicate Assert,"{'line': 727, 'column': 4, 'index': 24726}","  725 |     await waitRAF()
  726 |
> 727 |     expect($carousel.emitted('sliding-start').length).toBe(1)
      |    ^ Duplicate Assert
  728 |     expect($carousel.emitted('sliding-end')).toBeDefined()
  729 |     expect($carousel.emitted('sliding-end').length).toBe(1)
  730 |     expect($carousel.emitted('sliding-end')[0][0]).toEqual(1)"
/home/gabriel/Disk/Research/research-javascript-test-smells/repositories/bootstrap-vue-dev/src/components/carousel/carousel.spec.js,Duplicate Assert,"{'line': 728, 'column': 4, 'index': 24788}","  726 |
  727 |     expect($carousel.emitted('sliding-start').length).toBe(1)
> 728 |     expect($carousel.emitted('sliding-end')).toBeDefined()
      |    ^ Duplicate Assert
  729 |     expect($carousel.emitted('sliding-end').length).toBe(1)
  730 |     expect($carousel.emitted('sliding-end')[0][0]).toEqual(1)
  731 |     expect($carousel.emitted('input')).toBeDefined()"
/home/gabriel/Disk/Research/research-javascript-test-smells/repositories/bootstrap-vue-dev/src/components/carousel/carousel.spec.js,Duplicate Assert,"{'line': 729, 'column': 4, 'index': 24847}","  727 |     expect($carousel.emitted('sliding-start').length).toBe(1)
  728 |     expect($carousel.emitted('sliding-end')).toBeDefined()
> 729 |     expect($carousel.emitted('sliding-end').length).toBe(1)
      |    ^ Duplicate Assert
  730 |     expect($carousel.emitted('sliding-end')[0][0]).toEqual(1)
  731 |     expect($carousel.emitted('input')).toBeDefined()
  732 |     expect($carousel.emitted('input').length).toBe(1)"
/home/gabriel/Disk/Research/research-javascript-test-smells/repositories/bootstrap-vue-dev/src/components/carousel/carousel.spec.js,Duplicate Assert,"{'line': 729, 'column': 4, 'index': 24847}","  727 |     expect($carousel.emitted('sliding-start').length).toBe(1)
  728 |     expect($carousel.emitted('sliding-end')).toBeDefined()
> 729 |     expect($carousel.emitted('sliding-end').length).toBe(1)
      |    ^ Duplicate Assert
  730 |     expect($carousel.emitted('sliding-end')[0][0]).toEqual(1)
  731 |     expect($carousel.emitted('input')).toBeDefined()
  732 |     expect($carousel.emitted('input').length).toBe(1)"
/home/gabriel/Disk/Research/research-javascript-test-smells/repositories/bootstrap-vue-dev/src/components/carousel/carousel.spec.js,Duplicate Assert,"{'line': 731, 'column': 4, 'index': 24969}","  729 |     expect($carousel.emitted('sliding-end').length).toBe(1)
  730 |     expect($carousel.emitted('sliding-end')[0][0]).toEqual(1)
> 731 |     expect($carousel.emitted('input')).toBeDefined()
      |    ^ Duplicate Assert
  732 |     expect($carousel.emitted('input').length).toBe(1)
  733 |     expect($carousel.emitted('input')[0][0]).toEqual(1)
  734 |     expect($carousel.vm.isSliding).toBe(false)"
/home/gabriel/Disk/Research/research-javascript-test-smells/repositories/bootstrap-vue-dev/src/components/carousel/carousel.spec.js,Duplicate Assert,"{'line': 732, 'column': 4, 'index': 25022}","  730 |     expect($carousel.emitted('sliding-end')[0][0]).toEqual(1)
  731 |     expect($carousel.emitted('input')).toBeDefined()
> 732 |     expect($carousel.emitted('input').length).toBe(1)
      |    ^ Duplicate Assert
  733 |     expect($carousel.emitted('input')[0][0]).toEqual(1)
  734 |     expect($carousel.vm.isSliding).toBe(false)
  735 |"
/home/gabriel/Disk/Research/research-javascript-test-smells/repositories/bootstrap-vue-dev/src/components/carousel/carousel.spec.js,Duplicate Assert,"{'line': 734, 'column': 4, 'index': 25132}","  732 |     expect($carousel.emitted('input').length).toBe(1)
  733 |     expect($carousel.emitted('input')[0][0]).toEqual(1)
> 734 |     expect($carousel.vm.isSliding).toBe(false)
      |    ^ Duplicate Assert
  735 |
  736 |     await wrapper.setProps({
  737 |       value: 3"
/home/gabriel/Disk/Research/research-javascript-test-smells/repositories/bootstrap-vue-dev/src/components/carousel/carousel.spec.js,Duplicate Assert,"{'line': 734, 'column': 4, 'index': 25132}","  732 |     expect($carousel.emitted('input').length).toBe(1)
  733 |     expect($carousel.emitted('input')[0][0]).toEqual(1)
> 734 |     expect($carousel.vm.isSliding).toBe(false)
      |    ^ Duplicate Assert
  735 |
  736 |     await wrapper.setProps({
  737 |       value: 3"
/home/gabriel/Disk/Research/research-javascript-test-smells/repositories/bootstrap-vue-dev/src/components/carousel/carousel.spec.js,Duplicate Assert,"{'line': 743, 'column': 4, 'index': 25282}","  741 |     await waitRAF()
  742 |
> 743 |     expect($carousel.emitted('sliding-start').length).toBe(2)
      |    ^ Duplicate Assert
  744 |     expect($carousel.emitted('sliding-end').length).toBe(1)
  745 |     expect($carousel.emitted('sliding-start')[1][0]).toEqual(3)
  746 |     expect($carousel.vm.isSliding).toBe(true)"
/home/gabriel/Disk/Research/research-javascript-test-smells/repositories/bootstrap-vue-dev/src/components/carousel/carousel.spec.js,Duplicate Assert,"{'line': 743, 'column': 4, 'index': 25282}","  741 |     await waitRAF()
  742 |
> 743 |     expect($carousel.emitted('sliding-start').length).toBe(2)
      |    ^ Duplicate Assert
  744 |     expect($carousel.emitted('sliding-end').length).toBe(1)
  745 |     expect($carousel.emitted('sliding-start')[1][0]).toEqual(3)
  746 |     expect($carousel.vm.isSliding).toBe(true)"
/home/gabriel/Disk/Research/research-javascript-test-smells/repositories/bootstrap-vue-dev/src/components/carousel/carousel.spec.js,Duplicate Assert,"{'line': 744, 'column': 4, 'index': 25344}","  742 |
  743 |     expect($carousel.emitted('sliding-start').length).toBe(2)
> 744 |     expect($carousel.emitted('sliding-end').length).toBe(1)
      |    ^ Duplicate Assert
  745 |     expect($carousel.emitted('sliding-start')[1][0]).toEqual(3)
  746 |     expect($carousel.vm.isSliding).toBe(true)
  747 |"
/home/gabriel/Disk/Research/research-javascript-test-smells/repositories/bootstrap-vue-dev/src/components/carousel/carousel.spec.js,Duplicate Assert,"{'line': 744, 'column': 4, 'index': 25344}","  742 |
  743 |     expect($carousel.emitted('sliding-start').length).toBe(2)
> 744 |     expect($carousel.emitted('sliding-end').length).toBe(1)
      |    ^ Duplicate Assert
  745 |     expect($carousel.emitted('sliding-start')[1][0]).toEqual(3)
  746 |     expect($carousel.vm.isSliding).toBe(true)
  747 |"
/home/gabriel/Disk/Research/research-javascript-test-smells/repositories/bootstrap-vue-dev/src/components/carousel/carousel.spec.js,Duplicate Assert,"{'line': 746, 'column': 4, 'index': 25468}","  744 |     expect($carousel.emitted('sliding-end').length).toBe(1)
  745 |     expect($carousel.emitted('sliding-start')[1][0]).toEqual(3)
> 746 |     expect($carousel.vm.isSliding).toBe(true)
      |    ^ Duplicate Assert
  747 |
  748 |     jest.runOnlyPendingTimers()
  749 |     await waitNT(wrapper.vm)"
/home/gabriel/Disk/Research/research-javascript-test-smells/repositories/bootstrap-vue-dev/src/components/carousel/carousel.spec.js,Duplicate Assert,"{'line': 746, 'column': 4, 'index': 25468}","  744 |     expect($carousel.emitted('sliding-end').length).toBe(1)
  745 |     expect($carousel.emitted('sliding-start')[1][0]).toEqual(3)
> 746 |     expect($carousel.vm.isSliding).toBe(true)
      |    ^ Duplicate Assert
  747 |
  748 |     jest.runOnlyPendingTimers()
  749 |     await waitNT(wrapper.vm)"
/home/gabriel/Disk/Research/research-javascript-test-smells/repositories/bootstrap-vue-dev/src/components/carousel/carousel.spec.js,Duplicate Assert,"{'line': 752, 'column': 4, 'index': 25597}","  750 |     await waitRAF()
  751 |
> 752 |     expect($carousel.emitted('sliding-start').length).toBe(2)
      |    ^ Duplicate Assert
  753 |     expect($carousel.emitted('sliding-end').length).toBe(2)
  754 |     expect($carousel.emitted('sliding-end')[1][0]).toEqual(3)
  755 |     expect($carousel.emitted('input').length).toBe(2)"
/home/gabriel/Disk/Research/research-javascript-test-smells/repositories/bootstrap-vue-dev/src/components/carousel/carousel.spec.js,Duplicate Assert,"{'line': 752, 'column': 4, 'index': 25597}","  750 |     await waitRAF()
  751 |
> 752 |     expect($carousel.emitted('sliding-start').length).toBe(2)
      |    ^ Duplicate Assert
  753 |     expect($carousel.emitted('sliding-end').length).toBe(2)
  754 |     expect($carousel.emitted('sliding-end')[1][0]).toEqual(3)
  755 |     expect($carousel.emitted('input').length).toBe(2)"
/home/gabriel/Disk/Research/research-javascript-test-smells/repositories/bootstrap-vue-dev/src/components/carousel/carousel.spec.js,Duplicate Assert,"{'line': 753, 'column': 4, 'index': 25659}","  751 |
  752 |     expect($carousel.emitted('sliding-start').length).toBe(2)
> 753 |     expect($carousel.emitted('sliding-end').length).toBe(2)
      |    ^ Duplicate Assert
  754 |     expect($carousel.emitted('sliding-end')[1][0]).toEqual(3)
  755 |     expect($carousel.emitted('input').length).toBe(2)
  756 |     expect($carousel.emitted('input')[1][0]).toEqual(3)"
/home/gabriel/Disk/Research/research-javascript-test-smells/repositories/bootstrap-vue-dev/src/components/carousel/carousel.spec.js,Duplicate Assert,"{'line': 755, 'column': 4, 'index': 25781}","  753 |     expect($carousel.emitted('sliding-end').length).toBe(2)
  754 |     expect($carousel.emitted('sliding-end')[1][0]).toEqual(3)
> 755 |     expect($carousel.emitted('input').length).toBe(2)
      |    ^ Duplicate Assert
  756 |     expect($carousel.emitted('input')[1][0]).toEqual(3)
  757 |     expect($carousel.vm.isSliding).toBe(false)
  758 |"
/home/gabriel/Disk/Research/research-javascript-test-smells/repositories/bootstrap-vue-dev/src/components/carousel/carousel.spec.js,Duplicate Assert,"{'line': 757, 'column': 4, 'index': 25891}","  755 |     expect($carousel.emitted('input').length).toBe(2)
  756 |     expect($carousel.emitted('input')[1][0]).toEqual(3)
> 757 |     expect($carousel.vm.isSliding).toBe(false)
      |    ^ Duplicate Assert
  758 |
  759 |     wrapper.destroy()
  760 |   })"
/home/gabriel/Disk/Research/research-javascript-test-smells/repositories/bootstrap-vue-dev/src/components/carousel/carousel.spec.js,Duplicate Assert,"{'line': 757, 'column': 4, 'index': 25891}","  755 |     expect($carousel.emitted('input').length).toBe(2)
  756 |     expect($carousel.emitted('input')[1][0]).toEqual(3)
> 757 |     expect($carousel.vm.isSliding).toBe(false)
      |    ^ Duplicate Assert
  758 |
  759 |     wrapper.destroy()
  760 |   })"
/home/gabriel/Disk/Research/research-javascript-test-smells/repositories/bootstrap-vue-dev/src/components/carousel/carousel.spec.js,Duplicate Assert,"{'line': 782, 'column': 4, 'index': 26510}","  780 |     expect($indicators.length).toBe(4)
  781 |
> 782 |     expect($carousel.emitted('sliding-start')).toBeUndefined()
      |    ^ Duplicate Assert
  783 |     expect($carousel.emitted('sliding-end')).toBeUndefined()
  784 |     expect($carousel.emitted('input')).toBeUndefined()
  785 |"
/home/gabriel/Disk/Research/research-javascript-test-smells/repositories/bootstrap-vue-dev/src/components/carousel/carousel.spec.js,Duplicate Assert,"{'line': 783, 'column': 4, 'index': 26573}","  781 |
  782 |     expect($carousel.emitted('sliding-start')).toBeUndefined()
> 783 |     expect($carousel.emitted('sliding-end')).toBeUndefined()
      |    ^ Duplicate Assert
  784 |     expect($carousel.emitted('input')).toBeUndefined()
  785 |
  786 |     expect($carousel.vm.index).toBe(0)"
/home/gabriel/Disk/Research/research-javascript-test-smells/repositories/bootstrap-vue-dev/src/components/carousel/carousel.spec.js,Duplicate Assert,"{'line': 784, 'column': 4, 'index': 26634}","  782 |     expect($carousel.emitted('sliding-start')).toBeUndefined()
  783 |     expect($carousel.emitted('sliding-end')).toBeUndefined()
> 784 |     expect($carousel.emitted('input')).toBeUndefined()
      |    ^ Duplicate Assert
  785 |
  786 |     expect($carousel.vm.index).toBe(0)
  787 |     expect($carousel.vm.isSliding).toBe(false)"
/home/gabriel/Disk/Research/research-javascript-test-smells/repositories/bootstrap-vue-dev/src/components/carousel/carousel.spec.js,Duplicate Assert,"{'line': 786, 'column': 4, 'index': 26690}","  784 |     expect($carousel.emitted('input')).toBeUndefined()
  785 |
> 786 |     expect($carousel.vm.index).toBe(0)
      |    ^ Duplicate Assert
  787 |     expect($carousel.vm.isSliding).toBe(false)
  788 |
  789 |     // Transitions (or fallback timers) are not used when no-animation set"
/home/gabriel/Disk/Research/research-javascript-test-smells/repositories/bootstrap-vue-dev/src/components/carousel/carousel.spec.js,Duplicate Assert,"{'line': 787, 'column': 4, 'index': 26729}","  785 |
  786 |     expect($carousel.vm.index).toBe(0)
> 787 |     expect($carousel.vm.isSliding).toBe(false)
      |    ^ Duplicate Assert
  788 |
  789 |     // Transitions (or fallback timers) are not used when no-animation set
  790 |     await wrapper.setProps({"
/home/gabriel/Disk/Research/research-javascript-test-smells/repositories/bootstrap-vue-dev/src/components/carousel/carousel.spec.js,Duplicate Assert,"{'line': 787, 'column': 4, 'index': 26729}","  785 |
  786 |     expect($carousel.vm.index).toBe(0)
> 787 |     expect($carousel.vm.isSliding).toBe(false)
      |    ^ Duplicate Assert
  788 |
  789 |     // Transitions (or fallback timers) are not used when no-animation set
  790 |     await wrapper.setProps({"
/home/gabriel/Disk/Research/research-javascript-test-smells/repositories/bootstrap-vue-dev/src/components/carousel/carousel.spec.js,Duplicate Assert,"{'line': 796, 'column': 4, 'index': 26934}","  794 |     await waitNT(wrapper.vm)
  795 |
> 796 |     expect($carousel.emitted('sliding-start')).toBeDefined()
      |    ^ Duplicate Assert
  797 |     expect($carousel.emitted('sliding-end')).toBeDefined()
  798 |     expect($carousel.emitted('sliding-start').length).toBe(1)
  799 |     expect($carousel.emitted('sliding-end').length).toBe(1)"
/home/gabriel/Disk/Research/research-javascript-test-smells/repositories/bootstrap-vue-dev/src/components/carousel/carousel.spec.js,Duplicate Assert,"{'line': 797, 'column': 4, 'index': 26995}","  795 |
  796 |     expect($carousel.emitted('sliding-start')).toBeDefined()
> 797 |     expect($carousel.emitted('sliding-end')).toBeDefined()
      |    ^ Duplicate Assert
  798 |     expect($carousel.emitted('sliding-start').length).toBe(1)
  799 |     expect($carousel.emitted('sliding-end').length).toBe(1)
  800 |     expect($carousel.emitted('sliding-start')[0][0]).toEqual(1)"
/home/gabriel/Disk/Research/research-javascript-test-smells/repositories/bootstrap-vue-dev/src/components/carousel/carousel.spec.js,Duplicate Assert,"{'line': 798, 'column': 4, 'index': 27054}","  796 |     expect($carousel.emitted('sliding-start')).toBeDefined()
  797 |     expect($carousel.emitted('sliding-end')).toBeDefined()
> 798 |     expect($carousel.emitted('sliding-start').length).toBe(1)
      |    ^ Duplicate Assert
  799 |     expect($carousel.emitted('sliding-end').length).toBe(1)
  800 |     expect($carousel.emitted('sliding-start')[0][0]).toEqual(1)
  801 |     expect($carousel.emitted('sliding-end')[0][0]).toEqual(1)"
/home/gabriel/Disk/Research/research-javascript-test-smells/repositories/bootstrap-vue-dev/src/components/carousel/carousel.spec.js,Duplicate Assert,"{'line': 799, 'column': 4, 'index': 27116}","  797 |     expect($carousel.emitted('sliding-end')).toBeDefined()
  798 |     expect($carousel.emitted('sliding-start').length).toBe(1)
> 799 |     expect($carousel.emitted('sliding-end').length).toBe(1)
      |    ^ Duplicate Assert
  800 |     expect($carousel.emitted('sliding-start')[0][0]).toEqual(1)
  801 |     expect($carousel.emitted('sliding-end')[0][0]).toEqual(1)
  802 |     expect($carousel.emitted('input')).toBeDefined()"
/home/gabriel/Disk/Research/research-javascript-test-smells/repositories/bootstrap-vue-dev/src/components/carousel/carousel.spec.js,Duplicate Assert,"{'line': 802, 'column': 4, 'index': 27302}","  800 |     expect($carousel.emitted('sliding-start')[0][0]).toEqual(1)
  801 |     expect($carousel.emitted('sliding-end')[0][0]).toEqual(1)
> 802 |     expect($carousel.emitted('input')).toBeDefined()
      |    ^ Duplicate Assert
  803 |     expect($carousel.emitted('input').length).toBe(1)
  804 |     expect($carousel.emitted('input')[0][0]).toEqual(1)
  805 |     expect($carousel.vm.index).toBe(1)"
/home/gabriel/Disk/Research/research-javascript-test-smells/repositories/bootstrap-vue-dev/src/components/carousel/carousel.spec.js,Duplicate Assert,"{'line': 803, 'column': 4, 'index': 27355}","  801 |     expect($carousel.emitted('sliding-end')[0][0]).toEqual(1)
  802 |     expect($carousel.emitted('input')).toBeDefined()
> 803 |     expect($carousel.emitted('input').length).toBe(1)
      |    ^ Duplicate Assert
  804 |     expect($carousel.emitted('input')[0][0]).toEqual(1)
  805 |     expect($carousel.vm.index).toBe(1)
  806 |     expect($carousel.vm.isSliding).toBe(false)"
/home/gabriel/Disk/Research/research-javascript-test-smells/repositories/bootstrap-vue-dev/src/components/carousel/carousel.spec.js,Duplicate Assert,"{'line': 805, 'column': 4, 'index': 27465}","  803 |     expect($carousel.emitted('input').length).toBe(1)
  804 |     expect($carousel.emitted('input')[0][0]).toEqual(1)
> 805 |     expect($carousel.vm.index).toBe(1)
      |    ^ Duplicate Assert
  806 |     expect($carousel.vm.isSliding).toBe(false)
  807 |
  808 |     await wrapper.setProps({"
/home/gabriel/Disk/Research/research-javascript-test-smells/repositories/bootstrap-vue-dev/src/components/carousel/carousel.spec.js,Duplicate Assert,"{'line': 806, 'column': 4, 'index': 27504}","  804 |     expect($carousel.emitted('input')[0][0]).toEqual(1)
  805 |     expect($carousel.vm.index).toBe(1)
> 806 |     expect($carousel.vm.isSliding).toBe(false)
      |    ^ Duplicate Assert
  807 |
  808 |     await wrapper.setProps({
  809 |       value: 3"
/home/gabriel/Disk/Research/research-javascript-test-smells/repositories/bootstrap-vue-dev/src/components/carousel/carousel.spec.js,Duplicate Assert,"{'line': 806, 'column': 4, 'index': 27504}","  804 |     expect($carousel.emitted('input')[0][0]).toEqual(1)
  805 |     expect($carousel.vm.index).toBe(1)
> 806 |     expect($carousel.vm.isSliding).toBe(false)
      |    ^ Duplicate Assert
  807 |
  808 |     await wrapper.setProps({
  809 |       value: 3"
/home/gabriel/Disk/Research/research-javascript-test-smells/repositories/bootstrap-vue-dev/src/components/carousel/carousel.spec.js,Duplicate Assert,"{'line': 814, 'column': 4, 'index': 27634}","  812 |     await waitNT(wrapper.vm)
  813 |
> 814 |     expect($carousel.emitted('sliding-start').length).toBe(2)
      |    ^ Duplicate Assert
  815 |     expect($carousel.emitted('sliding-end').length).toBe(2)
  816 |     expect($carousel.emitted('sliding-start')[1][0]).toEqual(3)
  817 |     expect($carousel.emitted('sliding-end')[1][0]).toEqual(3)"
/home/gabriel/Disk/Research/research-javascript-test-smells/repositories/bootstrap-vue-dev/src/components/carousel/carousel.spec.js,Duplicate Assert,"{'line': 815, 'column': 4, 'index': 27696}","  813 |
  814 |     expect($carousel.emitted('sliding-start').length).toBe(2)
> 815 |     expect($carousel.emitted('sliding-end').length).toBe(2)
      |    ^ Duplicate Assert
  816 |     expect($carousel.emitted('sliding-start')[1][0]).toEqual(3)
  817 |     expect($carousel.emitted('sliding-end')[1][0]).toEqual(3)
  818 |     expect($carousel.emitted('input').length).toBe(2)"
/home/gabriel/Disk/Research/research-javascript-test-smells/repositories/bootstrap-vue-dev/src/components/carousel/carousel.spec.js,Duplicate Assert,"{'line': 818, 'column': 4, 'index': 27882}","  816 |     expect($carousel.emitted('sliding-start')[1][0]).toEqual(3)
  817 |     expect($carousel.emitted('sliding-end')[1][0]).toEqual(3)
> 818 |     expect($carousel.emitted('input').length).toBe(2)
      |    ^ Duplicate Assert
  819 |     expect($carousel.emitted('input')[1][0]).toEqual(3)
  820 |     expect($carousel.vm.index).toBe(3)
  821 |     expect($carousel.vm.isSliding).toBe(false)"
/home/gabriel/Disk/Research/research-javascript-test-smells/repositories/bootstrap-vue-dev/src/components/carousel/carousel.spec.js,Duplicate Assert,"{'line': 820, 'column': 4, 'index': 27992}","  818 |     expect($carousel.emitted('input').length).toBe(2)
  819 |     expect($carousel.emitted('input')[1][0]).toEqual(3)
> 820 |     expect($carousel.vm.index).toBe(3)
      |    ^ Duplicate Assert
  821 |     expect($carousel.vm.isSliding).toBe(false)
  822 |
  823 |     wrapper.destroy()"
/home/gabriel/Disk/Research/research-javascript-test-smells/repositories/bootstrap-vue-dev/src/components/carousel/carousel.spec.js,Duplicate Assert,"{'line': 821, 'column': 4, 'index': 28031}","  819 |     expect($carousel.emitted('input')[1][0]).toEqual(3)
  820 |     expect($carousel.vm.index).toBe(3)
> 821 |     expect($carousel.vm.isSliding).toBe(false)
      |    ^ Duplicate Assert
  822 |
  823 |     wrapper.destroy()
  824 |   })"
/home/gabriel/Disk/Research/research-javascript-test-smells/repositories/bootstrap-vue-dev/src/components/carousel/carousel.spec.js,Duplicate Assert,"{'line': 821, 'column': 4, 'index': 28031}","  819 |     expect($carousel.emitted('input')[1][0]).toEqual(3)
  820 |     expect($carousel.vm.index).toBe(3)
> 821 |     expect($carousel.vm.isSliding).toBe(false)
      |    ^ Duplicate Assert
  822 |
  823 |     wrapper.destroy()
  824 |   })"
/home/gabriel/Disk/Research/research-javascript-test-smells/repositories/bootstrap-vue-dev/src/components/carousel/carousel.spec.js,Duplicate Assert,"{'line': 845, 'column': 4, 'index': 28668}","  843 |     expect($indicators.length).toBe(4)
  844 |
> 845 |     expect($carousel.emitted('sliding-start')).toBeUndefined()
      |    ^ Duplicate Assert
  846 |     expect($carousel.emitted('sliding-end')).toBeUndefined()
  847 |     expect($carousel.emitted('input')).toBeUndefined()
  848 |"
/home/gabriel/Disk/Research/research-javascript-test-smells/repositories/bootstrap-vue-dev/src/components/carousel/carousel.spec.js,Duplicate Assert,"{'line': 846, 'column': 4, 'index': 28731}","  844 |
  845 |     expect($carousel.emitted('sliding-start')).toBeUndefined()
> 846 |     expect($carousel.emitted('sliding-end')).toBeUndefined()
      |    ^ Duplicate Assert
  847 |     expect($carousel.emitted('input')).toBeUndefined()
  848 |
  849 |     expect($carousel.vm.index).toBe(0)"
/home/gabriel/Disk/Research/research-javascript-test-smells/repositories/bootstrap-vue-dev/src/components/carousel/carousel.spec.js,Duplicate Assert,"{'line': 846, 'column': 4, 'index': 28731}","  844 |
  845 |     expect($carousel.emitted('sliding-start')).toBeUndefined()
> 846 |     expect($carousel.emitted('sliding-end')).toBeUndefined()
      |    ^ Duplicate Assert
  847 |     expect($carousel.emitted('input')).toBeUndefined()
  848 |
  849 |     expect($carousel.vm.index).toBe(0)"
/home/gabriel/Disk/Research/research-javascript-test-smells/repositories/bootstrap-vue-dev/src/components/carousel/carousel.spec.js,Duplicate Assert,"{'line': 847, 'column': 4, 'index': 28792}","  845 |     expect($carousel.emitted('sliding-start')).toBeUndefined()
  846 |     expect($carousel.emitted('sliding-end')).toBeUndefined()
> 847 |     expect($carousel.emitted('input')).toBeUndefined()
      |    ^ Duplicate Assert
  848 |
  849 |     expect($carousel.vm.index).toBe(0)
  850 |     expect($carousel.vm.isSliding).toBe(false)"
/home/gabriel/Disk/Research/research-javascript-test-smells/repositories/bootstrap-vue-dev/src/components/carousel/carousel.spec.js,Duplicate Assert,"{'line': 849, 'column': 4, 'index': 28848}","  847 |     expect($carousel.emitted('input')).toBeUndefined()
  848 |
> 849 |     expect($carousel.vm.index).toBe(0)
      |    ^ Duplicate Assert
  850 |     expect($carousel.vm.isSliding).toBe(false)
  851 |
  852 |     await wrapper.setProps({"
/home/gabriel/Disk/Research/research-javascript-test-smells/repositories/bootstrap-vue-dev/src/components/carousel/carousel.spec.js,Duplicate Assert,"{'line': 850, 'column': 4, 'index': 28887}","  848 |
  849 |     expect($carousel.vm.index).toBe(0)
> 850 |     expect($carousel.vm.isSliding).toBe(false)
      |    ^ Duplicate Assert
  851 |
  852 |     await wrapper.setProps({
  853 |       value: 1"
/home/gabriel/Disk/Research/research-javascript-test-smells/repositories/bootstrap-vue-dev/src/components/carousel/carousel.spec.js,Duplicate Assert,"{'line': 850, 'column': 4, 'index': 28887}","  848 |
  849 |     expect($carousel.vm.index).toBe(0)
> 850 |     expect($carousel.vm.isSliding).toBe(false)
      |    ^ Duplicate Assert
  851 |
  852 |     await wrapper.setProps({
  853 |       value: 1"
/home/gabriel/Disk/Research/research-javascript-test-smells/repositories/bootstrap-vue-dev/src/components/carousel/carousel.spec.js,Duplicate Assert,"{'line': 859, 'column': 4, 'index': 29037}","  857 |     await waitRAF()
  858 |
> 859 |     expect($carousel.emitted('sliding-start')).toBeDefined()
      |    ^ Duplicate Assert
  860 |     expect($carousel.emitted('sliding-end')).toBeUndefined()
  861 |     expect($carousel.emitted('sliding-start').length).toBe(1)
  862 |     expect($carousel.emitted('sliding-start')[0][0]).toEqual(1)"
/home/gabriel/Disk/Research/research-javascript-test-smells/repositories/bootstrap-vue-dev/src/components/carousel/carousel.spec.js,Duplicate Assert,"{'line': 860, 'column': 4, 'index': 29098}","  858 |
  859 |     expect($carousel.emitted('sliding-start')).toBeDefined()
> 860 |     expect($carousel.emitted('sliding-end')).toBeUndefined()
      |    ^ Duplicate Assert
  861 |     expect($carousel.emitted('sliding-start').length).toBe(1)
  862 |     expect($carousel.emitted('sliding-start')[0][0]).toEqual(1)
  863 |     expect($carousel.vm.index).toBe(1)"
/home/gabriel/Disk/Research/research-javascript-test-smells/repositories/bootstrap-vue-dev/src/components/carousel/carousel.spec.js,Duplicate Assert,"{'line': 860, 'column': 4, 'index': 29098}","  858 |
  859 |     expect($carousel.emitted('sliding-start')).toBeDefined()
> 860 |     expect($carousel.emitted('sliding-end')).toBeUndefined()
      |    ^ Duplicate Assert
  861 |     expect($carousel.emitted('sliding-start').length).toBe(1)
  862 |     expect($carousel.emitted('sliding-start')[0][0]).toEqual(1)
  863 |     expect($carousel.vm.index).toBe(1)"
/home/gabriel/Disk/Research/research-javascript-test-smells/repositories/bootstrap-vue-dev/src/components/carousel/carousel.spec.js,Duplicate Assert,"{'line': 861, 'column': 4, 'index': 29159}","  859 |     expect($carousel.emitted('sliding-start')).toBeDefined()
  860 |     expect($carousel.emitted('sliding-end')).toBeUndefined()
> 861 |     expect($carousel.emitted('sliding-start').length).toBe(1)
      |    ^ Duplicate Assert
  862 |     expect($carousel.emitted('sliding-start')[0][0]).toEqual(1)
  863 |     expect($carousel.vm.index).toBe(1)
  864 |     expect($carousel.vm.isSliding).toBe(true)"
/home/gabriel/Disk/Research/research-javascript-test-smells/repositories/bootstrap-vue-dev/src/components/carousel/carousel.spec.js,Duplicate Assert,"{'line': 863, 'column': 4, 'index': 29285}","  861 |     expect($carousel.emitted('sliding-start').length).toBe(1)
  862 |     expect($carousel.emitted('sliding-start')[0][0]).toEqual(1)
> 863 |     expect($carousel.vm.index).toBe(1)
      |    ^ Duplicate Assert
  864 |     expect($carousel.vm.isSliding).toBe(true)
  865 |
  866 |     // Set new slide while sliding"
/home/gabriel/Disk/Research/research-javascript-test-smells/repositories/bootstrap-vue-dev/src/components/carousel/carousel.spec.js,Duplicate Assert,"{'line': 864, 'column': 4, 'index': 29324}","  862 |     expect($carousel.emitted('sliding-start')[0][0]).toEqual(1)
  863 |     expect($carousel.vm.index).toBe(1)
> 864 |     expect($carousel.vm.isSliding).toBe(true)
      |    ^ Duplicate Assert
  865 |
  866 |     // Set new slide while sliding
  867 |     await wrapper.setProps({"
/home/gabriel/Disk/Research/research-javascript-test-smells/repositories/bootstrap-vue-dev/src/components/carousel/carousel.spec.js,Duplicate Assert,"{'line': 864, 'column': 4, 'index': 29324}","  862 |     expect($carousel.emitted('sliding-start')[0][0]).toEqual(1)
  863 |     expect($carousel.vm.index).toBe(1)
> 864 |     expect($carousel.vm.isSliding).toBe(true)
      |    ^ Duplicate Assert
  865 |
  866 |     // Set new slide while sliding
  867 |     await wrapper.setProps({"
/home/gabriel/Disk/Research/research-javascript-test-smells/repositories/bootstrap-vue-dev/src/components/carousel/carousel.spec.js,Duplicate Assert,"{'line': 875, 'column': 4, 'index': 29540}","  873 |     await waitRAF()
  874 |
> 875 |     expect($carousel.emitted('sliding-end')).toBeDefined()
      |    ^ Duplicate Assert
  876 |     expect($carousel.emitted('sliding-end').length).toBe(1)
  877 |     expect($carousel.emitted('sliding-end')[0][0]).toEqual(1)
  878 |     // Should issue a new sliding start event"
/home/gabriel/Disk/Research/research-javascript-test-smells/repositories/bootstrap-vue-dev/src/components/carousel/carousel.spec.js,Duplicate Assert,"{'line': 876, 'column': 4, 'index': 29599}","  874 |
  875 |     expect($carousel.emitted('sliding-end')).toBeDefined()
> 876 |     expect($carousel.emitted('sliding-end').length).toBe(1)
      |    ^ Duplicate Assert
  877 |     expect($carousel.emitted('sliding-end')[0][0]).toEqual(1)
  878 |     // Should issue a new sliding start event
  879 |     expect($carousel.emitted('sliding-start').length).toBe(2)"
/home/gabriel/Disk/Research/research-javascript-test-smells/repositories/bootstrap-vue-dev/src/components/carousel/carousel.spec.js,Duplicate Assert,"{'line': 879, 'column': 4, 'index': 29767}","  877 |     expect($carousel.emitted('sliding-end')[0][0]).toEqual(1)
  878 |     // Should issue a new sliding start event
> 879 |     expect($carousel.emitted('sliding-start').length).toBe(2)
      |    ^ Duplicate Assert
  880 |     expect($carousel.emitted('sliding-start')[1][0]).toEqual(3)
  881 |     expect($carousel.emitted('input')).toBeDefined()
  882 |     expect($carousel.emitted('input').length).toBe(2)"
/home/gabriel/Disk/Research/research-javascript-test-smells/repositories/bootstrap-vue-dev/src/components/carousel/carousel.spec.js,Duplicate Assert,"{'line': 879, 'column': 4, 'index': 29767}","  877 |     expect($carousel.emitted('sliding-end')[0][0]).toEqual(1)
  878 |     // Should issue a new sliding start event
> 879 |     expect($carousel.emitted('sliding-start').length).toBe(2)
      |    ^ Duplicate Assert
  880 |     expect($carousel.emitted('sliding-start')[1][0]).toEqual(3)
  881 |     expect($carousel.emitted('input')).toBeDefined()
  882 |     expect($carousel.emitted('input').length).toBe(2)"
/home/gabriel/Disk/Research/research-javascript-test-smells/repositories/bootstrap-vue-dev/src/components/carousel/carousel.spec.js,Duplicate Assert,"{'line': 881, 'column': 4, 'index': 29893}","  879 |     expect($carousel.emitted('sliding-start').length).toBe(2)
  880 |     expect($carousel.emitted('sliding-start')[1][0]).toEqual(3)
> 881 |     expect($carousel.emitted('input')).toBeDefined()
      |    ^ Duplicate Assert
  882 |     expect($carousel.emitted('input').length).toBe(2)
  883 |     expect($carousel.emitted('input')[0][0]).toEqual(1)
  884 |     expect($carousel.emitted('input')[1][0]).toEqual(3)"
/home/gabriel/Disk/Research/research-javascript-test-smells/repositories/bootstrap-vue-dev/src/components/carousel/carousel.spec.js,Duplicate Assert,"{'line': 882, 'column': 4, 'index': 29946}","  880 |     expect($carousel.emitted('sliding-start')[1][0]).toEqual(3)
  881 |     expect($carousel.emitted('input')).toBeDefined()
> 882 |     expect($carousel.emitted('input').length).toBe(2)
      |    ^ Duplicate Assert
  883 |     expect($carousel.emitted('input')[0][0]).toEqual(1)
  884 |     expect($carousel.emitted('input')[1][0]).toEqual(3)
  885 |     expect($carousel.vm.index).toBe(3)"
/home/gabriel/Disk/Research/research-javascript-test-smells/repositories/bootstrap-vue-dev/src/components/carousel/carousel.spec.js,Duplicate Assert,"{'line': 882, 'column': 4, 'index': 29946}","  880 |     expect($carousel.emitted('sliding-start')[1][0]).toEqual(3)
  881 |     expect($carousel.emitted('input')).toBeDefined()
> 882 |     expect($carousel.emitted('input').length).toBe(2)
      |    ^ Duplicate Assert
  883 |     expect($carousel.emitted('input')[0][0]).toEqual(1)
  884 |     expect($carousel.emitted('input')[1][0]).toEqual(3)
  885 |     expect($carousel.vm.index).toBe(3)"
/home/gabriel/Disk/Research/research-javascript-test-smells/repositories/bootstrap-vue-dev/src/components/carousel/carousel.spec.js,Duplicate Assert,"{'line': 884, 'column': 4, 'index': 30056}","  882 |     expect($carousel.emitted('input').length).toBe(2)
  883 |     expect($carousel.emitted('input')[0][0]).toEqual(1)
> 884 |     expect($carousel.emitted('input')[1][0]).toEqual(3)
      |    ^ Duplicate Assert
  885 |     expect($carousel.vm.index).toBe(3)
  886 |     expect($carousel.vm.isSliding).toBe(true)
  887 |"
/home/gabriel/Disk/Research/research-javascript-test-smells/repositories/bootstrap-vue-dev/src/components/carousel/carousel.spec.js,Duplicate Assert,"{'line': 884, 'column': 4, 'index': 30056}","  882 |     expect($carousel.emitted('input').length).toBe(2)
  883 |     expect($carousel.emitted('input')[0][0]).toEqual(1)
> 884 |     expect($carousel.emitted('input')[1][0]).toEqual(3)
      |    ^ Duplicate Assert
  885 |     expect($carousel.vm.index).toBe(3)
  886 |     expect($carousel.vm.isSliding).toBe(true)
  887 |"
/home/gabriel/Disk/Research/research-javascript-test-smells/repositories/bootstrap-vue-dev/src/components/carousel/carousel.spec.js,Duplicate Assert,"{'line': 885, 'column': 4, 'index': 30112}","  883 |     expect($carousel.emitted('input')[0][0]).toEqual(1)
  884 |     expect($carousel.emitted('input')[1][0]).toEqual(3)
> 885 |     expect($carousel.vm.index).toBe(3)
      |    ^ Duplicate Assert
  886 |     expect($carousel.vm.isSliding).toBe(true)
  887 |
  888 |     // Next transition should happen"
/home/gabriel/Disk/Research/research-javascript-test-smells/repositories/bootstrap-vue-dev/src/components/carousel/carousel.spec.js,Duplicate Assert,"{'line': 886, 'column': 4, 'index': 30151}","  884 |     expect($carousel.emitted('input')[1][0]).toEqual(3)
  885 |     expect($carousel.vm.index).toBe(3)
> 886 |     expect($carousel.vm.isSliding).toBe(true)
      |    ^ Duplicate Assert
  887 |
  888 |     // Next transition should happen
  889 |     jest.runOnlyPendingTimers()"
/home/gabriel/Disk/Research/research-javascript-test-smells/repositories/bootstrap-vue-dev/src/components/carousel/carousel.spec.js,Duplicate Assert,"{'line': 886, 'column': 4, 'index': 30151}","  884 |     expect($carousel.emitted('input')[1][0]).toEqual(3)
  885 |     expect($carousel.vm.index).toBe(3)
> 886 |     expect($carousel.vm.isSliding).toBe(true)
      |    ^ Duplicate Assert
  887 |
  888 |     // Next transition should happen
  889 |     jest.runOnlyPendingTimers()"
/home/gabriel/Disk/Research/research-javascript-test-smells/repositories/bootstrap-vue-dev/src/components/carousel/carousel.spec.js,Duplicate Assert,"{'line': 893, 'column': 4, 'index': 30317}","  891 |     await waitRAF()
  892 |
> 893 |     expect($carousel.emitted('sliding-start').length).toBe(2)
      |    ^ Duplicate Assert
  894 |     expect($carousel.emitted('sliding-end').length).toBe(2)
  895 |     expect($carousel.emitted('sliding-end')[1][0]).toEqual(3)
  896 |     expect($carousel.emitted('input').length).toBe(2)"
/home/gabriel/Disk/Research/research-javascript-test-smells/repositories/bootstrap-vue-dev/src/components/carousel/carousel.spec.js,Duplicate Assert,"{'line': 893, 'column': 4, 'index': 30317}","  891 |     await waitRAF()
  892 |
> 893 |     expect($carousel.emitted('sliding-start').length).toBe(2)
      |    ^ Duplicate Assert
  894 |     expect($carousel.emitted('sliding-end').length).toBe(2)
  895 |     expect($carousel.emitted('sliding-end')[1][0]).toEqual(3)
  896 |     expect($carousel.emitted('input').length).toBe(2)"
/home/gabriel/Disk/Research/research-javascript-test-smells/repositories/bootstrap-vue-dev/src/components/carousel/carousel.spec.js,Duplicate Assert,"{'line': 894, 'column': 4, 'index': 30379}","  892 |
  893 |     expect($carousel.emitted('sliding-start').length).toBe(2)
> 894 |     expect($carousel.emitted('sliding-end').length).toBe(2)
      |    ^ Duplicate Assert
  895 |     expect($carousel.emitted('sliding-end')[1][0]).toEqual(3)
  896 |     expect($carousel.emitted('input').length).toBe(2)
  897 |     expect($carousel.emitted('input')[1][0]).toEqual(3)"
/home/gabriel/Disk/Research/research-javascript-test-smells/repositories/bootstrap-vue-dev/src/components/carousel/carousel.spec.js,Duplicate Assert,"{'line': 896, 'column': 4, 'index': 30501}","  894 |     expect($carousel.emitted('sliding-end').length).toBe(2)
  895 |     expect($carousel.emitted('sliding-end')[1][0]).toEqual(3)
> 896 |     expect($carousel.emitted('input').length).toBe(2)
      |    ^ Duplicate Assert
  897 |     expect($carousel.emitted('input')[1][0]).toEqual(3)
  898 |     expect($carousel.vm.isSliding).toBe(false)
  899 |"
/home/gabriel/Disk/Research/research-javascript-test-smells/repositories/bootstrap-vue-dev/src/components/carousel/carousel.spec.js,Duplicate Assert,"{'line': 896, 'column': 4, 'index': 30501}","  894 |     expect($carousel.emitted('sliding-end').length).toBe(2)
  895 |     expect($carousel.emitted('sliding-end')[1][0]).toEqual(3)
> 896 |     expect($carousel.emitted('input').length).toBe(2)
      |    ^ Duplicate Assert
  897 |     expect($carousel.emitted('input')[1][0]).toEqual(3)
  898 |     expect($carousel.vm.isSliding).toBe(false)
  899 |"
/home/gabriel/Disk/Research/research-javascript-test-smells/repositories/bootstrap-vue-dev/src/components/carousel/carousel.spec.js,Duplicate Assert,"{'line': 897, 'column': 4, 'index': 30555}","  895 |     expect($carousel.emitted('sliding-end')[1][0]).toEqual(3)
  896 |     expect($carousel.emitted('input').length).toBe(2)
> 897 |     expect($carousel.emitted('input')[1][0]).toEqual(3)
      |    ^ Duplicate Assert
  898 |     expect($carousel.vm.isSliding).toBe(false)
  899 |
  900 |     wrapper.destroy()"
/home/gabriel/Disk/Research/research-javascript-test-smells/repositories/bootstrap-vue-dev/src/components/carousel/carousel.spec.js,Duplicate Assert,"{'line': 897, 'column': 4, 'index': 30555}","  895 |     expect($carousel.emitted('sliding-end')[1][0]).toEqual(3)
  896 |     expect($carousel.emitted('input').length).toBe(2)
> 897 |     expect($carousel.emitted('input')[1][0]).toEqual(3)
      |    ^ Duplicate Assert
  898 |     expect($carousel.vm.isSliding).toBe(false)
  899 |
  900 |     wrapper.destroy()"
/home/gabriel/Disk/Research/research-javascript-test-smells/repositories/bootstrap-vue-dev/src/components/carousel/carousel.spec.js,Duplicate Assert,"{'line': 898, 'column': 4, 'index': 30611}","  896 |     expect($carousel.emitted('input').length).toBe(2)
  897 |     expect($carousel.emitted('input')[1][0]).toEqual(3)
> 898 |     expect($carousel.vm.isSliding).toBe(false)
      |    ^ Duplicate Assert
  899 |
  900 |     wrapper.destroy()
  901 |   })"
/home/gabriel/Disk/Research/research-javascript-test-smells/repositories/bootstrap-vue-dev/src/components/carousel/carousel.spec.js,Duplicate Assert,"{'line': 898, 'column': 4, 'index': 30611}","  896 |     expect($carousel.emitted('input').length).toBe(2)
  897 |     expect($carousel.emitted('input')[1][0]).toEqual(3)
> 898 |     expect($carousel.vm.isSliding).toBe(false)
      |    ^ Duplicate Assert
  899 |
  900 |     wrapper.destroy()
  901 |   })"
/home/gabriel/Disk/Research/research-javascript-test-smells/repositories/bootstrap-vue-dev/src/components/carousel/carousel.spec.js,Duplicate Assert,"{'line': 926, 'column': 4, 'index': 31316}","  924 |     expect($indicators.length).toBe(4)
  925 |
> 926 |     expect($carousel.emitted('sliding-start')).toBeUndefined()
      |    ^ Duplicate Assert
  927 |     expect($carousel.emitted('sliding-end')).toBeUndefined()
  928 |     expect($carousel.emitted('input')).toBeUndefined()
  929 |"
/home/gabriel/Disk/Research/research-javascript-test-smells/repositories/bootstrap-vue-dev/src/components/carousel/carousel.spec.js,Duplicate Assert,"{'line': 927, 'column': 4, 'index': 31379}","  925 |
  926 |     expect($carousel.emitted('sliding-start')).toBeUndefined()
> 927 |     expect($carousel.emitted('sliding-end')).toBeUndefined()
      |    ^ Duplicate Assert
  928 |     expect($carousel.emitted('input')).toBeUndefined()
  929 |
  930 |     expect($carousel.vm.index).toBe(3)"
/home/gabriel/Disk/Research/research-javascript-test-smells/repositories/bootstrap-vue-dev/src/components/carousel/carousel.spec.js,Duplicate Assert,"{'line': 928, 'column': 4, 'index': 31440}","  926 |     expect($carousel.emitted('sliding-start')).toBeUndefined()
  927 |     expect($carousel.emitted('sliding-end')).toBeUndefined()
> 928 |     expect($carousel.emitted('input')).toBeUndefined()
      |    ^ Duplicate Assert
  929 |
  930 |     expect($carousel.vm.index).toBe(3)
  931 |     expect($carousel.vm.isSliding).toBe(false)"
/home/gabriel/Disk/Research/research-javascript-test-smells/repositories/bootstrap-vue-dev/src/components/carousel/carousel.spec.js,Duplicate Assert,"{'line': 930, 'column': 4, 'index': 31496}","  928 |     expect($carousel.emitted('input')).toBeUndefined()
  929 |
> 930 |     expect($carousel.vm.index).toBe(3)
      |    ^ Duplicate Assert
  931 |     expect($carousel.vm.isSliding).toBe(false)
  932 |
  933 |     // Call vm.next()"
/home/gabriel/Disk/Research/research-javascript-test-smells/repositories/bootstrap-vue-dev/src/components/carousel/carousel.spec.js,Duplicate Assert,"{'line': 930, 'column': 4, 'index': 31496}","  928 |     expect($carousel.emitted('input')).toBeUndefined()
  929 |
> 930 |     expect($carousel.vm.index).toBe(3)
      |    ^ Duplicate Assert
  931 |     expect($carousel.vm.isSliding).toBe(false)
  932 |
  933 |     // Call vm.next()"
/home/gabriel/Disk/Research/research-javascript-test-smells/repositories/bootstrap-vue-dev/src/components/carousel/carousel.spec.js,Duplicate Assert,"{'line': 931, 'column': 4, 'index': 31535}","  929 |
  930 |     expect($carousel.vm.index).toBe(3)
> 931 |     expect($carousel.vm.isSliding).toBe(false)
      |    ^ Duplicate Assert
  932 |
  933 |     // Call vm.next()
  934 |     $carousel.vm.next()"
/home/gabriel/Disk/Research/research-javascript-test-smells/repositories/bootstrap-vue-dev/src/components/carousel/carousel.spec.js,Duplicate Assert,"{'line': 931, 'column': 4, 'index': 31535}","  929 |
  930 |     expect($carousel.vm.index).toBe(3)
> 931 |     expect($carousel.vm.isSliding).toBe(false)
      |    ^ Duplicate Assert
  932 |
  933 |     // Call vm.next()
  934 |     $carousel.vm.next()"
/home/gabriel/Disk/Research/research-javascript-test-smells/repositories/bootstrap-vue-dev/src/components/carousel/carousel.spec.js,Duplicate Assert,"{'line': 937, 'column': 4, 'index': 31659}","  935 |     await waitNT(wrapper.vm)
  936 |
> 937 |     expect($carousel.emitted('sliding-start')).toBeDefined()
      |    ^ Duplicate Assert
  938 |     expect($carousel.emitted('sliding-end')).toBeDefined()
  939 |     expect($carousel.emitted('sliding-start').length).toBe(1)
  940 |     expect($carousel.emitted('sliding-end').length).toBe(1)"
/home/gabriel/Disk/Research/research-javascript-test-smells/repositories/bootstrap-vue-dev/src/components/carousel/carousel.spec.js,Duplicate Assert,"{'line': 938, 'column': 4, 'index': 31720}","  936 |
  937 |     expect($carousel.emitted('sliding-start')).toBeDefined()
> 938 |     expect($carousel.emitted('sliding-end')).toBeDefined()
      |    ^ Duplicate Assert
  939 |     expect($carousel.emitted('sliding-start').length).toBe(1)
  940 |     expect($carousel.emitted('sliding-end').length).toBe(1)
  941 |     // Should have index of 0"
/home/gabriel/Disk/Research/research-javascript-test-smells/repositories/bootstrap-vue-dev/src/components/carousel/carousel.spec.js,Duplicate Assert,"{'line': 939, 'column': 4, 'index': 31779}","  937 |     expect($carousel.emitted('sliding-start')).toBeDefined()
  938 |     expect($carousel.emitted('sliding-end')).toBeDefined()
> 939 |     expect($carousel.emitted('sliding-start').length).toBe(1)
      |    ^ Duplicate Assert
  940 |     expect($carousel.emitted('sliding-end').length).toBe(1)
  941 |     // Should have index of 0
  942 |     expect($carousel.emitted('sliding-start')[0][0]).toEqual(0)"
/home/gabriel/Disk/Research/research-javascript-test-smells/repositories/bootstrap-vue-dev/src/components/carousel/carousel.spec.js,Duplicate Assert,"{'line': 940, 'column': 4, 'index': 31841}","  938 |     expect($carousel.emitted('sliding-end')).toBeDefined()
  939 |     expect($carousel.emitted('sliding-start').length).toBe(1)
> 940 |     expect($carousel.emitted('sliding-end').length).toBe(1)
      |    ^ Duplicate Assert
  941 |     // Should have index of 0
  942 |     expect($carousel.emitted('sliding-start')[0][0]).toEqual(0)
  943 |     expect($carousel.emitted('sliding-end')[0][0]).toEqual(0)"
/home/gabriel/Disk/Research/research-javascript-test-smells/repositories/bootstrap-vue-dev/src/components/carousel/carousel.spec.js,Duplicate Assert,"{'line': 944, 'column': 4, 'index': 32057}","  942 |     expect($carousel.emitted('sliding-start')[0][0]).toEqual(0)
  943 |     expect($carousel.emitted('sliding-end')[0][0]).toEqual(0)
> 944 |     expect($carousel.emitted('input')).toBeDefined()
      |    ^ Duplicate Assert
  945 |     expect($carousel.emitted('input').length).toBe(1)
  946 |     expect($carousel.emitted('input')[0][0]).toEqual(0)
  947 |     expect($carousel.vm.index).toBe(0)"
/home/gabriel/Disk/Research/research-javascript-test-smells/repositories/bootstrap-vue-dev/src/components/carousel/carousel.spec.js,Duplicate Assert,"{'line': 945, 'column': 4, 'index': 32110}","  943 |     expect($carousel.emitted('sliding-end')[0][0]).toEqual(0)
  944 |     expect($carousel.emitted('input')).toBeDefined()
> 945 |     expect($carousel.emitted('input').length).toBe(1)
      |    ^ Duplicate Assert
  946 |     expect($carousel.emitted('input')[0][0]).toEqual(0)
  947 |     expect($carousel.vm.index).toBe(0)
  948 |     expect($carousel.vm.isSliding).toBe(false)"
/home/gabriel/Disk/Research/research-javascript-test-smells/repositories/bootstrap-vue-dev/src/components/carousel/carousel.spec.js,Duplicate Assert,"{'line': 947, 'column': 4, 'index': 32220}","  945 |     expect($carousel.emitted('input').length).toBe(1)
  946 |     expect($carousel.emitted('input')[0][0]).toEqual(0)
> 947 |     expect($carousel.vm.index).toBe(0)
      |    ^ Duplicate Assert
  948 |     expect($carousel.vm.isSliding).toBe(false)
  949 |
  950 |     // Call vm.prev()"
/home/gabriel/Disk/Research/research-javascript-test-smells/repositories/bootstrap-vue-dev/src/components/carousel/carousel.spec.js,Duplicate Assert,"{'line': 948, 'column': 4, 'index': 32259}","  946 |     expect($carousel.emitted('input')[0][0]).toEqual(0)
  947 |     expect($carousel.vm.index).toBe(0)
> 948 |     expect($carousel.vm.isSliding).toBe(false)
      |    ^ Duplicate Assert
  949 |
  950 |     // Call vm.prev()
  951 |     $carousel.vm.prev()"
/home/gabriel/Disk/Research/research-javascript-test-smells/repositories/bootstrap-vue-dev/src/components/carousel/carousel.spec.js,Duplicate Assert,"{'line': 948, 'column': 4, 'index': 32259}","  946 |     expect($carousel.emitted('input')[0][0]).toEqual(0)
  947 |     expect($carousel.vm.index).toBe(0)
> 948 |     expect($carousel.vm.isSliding).toBe(false)
      |    ^ Duplicate Assert
  949 |
  950 |     // Call vm.prev()
  951 |     $carousel.vm.prev()"
/home/gabriel/Disk/Research/research-javascript-test-smells/repositories/bootstrap-vue-dev/src/components/carousel/carousel.spec.js,Duplicate Assert,"{'line': 954, 'column': 4, 'index': 32383}","  952 |     await waitNT(wrapper.vm)
  953 |
> 954 |     expect($carousel.emitted('sliding-start').length).toBe(2)
      |    ^ Duplicate Assert
  955 |     expect($carousel.emitted('sliding-end').length).toBe(2)
  956 |     // Should have index set to last slide
  957 |     expect($carousel.emitted('sliding-start')[1][0]).toEqual(3)"
/home/gabriel/Disk/Research/research-javascript-test-smells/repositories/bootstrap-vue-dev/src/components/carousel/carousel.spec.js,Duplicate Assert,"{'line': 955, 'column': 4, 'index': 32445}","  953 |
  954 |     expect($carousel.emitted('sliding-start').length).toBe(2)
> 955 |     expect($carousel.emitted('sliding-end').length).toBe(2)
      |    ^ Duplicate Assert
  956 |     // Should have index set to last slide
  957 |     expect($carousel.emitted('sliding-start')[1][0]).toEqual(3)
  958 |     expect($carousel.emitted('sliding-end')[1][0]).toEqual(3)"
/home/gabriel/Disk/Research/research-javascript-test-smells/repositories/bootstrap-vue-dev/src/components/carousel/carousel.spec.js,Duplicate Assert,"{'line': 959, 'column': 4, 'index': 32674}","  957 |     expect($carousel.emitted('sliding-start')[1][0]).toEqual(3)
  958 |     expect($carousel.emitted('sliding-end')[1][0]).toEqual(3)
> 959 |     expect($carousel.emitted('input').length).toBe(2)
      |    ^ Duplicate Assert
  960 |     expect($carousel.emitted('input')[1][0]).toEqual(3)
  961 |     expect($carousel.vm.index).toBe(3)
  962 |     expect($carousel.vm.isSliding).toBe(false)"
/home/gabriel/Disk/Research/research-javascript-test-smells/repositories/bootstrap-vue-dev/src/components/carousel/carousel.spec.js,Duplicate Assert,"{'line': 961, 'column': 4, 'index': 32784}","  959 |     expect($carousel.emitted('input').length).toBe(2)
  960 |     expect($carousel.emitted('input')[1][0]).toEqual(3)
> 961 |     expect($carousel.vm.index).toBe(3)
      |    ^ Duplicate Assert
  962 |     expect($carousel.vm.isSliding).toBe(false)
  963 |
  964 |     wrapper.destroy()"
/home/gabriel/Disk/Research/research-javascript-test-smells/repositories/bootstrap-vue-dev/src/components/carousel/carousel.spec.js,Duplicate Assert,"{'line': 961, 'column': 4, 'index': 32784}","  959 |     expect($carousel.emitted('input').length).toBe(2)
  960 |     expect($carousel.emitted('input')[1][0]).toEqual(3)
> 961 |     expect($carousel.vm.index).toBe(3)
      |    ^ Duplicate Assert
  962 |     expect($carousel.vm.isSliding).toBe(false)
  963 |
  964 |     wrapper.destroy()"
/home/gabriel/Disk/Research/research-javascript-test-smells/repositories/bootstrap-vue-dev/src/components/carousel/carousel.spec.js,Duplicate Assert,"{'line': 962, 'column': 4, 'index': 32823}","  960 |     expect($carousel.emitted('input')[1][0]).toEqual(3)
  961 |     expect($carousel.vm.index).toBe(3)
> 962 |     expect($carousel.vm.isSliding).toBe(false)
      |    ^ Duplicate Assert
  963 |
  964 |     wrapper.destroy()
  965 |   })"
/home/gabriel/Disk/Research/research-javascript-test-smells/repositories/bootstrap-vue-dev/src/components/carousel/carousel.spec.js,Duplicate Assert,"{'line': 962, 'column': 4, 'index': 32823}","  960 |     expect($carousel.emitted('input')[1][0]).toEqual(3)
  961 |     expect($carousel.vm.index).toBe(3)
> 962 |     expect($carousel.vm.isSliding).toBe(false)
      |    ^ Duplicate Assert
  963 |
  964 |     wrapper.destroy()
  965 |   })"
/home/gabriel/Disk/Research/research-javascript-test-smells/repositories/bootstrap-vue-dev/src/components/carousel/carousel.spec.js,Duplicate Assert,"{'line': 992, 'column': 4, 'index': 33640}","  990 |     expect($indicators.length).toBe(4)
  991 |
> 992 |     expect($carousel.emitted('sliding-start')).toBeUndefined()
      |    ^ Duplicate Assert
  993 |     expect($carousel.emitted('sliding-end')).toBeUndefined()
  994 |     expect($carousel.emitted('input')).toBeUndefined()
  995 |"
/home/gabriel/Disk/Research/research-javascript-test-smells/repositories/bootstrap-vue-dev/src/components/carousel/carousel.spec.js,Duplicate Assert,"{'line': 992, 'column': 4, 'index': 33640}","  990 |     expect($indicators.length).toBe(4)
  991 |
> 992 |     expect($carousel.emitted('sliding-start')).toBeUndefined()
      |    ^ Duplicate Assert
  993 |     expect($carousel.emitted('sliding-end')).toBeUndefined()
  994 |     expect($carousel.emitted('input')).toBeUndefined()
  995 |"
/home/gabriel/Disk/Research/research-javascript-test-smells/repositories/bootstrap-vue-dev/src/components/carousel/carousel.spec.js,Duplicate Assert,"{'line': 993, 'column': 4, 'index': 33703}","  991 |
  992 |     expect($carousel.emitted('sliding-start')).toBeUndefined()
> 993 |     expect($carousel.emitted('sliding-end')).toBeUndefined()
      |    ^ Duplicate Assert
  994 |     expect($carousel.emitted('input')).toBeUndefined()
  995 |
  996 |     expect($carousel.vm.index).toBe(3)"
/home/gabriel/Disk/Research/research-javascript-test-smells/repositories/bootstrap-vue-dev/src/components/carousel/carousel.spec.js,Duplicate Assert,"{'line': 993, 'column': 4, 'index': 33703}","  991 |
  992 |     expect($carousel.emitted('sliding-start')).toBeUndefined()
> 993 |     expect($carousel.emitted('sliding-end')).toBeUndefined()
      |    ^ Duplicate Assert
  994 |     expect($carousel.emitted('input')).toBeUndefined()
  995 |
  996 |     expect($carousel.vm.index).toBe(3)"
/home/gabriel/Disk/Research/research-javascript-test-smells/repositories/bootstrap-vue-dev/src/components/carousel/carousel.spec.js,Duplicate Assert,"{'line': 994, 'column': 4, 'index': 33764}","  992 |     expect($carousel.emitted('sliding-start')).toBeUndefined()
  993 |     expect($carousel.emitted('sliding-end')).toBeUndefined()
> 994 |     expect($carousel.emitted('input')).toBeUndefined()
      |    ^ Duplicate Assert
  995 |
  996 |     expect($carousel.vm.index).toBe(3)
  997 |     expect($carousel.vm.isSliding).toBe(false)"
/home/gabriel/Disk/Research/research-javascript-test-smells/repositories/bootstrap-vue-dev/src/components/carousel/carousel.spec.js,Duplicate Assert,"{'line': 994, 'column': 4, 'index': 33764}","  992 |     expect($carousel.emitted('sliding-start')).toBeUndefined()
  993 |     expect($carousel.emitted('sliding-end')).toBeUndefined()
> 994 |     expect($carousel.emitted('input')).toBeUndefined()
      |    ^ Duplicate Assert
  995 |
  996 |     expect($carousel.vm.index).toBe(3)
  997 |     expect($carousel.vm.isSliding).toBe(false)"
/home/gabriel/Disk/Research/research-javascript-test-smells/repositories/bootstrap-vue-dev/src/components/carousel/carousel.spec.js,Duplicate Assert,"{'line': 996, 'column': 4, 'index': 33820}","  994 |     expect($carousel.emitted('input')).toBeUndefined()
  995 |
> 996 |     expect($carousel.vm.index).toBe(3)
      |    ^ Duplicate Assert
  997 |     expect($carousel.vm.isSliding).toBe(false)
  998 |
  999 |     // Call vm.next()"
/home/gabriel/Disk/Research/research-javascript-test-smells/repositories/bootstrap-vue-dev/src/components/carousel/carousel.spec.js,Duplicate Assert,"{'line': 996, 'column': 4, 'index': 33820}","  994 |     expect($carousel.emitted('input')).toBeUndefined()
  995 |
> 996 |     expect($carousel.vm.index).toBe(3)
      |    ^ Duplicate Assert
  997 |     expect($carousel.vm.isSliding).toBe(false)
  998 |
  999 |     // Call vm.next()"
/home/gabriel/Disk/Research/research-javascript-test-smells/repositories/bootstrap-vue-dev/src/components/carousel/carousel.spec.js,Duplicate Assert,"{'line': 997, 'column': 4, 'index': 33859}","   995 |
   996 |     expect($carousel.vm.index).toBe(3)
>  997 |     expect($carousel.vm.isSliding).toBe(false)
       |    ^ Duplicate Assert
   998 |
   999 |     // Call vm.next()
  1000 |     $carousel.vm.next()"
/home/gabriel/Disk/Research/research-javascript-test-smells/repositories/bootstrap-vue-dev/src/components/carousel/carousel.spec.js,Duplicate Assert,"{'line': 997, 'column': 4, 'index': 33859}","   995 |
   996 |     expect($carousel.vm.index).toBe(3)
>  997 |     expect($carousel.vm.isSliding).toBe(false)
       |    ^ Duplicate Assert
   998 |
   999 |     // Call vm.next()
  1000 |     $carousel.vm.next()"
/home/gabriel/Disk/Research/research-javascript-test-smells/repositories/bootstrap-vue-dev/src/components/carousel/carousel.spec.js,Duplicate Assert,"{'line': 1004, 'column': 4, 'index': 34016}","  1002 |
  1003 |     // Should not slide to start
> 1004 |     expect($carousel.emitted('sliding-start')).toBeUndefined()
       |    ^ Duplicate Assert
  1005 |     expect($carousel.emitted('sliding-end')).toBeUndefined()
  1006 |     // Should have index of 3 (no input event emitted since value set to 3)
  1007 |     expect($carousel.emitted('input')).toBeUndefined()"
/home/gabriel/Disk/Research/research-javascript-test-smells/repositories/bootstrap-vue-dev/src/components/carousel/carousel.spec.js,Duplicate Assert,"{'line': 1004, 'column': 4, 'index': 34016}","  1002 |
  1003 |     // Should not slide to start
> 1004 |     expect($carousel.emitted('sliding-start')).toBeUndefined()
       |    ^ Duplicate Assert
  1005 |     expect($carousel.emitted('sliding-end')).toBeUndefined()
  1006 |     // Should have index of 3 (no input event emitted since value set to 3)
  1007 |     expect($carousel.emitted('input')).toBeUndefined()"
/home/gabriel/Disk/Research/research-javascript-test-smells/repositories/bootstrap-vue-dev/src/components/carousel/carousel.spec.js,Duplicate Assert,"{'line': 1005, 'column': 4, 'index': 34079}","  1003 |     // Should not slide to start
  1004 |     expect($carousel.emitted('sliding-start')).toBeUndefined()
> 1005 |     expect($carousel.emitted('sliding-end')).toBeUndefined()
       |    ^ Duplicate Assert
  1006 |     // Should have index of 3 (no input event emitted since value set to 3)
  1007 |     expect($carousel.emitted('input')).toBeUndefined()
  1008 |     expect($carousel.vm.index).toBe(3)"
/home/gabriel/Disk/Research/research-javascript-test-smells/repositories/bootstrap-vue-dev/src/components/carousel/carousel.spec.js,Duplicate Assert,"{'line': 1005, 'column': 4, 'index': 34079}","  1003 |     // Should not slide to start
  1004 |     expect($carousel.emitted('sliding-start')).toBeUndefined()
> 1005 |     expect($carousel.emitted('sliding-end')).toBeUndefined()
       |    ^ Duplicate Assert
  1006 |     // Should have index of 3 (no input event emitted since value set to 3)
  1007 |     expect($carousel.emitted('input')).toBeUndefined()
  1008 |     expect($carousel.vm.index).toBe(3)"
/home/gabriel/Disk/Research/research-javascript-test-smells/repositories/bootstrap-vue-dev/src/components/carousel/carousel.spec.js,Duplicate Assert,"{'line': 1007, 'column': 4, 'index': 34216}","  1005 |     expect($carousel.emitted('sliding-end')).toBeUndefined()
  1006 |     // Should have index of 3 (no input event emitted since value set to 3)
> 1007 |     expect($carousel.emitted('input')).toBeUndefined()
       |    ^ Duplicate Assert
  1008 |     expect($carousel.vm.index).toBe(3)
  1009 |     expect($carousel.vm.isSliding).toBe(false)
  1010 |"
/home/gabriel/Disk/Research/research-javascript-test-smells/repositories/bootstrap-vue-dev/src/components/carousel/carousel.spec.js,Duplicate Assert,"{'line': 1007, 'column': 4, 'index': 34216}","  1005 |     expect($carousel.emitted('sliding-end')).toBeUndefined()
  1006 |     // Should have index of 3 (no input event emitted since value set to 3)
> 1007 |     expect($carousel.emitted('input')).toBeUndefined()
       |    ^ Duplicate Assert
  1008 |     expect($carousel.vm.index).toBe(3)
  1009 |     expect($carousel.vm.isSliding).toBe(false)
  1010 |"
/home/gabriel/Disk/Research/research-javascript-test-smells/repositories/bootstrap-vue-dev/src/components/carousel/carousel.spec.js,Duplicate Assert,"{'line': 1008, 'column': 4, 'index': 34271}","  1006 |     // Should have index of 3 (no input event emitted since value set to 3)
  1007 |     expect($carousel.emitted('input')).toBeUndefined()
> 1008 |     expect($carousel.vm.index).toBe(3)
       |    ^ Duplicate Assert
  1009 |     expect($carousel.vm.isSliding).toBe(false)
  1010 |
  1011 |     // Call vm.prev()"
/home/gabriel/Disk/Research/research-javascript-test-smells/repositories/bootstrap-vue-dev/src/components/carousel/carousel.spec.js,Duplicate Assert,"{'line': 1008, 'column': 4, 'index': 34271}","  1006 |     // Should have index of 3 (no input event emitted since value set to 3)
  1007 |     expect($carousel.emitted('input')).toBeUndefined()
> 1008 |     expect($carousel.vm.index).toBe(3)
       |    ^ Duplicate Assert
  1009 |     expect($carousel.vm.isSliding).toBe(false)
  1010 |
  1011 |     // Call vm.prev()"
/home/gabriel/Disk/Research/research-javascript-test-smells/repositories/bootstrap-vue-dev/src/components/carousel/carousel.spec.js,Duplicate Assert,"{'line': 1009, 'column': 4, 'index': 34310}","  1007 |     expect($carousel.emitted('input')).toBeUndefined()
  1008 |     expect($carousel.vm.index).toBe(3)
> 1009 |     expect($carousel.vm.isSliding).toBe(false)
       |    ^ Duplicate Assert
  1010 |
  1011 |     // Call vm.prev()
  1012 |     $carousel.vm.prev()"
/home/gabriel/Disk/Research/research-javascript-test-smells/repositories/bootstrap-vue-dev/src/components/carousel/carousel.spec.js,Duplicate Assert,"{'line': 1009, 'column': 4, 'index': 34310}","  1007 |     expect($carousel.emitted('input')).toBeUndefined()
  1008 |     expect($carousel.vm.index).toBe(3)
> 1009 |     expect($carousel.vm.isSliding).toBe(false)
       |    ^ Duplicate Assert
  1010 |
  1011 |     // Call vm.prev()
  1012 |     $carousel.vm.prev()"
/home/gabriel/Disk/Research/research-javascript-test-smells/repositories/bootstrap-vue-dev/src/components/carousel/carousel.spec.js,Duplicate Assert,"{'line': 1015, 'column': 4, 'index': 34434}","  1013 |     await waitNT(wrapper.vm)
  1014 |
> 1015 |     expect($carousel.emitted('sliding-start').length).toBe(1)
       |    ^ Duplicate Assert
  1016 |     expect($carousel.emitted('sliding-end').length).toBe(1)
  1017 |     // Should have index set to 2
  1018 |     expect($carousel.emitted('sliding-start')[0][0]).toEqual(2)"
/home/gabriel/Disk/Research/research-javascript-test-smells/repositories/bootstrap-vue-dev/src/components/carousel/carousel.spec.js,Duplicate Assert,"{'line': 1016, 'column': 4, 'index': 34496}","  1014 |
  1015 |     expect($carousel.emitted('sliding-start').length).toBe(1)
> 1016 |     expect($carousel.emitted('sliding-end').length).toBe(1)
       |    ^ Duplicate Assert
  1017 |     // Should have index set to 2
  1018 |     expect($carousel.emitted('sliding-start')[0][0]).toEqual(2)
  1019 |     expect($carousel.emitted('sliding-end')[0][0]).toEqual(2)"
/home/gabriel/Disk/Research/research-javascript-test-smells/repositories/bootstrap-vue-dev/src/components/carousel/carousel.spec.js,Duplicate Assert,"{'line': 1020, 'column': 4, 'index': 34716}","  1018 |     expect($carousel.emitted('sliding-start')[0][0]).toEqual(2)
  1019 |     expect($carousel.emitted('sliding-end')[0][0]).toEqual(2)
> 1020 |     expect($carousel.emitted('input')).toBeDefined()
       |    ^ Duplicate Assert
  1021 |     expect($carousel.emitted('input').length).toBe(1)
  1022 |     expect($carousel.emitted('input')[0][0]).toEqual(2)
  1023 |     expect($carousel.vm.index).toBe(2)"
/home/gabriel/Disk/Research/research-javascript-test-smells/repositories/bootstrap-vue-dev/src/components/carousel/carousel.spec.js,Duplicate Assert,"{'line': 1021, 'column': 4, 'index': 34769}","  1019 |     expect($carousel.emitted('sliding-end')[0][0]).toEqual(2)
  1020 |     expect($carousel.emitted('input')).toBeDefined()
> 1021 |     expect($carousel.emitted('input').length).toBe(1)
       |    ^ Duplicate Assert
  1022 |     expect($carousel.emitted('input')[0][0]).toEqual(2)
  1023 |     expect($carousel.vm.index).toBe(2)
  1024 |     expect($carousel.vm.isSliding).toBe(false)"
/home/gabriel/Disk/Research/research-javascript-test-smells/repositories/bootstrap-vue-dev/src/components/carousel/carousel.spec.js,Duplicate Assert,"{'line': 1023, 'column': 4, 'index': 34879}","  1021 |     expect($carousel.emitted('input').length).toBe(1)
  1022 |     expect($carousel.emitted('input')[0][0]).toEqual(2)
> 1023 |     expect($carousel.vm.index).toBe(2)
       |    ^ Duplicate Assert
  1024 |     expect($carousel.vm.isSliding).toBe(false)
  1025 |
  1026 |     // Call vm.prev()"
/home/gabriel/Disk/Research/research-javascript-test-smells/repositories/bootstrap-vue-dev/src/components/carousel/carousel.spec.js,Duplicate Assert,"{'line': 1024, 'column': 4, 'index': 34918}","  1022 |     expect($carousel.emitted('input')[0][0]).toEqual(2)
  1023 |     expect($carousel.vm.index).toBe(2)
> 1024 |     expect($carousel.vm.isSliding).toBe(false)
       |    ^ Duplicate Assert
  1025 |
  1026 |     // Call vm.prev()
  1027 |     $carousel.vm.prev()"
/home/gabriel/Disk/Research/research-javascript-test-smells/repositories/bootstrap-vue-dev/src/components/carousel/carousel.spec.js,Duplicate Assert,"{'line': 1024, 'column': 4, 'index': 34918}","  1022 |     expect($carousel.emitted('input')[0][0]).toEqual(2)
  1023 |     expect($carousel.vm.index).toBe(2)
> 1024 |     expect($carousel.vm.isSliding).toBe(false)
       |    ^ Duplicate Assert
  1025 |
  1026 |     // Call vm.prev()
  1027 |     $carousel.vm.prev()"
/home/gabriel/Disk/Research/research-javascript-test-smells/repositories/bootstrap-vue-dev/src/components/carousel/carousel.spec.js,Duplicate Assert,"{'line': 1030, 'column': 4, 'index': 35042}","  1028 |     await waitNT(wrapper.vm)
  1029 |
> 1030 |     expect($carousel.emitted('sliding-start').length).toBe(2)
       |    ^ Duplicate Assert
  1031 |     expect($carousel.emitted('sliding-end').length).toBe(2)
  1032 |     // Should have index set to 1
  1033 |     expect($carousel.emitted('sliding-start')[1][0]).toEqual(1)"
/home/gabriel/Disk/Research/research-javascript-test-smells/repositories/bootstrap-vue-dev/src/components/carousel/carousel.spec.js,Duplicate Assert,"{'line': 1031, 'column': 4, 'index': 35104}","  1029 |
  1030 |     expect($carousel.emitted('sliding-start').length).toBe(2)
> 1031 |     expect($carousel.emitted('sliding-end').length).toBe(2)
       |    ^ Duplicate Assert
  1032 |     // Should have index set to 1
  1033 |     expect($carousel.emitted('sliding-start')[1][0]).toEqual(1)
  1034 |     expect($carousel.emitted('sliding-end')[1][0]).toEqual(1)"
/home/gabriel/Disk/Research/research-javascript-test-smells/repositories/bootstrap-vue-dev/src/components/carousel/carousel.spec.js,Duplicate Assert,"{'line': 1035, 'column': 4, 'index': 35324}","  1033 |     expect($carousel.emitted('sliding-start')[1][0]).toEqual(1)
  1034 |     expect($carousel.emitted('sliding-end')[1][0]).toEqual(1)
> 1035 |     expect($carousel.emitted('input').length).toBe(2)
       |    ^ Duplicate Assert
  1036 |     expect($carousel.emitted('input')[1][0]).toEqual(1)
  1037 |     expect($carousel.vm.index).toBe(1)
  1038 |     expect($carousel.vm.isSliding).toBe(false)"
/home/gabriel/Disk/Research/research-javascript-test-smells/repositories/bootstrap-vue-dev/src/components/carousel/carousel.spec.js,Duplicate Assert,"{'line': 1037, 'column': 4, 'index': 35434}","  1035 |     expect($carousel.emitted('input').length).toBe(2)
  1036 |     expect($carousel.emitted('input')[1][0]).toEqual(1)
> 1037 |     expect($carousel.vm.index).toBe(1)
       |    ^ Duplicate Assert
  1038 |     expect($carousel.vm.isSliding).toBe(false)
  1039 |
  1040 |     // Call vm.prev()"
/home/gabriel/Disk/Research/research-javascript-test-smells/repositories/bootstrap-vue-dev/src/components/carousel/carousel.spec.js,Duplicate Assert,"{'line': 1038, 'column': 4, 'index': 35473}","  1036 |     expect($carousel.emitted('input')[1][0]).toEqual(1)
  1037 |     expect($carousel.vm.index).toBe(1)
> 1038 |     expect($carousel.vm.isSliding).toBe(false)
       |    ^ Duplicate Assert
  1039 |
  1040 |     // Call vm.prev()
  1041 |     $carousel.vm.prev()"
/home/gabriel/Disk/Research/research-javascript-test-smells/repositories/bootstrap-vue-dev/src/components/carousel/carousel.spec.js,Duplicate Assert,"{'line': 1038, 'column': 4, 'index': 35473}","  1036 |     expect($carousel.emitted('input')[1][0]).toEqual(1)
  1037 |     expect($carousel.vm.index).toBe(1)
> 1038 |     expect($carousel.vm.isSliding).toBe(false)
       |    ^ Duplicate Assert
  1039 |
  1040 |     // Call vm.prev()
  1041 |     $carousel.vm.prev()"
/home/gabriel/Disk/Research/research-javascript-test-smells/repositories/bootstrap-vue-dev/src/components/carousel/carousel.spec.js,Duplicate Assert,"{'line': 1044, 'column': 4, 'index': 35597}","  1042 |     await waitNT(wrapper.vm)
  1043 |
> 1044 |     expect($carousel.emitted('sliding-start').length).toBe(3)
       |    ^ Duplicate Assert
  1045 |     expect($carousel.emitted('sliding-end').length).toBe(3)
  1046 |     // Should have index set to 0
  1047 |     expect($carousel.emitted('sliding-start')[2][0]).toEqual(0)"
/home/gabriel/Disk/Research/research-javascript-test-smells/repositories/bootstrap-vue-dev/src/components/carousel/carousel.spec.js,Duplicate Assert,"{'line': 1044, 'column': 4, 'index': 35597}","  1042 |     await waitNT(wrapper.vm)
  1043 |
> 1044 |     expect($carousel.emitted('sliding-start').length).toBe(3)
       |    ^ Duplicate Assert
  1045 |     expect($carousel.emitted('sliding-end').length).toBe(3)
  1046 |     // Should have index set to 0
  1047 |     expect($carousel.emitted('sliding-start')[2][0]).toEqual(0)"
/home/gabriel/Disk/Research/research-javascript-test-smells/repositories/bootstrap-vue-dev/src/components/carousel/carousel.spec.js,Duplicate Assert,"{'line': 1045, 'column': 4, 'index': 35659}","  1043 |
  1044 |     expect($carousel.emitted('sliding-start').length).toBe(3)
> 1045 |     expect($carousel.emitted('sliding-end').length).toBe(3)
       |    ^ Duplicate Assert
  1046 |     // Should have index set to 0
  1047 |     expect($carousel.emitted('sliding-start')[2][0]).toEqual(0)
  1048 |     expect($carousel.emitted('sliding-end')[2][0]).toEqual(0)"
/home/gabriel/Disk/Research/research-javascript-test-smells/repositories/bootstrap-vue-dev/src/components/carousel/carousel.spec.js,Duplicate Assert,"{'line': 1045, 'column': 4, 'index': 35659}","  1043 |
  1044 |     expect($carousel.emitted('sliding-start').length).toBe(3)
> 1045 |     expect($carousel.emitted('sliding-end').length).toBe(3)
       |    ^ Duplicate Assert
  1046 |     // Should have index set to 0
  1047 |     expect($carousel.emitted('sliding-start')[2][0]).toEqual(0)
  1048 |     expect($carousel.emitted('sliding-end')[2][0]).toEqual(0)"
/home/gabriel/Disk/Research/research-javascript-test-smells/repositories/bootstrap-vue-dev/src/components/carousel/carousel.spec.js,Duplicate Assert,"{'line': 1049, 'column': 4, 'index': 35879}","  1047 |     expect($carousel.emitted('sliding-start')[2][0]).toEqual(0)
  1048 |     expect($carousel.emitted('sliding-end')[2][0]).toEqual(0)
> 1049 |     expect($carousel.emitted('input').length).toBe(3)
       |    ^ Duplicate Assert
  1050 |     expect($carousel.emitted('input')[2][0]).toEqual(0)
  1051 |     expect($carousel.vm.index).toBe(0)
  1052 |     expect($carousel.vm.isSliding).toBe(false)"
/home/gabriel/Disk/Research/research-javascript-test-smells/repositories/bootstrap-vue-dev/src/components/carousel/carousel.spec.js,Duplicate Assert,"{'line': 1051, 'column': 4, 'index': 35989}","  1049 |     expect($carousel.emitted('input').length).toBe(3)
  1050 |     expect($carousel.emitted('input')[2][0]).toEqual(0)
> 1051 |     expect($carousel.vm.index).toBe(0)
       |    ^ Duplicate Assert
  1052 |     expect($carousel.vm.isSliding).toBe(false)
  1053 |
  1054 |     // Call vm.prev() (should not wrap)"
/home/gabriel/Disk/Research/research-javascript-test-smells/repositories/bootstrap-vue-dev/src/components/carousel/carousel.spec.js,Duplicate Assert,"{'line': 1051, 'column': 4, 'index': 35989}","  1049 |     expect($carousel.emitted('input').length).toBe(3)
  1050 |     expect($carousel.emitted('input')[2][0]).toEqual(0)
> 1051 |     expect($carousel.vm.index).toBe(0)
       |    ^ Duplicate Assert
  1052 |     expect($carousel.vm.isSliding).toBe(false)
  1053 |
  1054 |     // Call vm.prev() (should not wrap)"
/home/gabriel/Disk/Research/research-javascript-test-smells/repositories/bootstrap-vue-dev/src/components/carousel/carousel.spec.js,Duplicate Assert,"{'line': 1052, 'column': 4, 'index': 36028}","  1050 |     expect($carousel.emitted('input')[2][0]).toEqual(0)
  1051 |     expect($carousel.vm.index).toBe(0)
> 1052 |     expect($carousel.vm.isSliding).toBe(false)
       |    ^ Duplicate Assert
  1053 |
  1054 |     // Call vm.prev() (should not wrap)
  1055 |     $carousel.vm.prev()"
/home/gabriel/Disk/Research/research-javascript-test-smells/repositories/bootstrap-vue-dev/src/components/carousel/carousel.spec.js,Duplicate Assert,"{'line': 1052, 'column': 4, 'index': 36028}","  1050 |     expect($carousel.emitted('input')[2][0]).toEqual(0)
  1051 |     expect($carousel.vm.index).toBe(0)
> 1052 |     expect($carousel.vm.isSliding).toBe(false)
       |    ^ Duplicate Assert
  1053 |
  1054 |     // Call vm.prev() (should not wrap)
  1055 |     $carousel.vm.prev()"
/home/gabriel/Disk/Research/research-javascript-test-smells/repositories/bootstrap-vue-dev/src/components/carousel/carousel.spec.js,Duplicate Assert,"{'line': 1058, 'column': 4, 'index': 36170}","  1056 |     await waitNT(wrapper.vm)
  1057 |
> 1058 |     expect($carousel.emitted('sliding-start').length).toBe(3)
       |    ^ Duplicate Assert
  1059 |     expect($carousel.emitted('sliding-end').length).toBe(3)
  1060 |     // Should have index still set to 0, and emit input to update v-model
  1061 |     expect($carousel.emitted('input').length).toBe(4)"
/home/gabriel/Disk/Research/research-javascript-test-smells/repositories/bootstrap-vue-dev/src/components/carousel/carousel.spec.js,Duplicate Assert,"{'line': 1058, 'column': 4, 'index': 36170}","  1056 |     await waitNT(wrapper.vm)
  1057 |
> 1058 |     expect($carousel.emitted('sliding-start').length).toBe(3)
       |    ^ Duplicate Assert
  1059 |     expect($carousel.emitted('sliding-end').length).toBe(3)
  1060 |     // Should have index still set to 0, and emit input to update v-model
  1061 |     expect($carousel.emitted('input').length).toBe(4)"
/home/gabriel/Disk/Research/research-javascript-test-smells/repositories/bootstrap-vue-dev/src/components/carousel/carousel.spec.js,Duplicate Assert,"{'line': 1059, 'column': 4, 'index': 36232}","  1057 |
  1058 |     expect($carousel.emitted('sliding-start').length).toBe(3)
> 1059 |     expect($carousel.emitted('sliding-end').length).toBe(3)
       |    ^ Duplicate Assert
  1060 |     // Should have index still set to 0, and emit input to update v-model
  1061 |     expect($carousel.emitted('input').length).toBe(4)
  1062 |     expect($carousel.emitted('input')[3][0]).toEqual(0)"
/home/gabriel/Disk/Research/research-javascript-test-smells/repositories/bootstrap-vue-dev/src/components/carousel/carousel.spec.js,Duplicate Assert,"{'line': 1059, 'column': 4, 'index': 36232}","  1057 |
  1058 |     expect($carousel.emitted('sliding-start').length).toBe(3)
> 1059 |     expect($carousel.emitted('sliding-end').length).toBe(3)
       |    ^ Duplicate Assert
  1060 |     // Should have index still set to 0, and emit input to update v-model
  1061 |     expect($carousel.emitted('input').length).toBe(4)
  1062 |     expect($carousel.emitted('input')[3][0]).toEqual(0)"
/home/gabriel/Disk/Research/research-javascript-test-smells/repositories/bootstrap-vue-dev/src/components/carousel/carousel.spec.js,Duplicate Assert,"{'line': 1061, 'column': 4, 'index': 36366}","  1059 |     expect($carousel.emitted('sliding-end').length).toBe(3)
  1060 |     // Should have index still set to 0, and emit input to update v-model
> 1061 |     expect($carousel.emitted('input').length).toBe(4)
       |    ^ Duplicate Assert
  1062 |     expect($carousel.emitted('input')[3][0]).toEqual(0)
  1063 |     expect($carousel.vm.index).toBe(0)
  1064 |     expect($carousel.vm.isSliding).toBe(false)"
/home/gabriel/Disk/Research/research-javascript-test-smells/repositories/bootstrap-vue-dev/src/components/carousel/carousel.spec.js,Duplicate Assert,"{'line': 1063, 'column': 4, 'index': 36476}","  1061 |     expect($carousel.emitted('input').length).toBe(4)
  1062 |     expect($carousel.emitted('input')[3][0]).toEqual(0)
> 1063 |     expect($carousel.vm.index).toBe(0)
       |    ^ Duplicate Assert
  1064 |     expect($carousel.vm.isSliding).toBe(false)
  1065 |
  1066 |     wrapper.destroy()"
/home/gabriel/Disk/Research/research-javascript-test-smells/repositories/bootstrap-vue-dev/src/components/carousel/carousel.spec.js,Duplicate Assert,"{'line': 1063, 'column': 4, 'index': 36476}","  1061 |     expect($carousel.emitted('input').length).toBe(4)
  1062 |     expect($carousel.emitted('input')[3][0]).toEqual(0)
> 1063 |     expect($carousel.vm.index).toBe(0)
       |    ^ Duplicate Assert
  1064 |     expect($carousel.vm.isSliding).toBe(false)
  1065 |
  1066 |     wrapper.destroy()"
/home/gabriel/Disk/Research/research-javascript-test-smells/repositories/bootstrap-vue-dev/src/components/carousel/carousel.spec.js,Duplicate Assert,"{'line': 1064, 'column': 4, 'index': 36515}","  1062 |     expect($carousel.emitted('input')[3][0]).toEqual(0)
  1063 |     expect($carousel.vm.index).toBe(0)
> 1064 |     expect($carousel.vm.isSliding).toBe(false)
       |    ^ Duplicate Assert
  1065 |
  1066 |     wrapper.destroy()
  1067 |   })"
/home/gabriel/Disk/Research/research-javascript-test-smells/repositories/bootstrap-vue-dev/src/components/carousel/carousel.spec.js,Duplicate Assert,"{'line': 1064, 'column': 4, 'index': 36515}","  1062 |     expect($carousel.emitted('input')[3][0]).toEqual(0)
  1063 |     expect($carousel.vm.index).toBe(0)
> 1064 |     expect($carousel.vm.isSliding).toBe(false)
       |    ^ Duplicate Assert
  1065 |
  1066 |     wrapper.destroy()
  1067 |   })"
/home/gabriel/Disk/Research/research-javascript-test-smells/repositories/bootstrap-vue-dev/src/components/carousel/carousel.spec.js,Magic Number,"{'line': 49, 'column': 42, 'index': 1250}","  47 |     expect(wrapper.classes()).toContain('carousel')
  48 |     expect(wrapper.classes()).toContain('slide')
> 49 |     expect(wrapper.classes().length).toBe(2)
     |                                          ^ Magic Number
  50 |     expect(wrapper.attributes('role')).toBeDefined()
  51 |     expect(wrapper.attributes('role')).toEqual('region')
  52 |     expect(wrapper.attributes('aria-busy')).toBeDefined()"
/home/gabriel/Disk/Research/research-javascript-test-smells/repositories/bootstrap-vue-dev/src/components/carousel/carousel.spec.js,Magic Number,"{'line': 60, 'column': 71, 'index': 1826}","  58 |     // Slide wrapper
  59 |     // <div role=""list"" class=""carousel-inner"" id=""__BVID__52___BV_inner_""></div>
> 60 |     expect(wrapper.findAll('.carousel > .carousel-inner').length).toBe(1)
     |                                                                       ^ Magic Number
  61 |     const $inner = wrapper.find('.carousel > .carousel-inner')
  62 |     expect($inner.classes()).toContain('carousel-inner')
  63 |     expect($inner.classes().length).toBe(1)"
/home/gabriel/Disk/Research/research-javascript-test-smells/repositories/bootstrap-vue-dev/src/components/carousel/carousel.spec.js,Magic Number,"{'line': 63, 'column': 41, 'index': 1990}","  61 |     const $inner = wrapper.find('.carousel > .carousel-inner')
  62 |     expect($inner.classes()).toContain('carousel-inner')
> 63 |     expect($inner.classes().length).toBe(1)
     |                                         ^ Magic Number
  64 |     expect($inner.attributes('role')).toBeDefined()
  65 |     expect($inner.attributes('role')).toEqual('list')
  66 |     expect($inner.attributes('id')).toBeDefined()"
/home/gabriel/Disk/Research/research-javascript-test-smells/repositories/bootstrap-vue-dev/src/components/carousel/carousel.spec.js,Magic Number,"{'line': 72, 'column': 78, 'index': 2541}","  70 |     // <a href=""#"" role=""button"" class=""carousel-control-prev"" aria-controls=""__BVID__55___BV_inner_""></a>
  71 |     // <a href=""#"" role=""button"" class=""carousel-control-next"" aria-controls=""__BVID__55___BV_inner_""></a>
> 72 |     expect(wrapper.findAll('.carousel > .carousel-control-prev').length).toBe(0)
     |                                                                              ^ Magic Number
  73 |     expect(wrapper.findAll('.carousel > .carousel-control-next').length).toBe(0)
  74 |     expect(wrapper.findAll('a').length).toBe(0)
  75 |"
/home/gabriel/Disk/Research/research-javascript-test-smells/repositories/bootstrap-vue-dev/src/components/carousel/carousel.spec.js,Magic Number,"{'line': 73, 'column': 78, 'index': 2622}","  71 |     // <a href=""#"" role=""button"" class=""carousel-control-next"" aria-controls=""__BVID__55___BV_inner_""></a>
  72 |     expect(wrapper.findAll('.carousel > .carousel-control-prev').length).toBe(0)
> 73 |     expect(wrapper.findAll('.carousel > .carousel-control-next').length).toBe(0)
     |                                                                              ^ Magic Number
  74 |     expect(wrapper.findAll('a').length).toBe(0)
  75 |
  76 |     // Indicators (hidden by default)"
/home/gabriel/Disk/Research/research-javascript-test-smells/repositories/bootstrap-vue-dev/src/components/carousel/carousel.spec.js,Magic Number,"{'line': 74, 'column': 45, 'index': 2670}","  72 |     expect(wrapper.findAll('.carousel > .carousel-control-prev').length).toBe(0)
  73 |     expect(wrapper.findAll('.carousel > .carousel-control-next').length).toBe(0)
> 74 |     expect(wrapper.findAll('a').length).toBe(0)
     |                                             ^ Magic Number
  75 |
  76 |     // Indicators (hidden by default)
  77 |     // <ol"
/home/gabriel/Disk/Research/research-javascript-test-smells/repositories/bootstrap-vue-dev/src/components/carousel/carousel.spec.js,Magic Number,"{'line': 84, 'column': 58, 'index': 3018}","  82 |     //   aria-owns=""__BVID__52___BV_inner_""
  83 |     //   style=""display: none;""></ol>
> 84 |     expect(wrapper.findAll('.carousel > ol').length).toBe(1)
     |                                                          ^ Magic Number
  85 |     const $indicators = wrapper.find('.carousel > ol')
  86 |     expect($indicators.classes()).toContain('carousel-indicators')
  87 |     expect($indicators.classes().length).toBe(1)"
/home/gabriel/Disk/Research/research-javascript-test-smells/repositories/bootstrap-vue-dev/src/components/carousel/carousel.spec.js,Magic Number,"{'line': 87, 'column': 46, 'index': 3189}","  85 |     const $indicators = wrapper.find('.carousel > ol')
  86 |     expect($indicators.classes()).toContain('carousel-indicators')
> 87 |     expect($indicators.classes().length).toBe(1)
     |                                              ^ Magic Number
  88 |     expect($indicators.attributes('id')).toBeDefined()
  89 |     expect($indicators.attributes('id')).toEqual(`${id}___BV_indicators_`)
  90 |     expect($indicators.attributes('aria-owns')).toBeDefined()"
/home/gabriel/Disk/Research/research-javascript-test-smells/repositories/bootstrap-vue-dev/src/components/carousel/carousel.spec.js,Magic Number,"{'line': 97, 'column': 50, 'index': 3852}","   95 |     expect($indicators.attributes('aria-label')).toEqual('Select a slide to display')
   96 |     expect($indicators.element.style.display).toEqual('none')
>  97 |     expect($indicators.findAll('li').length).toBe(0) // no slides
      |                                                  ^ Magic Number
   98 |
   99 |     wrapper.destroy()
  100 |   })"
/home/gabriel/Disk/Research/research-javascript-test-smells/repositories/bootstrap-vue-dev/src/components/carousel/carousel.spec.js,Magic Number,"{'line': 119, 'column': 42, 'index': 4485}","  117 |     expect(wrapper.classes()).toContain('carousel')
  118 |     expect(wrapper.classes()).toContain('slide')
> 119 |     expect(wrapper.classes().length).toBe(2)
      |                                          ^ Magic Number
  120 |     expect(wrapper.attributes('id')).toBeDefined()
  121 |     const id = wrapper.attributes('id')
  122 |"
/home/gabriel/Disk/Research/research-javascript-test-smells/repositories/bootstrap-vue-dev/src/components/carousel/carousel.spec.js,Magic Number,"{'line': 125, 'column': 71, 'index': 4754}","  123 |     // Slide wrapper
  124 |     // <div role=""list"" class=""carousel-inner"" id=""__BVID__52___BV_inner_""></div>
> 125 |     expect(wrapper.findAll('.carousel > .carousel-inner').length).toBe(1)
      |                                                                       ^ Magic Number
  126 |
  127 |     // Controls
  128 |     // <a href=""#"" role=""button"" class=""carousel-control-prev"" aria-controls=""__BVID__55___BV_inner_""></a>"
/home/gabriel/Disk/Research/research-javascript-test-smells/repositories/bootstrap-vue-dev/src/components/carousel/carousel.spec.js,Magic Number,"{'line': 130, 'column': 78, 'index': 5066}","  128 |     // <a href=""#"" role=""button"" class=""carousel-control-prev"" aria-controls=""__BVID__55___BV_inner_""></a>
  129 |     // <a href=""#"" role=""button"" class=""carousel-control-next"" aria-controls=""__BVID__55___BV_inner_""></a>
> 130 |     expect(wrapper.findAll('.carousel > .carousel-control-prev').length).toBe(1)
      |                                                                              ^ Magic Number
  131 |     expect(wrapper.findAll('.carousel > .carousel-control-next').length).toBe(1)
  132 |     expect(wrapper.findAll('a').length).toBe(2)
  133 |     const $prev = wrapper.find('.carousel > .carousel-control-prev')"
/home/gabriel/Disk/Research/research-javascript-test-smells/repositories/bootstrap-vue-dev/src/components/carousel/carousel.spec.js,Magic Number,"{'line': 131, 'column': 78, 'index': 5147}","  129 |     // <a href=""#"" role=""button"" class=""carousel-control-next"" aria-controls=""__BVID__55___BV_inner_""></a>
  130 |     expect(wrapper.findAll('.carousel > .carousel-control-prev').length).toBe(1)
> 131 |     expect(wrapper.findAll('.carousel > .carousel-control-next').length).toBe(1)
      |                                                                              ^ Magic Number
  132 |     expect(wrapper.findAll('a').length).toBe(2)
  133 |     const $prev = wrapper.find('.carousel > .carousel-control-prev')
  134 |     const $next = wrapper.find('.carousel > .carousel-control-next')"
/home/gabriel/Disk/Research/research-javascript-test-smells/repositories/bootstrap-vue-dev/src/components/carousel/carousel.spec.js,Magic Number,"{'line': 132, 'column': 45, 'index': 5195}","  130 |     expect(wrapper.findAll('.carousel > .carousel-control-prev').length).toBe(1)
  131 |     expect(wrapper.findAll('.carousel > .carousel-control-next').length).toBe(1)
> 132 |     expect(wrapper.findAll('a').length).toBe(2)
      |                                             ^ Magic Number
  133 |     const $prev = wrapper.find('.carousel > .carousel-control-prev')
  134 |     const $next = wrapper.find('.carousel > .carousel-control-next')
  135 |     expect($prev.element.tagName).toBe('A')"
/home/gabriel/Disk/Research/research-javascript-test-smells/repositories/bootstrap-vue-dev/src/components/carousel/carousel.spec.js,Magic Number,"{'line': 145, 'column': 40, 'index': 5950}","  143 |     expect($prev.classes()).toContain('carousel-control-prev')
  144 |     expect($next.classes()).toContain('carousel-control-next')
> 145 |     expect($prev.classes().length).toBe(1)
      |                                        ^ Magic Number
  146 |     expect($next.classes().length).toBe(1)
  147 |
  148 |     // Indicators (hidden by default)"
/home/gabriel/Disk/Research/research-javascript-test-smells/repositories/bootstrap-vue-dev/src/components/carousel/carousel.spec.js,Magic Number,"{'line': 146, 'column': 40, 'index': 5993}","  144 |     expect($next.classes()).toContain('carousel-control-next')
  145 |     expect($prev.classes().length).toBe(1)
> 146 |     expect($next.classes().length).toBe(1)
      |                                        ^ Magic Number
  147 |
  148 |     // Indicators (hidden by default)
  149 |     // <ol"
/home/gabriel/Disk/Research/research-javascript-test-smells/repositories/bootstrap-vue-dev/src/components/carousel/carousel.spec.js,Magic Number,"{'line': 156, 'column': 58, 'index': 6341}","  154 |     //   aria-owns=""__BVID__52___BV_inner_""
  155 |     //   style=""display: none;""></ol>
> 156 |     expect(wrapper.findAll('.carousel > ol').length).toBe(1)
      |                                                          ^ Magic Number
  157 |     const $indicators = wrapper.find('.carousel > ol')
  158 |     expect($indicators.classes()).toContain('carousel-indicators')
  159 |     expect($indicators.classes().length).toBe(1)"
/home/gabriel/Disk/Research/research-javascript-test-smells/repositories/bootstrap-vue-dev/src/components/carousel/carousel.spec.js,Magic Number,"{'line': 159, 'column': 46, 'index': 6512}","  157 |     const $indicators = wrapper.find('.carousel > ol')
  158 |     expect($indicators.classes()).toContain('carousel-indicators')
> 159 |     expect($indicators.classes().length).toBe(1)
      |                                              ^ Magic Number
  160 |     expect($indicators.element.style.display).toEqual('none')
  161 |
  162 |     wrapper.destroy()"
/home/gabriel/Disk/Research/research-javascript-test-smells/repositories/bootstrap-vue-dev/src/components/carousel/carousel.spec.js,Magic Number,"{'line': 182, 'column': 42, 'index': 7198}","  180 |     expect(wrapper.classes()).toContain('carousel')
  181 |     expect(wrapper.classes()).toContain('slide')
> 182 |     expect(wrapper.classes().length).toBe(2)
      |                                          ^ Magic Number
  183 |     expect(wrapper.attributes('id')).toBeDefined()
  184 |
  185 |     // Slide wrapper"
/home/gabriel/Disk/Research/research-javascript-test-smells/repositories/bootstrap-vue-dev/src/components/carousel/carousel.spec.js,Magic Number,"{'line': 187, 'column': 71, 'index': 7427}","  185 |     // Slide wrapper
  186 |     // <div role=""list"" class=""carousel-inner"" id=""__BVID__52___BV_inner_""></div>
> 187 |     expect(wrapper.findAll('.carousel > .carousel-inner').length).toBe(1)
      |                                                                       ^ Magic Number
  188 |
  189 |     // Controls (none by default)
  190 |     // <a href=""#"" role=""button"" class=""carousel-control-prev"" aria-controls=""__BVID__55___BV_inner_""></a>"
/home/gabriel/Disk/Research/research-javascript-test-smells/repositories/bootstrap-vue-dev/src/components/carousel/carousel.spec.js,Magic Number,"{'line': 192, 'column': 78, 'index': 7757}","  190 |     // <a href=""#"" role=""button"" class=""carousel-control-prev"" aria-controls=""__BVID__55___BV_inner_""></a>
  191 |     // <a href=""#"" role=""button"" class=""carousel-control-next"" aria-controls=""__BVID__55___BV_inner_""></a>
> 192 |     expect(wrapper.findAll('.carousel > .carousel-control-prev').length).toBe(0)
      |                                                                              ^ Magic Number
  193 |     expect(wrapper.findAll('.carousel > .carousel-control-next').length).toBe(0)
  194 |
  195 |     // Indicators"
/home/gabriel/Disk/Research/research-javascript-test-smells/repositories/bootstrap-vue-dev/src/components/carousel/carousel.spec.js,Magic Number,"{'line': 193, 'column': 78, 'index': 7838}","  191 |     // <a href=""#"" role=""button"" class=""carousel-control-next"" aria-controls=""__BVID__55___BV_inner_""></a>
  192 |     expect(wrapper.findAll('.carousel > .carousel-control-prev').length).toBe(0)
> 193 |     expect(wrapper.findAll('.carousel > .carousel-control-next').length).toBe(0)
      |                                                                              ^ Magic Number
  194 |
  195 |     // Indicators
  196 |     // <ol"
/home/gabriel/Disk/Research/research-javascript-test-smells/repositories/bootstrap-vue-dev/src/components/carousel/carousel.spec.js,Magic Number,"{'line': 203, 'column': 58, 'index': 8166}","  201 |     //   aria-owns=""__BVID__52___BV_inner_""
  202 |     //   style=""display: none;""></ol>
> 203 |     expect(wrapper.findAll('.carousel > ol').length).toBe(1)
      |                                                          ^ Magic Number
  204 |     const $indicators = wrapper.find('.carousel > ol')
  205 |     expect($indicators.classes()).toContain('carousel-indicators')
  206 |     expect($indicators.classes().length).toBe(1)"
/home/gabriel/Disk/Research/research-javascript-test-smells/repositories/bootstrap-vue-dev/src/components/carousel/carousel.spec.js,Magic Number,"{'line': 206, 'column': 46, 'index': 8337}","  204 |     const $indicators = wrapper.find('.carousel > ol')
  205 |     expect($indicators.classes()).toContain('carousel-indicators')
> 206 |     expect($indicators.classes().length).toBe(1)
      |                                              ^ Magic Number
  207 |     expect($indicators.element.style.display).toEqual('')
  208 |
  209 |     wrapper.destroy()"
/home/gabriel/Disk/Research/research-javascript-test-smells/repositories/bootstrap-vue-dev/src/components/carousel/carousel.spec.js,Magic Number,"{'line': 325, 'column': 59, 'index': 11631}","  323 |     expect($carousel.emitted('sliding-start')).toBeDefined()
  324 |     expect($carousel.emitted('sliding-end')).toBeUndefined()
> 325 |     expect($carousel.emitted('sliding-start').length).toBe(1)
      |                                                           ^ Magic Number
  326 |     expect($carousel.emitted('sliding-start')[0][0]).toEqual(1)
  327 |
  328 |     jest.runOnlyPendingTimers()"
/home/gabriel/Disk/Research/research-javascript-test-smells/repositories/bootstrap-vue-dev/src/components/carousel/carousel.spec.js,Magic Number,"{'line': 326, 'column': 61, 'index': 11695}","  324 |     expect($carousel.emitted('sliding-end')).toBeUndefined()
  325 |     expect($carousel.emitted('sliding-start').length).toBe(1)
> 326 |     expect($carousel.emitted('sliding-start')[0][0]).toEqual(1)
      |                                                             ^ Magic Number
  327 |
  328 |     jest.runOnlyPendingTimers()
  329 |     await waitNT(wrapper.vm)"
/home/gabriel/Disk/Research/research-javascript-test-smells/repositories/bootstrap-vue-dev/src/components/carousel/carousel.spec.js,Magic Number,"{'line': 332, 'column': 59, 'index': 11840}","  330 |     await waitRAF()
  331 |
> 332 |     expect($carousel.emitted('sliding-start').length).toBe(1)
      |                                                           ^ Magic Number
  333 |     expect($carousel.emitted('sliding-end')).toBeDefined()
  334 |     expect($carousel.emitted('sliding-end').length).toBe(1)
  335 |     expect($carousel.emitted('sliding-end')[0][0]).toEqual(1)"
/home/gabriel/Disk/Research/research-javascript-test-smells/repositories/bootstrap-vue-dev/src/components/carousel/carousel.spec.js,Magic Number,"{'line': 334, 'column': 57, 'index': 11959}","  332 |     expect($carousel.emitted('sliding-start').length).toBe(1)
  333 |     expect($carousel.emitted('sliding-end')).toBeDefined()
> 334 |     expect($carousel.emitted('sliding-end').length).toBe(1)
      |                                                         ^ Magic Number
  335 |     expect($carousel.emitted('sliding-end')[0][0]).toEqual(1)
  336 |     expect($carousel.emitted('input')).toBeDefined()
  337 |     expect($carousel.emitted('input').length).toBe(1)"
/home/gabriel/Disk/Research/research-javascript-test-smells/repositories/bootstrap-vue-dev/src/components/carousel/carousel.spec.js,Magic Number,"{'line': 335, 'column': 59, 'index': 12021}","  333 |     expect($carousel.emitted('sliding-end')).toBeDefined()
  334 |     expect($carousel.emitted('sliding-end').length).toBe(1)
> 335 |     expect($carousel.emitted('sliding-end')[0][0]).toEqual(1)
      |                                                           ^ Magic Number
  336 |     expect($carousel.emitted('input')).toBeDefined()
  337 |     expect($carousel.emitted('input').length).toBe(1)
  338 |     expect($carousel.emitted('input')[0][0]).toEqual(1)"
/home/gabriel/Disk/Research/research-javascript-test-smells/repositories/bootstrap-vue-dev/src/components/carousel/carousel.spec.js,Magic Number,"{'line': 337, 'column': 51, 'index': 12128}","  335 |     expect($carousel.emitted('sliding-end')[0][0]).toEqual(1)
  336 |     expect($carousel.emitted('input')).toBeDefined()
> 337 |     expect($carousel.emitted('input').length).toBe(1)
      |                                                   ^ Magic Number
  338 |     expect($carousel.emitted('input')[0][0]).toEqual(1)
  339 |
  340 |     await $prev.trigger('click')"
/home/gabriel/Disk/Research/research-javascript-test-smells/repositories/bootstrap-vue-dev/src/components/carousel/carousel.spec.js,Magic Number,"{'line': 338, 'column': 53, 'index': 12184}","  336 |     expect($carousel.emitted('input')).toBeDefined()
  337 |     expect($carousel.emitted('input').length).toBe(1)
> 338 |     expect($carousel.emitted('input')[0][0]).toEqual(1)
      |                                                     ^ Magic Number
  339 |
  340 |     await $prev.trigger('click')
  341 |"
/home/gabriel/Disk/Research/research-javascript-test-smells/repositories/bootstrap-vue-dev/src/components/carousel/carousel.spec.js,Magic Number,"{'line': 342, 'column': 59, 'index': 12281}","  340 |     await $prev.trigger('click')
  341 |
> 342 |     expect($carousel.emitted('sliding-start').length).toBe(2)
      |                                                           ^ Magic Number
  343 |     expect($carousel.emitted('sliding-end').length).toBe(1)
  344 |     expect($carousel.emitted('sliding-start')[1][0]).toEqual(0)
  345 |"
/home/gabriel/Disk/Research/research-javascript-test-smells/repositories/bootstrap-vue-dev/src/components/carousel/carousel.spec.js,Magic Number,"{'line': 343, 'column': 57, 'index': 12341}","  341 |
  342 |     expect($carousel.emitted('sliding-start').length).toBe(2)
> 343 |     expect($carousel.emitted('sliding-end').length).toBe(1)
      |                                                         ^ Magic Number
  344 |     expect($carousel.emitted('sliding-start')[1][0]).toEqual(0)
  345 |
  346 |     jest.runOnlyPendingTimers()"
/home/gabriel/Disk/Research/research-javascript-test-smells/repositories/bootstrap-vue-dev/src/components/carousel/carousel.spec.js,Magic Number,"{'line': 344, 'column': 61, 'index': 12405}","  342 |     expect($carousel.emitted('sliding-start').length).toBe(2)
  343 |     expect($carousel.emitted('sliding-end').length).toBe(1)
> 344 |     expect($carousel.emitted('sliding-start')[1][0]).toEqual(0)
      |                                                             ^ Magic Number
  345 |
  346 |     jest.runOnlyPendingTimers()
  347 |     await waitNT(wrapper.vm)"
/home/gabriel/Disk/Research/research-javascript-test-smells/repositories/bootstrap-vue-dev/src/components/carousel/carousel.spec.js,Magic Number,"{'line': 350, 'column': 59, 'index': 12550}","  348 |     await waitRAF()
  349 |
> 350 |     expect($carousel.emitted('sliding-start').length).toBe(2)
      |                                                           ^ Magic Number
  351 |     expect($carousel.emitted('sliding-end').length).toBe(2)
  352 |     expect($carousel.emitted('sliding-end')[1][0]).toEqual(0)
  353 |     expect($carousel.emitted('input').length).toBe(2)"
/home/gabriel/Disk/Research/research-javascript-test-smells/repositories/bootstrap-vue-dev/src/components/carousel/carousel.spec.js,Magic Number,"{'line': 351, 'column': 57, 'index': 12610}","  349 |
  350 |     expect($carousel.emitted('sliding-start').length).toBe(2)
> 351 |     expect($carousel.emitted('sliding-end').length).toBe(2)
      |                                                         ^ Magic Number
  352 |     expect($carousel.emitted('sliding-end')[1][0]).toEqual(0)
  353 |     expect($carousel.emitted('input').length).toBe(2)
  354 |     expect($carousel.emitted('input')[1][0]).toEqual(0)"
/home/gabriel/Disk/Research/research-javascript-test-smells/repositories/bootstrap-vue-dev/src/components/carousel/carousel.spec.js,Magic Number,"{'line': 352, 'column': 59, 'index': 12672}","  350 |     expect($carousel.emitted('sliding-start').length).toBe(2)
  351 |     expect($carousel.emitted('sliding-end').length).toBe(2)
> 352 |     expect($carousel.emitted('sliding-end')[1][0]).toEqual(0)
      |                                                           ^ Magic Number
  353 |     expect($carousel.emitted('input').length).toBe(2)
  354 |     expect($carousel.emitted('input')[1][0]).toEqual(0)
  355 |"
/home/gabriel/Disk/Research/research-javascript-test-smells/repositories/bootstrap-vue-dev/src/components/carousel/carousel.spec.js,Magic Number,"{'line': 353, 'column': 51, 'index': 12726}","  351 |     expect($carousel.emitted('sliding-end').length).toBe(2)
  352 |     expect($carousel.emitted('sliding-end')[1][0]).toEqual(0)
> 353 |     expect($carousel.emitted('input').length).toBe(2)
      |                                                   ^ Magic Number
  354 |     expect($carousel.emitted('input')[1][0]).toEqual(0)
  355 |
  356 |     wrapper.destroy()"
/home/gabriel/Disk/Research/research-javascript-test-smells/repositories/bootstrap-vue-dev/src/components/carousel/carousel.spec.js,Magic Number,"{'line': 354, 'column': 53, 'index': 12782}","  352 |     expect($carousel.emitted('sliding-end')[1][0]).toEqual(0)
  353 |     expect($carousel.emitted('input').length).toBe(2)
> 354 |     expect($carousel.emitted('input')[1][0]).toEqual(0)
      |                                                     ^ Magic Number
  355 |
  356 |     wrapper.destroy()
  357 |   })"
/home/gabriel/Disk/Research/research-javascript-test-smells/repositories/bootstrap-vue-dev/src/components/carousel/carousel.spec.js,Magic Number,"{'line': 387, 'column': 59, 'index': 13782}","  385 |     expect($carousel.emitted('sliding-start')).toBeDefined()
  386 |     expect($carousel.emitted('sliding-end')).toBeUndefined()
> 387 |     expect($carousel.emitted('sliding-start').length).toBe(1)
      |                                                           ^ Magic Number
  388 |     expect($carousel.emitted('sliding-start')[0][0]).toEqual(1)
  389 |
  390 |     jest.runOnlyPendingTimers()"
/home/gabriel/Disk/Research/research-javascript-test-smells/repositories/bootstrap-vue-dev/src/components/carousel/carousel.spec.js,Magic Number,"{'line': 388, 'column': 61, 'index': 13846}","  386 |     expect($carousel.emitted('sliding-end')).toBeUndefined()
  387 |     expect($carousel.emitted('sliding-start').length).toBe(1)
> 388 |     expect($carousel.emitted('sliding-start')[0][0]).toEqual(1)
      |                                                             ^ Magic Number
  389 |
  390 |     jest.runOnlyPendingTimers()
  391 |     await waitNT(wrapper.vm)"
/home/gabriel/Disk/Research/research-javascript-test-smells/repositories/bootstrap-vue-dev/src/components/carousel/carousel.spec.js,Magic Number,"{'line': 394, 'column': 59, 'index': 13991}","  392 |     await waitRAF()
  393 |
> 394 |     expect($carousel.emitted('sliding-start').length).toBe(1)
      |                                                           ^ Magic Number
  395 |     expect($carousel.emitted('sliding-end')).toBeDefined()
  396 |     expect($carousel.emitted('sliding-end').length).toBe(1)
  397 |     expect($carousel.emitted('sliding-end')[0][0]).toEqual(1)"
/home/gabriel/Disk/Research/research-javascript-test-smells/repositories/bootstrap-vue-dev/src/components/carousel/carousel.spec.js,Magic Number,"{'line': 396, 'column': 57, 'index': 14110}","  394 |     expect($carousel.emitted('sliding-start').length).toBe(1)
  395 |     expect($carousel.emitted('sliding-end')).toBeDefined()
> 396 |     expect($carousel.emitted('sliding-end').length).toBe(1)
      |                                                         ^ Magic Number
  397 |     expect($carousel.emitted('sliding-end')[0][0]).toEqual(1)
  398 |     expect($carousel.emitted('input')).toBeDefined()
  399 |     expect($carousel.emitted('input').length).toBe(1)"
/home/gabriel/Disk/Research/research-javascript-test-smells/repositories/bootstrap-vue-dev/src/components/carousel/carousel.spec.js,Magic Number,"{'line': 397, 'column': 59, 'index': 14172}","  395 |     expect($carousel.emitted('sliding-end')).toBeDefined()
  396 |     expect($carousel.emitted('sliding-end').length).toBe(1)
> 397 |     expect($carousel.emitted('sliding-end')[0][0]).toEqual(1)
      |                                                           ^ Magic Number
  398 |     expect($carousel.emitted('input')).toBeDefined()
  399 |     expect($carousel.emitted('input').length).toBe(1)
  400 |     expect($carousel.emitted('input')[0][0]).toEqual(1)"
/home/gabriel/Disk/Research/research-javascript-test-smells/repositories/bootstrap-vue-dev/src/components/carousel/carousel.spec.js,Magic Number,"{'line': 399, 'column': 51, 'index': 14279}","  397 |     expect($carousel.emitted('sliding-end')[0][0]).toEqual(1)
  398 |     expect($carousel.emitted('input')).toBeDefined()
> 399 |     expect($carousel.emitted('input').length).toBe(1)
      |                                                   ^ Magic Number
  400 |     expect($carousel.emitted('input')[0][0]).toEqual(1)
  401 |
  402 |     await $prev.trigger('keydown.space')"
/home/gabriel/Disk/Research/research-javascript-test-smells/repositories/bootstrap-vue-dev/src/components/carousel/carousel.spec.js,Magic Number,"{'line': 400, 'column': 53, 'index': 14335}","  398 |     expect($carousel.emitted('input')).toBeDefined()
  399 |     expect($carousel.emitted('input').length).toBe(1)
> 400 |     expect($carousel.emitted('input')[0][0]).toEqual(1)
      |                                                     ^ Magic Number
  401 |
  402 |     await $prev.trigger('keydown.space')
  403 |"
/home/gabriel/Disk/Research/research-javascript-test-smells/repositories/bootstrap-vue-dev/src/components/carousel/carousel.spec.js,Magic Number,"{'line': 404, 'column': 59, 'index': 14440}","  402 |     await $prev.trigger('keydown.space')
  403 |
> 404 |     expect($carousel.emitted('sliding-start').length).toBe(2)
      |                                                           ^ Magic Number
  405 |     expect($carousel.emitted('sliding-end').length).toBe(1)
  406 |     expect($carousel.emitted('sliding-start')[1][0]).toEqual(0)
  407 |"
/home/gabriel/Disk/Research/research-javascript-test-smells/repositories/bootstrap-vue-dev/src/components/carousel/carousel.spec.js,Magic Number,"{'line': 405, 'column': 57, 'index': 14500}","  403 |
  404 |     expect($carousel.emitted('sliding-start').length).toBe(2)
> 405 |     expect($carousel.emitted('sliding-end').length).toBe(1)
      |                                                         ^ Magic Number
  406 |     expect($carousel.emitted('sliding-start')[1][0]).toEqual(0)
  407 |
  408 |     jest.runOnlyPendingTimers()"
/home/gabriel/Disk/Research/research-javascript-test-smells/repositories/bootstrap-vue-dev/src/components/carousel/carousel.spec.js,Magic Number,"{'line': 406, 'column': 61, 'index': 14564}","  404 |     expect($carousel.emitted('sliding-start').length).toBe(2)
  405 |     expect($carousel.emitted('sliding-end').length).toBe(1)
> 406 |     expect($carousel.emitted('sliding-start')[1][0]).toEqual(0)
      |                                                             ^ Magic Number
  407 |
  408 |     jest.runOnlyPendingTimers()
  409 |     await waitNT(wrapper.vm)"
/home/gabriel/Disk/Research/research-javascript-test-smells/repositories/bootstrap-vue-dev/src/components/carousel/carousel.spec.js,Magic Number,"{'line': 412, 'column': 59, 'index': 14709}","  410 |     await waitRAF()
  411 |
> 412 |     expect($carousel.emitted('sliding-start').length).toBe(2)
      |                                                           ^ Magic Number
  413 |     expect($carousel.emitted('sliding-end').length).toBe(2)
  414 |     expect($carousel.emitted('sliding-end')[1][0]).toEqual(0)
  415 |     expect($carousel.emitted('input').length).toBe(2)"
/home/gabriel/Disk/Research/research-javascript-test-smells/repositories/bootstrap-vue-dev/src/components/carousel/carousel.spec.js,Magic Number,"{'line': 413, 'column': 57, 'index': 14769}","  411 |
  412 |     expect($carousel.emitted('sliding-start').length).toBe(2)
> 413 |     expect($carousel.emitted('sliding-end').length).toBe(2)
      |                                                         ^ Magic Number
  414 |     expect($carousel.emitted('sliding-end')[1][0]).toEqual(0)
  415 |     expect($carousel.emitted('input').length).toBe(2)
  416 |     expect($carousel.emitted('input')[1][0]).toEqual(0)"
/home/gabriel/Disk/Research/research-javascript-test-smells/repositories/bootstrap-vue-dev/src/components/carousel/carousel.spec.js,Magic Number,"{'line': 414, 'column': 59, 'index': 14831}","  412 |     expect($carousel.emitted('sliding-start').length).toBe(2)
  413 |     expect($carousel.emitted('sliding-end').length).toBe(2)
> 414 |     expect($carousel.emitted('sliding-end')[1][0]).toEqual(0)
      |                                                           ^ Magic Number
  415 |     expect($carousel.emitted('input').length).toBe(2)
  416 |     expect($carousel.emitted('input')[1][0]).toEqual(0)
  417 |"
/home/gabriel/Disk/Research/research-javascript-test-smells/repositories/bootstrap-vue-dev/src/components/carousel/carousel.spec.js,Magic Number,"{'line': 415, 'column': 51, 'index': 14885}","  413 |     expect($carousel.emitted('sliding-end').length).toBe(2)
  414 |     expect($carousel.emitted('sliding-end')[1][0]).toEqual(0)
> 415 |     expect($carousel.emitted('input').length).toBe(2)
      |                                                   ^ Magic Number
  416 |     expect($carousel.emitted('input')[1][0]).toEqual(0)
  417 |
  418 |     wrapper.destroy()"
/home/gabriel/Disk/Research/research-javascript-test-smells/repositories/bootstrap-vue-dev/src/components/carousel/carousel.spec.js,Magic Number,"{'line': 416, 'column': 53, 'index': 14941}","  414 |     expect($carousel.emitted('sliding-end')[1][0]).toEqual(0)
  415 |     expect($carousel.emitted('input').length).toBe(2)
> 416 |     expect($carousel.emitted('input')[1][0]).toEqual(0)
      |                                                     ^ Magic Number
  417 |
  418 |     wrapper.destroy()
  419 |   })"
/home/gabriel/Disk/Research/research-javascript-test-smells/repositories/bootstrap-vue-dev/src/components/carousel/carousel.spec.js,Magic Number,"{'line': 439, 'column': 36, 'index': 15519}","  437 |
  438 |     const $indicators = $carousel.findAll('.carousel-indicators > li')
> 439 |     expect($indicators.length).toBe(4)
      |                                    ^ Magic Number
  440 |
  441 |     expect($carousel.emitted('sliding-start')).toBeUndefined()
  442 |     expect($carousel.emitted('sliding-end')).toBeUndefined()"
/home/gabriel/Disk/Research/research-javascript-test-smells/repositories/bootstrap-vue-dev/src/components/carousel/carousel.spec.js,Magic Number,"{'line': 449, 'column': 59, 'index': 15930}","  447 |     expect($carousel.emitted('sliding-start')).toBeDefined()
  448 |     expect($carousel.emitted('sliding-end')).toBeUndefined()
> 449 |     expect($carousel.emitted('sliding-start').length).toBe(1)
      |                                                           ^ Magic Number
  450 |     expect($carousel.emitted('sliding-start')[0][0]).toEqual(3)
  451 |
  452 |     jest.runOnlyPendingTimers()"
/home/gabriel/Disk/Research/research-javascript-test-smells/repositories/bootstrap-vue-dev/src/components/carousel/carousel.spec.js,Magic Number,"{'line': 450, 'column': 61, 'index': 15994}","  448 |     expect($carousel.emitted('sliding-end')).toBeUndefined()
  449 |     expect($carousel.emitted('sliding-start').length).toBe(1)
> 450 |     expect($carousel.emitted('sliding-start')[0][0]).toEqual(3)
      |                                                             ^ Magic Number
  451 |
  452 |     jest.runOnlyPendingTimers()
  453 |     await waitNT(wrapper.vm)"
/home/gabriel/Disk/Research/research-javascript-test-smells/repositories/bootstrap-vue-dev/src/components/carousel/carousel.spec.js,Magic Number,"{'line': 456, 'column': 59, 'index': 16139}","  454 |     await waitRAF()
  455 |
> 456 |     expect($carousel.emitted('sliding-start').length).toBe(1)
      |                                                           ^ Magic Number
  457 |     expect($carousel.emitted('sliding-end')).toBeDefined()
  458 |     expect($carousel.emitted('sliding-end').length).toBe(1)
  459 |     expect($carousel.emitted('sliding-end')[0][0]).toEqual(3)"
/home/gabriel/Disk/Research/research-javascript-test-smells/repositories/bootstrap-vue-dev/src/components/carousel/carousel.spec.js,Magic Number,"{'line': 458, 'column': 57, 'index': 16258}","  456 |     expect($carousel.emitted('sliding-start').length).toBe(1)
  457 |     expect($carousel.emitted('sliding-end')).toBeDefined()
> 458 |     expect($carousel.emitted('sliding-end').length).toBe(1)
      |                                                         ^ Magic Number
  459 |     expect($carousel.emitted('sliding-end')[0][0]).toEqual(3)
  460 |     expect($carousel.emitted('input')).toBeDefined()
  461 |     expect($carousel.emitted('input').length).toBe(1)"
/home/gabriel/Disk/Research/research-javascript-test-smells/repositories/bootstrap-vue-dev/src/components/carousel/carousel.spec.js,Magic Number,"{'line': 459, 'column': 59, 'index': 16320}","  457 |     expect($carousel.emitted('sliding-end')).toBeDefined()
  458 |     expect($carousel.emitted('sliding-end').length).toBe(1)
> 459 |     expect($carousel.emitted('sliding-end')[0][0]).toEqual(3)
      |                                                           ^ Magic Number
  460 |     expect($carousel.emitted('input')).toBeDefined()
  461 |     expect($carousel.emitted('input').length).toBe(1)
  462 |     expect($carousel.emitted('input')[0][0]).toEqual(3)"
/home/gabriel/Disk/Research/research-javascript-test-smells/repositories/bootstrap-vue-dev/src/components/carousel/carousel.spec.js,Magic Number,"{'line': 461, 'column': 51, 'index': 16427}","  459 |     expect($carousel.emitted('sliding-end')[0][0]).toEqual(3)
  460 |     expect($carousel.emitted('input')).toBeDefined()
> 461 |     expect($carousel.emitted('input').length).toBe(1)
      |                                                   ^ Magic Number
  462 |     expect($carousel.emitted('input')[0][0]).toEqual(3)
  463 |
  464 |     await $indicators.at(1).trigger('click')"
/home/gabriel/Disk/Research/research-javascript-test-smells/repositories/bootstrap-vue-dev/src/components/carousel/carousel.spec.js,Magic Number,"{'line': 462, 'column': 53, 'index': 16483}","  460 |     expect($carousel.emitted('input')).toBeDefined()
  461 |     expect($carousel.emitted('input').length).toBe(1)
> 462 |     expect($carousel.emitted('input')[0][0]).toEqual(3)
      |                                                     ^ Magic Number
  463 |
  464 |     await $indicators.at(1).trigger('click')
  465 |"
/home/gabriel/Disk/Research/research-javascript-test-smells/repositories/bootstrap-vue-dev/src/components/carousel/carousel.spec.js,Magic Number,"{'line': 466, 'column': 59, 'index': 16592}","  464 |     await $indicators.at(1).trigger('click')
  465 |
> 466 |     expect($carousel.emitted('sliding-start').length).toBe(2)
      |                                                           ^ Magic Number
  467 |     expect($carousel.emitted('sliding-end').length).toBe(1)
  468 |     expect($carousel.emitted('sliding-start')[1][0]).toEqual(1)
  469 |"
/home/gabriel/Disk/Research/research-javascript-test-smells/repositories/bootstrap-vue-dev/src/components/carousel/carousel.spec.js,Magic Number,"{'line': 467, 'column': 57, 'index': 16652}","  465 |
  466 |     expect($carousel.emitted('sliding-start').length).toBe(2)
> 467 |     expect($carousel.emitted('sliding-end').length).toBe(1)
      |                                                         ^ Magic Number
  468 |     expect($carousel.emitted('sliding-start')[1][0]).toEqual(1)
  469 |
  470 |     jest.runOnlyPendingTimers()"
/home/gabriel/Disk/Research/research-javascript-test-smells/repositories/bootstrap-vue-dev/src/components/carousel/carousel.spec.js,Magic Number,"{'line': 468, 'column': 61, 'index': 16716}","  466 |     expect($carousel.emitted('sliding-start').length).toBe(2)
  467 |     expect($carousel.emitted('sliding-end').length).toBe(1)
> 468 |     expect($carousel.emitted('sliding-start')[1][0]).toEqual(1)
      |                                                             ^ Magic Number
  469 |
  470 |     jest.runOnlyPendingTimers()
  471 |     await waitNT(wrapper.vm)"
/home/gabriel/Disk/Research/research-javascript-test-smells/repositories/bootstrap-vue-dev/src/components/carousel/carousel.spec.js,Magic Number,"{'line': 474, 'column': 59, 'index': 16861}","  472 |     await waitRAF()
  473 |
> 474 |     expect($carousel.emitted('sliding-start').length).toBe(2)
      |                                                           ^ Magic Number
  475 |     expect($carousel.emitted('sliding-end').length).toBe(2)
  476 |     expect($carousel.emitted('sliding-end')[1][0]).toEqual(1)
  477 |     expect($carousel.emitted('input').length).toBe(2)"
/home/gabriel/Disk/Research/research-javascript-test-smells/repositories/bootstrap-vue-dev/src/components/carousel/carousel.spec.js,Magic Number,"{'line': 475, 'column': 57, 'index': 16921}","  473 |
  474 |     expect($carousel.emitted('sliding-start').length).toBe(2)
> 475 |     expect($carousel.emitted('sliding-end').length).toBe(2)
      |                                                         ^ Magic Number
  476 |     expect($carousel.emitted('sliding-end')[1][0]).toEqual(1)
  477 |     expect($carousel.emitted('input').length).toBe(2)
  478 |     expect($carousel.emitted('input')[1][0]).toEqual(1)"
/home/gabriel/Disk/Research/research-javascript-test-smells/repositories/bootstrap-vue-dev/src/components/carousel/carousel.spec.js,Magic Number,"{'line': 476, 'column': 59, 'index': 16983}","  474 |     expect($carousel.emitted('sliding-start').length).toBe(2)
  475 |     expect($carousel.emitted('sliding-end').length).toBe(2)
> 476 |     expect($carousel.emitted('sliding-end')[1][0]).toEqual(1)
      |                                                           ^ Magic Number
  477 |     expect($carousel.emitted('input').length).toBe(2)
  478 |     expect($carousel.emitted('input')[1][0]).toEqual(1)
  479 |"
/home/gabriel/Disk/Research/research-javascript-test-smells/repositories/bootstrap-vue-dev/src/components/carousel/carousel.spec.js,Magic Number,"{'line': 477, 'column': 51, 'index': 17037}","  475 |     expect($carousel.emitted('sliding-end').length).toBe(2)
  476 |     expect($carousel.emitted('sliding-end')[1][0]).toEqual(1)
> 477 |     expect($carousel.emitted('input').length).toBe(2)
      |                                                   ^ Magic Number
  478 |     expect($carousel.emitted('input')[1][0]).toEqual(1)
  479 |
  480 |     wrapper.destroy()"
/home/gabriel/Disk/Research/research-javascript-test-smells/repositories/bootstrap-vue-dev/src/components/carousel/carousel.spec.js,Magic Number,"{'line': 478, 'column': 53, 'index': 17093}","  476 |     expect($carousel.emitted('sliding-end')[1][0]).toEqual(1)
  477 |     expect($carousel.emitted('input').length).toBe(2)
> 478 |     expect($carousel.emitted('input')[1][0]).toEqual(1)
      |                                                     ^ Magic Number
  479 |
  480 |     wrapper.destroy()
  481 |   })"
/home/gabriel/Disk/Research/research-javascript-test-smells/repositories/bootstrap-vue-dev/src/components/carousel/carousel.spec.js,Magic Number,"{'line': 501, 'column': 36, 'index': 17684}","  499 |
  500 |     const $indicators = $carousel.findAll('.carousel-indicators > li')
> 501 |     expect($indicators.length).toBe(4)
      |                                    ^ Magic Number
  502 |
  503 |     expect($carousel.emitted('sliding-start')).toBeUndefined()
  504 |     expect($carousel.emitted('sliding-end')).toBeUndefined()"
/home/gabriel/Disk/Research/research-javascript-test-smells/repositories/bootstrap-vue-dev/src/components/carousel/carousel.spec.js,Magic Number,"{'line': 511, 'column': 59, 'index': 18103}","  509 |     expect($carousel.emitted('sliding-start')).toBeDefined()
  510 |     expect($carousel.emitted('sliding-end')).toBeUndefined()
> 511 |     expect($carousel.emitted('sliding-start').length).toBe(1)
      |                                                           ^ Magic Number
  512 |     expect($carousel.emitted('sliding-start')[0][0]).toEqual(3)
  513 |
  514 |     jest.runOnlyPendingTimers()"
/home/gabriel/Disk/Research/research-javascript-test-smells/repositories/bootstrap-vue-dev/src/components/carousel/carousel.spec.js,Magic Number,"{'line': 512, 'column': 61, 'index': 18167}","  510 |     expect($carousel.emitted('sliding-end')).toBeUndefined()
  511 |     expect($carousel.emitted('sliding-start').length).toBe(1)
> 512 |     expect($carousel.emitted('sliding-start')[0][0]).toEqual(3)
      |                                                             ^ Magic Number
  513 |
  514 |     jest.runOnlyPendingTimers()
  515 |     await waitNT(wrapper.vm)"
/home/gabriel/Disk/Research/research-javascript-test-smells/repositories/bootstrap-vue-dev/src/components/carousel/carousel.spec.js,Magic Number,"{'line': 518, 'column': 59, 'index': 18312}","  516 |     await waitRAF()
  517 |
> 518 |     expect($carousel.emitted('sliding-start').length).toBe(1)
      |                                                           ^ Magic Number
  519 |     expect($carousel.emitted('sliding-end')).toBeDefined()
  520 |     expect($carousel.emitted('sliding-end').length).toBe(1)
  521 |     expect($carousel.emitted('sliding-end')[0][0]).toEqual(3)"
/home/gabriel/Disk/Research/research-javascript-test-smells/repositories/bootstrap-vue-dev/src/components/carousel/carousel.spec.js,Magic Number,"{'line': 520, 'column': 57, 'index': 18431}","  518 |     expect($carousel.emitted('sliding-start').length).toBe(1)
  519 |     expect($carousel.emitted('sliding-end')).toBeDefined()
> 520 |     expect($carousel.emitted('sliding-end').length).toBe(1)
      |                                                         ^ Magic Number
  521 |     expect($carousel.emitted('sliding-end')[0][0]).toEqual(3)
  522 |     expect($carousel.emitted('input')).toBeDefined()
  523 |     expect($carousel.emitted('input').length).toBe(1)"
/home/gabriel/Disk/Research/research-javascript-test-smells/repositories/bootstrap-vue-dev/src/components/carousel/carousel.spec.js,Magic Number,"{'line': 521, 'column': 59, 'index': 18493}","  519 |     expect($carousel.emitted('sliding-end')).toBeDefined()
  520 |     expect($carousel.emitted('sliding-end').length).toBe(1)
> 521 |     expect($carousel.emitted('sliding-end')[0][0]).toEqual(3)
      |                                                           ^ Magic Number
  522 |     expect($carousel.emitted('input')).toBeDefined()
  523 |     expect($carousel.emitted('input').length).toBe(1)
  524 |     expect($carousel.emitted('input')[0][0]).toEqual(3)"
/home/gabriel/Disk/Research/research-javascript-test-smells/repositories/bootstrap-vue-dev/src/components/carousel/carousel.spec.js,Magic Number,"{'line': 523, 'column': 51, 'index': 18600}","  521 |     expect($carousel.emitted('sliding-end')[0][0]).toEqual(3)
  522 |     expect($carousel.emitted('input')).toBeDefined()
> 523 |     expect($carousel.emitted('input').length).toBe(1)
      |                                                   ^ Magic Number
  524 |     expect($carousel.emitted('input')[0][0]).toEqual(3)
  525 |
  526 |     await $indicators.at(1).trigger('keydown.enter')"
/home/gabriel/Disk/Research/research-javascript-test-smells/repositories/bootstrap-vue-dev/src/components/carousel/carousel.spec.js,Magic Number,"{'line': 524, 'column': 53, 'index': 18656}","  522 |     expect($carousel.emitted('input')).toBeDefined()
  523 |     expect($carousel.emitted('input').length).toBe(1)
> 524 |     expect($carousel.emitted('input')[0][0]).toEqual(3)
      |                                                     ^ Magic Number
  525 |
  526 |     await $indicators.at(1).trigger('keydown.enter')
  527 |"
/home/gabriel/Disk/Research/research-javascript-test-smells/repositories/bootstrap-vue-dev/src/components/carousel/carousel.spec.js,Magic Number,"{'line': 528, 'column': 59, 'index': 18773}","  526 |     await $indicators.at(1).trigger('keydown.enter')
  527 |
> 528 |     expect($carousel.emitted('sliding-start').length).toBe(2)
      |                                                           ^ Magic Number
  529 |     expect($carousel.emitted('sliding-end').length).toBe(1)
  530 |     expect($carousel.emitted('sliding-start')[1][0]).toEqual(1)
  531 |"
/home/gabriel/Disk/Research/research-javascript-test-smells/repositories/bootstrap-vue-dev/src/components/carousel/carousel.spec.js,Magic Number,"{'line': 529, 'column': 57, 'index': 18833}","  527 |
  528 |     expect($carousel.emitted('sliding-start').length).toBe(2)
> 529 |     expect($carousel.emitted('sliding-end').length).toBe(1)
      |                                                         ^ Magic Number
  530 |     expect($carousel.emitted('sliding-start')[1][0]).toEqual(1)
  531 |
  532 |     jest.runOnlyPendingTimers()"
/home/gabriel/Disk/Research/research-javascript-test-smells/repositories/bootstrap-vue-dev/src/components/carousel/carousel.spec.js,Magic Number,"{'line': 530, 'column': 61, 'index': 18897}","  528 |     expect($carousel.emitted('sliding-start').length).toBe(2)
  529 |     expect($carousel.emitted('sliding-end').length).toBe(1)
> 530 |     expect($carousel.emitted('sliding-start')[1][0]).toEqual(1)
      |                                                             ^ Magic Number
  531 |
  532 |     jest.runOnlyPendingTimers()
  533 |     await waitNT(wrapper.vm)"
/home/gabriel/Disk/Research/research-javascript-test-smells/repositories/bootstrap-vue-dev/src/components/carousel/carousel.spec.js,Magic Number,"{'line': 536, 'column': 59, 'index': 19042}","  534 |     await waitRAF()
  535 |
> 536 |     expect($carousel.emitted('sliding-start').length).toBe(2)
      |                                                           ^ Magic Number
  537 |     expect($carousel.emitted('sliding-end').length).toBe(2)
  538 |     expect($carousel.emitted('sliding-end')[1][0]).toEqual(1)
  539 |     expect($carousel.emitted('input').length).toBe(2)"
/home/gabriel/Disk/Research/research-javascript-test-smells/repositories/bootstrap-vue-dev/src/components/carousel/carousel.spec.js,Magic Number,"{'line': 537, 'column': 57, 'index': 19102}","  535 |
  536 |     expect($carousel.emitted('sliding-start').length).toBe(2)
> 537 |     expect($carousel.emitted('sliding-end').length).toBe(2)
      |                                                         ^ Magic Number
  538 |     expect($carousel.emitted('sliding-end')[1][0]).toEqual(1)
  539 |     expect($carousel.emitted('input').length).toBe(2)
  540 |     expect($carousel.emitted('input')[1][0]).toEqual(1)"
/home/gabriel/Disk/Research/research-javascript-test-smells/repositories/bootstrap-vue-dev/src/components/carousel/carousel.spec.js,Magic Number,"{'line': 538, 'column': 59, 'index': 19164}","  536 |     expect($carousel.emitted('sliding-start').length).toBe(2)
  537 |     expect($carousel.emitted('sliding-end').length).toBe(2)
> 538 |     expect($carousel.emitted('sliding-end')[1][0]).toEqual(1)
      |                                                           ^ Magic Number
  539 |     expect($carousel.emitted('input').length).toBe(2)
  540 |     expect($carousel.emitted('input')[1][0]).toEqual(1)
  541 |"
/home/gabriel/Disk/Research/research-javascript-test-smells/repositories/bootstrap-vue-dev/src/components/carousel/carousel.spec.js,Magic Number,"{'line': 539, 'column': 51, 'index': 19218}","  537 |     expect($carousel.emitted('sliding-end').length).toBe(2)
  538 |     expect($carousel.emitted('sliding-end')[1][0]).toEqual(1)
> 539 |     expect($carousel.emitted('input').length).toBe(2)
      |                                                   ^ Magic Number
  540 |     expect($carousel.emitted('input')[1][0]).toEqual(1)
  541 |
  542 |     wrapper.destroy()"
/home/gabriel/Disk/Research/research-javascript-test-smells/repositories/bootstrap-vue-dev/src/components/carousel/carousel.spec.js,Magic Number,"{'line': 540, 'column': 53, 'index': 19274}","  538 |     expect($carousel.emitted('sliding-end')[1][0]).toEqual(1)
  539 |     expect($carousel.emitted('input').length).toBe(2)
> 540 |     expect($carousel.emitted('input')[1][0]).toEqual(1)
      |                                                     ^ Magic Number
  541 |
  542 |     wrapper.destroy()
  543 |   })"
/home/gabriel/Disk/Research/research-javascript-test-smells/repositories/bootstrap-vue-dev/src/components/carousel/carousel.spec.js,Magic Number,"{'line': 570, 'column': 59, 'index': 20156}","  568 |     expect($carousel.emitted('sliding-start')).toBeDefined()
  569 |     expect($carousel.emitted('sliding-end')).toBeUndefined()
> 570 |     expect($carousel.emitted('sliding-start').length).toBe(1)
      |                                                           ^ Magic Number
  571 |     expect($carousel.emitted('sliding-start')[0][0]).toEqual(1)
  572 |
  573 |     jest.runOnlyPendingTimers()"
/home/gabriel/Disk/Research/research-javascript-test-smells/repositories/bootstrap-vue-dev/src/components/carousel/carousel.spec.js,Magic Number,"{'line': 571, 'column': 61, 'index': 20220}","  569 |     expect($carousel.emitted('sliding-end')).toBeUndefined()
  570 |     expect($carousel.emitted('sliding-start').length).toBe(1)
> 571 |     expect($carousel.emitted('sliding-start')[0][0]).toEqual(1)
      |                                                             ^ Magic Number
  572 |
  573 |     jest.runOnlyPendingTimers()
  574 |     await waitNT(wrapper.vm)"
/home/gabriel/Disk/Research/research-javascript-test-smells/repositories/bootstrap-vue-dev/src/components/carousel/carousel.spec.js,Magic Number,"{'line': 577, 'column': 59, 'index': 20365}","  575 |     await waitRAF()
  576 |
> 577 |     expect($carousel.emitted('sliding-start').length).toBe(1)
      |                                                           ^ Magic Number
  578 |     expect($carousel.emitted('sliding-end')).toBeDefined()
  579 |     expect($carousel.emitted('sliding-end').length).toBe(1)
  580 |     expect($carousel.emitted('sliding-end')[0][0]).toEqual(1)"
/home/gabriel/Disk/Research/research-javascript-test-smells/repositories/bootstrap-vue-dev/src/components/carousel/carousel.spec.js,Magic Number,"{'line': 579, 'column': 57, 'index': 20484}","  577 |     expect($carousel.emitted('sliding-start').length).toBe(1)
  578 |     expect($carousel.emitted('sliding-end')).toBeDefined()
> 579 |     expect($carousel.emitted('sliding-end').length).toBe(1)
      |                                                         ^ Magic Number
  580 |     expect($carousel.emitted('sliding-end')[0][0]).toEqual(1)
  581 |     expect($carousel.emitted('input')).toBeDefined()
  582 |     expect($carousel.emitted('input').length).toBe(1)"
/home/gabriel/Disk/Research/research-javascript-test-smells/repositories/bootstrap-vue-dev/src/components/carousel/carousel.spec.js,Magic Number,"{'line': 580, 'column': 59, 'index': 20546}","  578 |     expect($carousel.emitted('sliding-end')).toBeDefined()
  579 |     expect($carousel.emitted('sliding-end').length).toBe(1)
> 580 |     expect($carousel.emitted('sliding-end')[0][0]).toEqual(1)
      |                                                           ^ Magic Number
  581 |     expect($carousel.emitted('input')).toBeDefined()
  582 |     expect($carousel.emitted('input').length).toBe(1)
  583 |     expect($carousel.emitted('input')[0][0]).toEqual(1)"
/home/gabriel/Disk/Research/research-javascript-test-smells/repositories/bootstrap-vue-dev/src/components/carousel/carousel.spec.js,Magic Number,"{'line': 582, 'column': 51, 'index': 20653}","  580 |     expect($carousel.emitted('sliding-end')[0][0]).toEqual(1)
  581 |     expect($carousel.emitted('input')).toBeDefined()
> 582 |     expect($carousel.emitted('input').length).toBe(1)
      |                                                   ^ Magic Number
  583 |     expect($carousel.emitted('input')[0][0]).toEqual(1)
  584 |
  585 |     await $carousel.trigger('keydown.left')"
/home/gabriel/Disk/Research/research-javascript-test-smells/repositories/bootstrap-vue-dev/src/components/carousel/carousel.spec.js,Magic Number,"{'line': 583, 'column': 53, 'index': 20709}","  581 |     expect($carousel.emitted('input')).toBeDefined()
  582 |     expect($carousel.emitted('input').length).toBe(1)
> 583 |     expect($carousel.emitted('input')[0][0]).toEqual(1)
      |                                                     ^ Magic Number
  584 |
  585 |     await $carousel.trigger('keydown.left')
  586 |"
/home/gabriel/Disk/Research/research-javascript-test-smells/repositories/bootstrap-vue-dev/src/components/carousel/carousel.spec.js,Magic Number,"{'line': 587, 'column': 59, 'index': 20817}","  585 |     await $carousel.trigger('keydown.left')
  586 |
> 587 |     expect($carousel.emitted('sliding-start').length).toBe(2)
      |                                                           ^ Magic Number
  588 |     expect($carousel.emitted('sliding-end').length).toBe(1)
  589 |     expect($carousel.emitted('sliding-start')[1][0]).toEqual(0)
  590 |"
/home/gabriel/Disk/Research/research-javascript-test-smells/repositories/bootstrap-vue-dev/src/components/carousel/carousel.spec.js,Magic Number,"{'line': 588, 'column': 57, 'index': 20877}","  586 |
  587 |     expect($carousel.emitted('sliding-start').length).toBe(2)
> 588 |     expect($carousel.emitted('sliding-end').length).toBe(1)
      |                                                         ^ Magic Number
  589 |     expect($carousel.emitted('sliding-start')[1][0]).toEqual(0)
  590 |
  591 |     jest.runOnlyPendingTimers()"
/home/gabriel/Disk/Research/research-javascript-test-smells/repositories/bootstrap-vue-dev/src/components/carousel/carousel.spec.js,Magic Number,"{'line': 589, 'column': 61, 'index': 20941}","  587 |     expect($carousel.emitted('sliding-start').length).toBe(2)
  588 |     expect($carousel.emitted('sliding-end').length).toBe(1)
> 589 |     expect($carousel.emitted('sliding-start')[1][0]).toEqual(0)
      |                                                             ^ Magic Number
  590 |
  591 |     jest.runOnlyPendingTimers()
  592 |     await waitNT(wrapper.vm)"
/home/gabriel/Disk/Research/research-javascript-test-smells/repositories/bootstrap-vue-dev/src/components/carousel/carousel.spec.js,Magic Number,"{'line': 595, 'column': 59, 'index': 21086}","  593 |     await waitRAF()
  594 |
> 595 |     expect($carousel.emitted('sliding-start').length).toBe(2)
      |                                                           ^ Magic Number
  596 |     expect($carousel.emitted('sliding-end').length).toBe(2)
  597 |     expect($carousel.emitted('sliding-end')[1][0]).toEqual(0)
  598 |     expect($carousel.emitted('input').length).toBe(2)"
/home/gabriel/Disk/Research/research-javascript-test-smells/repositories/bootstrap-vue-dev/src/components/carousel/carousel.spec.js,Magic Number,"{'line': 596, 'column': 57, 'index': 21146}","  594 |
  595 |     expect($carousel.emitted('sliding-start').length).toBe(2)
> 596 |     expect($carousel.emitted('sliding-end').length).toBe(2)
      |                                                         ^ Magic Number
  597 |     expect($carousel.emitted('sliding-end')[1][0]).toEqual(0)
  598 |     expect($carousel.emitted('input').length).toBe(2)
  599 |     expect($carousel.emitted('input')[1][0]).toEqual(0)"
/home/gabriel/Disk/Research/research-javascript-test-smells/repositories/bootstrap-vue-dev/src/components/carousel/carousel.spec.js,Magic Number,"{'line': 597, 'column': 59, 'index': 21208}","  595 |     expect($carousel.emitted('sliding-start').length).toBe(2)
  596 |     expect($carousel.emitted('sliding-end').length).toBe(2)
> 597 |     expect($carousel.emitted('sliding-end')[1][0]).toEqual(0)
      |                                                           ^ Magic Number
  598 |     expect($carousel.emitted('input').length).toBe(2)
  599 |     expect($carousel.emitted('input')[1][0]).toEqual(0)
  600 |"
/home/gabriel/Disk/Research/research-javascript-test-smells/repositories/bootstrap-vue-dev/src/components/carousel/carousel.spec.js,Magic Number,"{'line': 598, 'column': 51, 'index': 21262}","  596 |     expect($carousel.emitted('sliding-end').length).toBe(2)
  597 |     expect($carousel.emitted('sliding-end')[1][0]).toEqual(0)
> 598 |     expect($carousel.emitted('input').length).toBe(2)
      |                                                   ^ Magic Number
  599 |     expect($carousel.emitted('input')[1][0]).toEqual(0)
  600 |
  601 |     wrapper.destroy()"
/home/gabriel/Disk/Research/research-javascript-test-smells/repositories/bootstrap-vue-dev/src/components/carousel/carousel.spec.js,Magic Number,"{'line': 599, 'column': 53, 'index': 21318}","  597 |     expect($carousel.emitted('sliding-end')[1][0]).toEqual(0)
  598 |     expect($carousel.emitted('input').length).toBe(2)
> 599 |     expect($carousel.emitted('input')[1][0]).toEqual(0)
      |                                                     ^ Magic Number
  600 |
  601 |     wrapper.destroy()
  602 |   })"
/home/gabriel/Disk/Research/research-javascript-test-smells/repositories/bootstrap-vue-dev/src/components/carousel/carousel.spec.js,Magic Number,"{'line': 624, 'column': 39, 'index': 21986}","  622 |     expect($carousel.emitted('input')).toBeUndefined()
  623 |
> 624 |     expect($carousel.vm.interval).toBe(0)
      |                                       ^ Magic Number
  625 |
  626 |     jest.runOnlyPendingTimers()
  627 |     await waitNT(wrapper.vm)"
/home/gabriel/Disk/Research/research-javascript-test-smells/repositories/bootstrap-vue-dev/src/components/carousel/carousel.spec.js,Magic Number,"{'line': 639, 'column': 39, 'index': 22333}","  637 |     await waitRAF()
  638 |
> 639 |     expect($carousel.vm.interval).toBe(1000)
      |                                       ^ Magic Number
  640 |
  641 |     jest.runOnlyPendingTimers()
  642 |     await waitNT(wrapper.vm)"
/home/gabriel/Disk/Research/research-javascript-test-smells/repositories/bootstrap-vue-dev/src/components/carousel/carousel.spec.js,Magic Number,"{'line': 646, 'column': 54, 'index': 22532}","  644 |
  645 |     expect($carousel.emitted('unpaused')).toBeDefined()
> 646 |     expect($carousel.emitted('unpaused').length).toBe(1)
      |                                                      ^ Magic Number
  647 |     expect($carousel.emitted('paused')).toBeUndefined()
  648 |
  649 |     jest.runOnlyPendingTimers()"
/home/gabriel/Disk/Research/research-javascript-test-smells/repositories/bootstrap-vue-dev/src/components/carousel/carousel.spec.js,Magic Number,"{'line': 660, 'column': 39, 'index': 22849}","  658 |     jest.runOnlyPendingTimers()
  659 |
> 660 |     expect($carousel.vm.interval).toBe(0)
      |                                       ^ Magic Number
  661 |     expect($carousel.emitted('unpaused').length).toBe(1)
  662 |     expect($carousel.emitted('paused')).toBeDefined()
  663 |     expect($carousel.emitted('paused').length).toBe(1)"
/home/gabriel/Disk/Research/research-javascript-test-smells/repositories/bootstrap-vue-dev/src/components/carousel/carousel.spec.js,Magic Number,"{'line': 661, 'column': 54, 'index': 22906}","  659 |
  660 |     expect($carousel.vm.interval).toBe(0)
> 661 |     expect($carousel.emitted('unpaused').length).toBe(1)
      |                                                      ^ Magic Number
  662 |     expect($carousel.emitted('paused')).toBeDefined()
  663 |     expect($carousel.emitted('paused').length).toBe(1)
  664 |"
/home/gabriel/Disk/Research/research-javascript-test-smells/repositories/bootstrap-vue-dev/src/components/carousel/carousel.spec.js,Magic Number,"{'line': 663, 'column': 52, 'index': 23015}","  661 |     expect($carousel.emitted('unpaused').length).toBe(1)
  662 |     expect($carousel.emitted('paused')).toBeDefined()
> 663 |     expect($carousel.emitted('paused').length).toBe(1)
      |                                                    ^ Magic Number
  664 |
  665 |     jest.runOnlyPendingTimers()
  666 |     await waitNT(wrapper.vm)"
/home/gabriel/Disk/Research/research-javascript-test-smells/repositories/bootstrap-vue-dev/src/components/carousel/carousel.spec.js,Magic Number,"{'line': 676, 'column': 39, 'index': 23279}","  674 |     jest.runOnlyPendingTimers()
  675 |
> 676 |     expect($carousel.vm.interval).toBe(1000)
      |                                       ^ Magic Number
  677 |     expect($carousel.emitted('unpaused').length).toBe(2)
  678 |     expect($carousel.emitted('paused').length).toBe(1)
  679 |"
/home/gabriel/Disk/Research/research-javascript-test-smells/repositories/bootstrap-vue-dev/src/components/carousel/carousel.spec.js,Magic Number,"{'line': 677, 'column': 54, 'index': 23339}","  675 |
  676 |     expect($carousel.vm.interval).toBe(1000)
> 677 |     expect($carousel.emitted('unpaused').length).toBe(2)
      |                                                      ^ Magic Number
  678 |     expect($carousel.emitted('paused').length).toBe(1)
  679 |
  680 |     wrapper.destroy()"
/home/gabriel/Disk/Research/research-javascript-test-smells/repositories/bootstrap-vue-dev/src/components/carousel/carousel.spec.js,Magic Number,"{'line': 678, 'column': 52, 'index': 23394}","  676 |     expect($carousel.vm.interval).toBe(1000)
  677 |     expect($carousel.emitted('unpaused').length).toBe(2)
> 678 |     expect($carousel.emitted('paused').length).toBe(1)
      |                                                    ^ Magic Number
  679 |
  680 |     wrapper.destroy()
  681 |   })"
/home/gabriel/Disk/Research/research-javascript-test-smells/repositories/bootstrap-vue-dev/src/components/carousel/carousel.spec.js,Magic Number,"{'line': 701, 'column': 36, 'index': 23972}","  699 |
  700 |     const $indicators = $carousel.findAll('.carousel-indicators > li')
> 701 |     expect($indicators.length).toBe(4)
      |                                    ^ Magic Number
  702 |
  703 |     expect($carousel.emitted('sliding-start')).toBeUndefined()
  704 |     expect($carousel.emitted('sliding-end')).toBeUndefined()"
/home/gabriel/Disk/Research/research-javascript-test-smells/repositories/bootstrap-vue-dev/src/components/carousel/carousel.spec.js,Magic Number,"{'line': 707, 'column': 36, 'index': 24192}","  705 |     expect($carousel.emitted('input')).toBeUndefined()
  706 |
> 707 |     expect($carousel.vm.index).toBe(0)
      |                                    ^ Magic Number
  708 |     expect($carousel.vm.isSliding).toBe(false)
  709 |
  710 |     await wrapper.setProps({"
/home/gabriel/Disk/Research/research-javascript-test-smells/repositories/bootstrap-vue-dev/src/components/carousel/carousel.spec.js,Magic Number,"{'line': 719, 'column': 59, 'index': 24526}","  717 |     expect($carousel.emitted('sliding-start')).toBeDefined()
  718 |     expect($carousel.emitted('sliding-end')).toBeUndefined()
> 719 |     expect($carousel.emitted('sliding-start').length).toBe(1)
      |                                                           ^ Magic Number
  720 |     expect($carousel.emitted('sliding-start')[0][0]).toEqual(1)
  721 |     expect($carousel.vm.isSliding).toBe(true)
  722 |"
/home/gabriel/Disk/Research/research-javascript-test-smells/repositories/bootstrap-vue-dev/src/components/carousel/carousel.spec.js,Magic Number,"{'line': 720, 'column': 61, 'index': 24590}","  718 |     expect($carousel.emitted('sliding-end')).toBeUndefined()
  719 |     expect($carousel.emitted('sliding-start').length).toBe(1)
> 720 |     expect($carousel.emitted('sliding-start')[0][0]).toEqual(1)
      |                                                             ^ Magic Number
  721 |     expect($carousel.vm.isSliding).toBe(true)
  722 |
  723 |     jest.runOnlyPendingTimers()"
/home/gabriel/Disk/Research/research-javascript-test-smells/repositories/bootstrap-vue-dev/src/components/carousel/carousel.spec.js,Magic Number,"{'line': 727, 'column': 59, 'index': 24781}","  725 |     await waitRAF()
  726 |
> 727 |     expect($carousel.emitted('sliding-start').length).toBe(1)
      |                                                           ^ Magic Number
  728 |     expect($carousel.emitted('sliding-end')).toBeDefined()
  729 |     expect($carousel.emitted('sliding-end').length).toBe(1)
  730 |     expect($carousel.emitted('sliding-end')[0][0]).toEqual(1)"
/home/gabriel/Disk/Research/research-javascript-test-smells/repositories/bootstrap-vue-dev/src/components/carousel/carousel.spec.js,Magic Number,"{'line': 729, 'column': 57, 'index': 24900}","  727 |     expect($carousel.emitted('sliding-start').length).toBe(1)
  728 |     expect($carousel.emitted('sliding-end')).toBeDefined()
> 729 |     expect($carousel.emitted('sliding-end').length).toBe(1)
      |                                                         ^ Magic Number
  730 |     expect($carousel.emitted('sliding-end')[0][0]).toEqual(1)
  731 |     expect($carousel.emitted('input')).toBeDefined()
  732 |     expect($carousel.emitted('input').length).toBe(1)"
/home/gabriel/Disk/Research/research-javascript-test-smells/repositories/bootstrap-vue-dev/src/components/carousel/carousel.spec.js,Magic Number,"{'line': 730, 'column': 59, 'index': 24962}","  728 |     expect($carousel.emitted('sliding-end')).toBeDefined()
  729 |     expect($carousel.emitted('sliding-end').length).toBe(1)
> 730 |     expect($carousel.emitted('sliding-end')[0][0]).toEqual(1)
      |                                                           ^ Magic Number
  731 |     expect($carousel.emitted('input')).toBeDefined()
  732 |     expect($carousel.emitted('input').length).toBe(1)
  733 |     expect($carousel.emitted('input')[0][0]).toEqual(1)"
/home/gabriel/Disk/Research/research-javascript-test-smells/repositories/bootstrap-vue-dev/src/components/carousel/carousel.spec.js,Magic Number,"{'line': 732, 'column': 51, 'index': 25069}","  730 |     expect($carousel.emitted('sliding-end')[0][0]).toEqual(1)
  731 |     expect($carousel.emitted('input')).toBeDefined()
> 732 |     expect($carousel.emitted('input').length).toBe(1)
      |                                                   ^ Magic Number
  733 |     expect($carousel.emitted('input')[0][0]).toEqual(1)
  734 |     expect($carousel.vm.isSliding).toBe(false)
  735 |"
/home/gabriel/Disk/Research/research-javascript-test-smells/repositories/bootstrap-vue-dev/src/components/carousel/carousel.spec.js,Magic Number,"{'line': 733, 'column': 53, 'index': 25125}","  731 |     expect($carousel.emitted('input')).toBeDefined()
  732 |     expect($carousel.emitted('input').length).toBe(1)
> 733 |     expect($carousel.emitted('input')[0][0]).toEqual(1)
      |                                                     ^ Magic Number
  734 |     expect($carousel.vm.isSliding).toBe(false)
  735 |
  736 |     await wrapper.setProps({"
/home/gabriel/Disk/Research/research-javascript-test-smells/repositories/bootstrap-vue-dev/src/components/carousel/carousel.spec.js,Magic Number,"{'line': 743, 'column': 59, 'index': 25337}","  741 |     await waitRAF()
  742 |
> 743 |     expect($carousel.emitted('sliding-start').length).toBe(2)
      |                                                           ^ Magic Number
  744 |     expect($carousel.emitted('sliding-end').length).toBe(1)
  745 |     expect($carousel.emitted('sliding-start')[1][0]).toEqual(3)
  746 |     expect($carousel.vm.isSliding).toBe(true)"
/home/gabriel/Disk/Research/research-javascript-test-smells/repositories/bootstrap-vue-dev/src/components/carousel/carousel.spec.js,Magic Number,"{'line': 744, 'column': 57, 'index': 25397}","  742 |
  743 |     expect($carousel.emitted('sliding-start').length).toBe(2)
> 744 |     expect($carousel.emitted('sliding-end').length).toBe(1)
      |                                                         ^ Magic Number
  745 |     expect($carousel.emitted('sliding-start')[1][0]).toEqual(3)
  746 |     expect($carousel.vm.isSliding).toBe(true)
  747 |"
/home/gabriel/Disk/Research/research-javascript-test-smells/repositories/bootstrap-vue-dev/src/components/carousel/carousel.spec.js,Magic Number,"{'line': 745, 'column': 61, 'index': 25461}","  743 |     expect($carousel.emitted('sliding-start').length).toBe(2)
  744 |     expect($carousel.emitted('sliding-end').length).toBe(1)
> 745 |     expect($carousel.emitted('sliding-start')[1][0]).toEqual(3)
      |                                                             ^ Magic Number
  746 |     expect($carousel.vm.isSliding).toBe(true)
  747 |
  748 |     jest.runOnlyPendingTimers()"
/home/gabriel/Disk/Research/research-javascript-test-smells/repositories/bootstrap-vue-dev/src/components/carousel/carousel.spec.js,Magic Number,"{'line': 752, 'column': 59, 'index': 25652}","  750 |     await waitRAF()
  751 |
> 752 |     expect($carousel.emitted('sliding-start').length).toBe(2)
      |                                                           ^ Magic Number
  753 |     expect($carousel.emitted('sliding-end').length).toBe(2)
  754 |     expect($carousel.emitted('sliding-end')[1][0]).toEqual(3)
  755 |     expect($carousel.emitted('input').length).toBe(2)"
/home/gabriel/Disk/Research/research-javascript-test-smells/repositories/bootstrap-vue-dev/src/components/carousel/carousel.spec.js,Magic Number,"{'line': 753, 'column': 57, 'index': 25712}","  751 |
  752 |     expect($carousel.emitted('sliding-start').length).toBe(2)
> 753 |     expect($carousel.emitted('sliding-end').length).toBe(2)
      |                                                         ^ Magic Number
  754 |     expect($carousel.emitted('sliding-end')[1][0]).toEqual(3)
  755 |     expect($carousel.emitted('input').length).toBe(2)
  756 |     expect($carousel.emitted('input')[1][0]).toEqual(3)"
/home/gabriel/Disk/Research/research-javascript-test-smells/repositories/bootstrap-vue-dev/src/components/carousel/carousel.spec.js,Magic Number,"{'line': 754, 'column': 59, 'index': 25774}","  752 |     expect($carousel.emitted('sliding-start').length).toBe(2)
  753 |     expect($carousel.emitted('sliding-end').length).toBe(2)
> 754 |     expect($carousel.emitted('sliding-end')[1][0]).toEqual(3)
      |                                                           ^ Magic Number
  755 |     expect($carousel.emitted('input').length).toBe(2)
  756 |     expect($carousel.emitted('input')[1][0]).toEqual(3)
  757 |     expect($carousel.vm.isSliding).toBe(false)"
/home/gabriel/Disk/Research/research-javascript-test-smells/repositories/bootstrap-vue-dev/src/components/carousel/carousel.spec.js,Magic Number,"{'line': 755, 'column': 51, 'index': 25828}","  753 |     expect($carousel.emitted('sliding-end').length).toBe(2)
  754 |     expect($carousel.emitted('sliding-end')[1][0]).toEqual(3)
> 755 |     expect($carousel.emitted('input').length).toBe(2)
      |                                                   ^ Magic Number
  756 |     expect($carousel.emitted('input')[1][0]).toEqual(3)
  757 |     expect($carousel.vm.isSliding).toBe(false)
  758 |"
/home/gabriel/Disk/Research/research-javascript-test-smells/repositories/bootstrap-vue-dev/src/components/carousel/carousel.spec.js,Magic Number,"{'line': 756, 'column': 53, 'index': 25884}","  754 |     expect($carousel.emitted('sliding-end')[1][0]).toEqual(3)
  755 |     expect($carousel.emitted('input').length).toBe(2)
> 756 |     expect($carousel.emitted('input')[1][0]).toEqual(3)
      |                                                     ^ Magic Number
  757 |     expect($carousel.vm.isSliding).toBe(false)
  758 |
  759 |     wrapper.destroy()"
/home/gabriel/Disk/Research/research-javascript-test-smells/repositories/bootstrap-vue-dev/src/components/carousel/carousel.spec.js,Magic Number,"{'line': 780, 'column': 36, 'index': 26502}","  778 |
  779 |     const $indicators = $carousel.findAll('.carousel-indicators > li')
> 780 |     expect($indicators.length).toBe(4)
      |                                    ^ Magic Number
  781 |
  782 |     expect($carousel.emitted('sliding-start')).toBeUndefined()
  783 |     expect($carousel.emitted('sliding-end')).toBeUndefined()"
/home/gabriel/Disk/Research/research-javascript-test-smells/repositories/bootstrap-vue-dev/src/components/carousel/carousel.spec.js,Magic Number,"{'line': 786, 'column': 36, 'index': 26722}","  784 |     expect($carousel.emitted('input')).toBeUndefined()
  785 |
> 786 |     expect($carousel.vm.index).toBe(0)
      |                                    ^ Magic Number
  787 |     expect($carousel.vm.isSliding).toBe(false)
  788 |
  789 |     // Transitions (or fallback timers) are not used when no-animation set"
/home/gabriel/Disk/Research/research-javascript-test-smells/repositories/bootstrap-vue-dev/src/components/carousel/carousel.spec.js,Magic Number,"{'line': 798, 'column': 59, 'index': 27109}","  796 |     expect($carousel.emitted('sliding-start')).toBeDefined()
  797 |     expect($carousel.emitted('sliding-end')).toBeDefined()
> 798 |     expect($carousel.emitted('sliding-start').length).toBe(1)
      |                                                           ^ Magic Number
  799 |     expect($carousel.emitted('sliding-end').length).toBe(1)
  800 |     expect($carousel.emitted('sliding-start')[0][0]).toEqual(1)
  801 |     expect($carousel.emitted('sliding-end')[0][0]).toEqual(1)"
/home/gabriel/Disk/Research/research-javascript-test-smells/repositories/bootstrap-vue-dev/src/components/carousel/carousel.spec.js,Magic Number,"{'line': 799, 'column': 57, 'index': 27169}","  797 |     expect($carousel.emitted('sliding-end')).toBeDefined()
  798 |     expect($carousel.emitted('sliding-start').length).toBe(1)
> 799 |     expect($carousel.emitted('sliding-end').length).toBe(1)
      |                                                         ^ Magic Number
  800 |     expect($carousel.emitted('sliding-start')[0][0]).toEqual(1)
  801 |     expect($carousel.emitted('sliding-end')[0][0]).toEqual(1)
  802 |     expect($carousel.emitted('input')).toBeDefined()"
/home/gabriel/Disk/Research/research-javascript-test-smells/repositories/bootstrap-vue-dev/src/components/carousel/carousel.spec.js,Magic Number,"{'line': 800, 'column': 61, 'index': 27233}","  798 |     expect($carousel.emitted('sliding-start').length).toBe(1)
  799 |     expect($carousel.emitted('sliding-end').length).toBe(1)
> 800 |     expect($carousel.emitted('sliding-start')[0][0]).toEqual(1)
      |                                                             ^ Magic Number
  801 |     expect($carousel.emitted('sliding-end')[0][0]).toEqual(1)
  802 |     expect($carousel.emitted('input')).toBeDefined()
  803 |     expect($carousel.emitted('input').length).toBe(1)"
/home/gabriel/Disk/Research/research-javascript-test-smells/repositories/bootstrap-vue-dev/src/components/carousel/carousel.spec.js,Magic Number,"{'line': 801, 'column': 59, 'index': 27295}","  799 |     expect($carousel.emitted('sliding-end').length).toBe(1)
  800 |     expect($carousel.emitted('sliding-start')[0][0]).toEqual(1)
> 801 |     expect($carousel.emitted('sliding-end')[0][0]).toEqual(1)
      |                                                           ^ Magic Number
  802 |     expect($carousel.emitted('input')).toBeDefined()
  803 |     expect($carousel.emitted('input').length).toBe(1)
  804 |     expect($carousel.emitted('input')[0][0]).toEqual(1)"
/home/gabriel/Disk/Research/research-javascript-test-smells/repositories/bootstrap-vue-dev/src/components/carousel/carousel.spec.js,Magic Number,"{'line': 803, 'column': 51, 'index': 27402}","  801 |     expect($carousel.emitted('sliding-end')[0][0]).toEqual(1)
  802 |     expect($carousel.emitted('input')).toBeDefined()
> 803 |     expect($carousel.emitted('input').length).toBe(1)
      |                                                   ^ Magic Number
  804 |     expect($carousel.emitted('input')[0][0]).toEqual(1)
  805 |     expect($carousel.vm.index).toBe(1)
  806 |     expect($carousel.vm.isSliding).toBe(false)"
/home/gabriel/Disk/Research/research-javascript-test-smells/repositories/bootstrap-vue-dev/src/components/carousel/carousel.spec.js,Magic Number,"{'line': 804, 'column': 53, 'index': 27458}","  802 |     expect($carousel.emitted('input')).toBeDefined()
  803 |     expect($carousel.emitted('input').length).toBe(1)
> 804 |     expect($carousel.emitted('input')[0][0]).toEqual(1)
      |                                                     ^ Magic Number
  805 |     expect($carousel.vm.index).toBe(1)
  806 |     expect($carousel.vm.isSliding).toBe(false)
  807 |"
/home/gabriel/Disk/Research/research-javascript-test-smells/repositories/bootstrap-vue-dev/src/components/carousel/carousel.spec.js,Magic Number,"{'line': 805, 'column': 36, 'index': 27497}","  803 |     expect($carousel.emitted('input').length).toBe(1)
  804 |     expect($carousel.emitted('input')[0][0]).toEqual(1)
> 805 |     expect($carousel.vm.index).toBe(1)
      |                                    ^ Magic Number
  806 |     expect($carousel.vm.isSliding).toBe(false)
  807 |
  808 |     await wrapper.setProps({"
/home/gabriel/Disk/Research/research-javascript-test-smells/repositories/bootstrap-vue-dev/src/components/carousel/carousel.spec.js,Magic Number,"{'line': 814, 'column': 59, 'index': 27689}","  812 |     await waitNT(wrapper.vm)
  813 |
> 814 |     expect($carousel.emitted('sliding-start').length).toBe(2)
      |                                                           ^ Magic Number
  815 |     expect($carousel.emitted('sliding-end').length).toBe(2)
  816 |     expect($carousel.emitted('sliding-start')[1][0]).toEqual(3)
  817 |     expect($carousel.emitted('sliding-end')[1][0]).toEqual(3)"
/home/gabriel/Disk/Research/research-javascript-test-smells/repositories/bootstrap-vue-dev/src/components/carousel/carousel.spec.js,Magic Number,"{'line': 815, 'column': 57, 'index': 27749}","  813 |
  814 |     expect($carousel.emitted('sliding-start').length).toBe(2)
> 815 |     expect($carousel.emitted('sliding-end').length).toBe(2)
      |                                                         ^ Magic Number
  816 |     expect($carousel.emitted('sliding-start')[1][0]).toEqual(3)
  817 |     expect($carousel.emitted('sliding-end')[1][0]).toEqual(3)
  818 |     expect($carousel.emitted('input').length).toBe(2)"
/home/gabriel/Disk/Research/research-javascript-test-smells/repositories/bootstrap-vue-dev/src/components/carousel/carousel.spec.js,Magic Number,"{'line': 816, 'column': 61, 'index': 27813}","  814 |     expect($carousel.emitted('sliding-start').length).toBe(2)
  815 |     expect($carousel.emitted('sliding-end').length).toBe(2)
> 816 |     expect($carousel.emitted('sliding-start')[1][0]).toEqual(3)
      |                                                             ^ Magic Number
  817 |     expect($carousel.emitted('sliding-end')[1][0]).toEqual(3)
  818 |     expect($carousel.emitted('input').length).toBe(2)
  819 |     expect($carousel.emitted('input')[1][0]).toEqual(3)"
/home/gabriel/Disk/Research/research-javascript-test-smells/repositories/bootstrap-vue-dev/src/components/carousel/carousel.spec.js,Magic Number,"{'line': 817, 'column': 59, 'index': 27875}","  815 |     expect($carousel.emitted('sliding-end').length).toBe(2)
  816 |     expect($carousel.emitted('sliding-start')[1][0]).toEqual(3)
> 817 |     expect($carousel.emitted('sliding-end')[1][0]).toEqual(3)
      |                                                           ^ Magic Number
  818 |     expect($carousel.emitted('input').length).toBe(2)
  819 |     expect($carousel.emitted('input')[1][0]).toEqual(3)
  820 |     expect($carousel.vm.index).toBe(3)"
/home/gabriel/Disk/Research/research-javascript-test-smells/repositories/bootstrap-vue-dev/src/components/carousel/carousel.spec.js,Magic Number,"{'line': 818, 'column': 51, 'index': 27929}","  816 |     expect($carousel.emitted('sliding-start')[1][0]).toEqual(3)
  817 |     expect($carousel.emitted('sliding-end')[1][0]).toEqual(3)
> 818 |     expect($carousel.emitted('input').length).toBe(2)
      |                                                   ^ Magic Number
  819 |     expect($carousel.emitted('input')[1][0]).toEqual(3)
  820 |     expect($carousel.vm.index).toBe(3)
  821 |     expect($carousel.vm.isSliding).toBe(false)"
/home/gabriel/Disk/Research/research-javascript-test-smells/repositories/bootstrap-vue-dev/src/components/carousel/carousel.spec.js,Magic Number,"{'line': 819, 'column': 53, 'index': 27985}","  817 |     expect($carousel.emitted('sliding-end')[1][0]).toEqual(3)
  818 |     expect($carousel.emitted('input').length).toBe(2)
> 819 |     expect($carousel.emitted('input')[1][0]).toEqual(3)
      |                                                     ^ Magic Number
  820 |     expect($carousel.vm.index).toBe(3)
  821 |     expect($carousel.vm.isSliding).toBe(false)
  822 |"
/home/gabriel/Disk/Research/research-javascript-test-smells/repositories/bootstrap-vue-dev/src/components/carousel/carousel.spec.js,Magic Number,"{'line': 820, 'column': 36, 'index': 28024}","  818 |     expect($carousel.emitted('input').length).toBe(2)
  819 |     expect($carousel.emitted('input')[1][0]).toEqual(3)
> 820 |     expect($carousel.vm.index).toBe(3)
      |                                    ^ Magic Number
  821 |     expect($carousel.vm.isSliding).toBe(false)
  822 |
  823 |     wrapper.destroy()"
/home/gabriel/Disk/Research/research-javascript-test-smells/repositories/bootstrap-vue-dev/src/components/carousel/carousel.spec.js,Magic Number,"{'line': 843, 'column': 36, 'index': 28660}","  841 |
  842 |     const $indicators = $carousel.findAll('.carousel-indicators > li')
> 843 |     expect($indicators.length).toBe(4)
      |                                    ^ Magic Number
  844 |
  845 |     expect($carousel.emitted('sliding-start')).toBeUndefined()
  846 |     expect($carousel.emitted('sliding-end')).toBeUndefined()"
/home/gabriel/Disk/Research/research-javascript-test-smells/repositories/bootstrap-vue-dev/src/components/carousel/carousel.spec.js,Magic Number,"{'line': 849, 'column': 36, 'index': 28880}","  847 |     expect($carousel.emitted('input')).toBeUndefined()
  848 |
> 849 |     expect($carousel.vm.index).toBe(0)
      |                                    ^ Magic Number
  850 |     expect($carousel.vm.isSliding).toBe(false)
  851 |
  852 |     await wrapper.setProps({"
/home/gabriel/Disk/Research/research-javascript-test-smells/repositories/bootstrap-vue-dev/src/components/carousel/carousel.spec.js,Magic Number,"{'line': 861, 'column': 59, 'index': 29214}","  859 |     expect($carousel.emitted('sliding-start')).toBeDefined()
  860 |     expect($carousel.emitted('sliding-end')).toBeUndefined()
> 861 |     expect($carousel.emitted('sliding-start').length).toBe(1)
      |                                                           ^ Magic Number
  862 |     expect($carousel.emitted('sliding-start')[0][0]).toEqual(1)
  863 |     expect($carousel.vm.index).toBe(1)
  864 |     expect($carousel.vm.isSliding).toBe(true)"
/home/gabriel/Disk/Research/research-javascript-test-smells/repositories/bootstrap-vue-dev/src/components/carousel/carousel.spec.js,Magic Number,"{'line': 862, 'column': 61, 'index': 29278}","  860 |     expect($carousel.emitted('sliding-end')).toBeUndefined()
  861 |     expect($carousel.emitted('sliding-start').length).toBe(1)
> 862 |     expect($carousel.emitted('sliding-start')[0][0]).toEqual(1)
      |                                                             ^ Magic Number
  863 |     expect($carousel.vm.index).toBe(1)
  864 |     expect($carousel.vm.isSliding).toBe(true)
  865 |"
/home/gabriel/Disk/Research/research-javascript-test-smells/repositories/bootstrap-vue-dev/src/components/carousel/carousel.spec.js,Magic Number,"{'line': 863, 'column': 36, 'index': 29317}","  861 |     expect($carousel.emitted('sliding-start').length).toBe(1)
  862 |     expect($carousel.emitted('sliding-start')[0][0]).toEqual(1)
> 863 |     expect($carousel.vm.index).toBe(1)
      |                                    ^ Magic Number
  864 |     expect($carousel.vm.isSliding).toBe(true)
  865 |
  866 |     // Set new slide while sliding"
/home/gabriel/Disk/Research/research-javascript-test-smells/repositories/bootstrap-vue-dev/src/components/carousel/carousel.spec.js,Magic Number,"{'line': 876, 'column': 57, 'index': 29652}","  874 |
  875 |     expect($carousel.emitted('sliding-end')).toBeDefined()
> 876 |     expect($carousel.emitted('sliding-end').length).toBe(1)
      |                                                         ^ Magic Number
  877 |     expect($carousel.emitted('sliding-end')[0][0]).toEqual(1)
  878 |     // Should issue a new sliding start event
  879 |     expect($carousel.emitted('sliding-start').length).toBe(2)"
/home/gabriel/Disk/Research/research-javascript-test-smells/repositories/bootstrap-vue-dev/src/components/carousel/carousel.spec.js,Magic Number,"{'line': 877, 'column': 59, 'index': 29714}","  875 |     expect($carousel.emitted('sliding-end')).toBeDefined()
  876 |     expect($carousel.emitted('sliding-end').length).toBe(1)
> 877 |     expect($carousel.emitted('sliding-end')[0][0]).toEqual(1)
      |                                                           ^ Magic Number
  878 |     // Should issue a new sliding start event
  879 |     expect($carousel.emitted('sliding-start').length).toBe(2)
  880 |     expect($carousel.emitted('sliding-start')[1][0]).toEqual(3)"
/home/gabriel/Disk/Research/research-javascript-test-smells/repositories/bootstrap-vue-dev/src/components/carousel/carousel.spec.js,Magic Number,"{'line': 879, 'column': 59, 'index': 29822}","  877 |     expect($carousel.emitted('sliding-end')[0][0]).toEqual(1)
  878 |     // Should issue a new sliding start event
> 879 |     expect($carousel.emitted('sliding-start').length).toBe(2)
      |                                                           ^ Magic Number
  880 |     expect($carousel.emitted('sliding-start')[1][0]).toEqual(3)
  881 |     expect($carousel.emitted('input')).toBeDefined()
  882 |     expect($carousel.emitted('input').length).toBe(2)"
/home/gabriel/Disk/Research/research-javascript-test-smells/repositories/bootstrap-vue-dev/src/components/carousel/carousel.spec.js,Magic Number,"{'line': 880, 'column': 61, 'index': 29886}","  878 |     // Should issue a new sliding start event
  879 |     expect($carousel.emitted('sliding-start').length).toBe(2)
> 880 |     expect($carousel.emitted('sliding-start')[1][0]).toEqual(3)
      |                                                             ^ Magic Number
  881 |     expect($carousel.emitted('input')).toBeDefined()
  882 |     expect($carousel.emitted('input').length).toBe(2)
  883 |     expect($carousel.emitted('input')[0][0]).toEqual(1)"
/home/gabriel/Disk/Research/research-javascript-test-smells/repositories/bootstrap-vue-dev/src/components/carousel/carousel.spec.js,Magic Number,"{'line': 882, 'column': 51, 'index': 29993}","  880 |     expect($carousel.emitted('sliding-start')[1][0]).toEqual(3)
  881 |     expect($carousel.emitted('input')).toBeDefined()
> 882 |     expect($carousel.emitted('input').length).toBe(2)
      |                                                   ^ Magic Number
  883 |     expect($carousel.emitted('input')[0][0]).toEqual(1)
  884 |     expect($carousel.emitted('input')[1][0]).toEqual(3)
  885 |     expect($carousel.vm.index).toBe(3)"
/home/gabriel/Disk/Research/research-javascript-test-smells/repositories/bootstrap-vue-dev/src/components/carousel/carousel.spec.js,Magic Number,"{'line': 883, 'column': 53, 'index': 30049}","  881 |     expect($carousel.emitted('input')).toBeDefined()
  882 |     expect($carousel.emitted('input').length).toBe(2)
> 883 |     expect($carousel.emitted('input')[0][0]).toEqual(1)
      |                                                     ^ Magic Number
  884 |     expect($carousel.emitted('input')[1][0]).toEqual(3)
  885 |     expect($carousel.vm.index).toBe(3)
  886 |     expect($carousel.vm.isSliding).toBe(true)"
/home/gabriel/Disk/Research/research-javascript-test-smells/repositories/bootstrap-vue-dev/src/components/carousel/carousel.spec.js,Magic Number,"{'line': 884, 'column': 53, 'index': 30105}","  882 |     expect($carousel.emitted('input').length).toBe(2)
  883 |     expect($carousel.emitted('input')[0][0]).toEqual(1)
> 884 |     expect($carousel.emitted('input')[1][0]).toEqual(3)
      |                                                     ^ Magic Number
  885 |     expect($carousel.vm.index).toBe(3)
  886 |     expect($carousel.vm.isSliding).toBe(true)
  887 |"
/home/gabriel/Disk/Research/research-javascript-test-smells/repositories/bootstrap-vue-dev/src/components/carousel/carousel.spec.js,Magic Number,"{'line': 885, 'column': 36, 'index': 30144}","  883 |     expect($carousel.emitted('input')[0][0]).toEqual(1)
  884 |     expect($carousel.emitted('input')[1][0]).toEqual(3)
> 885 |     expect($carousel.vm.index).toBe(3)
      |                                    ^ Magic Number
  886 |     expect($carousel.vm.isSliding).toBe(true)
  887 |
  888 |     // Next transition should happen"
/home/gabriel/Disk/Research/research-javascript-test-smells/repositories/bootstrap-vue-dev/src/components/carousel/carousel.spec.js,Magic Number,"{'line': 893, 'column': 59, 'index': 30372}","  891 |     await waitRAF()
  892 |
> 893 |     expect($carousel.emitted('sliding-start').length).toBe(2)
      |                                                           ^ Magic Number
  894 |     expect($carousel.emitted('sliding-end').length).toBe(2)
  895 |     expect($carousel.emitted('sliding-end')[1][0]).toEqual(3)
  896 |     expect($carousel.emitted('input').length).toBe(2)"
/home/gabriel/Disk/Research/research-javascript-test-smells/repositories/bootstrap-vue-dev/src/components/carousel/carousel.spec.js,Magic Number,"{'line': 894, 'column': 57, 'index': 30432}","  892 |
  893 |     expect($carousel.emitted('sliding-start').length).toBe(2)
> 894 |     expect($carousel.emitted('sliding-end').length).toBe(2)
      |                                                         ^ Magic Number
  895 |     expect($carousel.emitted('sliding-end')[1][0]).toEqual(3)
  896 |     expect($carousel.emitted('input').length).toBe(2)
  897 |     expect($carousel.emitted('input')[1][0]).toEqual(3)"
/home/gabriel/Disk/Research/research-javascript-test-smells/repositories/bootstrap-vue-dev/src/components/carousel/carousel.spec.js,Magic Number,"{'line': 895, 'column': 59, 'index': 30494}","  893 |     expect($carousel.emitted('sliding-start').length).toBe(2)
  894 |     expect($carousel.emitted('sliding-end').length).toBe(2)
> 895 |     expect($carousel.emitted('sliding-end')[1][0]).toEqual(3)
      |                                                           ^ Magic Number
  896 |     expect($carousel.emitted('input').length).toBe(2)
  897 |     expect($carousel.emitted('input')[1][0]).toEqual(3)
  898 |     expect($carousel.vm.isSliding).toBe(false)"
/home/gabriel/Disk/Research/research-javascript-test-smells/repositories/bootstrap-vue-dev/src/components/carousel/carousel.spec.js,Magic Number,"{'line': 896, 'column': 51, 'index': 30548}","  894 |     expect($carousel.emitted('sliding-end').length).toBe(2)
  895 |     expect($carousel.emitted('sliding-end')[1][0]).toEqual(3)
> 896 |     expect($carousel.emitted('input').length).toBe(2)
      |                                                   ^ Magic Number
  897 |     expect($carousel.emitted('input')[1][0]).toEqual(3)
  898 |     expect($carousel.vm.isSliding).toBe(false)
  899 |"
/home/gabriel/Disk/Research/research-javascript-test-smells/repositories/bootstrap-vue-dev/src/components/carousel/carousel.spec.js,Magic Number,"{'line': 897, 'column': 53, 'index': 30604}","  895 |     expect($carousel.emitted('sliding-end')[1][0]).toEqual(3)
  896 |     expect($carousel.emitted('input').length).toBe(2)
> 897 |     expect($carousel.emitted('input')[1][0]).toEqual(3)
      |                                                     ^ Magic Number
  898 |     expect($carousel.vm.isSliding).toBe(false)
  899 |
  900 |     wrapper.destroy()"
/home/gabriel/Disk/Research/research-javascript-test-smells/repositories/bootstrap-vue-dev/src/components/carousel/carousel.spec.js,Magic Number,"{'line': 924, 'column': 36, 'index': 31308}","  922 |
  923 |     const $indicators = $carousel.findAll('.carousel-indicators > li')
> 924 |     expect($indicators.length).toBe(4)
      |                                    ^ Magic Number
  925 |
  926 |     expect($carousel.emitted('sliding-start')).toBeUndefined()
  927 |     expect($carousel.emitted('sliding-end')).toBeUndefined()"
/home/gabriel/Disk/Research/research-javascript-test-smells/repositories/bootstrap-vue-dev/src/components/carousel/carousel.spec.js,Magic Number,"{'line': 930, 'column': 36, 'index': 31528}","  928 |     expect($carousel.emitted('input')).toBeUndefined()
  929 |
> 930 |     expect($carousel.vm.index).toBe(3)
      |                                    ^ Magic Number
  931 |     expect($carousel.vm.isSliding).toBe(false)
  932 |
  933 |     // Call vm.next()"
/home/gabriel/Disk/Research/research-javascript-test-smells/repositories/bootstrap-vue-dev/src/components/carousel/carousel.spec.js,Magic Number,"{'line': 939, 'column': 59, 'index': 31834}","  937 |     expect($carousel.emitted('sliding-start')).toBeDefined()
  938 |     expect($carousel.emitted('sliding-end')).toBeDefined()
> 939 |     expect($carousel.emitted('sliding-start').length).toBe(1)
      |                                                           ^ Magic Number
  940 |     expect($carousel.emitted('sliding-end').length).toBe(1)
  941 |     // Should have index of 0
  942 |     expect($carousel.emitted('sliding-start')[0][0]).toEqual(0)"
/home/gabriel/Disk/Research/research-javascript-test-smells/repositories/bootstrap-vue-dev/src/components/carousel/carousel.spec.js,Magic Number,"{'line': 940, 'column': 57, 'index': 31894}","  938 |     expect($carousel.emitted('sliding-end')).toBeDefined()
  939 |     expect($carousel.emitted('sliding-start').length).toBe(1)
> 940 |     expect($carousel.emitted('sliding-end').length).toBe(1)
      |                                                         ^ Magic Number
  941 |     // Should have index of 0
  942 |     expect($carousel.emitted('sliding-start')[0][0]).toEqual(0)
  943 |     expect($carousel.emitted('sliding-end')[0][0]).toEqual(0)"
/home/gabriel/Disk/Research/research-javascript-test-smells/repositories/bootstrap-vue-dev/src/components/carousel/carousel.spec.js,Magic Number,"{'line': 942, 'column': 61, 'index': 31988}","  940 |     expect($carousel.emitted('sliding-end').length).toBe(1)
  941 |     // Should have index of 0
> 942 |     expect($carousel.emitted('sliding-start')[0][0]).toEqual(0)
      |                                                             ^ Magic Number
  943 |     expect($carousel.emitted('sliding-end')[0][0]).toEqual(0)
  944 |     expect($carousel.emitted('input')).toBeDefined()
  945 |     expect($carousel.emitted('input').length).toBe(1)"
/home/gabriel/Disk/Research/research-javascript-test-smells/repositories/bootstrap-vue-dev/src/components/carousel/carousel.spec.js,Magic Number,"{'line': 943, 'column': 59, 'index': 32050}","  941 |     // Should have index of 0
  942 |     expect($carousel.emitted('sliding-start')[0][0]).toEqual(0)
> 943 |     expect($carousel.emitted('sliding-end')[0][0]).toEqual(0)
      |                                                           ^ Magic Number
  944 |     expect($carousel.emitted('input')).toBeDefined()
  945 |     expect($carousel.emitted('input').length).toBe(1)
  946 |     expect($carousel.emitted('input')[0][0]).toEqual(0)"
/home/gabriel/Disk/Research/research-javascript-test-smells/repositories/bootstrap-vue-dev/src/components/carousel/carousel.spec.js,Magic Number,"{'line': 945, 'column': 51, 'index': 32157}","  943 |     expect($carousel.emitted('sliding-end')[0][0]).toEqual(0)
  944 |     expect($carousel.emitted('input')).toBeDefined()
> 945 |     expect($carousel.emitted('input').length).toBe(1)
      |                                                   ^ Magic Number
  946 |     expect($carousel.emitted('input')[0][0]).toEqual(0)
  947 |     expect($carousel.vm.index).toBe(0)
  948 |     expect($carousel.vm.isSliding).toBe(false)"
/home/gabriel/Disk/Research/research-javascript-test-smells/repositories/bootstrap-vue-dev/src/components/carousel/carousel.spec.js,Magic Number,"{'line': 946, 'column': 53, 'index': 32213}","  944 |     expect($carousel.emitted('input')).toBeDefined()
  945 |     expect($carousel.emitted('input').length).toBe(1)
> 946 |     expect($carousel.emitted('input')[0][0]).toEqual(0)
      |                                                     ^ Magic Number
  947 |     expect($carousel.vm.index).toBe(0)
  948 |     expect($carousel.vm.isSliding).toBe(false)
  949 |"
/home/gabriel/Disk/Research/research-javascript-test-smells/repositories/bootstrap-vue-dev/src/components/carousel/carousel.spec.js,Magic Number,"{'line': 947, 'column': 36, 'index': 32252}","  945 |     expect($carousel.emitted('input').length).toBe(1)
  946 |     expect($carousel.emitted('input')[0][0]).toEqual(0)
> 947 |     expect($carousel.vm.index).toBe(0)
      |                                    ^ Magic Number
  948 |     expect($carousel.vm.isSliding).toBe(false)
  949 |
  950 |     // Call vm.prev()"
/home/gabriel/Disk/Research/research-javascript-test-smells/repositories/bootstrap-vue-dev/src/components/carousel/carousel.spec.js,Magic Number,"{'line': 954, 'column': 59, 'index': 32438}","  952 |     await waitNT(wrapper.vm)
  953 |
> 954 |     expect($carousel.emitted('sliding-start').length).toBe(2)
      |                                                           ^ Magic Number
  955 |     expect($carousel.emitted('sliding-end').length).toBe(2)
  956 |     // Should have index set to last slide
  957 |     expect($carousel.emitted('sliding-start')[1][0]).toEqual(3)"
/home/gabriel/Disk/Research/research-javascript-test-smells/repositories/bootstrap-vue-dev/src/components/carousel/carousel.spec.js,Magic Number,"{'line': 955, 'column': 57, 'index': 32498}","  953 |
  954 |     expect($carousel.emitted('sliding-start').length).toBe(2)
> 955 |     expect($carousel.emitted('sliding-end').length).toBe(2)
      |                                                         ^ Magic Number
  956 |     // Should have index set to last slide
  957 |     expect($carousel.emitted('sliding-start')[1][0]).toEqual(3)
  958 |     expect($carousel.emitted('sliding-end')[1][0]).toEqual(3)"
/home/gabriel/Disk/Research/research-javascript-test-smells/repositories/bootstrap-vue-dev/src/components/carousel/carousel.spec.js,Magic Number,"{'line': 957, 'column': 61, 'index': 32605}","  955 |     expect($carousel.emitted('sliding-end').length).toBe(2)
  956 |     // Should have index set to last slide
> 957 |     expect($carousel.emitted('sliding-start')[1][0]).toEqual(3)
      |                                                             ^ Magic Number
  958 |     expect($carousel.emitted('sliding-end')[1][0]).toEqual(3)
  959 |     expect($carousel.emitted('input').length).toBe(2)
  960 |     expect($carousel.emitted('input')[1][0]).toEqual(3)"
/home/gabriel/Disk/Research/research-javascript-test-smells/repositories/bootstrap-vue-dev/src/components/carousel/carousel.spec.js,Magic Number,"{'line': 958, 'column': 59, 'index': 32667}","  956 |     // Should have index set to last slide
  957 |     expect($carousel.emitted('sliding-start')[1][0]).toEqual(3)
> 958 |     expect($carousel.emitted('sliding-end')[1][0]).toEqual(3)
      |                                                           ^ Magic Number
  959 |     expect($carousel.emitted('input').length).toBe(2)
  960 |     expect($carousel.emitted('input')[1][0]).toEqual(3)
  961 |     expect($carousel.vm.index).toBe(3)"
/home/gabriel/Disk/Research/research-javascript-test-smells/repositories/bootstrap-vue-dev/src/components/carousel/carousel.spec.js,Magic Number,"{'line': 959, 'column': 51, 'index': 32721}","  957 |     expect($carousel.emitted('sliding-start')[1][0]).toEqual(3)
  958 |     expect($carousel.emitted('sliding-end')[1][0]).toEqual(3)
> 959 |     expect($carousel.emitted('input').length).toBe(2)
      |                                                   ^ Magic Number
  960 |     expect($carousel.emitted('input')[1][0]).toEqual(3)
  961 |     expect($carousel.vm.index).toBe(3)
  962 |     expect($carousel.vm.isSliding).toBe(false)"
/home/gabriel/Disk/Research/research-javascript-test-smells/repositories/bootstrap-vue-dev/src/components/carousel/carousel.spec.js,Magic Number,"{'line': 960, 'column': 53, 'index': 32777}","  958 |     expect($carousel.emitted('sliding-end')[1][0]).toEqual(3)
  959 |     expect($carousel.emitted('input').length).toBe(2)
> 960 |     expect($carousel.emitted('input')[1][0]).toEqual(3)
      |                                                     ^ Magic Number
  961 |     expect($carousel.vm.index).toBe(3)
  962 |     expect($carousel.vm.isSliding).toBe(false)
  963 |"
/home/gabriel/Disk/Research/research-javascript-test-smells/repositories/bootstrap-vue-dev/src/components/carousel/carousel.spec.js,Magic Number,"{'line': 961, 'column': 36, 'index': 32816}","  959 |     expect($carousel.emitted('input').length).toBe(2)
  960 |     expect($carousel.emitted('input')[1][0]).toEqual(3)
> 961 |     expect($carousel.vm.index).toBe(3)
      |                                    ^ Magic Number
  962 |     expect($carousel.vm.isSliding).toBe(false)
  963 |
  964 |     wrapper.destroy()"
/home/gabriel/Disk/Research/research-javascript-test-smells/repositories/bootstrap-vue-dev/src/components/carousel/carousel.spec.js,Magic Number,"{'line': 990, 'column': 36, 'index': 33632}","  988 |
  989 |     const $indicators = $carousel.findAll('.carousel-indicators > li')
> 990 |     expect($indicators.length).toBe(4)
      |                                    ^ Magic Number
  991 |
  992 |     expect($carousel.emitted('sliding-start')).toBeUndefined()
  993 |     expect($carousel.emitted('sliding-end')).toBeUndefined()"
/home/gabriel/Disk/Research/research-javascript-test-smells/repositories/bootstrap-vue-dev/src/components/carousel/carousel.spec.js,Magic Number,"{'line': 996, 'column': 36, 'index': 33852}","  994 |     expect($carousel.emitted('input')).toBeUndefined()
  995 |
> 996 |     expect($carousel.vm.index).toBe(3)
      |                                    ^ Magic Number
  997 |     expect($carousel.vm.isSliding).toBe(false)
  998 |
  999 |     // Call vm.next()"
/home/gabriel/Disk/Research/research-javascript-test-smells/repositories/bootstrap-vue-dev/src/components/carousel/carousel.spec.js,Magic Number,"{'line': 1008, 'column': 36, 'index': 34303}","  1006 |     // Should have index of 3 (no input event emitted since value set to 3)
  1007 |     expect($carousel.emitted('input')).toBeUndefined()
> 1008 |     expect($carousel.vm.index).toBe(3)
       |                                    ^ Magic Number
  1009 |     expect($carousel.vm.isSliding).toBe(false)
  1010 |
  1011 |     // Call vm.prev()"
/home/gabriel/Disk/Research/research-javascript-test-smells/repositories/bootstrap-vue-dev/src/components/carousel/carousel.spec.js,Magic Number,"{'line': 1015, 'column': 59, 'index': 34489}","  1013 |     await waitNT(wrapper.vm)
  1014 |
> 1015 |     expect($carousel.emitted('sliding-start').length).toBe(1)
       |                                                           ^ Magic Number
  1016 |     expect($carousel.emitted('sliding-end').length).toBe(1)
  1017 |     // Should have index set to 2
  1018 |     expect($carousel.emitted('sliding-start')[0][0]).toEqual(2)"
/home/gabriel/Disk/Research/research-javascript-test-smells/repositories/bootstrap-vue-dev/src/components/carousel/carousel.spec.js,Magic Number,"{'line': 1016, 'column': 57, 'index': 34549}","  1014 |
  1015 |     expect($carousel.emitted('sliding-start').length).toBe(1)
> 1016 |     expect($carousel.emitted('sliding-end').length).toBe(1)
       |                                                         ^ Magic Number
  1017 |     // Should have index set to 2
  1018 |     expect($carousel.emitted('sliding-start')[0][0]).toEqual(2)
  1019 |     expect($carousel.emitted('sliding-end')[0][0]).toEqual(2)"
/home/gabriel/Disk/Research/research-javascript-test-smells/repositories/bootstrap-vue-dev/src/components/carousel/carousel.spec.js,Magic Number,"{'line': 1018, 'column': 61, 'index': 34647}","  1016 |     expect($carousel.emitted('sliding-end').length).toBe(1)
  1017 |     // Should have index set to 2
> 1018 |     expect($carousel.emitted('sliding-start')[0][0]).toEqual(2)
       |                                                             ^ Magic Number
  1019 |     expect($carousel.emitted('sliding-end')[0][0]).toEqual(2)
  1020 |     expect($carousel.emitted('input')).toBeDefined()
  1021 |     expect($carousel.emitted('input').length).toBe(1)"
/home/gabriel/Disk/Research/research-javascript-test-smells/repositories/bootstrap-vue-dev/src/components/carousel/carousel.spec.js,Magic Number,"{'line': 1019, 'column': 59, 'index': 34709}","  1017 |     // Should have index set to 2
  1018 |     expect($carousel.emitted('sliding-start')[0][0]).toEqual(2)
> 1019 |     expect($carousel.emitted('sliding-end')[0][0]).toEqual(2)
       |                                                           ^ Magic Number
  1020 |     expect($carousel.emitted('input')).toBeDefined()
  1021 |     expect($carousel.emitted('input').length).toBe(1)
  1022 |     expect($carousel.emitted('input')[0][0]).toEqual(2)"
/home/gabriel/Disk/Research/research-javascript-test-smells/repositories/bootstrap-vue-dev/src/components/carousel/carousel.spec.js,Magic Number,"{'line': 1021, 'column': 51, 'index': 34816}","  1019 |     expect($carousel.emitted('sliding-end')[0][0]).toEqual(2)
  1020 |     expect($carousel.emitted('input')).toBeDefined()
> 1021 |     expect($carousel.emitted('input').length).toBe(1)
       |                                                   ^ Magic Number
  1022 |     expect($carousel.emitted('input')[0][0]).toEqual(2)
  1023 |     expect($carousel.vm.index).toBe(2)
  1024 |     expect($carousel.vm.isSliding).toBe(false)"
/home/gabriel/Disk/Research/research-javascript-test-smells/repositories/bootstrap-vue-dev/src/components/carousel/carousel.spec.js,Magic Number,"{'line': 1022, 'column': 53, 'index': 34872}","  1020 |     expect($carousel.emitted('input')).toBeDefined()
  1021 |     expect($carousel.emitted('input').length).toBe(1)
> 1022 |     expect($carousel.emitted('input')[0][0]).toEqual(2)
       |                                                     ^ Magic Number
  1023 |     expect($carousel.vm.index).toBe(2)
  1024 |     expect($carousel.vm.isSliding).toBe(false)
  1025 |"
/home/gabriel/Disk/Research/research-javascript-test-smells/repositories/bootstrap-vue-dev/src/components/carousel/carousel.spec.js,Magic Number,"{'line': 1023, 'column': 36, 'index': 34911}","  1021 |     expect($carousel.emitted('input').length).toBe(1)
  1022 |     expect($carousel.emitted('input')[0][0]).toEqual(2)
> 1023 |     expect($carousel.vm.index).toBe(2)
       |                                    ^ Magic Number
  1024 |     expect($carousel.vm.isSliding).toBe(false)
  1025 |
  1026 |     // Call vm.prev()"
/home/gabriel/Disk/Research/research-javascript-test-smells/repositories/bootstrap-vue-dev/src/components/carousel/carousel.spec.js,Magic Number,"{'line': 1030, 'column': 59, 'index': 35097}","  1028 |     await waitNT(wrapper.vm)
  1029 |
> 1030 |     expect($carousel.emitted('sliding-start').length).toBe(2)
       |                                                           ^ Magic Number
  1031 |     expect($carousel.emitted('sliding-end').length).toBe(2)
  1032 |     // Should have index set to 1
  1033 |     expect($carousel.emitted('sliding-start')[1][0]).toEqual(1)"
/home/gabriel/Disk/Research/research-javascript-test-smells/repositories/bootstrap-vue-dev/src/components/carousel/carousel.spec.js,Magic Number,"{'line': 1031, 'column': 57, 'index': 35157}","  1029 |
  1030 |     expect($carousel.emitted('sliding-start').length).toBe(2)
> 1031 |     expect($carousel.emitted('sliding-end').length).toBe(2)
       |                                                         ^ Magic Number
  1032 |     // Should have index set to 1
  1033 |     expect($carousel.emitted('sliding-start')[1][0]).toEqual(1)
  1034 |     expect($carousel.emitted('sliding-end')[1][0]).toEqual(1)"
/home/gabriel/Disk/Research/research-javascript-test-smells/repositories/bootstrap-vue-dev/src/components/carousel/carousel.spec.js,Magic Number,"{'line': 1033, 'column': 61, 'index': 35255}","  1031 |     expect($carousel.emitted('sliding-end').length).toBe(2)
  1032 |     // Should have index set to 1
> 1033 |     expect($carousel.emitted('sliding-start')[1][0]).toEqual(1)
       |                                                             ^ Magic Number
  1034 |     expect($carousel.emitted('sliding-end')[1][0]).toEqual(1)
  1035 |     expect($carousel.emitted('input').length).toBe(2)
  1036 |     expect($carousel.emitted('input')[1][0]).toEqual(1)"
/home/gabriel/Disk/Research/research-javascript-test-smells/repositories/bootstrap-vue-dev/src/components/carousel/carousel.spec.js,Magic Number,"{'line': 1034, 'column': 59, 'index': 35317}","  1032 |     // Should have index set to 1
  1033 |     expect($carousel.emitted('sliding-start')[1][0]).toEqual(1)
> 1034 |     expect($carousel.emitted('sliding-end')[1][0]).toEqual(1)
       |                                                           ^ Magic Number
  1035 |     expect($carousel.emitted('input').length).toBe(2)
  1036 |     expect($carousel.emitted('input')[1][0]).toEqual(1)
  1037 |     expect($carousel.vm.index).toBe(1)"
/home/gabriel/Disk/Research/research-javascript-test-smells/repositories/bootstrap-vue-dev/src/components/carousel/carousel.spec.js,Magic Number,"{'line': 1035, 'column': 51, 'index': 35371}","  1033 |     expect($carousel.emitted('sliding-start')[1][0]).toEqual(1)
  1034 |     expect($carousel.emitted('sliding-end')[1][0]).toEqual(1)
> 1035 |     expect($carousel.emitted('input').length).toBe(2)
       |                                                   ^ Magic Number
  1036 |     expect($carousel.emitted('input')[1][0]).toEqual(1)
  1037 |     expect($carousel.vm.index).toBe(1)
  1038 |     expect($carousel.vm.isSliding).toBe(false)"
/home/gabriel/Disk/Research/research-javascript-test-smells/repositories/bootstrap-vue-dev/src/components/carousel/carousel.spec.js,Magic Number,"{'line': 1036, 'column': 53, 'index': 35427}","  1034 |     expect($carousel.emitted('sliding-end')[1][0]).toEqual(1)
  1035 |     expect($carousel.emitted('input').length).toBe(2)
> 1036 |     expect($carousel.emitted('input')[1][0]).toEqual(1)
       |                                                     ^ Magic Number
  1037 |     expect($carousel.vm.index).toBe(1)
  1038 |     expect($carousel.vm.isSliding).toBe(false)
  1039 |"
/home/gabriel/Disk/Research/research-javascript-test-smells/repositories/bootstrap-vue-dev/src/components/carousel/carousel.spec.js,Magic Number,"{'line': 1037, 'column': 36, 'index': 35466}","  1035 |     expect($carousel.emitted('input').length).toBe(2)
  1036 |     expect($carousel.emitted('input')[1][0]).toEqual(1)
> 1037 |     expect($carousel.vm.index).toBe(1)
       |                                    ^ Magic Number
  1038 |     expect($carousel.vm.isSliding).toBe(false)
  1039 |
  1040 |     // Call vm.prev()"
/home/gabriel/Disk/Research/research-javascript-test-smells/repositories/bootstrap-vue-dev/src/components/carousel/carousel.spec.js,Magic Number,"{'line': 1044, 'column': 59, 'index': 35652}","  1042 |     await waitNT(wrapper.vm)
  1043 |
> 1044 |     expect($carousel.emitted('sliding-start').length).toBe(3)
       |                                                           ^ Magic Number
  1045 |     expect($carousel.emitted('sliding-end').length).toBe(3)
  1046 |     // Should have index set to 0
  1047 |     expect($carousel.emitted('sliding-start')[2][0]).toEqual(0)"
/home/gabriel/Disk/Research/research-javascript-test-smells/repositories/bootstrap-vue-dev/src/components/carousel/carousel.spec.js,Magic Number,"{'line': 1045, 'column': 57, 'index': 35712}","  1043 |
  1044 |     expect($carousel.emitted('sliding-start').length).toBe(3)
> 1045 |     expect($carousel.emitted('sliding-end').length).toBe(3)
       |                                                         ^ Magic Number
  1046 |     // Should have index set to 0
  1047 |     expect($carousel.emitted('sliding-start')[2][0]).toEqual(0)
  1048 |     expect($carousel.emitted('sliding-end')[2][0]).toEqual(0)"
/home/gabriel/Disk/Research/research-javascript-test-smells/repositories/bootstrap-vue-dev/src/components/carousel/carousel.spec.js,Magic Number,"{'line': 1047, 'column': 61, 'index': 35810}","  1045 |     expect($carousel.emitted('sliding-end').length).toBe(3)
  1046 |     // Should have index set to 0
> 1047 |     expect($carousel.emitted('sliding-start')[2][0]).toEqual(0)
       |                                                             ^ Magic Number
  1048 |     expect($carousel.emitted('sliding-end')[2][0]).toEqual(0)
  1049 |     expect($carousel.emitted('input').length).toBe(3)
  1050 |     expect($carousel.emitted('input')[2][0]).toEqual(0)"
/home/gabriel/Disk/Research/research-javascript-test-smells/repositories/bootstrap-vue-dev/src/components/carousel/carousel.spec.js,Magic Number,"{'line': 1048, 'column': 59, 'index': 35872}","  1046 |     // Should have index set to 0
  1047 |     expect($carousel.emitted('sliding-start')[2][0]).toEqual(0)
> 1048 |     expect($carousel.emitted('sliding-end')[2][0]).toEqual(0)
       |                                                           ^ Magic Number
  1049 |     expect($carousel.emitted('input').length).toBe(3)
  1050 |     expect($carousel.emitted('input')[2][0]).toEqual(0)
  1051 |     expect($carousel.vm.index).toBe(0)"
/home/gabriel/Disk/Research/research-javascript-test-smells/repositories/bootstrap-vue-dev/src/components/carousel/carousel.spec.js,Magic Number,"{'line': 1049, 'column': 51, 'index': 35926}","  1047 |     expect($carousel.emitted('sliding-start')[2][0]).toEqual(0)
  1048 |     expect($carousel.emitted('sliding-end')[2][0]).toEqual(0)
> 1049 |     expect($carousel.emitted('input').length).toBe(3)
       |                                                   ^ Magic Number
  1050 |     expect($carousel.emitted('input')[2][0]).toEqual(0)
  1051 |     expect($carousel.vm.index).toBe(0)
  1052 |     expect($carousel.vm.isSliding).toBe(false)"
/home/gabriel/Disk/Research/research-javascript-test-smells/repositories/bootstrap-vue-dev/src/components/carousel/carousel.spec.js,Magic Number,"{'line': 1050, 'column': 53, 'index': 35982}","  1048 |     expect($carousel.emitted('sliding-end')[2][0]).toEqual(0)
  1049 |     expect($carousel.emitted('input').length).toBe(3)
> 1050 |     expect($carousel.emitted('input')[2][0]).toEqual(0)
       |                                                     ^ Magic Number
  1051 |     expect($carousel.vm.index).toBe(0)
  1052 |     expect($carousel.vm.isSliding).toBe(false)
  1053 |"
/home/gabriel/Disk/Research/research-javascript-test-smells/repositories/bootstrap-vue-dev/src/components/carousel/carousel.spec.js,Magic Number,"{'line': 1051, 'column': 36, 'index': 36021}","  1049 |     expect($carousel.emitted('input').length).toBe(3)
  1050 |     expect($carousel.emitted('input')[2][0]).toEqual(0)
> 1051 |     expect($carousel.vm.index).toBe(0)
       |                                    ^ Magic Number
  1052 |     expect($carousel.vm.isSliding).toBe(false)
  1053 |
  1054 |     // Call vm.prev() (should not wrap)"
/home/gabriel/Disk/Research/research-javascript-test-smells/repositories/bootstrap-vue-dev/src/components/carousel/carousel.spec.js,Magic Number,"{'line': 1058, 'column': 59, 'index': 36225}","  1056 |     await waitNT(wrapper.vm)
  1057 |
> 1058 |     expect($carousel.emitted('sliding-start').length).toBe(3)
       |                                                           ^ Magic Number
  1059 |     expect($carousel.emitted('sliding-end').length).toBe(3)
  1060 |     // Should have index still set to 0, and emit input to update v-model
  1061 |     expect($carousel.emitted('input').length).toBe(4)"
/home/gabriel/Disk/Research/research-javascript-test-smells/repositories/bootstrap-vue-dev/src/components/carousel/carousel.spec.js,Magic Number,"{'line': 1059, 'column': 57, 'index': 36285}","  1057 |
  1058 |     expect($carousel.emitted('sliding-start').length).toBe(3)
> 1059 |     expect($carousel.emitted('sliding-end').length).toBe(3)
       |                                                         ^ Magic Number
  1060 |     // Should have index still set to 0, and emit input to update v-model
  1061 |     expect($carousel.emitted('input').length).toBe(4)
  1062 |     expect($carousel.emitted('input')[3][0]).toEqual(0)"
/home/gabriel/Disk/Research/research-javascript-test-smells/repositories/bootstrap-vue-dev/src/components/carousel/carousel.spec.js,Magic Number,"{'line': 1061, 'column': 51, 'index': 36413}","  1059 |     expect($carousel.emitted('sliding-end').length).toBe(3)
  1060 |     // Should have index still set to 0, and emit input to update v-model
> 1061 |     expect($carousel.emitted('input').length).toBe(4)
       |                                                   ^ Magic Number
  1062 |     expect($carousel.emitted('input')[3][0]).toEqual(0)
  1063 |     expect($carousel.vm.index).toBe(0)
  1064 |     expect($carousel.vm.isSliding).toBe(false)"
/home/gabriel/Disk/Research/research-javascript-test-smells/repositories/bootstrap-vue-dev/src/components/carousel/carousel.spec.js,Magic Number,"{'line': 1062, 'column': 53, 'index': 36469}","  1060 |     // Should have index still set to 0, and emit input to update v-model
  1061 |     expect($carousel.emitted('input').length).toBe(4)
> 1062 |     expect($carousel.emitted('input')[3][0]).toEqual(0)
       |                                                     ^ Magic Number
  1063 |     expect($carousel.vm.index).toBe(0)
  1064 |     expect($carousel.vm.isSliding).toBe(false)
  1065 |"
/home/gabriel/Disk/Research/research-javascript-test-smells/repositories/bootstrap-vue-dev/src/components/carousel/carousel.spec.js,Magic Number,"{'line': 1063, 'column': 36, 'index': 36508}","  1061 |     expect($carousel.emitted('input').length).toBe(4)
  1062 |     expect($carousel.emitted('input')[3][0]).toEqual(0)
> 1063 |     expect($carousel.vm.index).toBe(0)
       |                                    ^ Magic Number
  1064 |     expect($carousel.vm.isSliding).toBe(false)
  1065 |
  1066 |     wrapper.destroy()"
/home/gabriel/Disk/Research/research-javascript-test-smells/repositories/bootstrap-vue-dev/src/components/carousel/carousel-slide.spec.js,Duplicate Assert,"{'line': 11, 'column': 4, 'index': 376}","   9 |     expect(wrapper.classes().length).toBe(1)
  10 |     expect(wrapper.classes()).toContain('carousel-item')
> 11 |     expect(wrapper.attributes('role')).toBeDefined()
     |    ^ Duplicate Assert
  12 |     expect(wrapper.attributes('role')).toBe('listitem')
  13 |
  14 |     wrapper.destroy()"
/home/gabriel/Disk/Research/research-javascript-test-smells/repositories/bootstrap-vue-dev/src/components/carousel/carousel-slide.spec.js,Duplicate Assert,"{'line': 12, 'column': 4, 'index': 429}","  10 |     expect(wrapper.classes()).toContain('carousel-item')
  11 |     expect(wrapper.attributes('role')).toBeDefined()
> 12 |     expect(wrapper.attributes('role')).toBe('listitem')
     |    ^ Duplicate Assert
  13 |
  14 |     wrapper.destroy()
  15 |   })"
/home/gabriel/Disk/Research/research-javascript-test-smells/repositories/bootstrap-vue-dev/src/components/carousel/carousel-slide.spec.js,Duplicate Assert,"{'line': 115, 'column': 4, 'index': 3052}","  113 |
  114 |     expect(wrapper.find('.carousel-caption').exists()).toBe(true)
> 115 |     expect(wrapper.find('.carousel-caption').classes()).toContain('d-none')
      |    ^ Duplicate Assert
  116 |     expect(wrapper.find('.carousel-caption').classes()).toContain('d-lg-block')
  117 |     expect(wrapper.find('.carousel-caption').classes().length).toBe(3)
  118 |"
/home/gabriel/Disk/Research/research-javascript-test-smells/repositories/bootstrap-vue-dev/src/components/carousel/carousel-slide.spec.js,Duplicate Assert,"{'line': 116, 'column': 4, 'index': 3128}","  114 |     expect(wrapper.find('.carousel-caption').exists()).toBe(true)
  115 |     expect(wrapper.find('.carousel-caption').classes()).toContain('d-none')
> 116 |     expect(wrapper.find('.carousel-caption').classes()).toContain('d-lg-block')
      |    ^ Duplicate Assert
  117 |     expect(wrapper.find('.carousel-caption').classes().length).toBe(3)
  118 |
  119 |     wrapper.destroy()"
/home/gabriel/Disk/Research/research-javascript-test-smells/repositories/bootstrap-vue-dev/src/components/carousel/carousel-slide.spec.js,Duplicate Assert,"{'line': 137, 'column': 4, 'index': 3711}","  135 |     })
  136 |
> 137 |     expect(wrapper.attributes('style')).toBeDefined()
      |    ^ Duplicate Assert
  138 |     expect(wrapper.attributes('style')).toContain('background:')
  139 |     expect(wrapper.attributes('style')).toContain('rgb(')
  140 |"
/home/gabriel/Disk/Research/research-javascript-test-smells/repositories/bootstrap-vue-dev/src/components/carousel/carousel-slide.spec.js,Duplicate Assert,"{'line': 138, 'column': 4, 'index': 3765}","  136 |
  137 |     expect(wrapper.attributes('style')).toBeDefined()
> 138 |     expect(wrapper.attributes('style')).toContain('background:')
      |    ^ Duplicate Assert
  139 |     expect(wrapper.attributes('style')).toContain('rgb(')
  140 |
  141 |     wrapper.destroy()"
/home/gabriel/Disk/Research/research-javascript-test-smells/repositories/bootstrap-vue-dev/src/components/carousel/carousel-slide.spec.js,Duplicate Assert,"{'line': 139, 'column': 4, 'index': 3830}","  137 |     expect(wrapper.attributes('style')).toBeDefined()
  138 |     expect(wrapper.attributes('style')).toContain('background:')
> 139 |     expect(wrapper.attributes('style')).toContain('rgb(')
      |    ^ Duplicate Assert
  140 |
  141 |     wrapper.destroy()
  142 |   })"
/home/gabriel/Disk/Research/research-javascript-test-smells/repositories/bootstrap-vue-dev/src/components/carousel/carousel-slide.spec.js,Duplicate Assert,"{'line': 153, 'column': 4, 'index': 4148}","  151 |     })
  152 |
> 153 |     expect(wrapper.attributes('style')).toBeDefined()
      |    ^ Duplicate Assert
  154 |     expect(wrapper.attributes('style')).toContain('background:')
  155 |     expect(wrapper.attributes('style')).toContain('rgb(')
  156 |"
/home/gabriel/Disk/Research/research-javascript-test-smells/repositories/bootstrap-vue-dev/src/components/carousel/carousel-slide.spec.js,Duplicate Assert,"{'line': 154, 'column': 4, 'index': 4202}","  152 |
  153 |     expect(wrapper.attributes('style')).toBeDefined()
> 154 |     expect(wrapper.attributes('style')).toContain('background:')
      |    ^ Duplicate Assert
  155 |     expect(wrapper.attributes('style')).toContain('rgb(')
  156 |
  157 |     wrapper.destroy()"
/home/gabriel/Disk/Research/research-javascript-test-smells/repositories/bootstrap-vue-dev/src/components/carousel/carousel-slide.spec.js,Duplicate Assert,"{'line': 155, 'column': 4, 'index': 4267}","  153 |     expect(wrapper.attributes('style')).toBeDefined()
  154 |     expect(wrapper.attributes('style')).toContain('background:')
> 155 |     expect(wrapper.attributes('style')).toContain('rgb(')
      |    ^ Duplicate Assert
  156 |
  157 |     wrapper.destroy()
  158 |   })"
/home/gabriel/Disk/Research/research-javascript-test-smells/repositories/bootstrap-vue-dev/src/components/carousel/carousel-slide.spec.js,Duplicate Assert,"{'line': 198, 'column': 4, 'index': 5384}","  196 |
  197 |     expect(wrapper.find('img').exists()).toBe(true)
> 198 |     expect(wrapper.find('img').attributes('src')).toBeDefined()
      |    ^ Duplicate Assert
  199 |     expect(wrapper.find('img').attributes('src')).toBe('https://picsum.photos/1024/480/?image=52')
  200 |
  201 |     wrapper.destroy()"
/home/gabriel/Disk/Research/research-javascript-test-smells/repositories/bootstrap-vue-dev/src/components/carousel/carousel-slide.spec.js,Duplicate Assert,"{'line': 199, 'column': 4, 'index': 5448}","  197 |     expect(wrapper.find('img').exists()).toBe(true)
  198 |     expect(wrapper.find('img').attributes('src')).toBeDefined()
> 199 |     expect(wrapper.find('img').attributes('src')).toBe('https://picsum.photos/1024/480/?image=52')
      |    ^ Duplicate Assert
  200 |
  201 |     wrapper.destroy()
  202 |   })"
/home/gabriel/Disk/Research/research-javascript-test-smells/repositories/bootstrap-vue-dev/src/components/carousel/carousel-slide.spec.js,Duplicate Assert,"{'line': 212, 'column': 4, 'index': 5791}","  210 |
  211 |     expect(wrapper.find('img').exists()).toBe(true)
> 212 |     expect(wrapper.find('img').attributes('src')).toBeDefined()
      |    ^ Duplicate Assert
  213 |     expect(wrapper.find('img').attributes('src')).toContain('data:')
  214 |
  215 |     wrapper.destroy()"
/home/gabriel/Disk/Research/research-javascript-test-smells/repositories/bootstrap-vue-dev/src/components/carousel/carousel-slide.spec.js,Duplicate Assert,"{'line': 213, 'column': 4, 'index': 5855}","  211 |     expect(wrapper.find('img').exists()).toBe(true)
  212 |     expect(wrapper.find('img').attributes('src')).toBeDefined()
> 213 |     expect(wrapper.find('img').attributes('src')).toContain('data:')
      |    ^ Duplicate Assert
  214 |
  215 |     wrapper.destroy()
  216 |   })"
/home/gabriel/Disk/Research/research-javascript-test-smells/repositories/bootstrap-vue-dev/src/components/carousel/carousel-slide.spec.js,Duplicate Assert,"{'line': 228, 'column': 4, 'index': 6308}","  226 |     expect(wrapper.find('img').exists()).toBe(true)
  227 |     expect(wrapper.find('img').attributes('src')).toBeDefined()
> 228 |     expect(wrapper.find('img').attributes('alt')).toBeDefined()
      |    ^ Duplicate Assert
  229 |     expect(wrapper.find('img').attributes('alt')).toBe('foobar')
  230 |
  231 |     wrapper.destroy()"
/home/gabriel/Disk/Research/research-javascript-test-smells/repositories/bootstrap-vue-dev/src/components/carousel/carousel-slide.spec.js,Duplicate Assert,"{'line': 229, 'column': 4, 'index': 6372}","  227 |     expect(wrapper.find('img').attributes('src')).toBeDefined()
  228 |     expect(wrapper.find('img').attributes('alt')).toBeDefined()
> 229 |     expect(wrapper.find('img').attributes('alt')).toBe('foobar')
      |    ^ Duplicate Assert
  230 |
  231 |     wrapper.destroy()
  232 |   })"
/home/gabriel/Disk/Research/research-javascript-test-smells/repositories/bootstrap-vue-dev/src/components/carousel/carousel-slide.spec.js,Duplicate Assert,"{'line': 245, 'column': 4, 'index': 6884}","  243 |     expect(wrapper.find('img').exists()).toBe(true)
  244 |     expect(wrapper.find('img').attributes('src')).toBeDefined()
> 245 |     expect(wrapper.find('img').attributes('width')).toBeDefined()
      |    ^ Duplicate Assert
  246 |     expect(wrapper.find('img').attributes('width')).toBe('1024')
  247 |     expect(wrapper.find('img').attributes('height')).toBeDefined()
  248 |     expect(wrapper.find('img').attributes('height')).toBe('480')"
/home/gabriel/Disk/Research/research-javascript-test-smells/repositories/bootstrap-vue-dev/src/components/carousel/carousel-slide.spec.js,Duplicate Assert,"{'line': 246, 'column': 4, 'index': 6950}","  244 |     expect(wrapper.find('img').attributes('src')).toBeDefined()
  245 |     expect(wrapper.find('img').attributes('width')).toBeDefined()
> 246 |     expect(wrapper.find('img').attributes('width')).toBe('1024')
      |    ^ Duplicate Assert
  247 |     expect(wrapper.find('img').attributes('height')).toBeDefined()
  248 |     expect(wrapper.find('img').attributes('height')).toBe('480')
  249 |"
/home/gabriel/Disk/Research/research-javascript-test-smells/repositories/bootstrap-vue-dev/src/components/carousel/carousel-slide.spec.js,Duplicate Assert,"{'line': 247, 'column': 4, 'index': 7015}","  245 |     expect(wrapper.find('img').attributes('width')).toBeDefined()
  246 |     expect(wrapper.find('img').attributes('width')).toBe('1024')
> 247 |     expect(wrapper.find('img').attributes('height')).toBeDefined()
      |    ^ Duplicate Assert
  248 |     expect(wrapper.find('img').attributes('height')).toBe('480')
  249 |
  250 |     wrapper.destroy()"
/home/gabriel/Disk/Research/research-javascript-test-smells/repositories/bootstrap-vue-dev/src/components/carousel/carousel-slide.spec.js,Duplicate Assert,"{'line': 248, 'column': 4, 'index': 7082}","  246 |     expect(wrapper.find('img').attributes('width')).toBe('1024')
  247 |     expect(wrapper.find('img').attributes('height')).toBeDefined()
> 248 |     expect(wrapper.find('img').attributes('height')).toBe('480')
      |    ^ Duplicate Assert
  249 |
  250 |     wrapper.destroy()
  251 |   })"
/home/gabriel/Disk/Research/research-javascript-test-smells/repositories/bootstrap-vue-dev/src/components/carousel/carousel-slide.spec.js,Duplicate Assert,"{'line': 269, 'column': 4, 'index': 7684}","  267 |     expect(wrapper.find('img').exists()).toBe(true)
  268 |     expect(wrapper.find('img').attributes('src')).toBeDefined()
> 269 |     expect(wrapper.find('img').attributes('width')).toBeDefined()
      |    ^ Duplicate Assert
  270 |     expect(wrapper.find('img').attributes('width')).toBe('1024')
  271 |     expect(wrapper.find('img').attributes('height')).toBeDefined()
  272 |     expect(wrapper.find('img').attributes('height')).toBe('480')"
/home/gabriel/Disk/Research/research-javascript-test-smells/repositories/bootstrap-vue-dev/src/components/carousel/carousel-slide.spec.js,Duplicate Assert,"{'line': 270, 'column': 4, 'index': 7750}","  268 |     expect(wrapper.find('img').attributes('src')).toBeDefined()
  269 |     expect(wrapper.find('img').attributes('width')).toBeDefined()
> 270 |     expect(wrapper.find('img').attributes('width')).toBe('1024')
      |    ^ Duplicate Assert
  271 |     expect(wrapper.find('img').attributes('height')).toBeDefined()
  272 |     expect(wrapper.find('img').attributes('height')).toBe('480')
  273 |"
/home/gabriel/Disk/Research/research-javascript-test-smells/repositories/bootstrap-vue-dev/src/components/carousel/carousel-slide.spec.js,Duplicate Assert,"{'line': 271, 'column': 4, 'index': 7815}","  269 |     expect(wrapper.find('img').attributes('width')).toBeDefined()
  270 |     expect(wrapper.find('img').attributes('width')).toBe('1024')
> 271 |     expect(wrapper.find('img').attributes('height')).toBeDefined()
      |    ^ Duplicate Assert
  272 |     expect(wrapper.find('img').attributes('height')).toBe('480')
  273 |
  274 |     wrapper.destroy()"
/home/gabriel/Disk/Research/research-javascript-test-smells/repositories/bootstrap-vue-dev/src/components/carousel/carousel-slide.spec.js,Duplicate Assert,"{'line': 272, 'column': 4, 'index': 7882}","  270 |     expect(wrapper.find('img').attributes('width')).toBe('1024')
  271 |     expect(wrapper.find('img').attributes('height')).toBeDefined()
> 272 |     expect(wrapper.find('img').attributes('height')).toBe('480')
      |    ^ Duplicate Assert
  273 |
  274 |     wrapper.destroy()
  275 |   })"
/home/gabriel/Disk/Research/research-javascript-test-smells/repositories/bootstrap-vue-dev/src/components/carousel/carousel-slide.spec.js,Magic Number,"{'line': 9, 'column': 42, 'index': 312}","   7 |
   8 |     expect(wrapper.element.tagName).toBe('DIV')
>  9 |     expect(wrapper.classes().length).toBe(1)
     |                                          ^ Magic Number
  10 |     expect(wrapper.classes()).toContain('carousel-item')
  11 |     expect(wrapper.attributes('role')).toBeDefined()
  12 |     expect(wrapper.attributes('role')).toBe('listitem')"
/home/gabriel/Disk/Research/research-javascript-test-smells/repositories/bootstrap-vue-dev/src/components/carousel/carousel-slide.spec.js,Magic Number,"{'line': 117, 'column': 68, 'index': 3272}","  115 |     expect(wrapper.find('.carousel-caption').classes()).toContain('d-none')
  116 |     expect(wrapper.find('.carousel-caption').classes()).toContain('d-lg-block')
> 117 |     expect(wrapper.find('.carousel-caption').classes().length).toBe(3)
      |                                                                    ^ Magic Number
  118 |
  119 |     wrapper.destroy()
  120 |   })"
/home/gabriel/Disk/Research/research-javascript-test-smells/repositories/bootstrap-vue-dev/src/components/card/card.spec.js,Duplicate Assert,"{'line': 75, 'column': 4, 'index': 2068}","  73 |     // Outer div
  74 |     expect(wrapper.element.tagName).toBe('DIV')
> 75 |     expect(wrapper.classes()).toContain('card')
     |    ^ Duplicate Assert
  76 |     expect(wrapper.classes()).toContain('bg-info')
  77 |     expect(wrapper.classes()).toContain('border-danger')
  78 |     expect(wrapper.classes()).toContain('text-dark')"
/home/gabriel/Disk/Research/research-javascript-test-smells/repositories/bootstrap-vue-dev/src/components/card/card.spec.js,Duplicate Assert,"{'line': 76, 'column': 4, 'index': 2116}","  74 |     expect(wrapper.element.tagName).toBe('DIV')
  75 |     expect(wrapper.classes()).toContain('card')
> 76 |     expect(wrapper.classes()).toContain('bg-info')
     |    ^ Duplicate Assert
  77 |     expect(wrapper.classes()).toContain('border-danger')
  78 |     expect(wrapper.classes()).toContain('text-dark')
  79 |     expect(wrapper.classes().length).toBe(4)"
/home/gabriel/Disk/Research/research-javascript-test-smells/repositories/bootstrap-vue-dev/src/components/card/card.spec.js,Duplicate Assert,"{'line': 77, 'column': 4, 'index': 2167}","  75 |     expect(wrapper.classes()).toContain('card')
  76 |     expect(wrapper.classes()).toContain('bg-info')
> 77 |     expect(wrapper.classes()).toContain('border-danger')
     |    ^ Duplicate Assert
  78 |     expect(wrapper.classes()).toContain('text-dark')
  79 |     expect(wrapper.classes().length).toBe(4)
  80 |     expect(wrapper.text()).toEqual('')"
/home/gabriel/Disk/Research/research-javascript-test-smells/repositories/bootstrap-vue-dev/src/components/card/card.spec.js,Duplicate Assert,"{'line': 78, 'column': 4, 'index': 2224}","  76 |     expect(wrapper.classes()).toContain('bg-info')
  77 |     expect(wrapper.classes()).toContain('border-danger')
> 78 |     expect(wrapper.classes()).toContain('text-dark')
     |    ^ Duplicate Assert
  79 |     expect(wrapper.classes().length).toBe(4)
  80 |     expect(wrapper.text()).toEqual('')
  81 |"
/home/gabriel/Disk/Research/research-javascript-test-smells/repositories/bootstrap-vue-dev/src/components/card/card.spec.js,Duplicate Assert,"{'line': 95, 'column': 4, 'index': 2640}","  93 |     // Outer div
  94 |     expect(wrapper.element.tagName).toBe('DIV')
> 95 |     expect(wrapper.classes()).toContain('card')
     |    ^ Duplicate Assert
  96 |     expect(wrapper.classes()).toContain('text-right')
  97 |     expect(wrapper.classes().length).toBe(2)
  98 |     expect(wrapper.text()).toEqual('')"
/home/gabriel/Disk/Research/research-javascript-test-smells/repositories/bootstrap-vue-dev/src/components/card/card.spec.js,Duplicate Assert,"{'line': 96, 'column': 4, 'index': 2688}","  94 |     expect(wrapper.element.tagName).toBe('DIV')
  95 |     expect(wrapper.classes()).toContain('card')
> 96 |     expect(wrapper.classes()).toContain('text-right')
     |    ^ Duplicate Assert
  97 |     expect(wrapper.classes().length).toBe(2)
  98 |     expect(wrapper.text()).toEqual('')
  99 |"
/home/gabriel/Disk/Research/research-javascript-test-smells/repositories/bootstrap-vue-dev/src/components/card/card.spec.js,Duplicate Assert,"{'line': 144, 'column': 4, 'index': 3878}","  142 |
  143 |     expect(wrapper.element.tagName).toBe('DIV')
> 144 |     expect(wrapper.classes()).toContain('card')
      |    ^ Duplicate Assert
  145 |     expect(wrapper.classes()).toContain('flex-row')
  146 |     expect(wrapper.classes().length).toBe(2)
  147 |"
/home/gabriel/Disk/Research/research-javascript-test-smells/repositories/bootstrap-vue-dev/src/components/card/card.spec.js,Duplicate Assert,"{'line': 145, 'column': 4, 'index': 3926}","  143 |     expect(wrapper.element.tagName).toBe('DIV')
  144 |     expect(wrapper.classes()).toContain('card')
> 145 |     expect(wrapper.classes()).toContain('flex-row')
      |    ^ Duplicate Assert
  146 |     expect(wrapper.classes().length).toBe(2)
  147 |
  148 |     wrapper.destroy()"
/home/gabriel/Disk/Research/research-javascript-test-smells/repositories/bootstrap-vue-dev/src/components/card/card.spec.js,Duplicate Assert,"{'line': 160, 'column': 4, 'index': 4291}","  158 |
  159 |     expect(wrapper.element.tagName).toBe('DIV')
> 160 |     expect(wrapper.classes()).toContain('card')
      |    ^ Duplicate Assert
  161 |     expect(wrapper.classes()).toContain('flex-row-reverse')
  162 |     expect(wrapper.classes().length).toBe(2)
  163 |"
/home/gabriel/Disk/Research/research-javascript-test-smells/repositories/bootstrap-vue-dev/src/components/card/card.spec.js,Duplicate Assert,"{'line': 161, 'column': 4, 'index': 4339}","  159 |     expect(wrapper.element.tagName).toBe('DIV')
  160 |     expect(wrapper.classes()).toContain('card')
> 161 |     expect(wrapper.classes()).toContain('flex-row-reverse')
      |    ^ Duplicate Assert
  162 |     expect(wrapper.classes().length).toBe(2)
  163 |
  164 |     wrapper.destroy()"
/home/gabriel/Disk/Research/research-javascript-test-smells/repositories/bootstrap-vue-dev/src/components/card/card.spec.js,Duplicate Assert,"{'line': 177, 'column': 4, 'index': 4740}","  175 |
  176 |     expect(wrapper.element.tagName).toBe('DIV')
> 177 |     expect(wrapper.classes()).toContain('card')
      |    ^ Duplicate Assert
  178 |     expect(wrapper.classes()).toContain('flex-row')
  179 |     expect(wrapper.classes()).not.toContain('flex-row-reverse')
  180 |     expect(wrapper.classes().length).toBe(2)"
/home/gabriel/Disk/Research/research-javascript-test-smells/repositories/bootstrap-vue-dev/src/components/card/card.spec.js,Duplicate Assert,"{'line': 178, 'column': 4, 'index': 4788}","  176 |     expect(wrapper.element.tagName).toBe('DIV')
  177 |     expect(wrapper.classes()).toContain('card')
> 178 |     expect(wrapper.classes()).toContain('flex-row')
      |    ^ Duplicate Assert
  179 |     expect(wrapper.classes()).not.toContain('flex-row-reverse')
  180 |     expect(wrapper.classes().length).toBe(2)
  181 |"
/home/gabriel/Disk/Research/research-javascript-test-smells/repositories/bootstrap-vue-dev/src/components/card/card.spec.js,Duplicate Assert,"{'line': 179, 'column': 4, 'index': 4840}","  177 |     expect(wrapper.classes()).toContain('card')
  178 |     expect(wrapper.classes()).toContain('flex-row')
> 179 |     expect(wrapper.classes()).not.toContain('flex-row-reverse')
      |    ^ Duplicate Assert
  180 |     expect(wrapper.classes().length).toBe(2)
  181 |
  182 |     wrapper.destroy()"
/home/gabriel/Disk/Research/research-javascript-test-smells/repositories/bootstrap-vue-dev/src/components/card/card.spec.js,Duplicate Assert,"{'line': 287, 'column': 4, 'index': 8059}","  285 |     expect(wrapper.findAll('.card-body').length).toBe(1)
  286 |     const $body = wrapper.find('.card-body')
> 287 |     expect($body.classes()).toContain('card-body')
      |    ^ Duplicate Assert
  288 |     expect($body.classes()).toContain('card-img-overlay')
  289 |     expect($body.classes().length).toBe(2)
  290 |"
/home/gabriel/Disk/Research/research-javascript-test-smells/repositories/bootstrap-vue-dev/src/components/card/card.spec.js,Duplicate Assert,"{'line': 288, 'column': 4, 'index': 8110}","  286 |     const $body = wrapper.find('.card-body')
  287 |     expect($body.classes()).toContain('card-body')
> 288 |     expect($body.classes()).toContain('card-img-overlay')
      |    ^ Duplicate Assert
  289 |     expect($body.classes().length).toBe(2)
  290 |
  291 |     // Expected order"
/home/gabriel/Disk/Research/research-javascript-test-smells/repositories/bootstrap-vue-dev/src/components/card/card.spec.js,Magic Number,"{'line': 11, 'column': 42, 'index': 339}","   9 |     expect(wrapper.element.tagName).toBe('DIV')
  10 |     expect(wrapper.classes()).toContain('card')
> 11 |     expect(wrapper.classes().length).toBe(1)
     |                                          ^ Magic Number
  12 |
  13 |     // Should have one child div.card-body
  14 |     expect(wrapper.findAll('.card > .card-body').length).toBe(1)"
/home/gabriel/Disk/Research/research-javascript-test-smells/repositories/bootstrap-vue-dev/src/components/card/card.spec.js,Magic Number,"{'line': 14, 'column': 62, 'index': 448}","  12 |
  13 |     // Should have one child div.card-body
> 14 |     expect(wrapper.findAll('.card > .card-body').length).toBe(1)
     |                                                              ^ Magic Number
  15 |     expect(wrapper.findAll('.card-body').length).toBe(1)
  16 |     expect(wrapper.find('.card-body').element.tagName).toBe('DIV')
  17 |     expect(wrapper.find('.card-body').classes()).toContain('card-body')"
/home/gabriel/Disk/Research/research-javascript-test-smells/repositories/bootstrap-vue-dev/src/components/card/card.spec.js,Magic Number,"{'line': 15, 'column': 54, 'index': 505}","  13 |     // Should have one child div.card-body
  14 |     expect(wrapper.findAll('.card > .card-body').length).toBe(1)
> 15 |     expect(wrapper.findAll('.card-body').length).toBe(1)
     |                                                      ^ Magic Number
  16 |     expect(wrapper.find('.card-body').element.tagName).toBe('DIV')
  17 |     expect(wrapper.find('.card-body').classes()).toContain('card-body')
  18 |     expect(wrapper.find('.card-body').classes().length).toBe(1)"
/home/gabriel/Disk/Research/research-javascript-test-smells/repositories/bootstrap-vue-dev/src/components/card/card.spec.js,Magic Number,"{'line': 18, 'column': 61, 'index': 708}","  16 |     expect(wrapper.find('.card-body').element.tagName).toBe('DIV')
  17 |     expect(wrapper.find('.card-body').classes()).toContain('card-body')
> 18 |     expect(wrapper.find('.card-body').classes().length).toBe(1)
     |                                                             ^ Magic Number
  19 |
  20 |     // Should have no content by default
  21 |     expect(wrapper.text()).toEqual('')"
/home/gabriel/Disk/Research/research-javascript-test-smells/repositories/bootstrap-vue-dev/src/components/card/card.spec.js,Magic Number,"{'line': 36, 'column': 42, 'index': 1140}","  34 |     expect(wrapper.element.tagName).toBe('DIV')
  35 |     expect(wrapper.classes()).toContain('card')
> 36 |     expect(wrapper.classes().length).toBe(1)
     |                                          ^ Magic Number
  37 |
  38 |     // Should no have a card body
  39 |     expect(wrapper.findAll('.card-body').length).toBe(0)"
/home/gabriel/Disk/Research/research-javascript-test-smells/repositories/bootstrap-vue-dev/src/components/card/card.spec.js,Magic Number,"{'line': 39, 'column': 54, 'index': 1232}","  37 |
  38 |     // Should no have a card body
> 39 |     expect(wrapper.findAll('.card-body').length).toBe(0)
     |                                                      ^ Magic Number
  40 |     // Should have no content by default
  41 |     expect(wrapper.text()).toEqual('')
  42 |"
/home/gabriel/Disk/Research/research-javascript-test-smells/repositories/bootstrap-vue-dev/src/components/card/card.spec.js,Magic Number,"{'line': 57, 'column': 42, 'index': 1686}","  55 |     expect(wrapper.element.tagName).toBe('ARTICLE')
  56 |     expect(wrapper.classes()).toContain('card')
> 57 |     expect(wrapper.classes().length).toBe(1)
     |                                          ^ Magic Number
  58 |     expect(wrapper.text()).toEqual('')
  59 |
  60 |     wrapper.destroy()"
/home/gabriel/Disk/Research/research-javascript-test-smells/repositories/bootstrap-vue-dev/src/components/card/card.spec.js,Magic Number,"{'line': 79, 'column': 42, 'index': 2315}","  77 |     expect(wrapper.classes()).toContain('border-danger')
  78 |     expect(wrapper.classes()).toContain('text-dark')
> 79 |     expect(wrapper.classes().length).toBe(4)
     |                                          ^ Magic Number
  80 |     expect(wrapper.text()).toEqual('')
  81 |
  82 |     wrapper.destroy()"
/home/gabriel/Disk/Research/research-javascript-test-smells/repositories/bootstrap-vue-dev/src/components/card/card.spec.js,Magic Number,"{'line': 97, 'column': 42, 'index': 2780}","   95 |     expect(wrapper.classes()).toContain('card')
   96 |     expect(wrapper.classes()).toContain('text-right')
>  97 |     expect(wrapper.classes().length).toBe(2)
      |                                          ^ Magic Number
   98 |     expect(wrapper.text()).toEqual('')
   99 |
  100 |     wrapper.destroy()"
/home/gabriel/Disk/Research/research-javascript-test-smells/repositories/bootstrap-vue-dev/src/components/card/card.spec.js,Magic Number,"{'line': 123, 'column': 58, 'index': 3330}","  121 |     // With body
  122 |     expect(wrapperBody.element.tagName).toBe('DIV')
> 123 |     expect(wrapperBody.findAll('.card-body').length).toBe(1)
      |                                                          ^ Magic Number
  124 |     expect(wrapperBody.find('.card-body').text()).toBe('foobar')
  125 |
  126 |     // With no body"
/home/gabriel/Disk/Research/research-javascript-test-smells/repositories/bootstrap-vue-dev/src/components/card/card.spec.js,Magic Number,"{'line': 128, 'column': 60, 'index': 3533}","  126 |     // With no body
  127 |     expect(wrapperNoBody.element.tagName).toBe('DIV')
> 128 |     expect(wrapperNoBody.findAll('.card-body').length).toBe(0)
      |                                                            ^ Magic Number
  129 |     expect(wrapperNoBody.text()).toBe('foobar')
  130 |
  131 |     wrapperBody.destroy()"
/home/gabriel/Disk/Research/research-javascript-test-smells/repositories/bootstrap-vue-dev/src/components/card/card.spec.js,Magic Number,"{'line': 146, 'column': 42, 'index': 4016}","  144 |     expect(wrapper.classes()).toContain('card')
  145 |     expect(wrapper.classes()).toContain('flex-row')
> 146 |     expect(wrapper.classes().length).toBe(2)
      |                                          ^ Magic Number
  147 |
  148 |     wrapper.destroy()
  149 |   })"
/home/gabriel/Disk/Research/research-javascript-test-smells/repositories/bootstrap-vue-dev/src/components/card/card.spec.js,Magic Number,"{'line': 162, 'column': 42, 'index': 4437}","  160 |     expect(wrapper.classes()).toContain('card')
  161 |     expect(wrapper.classes()).toContain('flex-row-reverse')
> 162 |     expect(wrapper.classes().length).toBe(2)
      |                                          ^ Magic Number
  163 |
  164 |     wrapper.destroy()
  165 |   })"
/home/gabriel/Disk/Research/research-javascript-test-smells/repositories/bootstrap-vue-dev/src/components/card/card.spec.js,Magic Number,"{'line': 180, 'column': 42, 'index': 4942}","  178 |     expect(wrapper.classes()).toContain('flex-row')
  179 |     expect(wrapper.classes()).not.toContain('flex-row-reverse')
> 180 |     expect(wrapper.classes().length).toBe(2)
      |                                          ^ Magic Number
  181 |
  182 |     wrapper.destroy()
  183 |   })"
/home/gabriel/Disk/Research/research-javascript-test-smells/repositories/bootstrap-vue-dev/src/components/card/card.spec.js,Magic Number,"{'line': 199, 'column': 56, 'index': 5381}","  197 |     expect(wrapper.classes()).toContain('card')
  198 |
> 199 |     expect(wrapper.findAll('.card-header').length).toBe(1)
      |                                                        ^ Magic Number
  200 |     expect(wrapper.find('.card-header').text()).toBe('foo')
  201 |     expect(wrapper.findAll('.card-body').length).toBe(1)
  202 |     expect(wrapper.find('.card-body').text()).toBe('fizzle')"
/home/gabriel/Disk/Research/research-javascript-test-smells/repositories/bootstrap-vue-dev/src/components/card/card.spec.js,Magic Number,"{'line': 201, 'column': 54, 'index': 5498}","  199 |     expect(wrapper.findAll('.card-header').length).toBe(1)
  200 |     expect(wrapper.find('.card-header').text()).toBe('foo')
> 201 |     expect(wrapper.findAll('.card-body').length).toBe(1)
      |                                                      ^ Magic Number
  202 |     expect(wrapper.find('.card-body').text()).toBe('fizzle')
  203 |     expect(wrapper.findAll('.card-footer').length).toBe(1)
  204 |     expect(wrapper.find('.card-footer').text()).toBe('bar')"
/home/gabriel/Disk/Research/research-javascript-test-smells/repositories/bootstrap-vue-dev/src/components/card/card.spec.js,Magic Number,"{'line': 203, 'column': 56, 'index': 5618}","  201 |     expect(wrapper.findAll('.card-body').length).toBe(1)
  202 |     expect(wrapper.find('.card-body').text()).toBe('fizzle')
> 203 |     expect(wrapper.findAll('.card-footer').length).toBe(1)
      |                                                        ^ Magic Number
  204 |     expect(wrapper.find('.card-footer').text()).toBe('bar')
  205 |
  206 |     // Expected order"
/home/gabriel/Disk/Research/research-javascript-test-smells/repositories/bootstrap-vue-dev/src/components/card/card.spec.js,Magic Number,"{'line': 224, 'column': 47, 'index': 6152}","  222 |     expect(wrapper.classes()).toContain('card')
  223 |
> 224 |     expect(wrapper.findAll('img').length).toBe(1)
      |                                               ^ Magic Number
  225 |     const $img = wrapper.find('img')
  226 |     expect($img.element.tagName).toBe('IMG')
  227 |     expect($img.attributes('src')).toBe('/foo/bar')"
/home/gabriel/Disk/Research/research-javascript-test-smells/repositories/bootstrap-vue-dev/src/components/card/card.spec.js,Magic Number,"{'line': 230, 'column': 39, 'index': 6431}","  228 |     expect($img.attributes('alt')).toBe('foobar')
  229 |     expect($img.classes()).toContain('card-img-top')
> 230 |     expect($img.classes().length).toBe(1)
      |                                       ^ Magic Number
  231 |
  232 |     // Expected order
  233 |     expect(wrapper.find('img + .card-body').exists()).toBe(true)"
/home/gabriel/Disk/Research/research-javascript-test-smells/repositories/bootstrap-vue-dev/src/components/card/card.spec.js,Magic Number,"{'line': 250, 'column': 47, 'index': 6891}","  248 |     expect(wrapper.classes()).toContain('card')
  249 |
> 250 |     expect(wrapper.findAll('img').length).toBe(1)
      |                                               ^ Magic Number
  251 |     const $img = wrapper.find('img')
  252 |     expect($img.element.tagName).toBe('IMG')
  253 |     expect($img.attributes('src')).toBe('/foo/bar')"
/home/gabriel/Disk/Research/research-javascript-test-smells/repositories/bootstrap-vue-dev/src/components/card/card.spec.js,Magic Number,"{'line': 256, 'column': 39, 'index': 7173}","  254 |     expect($img.attributes('alt')).toBe('foobar')
  255 |     expect($img.classes()).toContain('card-img-bottom')
> 256 |     expect($img.classes().length).toBe(1)
      |                                       ^ Magic Number
  257 |
  258 |     // Expected order
  259 |     expect(wrapper.find('.card-body + img').exists()).toBe(true)"
/home/gabriel/Disk/Research/research-javascript-test-smells/repositories/bootstrap-vue-dev/src/components/card/card.spec.js,Magic Number,"{'line': 275, 'column': 42, 'index': 7623}","  273 |     expect(wrapper.element.tagName).toBe('DIV')
  274 |     expect(wrapper.classes()).toContain('card')
> 275 |     expect(wrapper.classes().length).toBe(1)
      |                                          ^ Magic Number
  276 |
  277 |     expect(wrapper.findAll('img').length).toBe(1)
  278 |     const $img = wrapper.find('img')"
/home/gabriel/Disk/Research/research-javascript-test-smells/repositories/bootstrap-vue-dev/src/components/card/card.spec.js,Magic Number,"{'line': 277, 'column': 47, 'index': 7674}","  275 |     expect(wrapper.classes().length).toBe(1)
  276 |
> 277 |     expect(wrapper.findAll('img').length).toBe(1)
      |                                               ^ Magic Number
  278 |     const $img = wrapper.find('img')
  279 |     expect($img.element.tagName).toBe('IMG')
  280 |     expect($img.attributes('src')).toBe('/foo/bar')"
/home/gabriel/Disk/Research/research-javascript-test-smells/repositories/bootstrap-vue-dev/src/components/card/card.spec.js,Magic Number,"{'line': 283, 'column': 39, 'index': 7949}","  281 |     expect($img.attributes('alt')).toBe('foobar')
  282 |     expect($img.classes()).toContain('card-img')
> 283 |     expect($img.classes().length).toBe(1)
      |                                       ^ Magic Number
  284 |
  285 |     expect(wrapper.findAll('.card-body').length).toBe(1)
  286 |     const $body = wrapper.find('.card-body')"
/home/gabriel/Disk/Research/research-javascript-test-smells/repositories/bootstrap-vue-dev/src/components/card/card.spec.js,Magic Number,"{'line': 285, 'column': 54, 'index': 8007}","  283 |     expect($img.classes().length).toBe(1)
  284 |
> 285 |     expect(wrapper.findAll('.card-body').length).toBe(1)
      |                                                      ^ Magic Number
  286 |     const $body = wrapper.find('.card-body')
  287 |     expect($body.classes()).toContain('card-body')
  288 |     expect($body.classes()).toContain('card-img-overlay')"
/home/gabriel/Disk/Research/research-javascript-test-smells/repositories/bootstrap-vue-dev/src/components/card/card.spec.js,Magic Number,"{'line': 289, 'column': 40, 'index': 8204}","  287 |     expect($body.classes()).toContain('card-body')
  288 |     expect($body.classes()).toContain('card-img-overlay')
> 289 |     expect($body.classes().length).toBe(2)
      |                                        ^ Magic Number
  290 |
  291 |     // Expected order
  292 |     expect(wrapper.find('img + .card-body').exists()).toBe(true)"
/home/gabriel/Disk/Research/research-javascript-test-smells/repositories/bootstrap-vue-dev/src/components/card/card-title.spec.js,Magic Number,"{'line': 17, 'column': 42, 'index': 460}","  15 |
  16 |     expect(wrapper.classes()).toContain('card-title')
> 17 |     expect(wrapper.classes().length).toBe(1)
     |                                          ^ Magic Number
  18 |
  19 |     wrapper.destroy()
  20 |   })"
/home/gabriel/Disk/Research/research-javascript-test-smells/repositories/bootstrap-vue-dev/src/components/card/card-text.spec.js,Duplicate Assert,"{'line': 43, 'column': 4, 'index': 905}","  41 |     })
  42 |
> 43 |     expect(wrapper.classes()).toContain('card-text')
     |    ^ Duplicate Assert
  44 |     expect(wrapper.classes()).toContain('foobar')
  45 |
  46 |     wrapper.destroy()"
/home/gabriel/Disk/Research/research-javascript-test-smells/repositories/bootstrap-vue-dev/src/components/card/card-text.spec.js,Duplicate Assert,"{'line': 44, 'column': 4, 'index': 958}","  42 |
  43 |     expect(wrapper.classes()).toContain('card-text')
> 44 |     expect(wrapper.classes()).toContain('foobar')
     |    ^ Duplicate Assert
  45 |
  46 |     wrapper.destroy()
  47 |   })"
/home/gabriel/Disk/Research/research-javascript-test-smells/repositories/bootstrap-vue-dev/src/components/card/card-sub-title.spec.js,Duplicate Assert,"{'line': 16, 'column': 4, 'index': 405}","  14 |     const wrapper = mount(BCardSubTitle)
  15 |
> 16 |     expect(wrapper.classes()).toContain('card-subtitle')
     |    ^ Duplicate Assert
  17 |     expect(wrapper.classes()).toContain('text-muted')
  18 |     expect(wrapper.classes().length).toBe(2)
  19 |"
/home/gabriel/Disk/Research/research-javascript-test-smells/repositories/bootstrap-vue-dev/src/components/card/card-sub-title.spec.js,Duplicate Assert,"{'line': 17, 'column': 4, 'index': 462}","  15 |
  16 |     expect(wrapper.classes()).toContain('card-subtitle')
> 17 |     expect(wrapper.classes()).toContain('text-muted')
     |    ^ Duplicate Assert
  18 |     expect(wrapper.classes().length).toBe(2)
  19 |
  20 |     wrapper.destroy()"
/home/gabriel/Disk/Research/research-javascript-test-smells/repositories/bootstrap-vue-dev/src/components/card/card-sub-title.spec.js,Duplicate Assert,"{'line': 42, 'column': 4, 'index': 1001}","  40 |     })
  41 |
> 42 |     expect(wrapper.classes()).toContain('card-subtitle')
     |    ^ Duplicate Assert
  43 |     expect(wrapper.classes()).toContain('text-info')
  44 |     expect(wrapper.classes().length).toBe(2)
  45 |"
/home/gabriel/Disk/Research/research-javascript-test-smells/repositories/bootstrap-vue-dev/src/components/card/card-sub-title.spec.js,Duplicate Assert,"{'line': 43, 'column': 4, 'index': 1058}","  41 |
  42 |     expect(wrapper.classes()).toContain('card-subtitle')
> 43 |     expect(wrapper.classes()).toContain('text-info')
     |    ^ Duplicate Assert
  44 |     expect(wrapper.classes().length).toBe(2)
  45 |
  46 |     wrapper.destroy()"
/home/gabriel/Disk/Research/research-javascript-test-smells/repositories/bootstrap-vue-dev/src/components/card/card-sub-title.spec.js,Magic Number,"{'line': 18, 'column': 42, 'index': 554}","  16 |     expect(wrapper.classes()).toContain('card-subtitle')
  17 |     expect(wrapper.classes()).toContain('text-muted')
> 18 |     expect(wrapper.classes().length).toBe(2)
     |                                          ^ Magic Number
  19 |
  20 |     wrapper.destroy()
  21 |   })"
/home/gabriel/Disk/Research/research-javascript-test-smells/repositories/bootstrap-vue-dev/src/components/card/card-sub-title.spec.js,Magic Number,"{'line': 44, 'column': 42, 'index': 1149}","  42 |     expect(wrapper.classes()).toContain('card-subtitle')
  43 |     expect(wrapper.classes()).toContain('text-info')
> 44 |     expect(wrapper.classes().length).toBe(2)
     |                                          ^ Magic Number
  45 |
  46 |     wrapper.destroy()
  47 |   })"
/home/gabriel/Disk/Research/research-javascript-test-smells/repositories/bootstrap-vue-dev/src/components/card/card-img.spec.js,Duplicate Assert,"{'line': 155, 'column': 4, 'index': 3630}","  153 |     })
  154 |
> 155 |     expect(wrapper.attributes('alt')).toBeDefined()
      |    ^ Duplicate Assert
  156 |     expect(wrapper.attributes('alt')).toBe('image')
  157 |
  158 |     wrapper.destroy()"
/home/gabriel/Disk/Research/research-javascript-test-smells/repositories/bootstrap-vue-dev/src/components/card/card-img.spec.js,Duplicate Assert,"{'line': 156, 'column': 4, 'index': 3682}","  154 |
  155 |     expect(wrapper.attributes('alt')).toBeDefined()
> 156 |     expect(wrapper.attributes('alt')).toBe('image')
      |    ^ Duplicate Assert
  157 |
  158 |     wrapper.destroy()
  159 |   })"
/home/gabriel/Disk/Research/research-javascript-test-smells/repositories/bootstrap-vue-dev/src/components/card/card-img.spec.js,Duplicate Assert,"{'line': 171, 'column': 4, 'index': 4002}","  169 |     })
  170 |
> 171 |     expect(wrapper.attributes('alt')).toBeDefined()
      |    ^ Duplicate Assert
  172 |     expect(wrapper.attributes('alt')).toBe('')
  173 |
  174 |     wrapper.destroy()"
/home/gabriel/Disk/Research/research-javascript-test-smells/repositories/bootstrap-vue-dev/src/components/card/card-img.spec.js,Duplicate Assert,"{'line': 172, 'column': 4, 'index': 4054}","  170 |
  171 |     expect(wrapper.attributes('alt')).toBeDefined()
> 172 |     expect(wrapper.attributes('alt')).toBe('')
      |    ^ Duplicate Assert
  173 |
  174 |     wrapper.destroy()
  175 |   })"
/home/gabriel/Disk/Research/research-javascript-test-smells/repositories/bootstrap-vue-dev/src/components/card/card-img.spec.js,Duplicate Assert,"{'line': 187, 'column': 4, 'index': 4371}","  185 |     })
  186 |
> 187 |     expect(wrapper.attributes('width')).toBeDefined()
      |    ^ Duplicate Assert
  188 |     expect(wrapper.attributes('width')).toBe('600')
  189 |
  190 |     wrapper.destroy()"
/home/gabriel/Disk/Research/research-javascript-test-smells/repositories/bootstrap-vue-dev/src/components/card/card-img.spec.js,Duplicate Assert,"{'line': 188, 'column': 4, 'index': 4425}","  186 |
  187 |     expect(wrapper.attributes('width')).toBeDefined()
> 188 |     expect(wrapper.attributes('width')).toBe('600')
      |    ^ Duplicate Assert
  189 |
  190 |     wrapper.destroy()
  191 |   })"
/home/gabriel/Disk/Research/research-javascript-test-smells/repositories/bootstrap-vue-dev/src/components/card/card-img.spec.js,Duplicate Assert,"{'line': 203, 'column': 4, 'index': 4750}","  201 |     })
  202 |
> 203 |     expect(wrapper.attributes('height')).toBeDefined()
      |    ^ Duplicate Assert
  204 |     expect(wrapper.attributes('height')).toBe('300')
  205 |
  206 |     wrapper.destroy()"
/home/gabriel/Disk/Research/research-javascript-test-smells/repositories/bootstrap-vue-dev/src/components/card/card-img.spec.js,Duplicate Assert,"{'line': 204, 'column': 4, 'index': 4805}","  202 |
  203 |     expect(wrapper.attributes('height')).toBeDefined()
> 204 |     expect(wrapper.attributes('height')).toBe('300')
      |    ^ Duplicate Assert
  205 |
  206 |     wrapper.destroy()
  207 |   })"
/home/gabriel/Disk/Research/research-javascript-test-smells/repositories/bootstrap-vue-dev/src/components/card/card-img.spec.js,Magic Number,"{'line': 59, 'column': 42, 'index': 1432}","  57 |
  58 |     expect(wrapper.classes()).toContain('card-img')
> 59 |     expect(wrapper.classes().length).toBe(1)
     |                                          ^ Magic Number
  60 |
  61 |     wrapper.destroy()
  62 |   })"
/home/gabriel/Disk/Research/research-javascript-test-smells/repositories/bootstrap-vue-dev/src/components/card/card-img.spec.js,Magic Number,"{'line': 75, 'column': 42, 'index': 1804}","  73 |
  74 |     expect(wrapper.classes()).toContain('card-img-top')
> 75 |     expect(wrapper.classes().length).toBe(1)
     |                                          ^ Magic Number
  76 |
  77 |     wrapper.destroy()
  78 |   })"
/home/gabriel/Disk/Research/research-javascript-test-smells/repositories/bootstrap-vue-dev/src/components/card/card-img.spec.js,Magic Number,"{'line': 91, 'column': 42, 'index': 2188}","  89 |
  90 |     expect(wrapper.classes()).toContain('card-img-bottom')
> 91 |     expect(wrapper.classes().length).toBe(1)
     |                                          ^ Magic Number
  92 |
  93 |     wrapper.destroy()
  94 |   })"
/home/gabriel/Disk/Research/research-javascript-test-smells/repositories/bootstrap-vue-dev/src/components/card/card-img.spec.js,Magic Number,"{'line': 108, 'column': 42, 'index': 2601}","  106 |
  107 |     expect(wrapper.classes()).toContain('card-img-top')
> 108 |     expect(wrapper.classes().length).toBe(1)
      |                                          ^ Magic Number
  109 |
  110 |     wrapper.destroy()
  111 |   })"
/home/gabriel/Disk/Research/research-javascript-test-smells/repositories/bootstrap-vue-dev/src/components/card/card-img.spec.js,Magic Number,"{'line': 124, 'column': 42, 'index': 2977}","  122 |
  123 |     expect(wrapper.classes()).toContain('card-img-left')
> 124 |     expect(wrapper.classes().length).toBe(1)
      |                                          ^ Magic Number
  125 |
  126 |     wrapper.destroy()
  127 |   })"
/home/gabriel/Disk/Research/research-javascript-test-smells/repositories/bootstrap-vue-dev/src/components/card/card-img.spec.js,Magic Number,"{'line': 140, 'column': 42, 'index': 3357}","  138 |
  139 |     expect(wrapper.classes()).toContain('card-img-right')
> 140 |     expect(wrapper.classes().length).toBe(1)
      |                                          ^ Magic Number
  141 |
  142 |     wrapper.destroy()
  143 |   })"
/home/gabriel/Disk/Research/research-javascript-test-smells/repositories/bootstrap-vue-dev/src/components/card/card-img-lazy.spec.js,Duplicate Assert,"{'line': 43, 'column': 4, 'index': 985}","  41 |     })
  42 |
> 43 |     expect(wrapper.attributes('width')).toBeDefined()
     |    ^ Duplicate Assert
  44 |     expect(wrapper.attributes('width')).toBe('1')
  45 |     expect(wrapper.attributes('height')).toBeDefined()
  46 |     expect(wrapper.attributes('height')).toBe('1')"
/home/gabriel/Disk/Research/research-javascript-test-smells/repositories/bootstrap-vue-dev/src/components/card/card-img-lazy.spec.js,Duplicate Assert,"{'line': 44, 'column': 4, 'index': 1039}","  42 |
  43 |     expect(wrapper.attributes('width')).toBeDefined()
> 44 |     expect(wrapper.attributes('width')).toBe('1')
     |    ^ Duplicate Assert
  45 |     expect(wrapper.attributes('height')).toBeDefined()
  46 |     expect(wrapper.attributes('height')).toBe('1')
  47 |"
/home/gabriel/Disk/Research/research-javascript-test-smells/repositories/bootstrap-vue-dev/src/components/card/card-img-lazy.spec.js,Duplicate Assert,"{'line': 45, 'column': 4, 'index': 1089}","  43 |     expect(wrapper.attributes('width')).toBeDefined()
  44 |     expect(wrapper.attributes('width')).toBe('1')
> 45 |     expect(wrapper.attributes('height')).toBeDefined()
     |    ^ Duplicate Assert
  46 |     expect(wrapper.attributes('height')).toBe('1')
  47 |
  48 |     wrapper.destroy()"
/home/gabriel/Disk/Research/research-javascript-test-smells/repositories/bootstrap-vue-dev/src/components/card/card-img-lazy.spec.js,Duplicate Assert,"{'line': 46, 'column': 4, 'index': 1144}","  44 |     expect(wrapper.attributes('width')).toBe('1')
  45 |     expect(wrapper.attributes('height')).toBeDefined()
> 46 |     expect(wrapper.attributes('height')).toBe('1')
     |    ^ Duplicate Assert
  47 |
  48 |     wrapper.destroy()
  49 |   })"
/home/gabriel/Disk/Research/research-javascript-test-smells/repositories/bootstrap-vue-dev/src/components/card/card-img-lazy.spec.js,Duplicate Assert,"{'line': 151, 'column': 4, 'index': 3476}","  149 |     })
  150 |
> 151 |     expect(wrapper.attributes('alt')).toBeDefined()
      |    ^ Duplicate Assert
  152 |     expect(wrapper.attributes('alt')).toBe('image')
  153 |
  154 |     wrapper.destroy()"
/home/gabriel/Disk/Research/research-javascript-test-smells/repositories/bootstrap-vue-dev/src/components/card/card-img-lazy.spec.js,Duplicate Assert,"{'line': 152, 'column': 4, 'index': 3528}","  150 |
  151 |     expect(wrapper.attributes('alt')).toBeDefined()
> 152 |     expect(wrapper.attributes('alt')).toBe('image')
      |    ^ Duplicate Assert
  153 |
  154 |     wrapper.destroy()
  155 |   })"
/home/gabriel/Disk/Research/research-javascript-test-smells/repositories/bootstrap-vue-dev/src/components/card/card-img-lazy.spec.js,Duplicate Assert,"{'line': 167, 'column': 4, 'index': 3852}","  165 |     })
  166 |
> 167 |     expect(wrapper.attributes('alt')).toBeDefined()
      |    ^ Duplicate Assert
  168 |     expect(wrapper.attributes('alt')).toBe('')
  169 |
  170 |     wrapper.destroy()"
/home/gabriel/Disk/Research/research-javascript-test-smells/repositories/bootstrap-vue-dev/src/components/card/card-img-lazy.spec.js,Duplicate Assert,"{'line': 168, 'column': 4, 'index': 3904}","  166 |
  167 |     expect(wrapper.attributes('alt')).toBeDefined()
> 168 |     expect(wrapper.attributes('alt')).toBe('')
      |    ^ Duplicate Assert
  169 |
  170 |     wrapper.destroy()
  171 |   })"
/home/gabriel/Disk/Research/research-javascript-test-smells/repositories/bootstrap-vue-dev/src/components/card/card-img-lazy.spec.js,Duplicate Assert,"{'line': 183, 'column': 4, 'index': 4225}","  181 |     })
  182 |
> 183 |     expect(wrapper.attributes('width')).toBeDefined()
      |    ^ Duplicate Assert
  184 |     expect(wrapper.attributes('width')).toBe('600')
  185 |
  186 |     wrapper.destroy()"
/home/gabriel/Disk/Research/research-javascript-test-smells/repositories/bootstrap-vue-dev/src/components/card/card-img-lazy.spec.js,Duplicate Assert,"{'line': 184, 'column': 4, 'index': 4279}","  182 |
  183 |     expect(wrapper.attributes('width')).toBeDefined()
> 184 |     expect(wrapper.attributes('width')).toBe('600')
      |    ^ Duplicate Assert
  185 |
  186 |     wrapper.destroy()
  187 |   })"
/home/gabriel/Disk/Research/research-javascript-test-smells/repositories/bootstrap-vue-dev/src/components/card/card-img-lazy.spec.js,Duplicate Assert,"{'line': 199, 'column': 4, 'index': 4608}","  197 |     })
  198 |
> 199 |     expect(wrapper.attributes('height')).toBeDefined()
      |    ^ Duplicate Assert
  200 |     expect(wrapper.attributes('height')).toBe('300')
  201 |
  202 |     wrapper.destroy()"
/home/gabriel/Disk/Research/research-javascript-test-smells/repositories/bootstrap-vue-dev/src/components/card/card-img-lazy.spec.js,Duplicate Assert,"{'line': 200, 'column': 4, 'index': 4663}","  198 |
  199 |     expect(wrapper.attributes('height')).toBeDefined()
> 200 |     expect(wrapper.attributes('height')).toBe('300')
      |    ^ Duplicate Assert
  201 |
  202 |     wrapper.destroy()
  203 |   })"
/home/gabriel/Disk/Research/research-javascript-test-smells/repositories/bootstrap-vue-dev/src/components/card/card-header.spec.js,Duplicate Assert,"{'line': 44, 'column': 4, 'index': 1023}","  42 |     })
  43 |
> 44 |     expect(wrapper.classes()).toContain('card-header')
     |    ^ Duplicate Assert
  45 |     expect(wrapper.classes()).toContain('bg-info')
  46 |     expect(wrapper.classes().length).toBe(2)
  47 |"
/home/gabriel/Disk/Research/research-javascript-test-smells/repositories/bootstrap-vue-dev/src/components/card/card-header.spec.js,Duplicate Assert,"{'line': 45, 'column': 4, 'index': 1078}","  43 |
  44 |     expect(wrapper.classes()).toContain('card-header')
> 45 |     expect(wrapper.classes()).toContain('bg-info')
     |    ^ Duplicate Assert
  46 |     expect(wrapper.classes().length).toBe(2)
  47 |
  48 |     wrapper.destroy()"
/home/gabriel/Disk/Research/research-javascript-test-smells/repositories/bootstrap-vue-dev/src/components/card/card-header.spec.js,Duplicate Assert,"{'line': 58, 'column': 4, 'index': 1397}","  56 |     })
  57 |
> 58 |     expect(wrapper.classes()).toContain('card-header')
     |    ^ Duplicate Assert
  59 |     expect(wrapper.classes()).toContain('text-info')
  60 |     expect(wrapper.classes().length).toBe(2)
  61 |"
/home/gabriel/Disk/Research/research-javascript-test-smells/repositories/bootstrap-vue-dev/src/components/card/card-header.spec.js,Duplicate Assert,"{'line': 59, 'column': 4, 'index': 1452}","  57 |
  58 |     expect(wrapper.classes()).toContain('card-header')
> 59 |     expect(wrapper.classes()).toContain('text-info')
     |    ^ Duplicate Assert
  60 |     expect(wrapper.classes().length).toBe(2)
  61 |
  62 |     wrapper.destroy()"
/home/gabriel/Disk/Research/research-javascript-test-smells/repositories/bootstrap-vue-dev/src/components/card/card-header.spec.js,Duplicate Assert,"{'line': 72, 'column': 4, 'index': 1779}","  70 |     })
  71 |
> 72 |     expect(wrapper.classes()).toContain('card-header')
     |    ^ Duplicate Assert
  73 |     expect(wrapper.classes()).toContain('border-info')
  74 |     expect(wrapper.classes().length).toBe(2)
  75 |"
/home/gabriel/Disk/Research/research-javascript-test-smells/repositories/bootstrap-vue-dev/src/components/card/card-header.spec.js,Duplicate Assert,"{'line': 73, 'column': 4, 'index': 1834}","  71 |
  72 |     expect(wrapper.classes()).toContain('card-header')
> 73 |     expect(wrapper.classes()).toContain('border-info')
     |    ^ Duplicate Assert
  74 |     expect(wrapper.classes().length).toBe(2)
  75 |
  76 |     wrapper.destroy()"
/home/gabriel/Disk/Research/research-javascript-test-smells/repositories/bootstrap-vue-dev/src/components/card/card-header.spec.js,Duplicate Assert,"{'line': 90, 'column': 4, 'index': 2249}","  88 |     })
  89 |
> 90 |     expect(wrapper.classes()).toContain('card-header')
     |    ^ Duplicate Assert
  91 |     expect(wrapper.classes()).toContain('text-info')
  92 |     expect(wrapper.classes()).toContain('bg-danger')
  93 |     expect(wrapper.classes()).toContain('border-dark')"
/home/gabriel/Disk/Research/research-javascript-test-smells/repositories/bootstrap-vue-dev/src/components/card/card-header.spec.js,Duplicate Assert,"{'line': 91, 'column': 4, 'index': 2304}","  89 |
  90 |     expect(wrapper.classes()).toContain('card-header')
> 91 |     expect(wrapper.classes()).toContain('text-info')
     |    ^ Duplicate Assert
  92 |     expect(wrapper.classes()).toContain('bg-danger')
  93 |     expect(wrapper.classes()).toContain('border-dark')
  94 |     expect(wrapper.classes().length).toBe(4)"
/home/gabriel/Disk/Research/research-javascript-test-smells/repositories/bootstrap-vue-dev/src/components/card/card-header.spec.js,Duplicate Assert,"{'line': 92, 'column': 4, 'index': 2357}","  90 |     expect(wrapper.classes()).toContain('card-header')
  91 |     expect(wrapper.classes()).toContain('text-info')
> 92 |     expect(wrapper.classes()).toContain('bg-danger')
     |    ^ Duplicate Assert
  93 |     expect(wrapper.classes()).toContain('border-dark')
  94 |     expect(wrapper.classes().length).toBe(4)
  95 |"
/home/gabriel/Disk/Research/research-javascript-test-smells/repositories/bootstrap-vue-dev/src/components/card/card-header.spec.js,Duplicate Assert,"{'line': 93, 'column': 4, 'index': 2410}","  91 |     expect(wrapper.classes()).toContain('text-info')
  92 |     expect(wrapper.classes()).toContain('bg-danger')
> 93 |     expect(wrapper.classes()).toContain('border-dark')
     |    ^ Duplicate Assert
  94 |     expect(wrapper.classes().length).toBe(4)
  95 |
  96 |     wrapper.destroy()"
/home/gabriel/Disk/Research/research-javascript-test-smells/repositories/bootstrap-vue-dev/src/components/card/card-header.spec.js,Magic Number,"{'line': 17, 'column': 42, 'index': 460}","  15 |
  16 |     expect(wrapper.classes()).toContain('card-header')
> 17 |     expect(wrapper.classes().length).toBe(1)
     |                                          ^ Magic Number
  18 |
  19 |     wrapper.destroy()
  20 |   })"
/home/gabriel/Disk/Research/research-javascript-test-smells/repositories/bootstrap-vue-dev/src/components/card/card-header.spec.js,Magic Number,"{'line': 46, 'column': 42, 'index': 1167}","  44 |     expect(wrapper.classes()).toContain('card-header')
  45 |     expect(wrapper.classes()).toContain('bg-info')
> 46 |     expect(wrapper.classes().length).toBe(2)
     |                                          ^ Magic Number
  47 |
  48 |     wrapper.destroy()
  49 |   })"
/home/gabriel/Disk/Research/research-javascript-test-smells/repositories/bootstrap-vue-dev/src/components/card/card-header.spec.js,Magic Number,"{'line': 60, 'column': 42, 'index': 1543}","  58 |     expect(wrapper.classes()).toContain('card-header')
  59 |     expect(wrapper.classes()).toContain('text-info')
> 60 |     expect(wrapper.classes().length).toBe(2)
     |                                          ^ Magic Number
  61 |
  62 |     wrapper.destroy()
  63 |   })"
/home/gabriel/Disk/Research/research-javascript-test-smells/repositories/bootstrap-vue-dev/src/components/card/card-header.spec.js,Magic Number,"{'line': 74, 'column': 42, 'index': 1927}","  72 |     expect(wrapper.classes()).toContain('card-header')
  73 |     expect(wrapper.classes()).toContain('border-info')
> 74 |     expect(wrapper.classes().length).toBe(2)
     |                                          ^ Magic Number
  75 |
  76 |     wrapper.destroy()
  77 |   })"
/home/gabriel/Disk/Research/research-javascript-test-smells/repositories/bootstrap-vue-dev/src/components/card/card-header.spec.js,Magic Number,"{'line': 94, 'column': 42, 'index': 2503}","  92 |     expect(wrapper.classes()).toContain('bg-danger')
  93 |     expect(wrapper.classes()).toContain('border-dark')
> 94 |     expect(wrapper.classes().length).toBe(4)
     |                                          ^ Magic Number
  95 |
  96 |     wrapper.destroy()
  97 |   })"
/home/gabriel/Disk/Research/research-javascript-test-smells/repositories/bootstrap-vue-dev/src/components/card/card-group.spec.js,Duplicate Assert,"{'line': 70, 'column': 4, 'index': 1556}","  68 |     })
  69 |
> 70 |     expect(wrapper.classes()).toContain('card-group')
     |    ^ Duplicate Assert
  71 |     expect(wrapper.classes()).toContain('foobar')
  72 |
  73 |     wrapper.destroy()"
/home/gabriel/Disk/Research/research-javascript-test-smells/repositories/bootstrap-vue-dev/src/components/card/card-group.spec.js,Duplicate Assert,"{'line': 71, 'column': 4, 'index': 1610}","  69 |
  70 |     expect(wrapper.classes()).toContain('card-group')
> 71 |     expect(wrapper.classes()).toContain('foobar')
     |    ^ Duplicate Assert
  72 |
  73 |     wrapper.destroy()
  74 |   })"
/home/gabriel/Disk/Research/research-javascript-test-smells/repositories/bootstrap-vue-dev/src/components/card/card-group.spec.js,Magic Number,"{'line': 17, 'column': 42, 'index': 453}","  15 |
  16 |     expect(wrapper.classes()).toContain('card-group')
> 17 |     expect(wrapper.classes().length).toBe(1)
     |                                          ^ Magic Number
  18 |
  19 |     wrapper.destroy()
  20 |   })"
/home/gabriel/Disk/Research/research-javascript-test-smells/repositories/bootstrap-vue-dev/src/components/card/card-group.spec.js,Magic Number,"{'line': 45, 'column': 42, 'index': 1072}","  43 |
  44 |     expect(wrapper.classes()).toContain('card-deck')
> 45 |     expect(wrapper.classes().length).toBe(1)
     |                                          ^ Magic Number
  46 |
  47 |     wrapper.destroy()
  48 |   })"
/home/gabriel/Disk/Research/research-javascript-test-smells/repositories/bootstrap-vue-dev/src/components/card/card-group.spec.js,Magic Number,"{'line': 58, 'column': 42, 'index': 1376}","  56 |
  57 |     expect(wrapper.classes()).toContain('card-columns')
> 58 |     expect(wrapper.classes().length).toBe(1)
     |                                          ^ Magic Number
  59 |
  60 |     wrapper.destroy()
  61 |   })"
/home/gabriel/Disk/Research/research-javascript-test-smells/repositories/bootstrap-vue-dev/src/components/card/card-footer.spec.js,Duplicate Assert,"{'line': 44, 'column': 4, 'index': 1023}","  42 |     })
  43 |
> 44 |     expect(wrapper.classes()).toContain('card-footer')
     |    ^ Duplicate Assert
  45 |     expect(wrapper.classes()).toContain('bg-info')
  46 |     expect(wrapper.classes().length).toBe(2)
  47 |"
/home/gabriel/Disk/Research/research-javascript-test-smells/repositories/bootstrap-vue-dev/src/components/card/card-footer.spec.js,Duplicate Assert,"{'line': 45, 'column': 4, 'index': 1078}","  43 |
  44 |     expect(wrapper.classes()).toContain('card-footer')
> 45 |     expect(wrapper.classes()).toContain('bg-info')
     |    ^ Duplicate Assert
  46 |     expect(wrapper.classes().length).toBe(2)
  47 |
  48 |     wrapper.destroy()"
/home/gabriel/Disk/Research/research-javascript-test-smells/repositories/bootstrap-vue-dev/src/components/card/card-footer.spec.js,Duplicate Assert,"{'line': 58, 'column': 4, 'index': 1397}","  56 |     })
  57 |
> 58 |     expect(wrapper.classes()).toContain('card-footer')
     |    ^ Duplicate Assert
  59 |     expect(wrapper.classes()).toContain('text-info')
  60 |     expect(wrapper.classes().length).toBe(2)
  61 |"
/home/gabriel/Disk/Research/research-javascript-test-smells/repositories/bootstrap-vue-dev/src/components/card/card-footer.spec.js,Duplicate Assert,"{'line': 59, 'column': 4, 'index': 1452}","  57 |
  58 |     expect(wrapper.classes()).toContain('card-footer')
> 59 |     expect(wrapper.classes()).toContain('text-info')
     |    ^ Duplicate Assert
  60 |     expect(wrapper.classes().length).toBe(2)
  61 |
  62 |     wrapper.destroy()"
/home/gabriel/Disk/Research/research-javascript-test-smells/repositories/bootstrap-vue-dev/src/components/card/card-footer.spec.js,Duplicate Assert,"{'line': 72, 'column': 4, 'index': 1779}","  70 |     })
  71 |
> 72 |     expect(wrapper.classes()).toContain('card-footer')
     |    ^ Duplicate Assert
  73 |     expect(wrapper.classes()).toContain('border-info')
  74 |     expect(wrapper.classes().length).toBe(2)
  75 |"
/home/gabriel/Disk/Research/research-javascript-test-smells/repositories/bootstrap-vue-dev/src/components/card/card-footer.spec.js,Duplicate Assert,"{'line': 73, 'column': 4, 'index': 1834}","  71 |
  72 |     expect(wrapper.classes()).toContain('card-footer')
> 73 |     expect(wrapper.classes()).toContain('border-info')
     |    ^ Duplicate Assert
  74 |     expect(wrapper.classes().length).toBe(2)
  75 |
  76 |     wrapper.destroy()"
/home/gabriel/Disk/Research/research-javascript-test-smells/repositories/bootstrap-vue-dev/src/components/card/card-footer.spec.js,Duplicate Assert,"{'line': 90, 'column': 4, 'index': 2249}","  88 |     })
  89 |
> 90 |     expect(wrapper.classes()).toContain('card-footer')
     |    ^ Duplicate Assert
  91 |     expect(wrapper.classes()).toContain('text-info')
  92 |     expect(wrapper.classes()).toContain('bg-danger')
  93 |     expect(wrapper.classes()).toContain('border-dark')"
/home/gabriel/Disk/Research/research-javascript-test-smells/repositories/bootstrap-vue-dev/src/components/card/card-footer.spec.js,Duplicate Assert,"{'line': 91, 'column': 4, 'index': 2304}","  89 |
  90 |     expect(wrapper.classes()).toContain('card-footer')
> 91 |     expect(wrapper.classes()).toContain('text-info')
     |    ^ Duplicate Assert
  92 |     expect(wrapper.classes()).toContain('bg-danger')
  93 |     expect(wrapper.classes()).toContain('border-dark')
  94 |     expect(wrapper.classes().length).toBe(4)"
/home/gabriel/Disk/Research/research-javascript-test-smells/repositories/bootstrap-vue-dev/src/components/card/card-footer.spec.js,Duplicate Assert,"{'line': 92, 'column': 4, 'index': 2357}","  90 |     expect(wrapper.classes()).toContain('card-footer')
  91 |     expect(wrapper.classes()).toContain('text-info')
> 92 |     expect(wrapper.classes()).toContain('bg-danger')
     |    ^ Duplicate Assert
  93 |     expect(wrapper.classes()).toContain('border-dark')
  94 |     expect(wrapper.classes().length).toBe(4)
  95 |"
/home/gabriel/Disk/Research/research-javascript-test-smells/repositories/bootstrap-vue-dev/src/components/card/card-footer.spec.js,Duplicate Assert,"{'line': 93, 'column': 4, 'index': 2410}","  91 |     expect(wrapper.classes()).toContain('text-info')
  92 |     expect(wrapper.classes()).toContain('bg-danger')
> 93 |     expect(wrapper.classes()).toContain('border-dark')
     |    ^ Duplicate Assert
  94 |     expect(wrapper.classes().length).toBe(4)
  95 |
  96 |     wrapper.destroy()"
/home/gabriel/Disk/Research/research-javascript-test-smells/repositories/bootstrap-vue-dev/src/components/card/card-footer.spec.js,Magic Number,"{'line': 17, 'column': 42, 'index': 460}","  15 |
  16 |     expect(wrapper.classes()).toContain('card-footer')
> 17 |     expect(wrapper.classes().length).toBe(1)
     |                                          ^ Magic Number
  18 |
  19 |     wrapper.destroy()
  20 |   })"
/home/gabriel/Disk/Research/research-javascript-test-smells/repositories/bootstrap-vue-dev/src/components/card/card-footer.spec.js,Magic Number,"{'line': 46, 'column': 42, 'index': 1167}","  44 |     expect(wrapper.classes()).toContain('card-footer')
  45 |     expect(wrapper.classes()).toContain('bg-info')
> 46 |     expect(wrapper.classes().length).toBe(2)
     |                                          ^ Magic Number
  47 |
  48 |     wrapper.destroy()
  49 |   })"
/home/gabriel/Disk/Research/research-javascript-test-smells/repositories/bootstrap-vue-dev/src/components/card/card-footer.spec.js,Magic Number,"{'line': 60, 'column': 42, 'index': 1543}","  58 |     expect(wrapper.classes()).toContain('card-footer')
  59 |     expect(wrapper.classes()).toContain('text-info')
> 60 |     expect(wrapper.classes().length).toBe(2)
     |                                          ^ Magic Number
  61 |
  62 |     wrapper.destroy()
  63 |   })"
/home/gabriel/Disk/Research/research-javascript-test-smells/repositories/bootstrap-vue-dev/src/components/card/card-footer.spec.js,Magic Number,"{'line': 74, 'column': 42, 'index': 1927}","  72 |     expect(wrapper.classes()).toContain('card-footer')
  73 |     expect(wrapper.classes()).toContain('border-info')
> 74 |     expect(wrapper.classes().length).toBe(2)
     |                                          ^ Magic Number
  75 |
  76 |     wrapper.destroy()
  77 |   })"
/home/gabriel/Disk/Research/research-javascript-test-smells/repositories/bootstrap-vue-dev/src/components/card/card-footer.spec.js,Magic Number,"{'line': 94, 'column': 42, 'index': 2503}","  92 |     expect(wrapper.classes()).toContain('bg-danger')
  93 |     expect(wrapper.classes()).toContain('border-dark')
> 94 |     expect(wrapper.classes().length).toBe(4)
     |                                          ^ Magic Number
  95 |
  96 |     wrapper.destroy()
  97 |   })"
/home/gabriel/Disk/Research/research-javascript-test-smells/repositories/bootstrap-vue-dev/src/components/card/card-body.spec.js,Duplicate Assert,"{'line': 44, 'column': 4, 'index': 997}","  42 |     })
  43 |
> 44 |     expect(wrapper.classes()).toContain('card-body')
     |    ^ Duplicate Assert
  45 |     expect(wrapper.classes()).toContain('bg-info')
  46 |     expect(wrapper.classes().length).toBe(2)
  47 |"
/home/gabriel/Disk/Research/research-javascript-test-smells/repositories/bootstrap-vue-dev/src/components/card/card-body.spec.js,Duplicate Assert,"{'line': 45, 'column': 4, 'index': 1050}","  43 |
  44 |     expect(wrapper.classes()).toContain('card-body')
> 45 |     expect(wrapper.classes()).toContain('bg-info')
     |    ^ Duplicate Assert
  46 |     expect(wrapper.classes().length).toBe(2)
  47 |
  48 |     wrapper.destroy()"
/home/gabriel/Disk/Research/research-javascript-test-smells/repositories/bootstrap-vue-dev/src/components/card/card-body.spec.js,Duplicate Assert,"{'line': 58, 'column': 4, 'index': 1363}","  56 |     })
  57 |
> 58 |     expect(wrapper.classes()).toContain('card-body')
     |    ^ Duplicate Assert
  59 |     expect(wrapper.classes()).toContain('text-info')
  60 |     expect(wrapper.classes().length).toBe(2)
  61 |"
/home/gabriel/Disk/Research/research-javascript-test-smells/repositories/bootstrap-vue-dev/src/components/card/card-body.spec.js,Duplicate Assert,"{'line': 59, 'column': 4, 'index': 1416}","  57 |
  58 |     expect(wrapper.classes()).toContain('card-body')
> 59 |     expect(wrapper.classes()).toContain('text-info')
     |    ^ Duplicate Assert
  60 |     expect(wrapper.classes().length).toBe(2)
  61 |
  62 |     wrapper.destroy()"
/home/gabriel/Disk/Research/research-javascript-test-smells/repositories/bootstrap-vue-dev/src/components/card/card-body.spec.js,Duplicate Assert,"{'line': 72, 'column': 4, 'index': 1737}","  70 |     })
  71 |
> 72 |     expect(wrapper.classes()).toContain('card-body')
     |    ^ Duplicate Assert
  73 |     expect(wrapper.classes()).toContain('border-info')
  74 |     expect(wrapper.classes().length).toBe(2)
  75 |"
/home/gabriel/Disk/Research/research-javascript-test-smells/repositories/bootstrap-vue-dev/src/components/card/card-body.spec.js,Duplicate Assert,"{'line': 73, 'column': 4, 'index': 1790}","  71 |
  72 |     expect(wrapper.classes()).toContain('card-body')
> 73 |     expect(wrapper.classes()).toContain('border-info')
     |    ^ Duplicate Assert
  74 |     expect(wrapper.classes().length).toBe(2)
  75 |
  76 |     wrapper.destroy()"
/home/gabriel/Disk/Research/research-javascript-test-smells/repositories/bootstrap-vue-dev/src/components/card/card-body.spec.js,Duplicate Assert,"{'line': 90, 'column': 4, 'index': 2197}","  88 |     })
  89 |
> 90 |     expect(wrapper.classes()).toContain('card-body')
     |    ^ Duplicate Assert
  91 |     expect(wrapper.classes()).toContain('text-info')
  92 |     expect(wrapper.classes()).toContain('bg-danger')
  93 |     expect(wrapper.classes()).toContain('border-dark')"
/home/gabriel/Disk/Research/research-javascript-test-smells/repositories/bootstrap-vue-dev/src/components/card/card-body.spec.js,Duplicate Assert,"{'line': 91, 'column': 4, 'index': 2250}","  89 |
  90 |     expect(wrapper.classes()).toContain('card-body')
> 91 |     expect(wrapper.classes()).toContain('text-info')
     |    ^ Duplicate Assert
  92 |     expect(wrapper.classes()).toContain('bg-danger')
  93 |     expect(wrapper.classes()).toContain('border-dark')
  94 |     expect(wrapper.classes().length).toBe(4)"
/home/gabriel/Disk/Research/research-javascript-test-smells/repositories/bootstrap-vue-dev/src/components/card/card-body.spec.js,Duplicate Assert,"{'line': 92, 'column': 4, 'index': 2303}","  90 |     expect(wrapper.classes()).toContain('card-body')
  91 |     expect(wrapper.classes()).toContain('text-info')
> 92 |     expect(wrapper.classes()).toContain('bg-danger')
     |    ^ Duplicate Assert
  93 |     expect(wrapper.classes()).toContain('border-dark')
  94 |     expect(wrapper.classes().length).toBe(4)
  95 |"
/home/gabriel/Disk/Research/research-javascript-test-smells/repositories/bootstrap-vue-dev/src/components/card/card-body.spec.js,Duplicate Assert,"{'line': 93, 'column': 4, 'index': 2356}","  91 |     expect(wrapper.classes()).toContain('text-info')
  92 |     expect(wrapper.classes()).toContain('bg-danger')
> 93 |     expect(wrapper.classes()).toContain('border-dark')
     |    ^ Duplicate Assert
  94 |     expect(wrapper.classes().length).toBe(4)
  95 |
  96 |     wrapper.destroy()"
/home/gabriel/Disk/Research/research-javascript-test-smells/repositories/bootstrap-vue-dev/src/components/card/card-body.spec.js,Duplicate Assert,"{'line': 108, 'column': 4, 'index': 2679}","  106 |     })
  107 |
> 108 |     expect(wrapper.classes()).toContain('card-body')
      |    ^ Duplicate Assert
  109 |     expect(wrapper.classes()).toContain('card-img-overlay')
  110 |     expect(wrapper.classes().length).toBe(2)
  111 |"
/home/gabriel/Disk/Research/research-javascript-test-smells/repositories/bootstrap-vue-dev/src/components/card/card-body.spec.js,Duplicate Assert,"{'line': 109, 'column': 4, 'index': 2732}","  107 |
  108 |     expect(wrapper.classes()).toContain('card-body')
> 109 |     expect(wrapper.classes()).toContain('card-img-overlay')
      |    ^ Duplicate Assert
  110 |     expect(wrapper.classes().length).toBe(2)
  111 |
  112 |     wrapper.destroy()"
/home/gabriel/Disk/Research/research-javascript-test-smells/repositories/bootstrap-vue-dev/src/components/card/card-body.spec.js,Magic Number,"{'line': 17, 'column': 42, 'index': 446}","  15 |
  16 |     expect(wrapper.classes()).toContain('card-body')
> 17 |     expect(wrapper.classes().length).toBe(1)
     |                                          ^ Magic Number
  18 |
  19 |     wrapper.destroy()
  20 |   })"
/home/gabriel/Disk/Research/research-javascript-test-smells/repositories/bootstrap-vue-dev/src/components/card/card-body.spec.js,Magic Number,"{'line': 46, 'column': 42, 'index': 1139}","  44 |     expect(wrapper.classes()).toContain('card-body')
  45 |     expect(wrapper.classes()).toContain('bg-info')
> 46 |     expect(wrapper.classes().length).toBe(2)
     |                                          ^ Magic Number
  47 |
  48 |     wrapper.destroy()
  49 |   })"
/home/gabriel/Disk/Research/research-javascript-test-smells/repositories/bootstrap-vue-dev/src/components/card/card-body.spec.js,Magic Number,"{'line': 60, 'column': 42, 'index': 1507}","  58 |     expect(wrapper.classes()).toContain('card-body')
  59 |     expect(wrapper.classes()).toContain('text-info')
> 60 |     expect(wrapper.classes().length).toBe(2)
     |                                          ^ Magic Number
  61 |
  62 |     wrapper.destroy()
  63 |   })"
/home/gabriel/Disk/Research/research-javascript-test-smells/repositories/bootstrap-vue-dev/src/components/card/card-body.spec.js,Magic Number,"{'line': 74, 'column': 42, 'index': 1883}","  72 |     expect(wrapper.classes()).toContain('card-body')
  73 |     expect(wrapper.classes()).toContain('border-info')
> 74 |     expect(wrapper.classes().length).toBe(2)
     |                                          ^ Magic Number
  75 |
  76 |     wrapper.destroy()
  77 |   })"
/home/gabriel/Disk/Research/research-javascript-test-smells/repositories/bootstrap-vue-dev/src/components/card/card-body.spec.js,Magic Number,"{'line': 94, 'column': 42, 'index': 2449}","  92 |     expect(wrapper.classes()).toContain('bg-danger')
  93 |     expect(wrapper.classes()).toContain('border-dark')
> 94 |     expect(wrapper.classes().length).toBe(4)
     |                                          ^ Magic Number
  95 |
  96 |     wrapper.destroy()
  97 |   })"
/home/gabriel/Disk/Research/research-javascript-test-smells/repositories/bootstrap-vue-dev/src/components/card/card-body.spec.js,Magic Number,"{'line': 110, 'column': 42, 'index': 2830}","  108 |     expect(wrapper.classes()).toContain('card-body')
  109 |     expect(wrapper.classes()).toContain('card-img-overlay')
> 110 |     expect(wrapper.classes().length).toBe(2)
      |                                          ^ Magic Number
  111 |
  112 |     wrapper.destroy()
  113 |   })"
/home/gabriel/Disk/Research/research-javascript-test-smells/repositories/bootstrap-vue-dev/src/components/calendar/calendar.spec.js,Duplicate Assert,"{'line': 75, 'column': 4, 'index': 2697}","  73 |     await waitRAF()
  74 |
> 75 |     expect(wrapper.vm.selectedYMD).toBe('2020-01-01')
     |    ^ Duplicate Assert
  76 |
  77 |     await wrapper.setProps({
  78 |       value: '2020-01-15'"
/home/gabriel/Disk/Research/research-javascript-test-smells/repositories/bootstrap-vue-dev/src/components/calendar/calendar.spec.js,Duplicate Assert,"{'line': 84, 'column': 4, 'index': 2865}","  82 |     await waitRAF()
  83 |
> 84 |     expect(wrapper.vm.selectedYMD).toBe('2020-01-15')
     |    ^ Duplicate Assert
  85 |
  86 |     wrapper.destroy()
  87 |   })"
/home/gabriel/Disk/Research/research-javascript-test-smells/repositories/bootstrap-vue-dev/src/components/calendar/calendar.spec.js,Duplicate Assert,"{'line': 106, 'column': 4, 'index': 3423}","  104 |     const $cell = wrapper.find('[data-date=""2020-01-25""]')
  105 |     expect($cell.exists()).toBe(true)
> 106 |     expect($cell.attributes('aria-selected')).toBeUndefined()
      |    ^ Duplicate Assert
  107 |     expect($cell.attributes('id')).toBeDefined()
  108 |     const $btn = $cell.find('.btn')
  109 |     expect($btn.exists()).toBe(true)"
/home/gabriel/Disk/Research/research-javascript-test-smells/repositories/bootstrap-vue-dev/src/components/calendar/calendar.spec.js,Duplicate Assert,"{'line': 107, 'column': 4, 'index': 3485}","  105 |     expect($cell.exists()).toBe(true)
  106 |     expect($cell.attributes('aria-selected')).toBeUndefined()
> 107 |     expect($cell.attributes('id')).toBeDefined()
      |    ^ Duplicate Assert
  108 |     const $btn = $cell.find('.btn')
  109 |     expect($btn.exists()).toBe(true)
  110 |     expect($cell.attributes('id')).toBeDefined()"
/home/gabriel/Disk/Research/research-javascript-test-smells/repositories/bootstrap-vue-dev/src/components/calendar/calendar.spec.js,Duplicate Assert,"{'line': 107, 'column': 4, 'index': 3485}","  105 |     expect($cell.exists()).toBe(true)
  106 |     expect($cell.attributes('aria-selected')).toBeUndefined()
> 107 |     expect($cell.attributes('id')).toBeDefined()
      |    ^ Duplicate Assert
  108 |     const $btn = $cell.find('.btn')
  109 |     expect($btn.exists()).toBe(true)
  110 |     expect($cell.attributes('id')).toBeDefined()"
/home/gabriel/Disk/Research/research-javascript-test-smells/repositories/bootstrap-vue-dev/src/components/calendar/calendar.spec.js,Duplicate Assert,"{'line': 110, 'column': 4, 'index': 3607}","  108 |     const $btn = $cell.find('.btn')
  109 |     expect($btn.exists()).toBe(true)
> 110 |     expect($cell.attributes('id')).toBeDefined()
      |    ^ Duplicate Assert
  111 |     expect($grid.attributes('aria-activedescendant')).toBeDefined()
  112 |     expect($grid.attributes('aria-activedescendant')).not.toEqual($cell.attributes('id'))
  113 |"
/home/gabriel/Disk/Research/research-javascript-test-smells/repositories/bootstrap-vue-dev/src/components/calendar/calendar.spec.js,Duplicate Assert,"{'line': 110, 'column': 4, 'index': 3607}","  108 |     const $btn = $cell.find('.btn')
  109 |     expect($btn.exists()).toBe(true)
> 110 |     expect($cell.attributes('id')).toBeDefined()
      |    ^ Duplicate Assert
  111 |     expect($grid.attributes('aria-activedescendant')).toBeDefined()
  112 |     expect($grid.attributes('aria-activedescendant')).not.toEqual($cell.attributes('id'))
  113 |"
/home/gabriel/Disk/Research/research-javascript-test-smells/repositories/bootstrap-vue-dev/src/components/calendar/calendar.spec.js,Duplicate Assert,"{'line': 111, 'column': 4, 'index': 3656}","  109 |     expect($btn.exists()).toBe(true)
  110 |     expect($cell.attributes('id')).toBeDefined()
> 111 |     expect($grid.attributes('aria-activedescendant')).toBeDefined()
      |    ^ Duplicate Assert
  112 |     expect($grid.attributes('aria-activedescendant')).not.toEqual($cell.attributes('id'))
  113 |
  114 |     await $btn.trigger('click')"
/home/gabriel/Disk/Research/research-javascript-test-smells/repositories/bootstrap-vue-dev/src/components/calendar/calendar.spec.js,Duplicate Assert,"{'line': 112, 'column': 4, 'index': 3724}","  110 |     expect($cell.attributes('id')).toBeDefined()
  111 |     expect($grid.attributes('aria-activedescendant')).toBeDefined()
> 112 |     expect($grid.attributes('aria-activedescendant')).not.toEqual($cell.attributes('id'))
      |    ^ Duplicate Assert
  113 |
  114 |     await $btn.trigger('click')
  115 |"
/home/gabriel/Disk/Research/research-javascript-test-smells/repositories/bootstrap-vue-dev/src/components/calendar/calendar.spec.js,Duplicate Assert,"{'line': 116, 'column': 4, 'index': 3848}","  114 |     await $btn.trigger('click')
  115 |
> 116 |     expect($cell.attributes('aria-selected')).toBeDefined()
      |    ^ Duplicate Assert
  117 |     expect($cell.attributes('aria-selected')).toEqual('true')
  118 |     expect($grid.attributes('aria-activedescendant')).toEqual($cell.attributes('id'))
  119 |"
/home/gabriel/Disk/Research/research-javascript-test-smells/repositories/bootstrap-vue-dev/src/components/calendar/calendar.spec.js,Duplicate Assert,"{'line': 117, 'column': 4, 'index': 3908}","  115 |
  116 |     expect($cell.attributes('aria-selected')).toBeDefined()
> 117 |     expect($cell.attributes('aria-selected')).toEqual('true')
      |    ^ Duplicate Assert
  118 |     expect($grid.attributes('aria-activedescendant')).toEqual($cell.attributes('id'))
  119 |
  120 |     wrapper.destroy()"
/home/gabriel/Disk/Research/research-javascript-test-smells/repositories/bootstrap-vue-dev/src/components/calendar/calendar.spec.js,Duplicate Assert,"{'line': 118, 'column': 4, 'index': 3970}","  116 |     expect($cell.attributes('aria-selected')).toBeDefined()
  117 |     expect($cell.attributes('aria-selected')).toEqual('true')
> 118 |     expect($grid.attributes('aria-activedescendant')).toEqual($cell.attributes('id'))
      |    ^ Duplicate Assert
  119 |
  120 |     wrapper.destroy()
  121 |   })"
/home/gabriel/Disk/Research/research-javascript-test-smells/repositories/bootstrap-vue-dev/src/components/calendar/calendar.spec.js,Duplicate Assert,"{'line': 138, 'column': 4, 'index': 4491}","  136 |     const $grid = wrapper.find('[role=""application""]')
  137 |     expect($grid.exists()).toBe(true)
> 138 |     expect($grid.attributes('data-month')).toBe('2020-02')
      |    ^ Duplicate Assert
  139 |
  140 |     const $navBtns = wrapper.findAll('.b-calendar-nav button')
  141 |     expect($navBtns.length).toBe(7)"
/home/gabriel/Disk/Research/research-javascript-test-smells/repositories/bootstrap-vue-dev/src/components/calendar/calendar.spec.js,Duplicate Assert,"{'line': 138, 'column': 4, 'index': 4491}","  136 |     const $grid = wrapper.find('[role=""application""]')
  137 |     expect($grid.exists()).toBe(true)
> 138 |     expect($grid.attributes('data-month')).toBe('2020-02')
      |    ^ Duplicate Assert
  139 |
  140 |     const $navBtns = wrapper.findAll('.b-calendar-nav button')
  141 |     expect($navBtns.length).toBe(7)"
/home/gabriel/Disk/Research/research-javascript-test-smells/repositories/bootstrap-vue-dev/src/components/calendar/calendar.spec.js,Duplicate Assert,"{'line': 145, 'column': 4, 'index': 4711}","  143 |     // Prev Month
  144 |     await $navBtns.at(2).trigger('click')
> 145 |     expect($grid.attributes('data-month')).toBe('2020-01')
      |    ^ Duplicate Assert
  146 |
  147 |     // Next Month
  148 |     await $navBtns.at(4).trigger('click')"
/home/gabriel/Disk/Research/research-javascript-test-smells/repositories/bootstrap-vue-dev/src/components/calendar/calendar.spec.js,Duplicate Assert,"{'line': 149, 'column': 4, 'index': 4831}","  147 |     // Next Month
  148 |     await $navBtns.at(4).trigger('click')
> 149 |     expect($grid.attributes('data-month')).toBe('2020-02')
      |    ^ Duplicate Assert
  150 |
  151 |     // Prev Year
  152 |     await $navBtns.at(1).trigger('click')"
/home/gabriel/Disk/Research/research-javascript-test-smells/repositories/bootstrap-vue-dev/src/components/calendar/calendar.spec.js,Duplicate Assert,"{'line': 149, 'column': 4, 'index': 4831}","  147 |     // Next Month
  148 |     await $navBtns.at(4).trigger('click')
> 149 |     expect($grid.attributes('data-month')).toBe('2020-02')
      |    ^ Duplicate Assert
  150 |
  151 |     // Prev Year
  152 |     await $navBtns.at(1).trigger('click')"
/home/gabriel/Disk/Research/research-javascript-test-smells/repositories/bootstrap-vue-dev/src/components/calendar/calendar.spec.js,Duplicate Assert,"{'line': 153, 'column': 4, 'index': 4950}","  151 |     // Prev Year
  152 |     await $navBtns.at(1).trigger('click')
> 153 |     expect($grid.attributes('data-month')).toBe('2019-02')
      |    ^ Duplicate Assert
  154 |
  155 |     // Next Year
  156 |     await $navBtns.at(5).trigger('click')"
/home/gabriel/Disk/Research/research-javascript-test-smells/repositories/bootstrap-vue-dev/src/components/calendar/calendar.spec.js,Duplicate Assert,"{'line': 157, 'column': 4, 'index': 5069}","  155 |     // Next Year
  156 |     await $navBtns.at(5).trigger('click')
> 157 |     expect($grid.attributes('data-month')).toBe('2020-02')
      |    ^ Duplicate Assert
  158 |
  159 |     // Prev Decade
  160 |     await $navBtns.at(0).trigger('click')"
/home/gabriel/Disk/Research/research-javascript-test-smells/repositories/bootstrap-vue-dev/src/components/calendar/calendar.spec.js,Duplicate Assert,"{'line': 157, 'column': 4, 'index': 5069}","  155 |     // Next Year
  156 |     await $navBtns.at(5).trigger('click')
> 157 |     expect($grid.attributes('data-month')).toBe('2020-02')
      |    ^ Duplicate Assert
  158 |
  159 |     // Prev Decade
  160 |     await $navBtns.at(0).trigger('click')"
/home/gabriel/Disk/Research/research-javascript-test-smells/repositories/bootstrap-vue-dev/src/components/calendar/calendar.spec.js,Duplicate Assert,"{'line': 161, 'column': 4, 'index': 5190}","  159 |     // Prev Decade
  160 |     await $navBtns.at(0).trigger('click')
> 161 |     expect($grid.attributes('data-month')).toBe('2010-02')
      |    ^ Duplicate Assert
  162 |
  163 |     // Next Decade
  164 |     await $navBtns.at(6).trigger('click')"
/home/gabriel/Disk/Research/research-javascript-test-smells/repositories/bootstrap-vue-dev/src/components/calendar/calendar.spec.js,Duplicate Assert,"{'line': 165, 'column': 4, 'index': 5311}","  163 |     // Next Decade
  164 |     await $navBtns.at(6).trigger('click')
> 165 |     expect($grid.attributes('data-month')).toBe('2020-02')
      |    ^ Duplicate Assert
  166 |
  167 |     // Current Month
  168 |     // Handle the rare case this test is run right at midnight where"
/home/gabriel/Disk/Research/research-javascript-test-smells/repositories/bootstrap-vue-dev/src/components/calendar/calendar.spec.js,Duplicate Assert,"{'line': 165, 'column': 4, 'index': 5311}","  163 |     // Next Decade
  164 |     await $navBtns.at(6).trigger('click')
> 165 |     expect($grid.attributes('data-month')).toBe('2020-02')
      |    ^ Duplicate Assert
  166 |
  167 |     // Current Month
  168 |     // Handle the rare case this test is run right at midnight where"
/home/gabriel/Disk/Research/research-javascript-test-smells/repositories/bootstrap-vue-dev/src/components/calendar/calendar.spec.js,Duplicate Assert,"{'line': 195, 'column': 4, 'index': 6262}","  193 |     expect($grid.element.tagName).toBe('DIV')
  194 |
> 195 |     expect(document.activeElement).not.toBe($grid.element)
      |    ^ Duplicate Assert
  196 |
  197 |     wrapper.vm.focus()
  198 |     await waitNT(wrapper.vm)"
/home/gabriel/Disk/Research/research-javascript-test-smells/repositories/bootstrap-vue-dev/src/components/calendar/calendar.spec.js,Duplicate Assert,"{'line': 195, 'column': 4, 'index': 6262}","  193 |     expect($grid.element.tagName).toBe('DIV')
  194 |
> 195 |     expect(document.activeElement).not.toBe($grid.element)
      |    ^ Duplicate Assert
  196 |
  197 |     wrapper.vm.focus()
  198 |     await waitNT(wrapper.vm)"
/home/gabriel/Disk/Research/research-javascript-test-smells/repositories/bootstrap-vue-dev/src/components/calendar/calendar.spec.js,Duplicate Assert,"{'line': 201, 'column': 4, 'index': 6395}","  199 |     await waitRAF()
  200 |
> 201 |     expect(document.activeElement).toBe($grid.element)
      |    ^ Duplicate Assert
  202 |
  203 |     wrapper.vm.blur()
  204 |     await waitNT(wrapper.vm)"
/home/gabriel/Disk/Research/research-javascript-test-smells/repositories/bootstrap-vue-dev/src/components/calendar/calendar.spec.js,Duplicate Assert,"{'line': 207, 'column': 4, 'index': 6523}","  205 |     await waitRAF()
  206 |
> 207 |     expect(document.activeElement).not.toBe($grid.element)
      |    ^ Duplicate Assert
  208 |
  209 |     wrapper.destroy()
  210 |   })"
/home/gabriel/Disk/Research/research-javascript-test-smells/repositories/bootstrap-vue-dev/src/components/calendar/calendar.spec.js,Duplicate Assert,"{'line': 207, 'column': 4, 'index': 6523}","  205 |     await waitRAF()
  206 |
> 207 |     expect(document.activeElement).not.toBe($grid.element)
      |    ^ Duplicate Assert
  208 |
  209 |     wrapper.destroy()
  210 |   })"
/home/gabriel/Disk/Research/research-javascript-test-smells/repositories/bootstrap-vue-dev/src/components/calendar/calendar.spec.js,Duplicate Assert,"{'line': 228, 'column': 4, 'index': 7042}","  226 |     expect($grid.element.tagName).toBe('DIV')
  227 |
> 228 |     expect(document.activeElement).not.toBe($grid.element)
      |    ^ Duplicate Assert
  229 |
  230 |     const $output = wrapper.find('header > output')
  231 |     expect($output.exists()).toBe(true)"
/home/gabriel/Disk/Research/research-javascript-test-smells/repositories/bootstrap-vue-dev/src/components/calendar/calendar.spec.js,Duplicate Assert,"{'line': 228, 'column': 4, 'index': 7042}","  226 |     expect($grid.element.tagName).toBe('DIV')
  227 |
> 228 |     expect(document.activeElement).not.toBe($grid.element)
      |    ^ Duplicate Assert
  229 |
  230 |     const $output = wrapper.find('header > output')
  231 |     expect($output.exists()).toBe(true)"
/home/gabriel/Disk/Research/research-javascript-test-smells/repositories/bootstrap-vue-dev/src/components/calendar/calendar.spec.js,Duplicate Assert,"{'line': 234, 'column': 4, 'index': 7230}","  232 |
  233 |     await $output.trigger('click')
> 234 |     expect(document.activeElement).toBe($grid.element)
      |    ^ Duplicate Assert
  235 |
  236 |     wrapper.vm.blur()
  237 |     await waitNT(wrapper.vm)"
/home/gabriel/Disk/Research/research-javascript-test-smells/repositories/bootstrap-vue-dev/src/components/calendar/calendar.spec.js,Duplicate Assert,"{'line': 234, 'column': 4, 'index': 7230}","  232 |
  233 |     await $output.trigger('click')
> 234 |     expect(document.activeElement).toBe($grid.element)
      |    ^ Duplicate Assert
  235 |
  236 |     wrapper.vm.blur()
  237 |     await waitNT(wrapper.vm)"
/home/gabriel/Disk/Research/research-javascript-test-smells/repositories/bootstrap-vue-dev/src/components/calendar/calendar.spec.js,Duplicate Assert,"{'line': 239, 'column': 4, 'index': 7357}","  237 |     await waitNT(wrapper.vm)
  238 |     await waitRAF()
> 239 |     expect(document.activeElement).not.toBe($grid.element)
      |    ^ Duplicate Assert
  240 |
  241 |     await $output.trigger('focus')
  242 |     expect(document.activeElement).toBe($grid.element)"
/home/gabriel/Disk/Research/research-javascript-test-smells/repositories/bootstrap-vue-dev/src/components/calendar/calendar.spec.js,Duplicate Assert,"{'line': 239, 'column': 4, 'index': 7357}","  237 |     await waitNT(wrapper.vm)
  238 |     await waitRAF()
> 239 |     expect(document.activeElement).not.toBe($grid.element)
      |    ^ Duplicate Assert
  240 |
  241 |     await $output.trigger('focus')
  242 |     expect(document.activeElement).toBe($grid.element)"
/home/gabriel/Disk/Research/research-javascript-test-smells/repositories/bootstrap-vue-dev/src/components/calendar/calendar.spec.js,Duplicate Assert,"{'line': 242, 'column': 4, 'index': 7452}","  240 |
  241 |     await $output.trigger('focus')
> 242 |     expect(document.activeElement).toBe($grid.element)
      |    ^ Duplicate Assert
  243 |
  244 |     wrapper.destroy()
  245 |   })"
/home/gabriel/Disk/Research/research-javascript-test-smells/repositories/bootstrap-vue-dev/src/components/calendar/calendar.spec.js,Duplicate Assert,"{'line': 242, 'column': 4, 'index': 7452}","  240 |
  241 |     await $output.trigger('focus')
> 242 |     expect(document.activeElement).toBe($grid.element)
      |    ^ Duplicate Assert
  243 |
  244 |     wrapper.destroy()
  245 |   })"
/home/gabriel/Disk/Research/research-javascript-test-smells/repositories/bootstrap-vue-dev/src/components/calendar/calendar.spec.js,Duplicate Assert,"{'line': 281, 'column': 4, 'index': 8417}","  279 |     const $grid = wrapper.find('[role=""application""]')
  280 |     expect($grid.exists()).toBe(true)
> 281 |     expect($grid.attributes('aria-activedescendant')).toBeDefined()
      |    ^ Duplicate Assert
  282 |
  283 |     let $cell = wrapper.find('[data-date=""2020-02-15""]')
  284 |     expect($cell.exists()).toBe(true)"
/home/gabriel/Disk/Research/research-javascript-test-smells/repositories/bootstrap-vue-dev/src/components/calendar/calendar.spec.js,Duplicate Assert,"{'line': 284, 'column': 4, 'index': 8543}","  282 |
  283 |     let $cell = wrapper.find('[data-date=""2020-02-15""]')
> 284 |     expect($cell.exists()).toBe(true)
      |    ^ Duplicate Assert
  285 |     expect($cell.attributes('id')).toBeDefined()
  286 |     expect($grid.attributes('aria-activedescendant')).toEqual($cell.attributes('id'))
  287 |"
/home/gabriel/Disk/Research/research-javascript-test-smells/repositories/bootstrap-vue-dev/src/components/calendar/calendar.spec.js,Duplicate Assert,"{'line': 284, 'column': 4, 'index': 8543}","  282 |
  283 |     let $cell = wrapper.find('[data-date=""2020-02-15""]')
> 284 |     expect($cell.exists()).toBe(true)
      |    ^ Duplicate Assert
  285 |     expect($cell.attributes('id')).toBeDefined()
  286 |     expect($grid.attributes('aria-activedescendant')).toEqual($cell.attributes('id'))
  287 |"
/home/gabriel/Disk/Research/research-javascript-test-smells/repositories/bootstrap-vue-dev/src/components/calendar/calendar.spec.js,Duplicate Assert,"{'line': 285, 'column': 4, 'index': 8581}","  283 |     let $cell = wrapper.find('[data-date=""2020-02-15""]')
  284 |     expect($cell.exists()).toBe(true)
> 285 |     expect($cell.attributes('id')).toBeDefined()
      |    ^ Duplicate Assert
  286 |     expect($grid.attributes('aria-activedescendant')).toEqual($cell.attributes('id'))
  287 |
  288 |     // Left"
/home/gabriel/Disk/Research/research-javascript-test-smells/repositories/bootstrap-vue-dev/src/components/calendar/calendar.spec.js,Duplicate Assert,"{'line': 285, 'column': 4, 'index': 8581}","  283 |     let $cell = wrapper.find('[data-date=""2020-02-15""]')
  284 |     expect($cell.exists()).toBe(true)
> 285 |     expect($cell.attributes('id')).toBeDefined()
      |    ^ Duplicate Assert
  286 |     expect($grid.attributes('aria-activedescendant')).toEqual($cell.attributes('id'))
  287 |
  288 |     // Left"
/home/gabriel/Disk/Research/research-javascript-test-smells/repositories/bootstrap-vue-dev/src/components/calendar/calendar.spec.js,Duplicate Assert,"{'line': 286, 'column': 4, 'index': 8630}","  284 |     expect($cell.exists()).toBe(true)
  285 |     expect($cell.attributes('id')).toBeDefined()
> 286 |     expect($grid.attributes('aria-activedescendant')).toEqual($cell.attributes('id'))
      |    ^ Duplicate Assert
  287 |
  288 |     // Left
  289 |     await $grid.trigger('keydown.left')"
/home/gabriel/Disk/Research/research-javascript-test-smells/repositories/bootstrap-vue-dev/src/components/calendar/calendar.spec.js,Duplicate Assert,"{'line': 286, 'column': 4, 'index': 8630}","  284 |     expect($cell.exists()).toBe(true)
  285 |     expect($cell.attributes('id')).toBeDefined()
> 286 |     expect($grid.attributes('aria-activedescendant')).toEqual($cell.attributes('id'))
      |    ^ Duplicate Assert
  287 |
  288 |     // Left
  289 |     await $grid.trigger('keydown.left')"
/home/gabriel/Disk/Research/research-javascript-test-smells/repositories/bootstrap-vue-dev/src/components/calendar/calendar.spec.js,Duplicate Assert,"{'line': 291, 'column': 4, 'index': 8822}","  289 |     await $grid.trigger('keydown.left')
  290 |     $cell = wrapper.find('[data-date=""2020-02-14""]')
> 291 |     expect($cell.exists()).toBe(true)
      |    ^ Duplicate Assert
  292 |     expect($cell.attributes('id')).toBeDefined()
  293 |     expect($grid.attributes('aria-activedescendant')).toEqual($cell.attributes('id'))
  294 |"
/home/gabriel/Disk/Research/research-javascript-test-smells/repositories/bootstrap-vue-dev/src/components/calendar/calendar.spec.js,Duplicate Assert,"{'line': 291, 'column': 4, 'index': 8822}","  289 |     await $grid.trigger('keydown.left')
  290 |     $cell = wrapper.find('[data-date=""2020-02-14""]')
> 291 |     expect($cell.exists()).toBe(true)
      |    ^ Duplicate Assert
  292 |     expect($cell.attributes('id')).toBeDefined()
  293 |     expect($grid.attributes('aria-activedescendant')).toEqual($cell.attributes('id'))
  294 |"
/home/gabriel/Disk/Research/research-javascript-test-smells/repositories/bootstrap-vue-dev/src/components/calendar/calendar.spec.js,Duplicate Assert,"{'line': 292, 'column': 4, 'index': 8860}","  290 |     $cell = wrapper.find('[data-date=""2020-02-14""]')
  291 |     expect($cell.exists()).toBe(true)
> 292 |     expect($cell.attributes('id')).toBeDefined()
      |    ^ Duplicate Assert
  293 |     expect($grid.attributes('aria-activedescendant')).toEqual($cell.attributes('id'))
  294 |
  295 |     // Right"
/home/gabriel/Disk/Research/research-javascript-test-smells/repositories/bootstrap-vue-dev/src/components/calendar/calendar.spec.js,Duplicate Assert,"{'line': 292, 'column': 4, 'index': 8860}","  290 |     $cell = wrapper.find('[data-date=""2020-02-14""]')
  291 |     expect($cell.exists()).toBe(true)
> 292 |     expect($cell.attributes('id')).toBeDefined()
      |    ^ Duplicate Assert
  293 |     expect($grid.attributes('aria-activedescendant')).toEqual($cell.attributes('id'))
  294 |
  295 |     // Right"
/home/gabriel/Disk/Research/research-javascript-test-smells/repositories/bootstrap-vue-dev/src/components/calendar/calendar.spec.js,Duplicate Assert,"{'line': 293, 'column': 4, 'index': 8909}","  291 |     expect($cell.exists()).toBe(true)
  292 |     expect($cell.attributes('id')).toBeDefined()
> 293 |     expect($grid.attributes('aria-activedescendant')).toEqual($cell.attributes('id'))
      |    ^ Duplicate Assert
  294 |
  295 |     // Right
  296 |     await $grid.trigger('keydown.right')"
/home/gabriel/Disk/Research/research-javascript-test-smells/repositories/bootstrap-vue-dev/src/components/calendar/calendar.spec.js,Duplicate Assert,"{'line': 293, 'column': 4, 'index': 8909}","  291 |     expect($cell.exists()).toBe(true)
  292 |     expect($cell.attributes('id')).toBeDefined()
> 293 |     expect($grid.attributes('aria-activedescendant')).toEqual($cell.attributes('id'))
      |    ^ Duplicate Assert
  294 |
  295 |     // Right
  296 |     await $grid.trigger('keydown.right')"
/home/gabriel/Disk/Research/research-javascript-test-smells/repositories/bootstrap-vue-dev/src/components/calendar/calendar.spec.js,Duplicate Assert,"{'line': 298, 'column': 4, 'index': 9103}","  296 |     await $grid.trigger('keydown.right')
  297 |     $cell = wrapper.find('[data-date=""2020-02-15""]')
> 298 |     expect($cell.exists()).toBe(true)
      |    ^ Duplicate Assert
  299 |     expect($cell.attributes('id')).toBeDefined()
  300 |     expect($grid.attributes('aria-activedescendant')).toEqual($cell.attributes('id'))
  301 |"
/home/gabriel/Disk/Research/research-javascript-test-smells/repositories/bootstrap-vue-dev/src/components/calendar/calendar.spec.js,Duplicate Assert,"{'line': 298, 'column': 4, 'index': 9103}","  296 |     await $grid.trigger('keydown.right')
  297 |     $cell = wrapper.find('[data-date=""2020-02-15""]')
> 298 |     expect($cell.exists()).toBe(true)
      |    ^ Duplicate Assert
  299 |     expect($cell.attributes('id')).toBeDefined()
  300 |     expect($grid.attributes('aria-activedescendant')).toEqual($cell.attributes('id'))
  301 |"
/home/gabriel/Disk/Research/research-javascript-test-smells/repositories/bootstrap-vue-dev/src/components/calendar/calendar.spec.js,Duplicate Assert,"{'line': 299, 'column': 4, 'index': 9141}","  297 |     $cell = wrapper.find('[data-date=""2020-02-15""]')
  298 |     expect($cell.exists()).toBe(true)
> 299 |     expect($cell.attributes('id')).toBeDefined()
      |    ^ Duplicate Assert
  300 |     expect($grid.attributes('aria-activedescendant')).toEqual($cell.attributes('id'))
  301 |
  302 |     // Up"
/home/gabriel/Disk/Research/research-javascript-test-smells/repositories/bootstrap-vue-dev/src/components/calendar/calendar.spec.js,Duplicate Assert,"{'line': 299, 'column': 4, 'index': 9141}","  297 |     $cell = wrapper.find('[data-date=""2020-02-15""]')
  298 |     expect($cell.exists()).toBe(true)
> 299 |     expect($cell.attributes('id')).toBeDefined()
      |    ^ Duplicate Assert
  300 |     expect($grid.attributes('aria-activedescendant')).toEqual($cell.attributes('id'))
  301 |
  302 |     // Up"
/home/gabriel/Disk/Research/research-javascript-test-smells/repositories/bootstrap-vue-dev/src/components/calendar/calendar.spec.js,Duplicate Assert,"{'line': 300, 'column': 4, 'index': 9190}","  298 |     expect($cell.exists()).toBe(true)
  299 |     expect($cell.attributes('id')).toBeDefined()
> 300 |     expect($grid.attributes('aria-activedescendant')).toEqual($cell.attributes('id'))
      |    ^ Duplicate Assert
  301 |
  302 |     // Up
  303 |     await $grid.trigger('keydown.up')"
/home/gabriel/Disk/Research/research-javascript-test-smells/repositories/bootstrap-vue-dev/src/components/calendar/calendar.spec.js,Duplicate Assert,"{'line': 300, 'column': 4, 'index': 9190}","  298 |     expect($cell.exists()).toBe(true)
  299 |     expect($cell.attributes('id')).toBeDefined()
> 300 |     expect($grid.attributes('aria-activedescendant')).toEqual($cell.attributes('id'))
      |    ^ Duplicate Assert
  301 |
  302 |     // Up
  303 |     await $grid.trigger('keydown.up')"
/home/gabriel/Disk/Research/research-javascript-test-smells/repositories/bootstrap-vue-dev/src/components/calendar/calendar.spec.js,Duplicate Assert,"{'line': 305, 'column': 4, 'index': 9378}","  303 |     await $grid.trigger('keydown.up')
  304 |     $cell = wrapper.find('[data-date=""2020-02-08""]')
> 305 |     expect($cell.exists()).toBe(true)
      |    ^ Duplicate Assert
  306 |     expect($cell.attributes('id')).toBeDefined()
  307 |     expect($grid.attributes('aria-activedescendant')).toEqual($cell.attributes('id'))
  308 |"
/home/gabriel/Disk/Research/research-javascript-test-smells/repositories/bootstrap-vue-dev/src/components/calendar/calendar.spec.js,Duplicate Assert,"{'line': 305, 'column': 4, 'index': 9378}","  303 |     await $grid.trigger('keydown.up')
  304 |     $cell = wrapper.find('[data-date=""2020-02-08""]')
> 305 |     expect($cell.exists()).toBe(true)
      |    ^ Duplicate Assert
  306 |     expect($cell.attributes('id')).toBeDefined()
  307 |     expect($grid.attributes('aria-activedescendant')).toEqual($cell.attributes('id'))
  308 |"
/home/gabriel/Disk/Research/research-javascript-test-smells/repositories/bootstrap-vue-dev/src/components/calendar/calendar.spec.js,Duplicate Assert,"{'line': 306, 'column': 4, 'index': 9416}","  304 |     $cell = wrapper.find('[data-date=""2020-02-08""]')
  305 |     expect($cell.exists()).toBe(true)
> 306 |     expect($cell.attributes('id')).toBeDefined()
      |    ^ Duplicate Assert
  307 |     expect($grid.attributes('aria-activedescendant')).toEqual($cell.attributes('id'))
  308 |
  309 |     // Down"
/home/gabriel/Disk/Research/research-javascript-test-smells/repositories/bootstrap-vue-dev/src/components/calendar/calendar.spec.js,Duplicate Assert,"{'line': 306, 'column': 4, 'index': 9416}","  304 |     $cell = wrapper.find('[data-date=""2020-02-08""]')
  305 |     expect($cell.exists()).toBe(true)
> 306 |     expect($cell.attributes('id')).toBeDefined()
      |    ^ Duplicate Assert
  307 |     expect($grid.attributes('aria-activedescendant')).toEqual($cell.attributes('id'))
  308 |
  309 |     // Down"
/home/gabriel/Disk/Research/research-javascript-test-smells/repositories/bootstrap-vue-dev/src/components/calendar/calendar.spec.js,Duplicate Assert,"{'line': 307, 'column': 4, 'index': 9465}","  305 |     expect($cell.exists()).toBe(true)
  306 |     expect($cell.attributes('id')).toBeDefined()
> 307 |     expect($grid.attributes('aria-activedescendant')).toEqual($cell.attributes('id'))
      |    ^ Duplicate Assert
  308 |
  309 |     // Down
  310 |     await $grid.trigger('keydown.down')"
/home/gabriel/Disk/Research/research-javascript-test-smells/repositories/bootstrap-vue-dev/src/components/calendar/calendar.spec.js,Duplicate Assert,"{'line': 307, 'column': 4, 'index': 9465}","  305 |     expect($cell.exists()).toBe(true)
  306 |     expect($cell.attributes('id')).toBeDefined()
> 307 |     expect($grid.attributes('aria-activedescendant')).toEqual($cell.attributes('id'))
      |    ^ Duplicate Assert
  308 |
  309 |     // Down
  310 |     await $grid.trigger('keydown.down')"
/home/gabriel/Disk/Research/research-javascript-test-smells/repositories/bootstrap-vue-dev/src/components/calendar/calendar.spec.js,Duplicate Assert,"{'line': 312, 'column': 4, 'index': 9657}","  310 |     await $grid.trigger('keydown.down')
  311 |     $cell = wrapper.find('[data-date=""2020-02-15""]')
> 312 |     expect($cell.exists()).toBe(true)
      |    ^ Duplicate Assert
  313 |     expect($cell.attributes('id')).toBeDefined()
  314 |     expect($grid.attributes('aria-activedescendant')).toEqual($cell.attributes('id'))
  315 |"
/home/gabriel/Disk/Research/research-javascript-test-smells/repositories/bootstrap-vue-dev/src/components/calendar/calendar.spec.js,Duplicate Assert,"{'line': 312, 'column': 4, 'index': 9657}","  310 |     await $grid.trigger('keydown.down')
  311 |     $cell = wrapper.find('[data-date=""2020-02-15""]')
> 312 |     expect($cell.exists()).toBe(true)
      |    ^ Duplicate Assert
  313 |     expect($cell.attributes('id')).toBeDefined()
  314 |     expect($grid.attributes('aria-activedescendant')).toEqual($cell.attributes('id'))
  315 |"
/home/gabriel/Disk/Research/research-javascript-test-smells/repositories/bootstrap-vue-dev/src/components/calendar/calendar.spec.js,Duplicate Assert,"{'line': 313, 'column': 4, 'index': 9695}","  311 |     $cell = wrapper.find('[data-date=""2020-02-15""]')
  312 |     expect($cell.exists()).toBe(true)
> 313 |     expect($cell.attributes('id')).toBeDefined()
      |    ^ Duplicate Assert
  314 |     expect($grid.attributes('aria-activedescendant')).toEqual($cell.attributes('id'))
  315 |
  316 |     // PageUp"
/home/gabriel/Disk/Research/research-javascript-test-smells/repositories/bootstrap-vue-dev/src/components/calendar/calendar.spec.js,Duplicate Assert,"{'line': 313, 'column': 4, 'index': 9695}","  311 |     $cell = wrapper.find('[data-date=""2020-02-15""]')
  312 |     expect($cell.exists()).toBe(true)
> 313 |     expect($cell.attributes('id')).toBeDefined()
      |    ^ Duplicate Assert
  314 |     expect($grid.attributes('aria-activedescendant')).toEqual($cell.attributes('id'))
  315 |
  316 |     // PageUp"
/home/gabriel/Disk/Research/research-javascript-test-smells/repositories/bootstrap-vue-dev/src/components/calendar/calendar.spec.js,Duplicate Assert,"{'line': 314, 'column': 4, 'index': 9744}","  312 |     expect($cell.exists()).toBe(true)
  313 |     expect($cell.attributes('id')).toBeDefined()
> 314 |     expect($grid.attributes('aria-activedescendant')).toEqual($cell.attributes('id'))
      |    ^ Duplicate Assert
  315 |
  316 |     // PageUp
  317 |     await $grid.trigger('keydown.pageup')"
/home/gabriel/Disk/Research/research-javascript-test-smells/repositories/bootstrap-vue-dev/src/components/calendar/calendar.spec.js,Duplicate Assert,"{'line': 314, 'column': 4, 'index': 9744}","  312 |     expect($cell.exists()).toBe(true)
  313 |     expect($cell.attributes('id')).toBeDefined()
> 314 |     expect($grid.attributes('aria-activedescendant')).toEqual($cell.attributes('id'))
      |    ^ Duplicate Assert
  315 |
  316 |     // PageUp
  317 |     await $grid.trigger('keydown.pageup')"
/home/gabriel/Disk/Research/research-javascript-test-smells/repositories/bootstrap-vue-dev/src/components/calendar/calendar.spec.js,Duplicate Assert,"{'line': 319, 'column': 4, 'index': 9940}","  317 |     await $grid.trigger('keydown.pageup')
  318 |     $cell = wrapper.find('[data-date=""2020-01-15""]')
> 319 |     expect($cell.exists()).toBe(true)
      |    ^ Duplicate Assert
  320 |     expect($cell.attributes('id')).toBeDefined()
  321 |     expect($grid.attributes('aria-activedescendant')).toEqual($cell.attributes('id'))
  322 |"
/home/gabriel/Disk/Research/research-javascript-test-smells/repositories/bootstrap-vue-dev/src/components/calendar/calendar.spec.js,Duplicate Assert,"{'line': 319, 'column': 4, 'index': 9940}","  317 |     await $grid.trigger('keydown.pageup')
  318 |     $cell = wrapper.find('[data-date=""2020-01-15""]')
> 319 |     expect($cell.exists()).toBe(true)
      |    ^ Duplicate Assert
  320 |     expect($cell.attributes('id')).toBeDefined()
  321 |     expect($grid.attributes('aria-activedescendant')).toEqual($cell.attributes('id'))
  322 |"
/home/gabriel/Disk/Research/research-javascript-test-smells/repositories/bootstrap-vue-dev/src/components/calendar/calendar.spec.js,Duplicate Assert,"{'line': 320, 'column': 4, 'index': 9978}","  318 |     $cell = wrapper.find('[data-date=""2020-01-15""]')
  319 |     expect($cell.exists()).toBe(true)
> 320 |     expect($cell.attributes('id')).toBeDefined()
      |    ^ Duplicate Assert
  321 |     expect($grid.attributes('aria-activedescendant')).toEqual($cell.attributes('id'))
  322 |
  323 |     // PageDown"
/home/gabriel/Disk/Research/research-javascript-test-smells/repositories/bootstrap-vue-dev/src/components/calendar/calendar.spec.js,Duplicate Assert,"{'line': 320, 'column': 4, 'index': 9978}","  318 |     $cell = wrapper.find('[data-date=""2020-01-15""]')
  319 |     expect($cell.exists()).toBe(true)
> 320 |     expect($cell.attributes('id')).toBeDefined()
      |    ^ Duplicate Assert
  321 |     expect($grid.attributes('aria-activedescendant')).toEqual($cell.attributes('id'))
  322 |
  323 |     // PageDown"
/home/gabriel/Disk/Research/research-javascript-test-smells/repositories/bootstrap-vue-dev/src/components/calendar/calendar.spec.js,Duplicate Assert,"{'line': 321, 'column': 4, 'index': 10027}","  319 |     expect($cell.exists()).toBe(true)
  320 |     expect($cell.attributes('id')).toBeDefined()
> 321 |     expect($grid.attributes('aria-activedescendant')).toEqual($cell.attributes('id'))
      |    ^ Duplicate Assert
  322 |
  323 |     // PageDown
  324 |     await $grid.trigger('keydown.pagedown')"
/home/gabriel/Disk/Research/research-javascript-test-smells/repositories/bootstrap-vue-dev/src/components/calendar/calendar.spec.js,Duplicate Assert,"{'line': 321, 'column': 4, 'index': 10027}","  319 |     expect($cell.exists()).toBe(true)
  320 |     expect($cell.attributes('id')).toBeDefined()
> 321 |     expect($grid.attributes('aria-activedescendant')).toEqual($cell.attributes('id'))
      |    ^ Duplicate Assert
  322 |
  323 |     // PageDown
  324 |     await $grid.trigger('keydown.pagedown')"
/home/gabriel/Disk/Research/research-javascript-test-smells/repositories/bootstrap-vue-dev/src/components/calendar/calendar.spec.js,Duplicate Assert,"{'line': 326, 'column': 4, 'index': 10227}","  324 |     await $grid.trigger('keydown.pagedown')
  325 |     $cell = wrapper.find('[data-date=""2020-02-15""]')
> 326 |     expect($cell.exists()).toBe(true)
      |    ^ Duplicate Assert
  327 |     expect($cell.attributes('id')).toBeDefined()
  328 |     expect($grid.attributes('aria-activedescendant')).toEqual($cell.attributes('id'))
  329 |"
/home/gabriel/Disk/Research/research-javascript-test-smells/repositories/bootstrap-vue-dev/src/components/calendar/calendar.spec.js,Duplicate Assert,"{'line': 326, 'column': 4, 'index': 10227}","  324 |     await $grid.trigger('keydown.pagedown')
  325 |     $cell = wrapper.find('[data-date=""2020-02-15""]')
> 326 |     expect($cell.exists()).toBe(true)
      |    ^ Duplicate Assert
  327 |     expect($cell.attributes('id')).toBeDefined()
  328 |     expect($grid.attributes('aria-activedescendant')).toEqual($cell.attributes('id'))
  329 |"
/home/gabriel/Disk/Research/research-javascript-test-smells/repositories/bootstrap-vue-dev/src/components/calendar/calendar.spec.js,Duplicate Assert,"{'line': 327, 'column': 4, 'index': 10265}","  325 |     $cell = wrapper.find('[data-date=""2020-02-15""]')
  326 |     expect($cell.exists()).toBe(true)
> 327 |     expect($cell.attributes('id')).toBeDefined()
      |    ^ Duplicate Assert
  328 |     expect($grid.attributes('aria-activedescendant')).toEqual($cell.attributes('id'))
  329 |
  330 |     // Alt + PageUp"
/home/gabriel/Disk/Research/research-javascript-test-smells/repositories/bootstrap-vue-dev/src/components/calendar/calendar.spec.js,Duplicate Assert,"{'line': 327, 'column': 4, 'index': 10265}","  325 |     $cell = wrapper.find('[data-date=""2020-02-15""]')
  326 |     expect($cell.exists()).toBe(true)
> 327 |     expect($cell.attributes('id')).toBeDefined()
      |    ^ Duplicate Assert
  328 |     expect($grid.attributes('aria-activedescendant')).toEqual($cell.attributes('id'))
  329 |
  330 |     // Alt + PageUp"
/home/gabriel/Disk/Research/research-javascript-test-smells/repositories/bootstrap-vue-dev/src/components/calendar/calendar.spec.js,Duplicate Assert,"{'line': 328, 'column': 4, 'index': 10314}","  326 |     expect($cell.exists()).toBe(true)
  327 |     expect($cell.attributes('id')).toBeDefined()
> 328 |     expect($grid.attributes('aria-activedescendant')).toEqual($cell.attributes('id'))
      |    ^ Duplicate Assert
  329 |
  330 |     // Alt + PageUp
  331 |     await $grid.trigger('keydown.pageup', { altKey: true })"
/home/gabriel/Disk/Research/research-javascript-test-smells/repositories/bootstrap-vue-dev/src/components/calendar/calendar.spec.js,Duplicate Assert,"{'line': 328, 'column': 4, 'index': 10314}","  326 |     expect($cell.exists()).toBe(true)
  327 |     expect($cell.attributes('id')).toBeDefined()
> 328 |     expect($grid.attributes('aria-activedescendant')).toEqual($cell.attributes('id'))
      |    ^ Duplicate Assert
  329 |
  330 |     // Alt + PageUp
  331 |     await $grid.trigger('keydown.pageup', { altKey: true })"
/home/gabriel/Disk/Research/research-javascript-test-smells/repositories/bootstrap-vue-dev/src/components/calendar/calendar.spec.js,Duplicate Assert,"{'line': 333, 'column': 4, 'index': 10534}","  331 |     await $grid.trigger('keydown.pageup', { altKey: true })
  332 |     $cell = wrapper.find('[data-date=""2019-02-15""]')
> 333 |     expect($cell.exists()).toBe(true)
      |    ^ Duplicate Assert
  334 |     expect($cell.attributes('id')).toBeDefined()
  335 |     expect($grid.attributes('aria-activedescendant')).toEqual($cell.attributes('id'))
  336 |"
/home/gabriel/Disk/Research/research-javascript-test-smells/repositories/bootstrap-vue-dev/src/components/calendar/calendar.spec.js,Duplicate Assert,"{'line': 333, 'column': 4, 'index': 10534}","  331 |     await $grid.trigger('keydown.pageup', { altKey: true })
  332 |     $cell = wrapper.find('[data-date=""2019-02-15""]')
> 333 |     expect($cell.exists()).toBe(true)
      |    ^ Duplicate Assert
  334 |     expect($cell.attributes('id')).toBeDefined()
  335 |     expect($grid.attributes('aria-activedescendant')).toEqual($cell.attributes('id'))
  336 |"
/home/gabriel/Disk/Research/research-javascript-test-smells/repositories/bootstrap-vue-dev/src/components/calendar/calendar.spec.js,Duplicate Assert,"{'line': 334, 'column': 4, 'index': 10572}","  332 |     $cell = wrapper.find('[data-date=""2019-02-15""]')
  333 |     expect($cell.exists()).toBe(true)
> 334 |     expect($cell.attributes('id')).toBeDefined()
      |    ^ Duplicate Assert
  335 |     expect($grid.attributes('aria-activedescendant')).toEqual($cell.attributes('id'))
  336 |
  337 |     // End (selected date)"
/home/gabriel/Disk/Research/research-javascript-test-smells/repositories/bootstrap-vue-dev/src/components/calendar/calendar.spec.js,Duplicate Assert,"{'line': 334, 'column': 4, 'index': 10572}","  332 |     $cell = wrapper.find('[data-date=""2019-02-15""]')
  333 |     expect($cell.exists()).toBe(true)
> 334 |     expect($cell.attributes('id')).toBeDefined()
      |    ^ Duplicate Assert
  335 |     expect($grid.attributes('aria-activedescendant')).toEqual($cell.attributes('id'))
  336 |
  337 |     // End (selected date)"
/home/gabriel/Disk/Research/research-javascript-test-smells/repositories/bootstrap-vue-dev/src/components/calendar/calendar.spec.js,Duplicate Assert,"{'line': 335, 'column': 4, 'index': 10621}","  333 |     expect($cell.exists()).toBe(true)
  334 |     expect($cell.attributes('id')).toBeDefined()
> 335 |     expect($grid.attributes('aria-activedescendant')).toEqual($cell.attributes('id'))
      |    ^ Duplicate Assert
  336 |
  337 |     // End (selected date)
  338 |     await $grid.trigger('keydown.end')"
/home/gabriel/Disk/Research/research-javascript-test-smells/repositories/bootstrap-vue-dev/src/components/calendar/calendar.spec.js,Duplicate Assert,"{'line': 335, 'column': 4, 'index': 10621}","  333 |     expect($cell.exists()).toBe(true)
  334 |     expect($cell.attributes('id')).toBeDefined()
> 335 |     expect($grid.attributes('aria-activedescendant')).toEqual($cell.attributes('id'))
      |    ^ Duplicate Assert
  336 |
  337 |     // End (selected date)
  338 |     await $grid.trigger('keydown.end')"
/home/gabriel/Disk/Research/research-javascript-test-smells/repositories/bootstrap-vue-dev/src/components/calendar/calendar.spec.js,Duplicate Assert,"{'line': 340, 'column': 4, 'index': 10827}","  338 |     await $grid.trigger('keydown.end')
  339 |     $cell = wrapper.find('[data-date=""2020-02-15""]')
> 340 |     expect($cell.exists()).toBe(true)
      |    ^ Duplicate Assert
  341 |     expect($cell.attributes('id')).toBeDefined()
  342 |     expect($grid.attributes('aria-activedescendant')).toEqual($cell.attributes('id'))
  343 |"
/home/gabriel/Disk/Research/research-javascript-test-smells/repositories/bootstrap-vue-dev/src/components/calendar/calendar.spec.js,Duplicate Assert,"{'line': 340, 'column': 4, 'index': 10827}","  338 |     await $grid.trigger('keydown.end')
  339 |     $cell = wrapper.find('[data-date=""2020-02-15""]')
> 340 |     expect($cell.exists()).toBe(true)
      |    ^ Duplicate Assert
  341 |     expect($cell.attributes('id')).toBeDefined()
  342 |     expect($grid.attributes('aria-activedescendant')).toEqual($cell.attributes('id'))
  343 |"
/home/gabriel/Disk/Research/research-javascript-test-smells/repositories/bootstrap-vue-dev/src/components/calendar/calendar.spec.js,Duplicate Assert,"{'line': 341, 'column': 4, 'index': 10865}","  339 |     $cell = wrapper.find('[data-date=""2020-02-15""]')
  340 |     expect($cell.exists()).toBe(true)
> 341 |     expect($cell.attributes('id')).toBeDefined()
      |    ^ Duplicate Assert
  342 |     expect($grid.attributes('aria-activedescendant')).toEqual($cell.attributes('id'))
  343 |
  344 |     // Alt + PageDown"
/home/gabriel/Disk/Research/research-javascript-test-smells/repositories/bootstrap-vue-dev/src/components/calendar/calendar.spec.js,Duplicate Assert,"{'line': 341, 'column': 4, 'index': 10865}","  339 |     $cell = wrapper.find('[data-date=""2020-02-15""]')
  340 |     expect($cell.exists()).toBe(true)
> 341 |     expect($cell.attributes('id')).toBeDefined()
      |    ^ Duplicate Assert
  342 |     expect($grid.attributes('aria-activedescendant')).toEqual($cell.attributes('id'))
  343 |
  344 |     // Alt + PageDown"
/home/gabriel/Disk/Research/research-javascript-test-smells/repositories/bootstrap-vue-dev/src/components/calendar/calendar.spec.js,Duplicate Assert,"{'line': 342, 'column': 4, 'index': 10914}","  340 |     expect($cell.exists()).toBe(true)
  341 |     expect($cell.attributes('id')).toBeDefined()
> 342 |     expect($grid.attributes('aria-activedescendant')).toEqual($cell.attributes('id'))
      |    ^ Duplicate Assert
  343 |
  344 |     // Alt + PageDown
  345 |     await $grid.trigger('keydown.pagedown', { altKey: true })"
/home/gabriel/Disk/Research/research-javascript-test-smells/repositories/bootstrap-vue-dev/src/components/calendar/calendar.spec.js,Duplicate Assert,"{'line': 342, 'column': 4, 'index': 10914}","  340 |     expect($cell.exists()).toBe(true)
  341 |     expect($cell.attributes('id')).toBeDefined()
> 342 |     expect($grid.attributes('aria-activedescendant')).toEqual($cell.attributes('id'))
      |    ^ Duplicate Assert
  343 |
  344 |     // Alt + PageDown
  345 |     await $grid.trigger('keydown.pagedown', { altKey: true })"
/home/gabriel/Disk/Research/research-javascript-test-smells/repositories/bootstrap-vue-dev/src/components/calendar/calendar.spec.js,Duplicate Assert,"{'line': 347, 'column': 4, 'index': 11138}","  345 |     await $grid.trigger('keydown.pagedown', { altKey: true })
  346 |     $cell = wrapper.find('[data-date=""2021-02-15""]')
> 347 |     expect($cell.exists()).toBe(true)
      |    ^ Duplicate Assert
  348 |     expect($cell.attributes('id')).toBeDefined()
  349 |     expect($grid.attributes('aria-activedescendant')).toEqual($cell.attributes('id'))
  350 |"
/home/gabriel/Disk/Research/research-javascript-test-smells/repositories/bootstrap-vue-dev/src/components/calendar/calendar.spec.js,Duplicate Assert,"{'line': 347, 'column': 4, 'index': 11138}","  345 |     await $grid.trigger('keydown.pagedown', { altKey: true })
  346 |     $cell = wrapper.find('[data-date=""2021-02-15""]')
> 347 |     expect($cell.exists()).toBe(true)
      |    ^ Duplicate Assert
  348 |     expect($cell.attributes('id')).toBeDefined()
  349 |     expect($grid.attributes('aria-activedescendant')).toEqual($cell.attributes('id'))
  350 |"
/home/gabriel/Disk/Research/research-javascript-test-smells/repositories/bootstrap-vue-dev/src/components/calendar/calendar.spec.js,Duplicate Assert,"{'line': 348, 'column': 4, 'index': 11176}","  346 |     $cell = wrapper.find('[data-date=""2021-02-15""]')
  347 |     expect($cell.exists()).toBe(true)
> 348 |     expect($cell.attributes('id')).toBeDefined()
      |    ^ Duplicate Assert
  349 |     expect($grid.attributes('aria-activedescendant')).toEqual($cell.attributes('id'))
  350 |
  351 |     // Home (today's date)"
/home/gabriel/Disk/Research/research-javascript-test-smells/repositories/bootstrap-vue-dev/src/components/calendar/calendar.spec.js,Duplicate Assert,"{'line': 348, 'column': 4, 'index': 11176}","  346 |     $cell = wrapper.find('[data-date=""2021-02-15""]')
  347 |     expect($cell.exists()).toBe(true)
> 348 |     expect($cell.attributes('id')).toBeDefined()
      |    ^ Duplicate Assert
  349 |     expect($grid.attributes('aria-activedescendant')).toEqual($cell.attributes('id'))
  350 |
  351 |     // Home (today's date)"
/home/gabriel/Disk/Research/research-javascript-test-smells/repositories/bootstrap-vue-dev/src/components/calendar/calendar.spec.js,Duplicate Assert,"{'line': 349, 'column': 4, 'index': 11225}","  347 |     expect($cell.exists()).toBe(true)
  348 |     expect($cell.attributes('id')).toBeDefined()
> 349 |     expect($grid.attributes('aria-activedescendant')).toEqual($cell.attributes('id'))
      |    ^ Duplicate Assert
  350 |
  351 |     // Home (today's date)
  352 |     await $grid.trigger('keydown.home')"
/home/gabriel/Disk/Research/research-javascript-test-smells/repositories/bootstrap-vue-dev/src/components/calendar/calendar.spec.js,Duplicate Assert,"{'line': 349, 'column': 4, 'index': 11225}","  347 |     expect($cell.exists()).toBe(true)
  348 |     expect($cell.attributes('id')).toBeDefined()
> 349 |     expect($grid.attributes('aria-activedescendant')).toEqual($cell.attributes('id'))
      |    ^ Duplicate Assert
  350 |
  351 |     // Home (today's date)
  352 |     await $grid.trigger('keydown.home')"
/home/gabriel/Disk/Research/research-javascript-test-smells/repositories/bootstrap-vue-dev/src/components/calendar/calendar.spec.js,Duplicate Assert,"{'line': 356, 'column': 4, 'index': 11513}","  354 |     expect(todayID).toBeDefined()
  355 |     $cell = $grid.find(`#${todayID}`)
> 356 |     expect($cell.exists()).toBe(true)
      |    ^ Duplicate Assert
  357 |     expect($cell.attributes('aria-label')).toBeDefined()
  358 |     expect($cell.attributes('aria-label')).toContain('(Today)')
  359 |"
/home/gabriel/Disk/Research/research-javascript-test-smells/repositories/bootstrap-vue-dev/src/components/calendar/calendar.spec.js,Duplicate Assert,"{'line': 356, 'column': 4, 'index': 11513}","  354 |     expect(todayID).toBeDefined()
  355 |     $cell = $grid.find(`#${todayID}`)
> 356 |     expect($cell.exists()).toBe(true)
      |    ^ Duplicate Assert
  357 |     expect($cell.attributes('aria-label')).toBeDefined()
  358 |     expect($cell.attributes('aria-label')).toContain('(Today)')
  359 |"
/home/gabriel/Disk/Research/research-javascript-test-smells/repositories/bootstrap-vue-dev/src/components/calendar/calendar.spec.js,Duplicate Assert,"{'line': 357, 'column': 4, 'index': 11551}","  355 |     $cell = $grid.find(`#${todayID}`)
  356 |     expect($cell.exists()).toBe(true)
> 357 |     expect($cell.attributes('aria-label')).toBeDefined()
      |    ^ Duplicate Assert
  358 |     expect($cell.attributes('aria-label')).toContain('(Today)')
  359 |
  360 |     wrapper.destroy()"
/home/gabriel/Disk/Research/research-javascript-test-smells/repositories/bootstrap-vue-dev/src/components/calendar/calendar.spec.js,Duplicate Assert,"{'line': 358, 'column': 4, 'index': 11608}","  356 |     expect($cell.exists()).toBe(true)
  357 |     expect($cell.attributes('aria-label')).toBeDefined()
> 358 |     expect($cell.attributes('aria-label')).toContain('(Today)')
      |    ^ Duplicate Assert
  359 |
  360 |     wrapper.destroy()
  361 |   })"
/home/gabriel/Disk/Research/research-javascript-test-smells/repositories/bootstrap-vue-dev/src/components/calendar/calendar.spec.js,Duplicate Assert,"{'line': 420, 'column': 4, 'index': 13477}","  418 |
  419 |     let $cell = $grid.find('[data-date=""2020-01-01""]')
> 420 |     expect($cell.exists()).toBe(true)
      |    ^ Duplicate Assert
  421 |     expect($cell.attributes('aria-disabled')).toBeUndefined()
  422 |
  423 |     $cell = $grid.find('[data-date=""2020-01-02""]')"
/home/gabriel/Disk/Research/research-javascript-test-smells/repositories/bootstrap-vue-dev/src/components/calendar/calendar.spec.js,Duplicate Assert,"{'line': 420, 'column': 4, 'index': 13477}","  418 |
  419 |     let $cell = $grid.find('[data-date=""2020-01-01""]')
> 420 |     expect($cell.exists()).toBe(true)
      |    ^ Duplicate Assert
  421 |     expect($cell.attributes('aria-disabled')).toBeUndefined()
  422 |
  423 |     $cell = $grid.find('[data-date=""2020-01-02""]')"
/home/gabriel/Disk/Research/research-javascript-test-smells/repositories/bootstrap-vue-dev/src/components/calendar/calendar.spec.js,Duplicate Assert,"{'line': 421, 'column': 4, 'index': 13515}","  419 |     let $cell = $grid.find('[data-date=""2020-01-01""]')
  420 |     expect($cell.exists()).toBe(true)
> 421 |     expect($cell.attributes('aria-disabled')).toBeUndefined()
      |    ^ Duplicate Assert
  422 |
  423 |     $cell = $grid.find('[data-date=""2020-01-02""]')
  424 |     expect($cell.exists()).toBe(true)"
/home/gabriel/Disk/Research/research-javascript-test-smells/repositories/bootstrap-vue-dev/src/components/calendar/calendar.spec.js,Duplicate Assert,"{'line': 421, 'column': 4, 'index': 13515}","  419 |     let $cell = $grid.find('[data-date=""2020-01-01""]')
  420 |     expect($cell.exists()).toBe(true)
> 421 |     expect($cell.attributes('aria-disabled')).toBeUndefined()
      |    ^ Duplicate Assert
  422 |
  423 |     $cell = $grid.find('[data-date=""2020-01-02""]')
  424 |     expect($cell.exists()).toBe(true)"
/home/gabriel/Disk/Research/research-javascript-test-smells/repositories/bootstrap-vue-dev/src/components/calendar/calendar.spec.js,Duplicate Assert,"{'line': 424, 'column': 4, 'index': 13629}","  422 |
  423 |     $cell = $grid.find('[data-date=""2020-01-02""]')
> 424 |     expect($cell.exists()).toBe(true)
      |    ^ Duplicate Assert
  425 |     expect($cell.attributes('aria-disabled')).toEqual('true')
  426 |
  427 |     $cell = $grid.find('[data-date=""2020-01-03""]')"
/home/gabriel/Disk/Research/research-javascript-test-smells/repositories/bootstrap-vue-dev/src/components/calendar/calendar.spec.js,Duplicate Assert,"{'line': 424, 'column': 4, 'index': 13629}","  422 |
  423 |     $cell = $grid.find('[data-date=""2020-01-02""]')
> 424 |     expect($cell.exists()).toBe(true)
      |    ^ Duplicate Assert
  425 |     expect($cell.attributes('aria-disabled')).toEqual('true')
  426 |
  427 |     $cell = $grid.find('[data-date=""2020-01-03""]')"
/home/gabriel/Disk/Research/research-javascript-test-smells/repositories/bootstrap-vue-dev/src/components/calendar/calendar.spec.js,Duplicate Assert,"{'line': 425, 'column': 4, 'index': 13667}","  423 |     $cell = $grid.find('[data-date=""2020-01-02""]')
  424 |     expect($cell.exists()).toBe(true)
> 425 |     expect($cell.attributes('aria-disabled')).toEqual('true')
      |    ^ Duplicate Assert
  426 |
  427 |     $cell = $grid.find('[data-date=""2020-01-03""]')
  428 |     expect($cell.exists()).toBe(true)"
/home/gabriel/Disk/Research/research-javascript-test-smells/repositories/bootstrap-vue-dev/src/components/calendar/calendar.spec.js,Duplicate Assert,"{'line': 428, 'column': 4, 'index': 13781}","  426 |
  427 |     $cell = $grid.find('[data-date=""2020-01-03""]')
> 428 |     expect($cell.exists()).toBe(true)
      |    ^ Duplicate Assert
  429 |     expect($cell.attributes('aria-disabled')).toBeUndefined()
  430 |
  431 |     wrapper.destroy()"
/home/gabriel/Disk/Research/research-javascript-test-smells/repositories/bootstrap-vue-dev/src/components/calendar/calendar.spec.js,Duplicate Assert,"{'line': 428, 'column': 4, 'index': 13781}","  426 |
  427 |     $cell = $grid.find('[data-date=""2020-01-03""]')
> 428 |     expect($cell.exists()).toBe(true)
      |    ^ Duplicate Assert
  429 |     expect($cell.attributes('aria-disabled')).toBeUndefined()
  430 |
  431 |     wrapper.destroy()"
/home/gabriel/Disk/Research/research-javascript-test-smells/repositories/bootstrap-vue-dev/src/components/calendar/calendar.spec.js,Duplicate Assert,"{'line': 429, 'column': 4, 'index': 13819}","  427 |     $cell = $grid.find('[data-date=""2020-01-03""]')
  428 |     expect($cell.exists()).toBe(true)
> 429 |     expect($cell.attributes('aria-disabled')).toBeUndefined()
      |    ^ Duplicate Assert
  430 |
  431 |     wrapper.destroy()
  432 |   })"
/home/gabriel/Disk/Research/research-javascript-test-smells/repositories/bootstrap-vue-dev/src/components/calendar/calendar.spec.js,Duplicate Assert,"{'line': 429, 'column': 4, 'index': 13819}","  427 |     $cell = $grid.find('[data-date=""2020-01-03""]')
  428 |     expect($cell.exists()).toBe(true)
> 429 |     expect($cell.attributes('aria-disabled')).toBeUndefined()
      |    ^ Duplicate Assert
  430 |
  431 |     wrapper.destroy()
  432 |   })"
/home/gabriel/Disk/Research/research-javascript-test-smells/repositories/bootstrap-vue-dev/src/components/calendar/calendar.spec.js,Duplicate Assert,"{'line': 453, 'column': 4, 'index': 14449}","  451 |
  452 |     let $cell = $grid.find('[data-date=""2020-01-01""]')
> 453 |     expect($cell.exists()).toBe(true)
      |    ^ Duplicate Assert
  454 |     expect($cell.classes()).not.toContain('my-info')
  455 |
  456 |     $cell = $grid.find('[data-date=""2020-01-02""]')"
/home/gabriel/Disk/Research/research-javascript-test-smells/repositories/bootstrap-vue-dev/src/components/calendar/calendar.spec.js,Duplicate Assert,"{'line': 453, 'column': 4, 'index': 14449}","  451 |
  452 |     let $cell = $grid.find('[data-date=""2020-01-01""]')
> 453 |     expect($cell.exists()).toBe(true)
      |    ^ Duplicate Assert
  454 |     expect($cell.classes()).not.toContain('my-info')
  455 |
  456 |     $cell = $grid.find('[data-date=""2020-01-02""]')"
/home/gabriel/Disk/Research/research-javascript-test-smells/repositories/bootstrap-vue-dev/src/components/calendar/calendar.spec.js,Duplicate Assert,"{'line': 454, 'column': 4, 'index': 14487}","  452 |     let $cell = $grid.find('[data-date=""2020-01-01""]')
  453 |     expect($cell.exists()).toBe(true)
> 454 |     expect($cell.classes()).not.toContain('my-info')
      |    ^ Duplicate Assert
  455 |
  456 |     $cell = $grid.find('[data-date=""2020-01-02""]')
  457 |     expect($cell.exists()).toBe(true)"
/home/gabriel/Disk/Research/research-javascript-test-smells/repositories/bootstrap-vue-dev/src/components/calendar/calendar.spec.js,Duplicate Assert,"{'line': 454, 'column': 4, 'index': 14487}","  452 |     let $cell = $grid.find('[data-date=""2020-01-01""]')
  453 |     expect($cell.exists()).toBe(true)
> 454 |     expect($cell.classes()).not.toContain('my-info')
      |    ^ Duplicate Assert
  455 |
  456 |     $cell = $grid.find('[data-date=""2020-01-02""]')
  457 |     expect($cell.exists()).toBe(true)"
/home/gabriel/Disk/Research/research-javascript-test-smells/repositories/bootstrap-vue-dev/src/components/calendar/calendar.spec.js,Duplicate Assert,"{'line': 457, 'column': 4, 'index': 14592}","  455 |
  456 |     $cell = $grid.find('[data-date=""2020-01-02""]')
> 457 |     expect($cell.exists()).toBe(true)
      |    ^ Duplicate Assert
  458 |     expect($cell.classes()).toContain('my-info')
  459 |
  460 |     $cell = $grid.find('[data-date=""2020-01-03""]')"
/home/gabriel/Disk/Research/research-javascript-test-smells/repositories/bootstrap-vue-dev/src/components/calendar/calendar.spec.js,Duplicate Assert,"{'line': 457, 'column': 4, 'index': 14592}","  455 |
  456 |     $cell = $grid.find('[data-date=""2020-01-02""]')
> 457 |     expect($cell.exists()).toBe(true)
      |    ^ Duplicate Assert
  458 |     expect($cell.classes()).toContain('my-info')
  459 |
  460 |     $cell = $grid.find('[data-date=""2020-01-03""]')"
/home/gabriel/Disk/Research/research-javascript-test-smells/repositories/bootstrap-vue-dev/src/components/calendar/calendar.spec.js,Duplicate Assert,"{'line': 458, 'column': 4, 'index': 14630}","  456 |     $cell = $grid.find('[data-date=""2020-01-02""]')
  457 |     expect($cell.exists()).toBe(true)
> 458 |     expect($cell.classes()).toContain('my-info')
      |    ^ Duplicate Assert
  459 |
  460 |     $cell = $grid.find('[data-date=""2020-01-03""]')
  461 |     expect($cell.exists()).toBe(true)"
/home/gabriel/Disk/Research/research-javascript-test-smells/repositories/bootstrap-vue-dev/src/components/calendar/calendar.spec.js,Duplicate Assert,"{'line': 461, 'column': 4, 'index': 14731}","  459 |
  460 |     $cell = $grid.find('[data-date=""2020-01-03""]')
> 461 |     expect($cell.exists()).toBe(true)
      |    ^ Duplicate Assert
  462 |     expect($cell.classes()).not.toContain('my-info')
  463 |
  464 |     wrapper.destroy()"
/home/gabriel/Disk/Research/research-javascript-test-smells/repositories/bootstrap-vue-dev/src/components/calendar/calendar.spec.js,Duplicate Assert,"{'line': 461, 'column': 4, 'index': 14731}","  459 |
  460 |     $cell = $grid.find('[data-date=""2020-01-03""]')
> 461 |     expect($cell.exists()).toBe(true)
      |    ^ Duplicate Assert
  462 |     expect($cell.classes()).not.toContain('my-info')
  463 |
  464 |     wrapper.destroy()"
/home/gabriel/Disk/Research/research-javascript-test-smells/repositories/bootstrap-vue-dev/src/components/calendar/calendar.spec.js,Duplicate Assert,"{'line': 462, 'column': 4, 'index': 14769}","  460 |     $cell = $grid.find('[data-date=""2020-01-03""]')
  461 |     expect($cell.exists()).toBe(true)
> 462 |     expect($cell.classes()).not.toContain('my-info')
      |    ^ Duplicate Assert
  463 |
  464 |     wrapper.destroy()
  465 |   })"
/home/gabriel/Disk/Research/research-javascript-test-smells/repositories/bootstrap-vue-dev/src/components/calendar/calendar.spec.js,Duplicate Assert,"{'line': 462, 'column': 4, 'index': 14769}","  460 |     $cell = $grid.find('[data-date=""2020-01-03""]')
  461 |     expect($cell.exists()).toBe(true)
> 462 |     expect($cell.classes()).not.toContain('my-info')
      |    ^ Duplicate Assert
  463 |
  464 |     wrapper.destroy()
  465 |   })"
/home/gabriel/Disk/Research/research-javascript-test-smells/repositories/bootstrap-vue-dev/src/components/calendar/calendar.spec.js,Magic Number,"{'line': 34, 'column': 85, 'index': 1677}","  32 |     expect(wrapper.find('.b-calendar>div>div.b-calendar-nav').exists()).toBe(true)
  33 |     expect(wrapper.find('.b-calendar>div>div.b-calendar-nav').attributes('role')).toEqual('group')
> 34 |     expect(wrapper.findAll('.b-calendar>div>div.b-calendar-nav>button').length).toBe(5)
     |                                                                                     ^ Magic Number
  35 |     expect(wrapper.find('.b-calendar>div>div[role=""application""]').exists()).toBe(true)
  36 |
  37 |     await waitNT(wrapper.vm)"
/home/gabriel/Disk/Research/research-javascript-test-smells/repositories/bootstrap-vue-dev/src/components/calendar/calendar.spec.js,Magic Number,"{'line': 141, 'column': 33, 'index': 4643}","  139 |
  140 |     const $navBtns = wrapper.findAll('.b-calendar-nav button')
> 141 |     expect($navBtns.length).toBe(7)
      |                                 ^ Magic Number
  142 |
  143 |     // Prev Month
  144 |     await $navBtns.at(2).trigger('click')"
/home/gabriel/Disk/Research/research-javascript-test-smells/repositories/bootstrap-vue-dev/src/components/calendar/calendar.spec.js,Magic Number,"{'line': 376, 'column': 36, 'index': 12134}","  374 |
  375 |     expect($nav.attributes('tabindex')).toEqual('-1')
> 376 |     expect($buttons.length).toEqual(5)
      |                                    ^ Magic Number
  377 |     expect(wrapper.find('.b-calendar>div>div[role=""application""]').attributes('tabindex')).toEqual(
  378 |       '-1'
  379 |     )"
/home/gabriel/Disk/Research/research-javascript-test-smells/repositories/bootstrap-vue-dev/src/components/calendar/calendar.spec.js,Magic Number,"{'line': 393, 'column': 33, 'index': 12596}","  391 |     const $buttons = $nav.findAll('button')
  392 |
> 393 |     expect($buttons.length).toBe(5)
      |                                 ^ Magic Number
  394 |     expect($buttons.at(0).classes()).toContain('btn-outline-primary')
  395 |     expect($buttons.at(1).classes()).toContain('btn-outline-primary')
  396 |     expect($buttons.at(2).classes()).toContain('btn-outline-primary')"
/home/gabriel/Disk/Research/research-javascript-test-smells/repositories/bootstrap-vue-dev/src/components/button-toolbar/button-toolbar.spec.js,Duplicate Assert,"{'line': 44, 'column': 4, 'index': 1406}","  42 |       }
  43 |     })
> 44 |     expect(wrapper.classes()).toContain('justify-content-between')
     |    ^ Duplicate Assert
  45 |     expect(wrapper.classes()).toContain('btn-toolbar')
  46 |     wrapper.destroy()
  47 |   })"
/home/gabriel/Disk/Research/research-javascript-test-smells/repositories/bootstrap-vue-dev/src/components/button-toolbar/button-toolbar.spec.js,Duplicate Assert,"{'line': 45, 'column': 4, 'index': 1473}","  43 |     })
  44 |     expect(wrapper.classes()).toContain('justify-content-between')
> 45 |     expect(wrapper.classes()).toContain('btn-toolbar')
     |    ^ Duplicate Assert
  46 |     wrapper.destroy()
  47 |   })
  48 |"
/home/gabriel/Disk/Research/research-javascript-test-smells/repositories/bootstrap-vue-dev/src/components/button-toolbar/button-toolbar.spec.js,Duplicate Assert,"{'line': 55, 'column': 4, 'index': 1723}","  53 |       }
  54 |     })
> 55 |     expect(wrapper.attributes('tabindex')).toBeDefined()
     |    ^ Duplicate Assert
  56 |     expect(wrapper.attributes('tabindex')).toBe('0')
  57 |     expect(wrapper.element.tabIndex).toBe(0)
  58 |     wrapper.destroy()"
/home/gabriel/Disk/Research/research-javascript-test-smells/repositories/bootstrap-vue-dev/src/components/button-toolbar/button-toolbar.spec.js,Duplicate Assert,"{'line': 56, 'column': 4, 'index': 1780}","  54 |     })
  55 |     expect(wrapper.attributes('tabindex')).toBeDefined()
> 56 |     expect(wrapper.attributes('tabindex')).toBe('0')
     |    ^ Duplicate Assert
  57 |     expect(wrapper.element.tabIndex).toBe(0)
  58 |     wrapper.destroy()
  59 |   })"
/home/gabriel/Disk/Research/research-javascript-test-smells/repositories/bootstrap-vue-dev/src/components/button-toolbar/button-toolbar.spec.js,Duplicate Assert,"{'line': 135, 'column': 6, 'index': 4418}","  133 |       expect($btns.length).toBe(6)
  134 |
> 135 |       expect(document.activeElement).not.toBe(wrapper.element)
      |      ^ Duplicate Assert
  136 |       expect(document.activeElement).not.toBe($btns.at(0).element)
  137 |
  138 |       await wrapper.trigger('focusin')"
/home/gabriel/Disk/Research/research-javascript-test-smells/repositories/bootstrap-vue-dev/src/components/button-toolbar/button-toolbar.spec.js,Duplicate Assert,"{'line': 136, 'column': 6, 'index': 4481}","  134 |
  135 |       expect(document.activeElement).not.toBe(wrapper.element)
> 136 |       expect(document.activeElement).not.toBe($btns.at(0).element)
      |      ^ Duplicate Assert
  137 |
  138 |       await wrapper.trigger('focusin')
  139 |       expect(document.activeElement).toBe($btns.at(0).element)"
/home/gabriel/Disk/Research/research-javascript-test-smells/repositories/bootstrap-vue-dev/src/components/button-toolbar/button-toolbar.spec.js,Duplicate Assert,"{'line': 139, 'column': 6, 'index': 4588}","  137 |
  138 |       await wrapper.trigger('focusin')
> 139 |       expect(document.activeElement).toBe($btns.at(0).element)
      |      ^ Duplicate Assert
  140 |
  141 |       wrapper.destroy()
  142 |     })"
/home/gabriel/Disk/Research/research-javascript-test-smells/repositories/bootstrap-vue-dev/src/components/button-toolbar/button-toolbar.spec.js,Duplicate Assert,"{'line': 160, 'column': 6, 'index': 5143}","  158 |       // Focus first button
  159 |       $btns.at(0).element.focus()
> 160 |       expect(document.activeElement).toBe($btns.at(0).element)
      |      ^ Duplicate Assert
  161 |
  162 |       // Cursor right
  163 |       await $btns.at(0).trigger('keydown.right')"
/home/gabriel/Disk/Research/research-javascript-test-smells/repositories/bootstrap-vue-dev/src/components/button-toolbar/button-toolbar.spec.js,Duplicate Assert,"{'line': 160, 'column': 6, 'index': 5143}","  158 |       // Focus first button
  159 |       $btns.at(0).element.focus()
> 160 |       expect(document.activeElement).toBe($btns.at(0).element)
      |      ^ Duplicate Assert
  161 |
  162 |       // Cursor right
  163 |       await $btns.at(0).trigger('keydown.right')"
/home/gabriel/Disk/Research/research-javascript-test-smells/repositories/bootstrap-vue-dev/src/components/button-toolbar/button-toolbar.spec.js,Duplicate Assert,"{'line': 164, 'column': 6, 'index': 5278}","  162 |       // Cursor right
  163 |       await $btns.at(0).trigger('keydown.right')
> 164 |       expect(document.activeElement).toBe($btns.at(1).element)
      |      ^ Duplicate Assert
  165 |
  166 |       // Cursor right (skips disabled button)
  167 |       await $btns.at(1).trigger('keydown.right')"
/home/gabriel/Disk/Research/research-javascript-test-smells/repositories/bootstrap-vue-dev/src/components/button-toolbar/button-toolbar.spec.js,Duplicate Assert,"{'line': 168, 'column': 6, 'index': 5437}","  166 |       // Cursor right (skips disabled button)
  167 |       await $btns.at(1).trigger('keydown.right')
> 168 |       expect(document.activeElement).toBe($btns.at(3).element)
      |      ^ Duplicate Assert
  169 |
  170 |       // Cursor shift-right (focuses last button)
  171 |       await $btns.at(1).trigger('keydown.right', { shiftKey: true })"
/home/gabriel/Disk/Research/research-javascript-test-smells/repositories/bootstrap-vue-dev/src/components/button-toolbar/button-toolbar.spec.js,Duplicate Assert,"{'line': 172, 'column': 6, 'index': 5620}","  170 |       // Cursor shift-right (focuses last button)
  171 |       await $btns.at(1).trigger('keydown.right', { shiftKey: true })
> 172 |       expect(document.activeElement).toBe($btns.at(5).element)
      |      ^ Duplicate Assert
  173 |
  174 |       // Cursor left
  175 |       await $btns.at(5).trigger('keydown.left')"
/home/gabriel/Disk/Research/research-javascript-test-smells/repositories/bootstrap-vue-dev/src/components/button-toolbar/button-toolbar.spec.js,Duplicate Assert,"{'line': 176, 'column': 6, 'index': 5753}","  174 |       // Cursor left
  175 |       await $btns.at(5).trigger('keydown.left')
> 176 |       expect(document.activeElement).toBe($btns.at(4).element)
      |      ^ Duplicate Assert
  177 |
  178 |       // Cursor shift left (focuses first button)
  179 |       await $btns.at(5).trigger('keydown.left', { shiftKey: true })"
/home/gabriel/Disk/Research/research-javascript-test-smells/repositories/bootstrap-vue-dev/src/components/button-toolbar/button-toolbar.spec.js,Duplicate Assert,"{'line': 180, 'column': 6, 'index': 5935}","  178 |       // Cursor shift left (focuses first button)
  179 |       await $btns.at(5).trigger('keydown.left', { shiftKey: true })
> 180 |       expect(document.activeElement).toBe($btns.at(0).element)
      |      ^ Duplicate Assert
  181 |
  182 |       wrapper.destroy()
  183 |     })"
/home/gabriel/Disk/Research/research-javascript-test-smells/repositories/bootstrap-vue-dev/src/components/button-toolbar/button-toolbar.spec.js,Duplicate Assert,"{'line': 180, 'column': 6, 'index': 5935}","  178 |       // Cursor shift left (focuses first button)
  179 |       await $btns.at(5).trigger('keydown.left', { shiftKey: true })
> 180 |       expect(document.activeElement).toBe($btns.at(0).element)
      |      ^ Duplicate Assert
  181 |
  182 |       wrapper.destroy()
  183 |     })"
/home/gabriel/Disk/Research/research-javascript-test-smells/repositories/bootstrap-vue-dev/src/components/button-toolbar/button-toolbar.spec.js,Magic Number,"{'line': 57, 'column': 42, 'index': 1871}","  55 |     expect(wrapper.attributes('tabindex')).toBeDefined()
  56 |     expect(wrapper.attributes('tabindex')).toBe('0')
> 57 |     expect(wrapper.element.tabIndex).toBe(0)
     |                                          ^ Magic Number
  58 |     wrapper.destroy()
  59 |   })
  60 |"
/home/gabriel/Disk/Research/research-javascript-test-smells/repositories/bootstrap-vue-dev/src/components/button-toolbar/button-toolbar.spec.js,Magic Number,"{'line': 106, 'column': 34, 'index': 3369}","  104 |       const $groups = wrapper.findAllComponents(BButtonGroup)
  105 |       expect($groups).toBeDefined()
> 106 |       expect($groups.length).toBe(3)
      |                                  ^ Magic Number
  107 |
  108 |       const $btns = wrapper.findAll('button')
  109 |       expect($btns).toBeDefined()"
/home/gabriel/Disk/Research/research-javascript-test-smells/repositories/bootstrap-vue-dev/src/components/button-toolbar/button-toolbar.spec.js,Magic Number,"{'line': 110, 'column': 32, 'index': 3485}","  108 |       const $btns = wrapper.findAll('button')
  109 |       expect($btns).toBeDefined()
> 110 |       expect($btns.length).toBe(6)
      |                                ^ Magic Number
  111 |       expect($btns.at(0).element.matches('button[tabindex=""-1""')).toBe(true)
  112 |       expect($btns.at(1).element.matches('button[tabindex=""-1""')).toBe(true)
  113 |       expect($btns.at(2).element.matches('button[tabindex=""-1""')).toBe(false) // Disabled button"
/home/gabriel/Disk/Research/research-javascript-test-smells/repositories/bootstrap-vue-dev/src/components/button-toolbar/button-toolbar.spec.js,Magic Number,"{'line': 133, 'column': 32, 'index': 4408}","  131 |       const $btns = wrapper.findAll('button')
  132 |       expect($btns).toBeDefined()
> 133 |       expect($btns.length).toBe(6)
      |                                ^ Magic Number
  134 |
  135 |       expect(document.activeElement).not.toBe(wrapper.element)
  136 |       expect(document.activeElement).not.toBe($btns.at(0).element)"
/home/gabriel/Disk/Research/research-javascript-test-smells/repositories/bootstrap-vue-dev/src/components/button-toolbar/button-toolbar.spec.js,Magic Number,"{'line': 156, 'column': 32, 'index': 5071}","  154 |       const $btns = wrapper.findAll('button')
  155 |       expect($btns).toBeDefined()
> 156 |       expect($btns.length).toBe(6)
      |                                ^ Magic Number
  157 |
  158 |       // Focus first button
  159 |       $btns.at(0).element.focus()"
/home/gabriel/Disk/Research/research-javascript-test-smells/repositories/bootstrap-vue-dev/src/components/button-group/button-group.spec.js,Duplicate Assert,"{'line': 11, 'column': 4, 'index': 364}","   9 |     expect(wrapper.classes()).toContain('btn-group')
  10 |     expect(wrapper.classes().length).toBe(1)
> 11 |     expect(wrapper.attributes('role')).toBeDefined()
     |    ^ Duplicate Assert
  12 |     expect(wrapper.attributes('role')).toBe('group')
  13 |     expect(wrapper.text()).toBe('')
  14 |"
/home/gabriel/Disk/Research/research-javascript-test-smells/repositories/bootstrap-vue-dev/src/components/button-group/button-group.spec.js,Duplicate Assert,"{'line': 12, 'column': 4, 'index': 417}","  10 |     expect(wrapper.classes().length).toBe(1)
  11 |     expect(wrapper.attributes('role')).toBeDefined()
> 12 |     expect(wrapper.attributes('role')).toBe('group')
     |    ^ Duplicate Assert
  13 |     expect(wrapper.text()).toBe('')
  14 |
  15 |     wrapper.destroy()"
/home/gabriel/Disk/Research/research-javascript-test-smells/repositories/bootstrap-vue-dev/src/components/button-group/button-group.spec.js,Duplicate Assert,"{'line': 28, 'column': 4, 'index': 842}","  26 |     expect(wrapper.classes()).toContain('btn-group')
  27 |     expect(wrapper.classes().length).toBe(1)
> 28 |     expect(wrapper.attributes('role')).toBeDefined()
     |    ^ Duplicate Assert
  29 |     expect(wrapper.attributes('role')).toBe('group')
  30 |     expect(wrapper.find('span').exists()).toBe(true)
  31 |     expect(wrapper.text()).toBe('foobar')"
/home/gabriel/Disk/Research/research-javascript-test-smells/repositories/bootstrap-vue-dev/src/components/button-group/button-group.spec.js,Duplicate Assert,"{'line': 29, 'column': 4, 'index': 895}","  27 |     expect(wrapper.classes().length).toBe(1)
  28 |     expect(wrapper.attributes('role')).toBeDefined()
> 29 |     expect(wrapper.attributes('role')).toBe('group')
     |    ^ Duplicate Assert
  30 |     expect(wrapper.find('span').exists()).toBe(true)
  31 |     expect(wrapper.text()).toBe('foobar')
  32 |"
/home/gabriel/Disk/Research/research-javascript-test-smells/repositories/bootstrap-vue-dev/src/components/button-group/button-group.spec.js,Duplicate Assert,"{'line': 44, 'column': 4, 'index': 1270}","  42 |
  43 |     expect(wrapper.element.tagName).toBe('DIV')
> 44 |     expect(wrapper.classes()).toContain('btn-group-vertical')
     |    ^ Duplicate Assert
  45 |     expect(wrapper.classes()).not.toContain('btn-group')
  46 |     expect(wrapper.classes().length).toBe(1)
  47 |"
/home/gabriel/Disk/Research/research-javascript-test-smells/repositories/bootstrap-vue-dev/src/components/button-group/button-group.spec.js,Duplicate Assert,"{'line': 45, 'column': 4, 'index': 1332}","  43 |     expect(wrapper.element.tagName).toBe('DIV')
  44 |     expect(wrapper.classes()).toContain('btn-group-vertical')
> 45 |     expect(wrapper.classes()).not.toContain('btn-group')
     |    ^ Duplicate Assert
  46 |     expect(wrapper.classes().length).toBe(1)
  47 |
  48 |     wrapper.destroy()"
/home/gabriel/Disk/Research/research-javascript-test-smells/repositories/bootstrap-vue-dev/src/components/button-group/button-group.spec.js,Duplicate Assert,"{'line': 59, 'column': 4, 'index': 1653}","  57 |
  58 |     expect(wrapper.element.tagName).toBe('DIV')
> 59 |     expect(wrapper.classes()).toContain('btn-group')
     |    ^ Duplicate Assert
  60 |     expect(wrapper.classes()).toContain('btn-group-sm')
  61 |     expect(wrapper.classes().length).toBe(2)
  62 |"
/home/gabriel/Disk/Research/research-javascript-test-smells/repositories/bootstrap-vue-dev/src/components/button-group/button-group.spec.js,Duplicate Assert,"{'line': 60, 'column': 4, 'index': 1706}","  58 |     expect(wrapper.element.tagName).toBe('DIV')
  59 |     expect(wrapper.classes()).toContain('btn-group')
> 60 |     expect(wrapper.classes()).toContain('btn-group-sm')
     |    ^ Duplicate Assert
  61 |     expect(wrapper.classes().length).toBe(2)
  62 |
  63 |     wrapper.destroy()"
/home/gabriel/Disk/Research/research-javascript-test-smells/repositories/bootstrap-vue-dev/src/components/button-group/button-group.spec.js,Duplicate Assert,"{'line': 75, 'column': 4, 'index': 2064}","  73 |
  74 |     expect(wrapper.element.tagName).toBe('DIV')
> 75 |     expect(wrapper.classes()).toContain('btn-group-sm')
     |    ^ Duplicate Assert
  76 |     expect(wrapper.classes()).toContain('btn-group-vertical')
  77 |     expect(wrapper.classes()).not.toContain('btn-group')
  78 |     expect(wrapper.classes().length).toBe(2)"
/home/gabriel/Disk/Research/research-javascript-test-smells/repositories/bootstrap-vue-dev/src/components/button-group/button-group.spec.js,Duplicate Assert,"{'line': 76, 'column': 4, 'index': 2120}","  74 |     expect(wrapper.element.tagName).toBe('DIV')
  75 |     expect(wrapper.classes()).toContain('btn-group-sm')
> 76 |     expect(wrapper.classes()).toContain('btn-group-vertical')
     |    ^ Duplicate Assert
  77 |     expect(wrapper.classes()).not.toContain('btn-group')
  78 |     expect(wrapper.classes().length).toBe(2)
  79 |"
/home/gabriel/Disk/Research/research-javascript-test-smells/repositories/bootstrap-vue-dev/src/components/button-group/button-group.spec.js,Duplicate Assert,"{'line': 77, 'column': 4, 'index': 2182}","  75 |     expect(wrapper.classes()).toContain('btn-group-sm')
  76 |     expect(wrapper.classes()).toContain('btn-group-vertical')
> 77 |     expect(wrapper.classes()).not.toContain('btn-group')
     |    ^ Duplicate Assert
  78 |     expect(wrapper.classes().length).toBe(2)
  79 |
  80 |     wrapper.destroy()"
/home/gabriel/Disk/Research/research-javascript-test-smells/repositories/bootstrap-vue-dev/src/components/button-group/button-group.spec.js,Duplicate Assert,"{'line': 93, 'column': 4, 'index': 2625}","  91 |     expect(wrapper.classes()).toContain('btn-group')
  92 |     expect(wrapper.classes().length).toBe(1)
> 93 |     expect(wrapper.attributes('role')).toBeDefined()
     |    ^ Duplicate Assert
  94 |     expect(wrapper.attributes('role')).toBe('foobar')
  95 |
  96 |     wrapper.destroy()"
/home/gabriel/Disk/Research/research-javascript-test-smells/repositories/bootstrap-vue-dev/src/components/button-group/button-group.spec.js,Duplicate Assert,"{'line': 94, 'column': 4, 'index': 2678}","  92 |     expect(wrapper.classes().length).toBe(1)
  93 |     expect(wrapper.attributes('role')).toBeDefined()
> 94 |     expect(wrapper.attributes('role')).toBe('foobar')
     |    ^ Duplicate Assert
  95 |
  96 |     wrapper.destroy()
  97 |   })"
/home/gabriel/Disk/Research/research-javascript-test-smells/repositories/bootstrap-vue-dev/src/components/button-group/button-group.spec.js,Magic Number,"{'line': 10, 'column': 42, 'index': 357}","   8 |     expect(wrapper.element.tagName).toBe('DIV')
   9 |     expect(wrapper.classes()).toContain('btn-group')
> 10 |     expect(wrapper.classes().length).toBe(1)
     |                                          ^ Magic Number
  11 |     expect(wrapper.attributes('role')).toBeDefined()
  12 |     expect(wrapper.attributes('role')).toBe('group')
  13 |     expect(wrapper.text()).toBe('')"
/home/gabriel/Disk/Research/research-javascript-test-smells/repositories/bootstrap-vue-dev/src/components/button-group/button-group.spec.js,Magic Number,"{'line': 27, 'column': 42, 'index': 835}","  25 |     expect(wrapper.element.tagName).toBe('DIV')
  26 |     expect(wrapper.classes()).toContain('btn-group')
> 27 |     expect(wrapper.classes().length).toBe(1)
     |                                          ^ Magic Number
  28 |     expect(wrapper.attributes('role')).toBeDefined()
  29 |     expect(wrapper.attributes('role')).toBe('group')
  30 |     expect(wrapper.find('span').exists()).toBe(true)"
/home/gabriel/Disk/Research/research-javascript-test-smells/repositories/bootstrap-vue-dev/src/components/button-group/button-group.spec.js,Magic Number,"{'line': 46, 'column': 42, 'index': 1427}","  44 |     expect(wrapper.classes()).toContain('btn-group-vertical')
  45 |     expect(wrapper.classes()).not.toContain('btn-group')
> 46 |     expect(wrapper.classes().length).toBe(1)
     |                                          ^ Magic Number
  47 |
  48 |     wrapper.destroy()
  49 |   })"
/home/gabriel/Disk/Research/research-javascript-test-smells/repositories/bootstrap-vue-dev/src/components/button-group/button-group.spec.js,Magic Number,"{'line': 61, 'column': 42, 'index': 1800}","  59 |     expect(wrapper.classes()).toContain('btn-group')
  60 |     expect(wrapper.classes()).toContain('btn-group-sm')
> 61 |     expect(wrapper.classes().length).toBe(2)
     |                                          ^ Magic Number
  62 |
  63 |     wrapper.destroy()
  64 |   })"
/home/gabriel/Disk/Research/research-javascript-test-smells/repositories/bootstrap-vue-dev/src/components/button-group/button-group.spec.js,Magic Number,"{'line': 78, 'column': 42, 'index': 2277}","  76 |     expect(wrapper.classes()).toContain('btn-group-vertical')
  77 |     expect(wrapper.classes()).not.toContain('btn-group')
> 78 |     expect(wrapper.classes().length).toBe(2)
     |                                          ^ Magic Number
  79 |
  80 |     wrapper.destroy()
  81 |   })"
/home/gabriel/Disk/Research/research-javascript-test-smells/repositories/bootstrap-vue-dev/src/components/button-group/button-group.spec.js,Magic Number,"{'line': 92, 'column': 42, 'index': 2618}","  90 |     expect(wrapper.element.tagName).toBe('DIV')
  91 |     expect(wrapper.classes()).toContain('btn-group')
> 92 |     expect(wrapper.classes().length).toBe(1)
     |                                          ^ Magic Number
  93 |     expect(wrapper.attributes('role')).toBeDefined()
  94 |     expect(wrapper.attributes('role')).toBe('foobar')
  95 |"
/home/gabriel/Disk/Research/research-javascript-test-smells/repositories/bootstrap-vue-dev/src/components/button/button.spec.js,Duplicate Assert,"{'line': 9, 'column': 4, 'index': 250}","   7 |
   8 |     expect(wrapper.element.tagName).toBe('BUTTON')
>  9 |     expect(wrapper.attributes('type')).toBeDefined()
     |    ^ Duplicate Assert
  10 |     expect(wrapper.attributes('type')).toBe('button')
  11 |     expect(wrapper.classes()).toContain('btn')
  12 |     expect(wrapper.classes()).toContain('btn-secondary')"
/home/gabriel/Disk/Research/research-javascript-test-smells/repositories/bootstrap-vue-dev/src/components/button/button.spec.js,Duplicate Assert,"{'line': 10, 'column': 4, 'index': 303}","   8 |     expect(wrapper.element.tagName).toBe('BUTTON')
   9 |     expect(wrapper.attributes('type')).toBeDefined()
> 10 |     expect(wrapper.attributes('type')).toBe('button')
     |    ^ Duplicate Assert
  11 |     expect(wrapper.classes()).toContain('btn')
  12 |     expect(wrapper.classes()).toContain('btn-secondary')
  13 |     expect(wrapper.classes().length).toBe(2)"
/home/gabriel/Disk/Research/research-javascript-test-smells/repositories/bootstrap-vue-dev/src/components/button/button.spec.js,Duplicate Assert,"{'line': 11, 'column': 4, 'index': 357}","   9 |     expect(wrapper.attributes('type')).toBeDefined()
  10 |     expect(wrapper.attributes('type')).toBe('button')
> 11 |     expect(wrapper.classes()).toContain('btn')
     |    ^ Duplicate Assert
  12 |     expect(wrapper.classes()).toContain('btn-secondary')
  13 |     expect(wrapper.classes().length).toBe(2)
  14 |     expect(wrapper.attributes('href')).toBeUndefined()"
/home/gabriel/Disk/Research/research-javascript-test-smells/repositories/bootstrap-vue-dev/src/components/button/button.spec.js,Duplicate Assert,"{'line': 12, 'column': 4, 'index': 404}","  10 |     expect(wrapper.attributes('type')).toBe('button')
  11 |     expect(wrapper.classes()).toContain('btn')
> 12 |     expect(wrapper.classes()).toContain('btn-secondary')
     |    ^ Duplicate Assert
  13 |     expect(wrapper.classes().length).toBe(2)
  14 |     expect(wrapper.attributes('href')).toBeUndefined()
  15 |     expect(wrapper.attributes('role')).toBeUndefined()"
/home/gabriel/Disk/Research/research-javascript-test-smells/repositories/bootstrap-vue-dev/src/components/button/button.spec.js,Duplicate Assert,"{'line': 33, 'column': 4, 'index': 1152}","  31 |
  32 |     expect(wrapper.element.tagName).toBe('A')
> 33 |     expect(wrapper.attributes('href')).toBeDefined()
     |    ^ Duplicate Assert
  34 |     expect(wrapper.attributes('href')).toBe('/foo/bar')
  35 |     expect(wrapper.attributes('type')).toBeUndefined()
  36 |     expect(wrapper.classes()).toContain('btn')"
/home/gabriel/Disk/Research/research-javascript-test-smells/repositories/bootstrap-vue-dev/src/components/button/button.spec.js,Duplicate Assert,"{'line': 34, 'column': 4, 'index': 1205}","  32 |     expect(wrapper.element.tagName).toBe('A')
  33 |     expect(wrapper.attributes('href')).toBeDefined()
> 34 |     expect(wrapper.attributes('href')).toBe('/foo/bar')
     |    ^ Duplicate Assert
  35 |     expect(wrapper.attributes('type')).toBeUndefined()
  36 |     expect(wrapper.classes()).toContain('btn')
  37 |     expect(wrapper.classes()).toContain('btn-secondary')"
/home/gabriel/Disk/Research/research-javascript-test-smells/repositories/bootstrap-vue-dev/src/components/button/button.spec.js,Duplicate Assert,"{'line': 36, 'column': 4, 'index': 1316}","  34 |     expect(wrapper.attributes('href')).toBe('/foo/bar')
  35 |     expect(wrapper.attributes('type')).toBeUndefined()
> 36 |     expect(wrapper.classes()).toContain('btn')
     |    ^ Duplicate Assert
  37 |     expect(wrapper.classes()).toContain('btn-secondary')
  38 |     expect(wrapper.classes().length).toBe(2)
  39 |     expect(wrapper.attributes('role')).toBeUndefined()"
/home/gabriel/Disk/Research/research-javascript-test-smells/repositories/bootstrap-vue-dev/src/components/button/button.spec.js,Duplicate Assert,"{'line': 37, 'column': 4, 'index': 1363}","  35 |     expect(wrapper.attributes('type')).toBeUndefined()
  36 |     expect(wrapper.classes()).toContain('btn')
> 37 |     expect(wrapper.classes()).toContain('btn-secondary')
     |    ^ Duplicate Assert
  38 |     expect(wrapper.classes().length).toBe(2)
  39 |     expect(wrapper.attributes('role')).toBeUndefined()
  40 |     expect(wrapper.attributes('disabled')).toBeUndefined()"
/home/gabriel/Disk/Research/research-javascript-test-smells/repositories/bootstrap-vue-dev/src/components/button/button.spec.js,Duplicate Assert,"{'line': 57, 'column': 4, 'index': 2066}","  55 |
  56 |     expect(wrapper.element.tagName).toBe('BUTTON')
> 57 |     expect(wrapper.attributes('type')).toBeDefined()
     |    ^ Duplicate Assert
  58 |     expect(wrapper.attributes('type')).toBe('button')
  59 |     expect(wrapper.classes()).toContain('btn')
  60 |     expect(wrapper.classes()).toContain('btn-secondary')"
/home/gabriel/Disk/Research/research-javascript-test-smells/repositories/bootstrap-vue-dev/src/components/button/button.spec.js,Duplicate Assert,"{'line': 58, 'column': 4, 'index': 2119}","  56 |     expect(wrapper.element.tagName).toBe('BUTTON')
  57 |     expect(wrapper.attributes('type')).toBeDefined()
> 58 |     expect(wrapper.attributes('type')).toBe('button')
     |    ^ Duplicate Assert
  59 |     expect(wrapper.classes()).toContain('btn')
  60 |     expect(wrapper.classes()).toContain('btn-secondary')
  61 |     expect(wrapper.classes().length).toBe(2)"
/home/gabriel/Disk/Research/research-javascript-test-smells/repositories/bootstrap-vue-dev/src/components/button/button.spec.js,Duplicate Assert,"{'line': 59, 'column': 4, 'index': 2173}","  57 |     expect(wrapper.attributes('type')).toBeDefined()
  58 |     expect(wrapper.attributes('type')).toBe('button')
> 59 |     expect(wrapper.classes()).toContain('btn')
     |    ^ Duplicate Assert
  60 |     expect(wrapper.classes()).toContain('btn-secondary')
  61 |     expect(wrapper.classes().length).toBe(2)
  62 |     expect(wrapper.find('span').exists()).toBe(true)"
/home/gabriel/Disk/Research/research-javascript-test-smells/repositories/bootstrap-vue-dev/src/components/button/button.spec.js,Duplicate Assert,"{'line': 60, 'column': 4, 'index': 2220}","  58 |     expect(wrapper.attributes('type')).toBe('button')
  59 |     expect(wrapper.classes()).toContain('btn')
> 60 |     expect(wrapper.classes()).toContain('btn-secondary')
     |    ^ Duplicate Assert
  61 |     expect(wrapper.classes().length).toBe(2)
  62 |     expect(wrapper.find('span').exists()).toBe(true)
  63 |     expect(wrapper.text()).toBe('foobar')"
/home/gabriel/Disk/Research/research-javascript-test-smells/repositories/bootstrap-vue-dev/src/components/button/button.spec.js,Duplicate Assert,"{'line': 76, 'column': 4, 'index': 2639}","  74 |
  75 |     expect(wrapper.element.tagName).toBe('BUTTON')
> 76 |     expect(wrapper.attributes('type')).toBeDefined()
     |    ^ Duplicate Assert
  77 |     expect(wrapper.attributes('type')).toBe('button')
  78 |     expect(wrapper.classes()).toContain('btn')
  79 |     expect(wrapper.classes()).toContain('btn-danger')"
/home/gabriel/Disk/Research/research-javascript-test-smells/repositories/bootstrap-vue-dev/src/components/button/button.spec.js,Duplicate Assert,"{'line': 77, 'column': 4, 'index': 2692}","  75 |     expect(wrapper.element.tagName).toBe('BUTTON')
  76 |     expect(wrapper.attributes('type')).toBeDefined()
> 77 |     expect(wrapper.attributes('type')).toBe('button')
     |    ^ Duplicate Assert
  78 |     expect(wrapper.classes()).toContain('btn')
  79 |     expect(wrapper.classes()).toContain('btn-danger')
  80 |     expect(wrapper.classes().length).toBe(2)"
/home/gabriel/Disk/Research/research-javascript-test-smells/repositories/bootstrap-vue-dev/src/components/button/button.spec.js,Duplicate Assert,"{'line': 78, 'column': 4, 'index': 2746}","  76 |     expect(wrapper.attributes('type')).toBeDefined()
  77 |     expect(wrapper.attributes('type')).toBe('button')
> 78 |     expect(wrapper.classes()).toContain('btn')
     |    ^ Duplicate Assert
  79 |     expect(wrapper.classes()).toContain('btn-danger')
  80 |     expect(wrapper.classes().length).toBe(2)
  81 |"
/home/gabriel/Disk/Research/research-javascript-test-smells/repositories/bootstrap-vue-dev/src/components/button/button.spec.js,Duplicate Assert,"{'line': 79, 'column': 4, 'index': 2793}","  77 |     expect(wrapper.attributes('type')).toBe('button')
  78 |     expect(wrapper.classes()).toContain('btn')
> 79 |     expect(wrapper.classes()).toContain('btn-danger')
     |    ^ Duplicate Assert
  80 |     expect(wrapper.classes().length).toBe(2)
  81 |
  82 |     wrapper.destroy()"
/home/gabriel/Disk/Research/research-javascript-test-smells/repositories/bootstrap-vue-dev/src/components/button/button.spec.js,Duplicate Assert,"{'line': 93, 'column': 4, 'index': 3106}","  91 |
  92 |     expect(wrapper.element.tagName).toBe('BUTTON')
> 93 |     expect(wrapper.attributes('type')).toBeDefined()
     |    ^ Duplicate Assert
  94 |     expect(wrapper.attributes('type')).toBe('button')
  95 |     expect(wrapper.classes()).toContain('btn')
  96 |     expect(wrapper.classes()).toContain('btn-secondary')"
/home/gabriel/Disk/Research/research-javascript-test-smells/repositories/bootstrap-vue-dev/src/components/button/button.spec.js,Duplicate Assert,"{'line': 94, 'column': 4, 'index': 3159}","  92 |     expect(wrapper.element.tagName).toBe('BUTTON')
  93 |     expect(wrapper.attributes('type')).toBeDefined()
> 94 |     expect(wrapper.attributes('type')).toBe('button')
     |    ^ Duplicate Assert
  95 |     expect(wrapper.classes()).toContain('btn')
  96 |     expect(wrapper.classes()).toContain('btn-secondary')
  97 |     expect(wrapper.classes()).toContain('btn-block')"
/home/gabriel/Disk/Research/research-javascript-test-smells/repositories/bootstrap-vue-dev/src/components/button/button.spec.js,Duplicate Assert,"{'line': 95, 'column': 4, 'index': 3213}","  93 |     expect(wrapper.attributes('type')).toBeDefined()
  94 |     expect(wrapper.attributes('type')).toBe('button')
> 95 |     expect(wrapper.classes()).toContain('btn')
     |    ^ Duplicate Assert
  96 |     expect(wrapper.classes()).toContain('btn-secondary')
  97 |     expect(wrapper.classes()).toContain('btn-block')
  98 |     expect(wrapper.classes().length).toBe(3)"
/home/gabriel/Disk/Research/research-javascript-test-smells/repositories/bootstrap-vue-dev/src/components/button/button.spec.js,Duplicate Assert,"{'line': 96, 'column': 4, 'index': 3260}","  94 |     expect(wrapper.attributes('type')).toBe('button')
  95 |     expect(wrapper.classes()).toContain('btn')
> 96 |     expect(wrapper.classes()).toContain('btn-secondary')
     |    ^ Duplicate Assert
  97 |     expect(wrapper.classes()).toContain('btn-block')
  98 |     expect(wrapper.classes().length).toBe(3)
  99 |"
/home/gabriel/Disk/Research/research-javascript-test-smells/repositories/bootstrap-vue-dev/src/components/button/button.spec.js,Duplicate Assert,"{'line': 97, 'column': 4, 'index': 3317}","   95 |     expect(wrapper.classes()).toContain('btn')
   96 |     expect(wrapper.classes()).toContain('btn-secondary')
>  97 |     expect(wrapper.classes()).toContain('btn-block')
      |    ^ Duplicate Assert
   98 |     expect(wrapper.classes().length).toBe(3)
   99 |
  100 |     wrapper.destroy()"
/home/gabriel/Disk/Research/research-javascript-test-smells/repositories/bootstrap-vue-dev/src/components/button/button.spec.js,Duplicate Assert,"{'line': 111, 'column': 4, 'index': 3654}","  109 |
  110 |     expect(wrapper.element.tagName).toBe('BUTTON')
> 111 |     expect(wrapper.attributes('type')).toBeDefined()
      |    ^ Duplicate Assert
  112 |     expect(wrapper.attributes('type')).toBe('button')
  113 |     expect(wrapper.classes()).toContain('btn')
  114 |     expect(wrapper.classes()).toContain('btn-secondary')"
/home/gabriel/Disk/Research/research-javascript-test-smells/repositories/bootstrap-vue-dev/src/components/button/button.spec.js,Duplicate Assert,"{'line': 112, 'column': 4, 'index': 3707}","  110 |     expect(wrapper.element.tagName).toBe('BUTTON')
  111 |     expect(wrapper.attributes('type')).toBeDefined()
> 112 |     expect(wrapper.attributes('type')).toBe('button')
      |    ^ Duplicate Assert
  113 |     expect(wrapper.classes()).toContain('btn')
  114 |     expect(wrapper.classes()).toContain('btn-secondary')
  115 |     expect(wrapper.classes()).toContain('rounded-pill')"
/home/gabriel/Disk/Research/research-javascript-test-smells/repositories/bootstrap-vue-dev/src/components/button/button.spec.js,Duplicate Assert,"{'line': 113, 'column': 4, 'index': 3761}","  111 |     expect(wrapper.attributes('type')).toBeDefined()
  112 |     expect(wrapper.attributes('type')).toBe('button')
> 113 |     expect(wrapper.classes()).toContain('btn')
      |    ^ Duplicate Assert
  114 |     expect(wrapper.classes()).toContain('btn-secondary')
  115 |     expect(wrapper.classes()).toContain('rounded-pill')
  116 |     expect(wrapper.classes().length).toBe(3)"
/home/gabriel/Disk/Research/research-javascript-test-smells/repositories/bootstrap-vue-dev/src/components/button/button.spec.js,Duplicate Assert,"{'line': 114, 'column': 4, 'index': 3808}","  112 |     expect(wrapper.attributes('type')).toBe('button')
  113 |     expect(wrapper.classes()).toContain('btn')
> 114 |     expect(wrapper.classes()).toContain('btn-secondary')
      |    ^ Duplicate Assert
  115 |     expect(wrapper.classes()).toContain('rounded-pill')
  116 |     expect(wrapper.classes().length).toBe(3)
  117 |"
/home/gabriel/Disk/Research/research-javascript-test-smells/repositories/bootstrap-vue-dev/src/components/button/button.spec.js,Duplicate Assert,"{'line': 115, 'column': 4, 'index': 3865}","  113 |     expect(wrapper.classes()).toContain('btn')
  114 |     expect(wrapper.classes()).toContain('btn-secondary')
> 115 |     expect(wrapper.classes()).toContain('rounded-pill')
      |    ^ Duplicate Assert
  116 |     expect(wrapper.classes().length).toBe(3)
  117 |
  118 |     wrapper.destroy()"
/home/gabriel/Disk/Research/research-javascript-test-smells/repositories/bootstrap-vue-dev/src/components/button/button.spec.js,Duplicate Assert,"{'line': 129, 'column': 4, 'index': 4208}","  127 |
  128 |     expect(wrapper.element.tagName).toBe('BUTTON')
> 129 |     expect(wrapper.attributes('type')).toBeDefined()
      |    ^ Duplicate Assert
  130 |     expect(wrapper.attributes('type')).toBe('button')
  131 |     expect(wrapper.classes()).toContain('btn')
  132 |     expect(wrapper.classes()).toContain('btn-secondary')"
/home/gabriel/Disk/Research/research-javascript-test-smells/repositories/bootstrap-vue-dev/src/components/button/button.spec.js,Duplicate Assert,"{'line': 130, 'column': 4, 'index': 4261}","  128 |     expect(wrapper.element.tagName).toBe('BUTTON')
  129 |     expect(wrapper.attributes('type')).toBeDefined()
> 130 |     expect(wrapper.attributes('type')).toBe('button')
      |    ^ Duplicate Assert
  131 |     expect(wrapper.classes()).toContain('btn')
  132 |     expect(wrapper.classes()).toContain('btn-secondary')
  133 |     expect(wrapper.classes()).toContain('rounded-0')"
/home/gabriel/Disk/Research/research-javascript-test-smells/repositories/bootstrap-vue-dev/src/components/button/button.spec.js,Duplicate Assert,"{'line': 131, 'column': 4, 'index': 4315}","  129 |     expect(wrapper.attributes('type')).toBeDefined()
  130 |     expect(wrapper.attributes('type')).toBe('button')
> 131 |     expect(wrapper.classes()).toContain('btn')
      |    ^ Duplicate Assert
  132 |     expect(wrapper.classes()).toContain('btn-secondary')
  133 |     expect(wrapper.classes()).toContain('rounded-0')
  134 |     expect(wrapper.classes().length).toBe(3)"
/home/gabriel/Disk/Research/research-javascript-test-smells/repositories/bootstrap-vue-dev/src/components/button/button.spec.js,Duplicate Assert,"{'line': 132, 'column': 4, 'index': 4362}","  130 |     expect(wrapper.attributes('type')).toBe('button')
  131 |     expect(wrapper.classes()).toContain('btn')
> 132 |     expect(wrapper.classes()).toContain('btn-secondary')
      |    ^ Duplicate Assert
  133 |     expect(wrapper.classes()).toContain('rounded-0')
  134 |     expect(wrapper.classes().length).toBe(3)
  135 |"
/home/gabriel/Disk/Research/research-javascript-test-smells/repositories/bootstrap-vue-dev/src/components/button/button.spec.js,Duplicate Assert,"{'line': 133, 'column': 4, 'index': 4419}","  131 |     expect(wrapper.classes()).toContain('btn')
  132 |     expect(wrapper.classes()).toContain('btn-secondary')
> 133 |     expect(wrapper.classes()).toContain('rounded-0')
      |    ^ Duplicate Assert
  134 |     expect(wrapper.classes().length).toBe(3)
  135 |
  136 |     wrapper.destroy()"
/home/gabriel/Disk/Research/research-javascript-test-smells/repositories/bootstrap-vue-dev/src/components/button/button.spec.js,Duplicate Assert,"{'line': 148, 'column': 4, 'index': 4790}","  146 |     expect(wrapper.element.tagName).toBe('DIV')
  147 |     expect(wrapper.attributes('type')).toBeUndefined()
> 148 |     expect(wrapper.classes()).toContain('btn')
      |    ^ Duplicate Assert
  149 |     expect(wrapper.classes()).toContain('btn-secondary')
  150 |     expect(wrapper.classes().length).toBe(2)
  151 |     expect(wrapper.attributes('role')).toBe('button')"
/home/gabriel/Disk/Research/research-javascript-test-smells/repositories/bootstrap-vue-dev/src/components/button/button.spec.js,Duplicate Assert,"{'line': 149, 'column': 4, 'index': 4837}","  147 |     expect(wrapper.attributes('type')).toBeUndefined()
  148 |     expect(wrapper.classes()).toContain('btn')
> 149 |     expect(wrapper.classes()).toContain('btn-secondary')
      |    ^ Duplicate Assert
  150 |     expect(wrapper.classes().length).toBe(2)
  151 |     expect(wrapper.attributes('role')).toBe('button')
  152 |     expect(wrapper.attributes('aria-disabled')).toBe('false')"
/home/gabriel/Disk/Research/research-javascript-test-smells/repositories/bootstrap-vue-dev/src/components/button/button.spec.js,Duplicate Assert,"{'line': 170, 'column': 4, 'index': 5592}","  168 |     expect(wrapper.element.tagName).toBe('BUTTON')
  169 |     expect(wrapper.attributes('type')).toBe('button')
> 170 |     expect(wrapper.classes()).toContain('btn')
      |    ^ Duplicate Assert
  171 |     expect(wrapper.classes()).toContain('btn-secondary')
  172 |     expect(wrapper.classes()).toContain('disabled')
  173 |     expect(wrapper.classes().length).toBe(3)"
/home/gabriel/Disk/Research/research-javascript-test-smells/repositories/bootstrap-vue-dev/src/components/button/button.spec.js,Duplicate Assert,"{'line': 171, 'column': 4, 'index': 5639}","  169 |     expect(wrapper.attributes('type')).toBe('button')
  170 |     expect(wrapper.classes()).toContain('btn')
> 171 |     expect(wrapper.classes()).toContain('btn-secondary')
      |    ^ Duplicate Assert
  172 |     expect(wrapper.classes()).toContain('disabled')
  173 |     expect(wrapper.classes().length).toBe(3)
  174 |     expect(wrapper.attributes('aria-disabled')).toBeUndefined()"
/home/gabriel/Disk/Research/research-javascript-test-smells/repositories/bootstrap-vue-dev/src/components/button/button.spec.js,Duplicate Assert,"{'line': 172, 'column': 4, 'index': 5696}","  170 |     expect(wrapper.classes()).toContain('btn')
  171 |     expect(wrapper.classes()).toContain('btn-secondary')
> 172 |     expect(wrapper.classes()).toContain('disabled')
      |    ^ Duplicate Assert
  173 |     expect(wrapper.classes().length).toBe(3)
  174 |     expect(wrapper.attributes('aria-disabled')).toBeUndefined()
  175 |"
/home/gabriel/Disk/Research/research-javascript-test-smells/repositories/bootstrap-vue-dev/src/components/button/button.spec.js,Duplicate Assert,"{'line': 200, 'column': 4, 'index': 6387}","  198 |
  199 |     expect(wrapper.element.tagName).toBe('A')
> 200 |     expect(wrapper.classes()).toContain('btn')
      |    ^ Duplicate Assert
  201 |     expect(wrapper.classes()).toContain('btn-secondary')
  202 |     expect(wrapper.classes()).toContain('disabled')
  203 |     // Both <b-button> and <b-link> add the class 'disabled'"
/home/gabriel/Disk/Research/research-javascript-test-smells/repositories/bootstrap-vue-dev/src/components/button/button.spec.js,Duplicate Assert,"{'line': 201, 'column': 4, 'index': 6434}","  199 |     expect(wrapper.element.tagName).toBe('A')
  200 |     expect(wrapper.classes()).toContain('btn')
> 201 |     expect(wrapper.classes()).toContain('btn-secondary')
      |    ^ Duplicate Assert
  202 |     expect(wrapper.classes()).toContain('disabled')
  203 |     // Both <b-button> and <b-link> add the class 'disabled'
  204 |     // `vue-functional-data-merge` or Vue doesn't appear to de-dup classes"
/home/gabriel/Disk/Research/research-javascript-test-smells/repositories/bootstrap-vue-dev/src/components/button/button.spec.js,Duplicate Assert,"{'line': 202, 'column': 4, 'index': 6491}","  200 |     expect(wrapper.classes()).toContain('btn')
  201 |     expect(wrapper.classes()).toContain('btn-secondary')
> 202 |     expect(wrapper.classes()).toContain('disabled')
      |    ^ Duplicate Assert
  203 |     // Both <b-button> and <b-link> add the class 'disabled'
  204 |     // `vue-functional-data-merge` or Vue doesn't appear to de-dup classes
  205 |     // expect(wrapper.classes().length).toBe(3)"
/home/gabriel/Disk/Research/research-javascript-test-smells/repositories/bootstrap-vue-dev/src/components/button/button.spec.js,Duplicate Assert,"{'line': 207, 'column': 4, 'index': 6781}","  205 |     // expect(wrapper.classes().length).toBe(3)
  206 |     // Actually returns 4, as disabled is there twice
> 207 |     expect(wrapper.attributes('aria-disabled')).toBeDefined()
      |    ^ Duplicate Assert
  208 |     expect(wrapper.attributes('aria-disabled')).toBe('true')
  209 |     // Shouldn't have a role with href not `#`
  210 |     expect(wrapper.attributes('role')).not.toEqual('button')"
/home/gabriel/Disk/Research/research-javascript-test-smells/repositories/bootstrap-vue-dev/src/components/button/button.spec.js,Duplicate Assert,"{'line': 208, 'column': 4, 'index': 6843}","  206 |     // Actually returns 4, as disabled is there twice
  207 |     expect(wrapper.attributes('aria-disabled')).toBeDefined()
> 208 |     expect(wrapper.attributes('aria-disabled')).toBe('true')
      |    ^ Duplicate Assert
  209 |     // Shouldn't have a role with href not `#`
  210 |     expect(wrapper.attributes('role')).not.toEqual('button')
  211 |"
/home/gabriel/Disk/Research/research-javascript-test-smells/repositories/bootstrap-vue-dev/src/components/button/button.spec.js,Duplicate Assert,"{'line': 223, 'column': 4, 'index': 7244}","  221 |
  222 |     expect(wrapper.element.tagName).toBe('A')
> 223 |     expect(wrapper.classes()).toContain('btn')
      |    ^ Duplicate Assert
  224 |     expect(wrapper.classes()).toContain('btn-secondary')
  225 |     expect(wrapper.classes()).not.toContain('disabled')
  226 |     expect(wrapper.attributes('role')).toEqual('button')"
/home/gabriel/Disk/Research/research-javascript-test-smells/repositories/bootstrap-vue-dev/src/components/button/button.spec.js,Duplicate Assert,"{'line': 224, 'column': 4, 'index': 7291}","  222 |     expect(wrapper.element.tagName).toBe('A')
  223 |     expect(wrapper.classes()).toContain('btn')
> 224 |     expect(wrapper.classes()).toContain('btn-secondary')
      |    ^ Duplicate Assert
  225 |     expect(wrapper.classes()).not.toContain('disabled')
  226 |     expect(wrapper.attributes('role')).toEqual('button')
  227 |"
/home/gabriel/Disk/Research/research-javascript-test-smells/repositories/bootstrap-vue-dev/src/components/button/button.spec.js,Duplicate Assert,"{'line': 225, 'column': 4, 'index': 7348}","  223 |     expect(wrapper.classes()).toContain('btn')
  224 |     expect(wrapper.classes()).toContain('btn-secondary')
> 225 |     expect(wrapper.classes()).not.toContain('disabled')
      |    ^ Duplicate Assert
  226 |     expect(wrapper.attributes('role')).toEqual('button')
  227 |
  228 |     wrapper.destroy()"
/home/gabriel/Disk/Research/research-javascript-test-smells/repositories/bootstrap-vue-dev/src/components/button/button.spec.js,Duplicate Assert,"{'line': 244, 'column': 4, 'index': 7783}","  242 |
  243 |     expect(wrapper.element.tagName).toBe('BUTTON')
> 244 |     expect(called).toBe(0)
      |    ^ Duplicate Assert
  245 |     expect(event).toEqual(null)
  246 |     await wrapper.find('button').trigger('click')
  247 |     expect(called).toBe(1)"
/home/gabriel/Disk/Research/research-javascript-test-smells/repositories/bootstrap-vue-dev/src/components/button/button.spec.js,Duplicate Assert,"{'line': 245, 'column': 4, 'index': 7810}","  243 |     expect(wrapper.element.tagName).toBe('BUTTON')
  244 |     expect(called).toBe(0)
> 245 |     expect(event).toEqual(null)
      |    ^ Duplicate Assert
  246 |     await wrapper.find('button').trigger('click')
  247 |     expect(called).toBe(1)
  248 |     expect(event).toBeInstanceOf(MouseEvent)"
/home/gabriel/Disk/Research/research-javascript-test-smells/repositories/bootstrap-vue-dev/src/components/button/button.spec.js,Duplicate Assert,"{'line': 247, 'column': 4, 'index': 7892}","  245 |     expect(event).toEqual(null)
  246 |     await wrapper.find('button').trigger('click')
> 247 |     expect(called).toBe(1)
      |    ^ Duplicate Assert
  248 |     expect(event).toBeInstanceOf(MouseEvent)
  249 |
  250 |     wrapper.destroy()"
/home/gabriel/Disk/Research/research-javascript-test-smells/repositories/bootstrap-vue-dev/src/components/button/button.spec.js,Duplicate Assert,"{'line': 248, 'column': 4, 'index': 7919}","  246 |     await wrapper.find('button').trigger('click')
  247 |     expect(called).toBe(1)
> 248 |     expect(event).toBeInstanceOf(MouseEvent)
      |    ^ Duplicate Assert
  249 |
  250 |     wrapper.destroy()
  251 |   })"
/home/gabriel/Disk/Research/research-javascript-test-smells/repositories/bootstrap-vue-dev/src/components/button/button.spec.js,Duplicate Assert,"{'line': 269, 'column': 4, 'index': 8345}","  267 |
  268 |     expect(wrapper.element.tagName).toBe('A')
> 269 |     expect(wrapper.classes()).toContain('btn')
      |    ^ Duplicate Assert
  270 |     expect(wrapper.classes()).toContain('btn-secondary')
  271 |     expect(wrapper.classes()).not.toContain('disabled')
  272 |     expect(wrapper.attributes('role')).toEqual('button')"
/home/gabriel/Disk/Research/research-javascript-test-smells/repositories/bootstrap-vue-dev/src/components/button/button.spec.js,Duplicate Assert,"{'line': 270, 'column': 4, 'index': 8392}","  268 |     expect(wrapper.element.tagName).toBe('A')
  269 |     expect(wrapper.classes()).toContain('btn')
> 270 |     expect(wrapper.classes()).toContain('btn-secondary')
      |    ^ Duplicate Assert
  271 |     expect(wrapper.classes()).not.toContain('disabled')
  272 |     expect(wrapper.attributes('role')).toEqual('button')
  273 |"
/home/gabriel/Disk/Research/research-javascript-test-smells/repositories/bootstrap-vue-dev/src/components/button/button.spec.js,Duplicate Assert,"{'line': 271, 'column': 4, 'index': 8449}","  269 |     expect(wrapper.classes()).toContain('btn')
  270 |     expect(wrapper.classes()).toContain('btn-secondary')
> 271 |     expect(wrapper.classes()).not.toContain('disabled')
      |    ^ Duplicate Assert
  272 |     expect(wrapper.attributes('role')).toEqual('button')
  273 |
  274 |     expect(called).toBe(0)"
/home/gabriel/Disk/Research/research-javascript-test-smells/repositories/bootstrap-vue-dev/src/components/button/button.spec.js,Duplicate Assert,"{'line': 274, 'column': 4, 'index': 8563}","  272 |     expect(wrapper.attributes('role')).toEqual('button')
  273 |
> 274 |     expect(called).toBe(0)
      |    ^ Duplicate Assert
  275 |     expect(event).toEqual(null)
  276 |
  277 |     // We add keydown.space to make links act like buttons"
/home/gabriel/Disk/Research/research-javascript-test-smells/repositories/bootstrap-vue-dev/src/components/button/button.spec.js,Duplicate Assert,"{'line': 275, 'column': 4, 'index': 8590}","  273 |
  274 |     expect(called).toBe(0)
> 275 |     expect(event).toEqual(null)
      |    ^ Duplicate Assert
  276 |
  277 |     // We add keydown.space to make links act like buttons
  278 |     await wrapper.find('.btn').trigger('keydown.space')"
/home/gabriel/Disk/Research/research-javascript-test-smells/repositories/bootstrap-vue-dev/src/components/button/button.spec.js,Duplicate Assert,"{'line': 279, 'column': 4, 'index': 8738}","  277 |     // We add keydown.space to make links act like buttons
  278 |     await wrapper.find('.btn').trigger('keydown.space')
> 279 |     expect(called).toBe(1)
      |    ^ Duplicate Assert
  280 |     expect(event).toBeInstanceOf(Event)
  281 |
  282 |     // Links treat keydown.enter natively as a click"
/home/gabriel/Disk/Research/research-javascript-test-smells/repositories/bootstrap-vue-dev/src/components/button/button.spec.js,Duplicate Assert,"{'line': 280, 'column': 4, 'index': 8765}","  278 |     await wrapper.find('.btn').trigger('keydown.space')
  279 |     expect(called).toBe(1)
> 280 |     expect(event).toBeInstanceOf(Event)
      |    ^ Duplicate Assert
  281 |
  282 |     // Links treat keydown.enter natively as a click
  283 |"
/home/gabriel/Disk/Research/research-javascript-test-smells/repositories/bootstrap-vue-dev/src/components/button/button.spec.js,Duplicate Assert,"{'line': 301, 'column': 4, 'index': 9209}","  299 |
  300 |     expect(wrapper.element.tagName).toBe('BUTTON')
> 301 |     expect(called).toBe(0)
      |    ^ Duplicate Assert
  302 |     await wrapper.find('button').trigger('click')
  303 |     expect(called).toBe(0)
  304 |"
/home/gabriel/Disk/Research/research-javascript-test-smells/repositories/bootstrap-vue-dev/src/components/button/button.spec.js,Duplicate Assert,"{'line': 301, 'column': 4, 'index': 9209}","  299 |
  300 |     expect(wrapper.element.tagName).toBe('BUTTON')
> 301 |     expect(called).toBe(0)
      |    ^ Duplicate Assert
  302 |     await wrapper.find('button').trigger('click')
  303 |     expect(called).toBe(0)
  304 |"
/home/gabriel/Disk/Research/research-javascript-test-smells/repositories/bootstrap-vue-dev/src/components/button/button.spec.js,Duplicate Assert,"{'line': 303, 'column': 4, 'index': 9286}","  301 |     expect(called).toBe(0)
  302 |     await wrapper.find('button').trigger('click')
> 303 |     expect(called).toBe(0)
      |    ^ Duplicate Assert
  304 |
  305 |     wrapper.destroy()
  306 |   })"
/home/gabriel/Disk/Research/research-javascript-test-smells/repositories/bootstrap-vue-dev/src/components/button/button.spec.js,Duplicate Assert,"{'line': 303, 'column': 4, 'index': 9286}","  301 |     expect(called).toBe(0)
  302 |     await wrapper.find('button').trigger('click')
> 303 |     expect(called).toBe(0)
      |    ^ Duplicate Assert
  304 |
  305 |     wrapper.destroy()
  306 |   })"
/home/gabriel/Disk/Research/research-javascript-test-smells/repositories/bootstrap-vue-dev/src/components/button/button.spec.js,Duplicate Assert,"{'line': 315, 'column': 4, 'index': 9530}","  313 |     })
  314 |
> 315 |     expect(wrapper.classes()).not.toContain('active')
      |    ^ Duplicate Assert
  316 |     expect(wrapper.attributes('aria-pressed')).toBeUndefined()
  317 |     await wrapper.find('button').trigger('click')
  318 |     expect(wrapper.classes()).not.toContain('active')"
/home/gabriel/Disk/Research/research-javascript-test-smells/repositories/bootstrap-vue-dev/src/components/button/button.spec.js,Duplicate Assert,"{'line': 315, 'column': 4, 'index': 9530}","  313 |     })
  314 |
> 315 |     expect(wrapper.classes()).not.toContain('active')
      |    ^ Duplicate Assert
  316 |     expect(wrapper.attributes('aria-pressed')).toBeUndefined()
  317 |     await wrapper.find('button').trigger('click')
  318 |     expect(wrapper.classes()).not.toContain('active')"
/home/gabriel/Disk/Research/research-javascript-test-smells/repositories/bootstrap-vue-dev/src/components/button/button.spec.js,Duplicate Assert,"{'line': 316, 'column': 4, 'index': 9584}","  314 |
  315 |     expect(wrapper.classes()).not.toContain('active')
> 316 |     expect(wrapper.attributes('aria-pressed')).toBeUndefined()
      |    ^ Duplicate Assert
  317 |     await wrapper.find('button').trigger('click')
  318 |     expect(wrapper.classes()).not.toContain('active')
  319 |     expect(wrapper.attributes('aria-pressed')).toBeUndefined()"
/home/gabriel/Disk/Research/research-javascript-test-smells/repositories/bootstrap-vue-dev/src/components/button/button.spec.js,Duplicate Assert,"{'line': 316, 'column': 4, 'index': 9584}","  314 |
  315 |     expect(wrapper.classes()).not.toContain('active')
> 316 |     expect(wrapper.attributes('aria-pressed')).toBeUndefined()
      |    ^ Duplicate Assert
  317 |     await wrapper.find('button').trigger('click')
  318 |     expect(wrapper.classes()).not.toContain('active')
  319 |     expect(wrapper.attributes('aria-pressed')).toBeUndefined()"
/home/gabriel/Disk/Research/research-javascript-test-smells/repositories/bootstrap-vue-dev/src/components/button/button.spec.js,Duplicate Assert,"{'line': 318, 'column': 4, 'index': 9697}","  316 |     expect(wrapper.attributes('aria-pressed')).toBeUndefined()
  317 |     await wrapper.find('button').trigger('click')
> 318 |     expect(wrapper.classes()).not.toContain('active')
      |    ^ Duplicate Assert
  319 |     expect(wrapper.attributes('aria-pressed')).toBeUndefined()
  320 |     expect(wrapper.attributes('autocomplete')).toBeUndefined()
  321 |"
/home/gabriel/Disk/Research/research-javascript-test-smells/repositories/bootstrap-vue-dev/src/components/button/button.spec.js,Duplicate Assert,"{'line': 318, 'column': 4, 'index': 9697}","  316 |     expect(wrapper.attributes('aria-pressed')).toBeUndefined()
  317 |     await wrapper.find('button').trigger('click')
> 318 |     expect(wrapper.classes()).not.toContain('active')
      |    ^ Duplicate Assert
  319 |     expect(wrapper.attributes('aria-pressed')).toBeUndefined()
  320 |     expect(wrapper.attributes('autocomplete')).toBeUndefined()
  321 |"
/home/gabriel/Disk/Research/research-javascript-test-smells/repositories/bootstrap-vue-dev/src/components/button/button.spec.js,Duplicate Assert,"{'line': 319, 'column': 4, 'index': 9751}","  317 |     await wrapper.find('button').trigger('click')
  318 |     expect(wrapper.classes()).not.toContain('active')
> 319 |     expect(wrapper.attributes('aria-pressed')).toBeUndefined()
      |    ^ Duplicate Assert
  320 |     expect(wrapper.attributes('autocomplete')).toBeUndefined()
  321 |
  322 |     wrapper.destroy()"
/home/gabriel/Disk/Research/research-javascript-test-smells/repositories/bootstrap-vue-dev/src/components/button/button.spec.js,Duplicate Assert,"{'line': 319, 'column': 4, 'index': 9751}","  317 |     await wrapper.find('button').trigger('click')
  318 |     expect(wrapper.classes()).not.toContain('active')
> 319 |     expect(wrapper.attributes('aria-pressed')).toBeUndefined()
      |    ^ Duplicate Assert
  320 |     expect(wrapper.attributes('autocomplete')).toBeUndefined()
  321 |
  322 |     wrapper.destroy()"
/home/gabriel/Disk/Research/research-javascript-test-smells/repositories/bootstrap-vue-dev/src/components/button/button.spec.js,Duplicate Assert,"{'line': 333, 'column': 4, 'index': 10163}","  331 |
  332 |     expect(wrapper.classes()).not.toContain('active')
> 333 |     expect(wrapper.attributes('aria-pressed')).toBeDefined()
      |    ^ Duplicate Assert
  334 |     expect(wrapper.attributes('aria-pressed')).toBe('false')
  335 |     expect(wrapper.attributes('autocomplete')).toBeDefined()
  336 |     expect(wrapper.attributes('autocomplete')).toBe('off')"
/home/gabriel/Disk/Research/research-javascript-test-smells/repositories/bootstrap-vue-dev/src/components/button/button.spec.js,Duplicate Assert,"{'line': 334, 'column': 4, 'index': 10224}","  332 |     expect(wrapper.classes()).not.toContain('active')
  333 |     expect(wrapper.attributes('aria-pressed')).toBeDefined()
> 334 |     expect(wrapper.attributes('aria-pressed')).toBe('false')
      |    ^ Duplicate Assert
  335 |     expect(wrapper.attributes('autocomplete')).toBeDefined()
  336 |     expect(wrapper.attributes('autocomplete')).toBe('off')
  337 |"
/home/gabriel/Disk/Research/research-javascript-test-smells/repositories/bootstrap-vue-dev/src/components/button/button.spec.js,Duplicate Assert,"{'line': 335, 'column': 4, 'index': 10285}","  333 |     expect(wrapper.attributes('aria-pressed')).toBeDefined()
  334 |     expect(wrapper.attributes('aria-pressed')).toBe('false')
> 335 |     expect(wrapper.attributes('autocomplete')).toBeDefined()
      |    ^ Duplicate Assert
  336 |     expect(wrapper.attributes('autocomplete')).toBe('off')
  337 |
  338 |     wrapper.destroy()"
/home/gabriel/Disk/Research/research-javascript-test-smells/repositories/bootstrap-vue-dev/src/components/button/button.spec.js,Duplicate Assert,"{'line': 336, 'column': 4, 'index': 10346}","  334 |     expect(wrapper.attributes('aria-pressed')).toBe('false')
  335 |     expect(wrapper.attributes('autocomplete')).toBeDefined()
> 336 |     expect(wrapper.attributes('autocomplete')).toBe('off')
      |    ^ Duplicate Assert
  337 |
  338 |     wrapper.destroy()
  339 |   })"
/home/gabriel/Disk/Research/research-javascript-test-smells/repositories/bootstrap-vue-dev/src/components/button/button.spec.js,Duplicate Assert,"{'line': 349, 'column': 4, 'index': 10680}","  347 |
  348 |     expect(wrapper.classes()).toContain('active')
> 349 |     expect(wrapper.attributes('aria-pressed')).toBeDefined()
      |    ^ Duplicate Assert
  350 |     expect(wrapper.attributes('aria-pressed')).toBe('true')
  351 |     expect(wrapper.attributes('autocomplete')).toBeDefined()
  352 |     expect(wrapper.attributes('autocomplete')).toBe('off')"
/home/gabriel/Disk/Research/research-javascript-test-smells/repositories/bootstrap-vue-dev/src/components/button/button.spec.js,Duplicate Assert,"{'line': 350, 'column': 4, 'index': 10741}","  348 |     expect(wrapper.classes()).toContain('active')
  349 |     expect(wrapper.attributes('aria-pressed')).toBeDefined()
> 350 |     expect(wrapper.attributes('aria-pressed')).toBe('true')
      |    ^ Duplicate Assert
  351 |     expect(wrapper.attributes('autocomplete')).toBeDefined()
  352 |     expect(wrapper.attributes('autocomplete')).toBe('off')
  353 |"
/home/gabriel/Disk/Research/research-javascript-test-smells/repositories/bootstrap-vue-dev/src/components/button/button.spec.js,Duplicate Assert,"{'line': 351, 'column': 4, 'index': 10801}","  349 |     expect(wrapper.attributes('aria-pressed')).toBeDefined()
  350 |     expect(wrapper.attributes('aria-pressed')).toBe('true')
> 351 |     expect(wrapper.attributes('autocomplete')).toBeDefined()
      |    ^ Duplicate Assert
  352 |     expect(wrapper.attributes('autocomplete')).toBe('off')
  353 |
  354 |     wrapper.destroy()"
/home/gabriel/Disk/Research/research-javascript-test-smells/repositories/bootstrap-vue-dev/src/components/button/button.spec.js,Duplicate Assert,"{'line': 352, 'column': 4, 'index': 10862}","  350 |     expect(wrapper.attributes('aria-pressed')).toBe('true')
  351 |     expect(wrapper.attributes('autocomplete')).toBeDefined()
> 352 |     expect(wrapper.attributes('autocomplete')).toBe('off')
      |    ^ Duplicate Assert
  353 |
  354 |     wrapper.destroy()
  355 |   })"
/home/gabriel/Disk/Research/research-javascript-test-smells/repositories/bootstrap-vue-dev/src/components/button/button.spec.js,Duplicate Assert,"{'line': 364, 'column': 4, 'index': 11115}","  362 |     })
  363 |
> 364 |     expect(wrapper.classes()).not.toContain('focus')
      |    ^ Duplicate Assert
  365 |     await wrapper.trigger('focusin')
  366 |     expect(wrapper.classes()).toContain('focus')
  367 |     await wrapper.trigger('focusout')"
/home/gabriel/Disk/Research/research-javascript-test-smells/repositories/bootstrap-vue-dev/src/components/button/button.spec.js,Duplicate Assert,"{'line': 364, 'column': 4, 'index': 11115}","  362 |     })
  363 |
> 364 |     expect(wrapper.classes()).not.toContain('focus')
      |    ^ Duplicate Assert
  365 |     await wrapper.trigger('focusin')
  366 |     expect(wrapper.classes()).toContain('focus')
  367 |     await wrapper.trigger('focusout')"
/home/gabriel/Disk/Research/research-javascript-test-smells/repositories/bootstrap-vue-dev/src/components/button/button.spec.js,Duplicate Assert,"{'line': 366, 'column': 4, 'index': 11205}","  364 |     expect(wrapper.classes()).not.toContain('focus')
  365 |     await wrapper.trigger('focusin')
> 366 |     expect(wrapper.classes()).toContain('focus')
      |    ^ Duplicate Assert
  367 |     await wrapper.trigger('focusout')
  368 |     expect(wrapper.classes()).not.toContain('focus')
  369 |"
/home/gabriel/Disk/Research/research-javascript-test-smells/repositories/bootstrap-vue-dev/src/components/button/button.spec.js,Duplicate Assert,"{'line': 368, 'column': 4, 'index': 11292}","  366 |     expect(wrapper.classes()).toContain('focus')
  367 |     await wrapper.trigger('focusout')
> 368 |     expect(wrapper.classes()).not.toContain('focus')
      |    ^ Duplicate Assert
  369 |
  370 |     wrapper.destroy()
  371 |   })"
/home/gabriel/Disk/Research/research-javascript-test-smells/repositories/bootstrap-vue-dev/src/components/button/button.spec.js,Duplicate Assert,"{'line': 368, 'column': 4, 'index': 11292}","  366 |     expect(wrapper.classes()).toContain('focus')
  367 |     await wrapper.trigger('focusout')
> 368 |     expect(wrapper.classes()).not.toContain('focus')
      |    ^ Duplicate Assert
  369 |
  370 |     wrapper.destroy()
  371 |   })"
/home/gabriel/Disk/Research/research-javascript-test-smells/repositories/bootstrap-vue-dev/src/components/button/button.spec.js,Duplicate Assert,"{'line': 388, 'column': 4, 'index': 11729}","  386 |     })
  387 |
> 388 |     expect(called).toBe(0)
      |    ^ Duplicate Assert
  389 |
  390 |     await wrapper.find('button').trigger('click')
  391 |"
/home/gabriel/Disk/Research/research-javascript-test-smells/repositories/bootstrap-vue-dev/src/components/button/button.spec.js,Duplicate Assert,"{'line': 392, 'column': 4, 'index': 11808}","  390 |     await wrapper.find('button').trigger('click')
  391 |
> 392 |     expect(called).toBe(1)
      |    ^ Duplicate Assert
  393 |     expect(values[0]).toBe(true)
  394 |
  395 |     wrapper.destroy()"
/home/gabriel/Disk/Research/research-javascript-test-smells/repositories/bootstrap-vue-dev/src/components/button/button.spec.js,Magic Number,"{'line': 13, 'column': 42, 'index': 499}","  11 |     expect(wrapper.classes()).toContain('btn')
  12 |     expect(wrapper.classes()).toContain('btn-secondary')
> 13 |     expect(wrapper.classes().length).toBe(2)
     |                                          ^ Magic Number
  14 |     expect(wrapper.attributes('href')).toBeUndefined()
  15 |     expect(wrapper.attributes('role')).toBeUndefined()
  16 |     expect(wrapper.attributes('disabled')).toBeUndefined()"
/home/gabriel/Disk/Research/research-javascript-test-smells/repositories/bootstrap-vue-dev/src/components/button/button.spec.js,Magic Number,"{'line': 38, 'column': 42, 'index': 1458}","  36 |     expect(wrapper.classes()).toContain('btn')
  37 |     expect(wrapper.classes()).toContain('btn-secondary')
> 38 |     expect(wrapper.classes().length).toBe(2)
     |                                          ^ Magic Number
  39 |     expect(wrapper.attributes('role')).toBeUndefined()
  40 |     expect(wrapper.attributes('disabled')).toBeUndefined()
  41 |     expect(wrapper.attributes('aria-disabled')).toBeUndefined()"
/home/gabriel/Disk/Research/research-javascript-test-smells/repositories/bootstrap-vue-dev/src/components/button/button.spec.js,Magic Number,"{'line': 61, 'column': 42, 'index': 2315}","  59 |     expect(wrapper.classes()).toContain('btn')
  60 |     expect(wrapper.classes()).toContain('btn-secondary')
> 61 |     expect(wrapper.classes().length).toBe(2)
     |                                          ^ Magic Number
  62 |     expect(wrapper.find('span').exists()).toBe(true)
  63 |     expect(wrapper.text()).toBe('foobar')
  64 |"
/home/gabriel/Disk/Research/research-javascript-test-smells/repositories/bootstrap-vue-dev/src/components/button/button.spec.js,Magic Number,"{'line': 80, 'column': 42, 'index': 2885}","  78 |     expect(wrapper.classes()).toContain('btn')
  79 |     expect(wrapper.classes()).toContain('btn-danger')
> 80 |     expect(wrapper.classes().length).toBe(2)
     |                                          ^ Magic Number
  81 |
  82 |     wrapper.destroy()
  83 |   })"
/home/gabriel/Disk/Research/research-javascript-test-smells/repositories/bootstrap-vue-dev/src/components/button/button.spec.js,Magic Number,"{'line': 98, 'column': 42, 'index': 3408}","   96 |     expect(wrapper.classes()).toContain('btn-secondary')
   97 |     expect(wrapper.classes()).toContain('btn-block')
>  98 |     expect(wrapper.classes().length).toBe(3)
      |                                          ^ Magic Number
   99 |
  100 |     wrapper.destroy()
  101 |   })"
/home/gabriel/Disk/Research/research-javascript-test-smells/repositories/bootstrap-vue-dev/src/components/button/button.spec.js,Magic Number,"{'line': 116, 'column': 42, 'index': 3959}","  114 |     expect(wrapper.classes()).toContain('btn-secondary')
  115 |     expect(wrapper.classes()).toContain('rounded-pill')
> 116 |     expect(wrapper.classes().length).toBe(3)
      |                                          ^ Magic Number
  117 |
  118 |     wrapper.destroy()
  119 |   })"
/home/gabriel/Disk/Research/research-javascript-test-smells/repositories/bootstrap-vue-dev/src/components/button/button.spec.js,Magic Number,"{'line': 134, 'column': 42, 'index': 4510}","  132 |     expect(wrapper.classes()).toContain('btn-secondary')
  133 |     expect(wrapper.classes()).toContain('rounded-0')
> 134 |     expect(wrapper.classes().length).toBe(3)
      |                                          ^ Magic Number
  135 |
  136 |     wrapper.destroy()
  137 |   })"
/home/gabriel/Disk/Research/research-javascript-test-smells/repositories/bootstrap-vue-dev/src/components/button/button.spec.js,Magic Number,"{'line': 150, 'column': 42, 'index': 4932}","  148 |     expect(wrapper.classes()).toContain('btn')
  149 |     expect(wrapper.classes()).toContain('btn-secondary')
> 150 |     expect(wrapper.classes().length).toBe(2)
      |                                          ^ Magic Number
  151 |     expect(wrapper.attributes('role')).toBe('button')
  152 |     expect(wrapper.attributes('aria-disabled')).toBe('false')
  153 |     expect(wrapper.attributes('tabindex')).toBe('0')"
/home/gabriel/Disk/Research/research-javascript-test-smells/repositories/bootstrap-vue-dev/src/components/button/button.spec.js,Magic Number,"{'line': 173, 'column': 42, 'index': 5786}","  171 |     expect(wrapper.classes()).toContain('btn-secondary')
  172 |     expect(wrapper.classes()).toContain('disabled')
> 173 |     expect(wrapper.classes().length).toBe(3)
      |                                          ^ Magic Number
  174 |     expect(wrapper.attributes('aria-disabled')).toBeUndefined()
  175 |
  176 |     wrapper.destroy()"
/home/gabriel/Disk/Research/research-javascript-test-smells/repositories/bootstrap-vue-dev/src/components/button/button.spec.js,Magic Number,"{'line': 244, 'column': 24, 'index': 7803}","  242 |
  243 |     expect(wrapper.element.tagName).toBe('BUTTON')
> 244 |     expect(called).toBe(0)
      |                        ^ Magic Number
  245 |     expect(event).toEqual(null)
  246 |     await wrapper.find('button').trigger('click')
  247 |     expect(called).toBe(1)"
/home/gabriel/Disk/Research/research-javascript-test-smells/repositories/bootstrap-vue-dev/src/components/button/button.spec.js,Magic Number,"{'line': 247, 'column': 24, 'index': 7912}","  245 |     expect(event).toEqual(null)
  246 |     await wrapper.find('button').trigger('click')
> 247 |     expect(called).toBe(1)
      |                        ^ Magic Number
  248 |     expect(event).toBeInstanceOf(MouseEvent)
  249 |
  250 |     wrapper.destroy()"
/home/gabriel/Disk/Research/research-javascript-test-smells/repositories/bootstrap-vue-dev/src/components/button/button.spec.js,Magic Number,"{'line': 274, 'column': 24, 'index': 8583}","  272 |     expect(wrapper.attributes('role')).toEqual('button')
  273 |
> 274 |     expect(called).toBe(0)
      |                        ^ Magic Number
  275 |     expect(event).toEqual(null)
  276 |
  277 |     // We add keydown.space to make links act like buttons"
/home/gabriel/Disk/Research/research-javascript-test-smells/repositories/bootstrap-vue-dev/src/components/button/button.spec.js,Magic Number,"{'line': 279, 'column': 24, 'index': 8758}","  277 |     // We add keydown.space to make links act like buttons
  278 |     await wrapper.find('.btn').trigger('keydown.space')
> 279 |     expect(called).toBe(1)
      |                        ^ Magic Number
  280 |     expect(event).toBeInstanceOf(Event)
  281 |
  282 |     // Links treat keydown.enter natively as a click"
/home/gabriel/Disk/Research/research-javascript-test-smells/repositories/bootstrap-vue-dev/src/components/button/button.spec.js,Magic Number,"{'line': 301, 'column': 24, 'index': 9229}","  299 |
  300 |     expect(wrapper.element.tagName).toBe('BUTTON')
> 301 |     expect(called).toBe(0)
      |                        ^ Magic Number
  302 |     await wrapper.find('button').trigger('click')
  303 |     expect(called).toBe(0)
  304 |"
/home/gabriel/Disk/Research/research-javascript-test-smells/repositories/bootstrap-vue-dev/src/components/button/button.spec.js,Magic Number,"{'line': 303, 'column': 24, 'index': 9306}","  301 |     expect(called).toBe(0)
  302 |     await wrapper.find('button').trigger('click')
> 303 |     expect(called).toBe(0)
      |                        ^ Magic Number
  304 |
  305 |     wrapper.destroy()
  306 |   })"
/home/gabriel/Disk/Research/research-javascript-test-smells/repositories/bootstrap-vue-dev/src/components/button/button.spec.js,Magic Number,"{'line': 388, 'column': 24, 'index': 11749}","  386 |     })
  387 |
> 388 |     expect(called).toBe(0)
      |                        ^ Magic Number
  389 |
  390 |     await wrapper.find('button').trigger('click')
  391 |"
/home/gabriel/Disk/Research/research-javascript-test-smells/repositories/bootstrap-vue-dev/src/components/button/button.spec.js,Magic Number,"{'line': 392, 'column': 24, 'index': 11828}","  390 |     await wrapper.find('button').trigger('click')
  391 |
> 392 |     expect(called).toBe(1)
      |                        ^ Magic Number
  393 |     expect(values[0]).toBe(true)
  394 |
  395 |     wrapper.destroy()"
/home/gabriel/Disk/Research/research-javascript-test-smells/repositories/bootstrap-vue-dev/src/components/button/button-close.spec.js,Duplicate Assert,"{'line': 77, 'column': 4, 'index': 1805}","  75 |     })
  76 |
> 77 |     expect(wrapper.classes()).toContain('close')
     |    ^ Duplicate Assert
  78 |     expect(wrapper.classes()).toContain('text-primary')
  79 |     expect(wrapper.classes().length).toBe(2)
  80 |"
/home/gabriel/Disk/Research/research-javascript-test-smells/repositories/bootstrap-vue-dev/src/components/button/button-close.spec.js,Duplicate Assert,"{'line': 78, 'column': 4, 'index': 1854}","  76 |
  77 |     expect(wrapper.classes()).toContain('close')
> 78 |     expect(wrapper.classes()).toContain('text-primary')
     |    ^ Duplicate Assert
  79 |     expect(wrapper.classes().length).toBe(2)
  80 |
  81 |     wrapper.destroy()"
/home/gabriel/Disk/Research/research-javascript-test-smells/repositories/bootstrap-vue-dev/src/components/button/button-close.spec.js,Duplicate Assert,"{'line': 131, 'column': 4, 'index': 3002}","  129 |     })
  130 |
> 131 |     expect(spy1).not.toHaveBeenCalled()
      |    ^ Duplicate Assert
  132 |
  133 |     const btn = wrapper.find('button')
  134 |     expect(btn).toBeDefined()"
/home/gabriel/Disk/Research/research-javascript-test-smells/repositories/bootstrap-vue-dev/src/components/button/button-close.spec.js,Duplicate Assert,"{'line': 137, 'column': 4, 'index': 3144}","  135 |     await btn.trigger('click')
  136 |
> 137 |     expect(spy1).toHaveBeenCalled()
      |    ^ Duplicate Assert
  138 |     expect(spy1.mock.calls.length).toBe(1)
  139 |     expect(event).toBeInstanceOf(MouseEvent)
  140 |"
/home/gabriel/Disk/Research/research-javascript-test-smells/repositories/bootstrap-vue-dev/src/components/button/button-close.spec.js,Duplicate Assert,"{'line': 138, 'column': 4, 'index': 3180}","  136 |
  137 |     expect(spy1).toHaveBeenCalled()
> 138 |     expect(spy1.mock.calls.length).toBe(1)
      |    ^ Duplicate Assert
  139 |     expect(event).toBeInstanceOf(MouseEvent)
  140 |
  141 |     // Works when clicking on an inner element"
/home/gabriel/Disk/Research/research-javascript-test-smells/repositories/bootstrap-vue-dev/src/components/button/button-close.spec.js,Duplicate Assert,"{'line': 146, 'column': 4, 'index': 3418}","  144 |     await span.trigger('click')
  145 |
> 146 |     expect(spy1.mock.calls.length).toBe(2)
      |    ^ Duplicate Assert
  147 |
  148 |     wrapper.destroy()
  149 |   })"
/home/gabriel/Disk/Research/research-javascript-test-smells/repositories/bootstrap-vue-dev/src/components/button/button-close.spec.js,Duplicate Assert,"{'line': 165, 'column': 4, 'index': 3824}","  163 |     })
  164 |
> 165 |     expect(spy1).not.toHaveBeenCalled()
      |    ^ Duplicate Assert
  166 |
  167 |     const btn = wrapper.find('button')
  168 |     expect(btn).toBeDefined()"
/home/gabriel/Disk/Research/research-javascript-test-smells/repositories/bootstrap-vue-dev/src/components/button/button-close.spec.js,Duplicate Assert,"{'line': 165, 'column': 4, 'index': 3824}","  163 |     })
  164 |
> 165 |     expect(spy1).not.toHaveBeenCalled()
      |    ^ Duplicate Assert
  166 |
  167 |     const btn = wrapper.find('button')
  168 |     expect(btn).toBeDefined()"
/home/gabriel/Disk/Research/research-javascript-test-smells/repositories/bootstrap-vue-dev/src/components/button/button-close.spec.js,Duplicate Assert,"{'line': 171, 'column': 4, 'index': 3966}","  169 |     await btn.trigger('click')
  170 |
> 171 |     expect(spy1).not.toHaveBeenCalled()
      |    ^ Duplicate Assert
  172 |
  173 |     // For some reason, JSDOM emits a click on button when clicking inner element
  174 |     // Although testing in docs, this click is not emitted when disabled"
/home/gabriel/Disk/Research/research-javascript-test-smells/repositories/bootstrap-vue-dev/src/components/button/button-close.spec.js,Duplicate Assert,"{'line': 171, 'column': 4, 'index': 3966}","  169 |     await btn.trigger('click')
  170 |
> 171 |     expect(spy1).not.toHaveBeenCalled()
      |    ^ Duplicate Assert
  172 |
  173 |     // For some reason, JSDOM emits a click on button when clicking inner element
  174 |     // Although testing in docs, this click is not emitted when disabled"
/home/gabriel/Disk/Research/research-javascript-test-smells/repositories/bootstrap-vue-dev/src/components/button/button-close.spec.js,Duplicate Assert,"{'line': 196, 'column': 4, 'index': 4668}","  194 |     })
  195 |
> 196 |     expect(spy1).not.toHaveBeenCalled()
      |    ^ Duplicate Assert
  197 |     expect(spy2).not.toHaveBeenCalled()
  198 |
  199 |     const btn = wrapper.find('button')"
/home/gabriel/Disk/Research/research-javascript-test-smells/repositories/bootstrap-vue-dev/src/components/button/button-close.spec.js,Duplicate Assert,"{'line': 197, 'column': 4, 'index': 4708}","  195 |
  196 |     expect(spy1).not.toHaveBeenCalled()
> 197 |     expect(spy2).not.toHaveBeenCalled()
      |    ^ Duplicate Assert
  198 |
  199 |     const btn = wrapper.find('button')
  200 |     expect(btn).toBeDefined()"
/home/gabriel/Disk/Research/research-javascript-test-smells/repositories/bootstrap-vue-dev/src/components/button/button-close.spec.js,Duplicate Assert,"{'line': 203, 'column': 4, 'index': 4850}","  201 |     await btn.trigger('click')
  202 |
> 203 |     expect(spy1).toHaveBeenCalled()
      |    ^ Duplicate Assert
  204 |     expect(spy2).toHaveBeenCalled()
  205 |     expect(spy1.mock.calls.length).toBe(1)
  206 |     expect(spy2.mock.calls.length).toBe(1)"
/home/gabriel/Disk/Research/research-javascript-test-smells/repositories/bootstrap-vue-dev/src/components/button/button-close.spec.js,Duplicate Assert,"{'line': 204, 'column': 4, 'index': 4886}","  202 |
  203 |     expect(spy1).toHaveBeenCalled()
> 204 |     expect(spy2).toHaveBeenCalled()
      |    ^ Duplicate Assert
  205 |     expect(spy1.mock.calls.length).toBe(1)
  206 |     expect(spy2.mock.calls.length).toBe(1)
  207 |"
/home/gabriel/Disk/Research/research-javascript-test-smells/repositories/bootstrap-vue-dev/src/components/button/button-close.spec.js,Magic Number,"{'line': 17, 'column': 42, 'index': 461}","  15 |
  16 |     expect(wrapper.classes()).toContain('close')
> 17 |     expect(wrapper.classes().length).toBe(1)
     |                                          ^ Magic Number
  18 |
  19 |     wrapper.destroy()
  20 |   })"
/home/gabriel/Disk/Research/research-javascript-test-smells/repositories/bootstrap-vue-dev/src/components/button/button-close.spec.js,Magic Number,"{'line': 79, 'column': 42, 'index': 1948}","  77 |     expect(wrapper.classes()).toContain('close')
  78 |     expect(wrapper.classes()).toContain('text-primary')
> 79 |     expect(wrapper.classes().length).toBe(2)
     |                                          ^ Magic Number
  80 |
  81 |     wrapper.destroy()
  82 |   })"
/home/gabriel/Disk/Research/research-javascript-test-smells/repositories/bootstrap-vue-dev/src/components/button/button-close.spec.js,Magic Number,"{'line': 138, 'column': 40, 'index': 3216}","  136 |
  137 |     expect(spy1).toHaveBeenCalled()
> 138 |     expect(spy1.mock.calls.length).toBe(1)
      |                                        ^ Magic Number
  139 |     expect(event).toBeInstanceOf(MouseEvent)
  140 |
  141 |     // Works when clicking on an inner element"
/home/gabriel/Disk/Research/research-javascript-test-smells/repositories/bootstrap-vue-dev/src/components/button/button-close.spec.js,Magic Number,"{'line': 146, 'column': 40, 'index': 3454}","  144 |     await span.trigger('click')
  145 |
> 146 |     expect(spy1.mock.calls.length).toBe(2)
      |                                        ^ Magic Number
  147 |
  148 |     wrapper.destroy()
  149 |   })"
/home/gabriel/Disk/Research/research-javascript-test-smells/repositories/bootstrap-vue-dev/src/components/button/button-close.spec.js,Magic Number,"{'line': 205, 'column': 40, 'index': 4958}","  203 |     expect(spy1).toHaveBeenCalled()
  204 |     expect(spy2).toHaveBeenCalled()
> 205 |     expect(spy1.mock.calls.length).toBe(1)
      |                                        ^ Magic Number
  206 |     expect(spy2.mock.calls.length).toBe(1)
  207 |
  208 |     wrapper.destroy()"
/home/gabriel/Disk/Research/research-javascript-test-smells/repositories/bootstrap-vue-dev/src/components/button/button-close.spec.js,Magic Number,"{'line': 206, 'column': 40, 'index': 5001}","  204 |     expect(spy2).toHaveBeenCalled()
  205 |     expect(spy1.mock.calls.length).toBe(1)
> 206 |     expect(spy2.mock.calls.length).toBe(1)
      |                                        ^ Magic Number
  207 |
  208 |     wrapper.destroy()
  209 |   })"
/home/gabriel/Disk/Research/research-javascript-test-smells/repositories/bootstrap-vue-dev/src/components/breadcrumb/breadcrumb.spec.js,Magic Number,"{'line': 10, 'column': 42, 'index': 359}","   8 |     expect(wrapper.element.tagName).toBe('OL')
   9 |     expect(wrapper.classes()).toContain('breadcrumb')
> 10 |     expect(wrapper.classes().length).toBe(1)
     |                                          ^ Magic Number
  11 |     expect(wrapper.text()).toBe('')
  12 |
  13 |     wrapper.destroy()"
/home/gabriel/Disk/Research/research-javascript-test-smells/repositories/bootstrap-vue-dev/src/components/breadcrumb/breadcrumb.spec.js,Magic Number,"{'line': 25, 'column': 42, 'index': 740}","  23 |     expect(wrapper.element.tagName).toBe('OL')
  24 |     expect(wrapper.classes()).toContain('breadcrumb')
> 25 |     expect(wrapper.classes().length).toBe(1)
     |                                          ^ Magic Number
  26 |     expect(wrapper.text()).toBe('foobar')
  27 |
  28 |     wrapper.destroy()"
/home/gabriel/Disk/Research/research-javascript-test-smells/repositories/bootstrap-vue-dev/src/components/breadcrumb/breadcrumb.spec.js,Magic Number,"{'line': 46, 'column': 42, 'index': 1307}","  44 |     expect(wrapper.element.tagName).toBe('OL')
  45 |     expect(wrapper.classes()).toContain('breadcrumb')
> 46 |     expect(wrapper.classes().length).toBe(1)
     |                                          ^ Magic Number
  47 |     expect(wrapper.findAll('li').length).toBe(4)
  48 |     expect(wrapper.findAll('li.breadcrumb-item').length).toBe(4)
  49 |     const $lis = wrapper.findAll('li')"
/home/gabriel/Disk/Research/research-javascript-test-smells/repositories/bootstrap-vue-dev/src/components/breadcrumb/breadcrumb.spec.js,Magic Number,"{'line': 47, 'column': 46, 'index': 1356}","  45 |     expect(wrapper.classes()).toContain('breadcrumb')
  46 |     expect(wrapper.classes().length).toBe(1)
> 47 |     expect(wrapper.findAll('li').length).toBe(4)
     |                                              ^ Magic Number
  48 |     expect(wrapper.findAll('li.breadcrumb-item').length).toBe(4)
  49 |     const $lis = wrapper.findAll('li')
  50 |"
/home/gabriel/Disk/Research/research-javascript-test-smells/repositories/bootstrap-vue-dev/src/components/breadcrumb/breadcrumb.spec.js,Magic Number,"{'line': 48, 'column': 62, 'index': 1421}","  46 |     expect(wrapper.classes().length).toBe(1)
  47 |     expect(wrapper.findAll('li').length).toBe(4)
> 48 |     expect(wrapper.findAll('li.breadcrumb-item').length).toBe(4)
     |                                                              ^ Magic Number
  49 |     const $lis = wrapper.findAll('li')
  50 |
  51 |     // HREF testing"
/home/gabriel/Disk/Research/research-javascript-test-smells/repositories/bootstrap-vue-dev/src/components/breadcrumb/breadcrumb.spec.js,Magic Number,"{'line': 121, 'column': 42, 'index': 3006}","  119 |     expect(wrapper.element.tagName).toBe('OL')
  120 |     expect(wrapper.classes()).toContain('breadcrumb')
> 121 |     expect(wrapper.classes().length).toBe(1)
      |                                          ^ Magic Number
  122 |     expect(wrapper.findAll('li').length).toBe(4)
  123 |     expect(wrapper.findAll('li.breadcrumb-item').length).toBe(4)
  124 |     const $lis = wrapper.findAll('li')"
/home/gabriel/Disk/Research/research-javascript-test-smells/repositories/bootstrap-vue-dev/src/components/breadcrumb/breadcrumb.spec.js,Magic Number,"{'line': 122, 'column': 46, 'index': 3055}","  120 |     expect(wrapper.classes()).toContain('breadcrumb')
  121 |     expect(wrapper.classes().length).toBe(1)
> 122 |     expect(wrapper.findAll('li').length).toBe(4)
      |                                              ^ Magic Number
  123 |     expect(wrapper.findAll('li.breadcrumb-item').length).toBe(4)
  124 |     const $lis = wrapper.findAll('li')
  125 |"
/home/gabriel/Disk/Research/research-javascript-test-smells/repositories/bootstrap-vue-dev/src/components/breadcrumb/breadcrumb.spec.js,Magic Number,"{'line': 123, 'column': 62, 'index': 3120}","  121 |     expect(wrapper.classes().length).toBe(1)
  122 |     expect(wrapper.findAll('li').length).toBe(4)
> 123 |     expect(wrapper.findAll('li.breadcrumb-item').length).toBe(4)
      |                                                              ^ Magic Number
  124 |     const $lis = wrapper.findAll('li')
  125 |
  126 |     // HREF testing"
/home/gabriel/Disk/Research/research-javascript-test-smells/repositories/bootstrap-vue-dev/src/components/breadcrumb/breadcrumb-link.spec.js,Duplicate Assert,"{'line': 9, 'column': 4, 'index': 279}","   7 |
   8 |     expect(wrapper.element.tagName).toBe('A')
>  9 |     expect(wrapper.attributes('href')).toBeDefined()
     |    ^ Duplicate Assert
  10 |     expect(wrapper.attributes('href')).toBe('#')
  11 |     expect(wrapper.classes().length).toBe(0)
  12 |     expect(wrapper.attributes('aria-current')).toBeUndefined()"
/home/gabriel/Disk/Research/research-javascript-test-smells/repositories/bootstrap-vue-dev/src/components/breadcrumb/breadcrumb-link.spec.js,Duplicate Assert,"{'line': 10, 'column': 4, 'index': 332}","   8 |     expect(wrapper.element.tagName).toBe('A')
   9 |     expect(wrapper.attributes('href')).toBeDefined()
> 10 |     expect(wrapper.attributes('href')).toBe('#')
     |    ^ Duplicate Assert
  11 |     expect(wrapper.classes().length).toBe(0)
  12 |     expect(wrapper.attributes('aria-current')).toBeUndefined()
  13 |     expect(wrapper.text()).toBe('')"
/home/gabriel/Disk/Research/research-javascript-test-smells/repositories/bootstrap-vue-dev/src/components/breadcrumb/breadcrumb-link.spec.js,Duplicate Assert,"{'line': 93, 'column': 4, 'index': 2283}","  91 |
  92 |     expect(wrapper.element.tagName).toBe('A')
> 93 |     expect(wrapper.attributes('href')).toBeDefined()
     |    ^ Duplicate Assert
  94 |     expect(wrapper.attributes('href')).toBe('/foo/bar')
  95 |     expect(wrapper.attributes('aria-current')).toBeUndefined()
  96 |     expect(wrapper.classes().length).toBe(0)"
/home/gabriel/Disk/Research/research-javascript-test-smells/repositories/bootstrap-vue-dev/src/components/breadcrumb/breadcrumb-link.spec.js,Duplicate Assert,"{'line': 94, 'column': 4, 'index': 2336}","  92 |     expect(wrapper.element.tagName).toBe('A')
  93 |     expect(wrapper.attributes('href')).toBeDefined()
> 94 |     expect(wrapper.attributes('href')).toBe('/foo/bar')
     |    ^ Duplicate Assert
  95 |     expect(wrapper.attributes('aria-current')).toBeUndefined()
  96 |     expect(wrapper.classes().length).toBe(0)
  97 |"
/home/gabriel/Disk/Research/research-javascript-test-smells/repositories/bootstrap-vue-dev/src/components/breadcrumb/breadcrumb-link.spec.js,Duplicate Assert,"{'line': 111, 'column': 4, 'index': 2833}","  109 |     expect(wrapper.element.tagName).toBe('SPAN')
  110 |     expect(wrapper.attributes('href')).toBeUndefined()
> 111 |     expect(wrapper.attributes('aria-current')).toBeDefined()
      |    ^ Duplicate Assert
  112 |     expect(wrapper.attributes('aria-current')).toBe('location')
  113 |     expect(wrapper.classes().length).toBe(0)
  114 |"
/home/gabriel/Disk/Research/research-javascript-test-smells/repositories/bootstrap-vue-dev/src/components/breadcrumb/breadcrumb-link.spec.js,Duplicate Assert,"{'line': 112, 'column': 4, 'index': 2894}","  110 |     expect(wrapper.attributes('href')).toBeUndefined()
  111 |     expect(wrapper.attributes('aria-current')).toBeDefined()
> 112 |     expect(wrapper.attributes('aria-current')).toBe('location')
      |    ^ Duplicate Assert
  113 |     expect(wrapper.classes().length).toBe(0)
  114 |
  115 |     wrapper.destroy()"
/home/gabriel/Disk/Research/research-javascript-test-smells/repositories/bootstrap-vue-dev/src/components/breadcrumb/breadcrumb-link.spec.js,Magic Number,"{'line': 11, 'column': 42, 'index': 419}","   9 |     expect(wrapper.attributes('href')).toBeDefined()
  10 |     expect(wrapper.attributes('href')).toBe('#')
> 11 |     expect(wrapper.classes().length).toBe(0)
     |                                          ^ Magic Number
  12 |     expect(wrapper.attributes('aria-current')).toBeUndefined()
  13 |     expect(wrapper.text()).toBe('')
  14 |"
/home/gabriel/Disk/Research/research-javascript-test-smells/repositories/bootstrap-vue-dev/src/components/breadcrumb/breadcrumb-link.spec.js,Magic Number,"{'line': 64, 'column': 42, 'index': 1593}","  62 |     expect(wrapper.attributes('href')).toBeUndefined()
  63 |     expect(wrapper.attributes('aria-current')).toBe('location')
> 64 |     expect(wrapper.classes().length).toBe(0)
     |                                          ^ Magic Number
  65 |
  66 |     wrapper.destroy()
  67 |   })"
/home/gabriel/Disk/Research/research-javascript-test-smells/repositories/bootstrap-vue-dev/src/components/breadcrumb/breadcrumb-link.spec.js,Magic Number,"{'line': 80, 'column': 42, 'index': 2044}","  78 |     expect(wrapper.attributes('aria-current')).toBe('foobar')
  79 |     expect(wrapper.attributes('href')).toBeUndefined()
> 80 |     expect(wrapper.classes().length).toBe(0)
     |                                          ^ Magic Number
  81 |
  82 |     wrapper.destroy()
  83 |   })"
/home/gabriel/Disk/Research/research-javascript-test-smells/repositories/bootstrap-vue-dev/src/components/breadcrumb/breadcrumb-link.spec.js,Magic Number,"{'line': 96, 'column': 42, 'index': 2493}","  94 |     expect(wrapper.attributes('href')).toBe('/foo/bar')
  95 |     expect(wrapper.attributes('aria-current')).toBeUndefined()
> 96 |     expect(wrapper.classes().length).toBe(0)
     |                                          ^ Magic Number
  97 |
  98 |     wrapper.destroy()
  99 |   })"
/home/gabriel/Disk/Research/research-javascript-test-smells/repositories/bootstrap-vue-dev/src/components/breadcrumb/breadcrumb-link.spec.js,Magic Number,"{'line': 113, 'column': 42, 'index': 2996}","  111 |     expect(wrapper.attributes('aria-current')).toBeDefined()
  112 |     expect(wrapper.attributes('aria-current')).toBe('location')
> 113 |     expect(wrapper.classes().length).toBe(0)
      |                                          ^ Magic Number
  114 |
  115 |     wrapper.destroy()
  116 |   })"
/home/gabriel/Disk/Research/research-javascript-test-smells/repositories/bootstrap-vue-dev/src/components/breadcrumb/breadcrumb-item.spec.js,Duplicate Assert,"{'line': 9, 'column': 4, 'index': 280}","   7 |
   8 |     expect(wrapper.element.tagName).toBe('LI')
>  9 |     expect(wrapper.classes()).toContain('breadcrumb-item')
     |    ^ Duplicate Assert
  10 |     expect(wrapper.classes()).not.toContain('active')
  11 |     expect(wrapper.classes().length).toBe(1)
  12 |"
/home/gabriel/Disk/Research/research-javascript-test-smells/repositories/bootstrap-vue-dev/src/components/breadcrumb/breadcrumb-item.spec.js,Duplicate Assert,"{'line': 10, 'column': 4, 'index': 339}","   8 |     expect(wrapper.element.tagName).toBe('LI')
   9 |     expect(wrapper.classes()).toContain('breadcrumb-item')
> 10 |     expect(wrapper.classes()).not.toContain('active')
     |    ^ Duplicate Assert
  11 |     expect(wrapper.classes().length).toBe(1)
  12 |
  13 |     wrapper.destroy()"
/home/gabriel/Disk/Research/research-javascript-test-smells/repositories/bootstrap-vue-dev/src/components/breadcrumb/breadcrumb-item.spec.js,Duplicate Assert,"{'line': 24, 'column': 4, 'index': 678}","  22 |
  23 |     expect(wrapper.element.tagName).toBe('LI')
> 24 |     expect(wrapper.classes()).toContain('active')
     |    ^ Duplicate Assert
  25 |     expect(wrapper.classes()).toContain('breadcrumb-item')
  26 |     expect(wrapper.classes().length).toBe(2)
  27 |"
/home/gabriel/Disk/Research/research-javascript-test-smells/repositories/bootstrap-vue-dev/src/components/breadcrumb/breadcrumb-item.spec.js,Duplicate Assert,"{'line': 25, 'column': 4, 'index': 728}","  23 |     expect(wrapper.element.tagName).toBe('LI')
  24 |     expect(wrapper.classes()).toContain('active')
> 25 |     expect(wrapper.classes()).toContain('breadcrumb-item')
     |    ^ Duplicate Assert
  26 |     expect(wrapper.classes().length).toBe(2)
  27 |
  28 |     wrapper.destroy()"
/home/gabriel/Disk/Research/research-javascript-test-smells/repositories/bootstrap-vue-dev/src/components/breadcrumb/breadcrumb-item.spec.js,Duplicate Assert,"{'line': 63, 'column': 4, 'index': 1702}","  61 |
  62 |     expect(wrapper.element.tagName).toBe('LI')
> 63 |     expect(wrapper.classes()).toContain('active')
     |    ^ Duplicate Assert
  64 |     expect(wrapper.classes()).toContain('breadcrumb-item')
  65 |     expect(wrapper.classes().length).toBe(2)
  66 |     expect(wrapper.find('span').exists()).toBe(true)"
/home/gabriel/Disk/Research/research-javascript-test-smells/repositories/bootstrap-vue-dev/src/components/breadcrumb/breadcrumb-item.spec.js,Duplicate Assert,"{'line': 64, 'column': 4, 'index': 1752}","  62 |     expect(wrapper.element.tagName).toBe('LI')
  63 |     expect(wrapper.classes()).toContain('active')
> 64 |     expect(wrapper.classes()).toContain('breadcrumb-item')
     |    ^ Duplicate Assert
  65 |     expect(wrapper.classes().length).toBe(2)
  66 |     expect(wrapper.find('span').exists()).toBe(true)
  67 |"
/home/gabriel/Disk/Research/research-javascript-test-smells/repositories/bootstrap-vue-dev/src/components/breadcrumb/breadcrumb-item.spec.js,Duplicate Assert,"{'line': 80, 'column': 4, 'index': 2170}","  78 |
  79 |     expect(wrapper.element.tagName).toBe('LI')
> 80 |     expect(wrapper.classes()).toContain('active')
     |    ^ Duplicate Assert
  81 |     expect(wrapper.classes()).toContain('breadcrumb-item')
  82 |     expect(wrapper.classes().length).toBe(2)
  83 |     expect(wrapper.text()).toBe('foobar')"
/home/gabriel/Disk/Research/research-javascript-test-smells/repositories/bootstrap-vue-dev/src/components/breadcrumb/breadcrumb-item.spec.js,Duplicate Assert,"{'line': 81, 'column': 4, 'index': 2220}","  79 |     expect(wrapper.element.tagName).toBe('LI')
  80 |     expect(wrapper.classes()).toContain('active')
> 81 |     expect(wrapper.classes()).toContain('breadcrumb-item')
     |    ^ Duplicate Assert
  82 |     expect(wrapper.classes().length).toBe(2)
  83 |     expect(wrapper.text()).toBe('foobar')
  84 |"
/home/gabriel/Disk/Research/research-javascript-test-smells/repositories/bootstrap-vue-dev/src/components/breadcrumb/breadcrumb-item.spec.js,Duplicate Assert,"{'line': 97, 'column': 4, 'index': 2627}","   95 |
   96 |     expect(wrapper.element.tagName).toBe('LI')
>  97 |     expect(wrapper.classes()).toContain('active')
      |    ^ Duplicate Assert
   98 |     expect(wrapper.classes()).toContain('breadcrumb-item')
   99 |     expect(wrapper.classes().length).toBe(2)
  100 |     expect(wrapper.text()).toBe('foobar')"
/home/gabriel/Disk/Research/research-javascript-test-smells/repositories/bootstrap-vue-dev/src/components/breadcrumb/breadcrumb-item.spec.js,Duplicate Assert,"{'line': 98, 'column': 4, 'index': 2677}","   96 |     expect(wrapper.element.tagName).toBe('LI')
   97 |     expect(wrapper.classes()).toContain('active')
>  98 |     expect(wrapper.classes()).toContain('breadcrumb-item')
      |    ^ Duplicate Assert
   99 |     expect(wrapper.classes().length).toBe(2)
  100 |     expect(wrapper.text()).toBe('foobar')
  101 |"
/home/gabriel/Disk/Research/research-javascript-test-smells/repositories/bootstrap-vue-dev/src/components/breadcrumb/breadcrumb-item.spec.js,Duplicate Assert,"{'line': 116, 'column': 4, 'index': 3113}","  114 |
  115 |     expect(wrapper.element.tagName).toBe('LI')
> 116 |     expect(wrapper.classes()).toContain('active')
      |    ^ Duplicate Assert
  117 |     expect(wrapper.classes()).toContain('breadcrumb-item')
  118 |     expect(wrapper.classes().length).toBe(2)
  119 |     expect(wrapper.text()).toBe('foobar')"
/home/gabriel/Disk/Research/research-javascript-test-smells/repositories/bootstrap-vue-dev/src/components/breadcrumb/breadcrumb-item.spec.js,Duplicate Assert,"{'line': 117, 'column': 4, 'index': 3163}","  115 |     expect(wrapper.element.tagName).toBe('LI')
  116 |     expect(wrapper.classes()).toContain('active')
> 117 |     expect(wrapper.classes()).toContain('breadcrumb-item')
      |    ^ Duplicate Assert
  118 |     expect(wrapper.classes().length).toBe(2)
  119 |     expect(wrapper.text()).toBe('foobar')
  120 |"
/home/gabriel/Disk/Research/research-javascript-test-smells/repositories/bootstrap-vue-dev/src/components/breadcrumb/breadcrumb-item.spec.js,Magic Number,"{'line': 11, 'column': 42, 'index': 431}","   9 |     expect(wrapper.classes()).toContain('breadcrumb-item')
  10 |     expect(wrapper.classes()).not.toContain('active')
> 11 |     expect(wrapper.classes().length).toBe(1)
     |                                          ^ Magic Number
  12 |
  13 |     wrapper.destroy()
  14 |   })"
/home/gabriel/Disk/Research/research-javascript-test-smells/repositories/bootstrap-vue-dev/src/components/breadcrumb/breadcrumb-item.spec.js,Magic Number,"{'line': 26, 'column': 42, 'index': 825}","  24 |     expect(wrapper.classes()).toContain('active')
  25 |     expect(wrapper.classes()).toContain('breadcrumb-item')
> 26 |     expect(wrapper.classes().length).toBe(2)
     |                                          ^ Magic Number
  27 |
  28 |     wrapper.destroy()
  29 |   })"
/home/gabriel/Disk/Research/research-javascript-test-smells/repositories/bootstrap-vue-dev/src/components/breadcrumb/breadcrumb-item.spec.js,Magic Number,"{'line': 65, 'column': 42, 'index': 1849}","  63 |     expect(wrapper.classes()).toContain('active')
  64 |     expect(wrapper.classes()).toContain('breadcrumb-item')
> 65 |     expect(wrapper.classes().length).toBe(2)
     |                                          ^ Magic Number
  66 |     expect(wrapper.find('span').exists()).toBe(true)
  67 |
  68 |     wrapper.destroy()"
/home/gabriel/Disk/Research/research-javascript-test-smells/repositories/bootstrap-vue-dev/src/components/breadcrumb/breadcrumb-item.spec.js,Magic Number,"{'line': 82, 'column': 42, 'index': 2317}","  80 |     expect(wrapper.classes()).toContain('active')
  81 |     expect(wrapper.classes()).toContain('breadcrumb-item')
> 82 |     expect(wrapper.classes().length).toBe(2)
     |                                          ^ Magic Number
  83 |     expect(wrapper.text()).toBe('foobar')
  84 |
  85 |     wrapper.destroy()"
/home/gabriel/Disk/Research/research-javascript-test-smells/repositories/bootstrap-vue-dev/src/components/breadcrumb/breadcrumb-item.spec.js,Magic Number,"{'line': 99, 'column': 42, 'index': 2774}","   97 |     expect(wrapper.classes()).toContain('active')
   98 |     expect(wrapper.classes()).toContain('breadcrumb-item')
>  99 |     expect(wrapper.classes().length).toBe(2)
      |                                          ^ Magic Number
  100 |     expect(wrapper.text()).toBe('foobar')
  101 |
  102 |     wrapper.destroy()"
/home/gabriel/Disk/Research/research-javascript-test-smells/repositories/bootstrap-vue-dev/src/components/breadcrumb/breadcrumb-item.spec.js,Magic Number,"{'line': 118, 'column': 42, 'index': 3260}","  116 |     expect(wrapper.classes()).toContain('active')
  117 |     expect(wrapper.classes()).toContain('breadcrumb-item')
> 118 |     expect(wrapper.classes().length).toBe(2)
      |                                          ^ Magic Number
  119 |     expect(wrapper.text()).toBe('foobar')
  120 |
  121 |     wrapper.destroy()"
/home/gabriel/Disk/Research/research-javascript-test-smells/repositories/bootstrap-vue-dev/src/components/badge/badge.spec.js,Duplicate Assert,"{'line': 9, 'column': 4, 'index': 235}","   7 |
   8 |     expect(wrapper.element.tagName).toBe('SPAN')
>  9 |     expect(wrapper.classes()).toContain('badge')
     |    ^ Duplicate Assert
  10 |     expect(wrapper.classes()).toContain('badge-secondary')
  11 |     expect(wrapper.classes()).not.toContain('badge-pill')
  12 |     expect(wrapper.classes()).not.toContain('active')"
/home/gabriel/Disk/Research/research-javascript-test-smells/repositories/bootstrap-vue-dev/src/components/badge/badge.spec.js,Duplicate Assert,"{'line': 10, 'column': 4, 'index': 284}","   8 |     expect(wrapper.element.tagName).toBe('SPAN')
   9 |     expect(wrapper.classes()).toContain('badge')
> 10 |     expect(wrapper.classes()).toContain('badge-secondary')
     |    ^ Duplicate Assert
  11 |     expect(wrapper.classes()).not.toContain('badge-pill')
  12 |     expect(wrapper.classes()).not.toContain('active')
  13 |     expect(wrapper.classes()).not.toContain('disabled')"
/home/gabriel/Disk/Research/research-javascript-test-smells/repositories/bootstrap-vue-dev/src/components/badge/badge.spec.js,Duplicate Assert,"{'line': 11, 'column': 4, 'index': 343}","   9 |     expect(wrapper.classes()).toContain('badge')
  10 |     expect(wrapper.classes()).toContain('badge-secondary')
> 11 |     expect(wrapper.classes()).not.toContain('badge-pill')
     |    ^ Duplicate Assert
  12 |     expect(wrapper.classes()).not.toContain('active')
  13 |     expect(wrapper.classes()).not.toContain('disabled')
  14 |     expect(wrapper.attributes('href')).toBeUndefined()"
/home/gabriel/Disk/Research/research-javascript-test-smells/repositories/bootstrap-vue-dev/src/components/badge/badge.spec.js,Duplicate Assert,"{'line': 12, 'column': 4, 'index': 401}","  10 |     expect(wrapper.classes()).toContain('badge-secondary')
  11 |     expect(wrapper.classes()).not.toContain('badge-pill')
> 12 |     expect(wrapper.classes()).not.toContain('active')
     |    ^ Duplicate Assert
  13 |     expect(wrapper.classes()).not.toContain('disabled')
  14 |     expect(wrapper.attributes('href')).toBeUndefined()
  15 |"
/home/gabriel/Disk/Research/research-javascript-test-smells/repositories/bootstrap-vue-dev/src/components/badge/badge.spec.js,Duplicate Assert,"{'line': 13, 'column': 4, 'index': 455}","  11 |     expect(wrapper.classes()).not.toContain('badge-pill')
  12 |     expect(wrapper.classes()).not.toContain('active')
> 13 |     expect(wrapper.classes()).not.toContain('disabled')
     |    ^ Duplicate Assert
  14 |     expect(wrapper.attributes('href')).toBeUndefined()
  15 |
  16 |     wrapper.destroy()"
/home/gabriel/Disk/Research/research-javascript-test-smells/repositories/bootstrap-vue-dev/src/components/badge/badge.spec.js,Duplicate Assert,"{'line': 28, 'column': 4, 'index': 834}","  26 |     expect(wrapper.element.tagName).toBe('SPAN')
  27 |     expect(wrapper.text()).toBe('foobar')
> 28 |     expect(wrapper.classes()).toContain('badge')
     |    ^ Duplicate Assert
  29 |     expect(wrapper.classes()).toContain('badge-secondary')
  30 |     expect(wrapper.classes()).not.toContain('badge-pill')
  31 |     expect(wrapper.classes()).not.toContain('active')"
/home/gabriel/Disk/Research/research-javascript-test-smells/repositories/bootstrap-vue-dev/src/components/badge/badge.spec.js,Duplicate Assert,"{'line': 29, 'column': 4, 'index': 883}","  27 |     expect(wrapper.text()).toBe('foobar')
  28 |     expect(wrapper.classes()).toContain('badge')
> 29 |     expect(wrapper.classes()).toContain('badge-secondary')
     |    ^ Duplicate Assert
  30 |     expect(wrapper.classes()).not.toContain('badge-pill')
  31 |     expect(wrapper.classes()).not.toContain('active')
  32 |     expect(wrapper.classes()).not.toContain('disabled')"
/home/gabriel/Disk/Research/research-javascript-test-smells/repositories/bootstrap-vue-dev/src/components/badge/badge.spec.js,Duplicate Assert,"{'line': 30, 'column': 4, 'index': 942}","  28 |     expect(wrapper.classes()).toContain('badge')
  29 |     expect(wrapper.classes()).toContain('badge-secondary')
> 30 |     expect(wrapper.classes()).not.toContain('badge-pill')
     |    ^ Duplicate Assert
  31 |     expect(wrapper.classes()).not.toContain('active')
  32 |     expect(wrapper.classes()).not.toContain('disabled')
  33 |     expect(wrapper.attributes('href')).toBeUndefined()"
/home/gabriel/Disk/Research/research-javascript-test-smells/repositories/bootstrap-vue-dev/src/components/badge/badge.spec.js,Duplicate Assert,"{'line': 31, 'column': 4, 'index': 1000}","  29 |     expect(wrapper.classes()).toContain('badge-secondary')
  30 |     expect(wrapper.classes()).not.toContain('badge-pill')
> 31 |     expect(wrapper.classes()).not.toContain('active')
     |    ^ Duplicate Assert
  32 |     expect(wrapper.classes()).not.toContain('disabled')
  33 |     expect(wrapper.attributes('href')).toBeUndefined()
  34 |"
/home/gabriel/Disk/Research/research-javascript-test-smells/repositories/bootstrap-vue-dev/src/components/badge/badge.spec.js,Duplicate Assert,"{'line': 32, 'column': 4, 'index': 1054}","  30 |     expect(wrapper.classes()).not.toContain('badge-pill')
  31 |     expect(wrapper.classes()).not.toContain('active')
> 32 |     expect(wrapper.classes()).not.toContain('disabled')
     |    ^ Duplicate Assert
  33 |     expect(wrapper.attributes('href')).toBeUndefined()
  34 |
  35 |     wrapper.destroy()"
/home/gabriel/Disk/Research/research-javascript-test-smells/repositories/bootstrap-vue-dev/src/components/badge/badge.spec.js,Duplicate Assert,"{'line': 46, 'column': 4, 'index': 1389}","  44 |
  45 |     expect(wrapper.element.tagName).toBe('SPAN')
> 46 |     expect(wrapper.classes()).toContain('badge-danger')
     |    ^ Duplicate Assert
  47 |     expect(wrapper.classes()).toContain('badge')
  48 |     expect(wrapper.classes()).not.toContain('badge-pill')
  49 |     expect(wrapper.classes()).not.toContain('active')"
/home/gabriel/Disk/Research/research-javascript-test-smells/repositories/bootstrap-vue-dev/src/components/badge/badge.spec.js,Duplicate Assert,"{'line': 47, 'column': 4, 'index': 1445}","  45 |     expect(wrapper.element.tagName).toBe('SPAN')
  46 |     expect(wrapper.classes()).toContain('badge-danger')
> 47 |     expect(wrapper.classes()).toContain('badge')
     |    ^ Duplicate Assert
  48 |     expect(wrapper.classes()).not.toContain('badge-pill')
  49 |     expect(wrapper.classes()).not.toContain('active')
  50 |     expect(wrapper.classes()).not.toContain('disabled')"
/home/gabriel/Disk/Research/research-javascript-test-smells/repositories/bootstrap-vue-dev/src/components/badge/badge.spec.js,Duplicate Assert,"{'line': 48, 'column': 4, 'index': 1494}","  46 |     expect(wrapper.classes()).toContain('badge-danger')
  47 |     expect(wrapper.classes()).toContain('badge')
> 48 |     expect(wrapper.classes()).not.toContain('badge-pill')
     |    ^ Duplicate Assert
  49 |     expect(wrapper.classes()).not.toContain('active')
  50 |     expect(wrapper.classes()).not.toContain('disabled')
  51 |"
/home/gabriel/Disk/Research/research-javascript-test-smells/repositories/bootstrap-vue-dev/src/components/badge/badge.spec.js,Duplicate Assert,"{'line': 49, 'column': 4, 'index': 1552}","  47 |     expect(wrapper.classes()).toContain('badge')
  48 |     expect(wrapper.classes()).not.toContain('badge-pill')
> 49 |     expect(wrapper.classes()).not.toContain('active')
     |    ^ Duplicate Assert
  50 |     expect(wrapper.classes()).not.toContain('disabled')
  51 |
  52 |     wrapper.destroy()"
/home/gabriel/Disk/Research/research-javascript-test-smells/repositories/bootstrap-vue-dev/src/components/badge/badge.spec.js,Duplicate Assert,"{'line': 50, 'column': 4, 'index': 1606}","  48 |     expect(wrapper.classes()).not.toContain('badge-pill')
  49 |     expect(wrapper.classes()).not.toContain('active')
> 50 |     expect(wrapper.classes()).not.toContain('disabled')
     |    ^ Duplicate Assert
  51 |
  52 |     wrapper.destroy()
  53 |   })"
/home/gabriel/Disk/Research/research-javascript-test-smells/repositories/bootstrap-vue-dev/src/components/badge/badge.spec.js,Duplicate Assert,"{'line': 63, 'column': 4, 'index': 1876}","  61 |
  62 |     expect(wrapper.element.tagName).toBe('SPAN')
> 63 |     expect(wrapper.classes()).toContain('badge-pill')
     |    ^ Duplicate Assert
  64 |     expect(wrapper.classes()).toContain('badge')
  65 |     expect(wrapper.classes()).toContain('badge-secondary')
  66 |     expect(wrapper.classes()).not.toContain('active')"
/home/gabriel/Disk/Research/research-javascript-test-smells/repositories/bootstrap-vue-dev/src/components/badge/badge.spec.js,Duplicate Assert,"{'line': 64, 'column': 4, 'index': 1930}","  62 |     expect(wrapper.element.tagName).toBe('SPAN')
  63 |     expect(wrapper.classes()).toContain('badge-pill')
> 64 |     expect(wrapper.classes()).toContain('badge')
     |    ^ Duplicate Assert
  65 |     expect(wrapper.classes()).toContain('badge-secondary')
  66 |     expect(wrapper.classes()).not.toContain('active')
  67 |     expect(wrapper.classes()).not.toContain('disabled')"
/home/gabriel/Disk/Research/research-javascript-test-smells/repositories/bootstrap-vue-dev/src/components/badge/badge.spec.js,Duplicate Assert,"{'line': 65, 'column': 4, 'index': 1979}","  63 |     expect(wrapper.classes()).toContain('badge-pill')
  64 |     expect(wrapper.classes()).toContain('badge')
> 65 |     expect(wrapper.classes()).toContain('badge-secondary')
     |    ^ Duplicate Assert
  66 |     expect(wrapper.classes()).not.toContain('active')
  67 |     expect(wrapper.classes()).not.toContain('disabled')
  68 |"
/home/gabriel/Disk/Research/research-javascript-test-smells/repositories/bootstrap-vue-dev/src/components/badge/badge.spec.js,Duplicate Assert,"{'line': 66, 'column': 4, 'index': 2038}","  64 |     expect(wrapper.classes()).toContain('badge')
  65 |     expect(wrapper.classes()).toContain('badge-secondary')
> 66 |     expect(wrapper.classes()).not.toContain('active')
     |    ^ Duplicate Assert
  67 |     expect(wrapper.classes()).not.toContain('disabled')
  68 |
  69 |     wrapper.destroy()"
/home/gabriel/Disk/Research/research-javascript-test-smells/repositories/bootstrap-vue-dev/src/components/badge/badge.spec.js,Duplicate Assert,"{'line': 67, 'column': 4, 'index': 2092}","  65 |     expect(wrapper.classes()).toContain('badge-secondary')
  66 |     expect(wrapper.classes()).not.toContain('active')
> 67 |     expect(wrapper.classes()).not.toContain('disabled')
     |    ^ Duplicate Assert
  68 |
  69 |     wrapper.destroy()
  70 |   })"
/home/gabriel/Disk/Research/research-javascript-test-smells/repositories/bootstrap-vue-dev/src/components/badge/badge.spec.js,Duplicate Assert,"{'line': 80, 'column': 4, 'index': 2386}","  78 |
  79 |     expect(wrapper.element.tagName).toBe('SPAN')
> 80 |     expect(wrapper.classes()).toContain('active')
     |    ^ Duplicate Assert
  81 |     expect(wrapper.classes()).toContain('badge-secondary')
  82 |     expect(wrapper.classes()).toContain('badge')
  83 |     expect(wrapper.classes()).not.toContain('badge-pill')"
/home/gabriel/Disk/Research/research-javascript-test-smells/repositories/bootstrap-vue-dev/src/components/badge/badge.spec.js,Duplicate Assert,"{'line': 81, 'column': 4, 'index': 2436}","  79 |     expect(wrapper.element.tagName).toBe('SPAN')
  80 |     expect(wrapper.classes()).toContain('active')
> 81 |     expect(wrapper.classes()).toContain('badge-secondary')
     |    ^ Duplicate Assert
  82 |     expect(wrapper.classes()).toContain('badge')
  83 |     expect(wrapper.classes()).not.toContain('badge-pill')
  84 |     expect(wrapper.classes()).not.toContain('disabled')"
/home/gabriel/Disk/Research/research-javascript-test-smells/repositories/bootstrap-vue-dev/src/components/badge/badge.spec.js,Duplicate Assert,"{'line': 82, 'column': 4, 'index': 2495}","  80 |     expect(wrapper.classes()).toContain('active')
  81 |     expect(wrapper.classes()).toContain('badge-secondary')
> 82 |     expect(wrapper.classes()).toContain('badge')
     |    ^ Duplicate Assert
  83 |     expect(wrapper.classes()).not.toContain('badge-pill')
  84 |     expect(wrapper.classes()).not.toContain('disabled')
  85 |"
/home/gabriel/Disk/Research/research-javascript-test-smells/repositories/bootstrap-vue-dev/src/components/badge/badge.spec.js,Duplicate Assert,"{'line': 83, 'column': 4, 'index': 2544}","  81 |     expect(wrapper.classes()).toContain('badge-secondary')
  82 |     expect(wrapper.classes()).toContain('badge')
> 83 |     expect(wrapper.classes()).not.toContain('badge-pill')
     |    ^ Duplicate Assert
  84 |     expect(wrapper.classes()).not.toContain('disabled')
  85 |
  86 |     wrapper.destroy()"
/home/gabriel/Disk/Research/research-javascript-test-smells/repositories/bootstrap-vue-dev/src/components/badge/badge.spec.js,Duplicate Assert,"{'line': 84, 'column': 4, 'index': 2602}","  82 |     expect(wrapper.classes()).toContain('badge')
  83 |     expect(wrapper.classes()).not.toContain('badge-pill')
> 84 |     expect(wrapper.classes()).not.toContain('disabled')
     |    ^ Duplicate Assert
  85 |
  86 |     wrapper.destroy()
  87 |   })"
/home/gabriel/Disk/Research/research-javascript-test-smells/repositories/bootstrap-vue-dev/src/components/badge/badge.spec.js,Duplicate Assert,"{'line': 97, 'column': 4, 'index': 2902}","   95 |
   96 |     expect(wrapper.element.tagName).toBe('SPAN')
>  97 |     expect(wrapper.classes()).toContain('disabled')
      |    ^ Duplicate Assert
   98 |     expect(wrapper.classes()).toContain('badge-secondary')
   99 |     expect(wrapper.classes()).toContain('badge')
  100 |     expect(wrapper.classes()).not.toContain('badge-pill')"
/home/gabriel/Disk/Research/research-javascript-test-smells/repositories/bootstrap-vue-dev/src/components/badge/badge.spec.js,Duplicate Assert,"{'line': 98, 'column': 4, 'index': 2954}","   96 |     expect(wrapper.element.tagName).toBe('SPAN')
   97 |     expect(wrapper.classes()).toContain('disabled')
>  98 |     expect(wrapper.classes()).toContain('badge-secondary')
      |    ^ Duplicate Assert
   99 |     expect(wrapper.classes()).toContain('badge')
  100 |     expect(wrapper.classes()).not.toContain('badge-pill')
  101 |     expect(wrapper.classes()).not.toContain('active')"
/home/gabriel/Disk/Research/research-javascript-test-smells/repositories/bootstrap-vue-dev/src/components/badge/badge.spec.js,Duplicate Assert,"{'line': 99, 'column': 4, 'index': 3013}","   97 |     expect(wrapper.classes()).toContain('disabled')
   98 |     expect(wrapper.classes()).toContain('badge-secondary')
>  99 |     expect(wrapper.classes()).toContain('badge')
      |    ^ Duplicate Assert
  100 |     expect(wrapper.classes()).not.toContain('badge-pill')
  101 |     expect(wrapper.classes()).not.toContain('active')
  102 |"
/home/gabriel/Disk/Research/research-javascript-test-smells/repositories/bootstrap-vue-dev/src/components/badge/badge.spec.js,Duplicate Assert,"{'line': 100, 'column': 4, 'index': 3062}","   98 |     expect(wrapper.classes()).toContain('badge-secondary')
   99 |     expect(wrapper.classes()).toContain('badge')
> 100 |     expect(wrapper.classes()).not.toContain('badge-pill')
      |    ^ Duplicate Assert
  101 |     expect(wrapper.classes()).not.toContain('active')
  102 |
  103 |     wrapper.destroy()"
/home/gabriel/Disk/Research/research-javascript-test-smells/repositories/bootstrap-vue-dev/src/components/badge/badge.spec.js,Duplicate Assert,"{'line': 101, 'column': 4, 'index': 3120}","   99 |     expect(wrapper.classes()).toContain('badge')
  100 |     expect(wrapper.classes()).not.toContain('badge-pill')
> 101 |     expect(wrapper.classes()).not.toContain('active')
      |    ^ Duplicate Assert
  102 |
  103 |     wrapper.destroy()
  104 |   })"
/home/gabriel/Disk/Research/research-javascript-test-smells/repositories/bootstrap-vue-dev/src/components/badge/badge.spec.js,Duplicate Assert,"{'line': 114, 'column': 4, 'index': 3395}","  112 |
  113 |     expect(wrapper.element.tagName).toBe('SMALL')
> 114 |     expect(wrapper.classes()).toContain('badge')
      |    ^ Duplicate Assert
  115 |     expect(wrapper.classes()).toContain('badge-secondary')
  116 |     expect(wrapper.classes()).not.toContain('badge-pill')
  117 |     expect(wrapper.classes()).not.toContain('active')"
/home/gabriel/Disk/Research/research-javascript-test-smells/repositories/bootstrap-vue-dev/src/components/badge/badge.spec.js,Duplicate Assert,"{'line': 115, 'column': 4, 'index': 3444}","  113 |     expect(wrapper.element.tagName).toBe('SMALL')
  114 |     expect(wrapper.classes()).toContain('badge')
> 115 |     expect(wrapper.classes()).toContain('badge-secondary')
      |    ^ Duplicate Assert
  116 |     expect(wrapper.classes()).not.toContain('badge-pill')
  117 |     expect(wrapper.classes()).not.toContain('active')
  118 |     expect(wrapper.classes()).not.toContain('disabled')"
/home/gabriel/Disk/Research/research-javascript-test-smells/repositories/bootstrap-vue-dev/src/components/badge/badge.spec.js,Duplicate Assert,"{'line': 116, 'column': 4, 'index': 3503}","  114 |     expect(wrapper.classes()).toContain('badge')
  115 |     expect(wrapper.classes()).toContain('badge-secondary')
> 116 |     expect(wrapper.classes()).not.toContain('badge-pill')
      |    ^ Duplicate Assert
  117 |     expect(wrapper.classes()).not.toContain('active')
  118 |     expect(wrapper.classes()).not.toContain('disabled')
  119 |"
/home/gabriel/Disk/Research/research-javascript-test-smells/repositories/bootstrap-vue-dev/src/components/badge/badge.spec.js,Duplicate Assert,"{'line': 117, 'column': 4, 'index': 3561}","  115 |     expect(wrapper.classes()).toContain('badge-secondary')
  116 |     expect(wrapper.classes()).not.toContain('badge-pill')
> 117 |     expect(wrapper.classes()).not.toContain('active')
      |    ^ Duplicate Assert
  118 |     expect(wrapper.classes()).not.toContain('disabled')
  119 |
  120 |     wrapper.destroy()"
/home/gabriel/Disk/Research/research-javascript-test-smells/repositories/bootstrap-vue-dev/src/components/badge/badge.spec.js,Duplicate Assert,"{'line': 118, 'column': 4, 'index': 3615}","  116 |     expect(wrapper.classes()).not.toContain('badge-pill')
  117 |     expect(wrapper.classes()).not.toContain('active')
> 118 |     expect(wrapper.classes()).not.toContain('disabled')
      |    ^ Duplicate Assert
  119 |
  120 |     wrapper.destroy()
  121 |   })"
/home/gabriel/Disk/Research/research-javascript-test-smells/repositories/bootstrap-vue-dev/src/components/badge/badge.spec.js,Duplicate Assert,"{'line': 131, 'column': 4, 'index': 3896}","  129 |
  130 |     expect(wrapper.element.tagName).toBe('A')
> 131 |     expect(wrapper.attributes('href')).toBeDefined()
      |    ^ Duplicate Assert
  132 |     expect(wrapper.attributes('href')).toBe('/foo/bar')
  133 |     expect(wrapper.classes()).toContain('badge')
  134 |     expect(wrapper.classes()).toContain('badge-secondary')"
/home/gabriel/Disk/Research/research-javascript-test-smells/repositories/bootstrap-vue-dev/src/components/badge/badge.spec.js,Duplicate Assert,"{'line': 132, 'column': 4, 'index': 3949}","  130 |     expect(wrapper.element.tagName).toBe('A')
  131 |     expect(wrapper.attributes('href')).toBeDefined()
> 132 |     expect(wrapper.attributes('href')).toBe('/foo/bar')
      |    ^ Duplicate Assert
  133 |     expect(wrapper.classes()).toContain('badge')
  134 |     expect(wrapper.classes()).toContain('badge-secondary')
  135 |     expect(wrapper.classes()).not.toContain('badge-pill')"
/home/gabriel/Disk/Research/research-javascript-test-smells/repositories/bootstrap-vue-dev/src/components/badge/badge.spec.js,Duplicate Assert,"{'line': 133, 'column': 4, 'index': 4005}","  131 |     expect(wrapper.attributes('href')).toBeDefined()
  132 |     expect(wrapper.attributes('href')).toBe('/foo/bar')
> 133 |     expect(wrapper.classes()).toContain('badge')
      |    ^ Duplicate Assert
  134 |     expect(wrapper.classes()).toContain('badge-secondary')
  135 |     expect(wrapper.classes()).not.toContain('badge-pill')
  136 |     expect(wrapper.classes()).not.toContain('active')"
/home/gabriel/Disk/Research/research-javascript-test-smells/repositories/bootstrap-vue-dev/src/components/badge/badge.spec.js,Duplicate Assert,"{'line': 134, 'column': 4, 'index': 4054}","  132 |     expect(wrapper.attributes('href')).toBe('/foo/bar')
  133 |     expect(wrapper.classes()).toContain('badge')
> 134 |     expect(wrapper.classes()).toContain('badge-secondary')
      |    ^ Duplicate Assert
  135 |     expect(wrapper.classes()).not.toContain('badge-pill')
  136 |     expect(wrapper.classes()).not.toContain('active')
  137 |     expect(wrapper.classes()).not.toContain('disabled')"
/home/gabriel/Disk/Research/research-javascript-test-smells/repositories/bootstrap-vue-dev/src/components/badge/badge.spec.js,Duplicate Assert,"{'line': 135, 'column': 4, 'index': 4113}","  133 |     expect(wrapper.classes()).toContain('badge')
  134 |     expect(wrapper.classes()).toContain('badge-secondary')
> 135 |     expect(wrapper.classes()).not.toContain('badge-pill')
      |    ^ Duplicate Assert
  136 |     expect(wrapper.classes()).not.toContain('active')
  137 |     expect(wrapper.classes()).not.toContain('disabled')
  138 |"
/home/gabriel/Disk/Research/research-javascript-test-smells/repositories/bootstrap-vue-dev/src/components/badge/badge.spec.js,Duplicate Assert,"{'line': 136, 'column': 4, 'index': 4171}","  134 |     expect(wrapper.classes()).toContain('badge-secondary')
  135 |     expect(wrapper.classes()).not.toContain('badge-pill')
> 136 |     expect(wrapper.classes()).not.toContain('active')
      |    ^ Duplicate Assert
  137 |     expect(wrapper.classes()).not.toContain('disabled')
  138 |
  139 |     wrapper.destroy()"
/home/gabriel/Disk/Research/research-javascript-test-smells/repositories/bootstrap-vue-dev/src/components/badge/badge.spec.js,Duplicate Assert,"{'line': 137, 'column': 4, 'index': 4225}","  135 |     expect(wrapper.classes()).not.toContain('badge-pill')
  136 |     expect(wrapper.classes()).not.toContain('active')
> 137 |     expect(wrapper.classes()).not.toContain('disabled')
      |    ^ Duplicate Assert
  138 |
  139 |     wrapper.destroy()
  140 |   })"
/home/gabriel/Disk/Research/research-javascript-test-smells/repositories/bootstrap-vue-dev/src/components/avatar/avatar.spec.js,Duplicate Assert,"{'line': 10, 'column': 4, 'index': 353}","   8 |     expect(wrapper.vm).toBeDefined()
   9 |     expect(wrapper.element.tagName).toBe('SPAN')
> 10 |     expect(wrapper.classes()).toContain('b-avatar')
     |    ^ Duplicate Assert
  11 |     expect(wrapper.classes()).toContain('badge-secondary')
  12 |     expect(wrapper.classes()).not.toContain('disabled')
  13 |     expect(wrapper.attributes('href')).toBeUndefined()"
/home/gabriel/Disk/Research/research-javascript-test-smells/repositories/bootstrap-vue-dev/src/components/avatar/avatar.spec.js,Duplicate Assert,"{'line': 11, 'column': 4, 'index': 405}","   9 |     expect(wrapper.element.tagName).toBe('SPAN')
  10 |     expect(wrapper.classes()).toContain('b-avatar')
> 11 |     expect(wrapper.classes()).toContain('badge-secondary')
     |    ^ Duplicate Assert
  12 |     expect(wrapper.classes()).not.toContain('disabled')
  13 |     expect(wrapper.attributes('href')).toBeUndefined()
  14 |     expect(wrapper.attributes('type')).toBeUndefined()"
/home/gabriel/Disk/Research/research-javascript-test-smells/repositories/bootstrap-vue-dev/src/components/avatar/avatar.spec.js,Duplicate Assert,"{'line': 12, 'column': 4, 'index': 464}","  10 |     expect(wrapper.classes()).toContain('b-avatar')
  11 |     expect(wrapper.classes()).toContain('badge-secondary')
> 12 |     expect(wrapper.classes()).not.toContain('disabled')
     |    ^ Duplicate Assert
  13 |     expect(wrapper.attributes('href')).toBeUndefined()
  14 |     expect(wrapper.attributes('type')).toBeUndefined()
  15 |     wrapper.destroy()"
/home/gabriel/Disk/Research/research-javascript-test-smells/repositories/bootstrap-vue-dev/src/components/avatar/avatar.spec.js,Duplicate Assert,"{'line': 26, 'column': 4, 'index': 914}","  24 |     expect(wrapper.vm).toBeDefined()
  25 |     expect(wrapper.element.tagName).toBe('BUTTON')
> 26 |     expect(wrapper.classes()).toContain('b-avatar')
     |    ^ Duplicate Assert
  27 |     expect(wrapper.classes()).toContain('btn-secondary')
  28 |     expect(wrapper.classes()).not.toContain('disabled')
  29 |     expect(wrapper.attributes('href')).toBeUndefined()"
/home/gabriel/Disk/Research/research-javascript-test-smells/repositories/bootstrap-vue-dev/src/components/avatar/avatar.spec.js,Duplicate Assert,"{'line': 27, 'column': 4, 'index': 966}","  25 |     expect(wrapper.element.tagName).toBe('BUTTON')
  26 |     expect(wrapper.classes()).toContain('b-avatar')
> 27 |     expect(wrapper.classes()).toContain('btn-secondary')
     |    ^ Duplicate Assert
  28 |     expect(wrapper.classes()).not.toContain('disabled')
  29 |     expect(wrapper.attributes('href')).toBeUndefined()
  30 |     expect(wrapper.attributes('type')).toBeDefined()"
/home/gabriel/Disk/Research/research-javascript-test-smells/repositories/bootstrap-vue-dev/src/components/avatar/avatar.spec.js,Duplicate Assert,"{'line': 28, 'column': 4, 'index': 1023}","  26 |     expect(wrapper.classes()).toContain('b-avatar')
  27 |     expect(wrapper.classes()).toContain('btn-secondary')
> 28 |     expect(wrapper.classes()).not.toContain('disabled')
     |    ^ Duplicate Assert
  29 |     expect(wrapper.attributes('href')).toBeUndefined()
  30 |     expect(wrapper.attributes('type')).toBeDefined()
  31 |     expect(wrapper.attributes('type')).toEqual('button')"
/home/gabriel/Disk/Research/research-javascript-test-smells/repositories/bootstrap-vue-dev/src/components/avatar/avatar.spec.js,Duplicate Assert,"{'line': 30, 'column': 4, 'index': 1134}","  28 |     expect(wrapper.classes()).not.toContain('disabled')
  29 |     expect(wrapper.attributes('href')).toBeUndefined()
> 30 |     expect(wrapper.attributes('type')).toBeDefined()
     |    ^ Duplicate Assert
  31 |     expect(wrapper.attributes('type')).toEqual('button')
  32 |     expect(wrapper.text()).toEqual('')
  33 |     expect(wrapper.find('.b-icon').exists()).toBe(true)"
/home/gabriel/Disk/Research/research-javascript-test-smells/repositories/bootstrap-vue-dev/src/components/avatar/avatar.spec.js,Duplicate Assert,"{'line': 31, 'column': 4, 'index': 1187}","  29 |     expect(wrapper.attributes('href')).toBeUndefined()
  30 |     expect(wrapper.attributes('type')).toBeDefined()
> 31 |     expect(wrapper.attributes('type')).toEqual('button')
     |    ^ Duplicate Assert
  32 |     expect(wrapper.text()).toEqual('')
  33 |     expect(wrapper.find('.b-icon').exists()).toBe(true)
  34 |     expect(wrapper.find('img').exists()).toBe(false)"
/home/gabriel/Disk/Research/research-javascript-test-smells/repositories/bootstrap-vue-dev/src/components/avatar/avatar.spec.js,Duplicate Assert,"{'line': 36, 'column': 4, 'index': 1393}","  34 |     expect(wrapper.find('img').exists()).toBe(false)
  35 |
> 36 |     expect(wrapper.emitted('click')).toBeUndefined()
     |    ^ Duplicate Assert
  37 |
  38 |     await wrapper.trigger('click')
  39 |"
/home/gabriel/Disk/Research/research-javascript-test-smells/repositories/bootstrap-vue-dev/src/components/avatar/avatar.spec.js,Duplicate Assert,"{'line': 40, 'column': 4, 'index': 1483}","  38 |     await wrapper.trigger('click')
  39 |
> 40 |     expect(wrapper.emitted('click')).not.toBeUndefined()
     |    ^ Duplicate Assert
  41 |     expect(wrapper.emitted('click').length).toBe(1)
  42 |     expect(wrapper.emitted('click')[0][0]).toBeInstanceOf(Event)
  43 |"
/home/gabriel/Disk/Research/research-javascript-test-smells/repositories/bootstrap-vue-dev/src/components/avatar/avatar.spec.js,Duplicate Assert,"{'line': 55, 'column': 4, 'index': 1935}","  53 |     expect(wrapper.vm).toBeDefined()
  54 |     expect(wrapper.element.tagName).toBe('A')
> 55 |     expect(wrapper.classes()).toContain('b-avatar')
     |    ^ Duplicate Assert
  56 |     expect(wrapper.classes()).toContain('badge-secondary')
  57 |     expect(wrapper.classes()).not.toContain('disabled')
  58 |     expect(wrapper.attributes('href')).toBeDefined()"
/home/gabriel/Disk/Research/research-javascript-test-smells/repositories/bootstrap-vue-dev/src/components/avatar/avatar.spec.js,Duplicate Assert,"{'line': 56, 'column': 4, 'index': 1987}","  54 |     expect(wrapper.element.tagName).toBe('A')
  55 |     expect(wrapper.classes()).toContain('b-avatar')
> 56 |     expect(wrapper.classes()).toContain('badge-secondary')
     |    ^ Duplicate Assert
  57 |     expect(wrapper.classes()).not.toContain('disabled')
  58 |     expect(wrapper.attributes('href')).toBeDefined()
  59 |     expect(wrapper.attributes('href')).toEqual('#foo')"
/home/gabriel/Disk/Research/research-javascript-test-smells/repositories/bootstrap-vue-dev/src/components/avatar/avatar.spec.js,Duplicate Assert,"{'line': 57, 'column': 4, 'index': 2046}","  55 |     expect(wrapper.classes()).toContain('b-avatar')
  56 |     expect(wrapper.classes()).toContain('badge-secondary')
> 57 |     expect(wrapper.classes()).not.toContain('disabled')
     |    ^ Duplicate Assert
  58 |     expect(wrapper.attributes('href')).toBeDefined()
  59 |     expect(wrapper.attributes('href')).toEqual('#foo')
  60 |     expect(wrapper.attributes('type')).toBeUndefined()"
/home/gabriel/Disk/Research/research-javascript-test-smells/repositories/bootstrap-vue-dev/src/components/avatar/avatar.spec.js,Duplicate Assert,"{'line': 58, 'column': 4, 'index': 2102}","  56 |     expect(wrapper.classes()).toContain('badge-secondary')
  57 |     expect(wrapper.classes()).not.toContain('disabled')
> 58 |     expect(wrapper.attributes('href')).toBeDefined()
     |    ^ Duplicate Assert
  59 |     expect(wrapper.attributes('href')).toEqual('#foo')
  60 |     expect(wrapper.attributes('type')).toBeUndefined()
  61 |     expect(wrapper.attributes('type')).not.toEqual('button')"
/home/gabriel/Disk/Research/research-javascript-test-smells/repositories/bootstrap-vue-dev/src/components/avatar/avatar.spec.js,Duplicate Assert,"{'line': 59, 'column': 4, 'index': 2155}","  57 |     expect(wrapper.classes()).not.toContain('disabled')
  58 |     expect(wrapper.attributes('href')).toBeDefined()
> 59 |     expect(wrapper.attributes('href')).toEqual('#foo')
     |    ^ Duplicate Assert
  60 |     expect(wrapper.attributes('type')).toBeUndefined()
  61 |     expect(wrapper.attributes('type')).not.toEqual('button')
  62 |     expect(wrapper.text()).toEqual('')"
/home/gabriel/Disk/Research/research-javascript-test-smells/repositories/bootstrap-vue-dev/src/components/avatar/avatar.spec.js,Duplicate Assert,"{'line': 60, 'column': 4, 'index': 2210}","  58 |     expect(wrapper.attributes('href')).toBeDefined()
  59 |     expect(wrapper.attributes('href')).toEqual('#foo')
> 60 |     expect(wrapper.attributes('type')).toBeUndefined()
     |    ^ Duplicate Assert
  61 |     expect(wrapper.attributes('type')).not.toEqual('button')
  62 |     expect(wrapper.text()).toEqual('')
  63 |     expect(wrapper.find('.b-icon').exists()).toBe(true)"
/home/gabriel/Disk/Research/research-javascript-test-smells/repositories/bootstrap-vue-dev/src/components/avatar/avatar.spec.js,Duplicate Assert,"{'line': 61, 'column': 4, 'index': 2265}","  59 |     expect(wrapper.attributes('href')).toEqual('#foo')
  60 |     expect(wrapper.attributes('type')).toBeUndefined()
> 61 |     expect(wrapper.attributes('type')).not.toEqual('button')
     |    ^ Duplicate Assert
  62 |     expect(wrapper.text()).toEqual('')
  63 |     expect(wrapper.find('.b-icon').exists()).toBe(true)
  64 |     expect(wrapper.find('img').exists()).toBe(false)"
/home/gabriel/Disk/Research/research-javascript-test-smells/repositories/bootstrap-vue-dev/src/components/avatar/avatar.spec.js,Duplicate Assert,"{'line': 66, 'column': 4, 'index': 2475}","  64 |     expect(wrapper.find('img').exists()).toBe(false)
  65 |
> 66 |     expect(wrapper.emitted('click')).toBeUndefined()
     |    ^ Duplicate Assert
  67 |
  68 |     await wrapper.trigger('click')
  69 |"
/home/gabriel/Disk/Research/research-javascript-test-smells/repositories/bootstrap-vue-dev/src/components/avatar/avatar.spec.js,Duplicate Assert,"{'line': 70, 'column': 4, 'index': 2565}","  68 |     await wrapper.trigger('click')
  69 |
> 70 |     expect(wrapper.emitted('click')).not.toBeUndefined()
     |    ^ Duplicate Assert
  71 |     expect(wrapper.emitted('click').length).toBe(1)
  72 |     expect(wrapper.emitted('click')[0][0]).toBeInstanceOf(Event)
  73 |"
/home/gabriel/Disk/Research/research-javascript-test-smells/repositories/bootstrap-vue-dev/src/components/avatar/avatar.spec.js,Duplicate Assert,"{'line': 85, 'column': 4, 'index': 3018}","  83 |     expect(wrapper.vm).toBeDefined()
  84 |     expect(wrapper.element.tagName).toBe('SPAN')
> 85 |     expect(wrapper.classes()).toContain('b-avatar')
     |    ^ Duplicate Assert
  86 |     expect(wrapper.classes()).toContain('badge-secondary')
  87 |     expect(wrapper.classes()).not.toContain('disabled')
  88 |     expect(wrapper.attributes('href')).toBeUndefined()"
/home/gabriel/Disk/Research/research-javascript-test-smells/repositories/bootstrap-vue-dev/src/components/avatar/avatar.spec.js,Duplicate Assert,"{'line': 86, 'column': 4, 'index': 3070}","  84 |     expect(wrapper.element.tagName).toBe('SPAN')
  85 |     expect(wrapper.classes()).toContain('b-avatar')
> 86 |     expect(wrapper.classes()).toContain('badge-secondary')
     |    ^ Duplicate Assert
  87 |     expect(wrapper.classes()).not.toContain('disabled')
  88 |     expect(wrapper.attributes('href')).toBeUndefined()
  89 |     expect(wrapper.attributes('type')).toBeUndefined()"
/home/gabriel/Disk/Research/research-javascript-test-smells/repositories/bootstrap-vue-dev/src/components/avatar/avatar.spec.js,Duplicate Assert,"{'line': 87, 'column': 4, 'index': 3129}","  85 |     expect(wrapper.classes()).toContain('b-avatar')
  86 |     expect(wrapper.classes()).toContain('badge-secondary')
> 87 |     expect(wrapper.classes()).not.toContain('disabled')
     |    ^ Duplicate Assert
  88 |     expect(wrapper.attributes('href')).toBeUndefined()
  89 |     expect(wrapper.attributes('type')).toBeUndefined()
  90 |     expect(wrapper.text()).toContain('BV')"
/home/gabriel/Disk/Research/research-javascript-test-smells/repositories/bootstrap-vue-dev/src/components/avatar/avatar.spec.js,Duplicate Assert,"{'line': 107, 'column': 4, 'index': 3776}","  105 |     expect(wrapper.vm).toBeDefined()
  106 |     expect(wrapper.element.tagName).toBe('SPAN')
> 107 |     expect(wrapper.classes()).toContain('b-avatar')
      |    ^ Duplicate Assert
  108 |     expect(wrapper.classes()).toContain('badge-secondary')
  109 |     expect(wrapper.classes()).not.toContain('disabled')
  110 |     expect(wrapper.attributes('href')).toBeUndefined()"
/home/gabriel/Disk/Research/research-javascript-test-smells/repositories/bootstrap-vue-dev/src/components/avatar/avatar.spec.js,Duplicate Assert,"{'line': 108, 'column': 4, 'index': 3828}","  106 |     expect(wrapper.element.tagName).toBe('SPAN')
  107 |     expect(wrapper.classes()).toContain('b-avatar')
> 108 |     expect(wrapper.classes()).toContain('badge-secondary')
      |    ^ Duplicate Assert
  109 |     expect(wrapper.classes()).not.toContain('disabled')
  110 |     expect(wrapper.attributes('href')).toBeUndefined()
  111 |     expect(wrapper.attributes('type')).toBeUndefined()"
/home/gabriel/Disk/Research/research-javascript-test-smells/repositories/bootstrap-vue-dev/src/components/avatar/avatar.spec.js,Duplicate Assert,"{'line': 109, 'column': 4, 'index': 3887}","  107 |     expect(wrapper.classes()).toContain('b-avatar')
  108 |     expect(wrapper.classes()).toContain('badge-secondary')
> 109 |     expect(wrapper.classes()).not.toContain('disabled')
      |    ^ Duplicate Assert
  110 |     expect(wrapper.attributes('href')).toBeUndefined()
  111 |     expect(wrapper.attributes('type')).toBeUndefined()
  112 |     expect(wrapper.text()).toContain('BAR')"
/home/gabriel/Disk/Research/research-javascript-test-smells/repositories/bootstrap-vue-dev/src/components/avatar/avatar.spec.js,Duplicate Assert,"{'line': 112, 'column': 4, 'index': 4053}","  110 |     expect(wrapper.attributes('href')).toBeUndefined()
  111 |     expect(wrapper.attributes('type')).toBeUndefined()
> 112 |     expect(wrapper.text()).toContain('BAR')
      |    ^ Duplicate Assert
  113 |     expect(wrapper.text()).not.toContain('FOO')
  114 |     expect(wrapper.find('.b-icon').exists()).toBe(false)
  115 |     expect(wrapper.find('img').exists()).toBe(false)"
/home/gabriel/Disk/Research/research-javascript-test-smells/repositories/bootstrap-vue-dev/src/components/avatar/avatar.spec.js,Duplicate Assert,"{'line': 113, 'column': 4, 'index': 4097}","  111 |     expect(wrapper.attributes('type')).toBeUndefined()
  112 |     expect(wrapper.text()).toContain('BAR')
> 113 |     expect(wrapper.text()).not.toContain('FOO')
      |    ^ Duplicate Assert
  114 |     expect(wrapper.find('.b-icon').exists()).toBe(false)
  115 |     expect(wrapper.find('img').exists()).toBe(false)
  116 |     wrapper.destroy()"
/home/gabriel/Disk/Research/research-javascript-test-smells/repositories/bootstrap-vue-dev/src/components/avatar/avatar.spec.js,Duplicate Assert,"{'line': 128, 'column': 4, 'index': 4557}","  126 |     expect(wrapper.vm).toBeDefined()
  127 |     expect(wrapper.element.tagName).toBe('SPAN')
> 128 |     expect(wrapper.classes()).toContain('b-avatar')
      |    ^ Duplicate Assert
  129 |     expect(wrapper.classes()).toContain('badge-secondary')
  130 |     expect(wrapper.classes()).not.toContain('disabled')
  131 |     expect(wrapper.attributes('href')).toBeUndefined()"
/home/gabriel/Disk/Research/research-javascript-test-smells/repositories/bootstrap-vue-dev/src/components/avatar/avatar.spec.js,Duplicate Assert,"{'line': 129, 'column': 4, 'index': 4609}","  127 |     expect(wrapper.element.tagName).toBe('SPAN')
  128 |     expect(wrapper.classes()).toContain('b-avatar')
> 129 |     expect(wrapper.classes()).toContain('badge-secondary')
      |    ^ Duplicate Assert
  130 |     expect(wrapper.classes()).not.toContain('disabled')
  131 |     expect(wrapper.attributes('href')).toBeUndefined()
  132 |     expect(wrapper.attributes('type')).toBeUndefined()"
/home/gabriel/Disk/Research/research-javascript-test-smells/repositories/bootstrap-vue-dev/src/components/avatar/avatar.spec.js,Duplicate Assert,"{'line': 130, 'column': 4, 'index': 4668}","  128 |     expect(wrapper.classes()).toContain('b-avatar')
  129 |     expect(wrapper.classes()).toContain('badge-secondary')
> 130 |     expect(wrapper.classes()).not.toContain('disabled')
      |    ^ Duplicate Assert
  131 |     expect(wrapper.attributes('href')).toBeUndefined()
  132 |     expect(wrapper.attributes('type')).toBeUndefined()
  133 |     expect(wrapper.text()).toEqual('')"
/home/gabriel/Disk/Research/research-javascript-test-smells/repositories/bootstrap-vue-dev/src/components/avatar/avatar.spec.js,Duplicate Assert,"{'line': 133, 'column': 4, 'index': 4834}","  131 |     expect(wrapper.attributes('href')).toBeUndefined()
  132 |     expect(wrapper.attributes('type')).toBeUndefined()
> 133 |     expect(wrapper.text()).toEqual('')
      |    ^ Duplicate Assert
  134 |     expect(wrapper.find('.b-icon').exists()).toBe(false)
  135 |     expect(wrapper.find('img').exists()).toBe(true)
  136 |     expect(wrapper.find('img').attributes('src')).toEqual('/foo/bar')"
/home/gabriel/Disk/Research/research-javascript-test-smells/repositories/bootstrap-vue-dev/src/components/avatar/avatar.spec.js,Duplicate Assert,"{'line': 135, 'column': 4, 'index': 4930}","  133 |     expect(wrapper.text()).toEqual('')
  134 |     expect(wrapper.find('.b-icon').exists()).toBe(false)
> 135 |     expect(wrapper.find('img').exists()).toBe(true)
      |    ^ Duplicate Assert
  136 |     expect(wrapper.find('img').attributes('src')).toEqual('/foo/bar')
  137 |     expect(wrapper.text()).not.toContain('BV')
  138 |"
/home/gabriel/Disk/Research/research-javascript-test-smells/repositories/bootstrap-vue-dev/src/components/avatar/avatar.spec.js,Duplicate Assert,"{'line': 135, 'column': 4, 'index': 4930}","  133 |     expect(wrapper.text()).toEqual('')
  134 |     expect(wrapper.find('.b-icon').exists()).toBe(false)
> 135 |     expect(wrapper.find('img').exists()).toBe(true)
      |    ^ Duplicate Assert
  136 |     expect(wrapper.find('img').attributes('src')).toEqual('/foo/bar')
  137 |     expect(wrapper.text()).not.toContain('BV')
  138 |"
/home/gabriel/Disk/Research/research-javascript-test-smells/repositories/bootstrap-vue-dev/src/components/avatar/avatar.spec.js,Duplicate Assert,"{'line': 136, 'column': 4, 'index': 4982}","  134 |     expect(wrapper.find('.b-icon').exists()).toBe(false)
  135 |     expect(wrapper.find('img').exists()).toBe(true)
> 136 |     expect(wrapper.find('img').attributes('src')).toEqual('/foo/bar')
      |    ^ Duplicate Assert
  137 |     expect(wrapper.text()).not.toContain('BV')
  138 |
  139 |     await wrapper.setProps({ src: '/foo/baz' })"
/home/gabriel/Disk/Research/research-javascript-test-smells/repositories/bootstrap-vue-dev/src/components/avatar/avatar.spec.js,Duplicate Assert,"{'line': 137, 'column': 4, 'index': 5052}","  135 |     expect(wrapper.find('img').exists()).toBe(true)
  136 |     expect(wrapper.find('img').attributes('src')).toEqual('/foo/bar')
> 137 |     expect(wrapper.text()).not.toContain('BV')
      |    ^ Duplicate Assert
  138 |
  139 |     await wrapper.setProps({ src: '/foo/baz' })
  140 |     expect(wrapper.find('img').exists()).toBe(true)"
/home/gabriel/Disk/Research/research-javascript-test-smells/repositories/bootstrap-vue-dev/src/components/avatar/avatar.spec.js,Duplicate Assert,"{'line': 137, 'column': 4, 'index': 5052}","  135 |     expect(wrapper.find('img').exists()).toBe(true)
  136 |     expect(wrapper.find('img').attributes('src')).toEqual('/foo/bar')
> 137 |     expect(wrapper.text()).not.toContain('BV')
      |    ^ Duplicate Assert
  138 |
  139 |     await wrapper.setProps({ src: '/foo/baz' })
  140 |     expect(wrapper.find('img').exists()).toBe(true)"
/home/gabriel/Disk/Research/research-javascript-test-smells/repositories/bootstrap-vue-dev/src/components/avatar/avatar.spec.js,Duplicate Assert,"{'line': 140, 'column': 4, 'index': 5148}","  138 |
  139 |     await wrapper.setProps({ src: '/foo/baz' })
> 140 |     expect(wrapper.find('img').exists()).toBe(true)
      |    ^ Duplicate Assert
  141 |     expect(wrapper.find('img').attributes('src')).toEqual('/foo/baz')
  142 |     expect(wrapper.text()).not.toContain('BV')
  143 |     expect(wrapper.emitted('img-error')).toBeUndefined()"
/home/gabriel/Disk/Research/research-javascript-test-smells/repositories/bootstrap-vue-dev/src/components/avatar/avatar.spec.js,Duplicate Assert,"{'line': 140, 'column': 4, 'index': 5148}","  138 |
  139 |     await wrapper.setProps({ src: '/foo/baz' })
> 140 |     expect(wrapper.find('img').exists()).toBe(true)
      |    ^ Duplicate Assert
  141 |     expect(wrapper.find('img').attributes('src')).toEqual('/foo/baz')
  142 |     expect(wrapper.text()).not.toContain('BV')
  143 |     expect(wrapper.emitted('img-error')).toBeUndefined()"
/home/gabriel/Disk/Research/research-javascript-test-smells/repositories/bootstrap-vue-dev/src/components/avatar/avatar.spec.js,Duplicate Assert,"{'line': 141, 'column': 4, 'index': 5200}","  139 |     await wrapper.setProps({ src: '/foo/baz' })
  140 |     expect(wrapper.find('img').exists()).toBe(true)
> 141 |     expect(wrapper.find('img').attributes('src')).toEqual('/foo/baz')
      |    ^ Duplicate Assert
  142 |     expect(wrapper.text()).not.toContain('BV')
  143 |     expect(wrapper.emitted('img-error')).toBeUndefined()
  144 |     expect(wrapper.text()).not.toContain('BV')"
/home/gabriel/Disk/Research/research-javascript-test-smells/repositories/bootstrap-vue-dev/src/components/avatar/avatar.spec.js,Duplicate Assert,"{'line': 142, 'column': 4, 'index': 5270}","  140 |     expect(wrapper.find('img').exists()).toBe(true)
  141 |     expect(wrapper.find('img').attributes('src')).toEqual('/foo/baz')
> 142 |     expect(wrapper.text()).not.toContain('BV')
      |    ^ Duplicate Assert
  143 |     expect(wrapper.emitted('img-error')).toBeUndefined()
  144 |     expect(wrapper.text()).not.toContain('BV')
  145 |"
/home/gabriel/Disk/Research/research-javascript-test-smells/repositories/bootstrap-vue-dev/src/components/avatar/avatar.spec.js,Duplicate Assert,"{'line': 142, 'column': 4, 'index': 5270}","  140 |     expect(wrapper.find('img').exists()).toBe(true)
  141 |     expect(wrapper.find('img').attributes('src')).toEqual('/foo/baz')
> 142 |     expect(wrapper.text()).not.toContain('BV')
      |    ^ Duplicate Assert
  143 |     expect(wrapper.emitted('img-error')).toBeUndefined()
  144 |     expect(wrapper.text()).not.toContain('BV')
  145 |"
/home/gabriel/Disk/Research/research-javascript-test-smells/repositories/bootstrap-vue-dev/src/components/avatar/avatar.spec.js,Duplicate Assert,"{'line': 143, 'column': 4, 'index': 5317}","  141 |     expect(wrapper.find('img').attributes('src')).toEqual('/foo/baz')
  142 |     expect(wrapper.text()).not.toContain('BV')
> 143 |     expect(wrapper.emitted('img-error')).toBeUndefined()
      |    ^ Duplicate Assert
  144 |     expect(wrapper.text()).not.toContain('BV')
  145 |
  146 |     // Fake an image error"
/home/gabriel/Disk/Research/research-javascript-test-smells/repositories/bootstrap-vue-dev/src/components/avatar/avatar.spec.js,Duplicate Assert,"{'line': 144, 'column': 4, 'index': 5374}","  142 |     expect(wrapper.text()).not.toContain('BV')
  143 |     expect(wrapper.emitted('img-error')).toBeUndefined()
> 144 |     expect(wrapper.text()).not.toContain('BV')
      |    ^ Duplicate Assert
  145 |
  146 |     // Fake an image error
  147 |     await wrapper.find('img').trigger('error')"
/home/gabriel/Disk/Research/research-javascript-test-smells/repositories/bootstrap-vue-dev/src/components/avatar/avatar.spec.js,Duplicate Assert,"{'line': 144, 'column': 4, 'index': 5374}","  142 |     expect(wrapper.text()).not.toContain('BV')
  143 |     expect(wrapper.emitted('img-error')).toBeUndefined()
> 144 |     expect(wrapper.text()).not.toContain('BV')
      |    ^ Duplicate Assert
  145 |
  146 |     // Fake an image error
  147 |     await wrapper.find('img').trigger('error')"
/home/gabriel/Disk/Research/research-javascript-test-smells/repositories/bootstrap-vue-dev/src/components/avatar/avatar.spec.js,Duplicate Assert,"{'line': 148, 'column': 4, 'index': 5496}","  146 |     // Fake an image error
  147 |     await wrapper.find('img').trigger('error')
> 148 |     expect(wrapper.emitted('img-error')).toBeDefined()
      |    ^ Duplicate Assert
  149 |     expect(wrapper.emitted('img-error').length).toBe(1)
  150 |     expect(wrapper.find('img').exists()).toBe(false)
  151 |     expect(wrapper.text()).toContain('BV')"
/home/gabriel/Disk/Research/research-javascript-test-smells/repositories/bootstrap-vue-dev/src/components/avatar/avatar.spec.js,Duplicate Assert,"{'line': 150, 'column': 4, 'index': 5607}","  148 |     expect(wrapper.emitted('img-error')).toBeDefined()
  149 |     expect(wrapper.emitted('img-error').length).toBe(1)
> 150 |     expect(wrapper.find('img').exists()).toBe(false)
      |    ^ Duplicate Assert
  151 |     expect(wrapper.text()).toContain('BV')
  152 |
  153 |     wrapper.destroy()"
/home/gabriel/Disk/Research/research-javascript-test-smells/repositories/bootstrap-vue-dev/src/components/avatar/avatar.spec.js,Duplicate Assert,"{'line': 151, 'column': 4, 'index': 5660}","  149 |     expect(wrapper.emitted('img-error').length).toBe(1)
  150 |     expect(wrapper.find('img').exists()).toBe(false)
> 151 |     expect(wrapper.text()).toContain('BV')
      |    ^ Duplicate Assert
  152 |
  153 |     wrapper.destroy()
  154 |   })"
/home/gabriel/Disk/Research/research-javascript-test-smells/repositories/bootstrap-vue-dev/src/components/avatar/avatar.spec.js,Duplicate Assert,"{'line': 169, 'column': 4, 'index': 6093}","  167 |     expect(wrapper.vm).toBeDefined()
  168 |     expect(wrapper.element.tagName).toBe('SPAN')
> 169 |     expect(wrapper.classes()).toContain('b-avatar')
      |    ^ Duplicate Assert
  170 |     expect(wrapper.classes()).toContain('badge-secondary')
  171 |     expect(wrapper.classes()).not.toContain('disabled')
  172 |     expect(wrapper.attributes('href')).toBeUndefined()"
/home/gabriel/Disk/Research/research-javascript-test-smells/repositories/bootstrap-vue-dev/src/components/avatar/avatar.spec.js,Duplicate Assert,"{'line': 170, 'column': 4, 'index': 6145}","  168 |     expect(wrapper.element.tagName).toBe('SPAN')
  169 |     expect(wrapper.classes()).toContain('b-avatar')
> 170 |     expect(wrapper.classes()).toContain('badge-secondary')
      |    ^ Duplicate Assert
  171 |     expect(wrapper.classes()).not.toContain('disabled')
  172 |     expect(wrapper.attributes('href')).toBeUndefined()
  173 |     expect(wrapper.attributes('type')).toBeUndefined()"
/home/gabriel/Disk/Research/research-javascript-test-smells/repositories/bootstrap-vue-dev/src/components/avatar/avatar.spec.js,Duplicate Assert,"{'line': 171, 'column': 4, 'index': 6204}","  169 |     expect(wrapper.classes()).toContain('b-avatar')
  170 |     expect(wrapper.classes()).toContain('badge-secondary')
> 171 |     expect(wrapper.classes()).not.toContain('disabled')
      |    ^ Duplicate Assert
  172 |     expect(wrapper.attributes('href')).toBeUndefined()
  173 |     expect(wrapper.attributes('type')).toBeUndefined()
  174 |     expect(wrapper.text()).toEqual('')"
/home/gabriel/Disk/Research/research-javascript-test-smells/repositories/bootstrap-vue-dev/src/components/avatar/avatar.spec.js,Duplicate Assert,"{'line': 226, 'column': 4, 'index': 8314}","  224 |     expect(wrapper.vm).toBeDefined()
  225 |     expect(wrapper.element.tagName).toBe('SPAN')
> 226 |     expect(wrapper.classes()).toContain('b-avatar')
      |    ^ Duplicate Assert
  227 |     expect(wrapper.classes()).toContain('badge-secondary')
  228 |     expect(wrapper.classes()).not.toContain('disabled')
  229 |     expect(wrapper.attributes('href')).toBeUndefined()"
/home/gabriel/Disk/Research/research-javascript-test-smells/repositories/bootstrap-vue-dev/src/components/avatar/avatar.spec.js,Duplicate Assert,"{'line': 227, 'column': 4, 'index': 8366}","  225 |     expect(wrapper.element.tagName).toBe('SPAN')
  226 |     expect(wrapper.classes()).toContain('b-avatar')
> 227 |     expect(wrapper.classes()).toContain('badge-secondary')
      |    ^ Duplicate Assert
  228 |     expect(wrapper.classes()).not.toContain('disabled')
  229 |     expect(wrapper.attributes('href')).toBeUndefined()
  230 |     expect(wrapper.attributes('type')).toBeUndefined()"
/home/gabriel/Disk/Research/research-javascript-test-smells/repositories/bootstrap-vue-dev/src/components/avatar/avatar.spec.js,Duplicate Assert,"{'line': 228, 'column': 4, 'index': 8425}","  226 |     expect(wrapper.classes()).toContain('b-avatar')
  227 |     expect(wrapper.classes()).toContain('badge-secondary')
> 228 |     expect(wrapper.classes()).not.toContain('disabled')
      |    ^ Duplicate Assert
  229 |     expect(wrapper.attributes('href')).toBeUndefined()
  230 |     expect(wrapper.attributes('type')).toBeUndefined()
  231 |"
/home/gabriel/Disk/Research/research-javascript-test-smells/repositories/bootstrap-vue-dev/src/components/avatar/avatar.spec.js,Duplicate Assert,"{'line': 234, 'column': 4, 'index': 8682}","  232 |     const $badge = wrapper.find('.b-avatar-badge')
  233 |     expect($badge.exists()).toBe(true)
> 234 |     expect($badge.classes()).toContain('badge-primary')
      |    ^ Duplicate Assert
  235 |     expect($badge.text()).toEqual('')
  236 |
  237 |     await wrapper.setProps({ badge: 'FOO' })"
/home/gabriel/Disk/Research/research-javascript-test-smells/repositories/bootstrap-vue-dev/src/components/avatar/avatar.spec.js,Duplicate Assert,"{'line': 234, 'column': 4, 'index': 8682}","  232 |     const $badge = wrapper.find('.b-avatar-badge')
  233 |     expect($badge.exists()).toBe(true)
> 234 |     expect($badge.classes()).toContain('badge-primary')
      |    ^ Duplicate Assert
  235 |     expect($badge.text()).toEqual('')
  236 |
  237 |     await wrapper.setProps({ badge: 'FOO' })"
/home/gabriel/Disk/Research/research-javascript-test-smells/repositories/bootstrap-vue-dev/src/components/avatar/avatar.spec.js,Duplicate Assert,"{'line': 235, 'column': 4, 'index': 8738}","  233 |     expect($badge.exists()).toBe(true)
  234 |     expect($badge.classes()).toContain('badge-primary')
> 235 |     expect($badge.text()).toEqual('')
      |    ^ Duplicate Assert
  236 |
  237 |     await wrapper.setProps({ badge: 'FOO' })
  238 |     expect($badge.classes()).toContain('badge-primary')"
/home/gabriel/Disk/Research/research-javascript-test-smells/repositories/bootstrap-vue-dev/src/components/avatar/avatar.spec.js,Duplicate Assert,"{'line': 238, 'column': 4, 'index': 8822}","  236 |
  237 |     await wrapper.setProps({ badge: 'FOO' })
> 238 |     expect($badge.classes()).toContain('badge-primary')
      |    ^ Duplicate Assert
  239 |     expect($badge.text()).toEqual('FOO')
  240 |
  241 |     await wrapper.setProps({ badgeVariant: 'info' })"
/home/gabriel/Disk/Research/research-javascript-test-smells/repositories/bootstrap-vue-dev/src/components/avatar/avatar.spec.js,Duplicate Assert,"{'line': 238, 'column': 4, 'index': 8822}","  236 |
  237 |     await wrapper.setProps({ badge: 'FOO' })
> 238 |     expect($badge.classes()).toContain('badge-primary')
      |    ^ Duplicate Assert
  239 |     expect($badge.text()).toEqual('FOO')
  240 |
  241 |     await wrapper.setProps({ badgeVariant: 'info' })"
/home/gabriel/Disk/Research/research-javascript-test-smells/repositories/bootstrap-vue-dev/src/components/avatar/avatar.spec.js,Duplicate Assert,"{'line': 239, 'column': 4, 'index': 8878}","  237 |     await wrapper.setProps({ badge: 'FOO' })
  238 |     expect($badge.classes()).toContain('badge-primary')
> 239 |     expect($badge.text()).toEqual('FOO')
      |    ^ Duplicate Assert
  240 |
  241 |     await wrapper.setProps({ badgeVariant: 'info' })
  242 |     expect($badge.classes()).not.toContain('badge-primary')"
/home/gabriel/Disk/Research/research-javascript-test-smells/repositories/bootstrap-vue-dev/src/components/avatar/avatar.spec.js,Duplicate Assert,"{'line': 239, 'column': 4, 'index': 8878}","  237 |     await wrapper.setProps({ badge: 'FOO' })
  238 |     expect($badge.classes()).toContain('badge-primary')
> 239 |     expect($badge.text()).toEqual('FOO')
      |    ^ Duplicate Assert
  240 |
  241 |     await wrapper.setProps({ badgeVariant: 'info' })
  242 |     expect($badge.classes()).not.toContain('badge-primary')"
/home/gabriel/Disk/Research/research-javascript-test-smells/repositories/bootstrap-vue-dev/src/components/avatar/avatar.spec.js,Duplicate Assert,"{'line': 242, 'column': 4, 'index': 8973}","  240 |
  241 |     await wrapper.setProps({ badgeVariant: 'info' })
> 242 |     expect($badge.classes()).not.toContain('badge-primary')
      |    ^ Duplicate Assert
  243 |     expect($badge.classes()).toContain('badge-info')
  244 |     expect($badge.text()).toEqual('FOO')
  245 |"
/home/gabriel/Disk/Research/research-javascript-test-smells/repositories/bootstrap-vue-dev/src/components/avatar/avatar.spec.js,Duplicate Assert,"{'line': 243, 'column': 4, 'index': 9033}","  241 |     await wrapper.setProps({ badgeVariant: 'info' })
  242 |     expect($badge.classes()).not.toContain('badge-primary')
> 243 |     expect($badge.classes()).toContain('badge-info')
      |    ^ Duplicate Assert
  244 |     expect($badge.text()).toEqual('FOO')
  245 |
  246 |     wrapper.destroy()"
/home/gabriel/Disk/Research/research-javascript-test-smells/repositories/bootstrap-vue-dev/src/components/avatar/avatar.spec.js,Duplicate Assert,"{'line': 244, 'column': 4, 'index': 9086}","  242 |     expect($badge.classes()).not.toContain('badge-primary')
  243 |     expect($badge.classes()).toContain('badge-info')
> 244 |     expect($badge.text()).toEqual('FOO')
      |    ^ Duplicate Assert
  245 |
  246 |     wrapper.destroy()
  247 |   })"
/home/gabriel/Disk/Research/research-javascript-test-smells/repositories/bootstrap-vue-dev/src/components/avatar/avatar.spec.js,Duplicate Assert,"{'line': 244, 'column': 4, 'index': 9086}","  242 |     expect($badge.classes()).not.toContain('badge-primary')
  243 |     expect($badge.classes()).toContain('badge-info')
> 244 |     expect($badge.text()).toEqual('FOO')
      |    ^ Duplicate Assert
  245 |
  246 |     wrapper.destroy()
  247 |   })"
/home/gabriel/Disk/Research/research-javascript-test-smells/repositories/bootstrap-vue-dev/src/components/avatar/avatar.spec.js,Duplicate Assert,"{'line': 259, 'column': 4, 'index': 9455}","  257 |     expect(wrapper1.vm).toBeDefined()
  258 |     expect(wrapper1.element.tagName).toBe('SPAN')
> 259 |     expect(wrapper1.classes()).toContain('b-avatar')
      |    ^ Duplicate Assert
  260 |     expect(wrapper1.classes()).toContain('badge-secondary')
  261 |     // Uses avatar group size (default)
  262 |     expect(wrapper1.attributes('style')).toBe(undefined)"
/home/gabriel/Disk/Research/research-javascript-test-smells/repositories/bootstrap-vue-dev/src/components/avatar/avatar.spec.js,Duplicate Assert,"{'line': 260, 'column': 4, 'index': 9508}","  258 |     expect(wrapper1.element.tagName).toBe('SPAN')
  259 |     expect(wrapper1.classes()).toContain('b-avatar')
> 260 |     expect(wrapper1.classes()).toContain('badge-secondary')
      |    ^ Duplicate Assert
  261 |     // Uses avatar group size (default)
  262 |     expect(wrapper1.attributes('style')).toBe(undefined)
  263 |"
/home/gabriel/Disk/Research/research-javascript-test-smells/repositories/bootstrap-vue-dev/src/components/avatar/avatar.spec.js,Duplicate Assert,"{'line': 276, 'column': 4, 'index': 9923}","  274 |     expect(wrapper2.vm).toBeDefined()
  275 |     expect(wrapper2.element.tagName).toBe('SPAN')
> 276 |     expect(wrapper2.classes()).toContain('b-avatar')
      |    ^ Duplicate Assert
  277 |     expect(wrapper2.classes()).toContain('badge-danger')
  278 |     expect(wrapper2.classes()).not.toContain('badge-secondary')
  279 |     // Uses avatar group size (default)"
/home/gabriel/Disk/Research/research-javascript-test-smells/repositories/bootstrap-vue-dev/src/components/avatar/avatar.spec.js,Duplicate Assert,"{'line': 277, 'column': 4, 'index': 9976}","  275 |     expect(wrapper2.element.tagName).toBe('SPAN')
  276 |     expect(wrapper2.classes()).toContain('b-avatar')
> 277 |     expect(wrapper2.classes()).toContain('badge-danger')
      |    ^ Duplicate Assert
  278 |     expect(wrapper2.classes()).not.toContain('badge-secondary')
  279 |     // Uses avatar group size (default)
  280 |     expect(wrapper2.attributes('style')).toBe(undefined)"
/home/gabriel/Disk/Research/research-javascript-test-smells/repositories/bootstrap-vue-dev/src/components/avatar/avatar.spec.js,Duplicate Assert,"{'line': 278, 'column': 4, 'index': 10033}","  276 |     expect(wrapper2.classes()).toContain('b-avatar')
  277 |     expect(wrapper2.classes()).toContain('badge-danger')
> 278 |     expect(wrapper2.classes()).not.toContain('badge-secondary')
      |    ^ Duplicate Assert
  279 |     // Uses avatar group size (default)
  280 |     expect(wrapper2.attributes('style')).toBe(undefined)
  281 |"
/home/gabriel/Disk/Research/research-javascript-test-smells/repositories/bootstrap-vue-dev/src/components/avatar/avatar.spec.js,Duplicate Assert,"{'line': 298, 'column': 4, 'index': 10568}","  296 |     expect(wrapper1.vm).toBeDefined()
  297 |     expect(wrapper1.element.tagName).toBe('SPAN')
> 298 |     expect(wrapper1.classes()).toContain('b-avatar')
      |    ^ Duplicate Assert
  299 |     expect(wrapper1.classes()).toContain('badge-secondary')
  300 |     // Uses avatar group size (default)
  301 |     expect(wrapper1.attributes('style')).toBe(undefined)"
/home/gabriel/Disk/Research/research-javascript-test-smells/repositories/bootstrap-vue-dev/src/components/avatar/avatar.spec.js,Duplicate Assert,"{'line': 299, 'column': 4, 'index': 10621}","  297 |     expect(wrapper1.element.tagName).toBe('SPAN')
  298 |     expect(wrapper1.classes()).toContain('b-avatar')
> 299 |     expect(wrapper1.classes()).toContain('badge-secondary')
      |    ^ Duplicate Assert
  300 |     // Uses avatar group size (default)
  301 |     expect(wrapper1.attributes('style')).toBe(undefined)
  302 |"
/home/gabriel/Disk/Research/research-javascript-test-smells/repositories/bootstrap-vue-dev/src/components/avatar/avatar.spec.js,Duplicate Assert,"{'line': 318, 'column': 4, 'index': 11078}","  316 |     expect(wrapper2.vm).toBeDefined()
  317 |     expect(wrapper2.element.tagName).toBe('SPAN')
> 318 |     expect(wrapper2.classes()).toContain('b-avatar')
      |    ^ Duplicate Assert
  319 |     expect(wrapper2.classes()).toContain('badge-secondary')
  320 |     // Should use BAvatarGroup size prop
  321 |     expect(wrapper2.attributes('style')).toContain('width: 5em; height: 5em;')"
/home/gabriel/Disk/Research/research-javascript-test-smells/repositories/bootstrap-vue-dev/src/components/avatar/avatar.spec.js,Duplicate Assert,"{'line': 319, 'column': 4, 'index': 11131}","  317 |     expect(wrapper2.element.tagName).toBe('SPAN')
  318 |     expect(wrapper2.classes()).toContain('b-avatar')
> 319 |     expect(wrapper2.classes()).toContain('badge-secondary')
      |    ^ Duplicate Assert
  320 |     // Should use BAvatarGroup size prop
  321 |     expect(wrapper2.attributes('style')).toContain('width: 5em; height: 5em;')
  322 |"
/home/gabriel/Disk/Research/research-javascript-test-smells/repositories/bootstrap-vue-dev/src/components/avatar/avatar.spec.js,Magic Number,"{'line': 41, 'column': 49, 'index': 1585}","  39 |
  40 |     expect(wrapper.emitted('click')).not.toBeUndefined()
> 41 |     expect(wrapper.emitted('click').length).toBe(1)
     |                                                 ^ Magic Number
  42 |     expect(wrapper.emitted('click')[0][0]).toBeInstanceOf(Event)
  43 |
  44 |     wrapper.destroy()"
/home/gabriel/Disk/Research/research-javascript-test-smells/repositories/bootstrap-vue-dev/src/components/avatar/avatar.spec.js,Magic Number,"{'line': 71, 'column': 49, 'index': 2667}","  69 |
  70 |     expect(wrapper.emitted('click')).not.toBeUndefined()
> 71 |     expect(wrapper.emitted('click').length).toBe(1)
     |                                                 ^ Magic Number
  72 |     expect(wrapper.emitted('click')[0][0]).toBeInstanceOf(Event)
  73 |
  74 |     wrapper.destroy()"
/home/gabriel/Disk/Research/research-javascript-test-smells/repositories/bootstrap-vue-dev/src/components/avatar/avatar.spec.js,Magic Number,"{'line': 149, 'column': 53, 'index': 5600}","  147 |     await wrapper.find('img').trigger('error')
  148 |     expect(wrapper.emitted('img-error')).toBeDefined()
> 149 |     expect(wrapper.emitted('img-error').length).toBe(1)
      |                                                     ^ Magic Number
  150 |     expect(wrapper.find('img').exists()).toBe(false)
  151 |     expect(wrapper.text()).toContain('BV')
  152 |"
/home/gabriel/Disk/Research/research-javascript-test-smells/repositories/bootstrap-vue-dev/src/components/avatar/avatar-group.spec.js,Magic Number,"{'line': 14, 'column': 42, 'index': 483}","  12 |     expect(wrapper.element.tagName).toBe('DIV')
  13 |     expect(wrapper.classes()).toContain('b-avatar-group')
> 14 |     expect(wrapper.classes().length).toBe(1)
     |                                          ^ Magic Number
  15 |     expect(wrapper.attributes('role')).toEqual('group')
  16 |
  17 |     wrapper.destroy()"
/home/gabriel/Disk/Research/research-javascript-test-smells/repositories/bootstrap-vue-dev/src/components/avatar/avatar-group.spec.js,Magic Number,"{'line': 32, 'column': 42, 'index': 967}","  30 |     expect(wrapper.element.tagName).toBe('ARTICLE')
  31 |     expect(wrapper.classes()).toContain('b-avatar-group')
> 32 |     expect(wrapper.classes().length).toBe(1)
     |                                          ^ Magic Number
  33 |     expect(wrapper.attributes('role')).toEqual('group')
  34 |
  35 |     wrapper.destroy()"
/home/gabriel/Disk/Research/research-javascript-test-smells/repositories/bootstrap-vue-dev/src/components/avatar/avatar-group.spec.js,Magic Number,"{'line': 50, 'column': 42, 'index': 1444}","  48 |     expect(wrapper.element.tagName).toBe('DIV')
  49 |     expect(wrapper.classes()).toContain('b-avatar-group')
> 50 |     expect(wrapper.classes().length).toBe(1)
     |                                          ^ Magic Number
  51 |     expect(wrapper.attributes('role')).toEqual('group')
  52 |
  53 |     expect(wrapper.text()).toEqual('FOOBAR')"
/home/gabriel/Disk/Research/research-javascript-test-smells/repositories/bootstrap-vue-dev/src/components/avatar/avatar-group.spec.js,Magic Number,"{'line': 69, 'column': 36, 'index': 1874}","  67 |     await waitNT(wrapper.vm)
  68 |
> 69 |     expect(wrapper.vm.overlap).toBe(0.65)
     |                                    ^ Magic Number
  70 |     expect(wrapper.vm.overlapScale).toBe(0.325)
  71 |
  72 |     wrapper.destroy()"
/home/gabriel/Disk/Research/research-javascript-test-smells/repositories/bootstrap-vue-dev/src/components/avatar/avatar-group.spec.js,Magic Number,"{'line': 70, 'column': 41, 'index': 1921}","  68 |
  69 |     expect(wrapper.vm.overlap).toBe(0.65)
> 70 |     expect(wrapper.vm.overlapScale).toBe(0.325)
     |                                         ^ Magic Number
  71 |
  72 |     wrapper.destroy()
  73 |   })"
/home/gabriel/Disk/Research/research-javascript-test-smells/repositories/bootstrap-vue-dev/src/components/aspect/aspect.spec.js,Duplicate Assert,"{'line': 10, 'column': 4, 'index': 289}","   8 |     expect(wrapper.vm).toBeDefined()
   9 |     expect(wrapper.element.tagName).toBe('DIV')
> 10 |     expect(wrapper.classes()).toContain('b-aspect')
     |    ^ Duplicate Assert
  11 |     expect(wrapper.classes()).toContain('d-flex')
  12 |     expect(wrapper.classes().length).toBe(2)
  13 |"
/home/gabriel/Disk/Research/research-javascript-test-smells/repositories/bootstrap-vue-dev/src/components/aspect/aspect.spec.js,Duplicate Assert,"{'line': 11, 'column': 4, 'index': 341}","   9 |     expect(wrapper.element.tagName).toBe('DIV')
  10 |     expect(wrapper.classes()).toContain('b-aspect')
> 11 |     expect(wrapper.classes()).toContain('d-flex')
     |    ^ Duplicate Assert
  12 |     expect(wrapper.classes().length).toBe(2)
  13 |
  14 |     const $sizer = wrapper.find('.b-aspect-sizer')"
/home/gabriel/Disk/Research/research-javascript-test-smells/repositories/bootstrap-vue-dev/src/components/aspect/aspect.spec.js,Duplicate Assert,"{'line': 24, 'column': 4, 'index': 883}","  22 |     expect($content.exists()).toBe(true)
  23 |     expect($content.element.tagName).toBe('DIV')
> 24 |     expect($content.classes()).toContain('flex-grow-1')
     |    ^ Duplicate Assert
  25 |     expect($content.classes()).toContain('w-100')
  26 |     expect($content.classes()).toContain('mw-100')
  27 |     expect($content.attributes('style')).toContain('margin-left: -100%;')"
/home/gabriel/Disk/Research/research-javascript-test-smells/repositories/bootstrap-vue-dev/src/components/aspect/aspect.spec.js,Duplicate Assert,"{'line': 25, 'column': 4, 'index': 939}","  23 |     expect($content.element.tagName).toBe('DIV')
  24 |     expect($content.classes()).toContain('flex-grow-1')
> 25 |     expect($content.classes()).toContain('w-100')
     |    ^ Duplicate Assert
  26 |     expect($content.classes()).toContain('mw-100')
  27 |     expect($content.attributes('style')).toContain('margin-left: -100%;')
  28 |"
/home/gabriel/Disk/Research/research-javascript-test-smells/repositories/bootstrap-vue-dev/src/components/aspect/aspect.spec.js,Duplicate Assert,"{'line': 26, 'column': 4, 'index': 989}","  24 |     expect($content.classes()).toContain('flex-grow-1')
  25 |     expect($content.classes()).toContain('w-100')
> 26 |     expect($content.classes()).toContain('mw-100')
     |    ^ Duplicate Assert
  27 |     expect($content.attributes('style')).toContain('margin-left: -100%;')
  28 |
  29 |     wrapper.destroy()"
/home/gabriel/Disk/Research/research-javascript-test-smells/repositories/bootstrap-vue-dev/src/components/aspect/aspect.spec.js,Duplicate Assert,"{'line': 41, 'column': 4, 'index': 1403}","  39 |     expect(wrapper.vm).toBeDefined()
  40 |     expect(wrapper.element.tagName).toBe('SECTION')
> 41 |     expect(wrapper.classes()).toContain('b-aspect')
     |    ^ Duplicate Assert
  42 |     expect(wrapper.classes()).toContain('d-flex')
  43 |     expect(wrapper.classes().length).toBe(2)
  44 |"
/home/gabriel/Disk/Research/research-javascript-test-smells/repositories/bootstrap-vue-dev/src/components/aspect/aspect.spec.js,Duplicate Assert,"{'line': 42, 'column': 4, 'index': 1455}","  40 |     expect(wrapper.element.tagName).toBe('SECTION')
  41 |     expect(wrapper.classes()).toContain('b-aspect')
> 42 |     expect(wrapper.classes()).toContain('d-flex')
     |    ^ Duplicate Assert
  43 |     expect(wrapper.classes().length).toBe(2)
  44 |
  45 |     const $sizer = wrapper.find('.b-aspect-sizer')"
/home/gabriel/Disk/Research/research-javascript-test-smells/repositories/bootstrap-vue-dev/src/components/aspect/aspect.spec.js,Duplicate Assert,"{'line': 55, 'column': 4, 'index': 1997}","  53 |     expect($content.exists()).toBe(true)
  54 |     expect($content.element.tagName).toBe('DIV')
> 55 |     expect($content.classes()).toContain('flex-grow-1')
     |    ^ Duplicate Assert
  56 |     expect($content.classes()).toContain('w-100')
  57 |     expect($content.classes()).toContain('mw-100')
  58 |     expect($content.attributes('style')).toContain('margin-left: -100%;')"
/home/gabriel/Disk/Research/research-javascript-test-smells/repositories/bootstrap-vue-dev/src/components/aspect/aspect.spec.js,Duplicate Assert,"{'line': 56, 'column': 4, 'index': 2053}","  54 |     expect($content.element.tagName).toBe('DIV')
  55 |     expect($content.classes()).toContain('flex-grow-1')
> 56 |     expect($content.classes()).toContain('w-100')
     |    ^ Duplicate Assert
  57 |     expect($content.classes()).toContain('mw-100')
  58 |     expect($content.attributes('style')).toContain('margin-left: -100%;')
  59 |"
/home/gabriel/Disk/Research/research-javascript-test-smells/repositories/bootstrap-vue-dev/src/components/aspect/aspect.spec.js,Duplicate Assert,"{'line': 57, 'column': 4, 'index': 2103}","  55 |     expect($content.classes()).toContain('flex-grow-1')
  56 |     expect($content.classes()).toContain('w-100')
> 57 |     expect($content.classes()).toContain('mw-100')
     |    ^ Duplicate Assert
  58 |     expect($content.attributes('style')).toContain('margin-left: -100%;')
  59 |
  60 |     wrapper.destroy()"
/home/gabriel/Disk/Research/research-javascript-test-smells/repositories/bootstrap-vue-dev/src/components/aspect/aspect.spec.js,Duplicate Assert,"{'line': 72, 'column': 4, 'index': 2517}","  70 |     expect(wrapper.vm).toBeDefined()
  71 |     expect(wrapper.element.tagName).toBe('DIV')
> 72 |     expect(wrapper.classes()).toContain('b-aspect')
     |    ^ Duplicate Assert
  73 |     expect(wrapper.classes()).toContain('d-flex')
  74 |     expect(wrapper.classes().length).toBe(2)
  75 |"
/home/gabriel/Disk/Research/research-javascript-test-smells/repositories/bootstrap-vue-dev/src/components/aspect/aspect.spec.js,Duplicate Assert,"{'line': 73, 'column': 4, 'index': 2569}","  71 |     expect(wrapper.element.tagName).toBe('DIV')
  72 |     expect(wrapper.classes()).toContain('b-aspect')
> 73 |     expect(wrapper.classes()).toContain('d-flex')
     |    ^ Duplicate Assert
  74 |     expect(wrapper.classes().length).toBe(2)
  75 |
  76 |     const $sizer = wrapper.find('.b-aspect-sizer')"
/home/gabriel/Disk/Research/research-javascript-test-smells/repositories/bootstrap-vue-dev/src/components/aspect/aspect.spec.js,Duplicate Assert,"{'line': 85, 'column': 4, 'index': 3075}","  83 |     expect($content.exists()).toBe(true)
  84 |     expect($content.element.tagName).toBe('DIV')
> 85 |     expect($content.classes()).toContain('flex-grow-1')
     |    ^ Duplicate Assert
  86 |     expect($content.classes()).toContain('w-100')
  87 |     expect($content.classes()).toContain('mw-100')
  88 |     expect($content.attributes('style')).toContain('margin-left: -100%;')"
/home/gabriel/Disk/Research/research-javascript-test-smells/repositories/bootstrap-vue-dev/src/components/aspect/aspect.spec.js,Duplicate Assert,"{'line': 86, 'column': 4, 'index': 3131}","  84 |     expect($content.element.tagName).toBe('DIV')
  85 |     expect($content.classes()).toContain('flex-grow-1')
> 86 |     expect($content.classes()).toContain('w-100')
     |    ^ Duplicate Assert
  87 |     expect($content.classes()).toContain('mw-100')
  88 |     expect($content.attributes('style')).toContain('margin-left: -100%;')
  89 |"
/home/gabriel/Disk/Research/research-javascript-test-smells/repositories/bootstrap-vue-dev/src/components/aspect/aspect.spec.js,Duplicate Assert,"{'line': 87, 'column': 4, 'index': 3181}","  85 |     expect($content.classes()).toContain('flex-grow-1')
  86 |     expect($content.classes()).toContain('w-100')
> 87 |     expect($content.classes()).toContain('mw-100')
     |    ^ Duplicate Assert
  88 |     expect($content.attributes('style')).toContain('margin-left: -100%;')
  89 |
  90 |     wrapper.destroy()"
/home/gabriel/Disk/Research/research-javascript-test-smells/repositories/bootstrap-vue-dev/src/components/aspect/aspect.spec.js,Duplicate Assert,"{'line': 101, 'column': 4, 'index': 3596}","   99 |     expect(wrapper.vm).toBeDefined()
  100 |     expect(wrapper.element.tagName).toBe('DIV')
> 101 |     expect(wrapper.classes()).toContain('b-aspect')
      |    ^ Duplicate Assert
  102 |     expect(wrapper.classes()).toContain('d-flex')
  103 |     expect(wrapper.classes().length).toBe(2)
  104 |"
/home/gabriel/Disk/Research/research-javascript-test-smells/repositories/bootstrap-vue-dev/src/components/aspect/aspect.spec.js,Duplicate Assert,"{'line': 102, 'column': 4, 'index': 3648}","  100 |     expect(wrapper.element.tagName).toBe('DIV')
  101 |     expect(wrapper.classes()).toContain('b-aspect')
> 102 |     expect(wrapper.classes()).toContain('d-flex')
      |    ^ Duplicate Assert
  103 |     expect(wrapper.classes().length).toBe(2)
  104 |
  105 |     const $sizer = wrapper.find('.b-aspect-sizer')"
/home/gabriel/Disk/Research/research-javascript-test-smells/repositories/bootstrap-vue-dev/src/components/aspect/aspect.spec.js,Duplicate Assert,"{'line': 114, 'column': 4, 'index': 4157}","  112 |     expect($content.exists()).toBe(true)
  113 |     expect($content.element.tagName).toBe('DIV')
> 114 |     expect($content.classes()).toContain('flex-grow-1')
      |    ^ Duplicate Assert
  115 |     expect($content.classes()).toContain('w-100')
  116 |     expect($content.classes()).toContain('mw-100')
  117 |     expect($content.attributes('style')).toContain('margin-left: -100%;')"
/home/gabriel/Disk/Research/research-javascript-test-smells/repositories/bootstrap-vue-dev/src/components/aspect/aspect.spec.js,Duplicate Assert,"{'line': 115, 'column': 4, 'index': 4213}","  113 |     expect($content.element.tagName).toBe('DIV')
  114 |     expect($content.classes()).toContain('flex-grow-1')
> 115 |     expect($content.classes()).toContain('w-100')
      |    ^ Duplicate Assert
  116 |     expect($content.classes()).toContain('mw-100')
  117 |     expect($content.attributes('style')).toContain('margin-left: -100%;')
  118 |"
/home/gabriel/Disk/Research/research-javascript-test-smells/repositories/bootstrap-vue-dev/src/components/aspect/aspect.spec.js,Duplicate Assert,"{'line': 116, 'column': 4, 'index': 4263}","  114 |     expect($content.classes()).toContain('flex-grow-1')
  115 |     expect($content.classes()).toContain('w-100')
> 116 |     expect($content.classes()).toContain('mw-100')
      |    ^ Duplicate Assert
  117 |     expect($content.attributes('style')).toContain('margin-left: -100%;')
  118 |
  119 |     wrapper.destroy()"
/home/gabriel/Disk/Research/research-javascript-test-smells/repositories/bootstrap-vue-dev/src/components/aspect/aspect.spec.js,Magic Number,"{'line': 12, 'column': 42, 'index': 429}","  10 |     expect(wrapper.classes()).toContain('b-aspect')
  11 |     expect(wrapper.classes()).toContain('d-flex')
> 12 |     expect(wrapper.classes().length).toBe(2)
     |                                          ^ Magic Number
  13 |
  14 |     const $sizer = wrapper.find('.b-aspect-sizer')
  15 |     expect($sizer.exists()).toBe(true)"
/home/gabriel/Disk/Research/research-javascript-test-smells/repositories/bootstrap-vue-dev/src/components/aspect/aspect.spec.js,Magic Number,"{'line': 43, 'column': 42, 'index': 1543}","  41 |     expect(wrapper.classes()).toContain('b-aspect')
  42 |     expect(wrapper.classes()).toContain('d-flex')
> 43 |     expect(wrapper.classes().length).toBe(2)
     |                                          ^ Magic Number
  44 |
  45 |     const $sizer = wrapper.find('.b-aspect-sizer')
  46 |     expect($sizer.exists()).toBe(true)"
/home/gabriel/Disk/Research/research-javascript-test-smells/repositories/bootstrap-vue-dev/src/components/aspect/aspect.spec.js,Magic Number,"{'line': 74, 'column': 42, 'index': 2657}","  72 |     expect(wrapper.classes()).toContain('b-aspect')
  73 |     expect(wrapper.classes()).toContain('d-flex')
> 74 |     expect(wrapper.classes().length).toBe(2)
     |                                          ^ Magic Number
  75 |
  76 |     const $sizer = wrapper.find('.b-aspect-sizer')
  77 |     expect($sizer.exists()).toBe(true)"
/home/gabriel/Disk/Research/research-javascript-test-smells/repositories/bootstrap-vue-dev/src/components/aspect/aspect.spec.js,Magic Number,"{'line': 103, 'column': 42, 'index': 3736}","  101 |     expect(wrapper.classes()).toContain('b-aspect')
  102 |     expect(wrapper.classes()).toContain('d-flex')
> 103 |     expect(wrapper.classes().length).toBe(2)
      |                                          ^ Magic Number
  104 |
  105 |     const $sizer = wrapper.find('.b-aspect-sizer')
  106 |     expect($sizer.exists()).toBe(true)"
/home/gabriel/Disk/Research/research-javascript-test-smells/repositories/bootstrap-vue-dev/src/components/alert/alert.spec.js,Duplicate Assert,"{'line': 49, 'column': 4, 'index': 1156}","  47 |
  48 |     expect(wrapper.element.tagName).toBe('DIV')
> 49 |     expect(wrapper.classes()).toContain('alert')
     |    ^ Duplicate Assert
  50 |     expect(wrapper.classes()).toContain('alert-info')
  51 |     expect(wrapper.classes()).not.toContain('fade')
  52 |     expect(wrapper.classes()).not.toContain('show')"
/home/gabriel/Disk/Research/research-javascript-test-smells/repositories/bootstrap-vue-dev/src/components/alert/alert.spec.js,Duplicate Assert,"{'line': 50, 'column': 4, 'index': 1205}","  48 |     expect(wrapper.element.tagName).toBe('DIV')
  49 |     expect(wrapper.classes()).toContain('alert')
> 50 |     expect(wrapper.classes()).toContain('alert-info')
     |    ^ Duplicate Assert
  51 |     expect(wrapper.classes()).not.toContain('fade')
  52 |     expect(wrapper.classes()).not.toContain('show')
  53 |"
/home/gabriel/Disk/Research/research-javascript-test-smells/repositories/bootstrap-vue-dev/src/components/alert/alert.spec.js,Duplicate Assert,"{'line': 51, 'column': 4, 'index': 1259}","  49 |     expect(wrapper.classes()).toContain('alert')
  50 |     expect(wrapper.classes()).toContain('alert-info')
> 51 |     expect(wrapper.classes()).not.toContain('fade')
     |    ^ Duplicate Assert
  52 |     expect(wrapper.classes()).not.toContain('show')
  53 |
  54 |     expect(wrapper.attributes('role')).toBe('alert')"
/home/gabriel/Disk/Research/research-javascript-test-smells/repositories/bootstrap-vue-dev/src/components/alert/alert.spec.js,Duplicate Assert,"{'line': 52, 'column': 4, 'index': 1311}","  50 |     expect(wrapper.classes()).toContain('alert-info')
  51 |     expect(wrapper.classes()).not.toContain('fade')
> 52 |     expect(wrapper.classes()).not.toContain('show')
     |    ^ Duplicate Assert
  53 |
  54 |     expect(wrapper.attributes('role')).toBe('alert')
  55 |     expect(wrapper.attributes('aria-live')).toBe('polite')"
/home/gabriel/Disk/Research/research-javascript-test-smells/repositories/bootstrap-vue-dev/src/components/alert/alert.spec.js,Duplicate Assert,"{'line': 69, 'column': 4, 'index': 1787}","  67 |
  68 |     expect(wrapper.element.tagName).toBe('DIV')
> 69 |     expect(wrapper.classes()).toContain('alert')
     |    ^ Duplicate Assert
  70 |     expect(wrapper.classes()).toContain('alert-info')
  71 |     expect(wrapper.classes()).not.toContain('fade')
  72 |     expect(wrapper.classes()).not.toContain('show')"
/home/gabriel/Disk/Research/research-javascript-test-smells/repositories/bootstrap-vue-dev/src/components/alert/alert.spec.js,Duplicate Assert,"{'line': 70, 'column': 4, 'index': 1836}","  68 |     expect(wrapper.element.tagName).toBe('DIV')
  69 |     expect(wrapper.classes()).toContain('alert')
> 70 |     expect(wrapper.classes()).toContain('alert-info')
     |    ^ Duplicate Assert
  71 |     expect(wrapper.classes()).not.toContain('fade')
  72 |     expect(wrapper.classes()).not.toContain('show')
  73 |"
/home/gabriel/Disk/Research/research-javascript-test-smells/repositories/bootstrap-vue-dev/src/components/alert/alert.spec.js,Duplicate Assert,"{'line': 71, 'column': 4, 'index': 1890}","  69 |     expect(wrapper.classes()).toContain('alert')
  70 |     expect(wrapper.classes()).toContain('alert-info')
> 71 |     expect(wrapper.classes()).not.toContain('fade')
     |    ^ Duplicate Assert
  72 |     expect(wrapper.classes()).not.toContain('show')
  73 |
  74 |     expect(wrapper.attributes('role')).toBe('alert')"
/home/gabriel/Disk/Research/research-javascript-test-smells/repositories/bootstrap-vue-dev/src/components/alert/alert.spec.js,Duplicate Assert,"{'line': 72, 'column': 4, 'index': 1942}","  70 |     expect(wrapper.classes()).toContain('alert-info')
  71 |     expect(wrapper.classes()).not.toContain('fade')
> 72 |     expect(wrapper.classes()).not.toContain('show')
     |    ^ Duplicate Assert
  73 |
  74 |     expect(wrapper.attributes('role')).toBe('alert')
  75 |     expect(wrapper.attributes('aria-live')).toBe('polite')"
/home/gabriel/Disk/Research/research-javascript-test-smells/repositories/bootstrap-vue-dev/src/components/alert/alert.spec.js,Duplicate Assert,"{'line': 90, 'column': 4, 'index': 2434}","  88 |
  89 |     expect(wrapper.element.tagName).toBe('DIV')
> 90 |     expect(wrapper.classes()).toContain('alert')
     |    ^ Duplicate Assert
  91 |     expect(wrapper.classes()).toContain('alert-success')
  92 |     expect(wrapper.attributes('role')).toBe('alert')
  93 |     expect(wrapper.attributes('aria-live')).toBe('polite')"
/home/gabriel/Disk/Research/research-javascript-test-smells/repositories/bootstrap-vue-dev/src/components/alert/alert.spec.js,Duplicate Assert,"{'line': 91, 'column': 4, 'index': 2483}","  89 |     expect(wrapper.element.tagName).toBe('DIV')
  90 |     expect(wrapper.classes()).toContain('alert')
> 91 |     expect(wrapper.classes()).toContain('alert-success')
     |    ^ Duplicate Assert
  92 |     expect(wrapper.attributes('role')).toBe('alert')
  93 |     expect(wrapper.attributes('aria-live')).toBe('polite')
  94 |     expect(wrapper.attributes('aria-atomic')).toBe('true')"
/home/gabriel/Disk/Research/research-javascript-test-smells/repositories/bootstrap-vue-dev/src/components/alert/alert.spec.js,Duplicate Assert,"{'line': 128, 'column': 4, 'index': 3511}","  126 |     expect(wrapper.html()).toBeDefined()
  127 |     expect(wrapper.element.tagName).toBe('DIV')
> 128 |     expect(wrapper.classes()).toContain('alert')
      |    ^ Duplicate Assert
  129 |     expect(wrapper.classes()).toContain('alert-info')
  130 |
  131 |     wrapper.destroy()"
/home/gabriel/Disk/Research/research-javascript-test-smells/repositories/bootstrap-vue-dev/src/components/alert/alert.spec.js,Duplicate Assert,"{'line': 129, 'column': 4, 'index': 3560}","  127 |     expect(wrapper.element.tagName).toBe('DIV')
  128 |     expect(wrapper.classes()).toContain('alert')
> 129 |     expect(wrapper.classes()).toContain('alert-info')
      |    ^ Duplicate Assert
  130 |
  131 |     wrapper.destroy()
  132 |   })"
/home/gabriel/Disk/Research/research-javascript-test-smells/repositories/bootstrap-vue-dev/src/components/alert/alert.spec.js,Duplicate Assert,"{'line': 144, 'column': 4, 'index': 3921}","  142 |     expect(wrapper.vm).toBeDefined()
  143 |     expect(wrapper.element.tagName).toBe('DIV')
> 144 |     expect(wrapper.classes()).toContain('alert')
      |    ^ Duplicate Assert
  145 |     expect(wrapper.classes()).toContain('alert-info')
  146 |     expect(wrapper.classes()).toContain('alert-dismissible')
  147 |"
/home/gabriel/Disk/Research/research-javascript-test-smells/repositories/bootstrap-vue-dev/src/components/alert/alert.spec.js,Duplicate Assert,"{'line': 145, 'column': 4, 'index': 3970}","  143 |     expect(wrapper.element.tagName).toBe('DIV')
  144 |     expect(wrapper.classes()).toContain('alert')
> 145 |     expect(wrapper.classes()).toContain('alert-info')
      |    ^ Duplicate Assert
  146 |     expect(wrapper.classes()).toContain('alert-dismissible')
  147 |
  148 |     wrapper.destroy()"
/home/gabriel/Disk/Research/research-javascript-test-smells/repositories/bootstrap-vue-dev/src/components/alert/alert.spec.js,Duplicate Assert,"{'line': 146, 'column': 4, 'index': 4024}","  144 |     expect(wrapper.classes()).toContain('alert')
  145 |     expect(wrapper.classes()).toContain('alert-info')
> 146 |     expect(wrapper.classes()).toContain('alert-dismissible')
      |    ^ Duplicate Assert
  147 |
  148 |     wrapper.destroy()
  149 |   })"
/home/gabriel/Disk/Research/research-javascript-test-smells/repositories/bootstrap-vue-dev/src/components/alert/alert.spec.js,Duplicate Assert,"{'line': 196, 'column': 4, 'index': 5412}","  194 |     expect(wrapper.vm).toBeDefined()
  195 |     expect(wrapper.element.tagName).toBe('DIV')
> 196 |     expect(wrapper.classes()).toContain('alert-dismissible')
      |    ^ Duplicate Assert
  197 |     expect(wrapper.classes()).toContain('alert')
  198 |     expect(wrapper.find('button').exists()).toBe(true)
  199 |     expect(wrapper.emitted('dismissed')).toBeUndefined()"
/home/gabriel/Disk/Research/research-javascript-test-smells/repositories/bootstrap-vue-dev/src/components/alert/alert.spec.js,Duplicate Assert,"{'line': 197, 'column': 4, 'index': 5473}","  195 |     expect(wrapper.element.tagName).toBe('DIV')
  196 |     expect(wrapper.classes()).toContain('alert-dismissible')
> 197 |     expect(wrapper.classes()).toContain('alert')
      |    ^ Duplicate Assert
  198 |     expect(wrapper.find('button').exists()).toBe(true)
  199 |     expect(wrapper.emitted('dismissed')).toBeUndefined()
  200 |     expect(wrapper.emitted('input')).toBeUndefined()"
/home/gabriel/Disk/Research/research-javascript-test-smells/repositories/bootstrap-vue-dev/src/components/alert/alert.spec.js,Duplicate Assert,"{'line': 199, 'column': 4, 'index': 5577}","  197 |     expect(wrapper.classes()).toContain('alert')
  198 |     expect(wrapper.find('button').exists()).toBe(true)
> 199 |     expect(wrapper.emitted('dismissed')).toBeUndefined()
      |    ^ Duplicate Assert
  200 |     expect(wrapper.emitted('input')).toBeUndefined()
  201 |
  202 |     await wrapper.find('button').trigger('click')"
/home/gabriel/Disk/Research/research-javascript-test-smells/repositories/bootstrap-vue-dev/src/components/alert/alert.spec.js,Duplicate Assert,"{'line': 200, 'column': 4, 'index': 5634}","  198 |     expect(wrapper.find('button').exists()).toBe(true)
  199 |     expect(wrapper.emitted('dismissed')).toBeUndefined()
> 200 |     expect(wrapper.emitted('input')).toBeUndefined()
      |    ^ Duplicate Assert
  201 |
  202 |     await wrapper.find('button').trigger('click')
  203 |"
/home/gabriel/Disk/Research/research-javascript-test-smells/repositories/bootstrap-vue-dev/src/components/alert/alert.spec.js,Duplicate Assert,"{'line': 205, 'column': 4, 'index': 5800}","  203 |
  204 |     expect(wrapper.element.nodeType).toBe(Node.COMMENT_NODE)
> 205 |     expect(wrapper.emitted('dismissed')).toBeDefined()
      |    ^ Duplicate Assert
  206 |     expect(wrapper.emitted('dismissed').length).toBe(1)
  207 |     expect(wrapper.emitted('input')).toBeDefined()
  208 |     expect(wrapper.emitted('input').length).toBe(1)"
/home/gabriel/Disk/Research/research-javascript-test-smells/repositories/bootstrap-vue-dev/src/components/alert/alert.spec.js,Duplicate Assert,"{'line': 207, 'column': 4, 'index': 5911}","  205 |     expect(wrapper.emitted('dismissed')).toBeDefined()
  206 |     expect(wrapper.emitted('dismissed').length).toBe(1)
> 207 |     expect(wrapper.emitted('input')).toBeDefined()
      |    ^ Duplicate Assert
  208 |     expect(wrapper.emitted('input').length).toBe(1)
  209 |     expect(wrapper.emitted('input')[0][0]).toBe(false)
  210 |"
/home/gabriel/Disk/Research/research-javascript-test-smells/repositories/bootstrap-vue-dev/src/components/alert/alert.spec.js,Duplicate Assert,"{'line': 223, 'column': 4, 'index': 6290}","  221 |
  222 |     expect(wrapper.vm).toBeDefined()
> 223 |     expect(wrapper.element.nodeType).toBe(Node.COMMENT_NODE)
      |    ^ Duplicate Assert
  224 |
  225 |     await wrapper.setProps({ show: true })
  226 |"
/home/gabriel/Disk/Research/research-javascript-test-smells/repositories/bootstrap-vue-dev/src/components/alert/alert.spec.js,Duplicate Assert,"{'line': 223, 'column': 4, 'index': 6290}","  221 |
  222 |     expect(wrapper.vm).toBeDefined()
> 223 |     expect(wrapper.element.nodeType).toBe(Node.COMMENT_NODE)
      |    ^ Duplicate Assert
  224 |
  225 |     await wrapper.setProps({ show: true })
  226 |"
/home/gabriel/Disk/Research/research-javascript-test-smells/repositories/bootstrap-vue-dev/src/components/alert/alert.spec.js,Duplicate Assert,"{'line': 228, 'column': 4, 'index': 6444}","  226 |
  227 |     expect(wrapper.element.tagName).toBe('DIV')
> 228 |     expect(wrapper.classes()).toContain('alert')
      |    ^ Duplicate Assert
  229 |     expect(wrapper.classes()).toContain('alert-info')
  230 |     expect(wrapper.classes()).toContain('fade')
  231 |     await waitRAF()"
/home/gabriel/Disk/Research/research-javascript-test-smells/repositories/bootstrap-vue-dev/src/components/alert/alert.spec.js,Duplicate Assert,"{'line': 229, 'column': 4, 'index': 6493}","  227 |     expect(wrapper.element.tagName).toBe('DIV')
  228 |     expect(wrapper.classes()).toContain('alert')
> 229 |     expect(wrapper.classes()).toContain('alert-info')
      |    ^ Duplicate Assert
  230 |     expect(wrapper.classes()).toContain('fade')
  231 |     await waitRAF()
  232 |     await waitRAF()"
/home/gabriel/Disk/Research/research-javascript-test-smells/repositories/bootstrap-vue-dev/src/components/alert/alert.spec.js,Duplicate Assert,"{'line': 230, 'column': 4, 'index': 6547}","  228 |     expect(wrapper.classes()).toContain('alert')
  229 |     expect(wrapper.classes()).toContain('alert-info')
> 230 |     expect(wrapper.classes()).toContain('fade')
      |    ^ Duplicate Assert
  231 |     await waitRAF()
  232 |     await waitRAF()
  233 |     await waitRAF()"
/home/gabriel/Disk/Research/research-javascript-test-smells/repositories/bootstrap-vue-dev/src/components/alert/alert.spec.js,Duplicate Assert,"{'line': 241, 'column': 4, 'index': 6857}","  239 |     expect(wrapper.emitted('dismissed')).toBeUndefined()
  240 |
> 241 |     expect(wrapper.element.nodeType).toBe(Node.COMMENT_NODE)
      |    ^ Duplicate Assert
  242 |
  243 |     wrapper.destroy()
  244 |   })"
/home/gabriel/Disk/Research/research-javascript-test-smells/repositories/bootstrap-vue-dev/src/components/alert/alert.spec.js,Duplicate Assert,"{'line': 241, 'column': 4, 'index': 6857}","  239 |     expect(wrapper.emitted('dismissed')).toBeUndefined()
  240 |
> 241 |     expect(wrapper.element.nodeType).toBe(Node.COMMENT_NODE)
      |    ^ Duplicate Assert
  242 |
  243 |     wrapper.destroy()
  244 |   })"
/home/gabriel/Disk/Research/research-javascript-test-smells/repositories/bootstrap-vue-dev/src/components/alert/alert.spec.js,Duplicate Assert,"{'line': 259, 'column': 4, 'index': 7239}","  257 |     await waitNT(wrapper.vm)
  258 |
> 259 |     expect(wrapper.emitted('dismissed')).toBeUndefined()
      |    ^ Duplicate Assert
  260 |     expect(wrapper.emitted('dismiss-count-down')).toBeDefined()
  261 |     expect(wrapper.emitted('dismiss-count-down').length).toBe(1)
  262 |     expect(wrapper.emitted('dismiss-count-down')[0][0]).toBe(3) // 3 - 0"
/home/gabriel/Disk/Research/research-javascript-test-smells/repositories/bootstrap-vue-dev/src/components/alert/alert.spec.js,Duplicate Assert,"{'line': 261, 'column': 4, 'index': 7360}","  259 |     expect(wrapper.emitted('dismissed')).toBeUndefined()
  260 |     expect(wrapper.emitted('dismiss-count-down')).toBeDefined()
> 261 |     expect(wrapper.emitted('dismiss-count-down').length).toBe(1)
      |    ^ Duplicate Assert
  262 |     expect(wrapper.emitted('dismiss-count-down')[0][0]).toBe(3) // 3 - 0
  263 |
  264 |     jest.runTimersToTime(1000)"
/home/gabriel/Disk/Research/research-javascript-test-smells/repositories/bootstrap-vue-dev/src/components/alert/alert.spec.js,Duplicate Assert,"{'line': 267, 'column': 4, 'index': 7560}","  265 |     await waitNT(wrapper.vm)
  266 |
> 267 |     expect(wrapper.emitted('dismiss-count-down').length).toBe(2)
      |    ^ Duplicate Assert
  268 |     expect(wrapper.emitted('dismiss-count-down')[1][0]).toBe(2) // 3 - 1
  269 |
  270 |     jest.runTimersToTime(1000)"
/home/gabriel/Disk/Research/research-javascript-test-smells/repositories/bootstrap-vue-dev/src/components/alert/alert.spec.js,Duplicate Assert,"{'line': 273, 'column': 4, 'index': 7760}","  271 |     await waitNT(wrapper.vm)
  272 |
> 273 |     expect(wrapper.emitted('dismiss-count-down').length).toBe(3)
      |    ^ Duplicate Assert
  274 |     expect(wrapper.emitted('dismiss-count-down')[2][0]).toBe(1) // 3 - 2
  275 |
  276 |     jest.runTimersToTime(1000)"
/home/gabriel/Disk/Research/research-javascript-test-smells/repositories/bootstrap-vue-dev/src/components/alert/alert.spec.js,Duplicate Assert,"{'line': 279, 'column': 4, 'index': 7960}","  277 |     await waitNT(wrapper.vm)
  278 |
> 279 |     expect(wrapper.emitted('dismiss-count-down').length).toBe(4)
      |    ^ Duplicate Assert
  280 |     expect(wrapper.emitted('dismiss-count-down')[3][0]).toBe(0) // 3 - 3
  281 |
  282 |     await waitNT(wrapper.vm)"
/home/gabriel/Disk/Research/research-javascript-test-smells/repositories/bootstrap-vue-dev/src/components/alert/alert.spec.js,Duplicate Assert,"{'line': 284, 'column': 4, 'index': 8148}","  282 |     await waitNT(wrapper.vm)
  283 |     await waitRAF()
> 284 |     expect(wrapper.emitted('dismissed')).toBeDefined()
      |    ^ Duplicate Assert
  285 |     expect(wrapper.emitted('dismissed').length).toBe(1)
  286 |     expect(wrapper.element.nodeType).toBe(Node.COMMENT_NODE)
  287 |"
/home/gabriel/Disk/Research/research-javascript-test-smells/repositories/bootstrap-vue-dev/src/components/alert/alert.spec.js,Duplicate Assert,"{'line': 304, 'column': 4, 'index': 8673}","  302 |     await waitNT(wrapper.vm)
  303 |
> 304 |     expect(wrapper.emitted('dismissed')).toBeUndefined()
      |    ^ Duplicate Assert
  305 |     expect(wrapper.emitted('dismiss-count-down')).toBeDefined()
  306 |     expect(wrapper.emitted('dismiss-count-down').length).toBe(1)
  307 |     expect(wrapper.emitted('dismiss-count-down')[0][0]).toBe(3) // 3 - 0"
/home/gabriel/Disk/Research/research-javascript-test-smells/repositories/bootstrap-vue-dev/src/components/alert/alert.spec.js,Duplicate Assert,"{'line': 306, 'column': 4, 'index': 8794}","  304 |     expect(wrapper.emitted('dismissed')).toBeUndefined()
  305 |     expect(wrapper.emitted('dismiss-count-down')).toBeDefined()
> 306 |     expect(wrapper.emitted('dismiss-count-down').length).toBe(1)
      |    ^ Duplicate Assert
  307 |     expect(wrapper.emitted('dismiss-count-down')[0][0]).toBe(3) // 3 - 0
  308 |
  309 |     jest.runTimersToTime(1000)"
/home/gabriel/Disk/Research/research-javascript-test-smells/repositories/bootstrap-vue-dev/src/components/alert/alert.spec.js,Duplicate Assert,"{'line': 312, 'column': 4, 'index': 8994}","  310 |     await waitNT(wrapper.vm)
  311 |
> 312 |     expect(wrapper.emitted('dismiss-count-down').length).toBe(2)
      |    ^ Duplicate Assert
  313 |     expect(wrapper.emitted('dismiss-count-down')[1][0]).toBe(2) // 3 - 1
  314 |
  315 |     jest.runTimersToTime(1000)"
/home/gabriel/Disk/Research/research-javascript-test-smells/repositories/bootstrap-vue-dev/src/components/alert/alert.spec.js,Duplicate Assert,"{'line': 318, 'column': 4, 'index': 9194}","  316 |     await waitNT(wrapper.vm)
  317 |
> 318 |     expect(wrapper.emitted('dismiss-count-down').length).toBe(3)
      |    ^ Duplicate Assert
  319 |     expect(wrapper.emitted('dismiss-count-down')[2][0]).toBe(1) // 3 - 2
  320 |
  321 |     jest.runTimersToTime(1000)"
/home/gabriel/Disk/Research/research-javascript-test-smells/repositories/bootstrap-vue-dev/src/components/alert/alert.spec.js,Duplicate Assert,"{'line': 324, 'column': 4, 'index': 9394}","  322 |     await waitNT(wrapper.vm)
  323 |
> 324 |     expect(wrapper.emitted('dismiss-count-down').length).toBe(4)
      |    ^ Duplicate Assert
  325 |     expect(wrapper.emitted('dismiss-count-down')[3][0]).toBe(0) // 3 - 3
  326 |
  327 |     await waitNT(wrapper.vm)"
/home/gabriel/Disk/Research/research-javascript-test-smells/repositories/bootstrap-vue-dev/src/components/alert/alert.spec.js,Duplicate Assert,"{'line': 329, 'column': 4, 'index': 9582}","  327 |     await waitNT(wrapper.vm)
  328 |     await waitRAF()
> 329 |     expect(wrapper.emitted('dismissed')).toBeDefined()
      |    ^ Duplicate Assert
  330 |     expect(wrapper.emitted('dismissed').length).toBe(1)
  331 |     expect(wrapper.element.nodeType).toBe(Node.COMMENT_NODE)
  332 |"
/home/gabriel/Disk/Research/research-javascript-test-smells/repositories/bootstrap-vue-dev/src/components/alert/alert.spec.js,Duplicate Assert,"{'line': 349, 'column': 4, 'index': 10079}","  347 |     await waitNT(wrapper.vm)
  348 |
> 349 |     expect(wrapper.emitted('dismissed')).toBeUndefined()
      |    ^ Duplicate Assert
  350 |     expect(wrapper.emitted('dismiss-count-down')).toBeDefined()
  351 |     expect(wrapper.emitted('dismiss-count-down').length).toBe(1)
  352 |     expect(wrapper.emitted('dismiss-count-down')[0][0]).toBe(2) // 2 - 0"
/home/gabriel/Disk/Research/research-javascript-test-smells/repositories/bootstrap-vue-dev/src/components/alert/alert.spec.js,Duplicate Assert,"{'line': 351, 'column': 4, 'index': 10200}","  349 |     expect(wrapper.emitted('dismissed')).toBeUndefined()
  350 |     expect(wrapper.emitted('dismiss-count-down')).toBeDefined()
> 351 |     expect(wrapper.emitted('dismiss-count-down').length).toBe(1)
      |    ^ Duplicate Assert
  352 |     expect(wrapper.emitted('dismiss-count-down')[0][0]).toBe(2) // 2 - 0
  353 |
  354 |     jest.runTimersToTime(1000)"
/home/gabriel/Disk/Research/research-javascript-test-smells/repositories/bootstrap-vue-dev/src/components/alert/alert.spec.js,Duplicate Assert,"{'line': 357, 'column': 4, 'index': 10400}","  355 |     await waitNT(wrapper.vm)
  356 |
> 357 |     expect(wrapper.emitted('dismiss-count-down').length).toBe(2)
      |    ^ Duplicate Assert
  358 |     expect(wrapper.emitted('dismiss-count-down')[1][0]).toBe(1) // 2 - 1
  359 |
  360 |     // Reset countdown"
/home/gabriel/Disk/Research/research-javascript-test-smells/repositories/bootstrap-vue-dev/src/components/alert/alert.spec.js,Duplicate Assert,"{'line': 362, 'column': 4, 'index': 10602}","  360 |     // Reset countdown
  361 |     await wrapper.setProps({ show: 3 })
> 362 |     expect(wrapper.emitted('dismiss-count-down').length).toBe(3)
      |    ^ Duplicate Assert
  363 |     expect(wrapper.emitted('dismiss-count-down')[2][0]).toBe(3) // 3 - 0
  364 |
  365 |     jest.runTimersToTime(1000)"
/home/gabriel/Disk/Research/research-javascript-test-smells/repositories/bootstrap-vue-dev/src/components/alert/alert.spec.js,Duplicate Assert,"{'line': 368, 'column': 4, 'index': 10802}","  366 |     await waitNT(wrapper.vm)
  367 |
> 368 |     expect(wrapper.emitted('dismiss-count-down').length).toBe(4)
      |    ^ Duplicate Assert
  369 |     expect(wrapper.emitted('dismiss-count-down')[3][0]).toBe(2) // 3 - 1
  370 |
  371 |     jest.runTimersToTime(1000)"
/home/gabriel/Disk/Research/research-javascript-test-smells/repositories/bootstrap-vue-dev/src/components/alert/alert.spec.js,Duplicate Assert,"{'line': 374, 'column': 4, 'index': 11002}","  372 |     await waitNT(wrapper.vm)
  373 |
> 374 |     expect(wrapper.emitted('dismiss-count-down').length).toBe(5)
      |    ^ Duplicate Assert
  375 |     expect(wrapper.emitted('dismiss-count-down')[4][0]).toBe(1) // 3 - 2
  376 |
  377 |     jest.runTimersToTime(1000)"
/home/gabriel/Disk/Research/research-javascript-test-smells/repositories/bootstrap-vue-dev/src/components/alert/alert.spec.js,Duplicate Assert,"{'line': 380, 'column': 4, 'index': 11202}","  378 |     await waitNT(wrapper.vm)
  379 |
> 380 |     expect(wrapper.emitted('dismiss-count-down').length).toBe(6)
      |    ^ Duplicate Assert
  381 |     expect(wrapper.emitted('dismiss-count-down')[5][0]).toBe(0) // 3 - 3
  382 |
  383 |     // Just to make sure there aren't any more timers pending"
/home/gabriel/Disk/Research/research-javascript-test-smells/repositories/bootstrap-vue-dev/src/components/alert/alert.spec.js,Duplicate Assert,"{'line': 380, 'column': 4, 'index': 11202}","  378 |     await waitNT(wrapper.vm)
  379 |
> 380 |     expect(wrapper.emitted('dismiss-count-down').length).toBe(6)
      |    ^ Duplicate Assert
  381 |     expect(wrapper.emitted('dismiss-count-down')[5][0]).toBe(0) // 3 - 3
  382 |
  383 |     // Just to make sure there aren't any more timers pending"
/home/gabriel/Disk/Research/research-javascript-test-smells/repositories/bootstrap-vue-dev/src/components/alert/alert.spec.js,Duplicate Assert,"{'line': 387, 'column': 4, 'index': 11457}","  385 |     await waitNT(wrapper.vm)
  386 |
> 387 |     expect(wrapper.emitted('dismiss-count-down').length).toBe(6)
      |    ^ Duplicate Assert
  388 |
  389 |     await waitNT(wrapper.vm)
  390 |     await waitRAF()"
/home/gabriel/Disk/Research/research-javascript-test-smells/repositories/bootstrap-vue-dev/src/components/alert/alert.spec.js,Duplicate Assert,"{'line': 387, 'column': 4, 'index': 11457}","  385 |     await waitNT(wrapper.vm)
  386 |
> 387 |     expect(wrapper.emitted('dismiss-count-down').length).toBe(6)
      |    ^ Duplicate Assert
  388 |
  389 |     await waitNT(wrapper.vm)
  390 |     await waitRAF()"
/home/gabriel/Disk/Research/research-javascript-test-smells/repositories/bootstrap-vue-dev/src/components/alert/alert.spec.js,Duplicate Assert,"{'line': 391, 'column': 4, 'index': 11572}","  389 |     await waitNT(wrapper.vm)
  390 |     await waitRAF()
> 391 |     expect(wrapper.emitted('dismissed')).toBeDefined()
      |    ^ Duplicate Assert
  392 |     expect(wrapper.emitted('dismissed').length).toBe(1)
  393 |     expect(wrapper.element.nodeType).toBe(Node.COMMENT_NODE)
  394 |"
/home/gabriel/Disk/Research/research-javascript-test-smells/repositories/bootstrap-vue-dev/src/components/alert/alert.spec.js,Duplicate Assert,"{'line': 412, 'column': 4, 'index': 12096}","  410 |     await waitNT(wrapper.vm)
  411 |
> 412 |     expect(wrapper.emitted('dismissed')).toBeUndefined()
      |    ^ Duplicate Assert
  413 |     expect(wrapper.emitted('dismiss-count-down')).toBeDefined()
  414 |     expect(wrapper.emitted('dismiss-count-down').length).toBe(1)
  415 |     expect(wrapper.emitted('dismiss-count-down')[0][0]).toBe(2) // 2 - 0"
/home/gabriel/Disk/Research/research-javascript-test-smells/repositories/bootstrap-vue-dev/src/components/alert/alert.spec.js,Duplicate Assert,"{'line': 414, 'column': 4, 'index': 12217}","  412 |     expect(wrapper.emitted('dismissed')).toBeUndefined()
  413 |     expect(wrapper.emitted('dismiss-count-down')).toBeDefined()
> 414 |     expect(wrapper.emitted('dismiss-count-down').length).toBe(1)
      |    ^ Duplicate Assert
  415 |     expect(wrapper.emitted('dismiss-count-down')[0][0]).toBe(2) // 2 - 0
  416 |
  417 |     jest.runTimersToTime(1000)"
/home/gabriel/Disk/Research/research-javascript-test-smells/repositories/bootstrap-vue-dev/src/components/alert/alert.spec.js,Duplicate Assert,"{'line': 420, 'column': 4, 'index': 12417}","  418 |     await waitNT(wrapper.vm)
  419 |
> 420 |     expect(wrapper.emitted('dismiss-count-down').length).toBe(2)
      |    ^ Duplicate Assert
  421 |     expect(wrapper.emitted('dismiss-count-down')[1][0]).toBe(1) // 2 - 1
  422 |
  423 |     await wrapper.find('button').trigger('click')"
/home/gabriel/Disk/Research/research-javascript-test-smells/repositories/bootstrap-vue-dev/src/components/alert/alert.spec.js,Duplicate Assert,"{'line': 425, 'column': 4, 'index': 12626}","  423 |     await wrapper.find('button').trigger('click')
  424 |     await waitRAF()
> 425 |     expect(wrapper.emitted('dismiss-count-down').length).toBe(3)
      |    ^ Duplicate Assert
  426 |     expect(wrapper.emitted('dismiss-count-down')[2][0]).toBe(0)
  427 |
  428 |     // Should not emit any new countdown values"
/home/gabriel/Disk/Research/research-javascript-test-smells/repositories/bootstrap-vue-dev/src/components/alert/alert.spec.js,Duplicate Assert,"{'line': 425, 'column': 4, 'index': 12626}","  423 |     await wrapper.find('button').trigger('click')
  424 |     await waitRAF()
> 425 |     expect(wrapper.emitted('dismiss-count-down').length).toBe(3)
      |    ^ Duplicate Assert
  426 |     expect(wrapper.emitted('dismiss-count-down')[2][0]).toBe(0)
  427 |
  428 |     // Should not emit any new countdown values"
/home/gabriel/Disk/Research/research-javascript-test-smells/repositories/bootstrap-vue-dev/src/components/alert/alert.spec.js,Duplicate Assert,"{'line': 432, 'column': 4, 'index': 12858}","  430 |     await waitNT(wrapper.vm)
  431 |
> 432 |     expect(wrapper.emitted('dismiss-count-down').length).toBe(3)
      |    ^ Duplicate Assert
  433 |
  434 |     await waitNT(wrapper.vm)
  435 |     await waitRAF()"
/home/gabriel/Disk/Research/research-javascript-test-smells/repositories/bootstrap-vue-dev/src/components/alert/alert.spec.js,Duplicate Assert,"{'line': 432, 'column': 4, 'index': 12858}","  430 |     await waitNT(wrapper.vm)
  431 |
> 432 |     expect(wrapper.emitted('dismiss-count-down').length).toBe(3)
      |    ^ Duplicate Assert
  433 |
  434 |     await waitNT(wrapper.vm)
  435 |     await waitRAF()"
/home/gabriel/Disk/Research/research-javascript-test-smells/repositories/bootstrap-vue-dev/src/components/alert/alert.spec.js,Duplicate Assert,"{'line': 436, 'column': 4, 'index': 12973}","  434 |     await waitNT(wrapper.vm)
  435 |     await waitRAF()
> 436 |     expect(wrapper.emitted('dismissed')).toBeDefined()
      |    ^ Duplicate Assert
  437 |     expect(wrapper.emitted('dismissed').length).toBe(1)
  438 |     expect(wrapper.element.nodeType).toBe(Node.COMMENT_NODE)
  439 |"
/home/gabriel/Disk/Research/research-javascript-test-smells/repositories/bootstrap-vue-dev/src/components/alert/alert.spec.js,Magic Number,"{'line': 206, 'column': 53, 'index': 5904}","  204 |     expect(wrapper.element.nodeType).toBe(Node.COMMENT_NODE)
  205 |     expect(wrapper.emitted('dismissed')).toBeDefined()
> 206 |     expect(wrapper.emitted('dismissed').length).toBe(1)
      |                                                     ^ Magic Number
  207 |     expect(wrapper.emitted('input')).toBeDefined()
  208 |     expect(wrapper.emitted('input').length).toBe(1)
  209 |     expect(wrapper.emitted('input')[0][0]).toBe(false)"
/home/gabriel/Disk/Research/research-javascript-test-smells/repositories/bootstrap-vue-dev/src/components/alert/alert.spec.js,Magic Number,"{'line': 208, 'column': 49, 'index': 6007}","  206 |     expect(wrapper.emitted('dismissed').length).toBe(1)
  207 |     expect(wrapper.emitted('input')).toBeDefined()
> 208 |     expect(wrapper.emitted('input').length).toBe(1)
      |                                                 ^ Magic Number
  209 |     expect(wrapper.emitted('input')[0][0]).toBe(false)
  210 |
  211 |     wrapper.destroy()"
/home/gabriel/Disk/Research/research-javascript-test-smells/repositories/bootstrap-vue-dev/src/components/alert/alert.spec.js,Magic Number,"{'line': 261, 'column': 62, 'index': 7418}","  259 |     expect(wrapper.emitted('dismissed')).toBeUndefined()
  260 |     expect(wrapper.emitted('dismiss-count-down')).toBeDefined()
> 261 |     expect(wrapper.emitted('dismiss-count-down').length).toBe(1)
      |                                                              ^ Magic Number
  262 |     expect(wrapper.emitted('dismiss-count-down')[0][0]).toBe(3) // 3 - 0
  263 |
  264 |     jest.runTimersToTime(1000)"
/home/gabriel/Disk/Research/research-javascript-test-smells/repositories/bootstrap-vue-dev/src/components/alert/alert.spec.js,Magic Number,"{'line': 262, 'column': 61, 'index': 7482}","  260 |     expect(wrapper.emitted('dismiss-count-down')).toBeDefined()
  261 |     expect(wrapper.emitted('dismiss-count-down').length).toBe(1)
> 262 |     expect(wrapper.emitted('dismiss-count-down')[0][0]).toBe(3) // 3 - 0
      |                                                             ^ Magic Number
  263 |
  264 |     jest.runTimersToTime(1000)
  265 |     await waitNT(wrapper.vm)"
/home/gabriel/Disk/Research/research-javascript-test-smells/repositories/bootstrap-vue-dev/src/components/alert/alert.spec.js,Magic Number,"{'line': 267, 'column': 62, 'index': 7618}","  265 |     await waitNT(wrapper.vm)
  266 |
> 267 |     expect(wrapper.emitted('dismiss-count-down').length).toBe(2)
      |                                                              ^ Magic Number
  268 |     expect(wrapper.emitted('dismiss-count-down')[1][0]).toBe(2) // 3 - 1
  269 |
  270 |     jest.runTimersToTime(1000)"
/home/gabriel/Disk/Research/research-javascript-test-smells/repositories/bootstrap-vue-dev/src/components/alert/alert.spec.js,Magic Number,"{'line': 268, 'column': 61, 'index': 7682}","  266 |
  267 |     expect(wrapper.emitted('dismiss-count-down').length).toBe(2)
> 268 |     expect(wrapper.emitted('dismiss-count-down')[1][0]).toBe(2) // 3 - 1
      |                                                             ^ Magic Number
  269 |
  270 |     jest.runTimersToTime(1000)
  271 |     await waitNT(wrapper.vm)"
/home/gabriel/Disk/Research/research-javascript-test-smells/repositories/bootstrap-vue-dev/src/components/alert/alert.spec.js,Magic Number,"{'line': 273, 'column': 62, 'index': 7818}","  271 |     await waitNT(wrapper.vm)
  272 |
> 273 |     expect(wrapper.emitted('dismiss-count-down').length).toBe(3)
      |                                                              ^ Magic Number
  274 |     expect(wrapper.emitted('dismiss-count-down')[2][0]).toBe(1) // 3 - 2
  275 |
  276 |     jest.runTimersToTime(1000)"
/home/gabriel/Disk/Research/research-javascript-test-smells/repositories/bootstrap-vue-dev/src/components/alert/alert.spec.js,Magic Number,"{'line': 274, 'column': 61, 'index': 7882}","  272 |
  273 |     expect(wrapper.emitted('dismiss-count-down').length).toBe(3)
> 274 |     expect(wrapper.emitted('dismiss-count-down')[2][0]).toBe(1) // 3 - 2
      |                                                             ^ Magic Number
  275 |
  276 |     jest.runTimersToTime(1000)
  277 |     await waitNT(wrapper.vm)"
/home/gabriel/Disk/Research/research-javascript-test-smells/repositories/bootstrap-vue-dev/src/components/alert/alert.spec.js,Magic Number,"{'line': 279, 'column': 62, 'index': 8018}","  277 |     await waitNT(wrapper.vm)
  278 |
> 279 |     expect(wrapper.emitted('dismiss-count-down').length).toBe(4)
      |                                                              ^ Magic Number
  280 |     expect(wrapper.emitted('dismiss-count-down')[3][0]).toBe(0) // 3 - 3
  281 |
  282 |     await waitNT(wrapper.vm)"
/home/gabriel/Disk/Research/research-javascript-test-smells/repositories/bootstrap-vue-dev/src/components/alert/alert.spec.js,Magic Number,"{'line': 280, 'column': 61, 'index': 8082}","  278 |
  279 |     expect(wrapper.emitted('dismiss-count-down').length).toBe(4)
> 280 |     expect(wrapper.emitted('dismiss-count-down')[3][0]).toBe(0) // 3 - 3
      |                                                             ^ Magic Number
  281 |
  282 |     await waitNT(wrapper.vm)
  283 |     await waitRAF()"
/home/gabriel/Disk/Research/research-javascript-test-smells/repositories/bootstrap-vue-dev/src/components/alert/alert.spec.js,Magic Number,"{'line': 285, 'column': 53, 'index': 8252}","  283 |     await waitRAF()
  284 |     expect(wrapper.emitted('dismissed')).toBeDefined()
> 285 |     expect(wrapper.emitted('dismissed').length).toBe(1)
      |                                                     ^ Magic Number
  286 |     expect(wrapper.element.nodeType).toBe(Node.COMMENT_NODE)
  287 |
  288 |     wrapper.destroy()"
/home/gabriel/Disk/Research/research-javascript-test-smells/repositories/bootstrap-vue-dev/src/components/alert/alert.spec.js,Magic Number,"{'line': 306, 'column': 62, 'index': 8852}","  304 |     expect(wrapper.emitted('dismissed')).toBeUndefined()
  305 |     expect(wrapper.emitted('dismiss-count-down')).toBeDefined()
> 306 |     expect(wrapper.emitted('dismiss-count-down').length).toBe(1)
      |                                                              ^ Magic Number
  307 |     expect(wrapper.emitted('dismiss-count-down')[0][0]).toBe(3) // 3 - 0
  308 |
  309 |     jest.runTimersToTime(1000)"
/home/gabriel/Disk/Research/research-javascript-test-smells/repositories/bootstrap-vue-dev/src/components/alert/alert.spec.js,Magic Number,"{'line': 307, 'column': 61, 'index': 8916}","  305 |     expect(wrapper.emitted('dismiss-count-down')).toBeDefined()
  306 |     expect(wrapper.emitted('dismiss-count-down').length).toBe(1)
> 307 |     expect(wrapper.emitted('dismiss-count-down')[0][0]).toBe(3) // 3 - 0
      |                                                             ^ Magic Number
  308 |
  309 |     jest.runTimersToTime(1000)
  310 |     await waitNT(wrapper.vm)"
/home/gabriel/Disk/Research/research-javascript-test-smells/repositories/bootstrap-vue-dev/src/components/alert/alert.spec.js,Magic Number,"{'line': 312, 'column': 62, 'index': 9052}","  310 |     await waitNT(wrapper.vm)
  311 |
> 312 |     expect(wrapper.emitted('dismiss-count-down').length).toBe(2)
      |                                                              ^ Magic Number
  313 |     expect(wrapper.emitted('dismiss-count-down')[1][0]).toBe(2) // 3 - 1
  314 |
  315 |     jest.runTimersToTime(1000)"
/home/gabriel/Disk/Research/research-javascript-test-smells/repositories/bootstrap-vue-dev/src/components/alert/alert.spec.js,Magic Number,"{'line': 313, 'column': 61, 'index': 9116}","  311 |
  312 |     expect(wrapper.emitted('dismiss-count-down').length).toBe(2)
> 313 |     expect(wrapper.emitted('dismiss-count-down')[1][0]).toBe(2) // 3 - 1
      |                                                             ^ Magic Number
  314 |
  315 |     jest.runTimersToTime(1000)
  316 |     await waitNT(wrapper.vm)"
/home/gabriel/Disk/Research/research-javascript-test-smells/repositories/bootstrap-vue-dev/src/components/alert/alert.spec.js,Magic Number,"{'line': 318, 'column': 62, 'index': 9252}","  316 |     await waitNT(wrapper.vm)
  317 |
> 318 |     expect(wrapper.emitted('dismiss-count-down').length).toBe(3)
      |                                                              ^ Magic Number
  319 |     expect(wrapper.emitted('dismiss-count-down')[2][0]).toBe(1) // 3 - 2
  320 |
  321 |     jest.runTimersToTime(1000)"
/home/gabriel/Disk/Research/research-javascript-test-smells/repositories/bootstrap-vue-dev/src/components/alert/alert.spec.js,Magic Number,"{'line': 319, 'column': 61, 'index': 9316}","  317 |
  318 |     expect(wrapper.emitted('dismiss-count-down').length).toBe(3)
> 319 |     expect(wrapper.emitted('dismiss-count-down')[2][0]).toBe(1) // 3 - 2
      |                                                             ^ Magic Number
  320 |
  321 |     jest.runTimersToTime(1000)
  322 |     await waitNT(wrapper.vm)"
/home/gabriel/Disk/Research/research-javascript-test-smells/repositories/bootstrap-vue-dev/src/components/alert/alert.spec.js,Magic Number,"{'line': 324, 'column': 62, 'index': 9452}","  322 |     await waitNT(wrapper.vm)
  323 |
> 324 |     expect(wrapper.emitted('dismiss-count-down').length).toBe(4)
      |                                                              ^ Magic Number
  325 |     expect(wrapper.emitted('dismiss-count-down')[3][0]).toBe(0) // 3 - 3
  326 |
  327 |     await waitNT(wrapper.vm)"
/home/gabriel/Disk/Research/research-javascript-test-smells/repositories/bootstrap-vue-dev/src/components/alert/alert.spec.js,Magic Number,"{'line': 325, 'column': 61, 'index': 9516}","  323 |
  324 |     expect(wrapper.emitted('dismiss-count-down').length).toBe(4)
> 325 |     expect(wrapper.emitted('dismiss-count-down')[3][0]).toBe(0) // 3 - 3
      |                                                             ^ Magic Number
  326 |
  327 |     await waitNT(wrapper.vm)
  328 |     await waitRAF()"
/home/gabriel/Disk/Research/research-javascript-test-smells/repositories/bootstrap-vue-dev/src/components/alert/alert.spec.js,Magic Number,"{'line': 330, 'column': 53, 'index': 9686}","  328 |     await waitRAF()
  329 |     expect(wrapper.emitted('dismissed')).toBeDefined()
> 330 |     expect(wrapper.emitted('dismissed').length).toBe(1)
      |                                                     ^ Magic Number
  331 |     expect(wrapper.element.nodeType).toBe(Node.COMMENT_NODE)
  332 |
  333 |     wrapper.destroy()"
/home/gabriel/Disk/Research/research-javascript-test-smells/repositories/bootstrap-vue-dev/src/components/alert/alert.spec.js,Magic Number,"{'line': 351, 'column': 62, 'index': 10258}","  349 |     expect(wrapper.emitted('dismissed')).toBeUndefined()
  350 |     expect(wrapper.emitted('dismiss-count-down')).toBeDefined()
> 351 |     expect(wrapper.emitted('dismiss-count-down').length).toBe(1)
      |                                                              ^ Magic Number
  352 |     expect(wrapper.emitted('dismiss-count-down')[0][0]).toBe(2) // 2 - 0
  353 |
  354 |     jest.runTimersToTime(1000)"
/home/gabriel/Disk/Research/research-javascript-test-smells/repositories/bootstrap-vue-dev/src/components/alert/alert.spec.js,Magic Number,"{'line': 352, 'column': 61, 'index': 10322}","  350 |     expect(wrapper.emitted('dismiss-count-down')).toBeDefined()
  351 |     expect(wrapper.emitted('dismiss-count-down').length).toBe(1)
> 352 |     expect(wrapper.emitted('dismiss-count-down')[0][0]).toBe(2) // 2 - 0
      |                                                             ^ Magic Number
  353 |
  354 |     jest.runTimersToTime(1000)
  355 |     await waitNT(wrapper.vm)"
/home/gabriel/Disk/Research/research-javascript-test-smells/repositories/bootstrap-vue-dev/src/components/alert/alert.spec.js,Magic Number,"{'line': 357, 'column': 62, 'index': 10458}","  355 |     await waitNT(wrapper.vm)
  356 |
> 357 |     expect(wrapper.emitted('dismiss-count-down').length).toBe(2)
      |                                                              ^ Magic Number
  358 |     expect(wrapper.emitted('dismiss-count-down')[1][0]).toBe(1) // 2 - 1
  359 |
  360 |     // Reset countdown"
/home/gabriel/Disk/Research/research-javascript-test-smells/repositories/bootstrap-vue-dev/src/components/alert/alert.spec.js,Magic Number,"{'line': 358, 'column': 61, 'index': 10522}","  356 |
  357 |     expect(wrapper.emitted('dismiss-count-down').length).toBe(2)
> 358 |     expect(wrapper.emitted('dismiss-count-down')[1][0]).toBe(1) // 2 - 1
      |                                                             ^ Magic Number
  359 |
  360 |     // Reset countdown
  361 |     await wrapper.setProps({ show: 3 })"
/home/gabriel/Disk/Research/research-javascript-test-smells/repositories/bootstrap-vue-dev/src/components/alert/alert.spec.js,Magic Number,"{'line': 362, 'column': 62, 'index': 10660}","  360 |     // Reset countdown
  361 |     await wrapper.setProps({ show: 3 })
> 362 |     expect(wrapper.emitted('dismiss-count-down').length).toBe(3)
      |                                                              ^ Magic Number
  363 |     expect(wrapper.emitted('dismiss-count-down')[2][0]).toBe(3) // 3 - 0
  364 |
  365 |     jest.runTimersToTime(1000)"
/home/gabriel/Disk/Research/research-javascript-test-smells/repositories/bootstrap-vue-dev/src/components/alert/alert.spec.js,Magic Number,"{'line': 363, 'column': 61, 'index': 10724}","  361 |     await wrapper.setProps({ show: 3 })
  362 |     expect(wrapper.emitted('dismiss-count-down').length).toBe(3)
> 363 |     expect(wrapper.emitted('dismiss-count-down')[2][0]).toBe(3) // 3 - 0
      |                                                             ^ Magic Number
  364 |
  365 |     jest.runTimersToTime(1000)
  366 |     await waitNT(wrapper.vm)"
/home/gabriel/Disk/Research/research-javascript-test-smells/repositories/bootstrap-vue-dev/src/components/alert/alert.spec.js,Magic Number,"{'line': 368, 'column': 62, 'index': 10860}","  366 |     await waitNT(wrapper.vm)
  367 |
> 368 |     expect(wrapper.emitted('dismiss-count-down').length).toBe(4)
      |                                                              ^ Magic Number
  369 |     expect(wrapper.emitted('dismiss-count-down')[3][0]).toBe(2) // 3 - 1
  370 |
  371 |     jest.runTimersToTime(1000)"
/home/gabriel/Disk/Research/research-javascript-test-smells/repositories/bootstrap-vue-dev/src/components/alert/alert.spec.js,Magic Number,"{'line': 369, 'column': 61, 'index': 10924}","  367 |
  368 |     expect(wrapper.emitted('dismiss-count-down').length).toBe(4)
> 369 |     expect(wrapper.emitted('dismiss-count-down')[3][0]).toBe(2) // 3 - 1
      |                                                             ^ Magic Number
  370 |
  371 |     jest.runTimersToTime(1000)
  372 |     await waitNT(wrapper.vm)"
/home/gabriel/Disk/Research/research-javascript-test-smells/repositories/bootstrap-vue-dev/src/components/alert/alert.spec.js,Magic Number,"{'line': 374, 'column': 62, 'index': 11060}","  372 |     await waitNT(wrapper.vm)
  373 |
> 374 |     expect(wrapper.emitted('dismiss-count-down').length).toBe(5)
      |                                                              ^ Magic Number
  375 |     expect(wrapper.emitted('dismiss-count-down')[4][0]).toBe(1) // 3 - 2
  376 |
  377 |     jest.runTimersToTime(1000)"
/home/gabriel/Disk/Research/research-javascript-test-smells/repositories/bootstrap-vue-dev/src/components/alert/alert.spec.js,Magic Number,"{'line': 375, 'column': 61, 'index': 11124}","  373 |
  374 |     expect(wrapper.emitted('dismiss-count-down').length).toBe(5)
> 375 |     expect(wrapper.emitted('dismiss-count-down')[4][0]).toBe(1) // 3 - 2
      |                                                             ^ Magic Number
  376 |
  377 |     jest.runTimersToTime(1000)
  378 |     await waitNT(wrapper.vm)"
/home/gabriel/Disk/Research/research-javascript-test-smells/repositories/bootstrap-vue-dev/src/components/alert/alert.spec.js,Magic Number,"{'line': 380, 'column': 62, 'index': 11260}","  378 |     await waitNT(wrapper.vm)
  379 |
> 380 |     expect(wrapper.emitted('dismiss-count-down').length).toBe(6)
      |                                                              ^ Magic Number
  381 |     expect(wrapper.emitted('dismiss-count-down')[5][0]).toBe(0) // 3 - 3
  382 |
  383 |     // Just to make sure there aren't any more timers pending"
/home/gabriel/Disk/Research/research-javascript-test-smells/repositories/bootstrap-vue-dev/src/components/alert/alert.spec.js,Magic Number,"{'line': 381, 'column': 61, 'index': 11324}","  379 |
  380 |     expect(wrapper.emitted('dismiss-count-down').length).toBe(6)
> 381 |     expect(wrapper.emitted('dismiss-count-down')[5][0]).toBe(0) // 3 - 3
      |                                                             ^ Magic Number
  382 |
  383 |     // Just to make sure there aren't any more timers pending
  384 |     jest.runAllTimers()"
/home/gabriel/Disk/Research/research-javascript-test-smells/repositories/bootstrap-vue-dev/src/components/alert/alert.spec.js,Magic Number,"{'line': 387, 'column': 62, 'index': 11515}","  385 |     await waitNT(wrapper.vm)
  386 |
> 387 |     expect(wrapper.emitted('dismiss-count-down').length).toBe(6)
      |                                                              ^ Magic Number
  388 |
  389 |     await waitNT(wrapper.vm)
  390 |     await waitRAF()"
/home/gabriel/Disk/Research/research-javascript-test-smells/repositories/bootstrap-vue-dev/src/components/alert/alert.spec.js,Magic Number,"{'line': 392, 'column': 53, 'index': 11676}","  390 |     await waitRAF()
  391 |     expect(wrapper.emitted('dismissed')).toBeDefined()
> 392 |     expect(wrapper.emitted('dismissed').length).toBe(1)
      |                                                     ^ Magic Number
  393 |     expect(wrapper.element.nodeType).toBe(Node.COMMENT_NODE)
  394 |
  395 |     wrapper.destroy()"
/home/gabriel/Disk/Research/research-javascript-test-smells/repositories/bootstrap-vue-dev/src/components/alert/alert.spec.js,Magic Number,"{'line': 414, 'column': 62, 'index': 12275}","  412 |     expect(wrapper.emitted('dismissed')).toBeUndefined()
  413 |     expect(wrapper.emitted('dismiss-count-down')).toBeDefined()
> 414 |     expect(wrapper.emitted('dismiss-count-down').length).toBe(1)
      |                                                              ^ Magic Number
  415 |     expect(wrapper.emitted('dismiss-count-down')[0][0]).toBe(2) // 2 - 0
  416 |
  417 |     jest.runTimersToTime(1000)"
/home/gabriel/Disk/Research/research-javascript-test-smells/repositories/bootstrap-vue-dev/src/components/alert/alert.spec.js,Magic Number,"{'line': 415, 'column': 61, 'index': 12339}","  413 |     expect(wrapper.emitted('dismiss-count-down')).toBeDefined()
  414 |     expect(wrapper.emitted('dismiss-count-down').length).toBe(1)
> 415 |     expect(wrapper.emitted('dismiss-count-down')[0][0]).toBe(2) // 2 - 0
      |                                                             ^ Magic Number
  416 |
  417 |     jest.runTimersToTime(1000)
  418 |     await waitNT(wrapper.vm)"
/home/gabriel/Disk/Research/research-javascript-test-smells/repositories/bootstrap-vue-dev/src/components/alert/alert.spec.js,Magic Number,"{'line': 420, 'column': 62, 'index': 12475}","  418 |     await waitNT(wrapper.vm)
  419 |
> 420 |     expect(wrapper.emitted('dismiss-count-down').length).toBe(2)
      |                                                              ^ Magic Number
  421 |     expect(wrapper.emitted('dismiss-count-down')[1][0]).toBe(1) // 2 - 1
  422 |
  423 |     await wrapper.find('button').trigger('click')"
/home/gabriel/Disk/Research/research-javascript-test-smells/repositories/bootstrap-vue-dev/src/components/alert/alert.spec.js,Magic Number,"{'line': 421, 'column': 61, 'index': 12539}","  419 |
  420 |     expect(wrapper.emitted('dismiss-count-down').length).toBe(2)
> 421 |     expect(wrapper.emitted('dismiss-count-down')[1][0]).toBe(1) // 2 - 1
      |                                                             ^ Magic Number
  422 |
  423 |     await wrapper.find('button').trigger('click')
  424 |     await waitRAF()"
/home/gabriel/Disk/Research/research-javascript-test-smells/repositories/bootstrap-vue-dev/src/components/alert/alert.spec.js,Magic Number,"{'line': 425, 'column': 62, 'index': 12684}","  423 |     await wrapper.find('button').trigger('click')
  424 |     await waitRAF()
> 425 |     expect(wrapper.emitted('dismiss-count-down').length).toBe(3)
      |                                                              ^ Magic Number
  426 |     expect(wrapper.emitted('dismiss-count-down')[2][0]).toBe(0)
  427 |
  428 |     // Should not emit any new countdown values"
/home/gabriel/Disk/Research/research-javascript-test-smells/repositories/bootstrap-vue-dev/src/components/alert/alert.spec.js,Magic Number,"{'line': 426, 'column': 61, 'index': 12748}","  424 |     await waitRAF()
  425 |     expect(wrapper.emitted('dismiss-count-down').length).toBe(3)
> 426 |     expect(wrapper.emitted('dismiss-count-down')[2][0]).toBe(0)
      |                                                             ^ Magic Number
  427 |
  428 |     // Should not emit any new countdown values
  429 |     jest.runAllTimers()"
/home/gabriel/Disk/Research/research-javascript-test-smells/repositories/bootstrap-vue-dev/src/components/alert/alert.spec.js,Magic Number,"{'line': 432, 'column': 62, 'index': 12916}","  430 |     await waitNT(wrapper.vm)
  431 |
> 432 |     expect(wrapper.emitted('dismiss-count-down').length).toBe(3)
      |                                                              ^ Magic Number
  433 |
  434 |     await waitNT(wrapper.vm)
  435 |     await waitRAF()"
/home/gabriel/Disk/Research/research-javascript-test-smells/repositories/bootstrap-vue-dev/src/components/alert/alert.spec.js,Magic Number,"{'line': 437, 'column': 53, 'index': 13077}","  435 |     await waitRAF()
  436 |     expect(wrapper.emitted('dismissed')).toBeDefined()
> 437 |     expect(wrapper.emitted('dismissed').length).toBe(1)
      |                                                     ^ Magic Number
  438 |     expect(wrapper.element.nodeType).toBe(Node.COMMENT_NODE)
  439 |
  440 |     wrapper.destroy()"
