project,version,total_of_test_files,total_smelled_files,test_methods,test_smells,assertionRoulette,conditionalTestLogic,duplicateAssert,eagerTest,emptyTest,exceptionHandling,globalVariable,ignoredTest,lazyTest,magicNumberRule,mysteryGuest,redundantAssertion,redundantPrint,resourceOptimism,sleepyTest,unknownTest,Physical SLOC,Logical SLOC,Cyclomatic,CyclomaticDensity,HalsteadBugs,HalsteadDifficulty,HalsteadEffort,HalsteadLength,HalsteadTime,HalsteadVocabulary,HalsteadVolume,Maintainability
steel,1.0.0,19,19,168,417,0,23,140,0,0,0,93,0,0,137,0,0,0,0,7,17,2789,4402,419,285.59999999999997,36.776,643.22,6781193.322,16685,376732.96100000007,1478,110329.85399999999,2047.437