project,version,total_of_test_files,total_smelled_files,test_methods,test_smells,assertionRoulette,conditionalTestLogic,duplicateAssert,eagerTest,emptyTest,exceptionHandling,globalVariable,ignoredTest,lazyTest,magicNumberRule,mysteryGuest,redundantAssertion,redundantPrint,resourceOptimism,sleepyTest,unknownTest,Physical SLOC,Logical SLOC,Cyclomatic,CyclomaticDensity,HalsteadBugs,HalsteadDifficulty,HalsteadEffort,HalsteadLength,HalsteadTime,HalsteadVocabulary,HalsteadVolume,Maintainability
steel,1.0.0,6,6,208,254,0,100,20,0,0,4,0,1,0,119,0,0,6,0,0,4,6069,6028,707,75.99199999999999,60.945,692.7139999999999,23209846.36,22123,1289435.91,1669,182833.74800000002,580.192